Cost,Sim,Switch_State_Indx,Gen1_on,Gen2_on,Batt1_mode,Batt2_mode,Batt1_power_kW,Batt2_power_kW,Timestamp
0.8060591477019475,2112,25,1,0,0,-1,0.0,0.0,2025-Jan-29-19:14:46.117139
0.8973579620796409,2113,25,1,1,1,0,1.9000000000000001,0.0,2025-Jan-29-19:14:46.191957
1.0735211430969913,2114,25,1,1,0,0,0.0,0.0,2025-Jan-29-19:14:46.237345
0.629780506117975,2115,25,1,0,-1,1,0.0,1.9000000000000001,2025-Jan-29-19:14:46.326170
0.7185205030005031,2116,25,1,0,0,0,0.0,0.0,2025-Jan-29-19:14:46.371992
0.5423573219619376,2117,25,1,0,1,0,1.9000000000000001,0.0,2025-Jan-29-19:14:46.446426
0.8973579620796409,2118,25,1,1,1,0,1.9000000000000001,0.0,2025-Jan-29-19:14:46.524573
0.6298883869405699,2119,25,1,0,1,-1,1.9000000000000001,0.0,2025-Jan-29-19:14:46.632413
0.5423573219619376,2120,25,1,0,1,0,1.9000000000000001,0.0,2025-Jan-29-19:14:46.738310
1.1111128709475113,2121,25,1,1,-1,0,0.0,0.0,2025-Jan-29-19:14:46.800423
1.0735211430969913,2122,25,1,1,0,0,0.0,0.0,2025-Jan-29-19:14:46.847413
0.5423573219619376,2123,25,1,0,1,0,1.9000000000000001,0.0,2025-Jan-29-19:14:46.922640
0.9471794063316156,2124,25,1,1,0,1,0.0,1.9000000000000001,2025-Jan-29-19:14:46.994113
1.0735211430969913,2125,25,1,1,0,0,0.0,0.0,2025-Jan-29-19:14:47.038589
0.9760242519712691,2126,25,1,1,-1,1,0.0,1.9000000000000001,2025-Jan-29-19:14:47.138985
0.5921787662199604,2127,25,1,0,0,1,0.0,1.9000000000000001,2025-Jan-29-19:14:47.211941
0.9471794063316156,2128,25,1,1,0,1,0.0,1.9000000000000001,2025-Jan-29-19:14:47.285042
1.0735211430969913,2129,25,1,1,0,0,0.0,0.0,2025-Jan-29-19:14:47.327879
0.9848890270480929,2130,25,1,1,1,-1,1.9000000000000001,0.0,2025-Jan-29-19:14:47.411085
0.7710208028095181,2131,25,1,1,1,1,1.9000000000000001,1.9000000000000001,2025-Jan-29-19:14:47.507129
0.5423573219619376,2132,25,1,0,1,0,1.9000000000000001,0.0,2025-Jan-29-19:14:47.603282
1.0735211430969913,2133,25,1,1,0,0,0.0,0.0,2025-Jan-29-19:14:47.670977
0.5423573219619376,2134,25,1,0,1,0,1.9000000000000001,0.0,2025-Jan-29-19:14:47.775324
1.0735211430969913,2135,25,1,1,0,0,0.0,0.0,2025-Jan-29-19:14:47.820908
0.7710208028095181,2136,25,1,1,1,1,1.9000000000000001,1.9000000000000001,2025-Jan-29-19:14:47.915035
0.629780506117975,2137,25,1,0,-1,1,0.0,1.9000000000000001,2025-Jan-29-19:14:47.998737
0.7710208028095181,2138,25,1,1,1,1,1.9000000000000001,1.9000000000000001,2025-Jan-29-19:14:48.094327
1.1111128709475113,2139,25,1,1,-1,0,0.0,0.0,2025-Jan-29-19:14:48.153883
0.8060591477019475,2140,25,1,0,0,-1,0.0,0.0,2025-Jan-29-19:14:48.208819
1.1111128709475113,2141,25,1,1,-1,0,0.0,0.0,2025-Jan-29-19:14:48.268090
1.1111128709475113,2142,25,1,1,-1,0,0.0,0.0,2025-Jan-29-19:14:48.323438
0.5921787662199604,2143,25,1,0,0,1,0.0,1.9000000000000001,2025-Jan-29-19:14:48.394354
0.8060591477019475,2144,25,1,0,0,-1,0.0,0.0,2025-Jan-29-19:14:48.450007
0.7185205030005031,2145,25,1,0,0,0,0.0,0.0,2025-Jan-29-19:14:48.493549
0.5423573219619376,2146,25,1,0,1,0,1.9000000000000001,0.0,2025-Jan-29-19:14:48.574479
0.8973579620796409,2147,25,1,1,1,0,1.9000000000000001,0.0,2025-Jan-29-19:14:48.681364
0.8436562666978078,2148,25,1,0,-1,-1,0.0,0.0,2025-Jan-29-19:14:48.785455
0.8060591477019475,2149,25,1,0,0,-1,0.0,0.0,2025-Jan-29-19:14:48.917972
0.7185205030005031,2150,25,1,0,0,0,0.0,0.0,2025-Jan-29-19:14:48.961693
1.1986569067802102,2151,25,1,1,-1,-1,0.0,0.0,2025-Jan-29-19:14:49.032817
0.7710208028095181,2152,25,1,1,1,1,1.9000000000000001,1.9000000000000001,2025-Jan-29-19:14:49.126678
0.7185205030005031,2153,25,1,0,0,0,0.0,0.0,2025-Jan-29-19:14:49.169623
0.7185205030005031,2154,25,1,0,0,0,0.0,0.0,2025-Jan-29-19:14:49.211943
0.629780506117975,2155,25,1,0,-1,1,0.0,1.9000000000000001,2025-Jan-29-19:14:49.294808
0.6298883869405699,2156,25,1,0,1,-1,1.9000000000000001,0.0,2025-Jan-29-19:14:49.378416
0.9471794063316156,2157,25,1,1,0,1,0.0,1.9000000000000001,2025-Jan-29-19:14:49.449676
0.6298883869405699,2158,25,1,0,1,-1,1.9000000000000001,0.0,2025-Jan-29-19:14:49.533014
1.0735211430969913,2159,25,1,1,0,0,0.0,0.0,2025-Jan-29-19:14:49.584022
1.161059787788528,2160,25,1,1,0,-1,0.0,0.0,2025-Jan-29-19:14:49.663318
1.1111128709475113,2161,25,1,1,-1,0,0.0,0.0,2025-Jan-29-19:14:49.754554
0.9760242519712691,2162,25,1,1,-1,1,0.0,1.9000000000000001,2025-Jan-29-19:14:49.841781
1.0735211430969913,2163,25,1,1,0,0,0.0,0.0,2025-Jan-29-19:14:49.886966
0.8973579620796409,2164,25,1,1,1,0,1.9000000000000001,0.0,2025-Jan-29-19:14:49.959001
1.0735211430969913,2165,25,1,1,0,0,0.0,0.0,2025-Jan-29-19:14:50.002376
0.8060591477019475,2166,25,1,0,0,-1,0.0,0.0,2025-Jan-29-19:14:50.058274
0.5423573219619376,2167,25,1,0,1,0,1.9000000000000001,0.0,2025-Jan-29-19:14:50.130019
0.7561122308552579,2168,25,1,0,-1,0,0.0,0.0,2025-Jan-29-19:14:50.188292
0.7561122308552579,2169,25,1,0,-1,0,0.0,0.0,2025-Jan-29-19:14:50.243752
1.1111128709475113,2170,25,1,1,-1,0,0.0,0.0,2025-Jan-29-19:14:50.299076
0.7185205030005031,2171,25,1,0,0,0,0.0,0.0,2025-Jan-29-19:14:50.341948
0.7185205030005031,2172,25,1,0,0,0,0.0,0.0,2025-Jan-29-19:14:50.385530
1.0735211430969913,2173,25,1,1,0,0,0.0,0.0,2025-Jan-29-19:14:50.428813
1.0735211430969913,2174,25,1,1,0,0,0.0,0.0,2025-Jan-29-19:14:50.472540
1.1111128709475113,2175,25,1,1,-1,0,0.0,0.0,2025-Jan-29-19:14:50.527437
1.1986569067802102,2176,25,1,1,-1,-1,0.0,0.0,2025-Jan-29-19:14:50.612736
0.8060591477019475,2177,25,1,0,0,-1,0.0,0.0,2025-Jan-29-19:14:50.706974
1.0735211430969913,2178,25,1,1,0,0,0.0,0.0,2025-Jan-29-19:14:50.779824
1.0735211430969913,2179,25,1,1,0,0,0.0,0.0,2025-Jan-29-19:14:50.824084
0.7185205030005031,2180,25,1,0,0,0,0.0,0.0,2025-Jan-29-19:14:50.866801
0.7185205030005031,2181,25,1,0,0,0,0.0,0.0,2025-Jan-29-19:14:50.911913
0.7185205030005031,2182,25,1,0,0,0,0.0,0.0,2025-Jan-29-19:14:50.958028
0.8436562666978078,2183,25,1,0,-1,-1,0.0,0.0,2025-Jan-29-19:14:51.029365
0.9471794063316156,2184,25,1,1,0,1,0.0,1.9000000000000001,2025-Jan-29-19:14:51.104127
1.0735211430969913,2185,25,1,1,0,0,0.0,0.0,2025-Jan-29-19:14:51.149317
0.9471794063316156,2186,25,1,1,0,1,0.0,1.9000000000000001,2025-Jan-29-19:14:51.223349
0.9471794063316156,2187,25,1,1,0,1,0.0,1.9000000000000001,2025-Jan-29-19:14:51.297454
0.7185205030005031,2188,25,1,0,0,0,0.0,0.0,2025-Jan-29-19:14:51.344055
0.7185205030005031,2189,25,1,0,0,0,0.0,0.0,2025-Jan-29-19:14:51.389599
0.7185205030005031,2190,25,1,0,0,0,0.0,0.0,2025-Jan-29-19:14:51.435096
1.0735211430969913,2191,25,1,1,0,0,0.0,0.0,2025-Jan-29-19:14:51.480847
0.7561122308552579,2192,25,1,0,-1,0,0.0,0.0,2025-Jan-29-19:14:51.538852
1.161059787788528,2193,25,1,1,0,-1,0.0,0.0,2025-Jan-29-19:14:51.631709
0.8973579620796409,2194,25,1,1,1,0,1.9000000000000001,0.0,2025-Jan-29-19:14:51.747754
1.0735211430969913,2195,25,1,1,0,0,0.0,0.0,2025-Jan-29-19:14:51.815206
0.7561122308552579,2196,25,1,0,-1,0,0.0,0.0,2025-Jan-29-19:14:51.876340
0.7185205030005031,2197,25,1,0,0,0,0.0,0.0,2025-Jan-29-19:14:51.922876
0.9760242519712691,2198,25,1,1,-1,1,0.0,1.9000000000000001,2025-Jan-29-19:14:52.009400
0.629780506117975,2199,25,1,0,-1,1,0.0,1.9000000000000001,2025-Jan-29-19:14:52.218004
0.7185205030005031,2200,25,1,0,0,0,0.0,0.0,2025-Jan-29-19:14:52.265177
0.7185205030005031,2201,25,1,0,0,0,0.0,0.0,2025-Jan-29-19:14:52.310751
0.7185205030005031,2202,25,1,0,0,0,0.0,0.0,2025-Jan-29-19:14:52.355984
0.7185205030005031,2203,25,1,0,0,0,0.0,0.0,2025-Jan-29-19:14:52.400916
1.1111128709475113,2204,25,1,1,-1,0,0.0,0.0,2025-Jan-29-19:14:52.459489
1.0735211430969913,2205,25,1,1,0,0,0.0,0.0,2025-Jan-29-19:14:52.508305
1.0735211430969913,2206,25,1,1,0,0,0.0,0.0,2025-Jan-29-19:14:52.567374
0.8060591477019475,2207,25,1,0,0,-1,0.0,0.0,2025-Jan-29-19:14:52.666528
1.1111128709475113,2208,25,1,1,-1,0,0.0,0.0,2025-Jan-29-19:14:52.779425
0.7561122308552579,2209,25,1,0,-1,0,0.0,0.0,2025-Jan-29-19:14:52.849657
0.7561122308552579,2210,25,1,0,-1,0,0.0,0.0,2025-Jan-29-19:14:52.908310
0.7185205030005031,2211,25,1,0,0,0,0.0,0.0,2025-Jan-29-19:14:52.952490
0.7185205030005031,2212,25,1,0,0,0,0.0,0.0,2025-Jan-29-19:14:52.997811
0.7185205030005031,2213,25,1,0,0,0,0.0,0.0,2025-Jan-29-19:14:53.045709
0.4160201626761834,2214,25,1,0,1,1,1.9000000000000001,1.9000000000000001,2025-Jan-29-19:14:53.143677
0.7185205030005031,2215,25,1,0,0,0,0.0,0.0,2025-Jan-29-19:14:53.188741
1.0735211430969913,2216,25,1,1,0,0,0.0,0.0,2025-Jan-29-19:14:53.234506
0.7185205030005031,2217,25,1,0,0,0,0.0,0.0,2025-Jan-29-19:14:53.279929
0.8060591477019475,2218,25,1,0,0,-1,0.0,0.0,2025-Jan-29-19:14:53.338392
0.8060591477019475,2219,25,1,0,0,-1,0.0,0.0,2025-Jan-29-19:14:53.396630
0.7561122308552579,2220,25,1,0,-1,0,0.0,0.0,2025-Jan-29-19:14:53.455096
1.0735211430969913,2221,25,1,1,0,0,0.0,0.0,2025-Jan-29-19:14:53.500891
0.7561122308552579,2222,25,1,0,-1,0,0.0,0.0,2025-Jan-29-19:14:53.574401
1.0735211430969913,2223,25,1,1,0,0,0.0,0.0,2025-Jan-29-19:14:53.662573
0.8436562666978078,2224,25,1,0,-1,-1,0.0,0.0,2025-Jan-29-19:14:53.792447
0.5423573219619376,2225,25,1,0,1,0,1.9000000000000001,0.0,2025-Jan-29-19:14:53.870990
0.8060591477019475,2226,25,1,0,0,-1,0.0,0.0,2025-Jan-29-19:14:53.931511
0.8436562666978078,2227,25,1,0,-1,-1,0.0,0.0,2025-Jan-29-19:14:54.002243
0.7185205030005031,2228,25,1,0,0,0,0.0,0.0,2025-Jan-29-19:14:54.047790
0.8060591477019475,2229,25,1,0,0,-1,0.0,0.0,2025-Jan-29-19:14:54.106327
1.0735211430969913,2230,25,1,1,0,0,0.0,0.0,2025-Jan-29-19:14:54.151751
0.7185205030005031,2231,25,1,0,0,0,0.0,0.0,2025-Jan-29-19:14:54.196689
0.7185205030005031,2232,25,1,0,0,0,0.0,0.0,2025-Jan-29-19:14:54.242075
0.7561122308552579,2233,25,1,0,-1,0,0.0,0.0,2025-Jan-29-19:14:54.298601
1.0735211430969913,2234,25,1,1,0,0,0.0,0.0,2025-Jan-29-19:14:54.342278
0.7561122308552579,2235,25,1,0,-1,0,0.0,0.0,2025-Jan-29-19:14:54.398087
0.7185205030005031,2236,25,1,0,0,0,0.0,0.0,2025-Jan-29-19:14:54.441343
0.7185205030005031,2237,25,1,0,0,0,0.0,0.0,2025-Jan-29-19:14:54.485154
0.7185205030005031,2238,25,1,0,0,0,0.0,0.0,2025-Jan-29-19:14:54.530609
0.7185205030005031,2239,25,1,0,0,0,0.0,0.0,2025-Jan-29-19:14:54.583401
0.7185205030005031,2240,25,1,0,0,0,0.0,0.0,2025-Jan-29-19:14:54.659839
0.9471794063316156,2241,25,1,1,0,1,0.0,1.9000000000000001,2025-Jan-29-19:14:54.759332
0.7185205030005031,2242,25,1,0,0,0,0.0,0.0,2025-Jan-29-19:14:54.805180
0.7185205030005031,2243,25,1,0,0,0,0.0,0.0,2025-Jan-29-19:14:54.848889
1.161059787788528,2244,25,1,1,0,-1,0.0,0.0,2025-Jan-29-19:14:54.903920
0.7185205030005031,2245,25,1,0,0,0,0.0,0.0,2025-Jan-29-19:14:55.025140
0.7185205030005031,2246,25,1,0,0,0,0.0,0.0,2025-Jan-29-19:14:55.069329
0.7185205030005031,2247,25,1,0,0,0,0.0,0.0,2025-Jan-29-19:14:55.112636
0.5423573219619376,2248,25,1,0,1,0,1.9000000000000001,0.0,2025-Jan-29-19:14:55.183979
0.7185205030005031,2249,25,1,0,0,0,0.0,0.0,2025-Jan-29-19:14:55.227185
0.7185205030005031,2250,25,1,0,0,0,0.0,0.0,2025-Jan-29-19:14:55.270127
0.7185205030005031,2251,25,1,0,0,0,0.0,0.0,2025-Jan-29-19:14:55.313027
0.7185205030005031,2252,25,1,0,0,0,0.0,0.0,2025-Jan-29-19:14:55.355752
0.7185205030005031,2253,25,1,0,0,0,0.0,0.0,2025-Jan-29-19:14:55.398436
0.8060591477019475,2254,25,1,0,0,-1,0.0,0.0,2025-Jan-29-19:14:55.454545
0.9471794063316156,2255,25,1,1,0,1,0.0,1.9000000000000001,2025-Jan-29-19:14:55.525989
1.0735211430969913,2256,25,1,1,0,0,0.0,0.0,2025-Jan-29-19:14:55.586627
0.7185205030005031,2257,25,1,0,0,0,0.0,0.0,2025-Jan-29-19:14:55.654291
0.7185205030005031,2258,25,1,0,0,0,0.0,0.0,2025-Jan-29-19:14:55.725474
0.5921787662199604,2259,25,1,0,0,1,0.0,1.9000000000000001,2025-Jan-29-19:14:55.820715
0.7561122308552579,2260,25,1,0,-1,0,0.0,0.0,2025-Jan-29-19:14:55.877864
0.7185205030005031,2261,25,1,0,0,0,0.0,0.0,2025-Jan-29-19:14:55.921809
0.7185205030005031,2262,25,1,0,0,0,0.0,0.0,2025-Jan-29-19:14:55.967080
0.7185205030005031,2263,25,1,0,0,0,0.0,0.0,2025-Jan-29-19:14:56.012150
0.7561122308552579,2264,25,1,0,-1,0,0.0,0.0,2025-Jan-29-19:14:56.068391
0.7185205030005031,2265,25,1,0,0,0,0.0,0.0,2025-Jan-29-19:14:56.111494
0.7561122308552579,2266,25,1,0,-1,0,0.0,0.0,2025-Jan-29-19:14:56.166843
0.7185205030005031,2267,25,1,0,0,0,0.0,0.0,2025-Jan-29-19:14:56.209574
1.161059787788528,2268,25,1,1,0,-1,0.0,0.0,2025-Jan-29-19:14:56.264720
0.7185205030005031,2269,25,1,0,0,0,0.0,0.0,2025-Jan-29-19:14:56.309684
0.7561122308552579,2270,25,1,0,-1,0,0.0,0.0,2025-Jan-29-19:14:56.365256
0.7185205030005031,2271,25,1,0,0,0,0.0,0.0,2025-Jan-29-19:14:56.407977
1.0735211430969913,2272,25,1,1,0,0,0.0,0.0,2025-Jan-29-19:14:56.451233
0.7185205030005031,2273,25,1,0,0,0,0.0,0.0,2025-Jan-29-19:14:56.494589
0.8060591477019475,2274,25,1,0,0,-1,0.0,0.0,2025-Jan-29-19:14:56.567074
0.8060591477019475,2275,25,1,0,0,-1,0.0,0.0,2025-Jan-29-19:14:56.667332
0.4160201626761834,2276,25,1,0,1,1,1.9000000000000001,1.9000000000000001,2025-Jan-29-19:14:56.791372
0.8060591477019475,2277,25,1,0,0,-1,0.0,0.0,2025-Jan-29-19:14:56.848219
0.7185205030005031,2278,25,1,0,0,0,0.0,0.0,2025-Jan-29-19:14:56.893995
0.7185205030005031,2279,25,1,0,0,0,0.0,0.0,2025-Jan-29-19:14:56.937245
0.7561122308552579,2280,25,1,0,-1,0,0.0,0.0,2025-Jan-29-19:14:56.992783
0.7185205030005031,2281,25,1,0,0,0,0.0,0.0,2025-Jan-29-19:14:57.036011
0.7185205030005031,2282,25,1,0,0,0,0.0,0.0,2025-Jan-29-19:14:57.079005
0.7185205030005031,2283,25,1,0,0,0,0.0,0.0,2025-Jan-29-19:14:57.121983
0.7185205030005031,2284,25,1,0,0,0,0.0,0.0,2025-Jan-29-19:14:57.164883
0.7185205030005031,2285,25,1,0,0,0,0.0,0.0,2025-Jan-29-19:14:57.208217
1.0735211430969913,2286,25,1,1,0,0,0.0,0.0,2025-Jan-29-19:14:57.253355
0.5921787662199604,2287,25,1,0,0,1,0.0,1.9000000000000001,2025-Jan-29-19:14:57.324941
