Cost,Sim,Switch_State_Indx,Gen1_on,Gen2_on,Batt1_mode,Batt2_mode,Batt1_power_kW,Batt2_power_kW,Timestamp
0.7185205030005031,2288,25,1,0,0,0,0.0,0.0,2025-Jan-29-19:14:57.369291
0.7185205030005031,2289,25,1,0,0,0,0.0,0.0,2025-Jan-29-19:14:57.413228
0.7185205030005031,2290,25,1,0,0,0,0.0,0.0,2025-Jan-29-19:14:57.532415
0.7185205030005031,2291,25,1,0,0,0,0.0,0.0,2025-Jan-29-19:14:57.588578
0.9471794063316156,2292,25,1,1,0,1,0.0,1.9000000000000001,2025-Jan-29-19:14:57.697558
0.5921787662199604,2293,25,1,0,0,1,0.0,1.9000000000000001,2025-Jan-29-19:14:57.792396
0.8973579620796409,2294,25,1,1,1,0,1.9000000000000001,0.0,2025-Jan-29-19:14:57.866859
0.629780506117975,2295,25,1,0,-1,1,0.0,1.9000000000000001,2025-Jan-29-19:14:57.958832
0.9760242519712691,2296,25,1,1,-1,1,0.0,1.9000000000000001,2025-Jan-29-19:14:58.046640
0.7185205030005031,2297,25,1,0,0,0,0.0,0.0,2025-Jan-29-19:14:58.093944
0.5921787662199604,2298,25,1,0,0,1,0.0,1.9000000000000001,2025-Jan-29-19:14:58.169200
0.7710208028095181,2299,25,1,1,1,1,1.9000000000000001,1.9000000000000001,2025-Jan-29-19:14:58.265033
0.5921787662199604,2300,25,1,0,0,1,0.0,1.9000000000000001,2025-Jan-29-19:14:58.338316
1.0735211430969913,2301,25,1,1,0,0,0.0,0.0,2025-Jan-29-19:14:58.381353
1.161059787788528,2302,25,1,1,0,-1,0.0,0.0,2025-Jan-29-19:14:58.436282
1.0735211430969913,2303,25,1,1,0,0,0.0,0.0,2025-Jan-29-19:14:58.482299
0.5921787662199604,2304,25,1,0,0,1,0.0,1.9000000000000001,2025-Jan-29-19:14:58.573368
1.1986569067802102,2305,25,1,1,-1,-1,0.0,0.0,2025-Jan-29-19:14:58.681886
1.0735211430969913,2306,25,1,1,0,0,0.0,0.0,2025-Jan-29-19:14:58.764073
0.8973579620796409,2307,25,1,1,1,0,1.9000000000000001,0.0,2025-Jan-29-19:14:58.839110
0.629780506117975,2308,25,1,0,-1,1,0.0,1.9000000000000001,2025-Jan-29-19:14:58.923564
1.1111128709475113,2309,25,1,1,-1,0,0.0,0.0,2025-Jan-29-19:14:58.978821
1.1111128709475113,2310,25,1,1,-1,0,0.0,0.0,2025-Jan-29-19:14:59.035641
1.0735211430969913,2311,25,1,1,0,0,0.0,0.0,2025-Jan-29-19:14:59.078935
0.8973579620796409,2312,25,1,1,1,0,1.9000000000000001,0.0,2025-Jan-29-19:14:59.150361
0.6298883869405699,2313,25,1,0,1,-1,1.9000000000000001,0.0,2025-Jan-29-19:14:59.233891
1.0735211430969913,2314,25,1,1,0,0,0.0,0.0,2025-Jan-29-19:14:59.278120
0.7185205030005031,2315,25,1,0,0,0,0.0,0.0,2025-Jan-29-19:14:59.323184
0.6298883869405699,2316,25,1,0,1,-1,1.9000000000000001,0.0,2025-Jan-29-19:14:59.407561
0.5423573219619376,2317,25,1,0,1,0,1.9000000000000001,0.0,2025-Jan-29-19:14:59.479856
0.8973579620796409,2318,25,1,1,1,0,1.9000000000000001,0.0,2025-Jan-29-19:14:59.568035
0.9760242519712691,2319,25,1,1,-1,1,0.0,1.9000000000000001,2025-Jan-29-19:14:59.693543
0.8060591477019475,2320,25,1,0,0,-1,0.0,0.0,2025-Jan-29-19:14:59.777455
0.5423573219619376,2321,25,1,0,1,0,1.9000000000000001,0.0,2025-Jan-29-19:14:59.849379
0.9760242519712691,2322,25,1,1,-1,1,0.0,1.9000000000000001,2025-Jan-29-19:14:59.934184
1.161059787788528,2323,25,1,1,0,-1,0.0,0.0,2025-Jan-29-19:14:59.989604
0.7185205030005031,2324,25,1,0,0,0,0.0,0.0,2025-Jan-29-19:15:00.035553
0.9848890270480929,2325,25,1,1,1,-1,1.9000000000000001,0.0,2025-Jan-29-19:15:00.120371
0.7185205030005031,2326,25,1,0,0,0,0.0,0.0,2025-Jan-29-19:15:00.163593
1.0735211430969913,2327,25,1,1,0,0,0.0,0.0,2025-Jan-29-19:15:00.206571
0.9848890270480929,2328,25,1,1,1,-1,1.9000000000000001,0.0,2025-Jan-29-19:15:00.290046
0.7561122308552579,2329,25,1,0,-1,0,0.0,0.0,2025-Jan-29-19:15:00.345015
0.7561122308552579,2330,25,1,0,-1,0,0.0,0.0,2025-Jan-29-19:15:00.400635
1.161059787788528,2331,25,1,1,0,-1,0.0,0.0,2025-Jan-29-19:15:00.456698
0.7185205030005031,2332,25,1,0,0,0,0.0,0.0,2025-Jan-29-19:15:00.499901
0.9471794063316156,2333,25,1,1,0,1,0.0,1.9000000000000001,2025-Jan-29-19:15:00.584526
0.7561122308552579,2334,25,1,0,-1,0,0.0,0.0,2025-Jan-29-19:15:00.667668
0.8973579620796409,2335,25,1,1,1,0,1.9000000000000001,0.0,2025-Jan-29-19:15:00.779212
0.5921787662199604,2336,25,1,0,0,1,0.0,1.9000000000000001,2025-Jan-29-19:15:00.854293
1.0735211430969913,2337,25,1,1,0,0,0.0,0.0,2025-Jan-29-19:15:00.899438
1.161059787788528,2338,25,1,1,0,-1,0.0,0.0,2025-Jan-29-19:15:00.956816
0.7185205030005031,2339,25,1,0,0,0,0.0,0.0,2025-Jan-29-19:15:01.002237
0.7185205030005031,2340,25,1,0,0,0,0.0,0.0,2025-Jan-29-19:15:01.047365
0.7185205030005031,2341,25,1,0,0,0,0.0,0.0,2025-Jan-29-19:15:01.091969
0.7185205030005031,2342,25,1,0,0,0,0.0,0.0,2025-Jan-29-19:15:01.281939
0.7185205030005031,2343,25,1,0,0,0,0.0,0.0,2025-Jan-29-19:15:01.329246
0.7185205030005031,2344,25,1,0,0,0,0.0,0.0,2025-Jan-29-19:15:01.375500
0.7185205030005031,2345,25,1,0,0,0,0.0,0.0,2025-Jan-29-19:15:01.420640
0.7185205030005031,2346,25,1,0,0,0,0.0,0.0,2025-Jan-29-19:15:01.465782
0.7185205030005031,2347,25,1,0,0,0,0.0,0.0,2025-Jan-29-19:15:01.511547
0.7185205030005031,2348,25,1,0,0,0,0.0,0.0,2025-Jan-29-19:15:01.576010
0.7185205030005031,2349,25,1,0,0,0,0.0,0.0,2025-Jan-29-19:15:01.652878
0.8060591477019475,2350,25,1,0,0,-1,0.0,0.0,2025-Jan-29-19:15:01.763529
0.7185205030005031,2351,25,1,0,0,0,0.0,0.0,2025-Jan-29-19:15:01.828503
0.7185205030005031,2352,25,1,0,0,0,0.0,0.0,2025-Jan-29-19:15:01.874926
0.7185205030005031,2353,25,1,0,0,0,0.0,0.0,2025-Jan-29-19:15:01.919963
0.7185205030005031,2354,25,1,0,0,0,0.0,0.0,2025-Jan-29-19:15:01.965433
0.7185205030005031,2355,25,1,0,0,0,0.0,0.0,2025-Jan-29-19:15:02.010846
0.7185205030005031,2356,25,1,0,0,0,0.0,0.0,2025-Jan-29-19:15:02.055300
0.7185205030005031,2357,25,1,0,0,0,0.0,0.0,2025-Jan-29-19:15:02.103127
0.7185205030005031,2358,25,1,0,0,0,0.0,0.0,2025-Jan-29-19:15:02.150198
0.9471794063316156,2359,25,1,1,0,1,0.0,1.9000000000000001,2025-Jan-29-19:15:02.224909
1.0735211430969913,2360,25,1,1,0,0,0.0,0.0,2025-Jan-29-19:15:02.269670
0.7185205030005031,2361,25,1,0,0,0,0.0,0.0,2025-Jan-29-19:15:02.313933
0.7185205030005031,2362,25,1,0,0,0,0.0,0.0,2025-Jan-29-19:15:02.359135
0.7185205030005031,2363,25,1,0,0,0,0.0,0.0,2025-Jan-29-19:15:02.403933
0.7185205030005031,2364,25,1,0,0,0,0.0,0.0,2025-Jan-29-19:15:02.448289
0.7185205030005031,2365,25,1,0,0,0,0.0,0.0,2025-Jan-29-19:15:02.494015
0.7185205030005031,2366,25,1,0,0,0,0.0,0.0,2025-Jan-29-19:15:02.538730
0.7185205030005031,2367,25,1,0,0,0,0.0,0.0,2025-Jan-29-19:15:02.613388
0.7185205030005031,2368,25,1,0,0,0,0.0,0.0,2025-Jan-29-19:15:02.697207
0.7185205030005031,2369,25,1,0,0,0,0.0,0.0,2025-Jan-29-19:15:02.785766
0.7185205030005031,2370,25,1,0,0,0,0.0,0.0,2025-Jan-29-19:15:02.839868
0.7185205030005031,2371,25,1,0,0,0,0.0,0.0,2025-Jan-29-19:15:02.884986
0.7185205030005031,2372,25,1,0,0,0,0.0,0.0,2025-Jan-29-19:15:02.929481
0.7185205030005031,2373,25,1,0,0,0,0.0,0.0,2025-Jan-29-19:15:02.974529
0.7185205030005031,2374,25,1,0,0,0,0.0,0.0,2025-Jan-29-19:15:03.018870
0.7185205030005031,2375,25,1,0,0,0,0.0,0.0,2025-Jan-29-19:15:03.064405
0.7185205030005031,2376,25,1,0,0,0,0.0,0.0,2025-Jan-29-19:15:03.108539
1.0735211430969913,2377,25,1,1,0,0,0.0,0.0,2025-Jan-29-19:15:03.152200
1.0735211430969913,2378,25,1,1,0,0,0.0,0.0,2025-Jan-29-19:15:03.196882
0.7185205030005031,2379,25,1,0,0,0,0.0,0.0,2025-Jan-29-19:15:03.241663
0.7185205030005031,2380,25,1,0,0,0,0.0,0.0,2025-Jan-29-19:15:03.286493
0.7185205030005031,2381,25,1,0,0,0,0.0,0.0,2025-Jan-29-19:15:03.332174
0.7185205030005031,2382,25,1,0,0,0,0.0,0.0,2025-Jan-29-19:15:03.376094
0.7185205030005031,2383,25,1,0,0,0,0.0,0.0,2025-Jan-29-19:15:03.419041
0.7185205030005031,2384,25,1,0,0,0,0.0,0.0,2025-Jan-29-19:15:03.461802
0.5423573219619376,2385,25,1,0,1,0,1.9000000000000001,0.0,2025-Jan-29-19:15:03.533008
0.7185205030005031,2386,25,1,0,0,0,0.0,0.0,2025-Jan-29-19:15:03.593039
0.7185205030005031,2387,25,1,0,0,0,0.0,0.0,2025-Jan-29-19:15:03.669504
0.7185205030005031,2388,25,1,0,0,0,0.0,0.0,2025-Jan-29-19:15:03.740421
0.7185205030005031,2389,25,1,0,0,0,0.0,0.0,2025-Jan-29-19:15:03.796034
0.7185205030005031,2390,25,1,0,0,0,0.0,0.0,2025-Jan-29-19:15:03.840270
0.7185205030005031,2391,25,1,0,0,0,0.0,0.0,2025-Jan-29-19:15:03.885155
0.7185205030005031,2392,25,1,0,0,0,0.0,0.0,2025-Jan-29-19:15:04.006474
0.7185205030005031,2393,25,1,0,0,0,0.0,0.0,2025-Jan-29-19:15:04.052307
0.7185205030005031,2394,25,1,0,0,0,0.0,0.0,2025-Jan-29-19:15:04.099174
0.7561122308552579,2395,25,1,0,-1,0,0.0,0.0,2025-Jan-29-19:15:04.155175
0.7185205030005031,2396,25,1,0,0,0,0.0,0.0,2025-Jan-29-19:15:04.197985
0.7185205030005031,2397,25,1,0,0,0,0.0,0.0,2025-Jan-29-19:15:04.240837
0.7185205030005031,2398,25,1,0,0,0,0.0,0.0,2025-Jan-29-19:15:04.284853
0.7185205030005031,2399,25,1,0,0,0,0.0,0.0,2025-Jan-29-19:15:04.327572
0.7185205030005031,2400,25,1,0,0,0,0.0,0.0,2025-Jan-29-19:15:04.370200
0.7185205030005031,2401,25,1,0,0,0,0.0,0.0,2025-Jan-29-19:15:04.412561
0.7185205030005031,2402,25,1,0,0,0,0.0,0.0,2025-Jan-29-19:15:04.455568
0.7185205030005031,2403,25,1,0,0,0,0.0,0.0,2025-Jan-29-19:15:04.498553
0.7185205030005031,2404,25,1,0,0,0,0.0,0.0,2025-Jan-29-19:15:04.541070
0.7185205030005031,2405,25,1,0,0,0,0.0,0.0,2025-Jan-29-19:15:04.600826
0.7185205030005031,2406,25,1,0,0,0,0.0,0.0,2025-Jan-29-19:15:04.678467
0.7185205030005031,2407,25,1,0,0,0,0.0,0.0,2025-Jan-29-19:15:04.752880
0.7561122308552579,2408,25,1,0,-1,0,0.0,0.0,2025-Jan-29-19:15:04.817071
0.7185205030005031,2409,25,1,0,0,0,0.0,0.0,2025-Jan-29-19:15:04.859592
1.0735211430969913,2410,25,1,1,0,0,0.0,0.0,2025-Jan-29-19:15:04.902581
0.7185205030005031,2411,25,1,0,0,0,0.0,0.0,2025-Jan-29-19:15:04.947494
0.7185205030005031,2412,25,1,0,0,0,0.0,0.0,2025-Jan-29-19:15:04.990466
0.5423573219619376,2413,25,1,0,1,0,1.9000000000000001,0.0,2025-Jan-29-19:15:05.063535
0.7185205030005031,2414,25,1,0,0,0,0.0,0.0,2025-Jan-29-19:15:05.107637
0.7185205030005031,2415,25,1,0,0,0,0.0,0.0,2025-Jan-29-19:15:05.150256
0.5423573219619376,2416,25,1,0,1,0,1.9000000000000001,0.0,2025-Jan-29-19:15:05.221565
0.5423573219619376,2417,25,1,0,1,0,1.9000000000000001,0.0,2025-Jan-29-19:15:05.294074
0.7185205030005031,2418,25,1,0,0,0,0.0,0.0,2025-Jan-29-19:15:05.337471
0.7185205030005031,2419,25,1,0,0,0,0.0,0.0,2025-Jan-29-19:15:05.380514
0.7185205030005031,2420,25,1,0,0,0,0.0,0.0,2025-Jan-29-19:15:05.423361
0.5423573219619376,2421,25,1,0,1,0,1.9000000000000001,0.0,2025-Jan-29-19:15:05.494368
0.7185205030005031,2422,25,1,0,0,0,0.0,0.0,2025-Jan-29-19:15:05.537207
0.7185205030005031,2423,25,1,0,0,0,0.0,0.0,2025-Jan-29-19:15:05.601322
0.7185205030005031,2424,25,1,0,0,0,0.0,0.0,2025-Jan-29-19:15:05.671371
0.7185205030005031,2425,25,1,0,0,0,0.0,0.0,2025-Jan-29-19:15:05.751516
0.7185205030005031,2426,25,1,0,0,0,0.0,0.0,2025-Jan-29-19:15:05.803969
0.7185205030005031,2427,25,1,0,0,0,0.0,0.0,2025-Jan-29-19:15:05.846453
0.5423573219619376,2428,25,1,0,1,0,1.9000000000000001,0.0,2025-Jan-29-19:15:05.919840
0.7185205030005031,2429,25,1,0,0,0,0.0,0.0,2025-Jan-29-19:15:05.962379
0.7185205030005031,2430,25,1,0,0,0,0.0,0.0,2025-Jan-29-19:15:06.005173
0.7185205030005031,2431,25,1,0,0,0,0.0,0.0,2025-Jan-29-19:15:06.048958
0.7185205030005031,2432,25,1,0,0,0,0.0,0.0,2025-Jan-29-19:15:06.094055
0.7185205030005031,2433,25,1,0,0,0,0.0,0.0,2025-Jan-29-19:15:06.137098
0.7185205030005031,2434,25,1,0,0,0,0.0,0.0,2025-Jan-29-19:15:06.179793
0.5423573219619376,2435,25,1,0,1,0,1.9000000000000001,0.0,2025-Jan-29-19:15:06.253969
0.7185205030005031,2436,25,1,0,0,0,0.0,0.0,2025-Jan-29-19:15:06.297606
0.7185205030005031,2437,25,1,0,0,0,0.0,0.0,2025-Jan-29-19:15:06.340659
0.7185205030005031,2438,25,1,0,0,0,0.0,0.0,2025-Jan-29-19:15:06.383158
0.7185205030005031,2439,25,1,0,0,0,0.0,0.0,2025-Jan-29-19:15:06.426750
0.7185205030005031,2440,25,1,0,0,0,0.0,0.0,2025-Jan-29-19:15:06.470279
0.7185205030005031,2441,25,1,0,0,0,0.0,0.0,2025-Jan-29-19:15:06.514135
0.7185205030005031,2442,25,1,0,0,0,0.0,0.0,2025-Jan-29-19:15:06.580230
0.7185205030005031,2443,25,1,0,0,0,0.0,0.0,2025-Jan-29-19:15:06.652858
0.7185205030005031,2444,25,1,0,0,0,0.0,0.0,2025-Jan-29-19:15:06.730014
0.7185205030005031,2445,25,1,0,0,0,0.0,0.0,2025-Jan-29-19:15:06.796066
0.7185205030005031,2446,25,1,0,0,0,0.0,0.0,2025-Jan-29-19:15:06.840400
0.7185205030005031,2447,25,1,0,0,0,0.0,0.0,2025-Jan-29-19:15:06.885031
0.7185205030005031,2448,25,1,0,0,0,0.0,0.0,2025-Jan-29-19:15:06.927897
1.0735211430969913,2449,25,1,1,0,0,0.0,0.0,2025-Jan-29-19:15:07.051370
0.7185205030005031,2450,25,1,0,0,0,0.0,0.0,2025-Jan-29-19:15:07.095193
0.7185205030005031,2451,25,1,0,0,0,0.0,0.0,2025-Jan-29-19:15:07.138520
0.7185205030005031,2452,25,1,0,0,0,0.0,0.0,2025-Jan-29-19:15:07.181514
0.7185205030005031,2453,25,1,0,0,0,0.0,0.0,2025-Jan-29-19:15:07.224667
0.7185205030005031,2454,25,1,0,0,0,0.0,0.0,2025-Jan-29-19:15:07.267596
0.7185205030005031,2455,25,1,0,0,0,0.0,0.0,2025-Jan-29-19:15:07.312364
0.7185205030005031,2456,25,1,0,0,0,0.0,0.0,2025-Jan-29-19:15:07.355485
0.7185205030005031,2457,25,1,0,0,0,0.0,0.0,2025-Jan-29-19:15:07.398026
0.7185205030005031,2458,25,1,0,0,0,0.0,0.0,2025-Jan-29-19:15:07.440867
0.7185205030005031,2459,25,1,0,0,0,0.0,0.0,2025-Jan-29-19:15:07.483834
0.7185205030005031,2460,25,1,0,0,0,0.0,0.0,2025-Jan-29-19:15:07.526623
0.7185205030005031,2461,25,1,0,0,0,0.0,0.0,2025-Jan-29-19:15:07.588640
0.7185205030005031,2462,25,1,0,0,0,0.0,0.0,2025-Jan-29-19:15:07.658946
0.9848890270480929,2463,25,1,1,1,-1,1.9000000000000001,0.0,2025-Jan-29-19:15:07.773121
0.7185205030005031,2464,25,1,0,0,0,0.0,0.0,2025-Jan-29-19:15:07.818227
0.7185205030005031,2465,25,1,0,0,0,0.0,0.0,2025-Jan-29-19:15:07.862215
0.7185205030005031,2466,25,1,0,0,0,0.0,0.0,2025-Jan-29-19:15:07.907645
0.7185205030005031,2467,25,1,0,0,0,0.0,0.0,2025-Jan-29-19:15:07.952491
0.7185205030005031,2468,25,1,0,0,0,0.0,0.0,2025-Jan-29-19:15:07.995082
0.7185205030005031,2469,25,1,0,0,0,0.0,0.0,2025-Jan-29-19:15:08.037969
0.7185205030005031,2470,25,1,0,0,0,0.0,0.0,2025-Jan-29-19:15:08.081510
0.7561122308552579,2471,25,1,0,-1,0,0.0,0.0,2025-Jan-29-19:15:08.138323
0.7185205030005031,2472,25,1,0,0,0,0.0,0.0,2025-Jan-29-19:15:08.181285
0.7185205030005031,2473,25,1,0,0,0,0.0,0.0,2025-Jan-29-19:15:08.224406
0.7185205030005031,2474,25,1,0,0,0,0.0,0.0,2025-Jan-29-19:15:08.266564
0.7185205030005031,2475,25,1,0,0,0,0.0,0.0,2025-Jan-29-19:15:08.310372
0.7185205030005031,2476,25,1,0,0,0,0.0,0.0,2025-Jan-29-19:15:08.353093
0.7185205030005031,2477,25,1,0,0,0,0.0,0.0,2025-Jan-29-19:15:08.395329
0.5423573219619376,2478,25,1,0,1,0,1.9000000000000001,0.0,2025-Jan-29-19:15:08.466782
0.7185205030005031,2479,25,1,0,0,0,0.0,0.0,2025-Jan-29-19:15:08.510298
0.7185205030005031,2480,25,1,0,0,0,0.0,0.0,2025-Jan-29-19:15:08.566397
0.7185205030005031,2481,25,1,0,0,0,0.0,0.0,2025-Jan-29-19:15:08.638103
0.7185205030005031,2482,25,1,0,0,0,0.0,0.0,2025-Jan-29-19:15:08.717485
0.7185205030005031,2483,25,1,0,0,0,0.0,0.0,2025-Jan-29-19:15:08.781387
0.7185205030005031,2484,25,1,0,0,0,0.0,0.0,2025-Jan-29-19:15:08.826207
0.7185205030005031,2485,25,1,0,0,0,0.0,0.0,2025-Jan-29-19:15:08.869025
0.7185205030005031,2486,25,1,0,0,0,0.0,0.0,2025-Jan-29-19:15:08.913061
0.7185205030005031,2487,25,1,0,0,0,0.0,0.0,2025-Jan-29-19:15:08.955791
0.7185205030005031,2488,25,1,0,0,0,0.0,0.0,2025-Jan-29-19:15:09.081657
0.7185205030005031,2489,25,1,0,0,0,0.0,0.0,2025-Jan-29-19:15:09.126439
0.7185205030005031,2490,25,1,0,0,0,0.0,0.0,2025-Jan-29-19:15:09.169714
0.7185205030005031,2491,25,1,0,0,0,0.0,0.0,2025-Jan-29-19:15:09.212342
0.7185205030005031,2492,25,1,0,0,0,0.0,0.0,2025-Jan-29-19:15:09.254890
0.5921787662199604,2493,25,1,0,0,1,0.0,1.9000000000000001,2025-Jan-29-19:15:09.326303
0.7185205030005031,2494,25,1,0,0,0,0.0,0.0,2025-Jan-29-19:15:09.369371
0.629780506117975,2495,25,1,0,-1,1,0.0,1.9000000000000001,2025-Jan-29-19:15:09.452770
0.7185205030005031,2496,25,1,0,0,0,0.0,0.0,2025-Jan-29-19:15:09.496285
0.7185205030005031,2497,25,1,0,0,0,0.0,0.0,2025-Jan-29-19:15:09.539033
0.5921787662199604,2498,25,1,0,0,1,0.0,1.9000000000000001,2025-Jan-29-19:15:09.632048
0.7185205030005031,2499,25,1,0,0,0,0.0,0.0,2025-Jan-29-19:15:09.704777
0.5921787662199604,2500,25,1,0,0,1,0.0,1.9000000000000001,2025-Jan-29-19:15:09.802390
0.7185205030005031,2501,25,1,0,0,0,0.0,0.0,2025-Jan-29-19:15:09.845432
0.7185205030005031,2502,25,1,0,0,0,0.0,0.0,2025-Jan-29-19:15:09.888072
1.0735211430969913,2503,25,1,1,0,0,0.0,0.0,2025-Jan-29-19:15:09.938817
0.5921787662199604,2504,25,1,0,0,1,0.0,1.9000000000000001,2025-Jan-29-19:15:10.009027
0.7185205030005031,2505,25,1,0,0,0,0.0,0.0,2025-Jan-29-19:15:10.050780
0.7185205030005031,2506,25,1,0,0,0,0.0,0.0,2025-Jan-29-19:15:10.093341
0.7185205030005031,2507,25,1,0,0,0,0.0,0.0,2025-Jan-29-19:15:10.137961
0.629780506117975,2508,25,1,0,-1,1,0.0,1.9000000000000001,2025-Jan-29-19:15:10.224619
0.7185205030005031,2509,25,1,0,0,0,0.0,0.0,2025-Jan-29-19:15:10.268210
0.7185205030005031,2510,25,1,0,0,0,0.0,0.0,2025-Jan-29-19:15:10.311829
0.7185205030005031,2511,25,1,0,0,0,0.0,0.0,2025-Jan-29-19:15:10.355633
0.7185205030005031,2512,25,1,0,0,0,0.0,0.0,2025-Jan-29-19:15:10.399316
0.5423573219619376,2513,25,1,0,1,0,1.9000000000000001,0.0,2025-Jan-29-19:15:10.472319
0.7185205030005031,2514,25,1,0,0,0,0.0,0.0,2025-Jan-29-19:15:10.516252
0.7185205030005031,2515,25,1,0,0,0,0.0,0.0,2025-Jan-29-19:15:10.582223
0.5423573219619376,2516,25,1,0,1,0,1.9000000000000001,0.0,2025-Jan-29-19:15:10.703594
0.5423573219619376,2517,25,1,0,1,0,1.9000000000000001,0.0,2025-Jan-29-19:15:10.815079
0.7185205030005031,2518,25,1,0,0,0,0.0,0.0,2025-Jan-29-19:15:10.865339
0.7185205030005031,2519,25,1,0,0,0,0.0,0.0,2025-Jan-29-19:15:10.912570
0.7185205030005031,2520,25,1,0,0,0,0.0,0.0,2025-Jan-29-19:15:10.955756
0.5423573219619376,2521,25,1,0,1,0,1.9000000000000001,0.0,2025-Jan-29-19:15:11.027114
0.7185205030005031,2522,25,1,0,0,0,0.0,0.0,2025-Jan-29-19:15:11.069785
1.0735211430969913,2523,25,1,1,0,0,0.0,0.0,2025-Jan-29-19:15:11.112156
0.7185205030005031,2524,25,1,0,0,0,0.0,0.0,2025-Jan-29-19:15:11.154197
0.7185205030005031,2525,25,1,0,0,0,0.0,0.0,2025-Jan-29-19:15:11.196288
0.7185205030005031,2526,25,1,0,0,0,0.0,0.0,2025-Jan-29-19:15:11.239287
0.7185205030005031,2527,25,1,0,0,0,0.0,0.0,2025-Jan-29-19:15:11.362262
0.5423573219619376,2528,25,1,0,1,0,1.9000000000000001,0.0,2025-Jan-29-19:15:11.434329
0.7185205030005031,2529,25,1,0,0,0,0.0,0.0,2025-Jan-29-19:15:11.477972
0.7185205030005031,2530,25,1,0,0,0,0.0,0.0,2025-Jan-29-19:15:11.520845
0.7185205030005031,2531,25,1,0,0,0,0.0,0.0,2025-Jan-29-19:15:11.594430
0.7185205030005031,2532,25,1,0,0,0,0.0,0.0,2025-Jan-29-19:15:11.673697
0.7185205030005031,2533,25,1,0,0,0,0.0,0.0,2025-Jan-29-19:15:11.743114
0.7185205030005031,2534,25,1,0,0,0,0.0,0.0,2025-Jan-29-19:15:11.803526
0.5423573219619376,2535,25,1,0,1,0,1.9000000000000001,0.0,2025-Jan-29-19:15:11.874725
0.5921787662199604,2536,25,1,0,0,1,0.0,1.9000000000000001,2025-Jan-29-19:15:11.947908
0.7185205030005031,2537,25,1,0,0,0,0.0,0.0,2025-Jan-29-19:15:11.992060
0.7185205030005031,2538,25,1,0,0,0,0.0,0.0,2025-Jan-29-19:15:12.034910
0.7185205030005031,2539,25,1,0,0,0,0.0,0.0,2025-Jan-29-19:15:12.078280
0.7185205030005031,2540,25,1,0,0,0,0.0,0.0,2025-Jan-29-19:15:12.121322
0.7185205030005031,2541,25,1,0,0,0,0.0,0.0,2025-Jan-29-19:15:12.163623
0.7185205030005031,2542,25,1,0,0,0,0.0,0.0,2025-Jan-29-19:15:12.206387
0.7185205030005031,2543,25,1,0,0,0,0.0,0.0,2025-Jan-29-19:15:12.248371
0.7185205030005031,2544,25,1,0,0,0,0.0,0.0,2025-Jan-29-19:15:12.290557
0.7185205030005031,2545,25,1,0,0,0,0.0,0.0,2025-Jan-29-19:15:12.334426
0.7185205030005031,2546,25,1,0,0,0,0.0,0.0,2025-Jan-29-19:15:12.377390
0.7185205030005031,2547,25,1,0,0,0,0.0,0.0,2025-Jan-29-19:15:12.419940
0.7185205030005031,2548,25,1,0,0,0,0.0,0.0,2025-Jan-29-19:15:12.464486
0.7185205030005031,2549,25,1,0,0,0,0.0,0.0,2025-Jan-29-19:15:12.507434
0.5921787662199604,2550,25,1,0,0,1,0.0,1.9000000000000001,2025-Jan-29-19:15:12.597921
0.7185205030005031,2551,25,1,0,0,0,0.0,0.0,2025-Jan-29-19:15:12.668842
0.7185205030005031,2552,25,1,0,0,0,0.0,0.0,2025-Jan-29-19:15:12.746693
1.0735211430969913,2553,25,1,1,0,0,0.0,0.0,2025-Jan-29-19:15:12.799427
0.5921787662199604,2554,25,1,0,0,1,0.0,1.9000000000000001,2025-Jan-29-19:15:12.871103
0.8060591477019475,2555,25,1,0,0,-1,0.0,0.0,2025-Jan-29-19:15:12.929509
0.7185205030005031,2556,25,1,0,0,0,0.0,0.0,2025-Jan-29-19:15:12.973022
0.7185205030005031,2557,25,1,0,0,0,0.0,0.0,2025-Jan-29-19:15:13.016621
0.629780506117975,2558,25,1,0,-1,1,0.0,1.9000000000000001,2025-Jan-29-19:15:13.100703
0.7185205030005031,2559,25,1,0,0,0,0.0,0.0,2025-Jan-29-19:15:13.143907
0.7185205030005031,2560,25,1,0,0,0,0.0,0.0,2025-Jan-29-19:15:13.187029
0.7185205030005031,2561,25,1,0,0,0,0.0,0.0,2025-Jan-29-19:15:13.230615
0.7185205030005031,2562,25,1,0,0,0,0.0,0.0,2025-Jan-29-19:15:13.273805
0.5423573219619376,2563,25,1,0,1,0,1.9000000000000001,0.0,2025-Jan-29-19:15:13.345388
0.7185205030005031,2564,25,1,0,0,0,0.0,0.0,2025-Jan-29-19:15:13.388204
0.7185205030005031,2565,25,1,0,0,0,0.0,0.0,2025-Jan-29-19:15:13.431386
0.7185205030005031,2566,25,1,0,0,0,0.0,0.0,2025-Jan-29-19:15:13.474834
0.7185205030005031,2567,25,1,0,0,0,0.0,0.0,2025-Jan-29-19:15:13.519090
0.7185205030005031,2568,25,1,0,0,0,0.0,0.0,2025-Jan-29-19:15:13.586519
0.7185205030005031,2569,25,1,0,0,0,0.0,0.0,2025-Jan-29-19:15:13.659025
0.7185205030005031,2570,25,1,0,0,0,0.0,0.0,2025-Jan-29-19:15:13.731182
0.5423573219619376,2571,25,1,0,1,0,1.9000000000000001,0.0,2025-Jan-29-19:15:13.828167
0.7185205030005031,2572,25,1,0,0,0,0.0,0.0,2025-Jan-29-19:15:13.872774
0.7185205030005031,2573,25,1,0,0,0,0.0,0.0,2025-Jan-29-19:15:13.918200
0.7185205030005031,2574,25,1,0,0,0,0.0,0.0,2025-Jan-29-19:15:13.962590
0.7185205030005031,2575,25,1,0,0,0,0.0,0.0,2025-Jan-29-19:15:14.006060
0.5423573219619376,2576,25,1,0,1,0,1.9000000000000001,0.0,2025-Jan-29-19:15:14.077911
0.7185205030005031,2577,25,1,0,0,0,0.0,0.0,2025-Jan-29-19:15:14.121814
0.7185205030005031,2578,25,1,0,0,0,0.0,0.0,2025-Jan-29-19:15:14.165196
0.7185205030005031,2579,25,1,0,0,0,0.0,0.0,2025-Jan-29-19:15:14.208072
0.7185205030005031,2580,25,1,0,0,0,0.0,0.0,2025-Jan-29-19:15:14.250900
0.7185205030005031,2581,25,1,0,0,0,0.0,0.0,2025-Jan-29-19:15:14.293992
0.7185205030005031,2582,25,1,0,0,0,0.0,0.0,2025-Jan-29-19:15:14.337711
0.7185205030005031,2583,25,1,0,0,0,0.0,0.0,2025-Jan-29-19:15:14.462187
0.7185205030005031,2584,25,1,0,0,0,0.0,0.0,2025-Jan-29-19:15:14.505700
0.7561122308552579,2585,25,1,0,-1,0,0.0,0.0,2025-Jan-29-19:15:14.574706
0.7185205030005031,2586,25,1,0,0,0,0.0,0.0,2025-Jan-29-19:15:14.643185
0.7185205030005031,2587,25,1,0,0,0,0.0,0.0,2025-Jan-29-19:15:14.714839
0.7185205030005031,2588,25,1,0,0,0,0.0,0.0,2025-Jan-29-19:15:14.781469
0.7185205030005031,2589,25,1,0,0,0,0.0,0.0,2025-Jan-29-19:15:14.825713
0.7185205030005031,2590,25,1,0,0,0,0.0,0.0,2025-Jan-29-19:15:14.869480
0.7561122308552579,2591,25,1,0,-1,0,0.0,0.0,2025-Jan-29-19:15:14.927322
0.7185205030005031,2592,25,1,0,0,0,0.0,0.0,2025-Jan-29-19:15:14.971013
0.5921787662199604,2593,25,1,0,0,1,0.0,1.9000000000000001,2025-Jan-29-19:15:15.042692
0.7185205030005031,2594,25,1,0,0,0,0.0,0.0,2025-Jan-29-19:15:15.085940
0.5423573219619376,2595,25,1,0,1,0,1.9000000000000001,0.0,2025-Jan-29-19:15:15.157771
0.5423573219619376,2596,25,1,0,1,0,1.9000000000000001,0.0,2025-Jan-29-19:15:15.229640
0.5423573219619376,2597,25,1,0,1,0,1.9000000000000001,0.0,2025-Jan-29-19:15:15.300759
0.5921787662199604,2598,25,1,0,0,1,0.0,1.9000000000000001,2025-Jan-29-19:15:15.372422
0.7185205030005031,2599,25,1,0,0,0,0.0,0.0,2025-Jan-29-19:15:15.415682
0.5423573219619376,2600,25,1,0,1,0,1.9000000000000001,0.0,2025-Jan-29-19:15:15.488019
0.7561122308552579,2601,25,1,0,-1,0,0.0,0.0,2025-Jan-29-19:15:15.543444
0.7185205030005031,2602,25,1,0,0,0,0.0,0.0,2025-Jan-29-19:15:15.616772
1.0735211430969913,2603,25,1,1,0,0,0.0,0.0,2025-Jan-29-19:15:15.692174
0.4160201626761834,2604,25,1,0,1,1,1.9000000000000001,1.9000000000000001,2025-Jan-29-19:15:15.837696
0.7185205030005031,2605,25,1,0,0,0,0.0,0.0,2025-Jan-29-19:15:15.887324
0.7185205030005031,2606,25,1,0,0,0,0.0,0.0,2025-Jan-29-19:15:15.932924
0.7185205030005031,2607,25,1,0,0,0,0.0,0.0,2025-Jan-29-19:15:15.978445
0.5423573219619376,2608,25,1,0,1,0,1.9000000000000001,0.0,2025-Jan-29-19:15:16.053015
0.7185205030005031,2609,25,1,0,0,0,0.0,0.0,2025-Jan-29-19:15:16.098821
0.7561122308552579,2610,25,1,0,-1,0,0.0,0.0,2025-Jan-29-19:15:16.156851
0.5423573219619376,2611,25,1,0,1,0,1.9000000000000001,0.0,2025-Jan-29-19:15:16.231171
0.7185205030005031,2612,25,1,0,0,0,0.0,0.0,2025-Jan-29-19:15:16.276456
0.5423573219619376,2613,25,1,0,1,0,1.9000000000000001,0.0,2025-Jan-29-19:15:16.350639
0.7185205030005031,2614,25,1,0,0,0,0.0,0.0,2025-Jan-29-19:15:16.396646
0.7185205030005031,2615,25,1,0,0,0,0.0,0.0,2025-Jan-29-19:15:16.442136
0.5423573219619376,2616,25,1,0,1,0,1.9000000000000001,0.0,2025-Jan-29-19:15:16.516928
0.5423573219619376,2617,25,1,0,1,0,1.9000000000000001,0.0,2025-Jan-29-19:15:16.626764
0.7185205030005031,2618,25,1,0,0,0,0.0,0.0,2025-Jan-29-19:15:16.702984
0.5423573219619376,2619,25,1,0,1,0,1.9000000000000001,0.0,2025-Jan-29-19:15:16.808225
0.7185205030005031,2620,25,1,0,0,0,0.0,0.0,2025-Jan-29-19:15:16.855544
0.5423573219619376,2621,25,1,0,1,0,1.9000000000000001,0.0,2025-Jan-29-19:15:16.932688
0.7185205030005031,2622,25,1,0,0,0,0.0,0.0,2025-Jan-29-19:15:16.978294
1.0735211430969913,2623,25,1,1,0,0,0.0,0.0,2025-Jan-29-19:15:17.023944
0.7561122308552579,2624,25,1,0,-1,0,0.0,0.0,2025-Jan-29-19:15:17.083683
0.7185205030005031,2625,25,1,0,0,0,0.0,0.0,2025-Jan-29-19:15:17.130041
0.5423573219619376,2626,25,1,0,1,0,1.9000000000000001,0.0,2025-Jan-29-19:15:17.205921
0.7185205030005031,2627,25,1,0,0,0,0.0,0.0,2025-Jan-29-19:15:17.397216
0.5423573219619376,2628,25,1,0,1,0,1.9000000000000001,0.0,2025-Jan-29-19:15:17.472691
0.7185205030005031,2629,25,1,0,0,0,0.0,0.0,2025-Jan-29-19:15:17.518991
0.7561122308552579,2630,25,1,0,-1,0,0.0,0.0,2025-Jan-29-19:15:17.609019
0.7185205030005031,2631,25,1,0,0,0,0.0,0.0,2025-Jan-29-19:15:17.694723
0.5423573219619376,2632,25,1,0,1,0,1.9000000000000001,0.0,2025-Jan-29-19:15:17.800290
0.7185205030005031,2633,25,1,0,0,0,0.0,0.0,2025-Jan-29-19:15:17.848520
0.5423573219619376,2634,25,1,0,1,0,1.9000000000000001,0.0,2025-Jan-29-19:15:17.923156
0.5423573219619376,2635,25,1,0,1,0,1.9000000000000001,0.0,2025-Jan-29-19:15:17.997020
0.5423573219619376,2636,25,1,0,1,0,1.9000000000000001,0.0,2025-Jan-29-19:15:18.071346
0.7185205030005031,2637,25,1,0,0,0,0.0,0.0,2025-Jan-29-19:15:18.116965
0.7561122308552579,2638,25,1,0,-1,0,0.0,0.0,2025-Jan-29-19:15:18.173866
0.7185205030005031,2639,25,1,0,0,0,0.0,0.0,2025-Jan-29-19:15:18.220510
0.7185205030005031,2640,25,1,0,0,0,0.0,0.0,2025-Jan-29-19:15:18.265400
0.7185205030005031,2641,25,1,0,0,0,0.0,0.0,2025-Jan-29-19:15:18.310166
0.7185205030005031,2642,25,1,0,0,0,0.0,0.0,2025-Jan-29-19:15:18.354778
0.7185205030005031,2643,25,1,0,0,0,0.0,0.0,2025-Jan-29-19:15:18.400561
0.7185205030005031,2644,25,1,0,0,0,0.0,0.0,2025-Jan-29-19:15:18.445405
0.7185205030005031,2645,25,1,0,0,0,0.0,0.0,2025-Jan-29-19:15:18.489704
0.5423573219619376,2646,25,1,0,1,0,1.9000000000000001,0.0,2025-Jan-29-19:15:18.592626
0.5423573219619376,2647,25,1,0,1,0,1.9000000000000001,0.0,2025-Jan-29-19:15:18.707139
0.7185205030005031,2648,25,1,0,0,0,0.0,0.0,2025-Jan-29-19:15:18.793921
1.0735211430969913,2649,25,1,1,0,0,0.0,0.0,2025-Jan-29-19:15:18.839808
0.5423573219619376,2650,25,1,0,1,0,1.9000000000000001,0.0,2025-Jan-29-19:15:18.914903
0.7185205030005031,2651,25,1,0,0,0,0.0,0.0,2025-Jan-29-19:15:18.959428
0.7185205030005031,2652,25,1,0,0,0,0.0,0.0,2025-Jan-29-19:15:19.003932
0.7185205030005031,2653,25,1,0,0,0,0.0,0.0,2025-Jan-29-19:15:19.048360
0.7185205030005031,2654,25,1,0,0,0,0.0,0.0,2025-Jan-29-19:15:19.093609
0.7185205030005031,2655,25,1,0,0,0,0.0,0.0,2025-Jan-29-19:15:19.138109
0.7185205030005031,2656,25,1,0,0,0,0.0,0.0,2025-Jan-29-19:15:19.182538
0.7185205030005031,2657,25,1,0,0,0,0.0,0.0,2025-Jan-29-19:15:19.227214
0.7185205030005031,2658,25,1,0,0,0,0.0,0.0,2025-Jan-29-19:15:19.272166
0.7185205030005031,2659,25,1,0,0,0,0.0,0.0,2025-Jan-29-19:15:19.316235
0.7185205030005031,2660,25,1,0,0,0,0.0,0.0,2025-Jan-29-19:15:19.360454
0.7185205030005031,2661,25,1,0,0,0,0.0,0.0,2025-Jan-29-19:15:19.404513
0.7185205030005031,2662,25,1,0,0,0,0.0,0.0,2025-Jan-29-19:15:19.448309
0.7185205030005031,2663,25,1,0,0,0,0.0,0.0,2025-Jan-29-19:15:19.493152
0.7185205030005031,2664,25,1,0,0,0,0.0,0.0,2025-Jan-29-19:15:19.536858
0.7185205030005031,2665,25,1,0,0,0,0.0,0.0,2025-Jan-29-19:15:19.607744
0.5423573219619376,2666,25,1,0,1,0,1.9000000000000001,0.0,2025-Jan-29-19:15:19.729564
0.7185205030005031,2667,25,1,0,0,0,0.0,0.0,2025-Jan-29-19:15:19.799423
0.7185205030005031,2668,25,1,0,0,0,0.0,0.0,2025-Jan-29-19:15:19.846338
0.7185205030005031,2669,25,1,0,0,0,0.0,0.0,2025-Jan-29-19:15:19.892707
0.7185205030005031,2670,25,1,0,0,0,0.0,0.0,2025-Jan-29-19:15:19.938418
0.7185205030005031,2671,25,1,0,0,0,0.0,0.0,2025-Jan-29-19:15:19.983843
0.7185205030005031,2672,25,1,0,0,0,0.0,0.0,2025-Jan-29-19:15:20.029854
0.7185205030005031,2673,25,1,0,0,0,0.0,0.0,2025-Jan-29-19:15:20.074305
0.7185205030005031,2674,25,1,0,0,0,0.0,0.0,2025-Jan-29-19:15:20.120298
0.7185205030005031,2675,25,1,0,0,0,0.0,0.0,2025-Jan-29-19:15:20.166933
0.7185205030005031,2676,25,1,0,0,0,0.0,0.0,2025-Jan-29-19:15:20.211794
1.0735211430969913,2677,25,1,1,0,0,0.0,0.0,2025-Jan-29-19:15:20.257323
1.161059787788528,2678,25,1,1,0,-1,0.0,0.0,2025-Jan-29-19:15:20.441552
0.7185205030005031,2679,25,1,0,0,0,0.0,0.0,2025-Jan-29-19:15:20.488313
0.7185205030005031,2680,25,1,0,0,0,0.0,0.0,2025-Jan-29-19:15:20.533616
0.7185205030005031,2681,25,1,0,0,0,0.0,0.0,2025-Jan-29-19:15:20.604830
0.5423573219619376,2682,25,1,0,1,0,1.9000000000000001,0.0,2025-Jan-29-19:15:20.727329
0.7185205030005031,2683,25,1,0,0,0,0.0,0.0,2025-Jan-29-19:15:20.795845
0.5423573219619376,2684,25,1,0,1,0,1.9000000000000001,0.0,2025-Jan-29-19:15:20.872942
0.7185205030005031,2685,25,1,0,0,0,0.0,0.0,2025-Jan-29-19:15:20.920847
0.5423573219619376,2686,25,1,0,1,0,1.9000000000000001,0.0,2025-Jan-29-19:15:20.996456
0.7185205030005031,2687,25,1,0,0,0,0.0,0.0,2025-Jan-29-19:15:21.042141
0.7185205030005031,2688,25,1,0,0,0,0.0,0.0,2025-Jan-29-19:15:21.087318
0.4160201626761834,2689,25,1,0,1,1,1.9000000000000001,1.9000000000000001,2025-Jan-29-19:15:21.186506
0.7185205030005031,2690,25,1,0,0,0,0.0,0.0,2025-Jan-29-19:15:21.232673
0.7185205030005031,2691,25,1,0,0,0,0.0,0.0,2025-Jan-29-19:15:21.278537
0.8436562666978078,2692,25,1,0,-1,-1,0.0,0.0,2025-Jan-29-19:15:21.349617
0.4160201626761834,2693,25,1,0,1,1,1.9000000000000001,1.9000000000000001,2025-Jan-29-19:15:21.447654
0.7185205030005031,2694,25,1,0,0,0,0.0,0.0,2025-Jan-29-19:15:21.492362
0.629780506117975,2695,25,1,0,-1,1,0.0,1.9000000000000001,2025-Jan-29-19:15:21.610122
0.8436562666978078,2696,25,1,0,-1,-1,0.0,0.0,2025-Jan-29-19:15:21.720214
0.6298883869405699,2697,25,1,0,1,-1,1.9000000000000001,0.0,2025-Jan-29-19:15:21.833600
0.5423573219619376,2698,25,1,0,1,0,1.9000000000000001,0.0,2025-Jan-29-19:15:21.911437
0.4160201626761834,2699,25,1,0,1,1,1.9000000000000001,1.9000000000000001,2025-Jan-29-19:15:22.010548
0.629780506117975,2700,25,1,0,-1,1,0.0,1.9000000000000001,2025-Jan-29-19:15:22.098348
0.8436562666978078,2701,25,1,0,-1,-1,0.0,0.0,2025-Jan-29-19:15:22.168428
0.8436562666978078,2702,25,1,0,-1,-1,0.0,0.0,2025-Jan-29-19:15:22.237740
0.4160201626761834,2703,25,1,0,1,1,1.9000000000000001,1.9000000000000001,2025-Jan-29-19:15:22.333232
0.4160201626761834,2704,25,1,0,1,1,1.9000000000000001,1.9000000000000001,2025-Jan-29-19:15:22.427959
0.7561122308552579,2705,25,1,0,-1,0,0.0,0.0,2025-Jan-29-19:15:22.483447
0.5921787662199604,2706,25,1,0,0,1,0.0,1.9000000000000001,2025-Jan-29-19:15:22.571405
0.5921787662199604,2707,25,1,0,0,1,0.0,1.9000000000000001,2025-Jan-29-19:15:22.680009
0.629780506117975,2708,25,1,0,-1,1,0.0,1.9000000000000001,2025-Jan-29-19:15:22.793197
0.4160201626761834,2709,25,1,0,1,1,1.9000000000000001,1.9000000000000001,2025-Jan-29-19:15:22.891636
0.629780506117975,2710,25,1,0,-1,1,0.0,1.9000000000000001,2025-Jan-29-19:15:22.976570
0.629780506117975,2711,25,1,0,-1,1,0.0,1.9000000000000001,2025-Jan-29-19:15:23.060531
0.4160201626761834,2712,25,1,0,1,1,1.9000000000000001,1.9000000000000001,2025-Jan-29-19:15:23.155284
0.7185205030005031,2713,25,1,0,0,0,0.0,0.0,2025-Jan-29-19:15:23.198188
0.5423573219619376,2714,25,1,0,1,0,1.9000000000000001,0.0,2025-Jan-29-19:15:23.270045
0.629780506117975,2715,25,1,0,-1,1,0.0,1.9000000000000001,2025-Jan-29-19:15:23.355607
0.7185205030005031,2716,25,1,0,0,0,0.0,0.0,2025-Jan-29-19:15:23.398672
0.4160201626761834,2717,25,1,0,1,1,1.9000000000000001,1.9000000000000001,2025-Jan-29-19:15:23.493536
0.629780506117975,2718,25,1,0,-1,1,0.0,1.9000000000000001,2025-Jan-29-19:15:23.599084
0.5423573219619376,2719,25,1,0,1,0,1.9000000000000001,0.0,2025-Jan-29-19:15:23.711772
0.7185205030005031,2720,25,1,0,0,0,0.0,0.0,2025-Jan-29-19:15:23.768652
0.5423573219619376,2721,25,1,0,1,0,1.9000000000000001,0.0,2025-Jan-29-19:15:23.843306
0.8436562666978078,2722,25,1,0,-1,-1,0.0,0.0,2025-Jan-29-19:15:23.990233
0.8060591477019475,2723,25,1,0,0,-1,0.0,0.0,2025-Jan-29-19:15:24.047043
0.7185205030005031,2724,25,1,0,0,0,0.0,0.0,2025-Jan-29-19:15:24.091491
0.7561122308552579,2725,25,1,0,-1,0,0.0,0.0,2025-Jan-29-19:15:24.147546
0.4160201626761834,2726,25,1,0,1,1,1.9000000000000001,1.9000000000000001,2025-Jan-29-19:15:24.242602
0.8060591477019475,2727,25,1,0,0,-1,0.0,0.0,2025-Jan-29-19:15:24.298214
1.0735211430969913,2728,25,1,1,0,0,0.0,0.0,2025-Jan-29-19:15:24.341136
0.7185205030005031,2729,25,1,0,0,0,0.0,0.0,2025-Jan-29-19:15:24.384324
0.7185205030005031,2730,25,1,0,0,0,0.0,0.0,2025-Jan-29-19:15:24.427449
0.4160201626761834,2731,25,1,0,1,1,1.9000000000000001,1.9000000000000001,2025-Jan-29-19:15:24.522167
0.7561122308552579,2732,25,1,0,-1,0,0.0,0.0,2025-Jan-29-19:15:24.600017
0.4160201626761834,2733,25,1,0,1,1,1.9000000000000001,1.9000000000000001,2025-Jan-29-19:15:24.725927
0.7561122308552579,2734,25,1,0,-1,0,0.0,0.0,2025-Jan-29-19:15:24.799441
0.6298883869405699,2735,25,1,0,1,-1,1.9000000000000001,0.0,2025-Jan-29-19:15:24.884456
0.629780506117975,2736,25,1,0,-1,1,0.0,1.9000000000000001,2025-Jan-29-19:15:24.967903
0.6298883869405699,2737,25,1,0,1,-1,1.9000000000000001,0.0,2025-Jan-29-19:15:25.051102
0.4160201626761834,2738,25,1,0,1,1,1.9000000000000001,1.9000000000000001,2025-Jan-29-19:15:25.145400
0.4160201626761834,2739,25,1,0,1,1,1.9000000000000001,1.9000000000000001,2025-Jan-29-19:15:25.240580
0.7185205030005031,2740,25,1,0,0,0,0.0,0.0,2025-Jan-29-19:15:25.283527
0.7561122308552579,2741,25,1,0,-1,0,0.0,0.0,2025-Jan-29-19:15:25.338855
0.5921787662199604,2742,25,1,0,0,1,0.0,1.9000000000000001,2025-Jan-29-19:15:25.410279
0.5423573219619376,2743,25,1,0,1,0,1.9000000000000001,0.0,2025-Jan-29-19:15:25.482368
0.7185205030005031,2744,25,1,0,0,0,0.0,0.0,2025-Jan-29-19:15:25.525195
0.7185205030005031,2745,25,1,0,0,0,0.0,0.0,2025-Jan-29-19:15:25.587238
0.5423573219619376,2746,25,1,0,1,0,1.9000000000000001,0.0,2025-Jan-29-19:15:25.692665
0.7561122308552579,2747,25,1,0,-1,0,0.0,0.0,2025-Jan-29-19:15:25.775349
0.5423573219619376,2748,25,1,0,1,0,1.9000000000000001,0.0,2025-Jan-29-19:15:25.849553
0.4160201626761834,2749,25,1,0,1,1,1.9000000000000001,1.9000000000000001,2025-Jan-29-19:15:25.945884
0.7185205030005031,2750,25,1,0,0,0,0.0,0.0,2025-Jan-29-19:15:25.989034
1.0735211430969913,2751,25,1,1,0,0,0.0,0.0,2025-Jan-29-19:15:26.031914
0.7185205030005031,2752,25,1,0,0,0,0.0,0.0,2025-Jan-29-19:15:26.077788
0.4160201626761834,2753,25,1,0,1,1,1.9000000000000001,1.9000000000000001,2025-Jan-29-19:15:26.172354
0.7185205030005031,2754,25,1,0,0,0,0.0,0.0,2025-Jan-29-19:15:26.215821
0.7561122308552579,2755,25,1,0,-1,0,0.0,0.0,2025-Jan-29-19:15:26.271785
0.7185205030005031,2756,25,1,0,0,0,0.0,0.0,2025-Jan-29-19:15:26.315718
0.7185205030005031,2757,25,1,0,0,0,0.0,0.0,2025-Jan-29-19:15:26.358624
0.7185205030005031,2758,25,1,0,0,0,0.0,0.0,2025-Jan-29-19:15:26.402025
0.8060591477019475,2759,25,1,0,0,-1,0.0,0.0,2025-Jan-29-19:15:26.457903
1.0735211430969913,2760,25,1,1,0,0,0.0,0.0,2025-Jan-29-19:15:26.501619
0.7185205030005031,2761,25,1,0,0,0,0.0,0.0,2025-Jan-29-19:15:26.642467
0.4160201626761834,2762,25,1,0,1,1,1.9000000000000001,1.9000000000000001,2025-Jan-29-19:15:26.772125
0.629780506117975,2763,25,1,0,-1,1,0.0,1.9000000000000001,2025-Jan-29-19:15:26.877162
0.5423573219619376,2764,25,1,0,1,0,1.9000000000000001,0.0,2025-Jan-29-19:15:26.952017
0.7185205030005031,2765,25,1,0,0,0,0.0,0.0,2025-Jan-29-19:15:26.995094
0.7185205030005031,2766,25,1,0,0,0,0.0,0.0,2025-Jan-29-19:15:27.038460
0.6298883869405699,2767,25,1,0,1,-1,1.9000000000000001,0.0,2025-Jan-29-19:15:27.121828
0.629780506117975,2768,25,1,0,-1,1,0.0,1.9000000000000001,2025-Jan-29-19:15:27.205598
0.5423573219619376,2769,25,1,0,1,0,1.9000000000000001,0.0,2025-Jan-29-19:15:27.276941
0.7185205030005031,2770,25,1,0,0,0,0.0,0.0,2025-Jan-29-19:15:27.319977
0.7185205030005031,2771,25,1,0,0,0,0.0,0.0,2025-Jan-29-19:15:27.363080
0.7185205030005031,2772,25,1,0,0,0,0.0,0.0,2025-Jan-29-19:15:27.406112
1.0735211430969913,2773,25,1,1,0,0,0.0,0.0,2025-Jan-29-19:15:27.449781
0.7185205030005031,2774,25,1,0,0,0,0.0,0.0,2025-Jan-29-19:15:27.494035
0.7185205030005031,2775,25,1,0,0,0,0.0,0.0,2025-Jan-29-19:15:27.542088
0.7185205030005031,2776,25,1,0,0,0,0.0,0.0,2025-Jan-29-19:15:27.611610
1.0735211430969913,2777,25,1,1,0,0,0.0,0.0,2025-Jan-29-19:15:27.688747
0.7185205030005031,2778,25,1,0,0,0,0.0,0.0,2025-Jan-29-19:15:27.761224
0.7185205030005031,2779,25,1,0,0,0,0.0,0.0,2025-Jan-29-19:15:27.811777
0.7185205030005031,2780,25,1,0,0,0,0.0,0.0,2025-Jan-29-19:15:27.857585
0.7185205030005031,2781,25,1,0,0,0,0.0,0.0,2025-Jan-29-19:15:27.900682
0.5423573219619376,2782,25,1,0,1,0,1.9000000000000001,0.0,2025-Jan-29-19:15:27.971996
0.4160201626761834,2783,25,1,0,1,1,1.9000000000000001,1.9000000000000001,2025-Jan-29-19:15:28.066788
0.5423573219619376,2784,25,1,0,1,0,1.9000000000000001,0.0,2025-Jan-29-19:15:28.139256
0.629780506117975,2785,25,1,0,-1,1,0.0,1.9000000000000001,2025-Jan-29-19:15:28.223148
0.7185205030005031,2786,25,1,0,0,0,0.0,0.0,2025-Jan-29-19:15:28.266485
0.6298883869405699,2787,25,1,0,1,-1,1.9000000000000001,0.0,2025-Jan-29-19:15:28.350497
0.4160201626761834,2788,25,1,0,1,1,1.9000000000000001,1.9000000000000001,2025-Jan-29-19:15:28.445185
0.4160201626761834,2789,25,1,0,1,1,1.9000000000000001,1.9000000000000001,2025-Jan-29-19:15:28.539964
0.4160201626761834,2790,25,1,0,1,1,1.9000000000000001,1.9000000000000001,2025-Jan-29-19:15:28.652110
0.629780506117975,2791,25,1,0,-1,1,0.0,1.9000000000000001,2025-Jan-29-19:15:28.763679
0.629780506117975,2792,25,1,0,-1,1,0.0,1.9000000000000001,2025-Jan-29-19:15:28.848273
0.4160201626761834,2793,25,1,0,1,1,1.9000000000000001,1.9000000000000001,2025-Jan-29-19:15:28.949688
0.8060591477019475,2794,25,1,0,0,-1,0.0,0.0,2025-Jan-29-19:15:29.005226
0.4160201626761834,2795,25,1,0,1,1,1.9000000000000001,1.9000000000000001,2025-Jan-29-19:15:29.101173
0.8436562666978078,2796,25,1,0,-1,-1,0.0,0.0,2025-Jan-29-19:15:29.168651
0.6298883869405699,2797,25,1,0,1,-1,1.9000000000000001,0.0,2025-Jan-29-19:15:29.252371
0.629780506117975,2798,25,1,0,-1,1,0.0,1.9000000000000001,2025-Jan-29-19:15:29.336074
0.4160201626761834,2799,25,1,0,1,1,1.9000000000000001,1.9000000000000001,2025-Jan-29-19:15:29.513227
0.5423573219619376,2800,25,1,0,1,0,1.9000000000000001,0.0,2025-Jan-29-19:15:29.610647
0.8436562666978078,2801,25,1,0,-1,-1,0.0,0.0,2025-Jan-29-19:15:29.714460
0.5921787662199604,2802,25,1,0,0,1,0.0,1.9000000000000001,2025-Jan-29-19:15:29.806550
0.8436562666978078,2803,25,1,0,-1,-1,0.0,0.0,2025-Jan-29-19:15:29.876964
0.4160201626761834,2804,25,1,0,1,1,1.9000000000000001,1.9000000000000001,2025-Jan-29-19:15:29.974887
0.4160201626761834,2805,25,1,0,1,1,1.9000000000000001,1.9000000000000001,2025-Jan-29-19:15:30.072538
0.5921787662199604,2806,25,1,0,0,1,0.0,1.9000000000000001,2025-Jan-29-19:15:30.145805
0.8436562666978078,2807,25,1,0,-1,-1,0.0,0.0,2025-Jan-29-19:15:30.216187
0.5921787662199604,2808,25,1,0,0,1,0.0,1.9000000000000001,2025-Jan-29-19:15:30.290299
0.4160201626761834,2809,25,1,0,1,1,1.9000000000000001,1.9000000000000001,2025-Jan-29-19:15:30.386721
0.629780506117975,2810,25,1,0,-1,1,0.0,1.9000000000000001,2025-Jan-29-19:15:30.474082
0.8436562666978078,2811,25,1,0,-1,-1,0.0,0.0,2025-Jan-29-19:15:30.543778
0.6298883869405699,2812,25,1,0,1,-1,1.9000000000000001,0.0,2025-Jan-29-19:15:30.654985
0.6298883869405699,2813,25,1,0,1,-1,1.9000000000000001,0.0,2025-Jan-29-19:15:30.786316
0.7561122308552579,2814,25,1,0,-1,0,0.0,0.0,2025-Jan-29-19:15:30.847441
0.629780506117975,2815,25,1,0,-1,1,0.0,1.9000000000000001,2025-Jan-29-19:15:30.938307
0.5423573219619376,2816,25,1,0,1,0,1.9000000000000001,0.0,2025-Jan-29-19:15:31.014112
0.5921787662199604,2817,25,1,0,0,1,0.0,1.9000000000000001,2025-Jan-29-19:15:31.088561
0.6298883869405699,2818,25,1,0,1,-1,1.9000000000000001,0.0,2025-Jan-29-19:15:31.176668
0.4160201626761834,2819,25,1,0,1,1,1.9000000000000001,1.9000000000000001,2025-Jan-29-19:15:31.274696
0.8436562666978078,2820,25,1,0,-1,-1,0.0,0.0,2025-Jan-29-19:15:31.349007
0.5423573219619376,2821,25,1,0,1,0,1.9000000000000001,0.0,2025-Jan-29-19:15:31.428146
0.6298883869405699,2822,25,1,0,1,-1,1.9000000000000001,0.0,2025-Jan-29-19:15:31.517352
0.6298883869405699,2823,25,1,0,1,-1,1.9000000000000001,0.0,2025-Jan-29-19:15:31.653693
0.4160201626761834,2824,25,1,0,1,1,1.9000000000000001,1.9000000000000001,2025-Jan-29-19:15:31.794033
0.4160201626761834,2825,25,1,0,1,1,1.9000000000000001,1.9000000000000001,2025-Jan-29-19:15:31.895162
0.4160201626761834,2826,25,1,0,1,1,1.9000000000000001,1.9000000000000001,2025-Jan-29-19:15:31.989940
0.6298883869405699,2827,25,1,0,1,-1,1.9000000000000001,0.0,2025-Jan-29-19:15:32.080714
0.6298883869405699,2828,25,1,0,1,-1,1.9000000000000001,0.0,2025-Jan-29-19:15:32.179707
0.5423573219619376,2829,25,1,0,1,0,1.9000000000000001,0.0,2025-Jan-29-19:15:32.251648
0.4160201626761834,2830,25,1,0,1,1,1.9000000000000001,1.9000000000000001,2025-Jan-29-19:15:32.345635
0.8436562666978078,2831,25,1,0,-1,-1,0.0,0.0,2025-Jan-29-19:15:32.412679
0.5423573219619376,2832,25,1,0,1,0,1.9000000000000001,0.0,2025-Jan-29-19:15:32.483519
0.8436562666978078,2833,25,1,0,-1,-1,0.0,0.0,2025-Jan-29-19:15:32.567159
0.629780506117975,2834,25,1,0,-1,1,0.0,1.9000000000000001,2025-Jan-29-19:15:32.685740
0.5423573219619376,2835,25,1,0,1,0,1.9000000000000001,0.0,2025-Jan-29-19:15:32.789056
0.5921787662199604,2836,25,1,0,0,1,0.0,1.9000000000000001,2025-Jan-29-19:15:32.861197
0.8436562666978078,2837,25,1,0,-1,-1,0.0,0.0,2025-Jan-29-19:15:32.930888
0.4160201626761834,2838,25,1,0,1,1,1.9000000000000001,1.9000000000000001,2025-Jan-29-19:15:33.024739
