Cost,Sim,Switch_State_Indx,Gen1_on,Gen2_on,Batt1_mode,Batt2_mode,Batt1_power_kW,Batt2_power_kW,Timestamp
0.9848890270480929,18014,25,1,1,1,-1,1.9000000000000001,0.0,2025-Jan-29-19:34:11.840471
0.9471794063316156,18015,25,1,1,0,1,0.0,1.9000000000000001,2025-Jan-29-19:34:11.920574
1.1111128709475113,18016,25,1,1,-1,0,0.0,0.0,2025-Jan-29-19:34:11.979816
0.4160201626761834,18017,25,1,0,1,1,1.9000000000000001,1.9000000000000001,2025-Jan-29-19:34:12.078108
0.7185205030005031,18018,25,1,0,0,0,0.0,0.0,2025-Jan-29-19:34:12.122809
1.161059787788528,18019,25,1,1,0,-1,0.0,0.0,2025-Jan-29-19:34:12.182888
0.6298883869405699,18020,25,1,0,1,-1,1.9000000000000001,0.0,2025-Jan-29-19:34:12.275223
1.0735211430969913,18021,25,1,1,0,0,0.0,0.0,2025-Jan-29-19:34:12.326463
1.1986569067802102,18022,25,1,1,-1,-1,0.0,0.0,2025-Jan-29-19:34:12.400778
0.9760242519712691,18023,25,1,1,-1,1,0.0,1.9000000000000001,2025-Jan-29-19:34:12.490230
0.4160201626761834,18024,25,1,0,1,1,1.9000000000000001,1.9000000000000001,2025-Jan-29-19:34:12.622131
0.9471794063316156,18025,25,1,1,0,1,0.0,1.9000000000000001,2025-Jan-29-19:34:12.761096
0.4160201626761834,18026,25,1,0,1,1,1.9000000000000001,1.9000000000000001,2025-Jan-29-19:34:12.877518
0.8973579620796409,18027,25,1,1,1,0,1.9000000000000001,0.0,2025-Jan-29-19:34:12.951241
1.161059787788528,18028,25,1,1,0,-1,0.0,0.0,2025-Jan-29-19:34:13.009885
0.7561122308552579,18029,25,1,0,-1,0,0.0,0.0,2025-Jan-29-19:34:13.066856
0.7561122308552579,18030,25,1,0,-1,0,0.0,0.0,2025-Jan-29-19:34:13.123856
0.7185205030005031,18031,25,1,0,0,0,0.0,0.0,2025-Jan-29-19:34:13.420209
1.161059787788528,18032,25,1,1,0,-1,0.0,0.0,2025-Jan-29-19:34:13.481848
0.8973579620796409,18033,25,1,1,1,0,1.9000000000000001,0.0,2025-Jan-29-19:34:13.576936
1.1111128709475113,18034,25,1,1,-1,0,0.0,0.0,2025-Jan-29-19:34:13.671488
0.8060591477019475,18035,25,1,0,0,-1,0.0,0.0,2025-Jan-29-19:34:13.786264
0.5423573219619376,18036,25,1,0,1,0,1.9000000000000001,0.0,2025-Jan-29-19:34:13.874936
1.1111128709475113,18037,25,1,1,-1,0,0.0,0.0,2025-Jan-29-19:34:13.933912
0.8436562666978078,18038,25,1,0,-1,-1,0.0,0.0,2025-Jan-29-19:34:14.005748
0.7185205030005031,18039,25,1,0,0,0,0.0,0.0,2025-Jan-29-19:34:14.051027
0.8060591477019475,18040,25,1,0,0,-1,0.0,0.0,2025-Jan-29-19:34:14.109818
0.5423573219619376,18041,25,1,0,1,0,1.9000000000000001,0.0,2025-Jan-29-19:34:14.183823
1.1986569067802102,18042,25,1,1,-1,-1,0.0,0.0,2025-Jan-29-19:34:14.256014
1.161059787788528,18043,25,1,1,0,-1,0.0,0.0,2025-Jan-29-19:34:14.314203
1.1111128709475113,18044,25,1,1,-1,0,0.0,0.0,2025-Jan-29-19:34:14.372298
0.5423573219619376,18045,25,1,0,1,0,1.9000000000000001,0.0,2025-Jan-29-19:34:14.445793
0.8973579620796409,18046,25,1,1,1,0,1.9000000000000001,0.0,2025-Jan-29-19:34:14.519966
0.7710208028095181,18047,25,1,1,1,1,1.9000000000000001,1.9000000000000001,2025-Jan-29-19:34:14.656089
0.7185205030005031,18048,25,1,0,0,0,0.0,0.0,2025-Jan-29-19:34:14.752913
0.5921787662199604,18049,25,1,0,0,1,0.0,1.9000000000000001,2025-Jan-29-19:34:14.847501
0.4160201626761834,18050,25,1,0,1,1,1.9000000000000001,1.9000000000000001,2025-Jan-29-19:34:14.950413
0.8060591477019475,18051,25,1,0,0,-1,0.0,0.0,2025-Jan-29-19:34:15.008747
0.7185205030005031,18052,25,1,0,0,0,0.0,0.0,2025-Jan-29-19:34:15.054022
0.8060591477019475,18053,25,1,0,0,-1,0.0,0.0,2025-Jan-29-19:34:15.111979
0.9471794063316156,18054,25,1,1,0,1,0.0,1.9000000000000001,2025-Jan-29-19:34:15.185781
0.629780506117975,18055,25,1,0,-1,1,0.0,1.9000000000000001,2025-Jan-29-19:34:15.272791
0.5423573219619376,18056,25,1,0,1,0,1.9000000000000001,0.0,2025-Jan-29-19:34:15.347451
1.1986569067802102,18057,25,1,1,-1,-1,0.0,0.0,2025-Jan-29-19:34:15.417323
1.1986569067802102,18058,25,1,1,-1,-1,0.0,0.0,2025-Jan-29-19:34:15.488020
1.0735211430969913,18059,25,1,1,0,0,0.0,0.0,2025-Jan-29-19:34:15.533880
0.7561122308552579,18060,25,1,0,-1,0,0.0,0.0,2025-Jan-29-19:34:15.613386
0.9471794063316156,18061,25,1,1,0,1,0.0,1.9000000000000001,2025-Jan-29-19:34:15.728239
1.0735211430969913,18062,25,1,1,0,0,0.0,0.0,2025-Jan-29-19:34:15.801311
0.8436562666978078,18063,25,1,0,-1,-1,0.0,0.0,2025-Jan-29-19:34:15.875534
0.8436562666978078,18064,25,1,0,-1,-1,0.0,0.0,2025-Jan-29-19:34:15.945536
0.9471794063316156,18065,25,1,1,0,1,0.0,1.9000000000000001,2025-Jan-29-19:34:16.020439
0.9760242519712691,18066,25,1,1,-1,1,0.0,1.9000000000000001,2025-Jan-29-19:34:16.106212
0.4160201626761834,18067,25,1,0,1,1,1.9000000000000001,1.9000000000000001,2025-Jan-29-19:34:16.203291
0.8973579620796409,18068,25,1,1,1,0,1.9000000000000001,0.0,2025-Jan-29-19:34:16.275543
1.161059787788528,18069,25,1,1,0,-1,0.0,0.0,2025-Jan-29-19:34:16.331029
0.6298883869405699,18070,25,1,0,1,-1,1.9000000000000001,0.0,2025-Jan-29-19:34:16.414486
0.8973579620796409,18071,25,1,1,1,0,1.9000000000000001,0.0,2025-Jan-29-19:34:16.486046
1.1986569067802102,18072,25,1,1,-1,-1,0.0,0.0,2025-Jan-29-19:34:16.573003
0.9760242519712691,18073,25,1,1,-1,1,0.0,1.9000000000000001,2025-Jan-29-19:34:16.700750
0.7710208028095181,18074,25,1,1,1,1,1.9000000000000001,1.9000000000000001,2025-Jan-29-19:34:16.820957
0.7710208028095181,18075,25,1,1,1,1,1.9000000000000001,1.9000000000000001,2025-Jan-29-19:34:16.919849
0.7710208028095181,18076,25,1,1,1,1,1.9000000000000001,1.9000000000000001,2025-Jan-29-19:34:17.014303
0.8973579620796409,18077,25,1,1,1,0,1.9000000000000001,0.0,2025-Jan-29-19:34:17.088325
0.4160201626761834,18078,25,1,0,1,1,1.9000000000000001,1.9000000000000001,2025-Jan-29-19:34:17.199612
0.8973579620796409,18079,25,1,1,1,0,1.9000000000000001,0.0,2025-Jan-29-19:34:17.274636
1.1986569067802102,18080,25,1,1,-1,-1,0.0,0.0,2025-Jan-29-19:34:17.342168
0.9760242519712691,18081,25,1,1,-1,1,0.0,1.9000000000000001,2025-Jan-29-19:34:17.425522
0.4160201626761834,18082,25,1,0,1,1,1.9000000000000001,1.9000000000000001,2025-Jan-29-19:34:17.519696
0.8973579620796409,18083,25,1,1,1,0,1.9000000000000001,0.0,2025-Jan-29-19:34:17.614617
0.9848890270480929,18084,25,1,1,1,-1,1.9000000000000001,0.0,2025-Jan-29-19:34:17.746587
1.161059787788528,18085,25,1,1,0,-1,0.0,0.0,2025-Jan-29-19:34:17.804428
0.7710208028095181,18086,25,1,1,1,1,1.9000000000000001,1.9000000000000001,2025-Jan-29-19:34:17.902910
0.7710208028095181,18087,25,1,1,1,1,1.9000000000000001,1.9000000000000001,2025-Jan-29-19:34:17.997145
1.1986569067802102,18088,25,1,1,-1,-1,0.0,0.0,2025-Jan-29-19:34:18.066332
0.5921787662199604,18089,25,1,0,0,1,0.0,1.9000000000000001,2025-Jan-29-19:34:18.138427
0.7710208028095181,18090,25,1,1,1,1,1.9000000000000001,1.9000000000000001,2025-Jan-29-19:34:18.233798
0.5423573219619376,18091,25,1,0,1,0,1.9000000000000001,0.0,2025-Jan-29-19:34:18.305196
0.9848890270480929,18092,25,1,1,1,-1,1.9000000000000001,0.0,2025-Jan-29-19:34:18.388942
0.9848890270480929,18093,25,1,1,1,-1,1.9000000000000001,0.0,2025-Jan-29-19:34:18.472787
0.8973579620796409,18094,25,1,1,1,0,1.9000000000000001,0.0,2025-Jan-29-19:34:18.543952
0.7710208028095181,18095,25,1,1,1,1,1.9000000000000001,1.9000000000000001,2025-Jan-29-19:34:18.694289
0.8973579620796409,18096,25,1,1,1,0,1.9000000000000001,0.0,2025-Jan-29-19:34:18.793467
0.7710208028095181,18097,25,1,1,1,1,1.9000000000000001,1.9000000000000001,2025-Jan-29-19:34:18.893845
1.1986569067802102,18098,25,1,1,-1,-1,0.0,0.0,2025-Jan-29-19:34:18.968410
0.7710208028095181,18099,25,1,1,1,1,1.9000000000000001,1.9000000000000001,2025-Jan-29-19:34:19.067070
0.7710208028095181,18100,25,1,1,1,1,1.9000000000000001,1.9000000000000001,2025-Jan-29-19:34:19.165546
0.6298883869405699,18101,25,1,0,1,-1,1.9000000000000001,0.0,2025-Jan-29-19:34:19.253434
0.9760242519712691,18102,25,1,1,-1,1,0.0,1.9000000000000001,2025-Jan-29-19:34:19.340745
1.1986569067802102,18103,25,1,1,-1,-1,0.0,0.0,2025-Jan-29-19:34:19.410380
0.9471794063316156,18104,25,1,1,0,1,0.0,1.9000000000000001,2025-Jan-29-19:34:19.798542
0.7710208028095181,18105,25,1,1,1,1,1.9000000000000001,1.9000000000000001,2025-Jan-29-19:34:19.944163
0.5423573219619376,18106,25,1,0,1,0,1.9000000000000001,0.0,2025-Jan-29-19:34:20.021486
0.9760242519712691,18107,25,1,1,-1,1,0.0,1.9000000000000001,2025-Jan-29-19:34:20.109324
0.9848890270480929,18108,25,1,1,1,-1,1.9000000000000001,0.0,2025-Jan-29-19:34:20.199032
0.9471794063316156,18109,25,1,1,0,1,0.0,1.9000000000000001,2025-Jan-29-19:34:20.275377
0.9760242519712691,18110,25,1,1,-1,1,0.0,1.9000000000000001,2025-Jan-29-19:34:20.362697
0.7710208028095181,18111,25,1,1,1,1,1.9000000000000001,1.9000000000000001,2025-Jan-29-19:34:20.461713
0.7710208028095181,18112,25,1,1,1,1,1.9000000000000001,1.9000000000000001,2025-Jan-29-19:34:20.560390
1.1986569067802102,18113,25,1,1,-1,-1,0.0,0.0,2025-Jan-29-19:34:20.630786
0.8436562666978078,18114,25,1,0,-1,-1,0.0,0.0,2025-Jan-29-19:34:20.732368
0.9471794063316156,18115,25,1,1,0,1,0.0,1.9000000000000001,2025-Jan-29-19:34:20.854981
0.9760242519712691,18116,25,1,1,-1,1,0.0,1.9000000000000001,2025-Jan-29-19:34:20.969584
0.4160201626761834,18117,25,1,0,1,1,1.9000000000000001,1.9000000000000001,2025-Jan-29-19:34:21.071579
0.8973579620796409,18118,25,1,1,1,0,1.9000000000000001,0.0,2025-Jan-29-19:34:21.150040
0.4160201626761834,18119,25,1,0,1,1,1.9000000000000001,1.9000000000000001,2025-Jan-29-19:34:21.250713
0.6298883869405699,18120,25,1,0,1,-1,1.9000000000000001,0.0,2025-Jan-29-19:34:21.340801
0.7710208028095181,18121,25,1,1,1,1,1.9000000000000001,1.9000000000000001,2025-Jan-29-19:34:21.438067
1.1986569067802102,18122,25,1,1,-1,-1,0.0,0.0,2025-Jan-29-19:34:21.508493
0.9760242519712691,18123,25,1,1,-1,1,0.0,1.9000000000000001,2025-Jan-29-19:34:21.595161
0.4160201626761834,18124,25,1,0,1,1,1.9000000000000001,1.9000000000000001,2025-Jan-29-19:34:21.724180
0.7710208028095181,18125,25,1,1,1,1,1.9000000000000001,1.9000000000000001,2025-Jan-29-19:34:21.861400
0.7710208028095181,18126,25,1,1,1,1,1.9000000000000001,1.9000000000000001,2025-Jan-29-19:34:21.967072
0.8973579620796409,18127,25,1,1,1,0,1.9000000000000001,0.0,2025-Jan-29-19:34:22.043836
0.9848890270480929,18128,25,1,1,1,-1,1.9000000000000001,0.0,2025-Jan-29-19:34:22.133225
0.8973579620796409,18129,25,1,1,1,0,1.9000000000000001,0.0,2025-Jan-29-19:34:22.209570
1.1986569067802102,18130,25,1,1,-1,-1,0.0,0.0,2025-Jan-29-19:34:22.280213
0.9760242519712691,18131,25,1,1,-1,1,0.0,1.9000000000000001,2025-Jan-29-19:34:22.366745
1.161059787788528,18132,25,1,1,0,-1,0.0,0.0,2025-Jan-29-19:34:22.424911
0.8973579620796409,18133,25,1,1,1,0,1.9000000000000001,0.0,2025-Jan-29-19:34:22.499499
0.7710208028095181,18134,25,1,1,1,1,1.9000000000000001,1.9000000000000001,2025-Jan-29-19:34:22.615345
1.161059787788528,18135,25,1,1,0,-1,0.0,0.0,2025-Jan-29-19:34:22.717387
0.7710208028095181,18136,25,1,1,1,1,1.9000000000000001,1.9000000000000001,2025-Jan-29-19:34:22.852647
0.7710208028095181,18137,25,1,1,1,1,1.9000000000000001,1.9000000000000001,2025-Jan-29-19:34:22.957018
1.1986569067802102,18138,25,1,1,-1,-1,0.0,0.0,2025-Jan-29-19:34:23.029130
0.5921787662199604,18139,25,1,0,0,1,0.0,1.9000000000000001,2025-Jan-29-19:34:23.103958
0.7710208028095181,18140,25,1,1,1,1,1.9000000000000001,1.9000000000000001,2025-Jan-29-19:34:23.206271
0.5423573219619376,18141,25,1,0,1,0,1.9000000000000001,0.0,2025-Jan-29-19:34:23.280479
0.7710208028095181,18142,25,1,1,1,1,1.9000000000000001,1.9000000000000001,2025-Jan-29-19:34:23.382555
0.9848890270480929,18143,25,1,1,1,-1,1.9000000000000001,0.0,2025-Jan-29-19:34:23.469979
0.8973579620796409,18144,25,1,1,1,0,1.9000000000000001,0.0,2025-Jan-29-19:34:23.546830
0.7710208028095181,18145,25,1,1,1,1,1.9000000000000001,1.9000000000000001,2025-Jan-29-19:34:23.701871
0.8973579620796409,18146,25,1,1,1,0,1.9000000000000001,0.0,2025-Jan-29-19:34:23.815604
0.7710208028095181,18147,25,1,1,1,1,1.9000000000000001,1.9000000000000001,2025-Jan-29-19:34:23.918418
0.4160201626761834,18148,25,1,0,1,1,1.9000000000000001,1.9000000000000001,2025-Jan-29-19:34:24.022739
0.7710208028095181,18149,25,1,1,1,1,1.9000000000000001,1.9000000000000001,2025-Jan-29-19:34:24.120888
0.7710208028095181,18150,25,1,1,1,1,1.9000000000000001,1.9000000000000001,2025-Jan-29-19:34:24.222806
0.6298883869405699,18151,25,1,0,1,-1,1.9000000000000001,0.0,2025-Jan-29-19:34:24.310434
0.9760242519712691,18152,25,1,1,-1,1,0.0,1.9000000000000001,2025-Jan-29-19:34:24.399903
1.1986569067802102,18153,25,1,1,-1,-1,0.0,0.0,2025-Jan-29-19:34:24.469713
0.9471794063316156,18154,25,1,1,0,1,0.0,1.9000000000000001,2025-Jan-29-19:34:24.545425
0.4160201626761834,18155,25,1,0,1,1,1.9000000000000001,1.9000000000000001,2025-Jan-29-19:34:24.693575
0.5423573219619376,18156,25,1,0,1,0,1.9000000000000001,0.0,2025-Jan-29-19:34:24.793891
0.9760242519712691,18157,25,1,1,-1,1,0.0,1.9000000000000001,2025-Jan-29-19:34:24.878514
0.9848890270480929,18158,25,1,1,1,-1,1.9000000000000001,0.0,2025-Jan-29-19:34:24.968282
0.4160201626761834,18159,25,1,0,1,1,1.9000000000000001,1.9000000000000001,2025-Jan-29-19:34:25.062929
0.9760242519712691,18160,25,1,1,-1,1,0.0,1.9000000000000001,2025-Jan-29-19:34:25.148959
0.7710208028095181,18161,25,1,1,1,1,1.9000000000000001,1.9000000000000001,2025-Jan-29-19:34:25.243540
0.7710208028095181,18162,25,1,1,1,1,1.9000000000000001,1.9000000000000001,2025-Jan-29-19:34:25.342140
1.1986569067802102,18163,25,1,1,-1,-1,0.0,0.0,2025-Jan-29-19:34:25.409782
0.8436562666978078,18164,25,1,0,-1,-1,0.0,0.0,2025-Jan-29-19:34:25.478695
0.9471794063316156,18165,25,1,1,0,1,0.0,1.9000000000000001,2025-Jan-29-19:34:25.566502
0.9760242519712691,18166,25,1,1,-1,1,0.0,1.9000000000000001,2025-Jan-29-19:34:25.707692
0.4160201626761834,18167,25,1,0,1,1,1.9000000000000001,1.9000000000000001,2025-Jan-29-19:34:25.826603
0.8973579620796409,18168,25,1,1,1,0,1.9000000000000001,0.0,2025-Jan-29-19:34:25.908096
0.7710208028095181,18169,25,1,1,1,1,1.9000000000000001,1.9000000000000001,2025-Jan-29-19:34:26.007899
0.6298883869405699,18170,25,1,0,1,-1,1.9000000000000001,0.0,2025-Jan-29-19:34:26.098333
0.7710208028095181,18171,25,1,1,1,1,1.9000000000000001,1.9000000000000001,2025-Jan-29-19:34:26.197331
1.1986569067802102,18172,25,1,1,-1,-1,0.0,0.0,2025-Jan-29-19:34:26.269069
0.4160201626761834,18173,25,1,0,1,1,1.9000000000000001,1.9000000000000001,2025-Jan-29-19:34:26.367184
0.7710208028095181,18174,25,1,1,1,1,1.9000000000000001,1.9000000000000001,2025-Jan-29-19:34:26.804389
0.7710208028095181,18175,25,1,1,1,1,1.9000000000000001,1.9000000000000001,2025-Jan-29-19:34:26.942743
0.7710208028095181,18176,25,1,1,1,1,1.9000000000000001,1.9000000000000001,2025-Jan-29-19:34:27.048652
0.8973579620796409,18177,25,1,1,1,0,1.9000000000000001,0.0,2025-Jan-29-19:34:27.125025
0.9848890270480929,18178,25,1,1,1,-1,1.9000000000000001,0.0,2025-Jan-29-19:34:27.216126
0.8973579620796409,18179,25,1,1,1,0,1.9000000000000001,0.0,2025-Jan-29-19:34:27.292081
1.1986569067802102,18180,25,1,1,-1,-1,0.0,0.0,2025-Jan-29-19:34:27.364050
0.9760242519712691,18181,25,1,1,-1,1,0.0,1.9000000000000001,2025-Jan-29-19:34:27.451968
1.161059787788528,18182,25,1,1,0,-1,0.0,0.0,2025-Jan-29-19:34:27.511199
0.8973579620796409,18183,25,1,1,1,0,1.9000000000000001,0.0,2025-Jan-29-19:34:27.586170
0.7710208028095181,18184,25,1,1,1,1,1.9000000000000001,1.9000000000000001,2025-Jan-29-19:34:27.720220
1.161059787788528,18185,25,1,1,0,-1,0.0,0.0,2025-Jan-29-19:34:27.809269
0.7710208028095181,18186,25,1,1,1,1,1.9000000000000001,1.9000000000000001,2025-Jan-29-19:34:27.931349
0.7710208028095181,18187,25,1,1,1,1,1.9000000000000001,1.9000000000000001,2025-Jan-29-19:34:28.034186
1.1986569067802102,18188,25,1,1,-1,-1,0.0,0.0,2025-Jan-29-19:34:28.106318
0.5921787662199604,18189,25,1,0,0,1,0.0,1.9000000000000001,2025-Jan-29-19:34:28.182718
0.7710208028095181,18190,25,1,1,1,1,1.9000000000000001,1.9000000000000001,2025-Jan-29-19:34:28.280308
0.5423573219619376,18191,25,1,0,1,0,1.9000000000000001,0.0,2025-Jan-29-19:34:28.352994
0.7710208028095181,18192,25,1,1,1,1,1.9000000000000001,1.9000000000000001,2025-Jan-29-19:34:28.447561
0.7710208028095181,18193,25,1,1,1,1,1.9000000000000001,1.9000000000000001,2025-Jan-29-19:34:28.542546
0.8973579620796409,18194,25,1,1,1,0,1.9000000000000001,0.0,2025-Jan-29-19:34:28.634945
0.7710208028095181,18195,25,1,1,1,1,1.9000000000000001,1.9000000000000001,2025-Jan-29-19:34:28.763363
0.8973579620796409,18196,25,1,1,1,0,1.9000000000000001,0.0,2025-Jan-29-19:34:28.856986
0.7710208028095181,18197,25,1,1,1,1,1.9000000000000001,1.9000000000000001,2025-Jan-29-19:34:28.952027
0.7710208028095181,18198,25,1,1,1,1,1.9000000000000001,1.9000000000000001,2025-Jan-29-19:34:29.046717
0.7710208028095181,18199,25,1,1,1,1,1.9000000000000001,1.9000000000000001,2025-Jan-29-19:34:29.141402
0.7710208028095181,18200,25,1,1,1,1,1.9000000000000001,1.9000000000000001,2025-Jan-29-19:34:29.235529
0.6298883869405699,18201,25,1,0,1,-1,1.9000000000000001,0.0,2025-Jan-29-19:34:29.319997
0.9760242519712691,18202,25,1,1,-1,1,0.0,1.9000000000000001,2025-Jan-29-19:34:29.403589
1.1986569067802102,18203,25,1,1,-1,-1,0.0,0.0,2025-Jan-29-19:34:29.471869
0.9471794063316156,18204,25,1,1,0,1,0.0,1.9000000000000001,2025-Jan-29-19:34:29.543478
0.7710208028095181,18205,25,1,1,1,1,1.9000000000000001,1.9000000000000001,2025-Jan-29-19:34:29.675675
0.5423573219619376,18206,25,1,0,1,0,1.9000000000000001,0.0,2025-Jan-29-19:34:29.781720
0.9760242519712691,18207,25,1,1,-1,1,0.0,1.9000000000000001,2025-Jan-29-19:34:29.867549
0.4160201626761834,18208,25,1,0,1,1,1.9000000000000001,1.9000000000000001,2025-Jan-29-19:34:29.965077
0.9471794063316156,18209,25,1,1,0,1,0.0,1.9000000000000001,2025-Jan-29-19:34:30.036786
0.9760242519712691,18210,25,1,1,-1,1,0.0,1.9000000000000001,2025-Jan-29-19:34:30.121164
0.7710208028095181,18211,25,1,1,1,1,1.9000000000000001,1.9000000000000001,2025-Jan-29-19:34:30.215557
0.7710208028095181,18212,25,1,1,1,1,1.9000000000000001,1.9000000000000001,2025-Jan-29-19:34:30.312781
1.1986569067802102,18213,25,1,1,-1,-1,0.0,0.0,2025-Jan-29-19:34:30.381235
0.8436562666978078,18214,25,1,0,-1,-1,0.0,0.0,2025-Jan-29-19:34:30.449125
0.9471794063316156,18215,25,1,1,0,1,0.0,1.9000000000000001,2025-Jan-29-19:34:30.521730
0.9760242519712691,18216,25,1,1,-1,1,0.0,1.9000000000000001,2025-Jan-29-19:34:30.632807
0.4160201626761834,18217,25,1,0,1,1,1.9000000000000001,1.9000000000000001,2025-Jan-29-19:34:30.763829
0.8973579620796409,18218,25,1,1,1,0,1.9000000000000001,0.0,2025-Jan-29-19:34:30.839859
0.7710208028095181,18219,25,1,1,1,1,1.9000000000000001,1.9000000000000001,2025-Jan-29-19:34:30.940487
0.6298883869405699,18220,25,1,0,1,-1,1.9000000000000001,0.0,2025-Jan-29-19:34:31.025654
0.7710208028095181,18221,25,1,1,1,1,1.9000000000000001,1.9000000000000001,2025-Jan-29-19:34:31.128609
1.1986569067802102,18222,25,1,1,-1,-1,0.0,0.0,2025-Jan-29-19:34:31.199665
0.7710208028095181,18223,25,1,1,1,1,1.9000000000000001,1.9000000000000001,2025-Jan-29-19:34:31.299704
0.7710208028095181,18224,25,1,1,1,1,1.9000000000000001,1.9000000000000001,2025-Jan-29-19:34:31.402365
0.7710208028095181,18225,25,1,1,1,1,1.9000000000000001,1.9000000000000001,2025-Jan-29-19:34:31.510631
0.7710208028095181,18226,25,1,1,1,1,1.9000000000000001,1.9000000000000001,2025-Jan-29-19:34:31.655979
0.8973579620796409,18227,25,1,1,1,0,1.9000000000000001,0.0,2025-Jan-29-19:34:31.770893
0.9848890270480929,18228,25,1,1,1,-1,1.9000000000000001,0.0,2025-Jan-29-19:34:31.860827
0.8973579620796409,18229,25,1,1,1,0,1.9000000000000001,0.0,2025-Jan-29-19:34:31.934102
1.1986569067802102,18230,25,1,1,-1,-1,0.0,0.0,2025-Jan-29-19:34:32.002505
0.9760242519712691,18231,25,1,1,-1,1,0.0,1.9000000000000001,2025-Jan-29-19:34:32.088403
1.161059787788528,18232,25,1,1,0,-1,0.0,0.0,2025-Jan-29-19:34:32.155440
0.8973579620796409,18233,25,1,1,1,0,1.9000000000000001,0.0,2025-Jan-29-19:34:32.232493
0.4160201626761834,18234,25,1,0,1,1,1.9000000000000001,1.9000000000000001,2025-Jan-29-19:34:32.328802
1.161059787788528,18235,25,1,1,0,-1,0.0,0.0,2025-Jan-29-19:34:32.385154
0.7710208028095181,18236,25,1,1,1,1,1.9000000000000001,1.9000000000000001,2025-Jan-29-19:34:32.480072
0.7710208028095181,18237,25,1,1,1,1,1.9000000000000001,1.9000000000000001,2025-Jan-29-19:34:32.593109
1.1986569067802102,18238,25,1,1,-1,-1,0.0,0.0,2025-Jan-29-19:34:32.695277
0.5921787662199604,18239,25,1,0,0,1,0.0,1.9000000000000001,2025-Jan-29-19:34:32.797006
0.7710208028095181,18240,25,1,1,1,1,1.9000000000000001,1.9000000000000001,2025-Jan-29-19:34:32.893846
0.5423573219619376,18241,25,1,0,1,0,1.9000000000000001,0.0,2025-Jan-29-19:34:32.966035
0.7710208028095181,18242,25,1,1,1,1,1.9000000000000001,1.9000000000000001,2025-Jan-29-19:34:33.060085
0.7710208028095181,18243,25,1,1,1,1,1.9000000000000001,1.9000000000000001,2025-Jan-29-19:34:33.153926
0.8973579620796409,18244,25,1,1,1,0,1.9000000000000001,0.0,2025-Jan-29-19:34:33.224874
0.7710208028095181,18245,25,1,1,1,1,1.9000000000000001,1.9000000000000001,2025-Jan-29-19:34:33.318685
0.8973579620796409,18246,25,1,1,1,0,1.9000000000000001,0.0,2025-Jan-29-19:34:33.390280
0.7710208028095181,18247,25,1,1,1,1,1.9000000000000001,1.9000000000000001,2025-Jan-29-19:34:33.484442
0.7710208028095181,18248,25,1,1,1,1,1.9000000000000001,1.9000000000000001,2025-Jan-29-19:34:33.598043
0.7710208028095181,18249,25,1,1,1,1,1.9000000000000001,1.9000000000000001,2025-Jan-29-19:34:33.916631
0.7710208028095181,18250,25,1,1,1,1,1.9000000000000001,1.9000000000000001,2025-Jan-29-19:34:34.029273
0.6298883869405699,18251,25,1,0,1,-1,1.9000000000000001,0.0,2025-Jan-29-19:34:34.114019
0.9760242519712691,18252,25,1,1,-1,1,0.0,1.9000000000000001,2025-Jan-29-19:34:34.197963
1.1986569067802102,18253,25,1,1,-1,-1,0.0,0.0,2025-Jan-29-19:34:34.266319
0.9471794063316156,18254,25,1,1,0,1,0.0,1.9000000000000001,2025-Jan-29-19:34:34.337489
0.7710208028095181,18255,25,1,1,1,1,1.9000000000000001,1.9000000000000001,2025-Jan-29-19:34:34.431886
0.5423573219619376,18256,25,1,0,1,0,1.9000000000000001,0.0,2025-Jan-29-19:34:34.502851
0.7710208028095181,18257,25,1,1,1,1,1.9000000000000001,1.9000000000000001,2025-Jan-29-19:34:34.611733
0.4160201626761834,18258,25,1,0,1,1,1.9000000000000001,1.9000000000000001,2025-Jan-29-19:34:34.746122
0.9471794063316156,18259,25,1,1,0,1,0.0,1.9000000000000001,2025-Jan-29-19:34:34.820486
0.9760242519712691,18260,25,1,1,-1,1,0.0,1.9000000000000001,2025-Jan-29-19:34:34.905339
0.7710208028095181,18261,25,1,1,1,1,1.9000000000000001,1.9000000000000001,2025-Jan-29-19:34:34.999190
0.7710208028095181,18262,25,1,1,1,1,1.9000000000000001,1.9000000000000001,2025-Jan-29-19:34:35.093427
1.1986569067802102,18263,25,1,1,-1,-1,0.0,0.0,2025-Jan-29-19:34:35.163608
0.4160201626761834,18264,25,1,0,1,1,1.9000000000000001,1.9000000000000001,2025-Jan-29-19:34:35.258873
0.9471794063316156,18265,25,1,1,0,1,0.0,1.9000000000000001,2025-Jan-29-19:34:35.331594
0.9760242519712691,18266,25,1,1,-1,1,0.0,1.9000000000000001,2025-Jan-29-19:34:35.414625
0.4160201626761834,18267,25,1,0,1,1,1.9000000000000001,1.9000000000000001,2025-Jan-29-19:34:35.509222
0.8973579620796409,18268,25,1,1,1,0,1.9000000000000001,0.0,2025-Jan-29-19:34:35.604631
0.7710208028095181,18269,25,1,1,1,1,1.9000000000000001,1.9000000000000001,2025-Jan-29-19:34:35.729014
0.6298883869405699,18270,25,1,0,1,-1,1.9000000000000001,0.0,2025-Jan-29-19:34:35.832142
0.7710208028095181,18271,25,1,1,1,1,1.9000000000000001,1.9000000000000001,2025-Jan-29-19:34:35.936500
1.1986569067802102,18272,25,1,1,-1,-1,0.0,0.0,2025-Jan-29-19:34:36.004990
0.4160201626761834,18273,25,1,0,1,1,1.9000000000000001,1.9000000000000001,2025-Jan-29-19:34:36.104285
0.7710208028095181,18274,25,1,1,1,1,1.9000000000000001,1.9000000000000001,2025-Jan-29-19:34:36.204187
0.7710208028095181,18275,25,1,1,1,1,1.9000000000000001,1.9000000000000001,2025-Jan-29-19:34:36.303774
0.7710208028095181,18276,25,1,1,1,1,1.9000000000000001,1.9000000000000001,2025-Jan-29-19:34:36.402472
0.8973579620796409,18277,25,1,1,1,0,1.9000000000000001,0.0,2025-Jan-29-19:34:36.477974
0.9848890270480929,18278,25,1,1,1,-1,1.9000000000000001,0.0,2025-Jan-29-19:34:36.593373
0.8973579620796409,18279,25,1,1,1,0,1.9000000000000001,0.0,2025-Jan-29-19:34:36.722372
1.1986569067802102,18280,25,1,1,-1,-1,0.0,0.0,2025-Jan-29-19:34:36.818050
0.9760242519712691,18281,25,1,1,-1,1,0.0,1.9000000000000001,2025-Jan-29-19:34:36.907037
0.4160201626761834,18282,25,1,0,1,1,1.9000000000000001,1.9000000000000001,2025-Jan-29-19:34:37.005523
0.4160201626761834,18283,25,1,0,1,1,1.9000000000000001,1.9000000000000001,2025-Jan-29-19:34:37.105108
0.7710208028095181,18284,25,1,1,1,1,1.9000000000000001,1.9000000000000001,2025-Jan-29-19:34:37.203074
1.161059787788528,18285,25,1,1,0,-1,0.0,0.0,2025-Jan-29-19:34:37.262141
0.7710208028095181,18286,25,1,1,1,1,1.9000000000000001,1.9000000000000001,2025-Jan-29-19:34:37.360049
0.4160201626761834,18287,25,1,0,1,1,1.9000000000000001,1.9000000000000001,2025-Jan-29-19:34:37.457689
1.1986569067802102,18288,25,1,1,-1,-1,0.0,0.0,2025-Jan-29-19:34:37.527950
0.5921787662199604,18289,25,1,0,0,1,0.0,1.9000000000000001,2025-Jan-29-19:34:37.624830
0.7710208028095181,18290,25,1,1,1,1,1.9000000000000001,1.9000000000000001,2025-Jan-29-19:34:37.786964
0.5423573219619376,18291,25,1,0,1,0,1.9000000000000001,0.0,2025-Jan-29-19:34:37.864390
0.7710208028095181,18292,25,1,1,1,1,1.9000000000000001,1.9000000000000001,2025-Jan-29-19:34:37.963751
0.7710208028095181,18293,25,1,1,1,1,1.9000000000000001,1.9000000000000001,2025-Jan-29-19:34:38.062172
0.8973579620796409,18294,25,1,1,1,0,1.9000000000000001,0.0,2025-Jan-29-19:34:38.135937
0.7710208028095181,18295,25,1,1,1,1,1.9000000000000001,1.9000000000000001,2025-Jan-29-19:34:38.234965
0.8973579620796409,18296,25,1,1,1,0,1.9000000000000001,0.0,2025-Jan-29-19:34:38.310025
0.7710208028095181,18297,25,1,1,1,1,1.9000000000000001,1.9000000000000001,2025-Jan-29-19:34:38.406546
0.7710208028095181,18298,25,1,1,1,1,1.9000000000000001,1.9000000000000001,2025-Jan-29-19:34:38.503405
0.7710208028095181,18299,25,1,1,1,1,1.9000000000000001,1.9000000000000001,2025-Jan-29-19:34:38.616327
0.7710208028095181,18300,25,1,1,1,1,1.9000000000000001,1.9000000000000001,2025-Jan-29-19:34:38.765871
0.6298883869405699,18301,25,1,0,1,-1,1.9000000000000001,0.0,2025-Jan-29-19:34:38.856229
0.9760242519712691,18302,25,1,1,-1,1,0.0,1.9000000000000001,2025-Jan-29-19:34:38.944231
1.1986569067802102,18303,25,1,1,-1,-1,0.0,0.0,2025-Jan-29-19:34:39.016040
0.9471794063316156,18304,25,1,1,0,1,0.0,1.9000000000000001,2025-Jan-29-19:34:39.091449
0.7710208028095181,18305,25,1,1,1,1,1.9000000000000001,1.9000000000000001,2025-Jan-29-19:34:39.190203
0.5423573219619376,18306,25,1,0,1,0,1.9000000000000001,0.0,2025-Jan-29-19:34:39.264827
0.7710208028095181,18307,25,1,1,1,1,1.9000000000000001,1.9000000000000001,2025-Jan-29-19:34:39.362686
0.4160201626761834,18308,25,1,0,1,1,1.9000000000000001,1.9000000000000001,2025-Jan-29-19:34:39.460662
0.9471794063316156,18309,25,1,1,0,1,0.0,1.9000000000000001,2025-Jan-29-19:34:39.534877
0.9760242519712691,18310,25,1,1,-1,1,0.0,1.9000000000000001,2025-Jan-29-19:34:39.653682
0.7710208028095181,18311,25,1,1,1,1,1.9000000000000001,1.9000000000000001,2025-Jan-29-19:34:39.791278
0.7710208028095181,18312,25,1,1,1,1,1.9000000000000001,1.9000000000000001,2025-Jan-29-19:34:39.893588
1.1986569067802102,18313,25,1,1,-1,-1,0.0,0.0,2025-Jan-29-19:34:39.965653
0.8436562666978078,18314,25,1,0,-1,-1,0.0,0.0,2025-Jan-29-19:34:40.036048
