Cost,Sim,Switch_State_Indx,Gen1_on,Gen2_on,Batt1_mode,Batt2_mode,Batt1_power_kW,Batt2_power_kW,Timestamp
0.9848890270480929,18315,25,1,1,1,-1,1.9000000000000001,0.0,2025-Jan-29-19:34:40.124979
1.1111128709475113,18316,25,1,1,-1,0,0.0,0.0,2025-Jan-29-19:34:40.184675
0.7185205030005031,18317,25,1,0,0,0,0.0,0.0,2025-Jan-29-19:34:40.228244
1.0735211430969913,18318,25,1,1,0,0,0.0,0.0,2025-Jan-29-19:34:40.272334
0.8973579620796409,18319,25,1,1,1,0,1.9000000000000001,0.0,2025-Jan-29-19:34:40.676935
1.1986569067802102,18320,25,1,1,-1,-1,0.0,0.0,2025-Jan-29-19:34:40.816797
0.629780506117975,18321,25,1,0,-1,1,0.0,1.9000000000000001,2025-Jan-29-19:34:40.910128
0.9760242519712691,18322,25,1,1,-1,1,0.0,1.9000000000000001,2025-Jan-29-19:34:41.003047
0.8060591477019475,18323,25,1,0,0,-1,0.0,0.0,2025-Jan-29-19:34:41.062719
0.6298883869405699,18324,25,1,0,1,-1,1.9000000000000001,0.0,2025-Jan-29-19:34:41.151300
0.6298883869405699,18325,25,1,0,1,-1,1.9000000000000001,0.0,2025-Jan-29-19:34:41.239055
1.161059787788528,18326,25,1,1,0,-1,0.0,0.0,2025-Jan-29-19:34:41.298306
1.1111128709475113,18327,25,1,1,-1,0,0.0,0.0,2025-Jan-29-19:34:41.356207
0.8060591477019475,18328,25,1,0,0,-1,0.0,0.0,2025-Jan-29-19:34:41.413084
0.8436562666978078,18329,25,1,0,-1,-1,0.0,0.0,2025-Jan-29-19:34:41.482721
0.6298883869405699,18330,25,1,0,1,-1,1.9000000000000001,0.0,2025-Jan-29-19:34:41.591558
0.4160201626761834,18331,25,1,0,1,1,1.9000000000000001,1.9000000000000001,2025-Jan-29-19:34:41.735928
0.5423573219619376,18332,25,1,0,1,0,1.9000000000000001,0.0,2025-Jan-29-19:34:41.827547
0.5423573219619376,18333,25,1,0,1,0,1.9000000000000001,0.0,2025-Jan-29-19:34:41.905964
0.7561122308552579,18334,25,1,0,-1,0,0.0,0.0,2025-Jan-29-19:34:41.965134
0.9760242519712691,18335,25,1,1,-1,1,0.0,1.9000000000000001,2025-Jan-29-19:34:42.053113
1.161059787788528,18336,25,1,1,0,-1,0.0,0.0,2025-Jan-29-19:34:42.111498
0.5423573219619376,18337,25,1,0,1,0,1.9000000000000001,0.0,2025-Jan-29-19:34:42.186619
0.7561122308552579,18338,25,1,0,-1,0,0.0,0.0,2025-Jan-29-19:34:42.245305
1.0735211430969913,18339,25,1,1,0,0,0.0,0.0,2025-Jan-29-19:34:42.291371
1.0735211430969913,18340,25,1,1,0,0,0.0,0.0,2025-Jan-29-19:34:42.337147
1.1111128709475113,18341,25,1,1,-1,0,0.0,0.0,2025-Jan-29-19:34:42.394857
0.7185205030005031,18342,25,1,0,0,0,0.0,0.0,2025-Jan-29-19:34:42.440445
0.8060591477019475,18343,25,1,0,0,-1,0.0,0.0,2025-Jan-29-19:34:42.497204
0.629780506117975,18344,25,1,0,-1,1,0.0,1.9000000000000001,2025-Jan-29-19:34:42.605308
1.1111128709475113,18345,25,1,1,-1,0,0.0,0.0,2025-Jan-29-19:34:42.708241
0.5921787662199604,18346,25,1,0,0,1,0.0,1.9000000000000001,2025-Jan-29-19:34:42.812206
0.8436562666978078,18347,25,1,0,-1,-1,0.0,0.0,2025-Jan-29-19:34:42.885996
0.7710208028095181,18348,25,1,1,1,1,1.9000000000000001,1.9000000000000001,2025-Jan-29-19:34:42.984618
1.0735211430969913,18349,25,1,1,0,0,0.0,0.0,2025-Jan-29-19:34:43.030722
0.7561122308552579,18350,25,1,0,-1,0,0.0,0.0,2025-Jan-29-19:34:43.089121
0.7561122308552579,18351,25,1,0,-1,0,0.0,0.0,2025-Jan-29-19:34:43.148098
1.1986569067802102,18352,25,1,1,-1,-1,0.0,0.0,2025-Jan-29-19:34:43.219521
0.8436562666978078,18353,25,1,0,-1,-1,0.0,0.0,2025-Jan-29-19:34:43.290665
1.0735211430969913,18354,25,1,1,0,0,0.0,0.0,2025-Jan-29-19:34:43.336430
0.5921787662199604,18355,25,1,0,0,1,0.0,1.9000000000000001,2025-Jan-29-19:34:43.410874
0.9471794063316156,18356,25,1,1,0,1,0.0,1.9000000000000001,2025-Jan-29-19:34:43.485100
1.1111128709475113,18357,25,1,1,-1,0,0.0,0.0,2025-Jan-29-19:34:43.541959
0.7185205030005031,18358,25,1,0,0,0,0.0,0.0,2025-Jan-29-19:34:43.604988
1.1111128709475113,18359,25,1,1,-1,0,0.0,0.0,2025-Jan-29-19:34:43.684909
0.9471794063316156,18360,25,1,1,0,1,0.0,1.9000000000000001,2025-Jan-29-19:34:43.781871
0.7185205030005031,18361,25,1,0,0,0,0.0,0.0,2025-Jan-29-19:34:43.827983
0.8060591477019475,18362,25,1,0,0,-1,0.0,0.0,2025-Jan-29-19:34:43.883966
0.7185205030005031,18363,25,1,0,0,0,0.0,0.0,2025-Jan-29-19:34:43.927383
0.8973579620796409,18364,25,1,1,1,0,1.9000000000000001,0.0,2025-Jan-29-19:34:43.998964
1.0735211430969913,18365,25,1,1,0,0,0.0,0.0,2025-Jan-29-19:34:44.041736
0.4160201626761834,18366,25,1,0,1,1,1.9000000000000001,1.9000000000000001,2025-Jan-29-19:34:44.136555
0.4160201626761834,18367,25,1,0,1,1,1.9000000000000001,1.9000000000000001,2025-Jan-29-19:34:44.231481
1.0735211430969913,18368,25,1,1,0,0,0.0,0.0,2025-Jan-29-19:34:44.274375
0.8973579620796409,18369,25,1,1,1,0,1.9000000000000001,0.0,2025-Jan-29-19:34:44.345858
1.1986569067802102,18370,25,1,1,-1,-1,0.0,0.0,2025-Jan-29-19:34:44.413043
0.7185205030005031,18371,25,1,0,0,0,0.0,0.0,2025-Jan-29-19:34:44.455853
0.7185205030005031,18372,25,1,0,0,0,0.0,0.0,2025-Jan-29-19:34:44.498640
0.8060591477019475,18373,25,1,0,0,-1,0.0,0.0,2025-Jan-29-19:34:44.563892
0.9848890270480929,18374,25,1,1,1,-1,1.9000000000000001,0.0,2025-Jan-29-19:34:44.686257
0.6298883869405699,18375,25,1,0,1,-1,1.9000000000000001,0.0,2025-Jan-29-19:34:44.800246
0.7185205030005031,18376,25,1,0,0,0,0.0,0.0,2025-Jan-29-19:34:44.845009
0.7185205030005031,18377,25,1,0,0,0,0.0,0.0,2025-Jan-29-19:34:44.890624
0.7185205030005031,18378,25,1,0,0,0,0.0,0.0,2025-Jan-29-19:34:44.934379
0.7185205030005031,18379,25,1,0,0,0,0.0,0.0,2025-Jan-29-19:34:44.977173
0.9848890270480929,18380,25,1,1,1,-1,1.9000000000000001,0.0,2025-Jan-29-19:34:45.060763
0.4160201626761834,18381,25,1,0,1,1,1.9000000000000001,1.9000000000000001,2025-Jan-29-19:34:45.154474
0.4160201626761834,18382,25,1,0,1,1,1.9000000000000001,1.9000000000000001,2025-Jan-29-19:34:45.249153
0.4160201626761834,18383,25,1,0,1,1,1.9000000000000001,1.9000000000000001,2025-Jan-29-19:34:45.344670
1.1111128709475113,18384,25,1,1,-1,0,0.0,0.0,2025-Jan-29-19:34:45.399945
0.9760242519712691,18385,25,1,1,-1,1,0.0,1.9000000000000001,2025-Jan-29-19:34:45.483261
1.161059787788528,18386,25,1,1,0,-1,0.0,0.0,2025-Jan-29-19:34:45.538159
0.4160201626761834,18387,25,1,0,1,1,1.9000000000000001,1.9000000000000001,2025-Jan-29-19:34:45.668873
0.7185205030005031,18388,25,1,0,0,0,0.0,0.0,2025-Jan-29-19:34:45.742524
0.4160201626761834,18389,25,1,0,1,1,1.9000000000000001,1.9000000000000001,2025-Jan-29-19:34:45.843245
1.0735211430969913,18390,25,1,1,0,0,0.0,0.0,2025-Jan-29-19:34:45.888920
1.1111128709475113,18391,25,1,1,-1,0,0.0,0.0,2025-Jan-29-19:34:45.944582
0.7185205030005031,18392,25,1,0,0,0,0.0,0.0,2025-Jan-29-19:34:45.987466
1.161059787788528,18393,25,1,1,0,-1,0.0,0.0,2025-Jan-29-19:34:46.042785
0.7185205030005031,18394,25,1,0,0,0,0.0,0.0,2025-Jan-29-19:34:46.258433
1.1111128709475113,18395,25,1,1,-1,0,0.0,0.0,2025-Jan-29-19:34:46.314446
0.4160201626761834,18396,25,1,0,1,1,1.9000000000000001,1.9000000000000001,2025-Jan-29-19:34:46.409456
1.1986569067802102,18397,25,1,1,-1,-1,0.0,0.0,2025-Jan-29-19:34:46.477114
0.7710208028095181,18398,25,1,1,1,1,1.9000000000000001,1.9000000000000001,2025-Jan-29-19:34:46.587263
0.7185205030005031,18399,25,1,0,0,0,0.0,0.0,2025-Jan-29-19:34:46.667512
0.7561122308552579,18400,25,1,0,-1,0,0.0,0.0,2025-Jan-29-19:34:46.757115
0.7185205030005031,18401,25,1,0,0,0,0.0,0.0,2025-Jan-29-19:34:46.802901
1.1986569067802102,18402,25,1,1,-1,-1,0.0,0.0,2025-Jan-29-19:34:46.870447
0.4160201626761834,18403,25,1,0,1,1,1.9000000000000001,1.9000000000000001,2025-Jan-29-19:34:46.964860
0.7185205030005031,18404,25,1,0,0,0,0.0,0.0,2025-Jan-29-19:34:47.007672
0.4160201626761834,18405,25,1,0,1,1,1.9000000000000001,1.9000000000000001,2025-Jan-29-19:34:47.103423
0.7710208028095181,18406,25,1,1,1,1,1.9000000000000001,1.9000000000000001,2025-Jan-29-19:34:47.204916
1.1111128709475113,18407,25,1,1,-1,0,0.0,0.0,2025-Jan-29-19:34:47.262899
0.4160201626761834,18408,25,1,0,1,1,1.9000000000000001,1.9000000000000001,2025-Jan-29-19:34:47.357430
0.7185205030005031,18409,25,1,0,0,0,0.0,0.0,2025-Jan-29-19:34:47.400440
0.9471794063316156,18410,25,1,1,0,1,0.0,1.9000000000000001,2025-Jan-29-19:34:47.472346
1.0735211430969913,18411,25,1,1,0,0,0.0,0.0,2025-Jan-29-19:34:47.515496
0.4160201626761834,18412,25,1,0,1,1,1.9000000000000001,1.9000000000000001,2025-Jan-29-19:34:47.650673
0.7185205030005031,18413,25,1,0,0,0,0.0,0.0,2025-Jan-29-19:34:47.719040
0.8973579620796409,18414,25,1,1,1,0,1.9000000000000001,0.0,2025-Jan-29-19:34:47.817179
0.7185205030005031,18415,25,1,0,0,0,0.0,0.0,2025-Jan-29-19:34:47.861797
0.7185205030005031,18416,25,1,0,0,0,0.0,0.0,2025-Jan-29-19:34:47.906056
0.7185205030005031,18417,25,1,0,0,0,0.0,0.0,2025-Jan-29-19:34:47.949467
0.4160201626761834,18418,25,1,0,1,1,1.9000000000000001,1.9000000000000001,2025-Jan-29-19:34:48.043875
0.7185205030005031,18419,25,1,0,0,0,0.0,0.0,2025-Jan-29-19:34:48.087122
0.9848890270480929,18420,25,1,1,1,-1,1.9000000000000001,0.0,2025-Jan-29-19:34:48.171179
0.9760242519712691,18421,25,1,1,-1,1,0.0,1.9000000000000001,2025-Jan-29-19:34:48.254792
1.0735211430969913,18422,25,1,1,0,0,0.0,0.0,2025-Jan-29-19:34:48.297927
0.8060591477019475,18423,25,1,0,0,-1,0.0,0.0,2025-Jan-29-19:34:48.353129
0.9848890270480929,18424,25,1,1,1,-1,1.9000000000000001,0.0,2025-Jan-29-19:34:48.436945
0.4160201626761834,18425,25,1,0,1,1,1.9000000000000001,1.9000000000000001,2025-Jan-29-19:34:48.531494
0.7710208028095181,18426,25,1,1,1,1,1.9000000000000001,1.9000000000000001,2025-Jan-29-19:34:48.646694
0.7185205030005031,18427,25,1,0,0,0,0.0,0.0,2025-Jan-29-19:34:48.722599
0.7185205030005031,18428,25,1,0,0,0,0.0,0.0,2025-Jan-29-19:34:48.788628
0.7185205030005031,18429,25,1,0,0,0,0.0,0.0,2025-Jan-29-19:34:48.833360
0.7710208028095181,18430,25,1,1,1,1,1.9000000000000001,1.9000000000000001,2025-Jan-29-19:34:48.930011
0.7710208028095181,18431,25,1,1,1,1,1.9000000000000001,1.9000000000000001,2025-Jan-29-19:34:49.024867
0.7710208028095181,18432,25,1,1,1,1,1.9000000000000001,1.9000000000000001,2025-Jan-29-19:34:49.118782
0.7185205030005031,18433,25,1,0,0,0,0.0,0.0,2025-Jan-29-19:34:49.161663
0.7710208028095181,18434,25,1,1,1,1,1.9000000000000001,1.9000000000000001,2025-Jan-29-19:34:49.256500
0.9760242519712691,18435,25,1,1,-1,1,0.0,1.9000000000000001,2025-Jan-29-19:34:49.339378
0.7185205030005031,18436,25,1,0,0,0,0.0,0.0,2025-Jan-29-19:34:49.382422
0.7185205030005031,18437,25,1,0,0,0,0.0,0.0,2025-Jan-29-19:34:49.425630
0.7185205030005031,18438,25,1,0,0,0,0.0,0.0,2025-Jan-29-19:34:49.468912
0.7185205030005031,18439,25,1,0,0,0,0.0,0.0,2025-Jan-29-19:34:49.512051
0.7185205030005031,18440,25,1,0,0,0,0.0,0.0,2025-Jan-29-19:34:49.572339
0.4160201626761834,18441,25,1,0,1,1,1.9000000000000001,1.9000000000000001,2025-Jan-29-19:34:49.707910
0.5921787662199604,18442,25,1,0,0,1,0.0,1.9000000000000001,2025-Jan-29-19:34:49.810646
1.161059787788528,18443,25,1,1,0,-1,0.0,0.0,2025-Jan-29-19:34:49.867460
0.629780506117975,18444,25,1,0,-1,1,0.0,1.9000000000000001,2025-Jan-29-19:34:49.951258
1.1111128709475113,18445,25,1,1,-1,0,0.0,0.0,2025-Jan-29-19:34:50.006848
0.7185205030005031,18446,25,1,0,0,0,0.0,0.0,2025-Jan-29-19:34:50.050125
1.1986569067802102,18447,25,1,1,-1,-1,0.0,0.0,2025-Jan-29-19:34:50.117510
0.7185205030005031,18448,25,1,0,0,0,0.0,0.0,2025-Jan-29-19:34:50.160473
0.7185205030005031,18449,25,1,0,0,0,0.0,0.0,2025-Jan-29-19:34:50.203501
0.7185205030005031,18450,25,1,0,0,0,0.0,0.0,2025-Jan-29-19:34:50.246470
0.7185205030005031,18451,25,1,0,0,0,0.0,0.0,2025-Jan-29-19:34:50.289749
0.7185205030005031,18452,25,1,0,0,0,0.0,0.0,2025-Jan-29-19:34:50.332776
0.7185205030005031,18453,25,1,0,0,0,0.0,0.0,2025-Jan-29-19:34:50.375773
0.4160201626761834,18454,25,1,0,1,1,1.9000000000000001,1.9000000000000001,2025-Jan-29-19:34:50.470682
0.7710208028095181,18455,25,1,1,1,1,1.9000000000000001,1.9000000000000001,2025-Jan-29-19:34:50.578576
0.7710208028095181,18456,25,1,1,1,1,1.9000000000000001,1.9000000000000001,2025-Jan-29-19:34:50.707886
0.7710208028095181,18457,25,1,1,1,1,1.9000000000000001,1.9000000000000001,2025-Jan-29-19:34:50.838585
0.7185205030005031,18458,25,1,0,0,0,0.0,0.0,2025-Jan-29-19:34:50.890897
0.7185205030005031,18459,25,1,0,0,0,0.0,0.0,2025-Jan-29-19:34:50.936953
0.9471794063316156,18460,25,1,1,0,1,0.0,1.9000000000000001,2025-Jan-29-19:34:51.009288
1.0735211430969913,18461,25,1,1,0,0,0.0,0.0,2025-Jan-29-19:34:51.052517
0.7185205030005031,18462,25,1,0,0,0,0.0,0.0,2025-Jan-29-19:34:51.095576
0.7710208028095181,18463,25,1,1,1,1,1.9000000000000001,1.9000000000000001,2025-Jan-29-19:34:51.190005
0.7185205030005031,18464,25,1,0,0,0,0.0,0.0,2025-Jan-29-19:34:51.233137
0.7185205030005031,18465,25,1,0,0,0,0.0,0.0,2025-Jan-29-19:34:51.277231
0.7185205030005031,18466,25,1,0,0,0,0.0,0.0,2025-Jan-29-19:34:51.321825
0.7185205030005031,18467,25,1,0,0,0,0.0,0.0,2025-Jan-29-19:34:51.365077
0.4160201626761834,18468,25,1,0,1,1,1.9000000000000001,1.9000000000000001,2025-Jan-29-19:34:51.460000
0.7185205030005031,18469,25,1,0,0,0,0.0,0.0,2025-Jan-29-19:34:51.503549
0.7185205030005031,18470,25,1,0,0,0,0.0,0.0,2025-Jan-29-19:34:51.546601
0.7185205030005031,18471,25,1,0,0,0,0.0,0.0,2025-Jan-29-19:34:51.622329
1.0735211430969913,18472,25,1,1,0,0,0.0,0.0,2025-Jan-29-19:34:51.691412
0.4160201626761834,18473,25,1,0,1,1,1.9000000000000001,1.9000000000000001,2025-Jan-29-19:34:51.810888
0.7185205030005031,18474,25,1,0,0,0,0.0,0.0,2025-Jan-29-19:34:51.855585
0.7185205030005031,18475,25,1,0,0,0,0.0,0.0,2025-Jan-29-19:34:51.898914
0.7710208028095181,18476,25,1,1,1,1,1.9000000000000001,1.9000000000000001,2025-Jan-29-19:34:51.995876
0.7185205030005031,18477,25,1,0,0,0,0.0,0.0,2025-Jan-29-19:34:52.039705
0.7185205030005031,18478,25,1,0,0,0,0.0,0.0,2025-Jan-29-19:34:52.084120
0.7185205030005031,18479,25,1,0,0,0,0.0,0.0,2025-Jan-29-19:34:52.127605
0.7710208028095181,18480,25,1,1,1,1,1.9000000000000001,1.9000000000000001,2025-Jan-29-19:34:52.221680
0.4160201626761834,18481,25,1,0,1,1,1.9000000000000001,1.9000000000000001,2025-Jan-29-19:34:52.316586
0.7185205030005031,18482,25,1,0,0,0,0.0,0.0,2025-Jan-29-19:34:52.359841
0.7185205030005031,18483,25,1,0,0,0,0.0,0.0,2025-Jan-29-19:34:52.593932
1.1111128709475113,18484,25,1,1,-1,0,0.0,0.0,2025-Jan-29-19:34:52.684788
0.7185205030005031,18485,25,1,0,0,0,0.0,0.0,2025-Jan-29-19:34:52.751156
0.7710208028095181,18486,25,1,1,1,1,1.9000000000000001,1.9000000000000001,2025-Jan-29-19:34:52.852626
0.7185205030005031,18487,25,1,0,0,0,0.0,0.0,2025-Jan-29-19:34:52.896244
0.7185205030005031,18488,25,1,0,0,0,0.0,0.0,2025-Jan-29-19:34:52.940214
0.7185205030005031,18489,25,1,0,0,0,0.0,0.0,2025-Jan-29-19:34:52.983923
0.7185205030005031,18490,25,1,0,0,0,0.0,0.0,2025-Jan-29-19:34:53.027933
0.7185205030005031,18491,25,1,0,0,0,0.0,0.0,2025-Jan-29-19:34:53.071407
0.9471794063316156,18492,25,1,1,0,1,0.0,1.9000000000000001,2025-Jan-29-19:34:53.143486
0.7710208028095181,18493,25,1,1,1,1,1.9000000000000001,1.9000000000000001,2025-Jan-29-19:34:53.238222
0.4160201626761834,18494,25,1,0,1,1,1.9000000000000001,1.9000000000000001,2025-Jan-29-19:34:53.332640
0.7185205030005031,18495,25,1,0,0,0,0.0,0.0,2025-Jan-29-19:34:53.375731
0.7185205030005031,18496,25,1,0,0,0,0.0,0.0,2025-Jan-29-19:34:53.418372
1.1986569067802102,18497,25,1,1,-1,-1,0.0,0.0,2025-Jan-29-19:34:53.485517
0.7185205030005031,18498,25,1,0,0,0,0.0,0.0,2025-Jan-29-19:34:53.528544
0.8060591477019475,18499,25,1,0,0,-1,0.0,0.0,2025-Jan-29-19:34:53.598490
0.7185205030005031,18500,25,1,0,0,0,0.0,0.0,2025-Jan-29-19:34:53.667128
0.7185205030005031,18501,25,1,0,0,0,0.0,0.0,2025-Jan-29-19:34:53.745822
0.7185205030005031,18502,25,1,0,0,0,0.0,0.0,2025-Jan-29-19:34:53.796826
0.7185205030005031,18503,25,1,0,0,0,0.0,0.0,2025-Jan-29-19:34:53.839566
0.7710208028095181,18504,25,1,1,1,1,1.9000000000000001,1.9000000000000001,2025-Jan-29-19:34:53.936244
0.7185205030005031,18505,25,1,0,0,0,0.0,0.0,2025-Jan-29-19:34:53.979819
0.7185205030005031,18506,25,1,0,0,0,0.0,0.0,2025-Jan-29-19:34:54.022775
0.7710208028095181,18507,25,1,1,1,1,1.9000000000000001,1.9000000000000001,2025-Jan-29-19:34:54.117116
0.7185205030005031,18508,25,1,0,0,0,0.0,0.0,2025-Jan-29-19:34:54.159874
0.7185205030005031,18509,25,1,0,0,0,0.0,0.0,2025-Jan-29-19:34:54.202671
0.4160201626761834,18510,25,1,0,1,1,1.9000000000000001,1.9000000000000001,2025-Jan-29-19:34:54.296901
1.0735211430969913,18511,25,1,1,0,0,0.0,0.0,2025-Jan-29-19:34:54.339718
0.7185205030005031,18512,25,1,0,0,0,0.0,0.0,2025-Jan-29-19:34:54.382771
0.7185205030005031,18513,25,1,0,0,0,0.0,0.0,2025-Jan-29-19:34:54.425956
0.7710208028095181,18514,25,1,1,1,1,1.9000000000000001,1.9000000000000001,2025-Jan-29-19:34:54.520758
1.0735211430969913,18515,25,1,1,0,0,0.0,0.0,2025-Jan-29-19:34:54.589045
0.7185205030005031,18516,25,1,0,0,0,0.0,0.0,2025-Jan-29-19:34:54.667573
0.4160201626761834,18517,25,1,0,1,1,1.9000000000000001,1.9000000000000001,2025-Jan-29-19:34:54.792944
0.4160201626761834,18518,25,1,0,1,1,1.9000000000000001,1.9000000000000001,2025-Jan-29-19:34:54.888798
0.7185205030005031,18519,25,1,0,0,0,0.0,0.0,2025-Jan-29-19:34:54.934038
0.7185205030005031,18520,25,1,0,0,0,0.0,0.0,2025-Jan-29-19:34:54.977280
0.9760242519712691,18521,25,1,1,-1,1,0.0,1.9000000000000001,2025-Jan-29-19:34:55.060156
0.7185205030005031,18522,25,1,0,0,0,0.0,0.0,2025-Jan-29-19:34:55.102876
0.7185205030005031,18523,25,1,0,0,0,0.0,0.0,2025-Jan-29-19:34:55.145345
0.7185205030005031,18524,25,1,0,0,0,0.0,0.0,2025-Jan-29-19:34:55.187937
0.4160201626761834,18525,25,1,0,1,1,1.9000000000000001,1.9000000000000001,2025-Jan-29-19:34:55.281873
0.7185205030005031,18526,25,1,0,0,0,0.0,0.0,2025-Jan-29-19:34:55.324617
0.7185205030005031,18527,25,1,0,0,0,0.0,0.0,2025-Jan-29-19:34:55.367594
0.4160201626761834,18528,25,1,0,1,1,1.9000000000000001,1.9000000000000001,2025-Jan-29-19:34:55.461768
1.0735211430969913,18529,25,1,1,0,0,0.0,0.0,2025-Jan-29-19:34:55.504738
0.7710208028095181,18530,25,1,1,1,1,1.9000000000000001,1.9000000000000001,2025-Jan-29-19:34:55.624287
0.7185205030005031,18531,25,1,0,0,0,0.0,0.0,2025-Jan-29-19:34:55.692862
0.7710208028095181,18532,25,1,1,1,1,1.9000000000000001,1.9000000000000001,2025-Jan-29-19:34:55.820393
0.7185205030005031,18533,25,1,0,0,0,0.0,0.0,2025-Jan-29-19:34:55.867681
1.1111128709475113,18534,25,1,1,-1,0,0.0,0.0,2025-Jan-29-19:34:55.925335
1.0735211430969913,18535,25,1,1,0,0,0.0,0.0,2025-Jan-29-19:34:55.971527
1.0735211430969913,18536,25,1,1,0,0,0.0,0.0,2025-Jan-29-19:34:56.017663
0.7185205030005031,18537,25,1,0,0,0,0.0,0.0,2025-Jan-29-19:34:56.064453
1.0735211430969913,18538,25,1,1,0,0,0.0,0.0,2025-Jan-29-19:34:56.109112
0.7185205030005031,18539,25,1,0,0,0,0.0,0.0,2025-Jan-29-19:34:56.155731
0.7185205030005031,18540,25,1,0,0,0,0.0,0.0,2025-Jan-29-19:34:56.201381
0.7185205030005031,18541,25,1,0,0,0,0.0,0.0,2025-Jan-29-19:34:56.246969
0.9471794063316156,18542,25,1,1,0,1,0.0,1.9000000000000001,2025-Jan-29-19:34:56.320855
0.7185205030005031,18543,25,1,0,0,0,0.0,0.0,2025-Jan-29-19:34:56.366195
0.7710208028095181,18544,25,1,1,1,1,1.9000000000000001,1.9000000000000001,2025-Jan-29-19:34:56.463714
0.7185205030005031,18545,25,1,0,0,0,0.0,0.0,2025-Jan-29-19:34:56.509671
0.7185205030005031,18546,25,1,0,0,0,0.0,0.0,2025-Jan-29-19:34:56.568051
0.7185205030005031,18547,25,1,0,0,0,0.0,0.0,2025-Jan-29-19:34:56.642651
0.7710208028095181,18548,25,1,1,1,1,1.9000000000000001,1.9000000000000001,2025-Jan-29-19:34:56.800415
0.7185205030005031,18549,25,1,0,0,0,0.0,0.0,2025-Jan-29-19:34:56.848589
0.4160201626761834,18550,25,1,0,1,1,1.9000000000000001,1.9000000000000001,2025-Jan-29-19:34:56.948869
0.7185205030005031,18551,25,1,0,0,0,0.0,0.0,2025-Jan-29-19:34:56.995533
0.7561122308552579,18552,25,1,0,-1,0,0.0,0.0,2025-Jan-29-19:34:57.054080
0.7185205030005031,18553,25,1,0,0,0,0.0,0.0,2025-Jan-29-19:34:57.101218
0.7185205030005031,18554,25,1,0,0,0,0.0,0.0,2025-Jan-29-19:34:57.146042
0.7710208028095181,18555,25,1,1,1,1,1.9000000000000001,1.9000000000000001,2025-Jan-29-19:34:57.244412
0.7185205030005031,18556,25,1,0,0,0,0.0,0.0,2025-Jan-29-19:34:57.289743
0.7710208028095181,18557,25,1,1,1,1,1.9000000000000001,1.9000000000000001,2025-Jan-29-19:34:57.388168
0.7185205030005031,18558,25,1,0,0,0,0.0,0.0,2025-Jan-29-19:34:57.433989
0.7185205030005031,18559,25,1,0,0,0,0.0,0.0,2025-Jan-29-19:34:57.479872
0.7185205030005031,18560,25,1,0,0,0,0.0,0.0,2025-Jan-29-19:34:57.525087
1.0735211430969913,18561,25,1,1,0,0,0.0,0.0,2025-Jan-29-19:34:57.593991
0.7710208028095181,18562,25,1,1,1,1,1.9000000000000001,1.9000000000000001,2025-Jan-29-19:34:57.742375
0.7710208028095181,18563,25,1,1,1,1,1.9000000000000001,1.9000000000000001,2025-Jan-29-19:34:57.860613
0.7710208028095181,18564,25,1,1,1,1,1.9000000000000001,1.9000000000000001,2025-Jan-29-19:34:57.963489
1.0735211430969913,18565,25,1,1,0,0,0.0,0.0,2025-Jan-29-19:34:58.288518
0.7185205030005031,18566,25,1,0,0,0,0.0,0.0,2025-Jan-29-19:34:58.338651
0.7710208028095181,18567,25,1,1,1,1,1.9000000000000001,1.9000000000000001,2025-Jan-29-19:34:58.436879
0.4160201626761834,18568,25,1,0,1,1,1.9000000000000001,1.9000000000000001,2025-Jan-29-19:34:58.539458
0.7185205030005031,18569,25,1,0,0,0,0.0,0.0,2025-Jan-29-19:34:58.602353
0.7185205030005031,18570,25,1,0,0,0,0.0,0.0,2025-Jan-29-19:34:58.675187
0.9760242519712691,18571,25,1,1,-1,1,0.0,1.9000000000000001,2025-Jan-29-19:34:58.789349
0.7185205030005031,18572,25,1,0,0,0,0.0,0.0,2025-Jan-29-19:34:58.834929
0.7710208028095181,18573,25,1,1,1,1,1.9000000000000001,1.9000000000000001,2025-Jan-29-19:34:58.929012
0.9848890270480929,18574,25,1,1,1,-1,1.9000000000000001,0.0,2025-Jan-29-19:34:59.012525
0.7185205030005031,18575,25,1,0,0,0,0.0,0.0,2025-Jan-29-19:34:59.055454
0.7185205030005031,18576,25,1,0,0,0,0.0,0.0,2025-Jan-29-19:34:59.098292
0.4160201626761834,18577,25,1,0,1,1,1.9000000000000001,1.9000000000000001,2025-Jan-29-19:34:59.192129
0.7185205030005031,18578,25,1,0,0,0,0.0,0.0,2025-Jan-29-19:34:59.235112
0.7710208028095181,18579,25,1,1,1,1,1.9000000000000001,1.9000000000000001,2025-Jan-29-19:34:59.329206
0.7185205030005031,18580,25,1,0,0,0,0.0,0.0,2025-Jan-29-19:34:59.371791
0.4160201626761834,18581,25,1,0,1,1,1.9000000000000001,1.9000000000000001,2025-Jan-29-19:34:59.466295
0.7185205030005031,18582,25,1,0,0,0,0.0,0.0,2025-Jan-29-19:34:59.509530
0.4160201626761834,18583,25,1,0,1,1,1.9000000000000001,1.9000000000000001,2025-Jan-29-19:34:59.623700
1.1111128709475113,18584,25,1,1,-1,0,0.0,0.0,2025-Jan-29-19:34:59.719469
0.7185205030005031,18585,25,1,0,0,0,0.0,0.0,2025-Jan-29-19:34:59.786519
1.0735211430969913,18586,25,1,1,0,0,0.0,0.0,2025-Jan-29-19:34:59.831846
0.7710208028095181,18587,25,1,1,1,1,1.9000000000000001,1.9000000000000001,2025-Jan-29-19:34:59.928715
0.7185205030005031,18588,25,1,0,0,0,0.0,0.0,2025-Jan-29-19:34:59.971509
0.4160201626761834,18589,25,1,0,1,1,1.9000000000000001,1.9000000000000001,2025-Jan-29-19:35:00.069567
0.7185205030005031,18590,25,1,0,0,0,0.0,0.0,2025-Jan-29-19:35:00.114177
0.4160201626761834,18591,25,1,0,1,1,1.9000000000000001,1.9000000000000001,2025-Jan-29-19:35:00.210862
0.7185205030005031,18592,25,1,0,0,0,0.0,0.0,2025-Jan-29-19:35:00.254777
0.7185205030005031,18593,25,1,0,0,0,0.0,0.0,2025-Jan-29-19:35:00.298913
0.7710208028095181,18594,25,1,1,1,1,1.9000000000000001,1.9000000000000001,2025-Jan-29-19:35:00.397680
0.7185205030005031,18595,25,1,0,0,0,0.0,0.0,2025-Jan-29-19:35:00.441361
0.7185205030005031,18596,25,1,0,0,0,0.0,0.0,2025-Jan-29-19:35:00.484476
1.0735211430969913,18597,25,1,1,0,0,0.0,0.0,2025-Jan-29-19:35:00.527926
0.7185205030005031,18598,25,1,0,0,0,0.0,0.0,2025-Jan-29-19:35:00.595321
0.7185205030005031,18599,25,1,0,0,0,0.0,0.0,2025-Jan-29-19:35:00.668530
0.7185205030005031,18600,25,1,0,0,0,0.0,0.0,2025-Jan-29-19:35:00.745965
0.8436562666978078,18601,25,1,0,-1,-1,0.0,0.0,2025-Jan-29-19:35:00.831887
0.8436562666978078,18602,25,1,0,-1,-1,0.0,0.0,2025-Jan-29-19:35:00.900063
0.7710208028095181,18603,25,1,1,1,1,1.9000000000000001,1.9000000000000001,2025-Jan-29-19:35:00.998632
0.4160201626761834,18604,25,1,0,1,1,1.9000000000000001,1.9000000000000001,2025-Jan-29-19:35:01.097547
0.7185205030005031,18605,25,1,0,0,0,0.0,0.0,2025-Jan-29-19:35:01.141335
0.7710208028095181,18606,25,1,1,1,1,1.9000000000000001,1.9000000000000001,2025-Jan-29-19:35:01.240460
0.4160201626761834,18607,25,1,0,1,1,1.9000000000000001,1.9000000000000001,2025-Jan-29-19:35:01.354993
0.7185205030005031,18608,25,1,0,0,0,0.0,0.0,2025-Jan-29-19:35:01.401746
0.7185205030005031,18609,25,1,0,0,0,0.0,0.0,2025-Jan-29-19:35:01.448045
0.4160201626761834,18610,25,1,0,1,1,1.9000000000000001,1.9000000000000001,2025-Jan-29-19:35:01.576416
1.0735211430969913,18611,25,1,1,0,0,0.0,0.0,2025-Jan-29-19:35:01.664959
0.7710208028095181,18612,25,1,1,1,1,1.9000000000000001,1.9000000000000001,2025-Jan-29-19:35:01.817538
0.7710208028095181,18613,25,1,1,1,1,1.9000000000000001,1.9000000000000001,2025-Jan-29-19:35:01.917489
0.7185205030005031,18614,25,1,0,0,0,0.0,0.0,2025-Jan-29-19:35:01.961631
0.7185205030005031,18615,25,1,0,0,0,0.0,0.0,2025-Jan-29-19:35:02.005390
