Cost,Sim,Switch_State_Indx,Gen1_on,Gen2_on,Batt1_mode,Batt2_mode,Batt1_power_kW,Batt2_power_kW,Timestamp
1.0735211430969913,21552,25,1,1,0,0,0.0,0.0,2025-Jan-29-19:38:36.244074
0.5921787662199604,21553,25,1,0,0,1,0.0,1.9000000000000001,2025-Jan-29-19:38:36.318758
0.7185205030005031,21554,25,1,0,0,0,0.0,0.0,2025-Jan-29-19:38:36.362569
1.1111128709475113,21555,25,1,1,-1,0,0.0,0.0,2025-Jan-29-19:38:36.422974
0.5423573219619376,21556,25,1,0,1,0,1.9000000000000001,0.0,2025-Jan-29-19:38:36.498072
1.161059787788528,21557,25,1,1,0,-1,0.0,0.0,2025-Jan-29-19:38:36.573078
0.8973579620796409,21558,25,1,1,1,0,1.9000000000000001,0.0,2025-Jan-29-19:38:36.690516
0.5921787662199604,21559,25,1,0,0,1,0.0,1.9000000000000001,2025-Jan-29-19:38:36.789480
0.7185205030005031,21560,25,1,0,0,0,0.0,0.0,2025-Jan-29-19:38:36.832945
1.1986569067802102,21561,25,1,1,-1,-1,0.0,0.0,2025-Jan-29-19:38:36.903139
0.7185205030005031,21562,25,1,0,0,0,0.0,0.0,2025-Jan-29-19:38:36.949699
0.5921787662199604,21563,25,1,0,0,1,0.0,1.9000000000000001,2025-Jan-29-19:38:37.025181
0.6298883869405699,21564,25,1,0,1,-1,1.9000000000000001,0.0,2025-Jan-29-19:38:37.114106
0.7185205030005031,21565,25,1,0,0,0,0.0,0.0,2025-Jan-29-19:38:37.159277
1.161059787788528,21566,25,1,1,0,-1,0.0,0.0,2025-Jan-29-19:38:37.219242
0.8973579620796409,21567,25,1,1,1,0,1.9000000000000001,0.0,2025-Jan-29-19:38:37.297479
0.8060591477019475,21568,25,1,0,0,-1,0.0,0.0,2025-Jan-29-19:38:37.356727
0.7185205030005031,21569,25,1,0,0,0,0.0,0.0,2025-Jan-29-19:38:37.401957
0.7185205030005031,21570,25,1,0,0,0,0.0,0.0,2025-Jan-29-19:38:37.447676
0.8436562666978078,21571,25,1,0,-1,-1,0.0,0.0,2025-Jan-29-19:38:37.518114
1.0735211430969913,21572,25,1,1,0,0,0.0,0.0,2025-Jan-29-19:38:37.600735
1.0735211430969913,21573,25,1,1,0,0,0.0,0.0,2025-Jan-29-19:38:37.675069
0.7561122308552579,21574,25,1,0,-1,0,0.0,0.0,2025-Jan-29-19:38:37.782307
0.4160201626761834,21575,25,1,0,1,1,1.9000000000000001,1.9000000000000001,2025-Jan-29-19:38:37.893789
0.7185205030005031,21576,25,1,0,0,0,0.0,0.0,2025-Jan-29-19:38:37.941085
0.5423573219619376,21577,25,1,0,1,0,1.9000000000000001,0.0,2025-Jan-29-19:38:38.017241
0.9760242519712691,21578,25,1,1,-1,1,0.0,1.9000000000000001,2025-Jan-29-19:38:38.104026
0.4160201626761834,21579,25,1,0,1,1,1.9000000000000001,1.9000000000000001,2025-Jan-29-19:38:38.203010
0.8973579620796409,21580,25,1,1,1,0,1.9000000000000001,0.0,2025-Jan-29-19:38:38.277977
0.7561122308552579,21581,25,1,0,-1,0,0.0,0.0,2025-Jan-29-19:38:38.335850
0.8973579620796409,21582,25,1,1,1,0,1.9000000000000001,0.0,2025-Jan-29-19:38:38.411746
1.0735211430969913,21583,25,1,1,0,0,0.0,0.0,2025-Jan-29-19:38:38.457194
0.8973579620796409,21584,25,1,1,1,0,1.9000000000000001,0.0,2025-Jan-29-19:38:38.531331
0.7710208028095181,21585,25,1,1,1,1,1.9000000000000001,1.9000000000000001,2025-Jan-29-19:38:38.659390
0.8060591477019475,21586,25,1,0,0,-1,0.0,0.0,2025-Jan-29-19:38:38.767902
0.5423573219619376,21587,25,1,0,1,0,1.9000000000000001,0.0,2025-Jan-29-19:38:38.850937
0.7185205030005031,21588,25,1,0,0,0,0.0,0.0,2025-Jan-29-19:38:38.900524
0.8060591477019475,21589,25,1,0,0,-1,0.0,0.0,2025-Jan-29-19:38:38.961777
1.0735211430969913,21590,25,1,1,0,0,0.0,0.0,2025-Jan-29-19:38:39.007359
1.1111128709475113,21591,25,1,1,-1,0,0.0,0.0,2025-Jan-29-19:38:39.064689
1.0735211430969913,21592,25,1,1,0,0,0.0,0.0,2025-Jan-29-19:38:39.108827
0.9471794063316156,21593,25,1,1,0,1,0.0,1.9000000000000001,2025-Jan-29-19:38:39.181936
0.9471794063316156,21594,25,1,1,0,1,0.0,1.9000000000000001,2025-Jan-29-19:38:39.539408
0.7185205030005031,21595,25,1,0,0,0,0.0,0.0,2025-Jan-29-19:38:39.608273
1.0735211430969913,21596,25,1,1,0,0,0.0,0.0,2025-Jan-29-19:38:39.694794
0.7185205030005031,21597,25,1,0,0,0,0.0,0.0,2025-Jan-29-19:38:39.769141
1.161059787788528,21598,25,1,1,0,-1,0.0,0.0,2025-Jan-29-19:38:39.846987
0.7710208028095181,21599,25,1,1,1,1,1.9000000000000001,1.9000000000000001,2025-Jan-29-19:38:39.941523
1.161059787788528,21600,25,1,1,0,-1,0.0,0.0,2025-Jan-29-19:38:39.997243
0.9760242519712691,21601,25,1,1,-1,1,0.0,1.9000000000000001,2025-Jan-29-19:38:40.080323
0.7185205030005031,21602,25,1,0,0,0,0.0,0.0,2025-Jan-29-19:38:40.123252
0.5423573219619376,21603,25,1,0,1,0,1.9000000000000001,0.0,2025-Jan-29-19:38:40.195081
0.6298883869405699,21604,25,1,0,1,-1,1.9000000000000001,0.0,2025-Jan-29-19:38:40.278902
0.5921787662199604,21605,25,1,0,0,1,0.0,1.9000000000000001,2025-Jan-29-19:38:40.350189
0.8060591477019475,21606,25,1,0,0,-1,0.0,0.0,2025-Jan-29-19:38:40.405725
0.7561122308552579,21607,25,1,0,-1,0,0.0,0.0,2025-Jan-29-19:38:40.461773
0.8060591477019475,21608,25,1,0,0,-1,0.0,0.0,2025-Jan-29-19:38:40.517554
0.7561122308552579,21609,25,1,0,-1,0,0.0,0.0,2025-Jan-29-19:38:40.592437
0.6298883869405699,21610,25,1,0,1,-1,1.9000000000000001,0.0,2025-Jan-29-19:38:40.712719
0.7185205030005031,21611,25,1,0,0,0,0.0,0.0,2025-Jan-29-19:38:40.778903
0.6298883869405699,21612,25,1,0,1,-1,1.9000000000000001,0.0,2025-Jan-29-19:38:40.868697
0.7561122308552579,21613,25,1,0,-1,0,0.0,0.0,2025-Jan-29-19:38:40.924859
0.7185205030005031,21614,25,1,0,0,0,0.0,0.0,2025-Jan-29-19:38:40.967976
0.629780506117975,21615,25,1,0,-1,1,0.0,1.9000000000000001,2025-Jan-29-19:38:41.051736
0.5423573219619376,21616,25,1,0,1,0,1.9000000000000001,0.0,2025-Jan-29-19:38:41.122806
0.5921787662199604,21617,25,1,0,0,1,0.0,1.9000000000000001,2025-Jan-29-19:38:41.193720
0.7561122308552579,21618,25,1,0,-1,0,0.0,0.0,2025-Jan-29-19:38:41.249304
0.6298883869405699,21619,25,1,0,1,-1,1.9000000000000001,0.0,2025-Jan-29-19:38:41.332484
0.4160201626761834,21620,25,1,0,1,1,1.9000000000000001,1.9000000000000001,2025-Jan-29-19:38:41.427439
0.7185205030005031,21621,25,1,0,0,0,0.0,0.0,2025-Jan-29-19:38:41.470136
0.8436562666978078,21622,25,1,0,-1,-1,0.0,0.0,2025-Jan-29-19:38:41.538650
0.4160201626761834,21623,25,1,0,1,1,1.9000000000000001,1.9000000000000001,2025-Jan-29-19:38:41.668604
0.5921787662199604,21624,25,1,0,0,1,0.0,1.9000000000000001,2025-Jan-29-19:38:41.771029
0.7185205030005031,21625,25,1,0,0,0,0.0,0.0,2025-Jan-29-19:38:41.817183
0.6298883869405699,21626,25,1,0,1,-1,1.9000000000000001,0.0,2025-Jan-29-19:38:41.901633
0.5921787662199604,21627,25,1,0,0,1,0.0,1.9000000000000001,2025-Jan-29-19:38:41.975908
0.7185205030005031,21628,25,1,0,0,0,0.0,0.0,2025-Jan-29-19:38:42.019042
0.7185205030005031,21629,25,1,0,0,0,0.0,0.0,2025-Jan-29-19:38:42.062778
0.5921787662199604,21630,25,1,0,0,1,0.0,1.9000000000000001,2025-Jan-29-19:38:42.134641
0.8060591477019475,21631,25,1,0,0,-1,0.0,0.0,2025-Jan-29-19:38:42.190478
0.5921787662199604,21632,25,1,0,0,1,0.0,1.9000000000000001,2025-Jan-29-19:38:42.261839
0.629780506117975,21633,25,1,0,-1,1,0.0,1.9000000000000001,2025-Jan-29-19:38:42.345190
0.5921787662199604,21634,25,1,0,0,1,0.0,1.9000000000000001,2025-Jan-29-19:38:42.417972
0.7185205030005031,21635,25,1,0,0,0,0.0,0.0,2025-Jan-29-19:38:42.460917
0.7561122308552579,21636,25,1,0,-1,0,0.0,0.0,2025-Jan-29-19:38:42.516448
0.8060591477019475,21637,25,1,0,0,-1,0.0,0.0,2025-Jan-29-19:38:42.600483
0.629780506117975,21638,25,1,0,-1,1,0.0,1.9000000000000001,2025-Jan-29-19:38:42.728757
0.5423573219619376,21639,25,1,0,1,0,1.9000000000000001,0.0,2025-Jan-29-19:38:42.818215
0.629780506117975,21640,25,1,0,-1,1,0.0,1.9000000000000001,2025-Jan-29-19:38:42.905614
0.8060591477019475,21641,25,1,0,0,-1,0.0,0.0,2025-Jan-29-19:38:42.961575
0.6298883869405699,21642,25,1,0,1,-1,1.9000000000000001,0.0,2025-Jan-29-19:38:43.045464
0.7561122308552579,21643,25,1,0,-1,0,0.0,0.0,2025-Jan-29-19:38:43.102861
0.5423573219619376,21644,25,1,0,1,0,1.9000000000000001,0.0,2025-Jan-29-19:38:43.176223
0.8436562666978078,21645,25,1,0,-1,-1,0.0,0.0,2025-Jan-29-19:38:43.244648
0.4160201626761834,21646,25,1,0,1,1,1.9000000000000001,1.9000000000000001,2025-Jan-29-19:38:43.339810
0.629780506117975,21647,25,1,0,-1,1,0.0,1.9000000000000001,2025-Jan-29-19:38:43.424282
0.7561122308552579,21648,25,1,0,-1,0,0.0,0.0,2025-Jan-29-19:38:43.479603
0.7185205030005031,21649,25,1,0,0,0,0.0,0.0,2025-Jan-29-19:38:43.522823
0.7561122308552579,21650,25,1,0,-1,0,0.0,0.0,2025-Jan-29-19:38:43.600024
0.7185205030005031,21651,25,1,0,0,0,0.0,0.0,2025-Jan-29-19:38:43.672326
0.629780506117975,21652,25,1,0,-1,1,0.0,1.9000000000000001,2025-Jan-29-19:38:43.788819
0.7185205030005031,21653,25,1,0,0,0,0.0,0.0,2025-Jan-29-19:38:43.833647
0.6298883869405699,21654,25,1,0,1,-1,1.9000000000000001,0.0,2025-Jan-29-19:38:43.920351
0.5921787662199604,21655,25,1,0,0,1,0.0,1.9000000000000001,2025-Jan-29-19:38:43.991870
0.7185205030005031,21656,25,1,0,0,0,0.0,0.0,2025-Jan-29-19:38:44.035356
0.7561122308552579,21657,25,1,0,-1,0,0.0,0.0,2025-Jan-29-19:38:44.090560
0.5921787662199604,21658,25,1,0,0,1,0.0,1.9000000000000001,2025-Jan-29-19:38:44.162647
0.7185205030005031,21659,25,1,0,0,0,0.0,0.0,2025-Jan-29-19:38:44.205310
0.7561122308552579,21660,25,1,0,-1,0,0.0,0.0,2025-Jan-29-19:38:44.260089
0.7185205030005031,21661,25,1,0,0,0,0.0,0.0,2025-Jan-29-19:38:44.303556
0.6298883869405699,21662,25,1,0,1,-1,1.9000000000000001,0.0,2025-Jan-29-19:38:44.386863
0.8060591477019475,21663,25,1,0,0,-1,0.0,0.0,2025-Jan-29-19:38:44.441851
0.7185205030005031,21664,25,1,0,0,0,0.0,0.0,2025-Jan-29-19:38:44.484311
0.9760242519712691,21665,25,1,1,-1,1,0.0,1.9000000000000001,2025-Jan-29-19:38:44.583132
0.5423573219619376,21666,25,1,0,1,0,1.9000000000000001,0.0,2025-Jan-29-19:38:44.695019
0.8060591477019475,21667,25,1,0,0,-1,0.0,0.0,2025-Jan-29-19:38:44.774040
0.8060591477019475,21668,25,1,0,0,-1,0.0,0.0,2025-Jan-29-19:38:44.829734
0.6298883869405699,21669,25,1,0,1,-1,1.9000000000000001,0.0,2025-Jan-29-19:38:44.913767
0.4160201626761834,21670,25,1,0,1,1,1.9000000000000001,1.9000000000000001,2025-Jan-29-19:38:45.008701
0.7185205030005031,21671,25,1,0,0,0,0.0,0.0,2025-Jan-29-19:38:45.054632
0.8436562666978078,21672,25,1,0,-1,-1,0.0,0.0,2025-Jan-29-19:38:45.123224
0.4160201626761834,21673,25,1,0,1,1,1.9000000000000001,1.9000000000000001,2025-Jan-29-19:38:45.416444
0.9471794063316156,21674,25,1,1,0,1,0.0,1.9000000000000001,2025-Jan-29-19:38:45.488701
0.7561122308552579,21675,25,1,0,-1,0,0.0,0.0,2025-Jan-29-19:38:45.543920
0.6298883869405699,21676,25,1,0,1,-1,1.9000000000000001,0.0,2025-Jan-29-19:38:45.667731
0.5423573219619376,21677,25,1,0,1,0,1.9000000000000001,0.0,2025-Jan-29-19:38:45.769286
0.7185205030005031,21678,25,1,0,0,0,0.0,0.0,2025-Jan-29-19:38:45.815862
0.6298883869405699,21679,25,1,0,1,-1,1.9000000000000001,0.0,2025-Jan-29-19:38:45.899660
0.5921787662199604,21680,25,1,0,0,1,0.0,1.9000000000000001,2025-Jan-29-19:38:45.971579
0.7561122308552579,21681,25,1,0,-1,0,0.0,0.0,2025-Jan-29-19:38:46.026768
0.5921787662199604,21682,25,1,0,0,1,0.0,1.9000000000000001,2025-Jan-29-19:38:46.098301
0.629780506117975,21683,25,1,0,-1,1,0.0,1.9000000000000001,2025-Jan-29-19:38:46.182357
0.5921787662199604,21684,25,1,0,0,1,0.0,1.9000000000000001,2025-Jan-29-19:38:46.253785
0.8060591477019475,21685,25,1,0,0,-1,0.0,0.0,2025-Jan-29-19:38:46.308707
0.7561122308552579,21686,25,1,0,-1,0,0.0,0.0,2025-Jan-29-19:38:46.366663
0.7561122308552579,21687,25,1,0,-1,0,0.0,0.0,2025-Jan-29-19:38:46.422961
0.629780506117975,21688,25,1,0,-1,1,0.0,1.9000000000000001,2025-Jan-29-19:38:46.506790
0.5423573219619376,21689,25,1,0,1,0,1.9000000000000001,0.0,2025-Jan-29-19:38:46.604576
0.5423573219619376,21690,25,1,0,1,0,1.9000000000000001,0.0,2025-Jan-29-19:38:46.708270
0.7185205030005031,21691,25,1,0,0,0,0.0,0.0,2025-Jan-29-19:38:46.773341
0.6298883869405699,21692,25,1,0,1,-1,1.9000000000000001,0.0,2025-Jan-29-19:38:46.857667
0.4160201626761834,21693,25,1,0,1,1,1.9000000000000001,1.9000000000000001,2025-Jan-29-19:38:46.954749
0.5423573219619376,21694,25,1,0,1,0,1.9000000000000001,0.0,2025-Jan-29-19:38:47.026145
0.7185205030005031,21695,25,1,0,0,0,0.0,0.0,2025-Jan-29-19:38:47.068989
0.4160201626761834,21696,25,1,0,1,1,1.9000000000000001,1.9000000000000001,2025-Jan-29-19:38:47.174430
0.629780506117975,21697,25,1,0,-1,1,0.0,1.9000000000000001,2025-Jan-29-19:38:47.264306
0.5423573219619376,21698,25,1,0,1,0,1.9000000000000001,0.0,2025-Jan-29-19:38:47.337838
0.7185205030005031,21699,25,1,0,0,0,0.0,0.0,2025-Jan-29-19:38:47.381335
0.8060591477019475,21700,25,1,0,0,-1,0.0,0.0,2025-Jan-29-19:38:47.436717
0.7185205030005031,21701,25,1,0,0,0,0.0,0.0,2025-Jan-29-19:38:47.479813
0.5423573219619376,21702,25,1,0,1,0,1.9000000000000001,0.0,2025-Jan-29-19:38:47.564799
0.7185205030005031,21703,25,1,0,0,0,0.0,0.0,2025-Jan-29-19:38:47.645649
0.7185205030005031,21704,25,1,0,0,0,0.0,0.0,2025-Jan-29-19:38:47.727283
0.7185205030005031,21705,25,1,0,0,0,0.0,0.0,2025-Jan-29-19:38:47.803049
0.7185205030005031,21706,25,1,0,0,0,0.0,0.0,2025-Jan-29-19:38:47.850425
0.7185205030005031,21707,25,1,0,0,0,0.0,0.0,2025-Jan-29-19:38:47.893706
0.7185205030005031,21708,25,1,0,0,0,0.0,0.0,2025-Jan-29-19:38:47.936395
0.7185205030005031,21709,25,1,0,0,0,0.0,0.0,2025-Jan-29-19:38:47.979646
0.7185205030005031,21710,25,1,0,0,0,0.0,0.0,2025-Jan-29-19:38:48.022744
0.7185205030005031,21711,25,1,0,0,0,0.0,0.0,2025-Jan-29-19:38:48.066065
0.7185205030005031,21712,25,1,0,0,0,0.0,0.0,2025-Jan-29-19:38:48.109808
0.7185205030005031,21713,25,1,0,0,0,0.0,0.0,2025-Jan-29-19:38:48.153641
0.7185205030005031,21714,25,1,0,0,0,0.0,0.0,2025-Jan-29-19:38:48.196377
0.7185205030005031,21715,25,1,0,0,0,0.0,0.0,2025-Jan-29-19:38:48.239534
0.7185205030005031,21716,25,1,0,0,0,0.0,0.0,2025-Jan-29-19:38:48.282524
0.7185205030005031,21717,25,1,0,0,0,0.0,0.0,2025-Jan-29-19:38:48.326367
0.7185205030005031,21718,25,1,0,0,0,0.0,0.0,2025-Jan-29-19:38:48.369731
0.7185205030005031,21719,25,1,0,0,0,0.0,0.0,2025-Jan-29-19:38:48.412844
0.7185205030005031,21720,25,1,0,0,0,0.0,0.0,2025-Jan-29-19:38:48.455718
0.7185205030005031,21721,25,1,0,0,0,0.0,0.0,2025-Jan-29-19:38:48.499113
0.7185205030005031,21722,25,1,0,0,0,0.0,0.0,2025-Jan-29-19:38:48.541786
0.7185205030005031,21723,25,1,0,0,0,0.0,0.0,2025-Jan-29-19:38:48.603410
0.7185205030005031,21724,25,1,0,0,0,0.0,0.0,2025-Jan-29-19:38:48.666010
0.7185205030005031,21725,25,1,0,0,0,0.0,0.0,2025-Jan-29-19:38:48.740976
0.7185205030005031,21726,25,1,0,0,0,0.0,0.0,2025-Jan-29-19:38:48.810779
0.7185205030005031,21727,25,1,0,0,0,0.0,0.0,2025-Jan-29-19:38:48.857597
0.7185205030005031,21728,25,1,0,0,0,0.0,0.0,2025-Jan-29-19:38:48.900867
0.7185205030005031,21729,25,1,0,0,0,0.0,0.0,2025-Jan-29-19:38:48.944393
0.7185205030005031,21730,25,1,0,0,0,0.0,0.0,2025-Jan-29-19:38:48.987660
0.7185205030005031,21731,25,1,0,0,0,0.0,0.0,2025-Jan-29-19:38:49.030926
0.7185205030005031,21732,25,1,0,0,0,0.0,0.0,2025-Jan-29-19:38:49.074057
0.7185205030005031,21733,25,1,0,0,0,0.0,0.0,2025-Jan-29-19:38:49.117341
0.7185205030005031,21734,25,1,0,0,0,0.0,0.0,2025-Jan-29-19:38:49.160408
0.7185205030005031,21735,25,1,0,0,0,0.0,0.0,2025-Jan-29-19:38:49.203288
0.7185205030005031,21736,25,1,0,0,0,0.0,0.0,2025-Jan-29-19:38:49.246193
0.7185205030005031,21737,25,1,0,0,0,0.0,0.0,2025-Jan-29-19:38:49.289301
0.7185205030005031,21738,25,1,0,0,0,0.0,0.0,2025-Jan-29-19:38:49.332584
0.7185205030005031,21739,25,1,0,0,0,0.0,0.0,2025-Jan-29-19:38:49.375831
0.7185205030005031,21740,25,1,0,0,0,0.0,0.0,2025-Jan-29-19:38:49.418910
0.7185205030005031,21741,25,1,0,0,0,0.0,0.0,2025-Jan-29-19:38:49.462023
0.7185205030005031,21742,25,1,0,0,0,0.0,0.0,2025-Jan-29-19:38:49.505111
0.7185205030005031,21743,25,1,0,0,0,0.0,0.0,2025-Jan-29-19:38:49.549249
0.7185205030005031,21744,25,1,0,0,0,0.0,0.0,2025-Jan-29-19:38:49.630593
0.7185205030005031,21745,25,1,0,0,0,0.0,0.0,2025-Jan-29-19:38:49.705466
0.7185205030005031,21746,25,1,0,0,0,0.0,0.0,2025-Jan-29-19:38:49.771494
0.7185205030005031,21747,25,1,0,0,0,0.0,0.0,2025-Jan-29-19:38:49.816716
0.7185205030005031,21748,25,1,0,0,0,0.0,0.0,2025-Jan-29-19:38:49.863104
0.7185205030005031,21749,25,1,0,0,0,0.0,0.0,2025-Jan-29-19:38:49.906356
0.7185205030005031,21750,25,1,0,0,0,0.0,0.0,2025-Jan-29-19:38:49.949542
0.7185205030005031,21751,25,1,0,0,0,0.0,0.0,2025-Jan-29-19:38:49.992754
0.7185205030005031,21752,25,1,0,0,0,0.0,0.0,2025-Jan-29-19:38:50.036349
0.5921787662199604,21753,25,1,0,0,1,0.0,1.9000000000000001,2025-Jan-29-19:38:50.109428
0.7185205030005031,21754,25,1,0,0,0,0.0,0.0,2025-Jan-29-19:38:50.152982
0.7561122308552579,21755,25,1,0,-1,0,0.0,0.0,2025-Jan-29-19:38:50.208789
0.5921787662199604,21756,25,1,0,0,1,0.0,1.9000000000000001,2025-Jan-29-19:38:50.281065
0.4160201626761834,21757,25,1,0,1,1,1.9000000000000001,1.9000000000000001,2025-Jan-29-19:38:50.376391
0.5423573219619376,21758,25,1,0,1,0,1.9000000000000001,0.0,2025-Jan-29-19:38:50.667039
0.5423573219619376,21759,25,1,0,1,0,1.9000000000000001,0.0,2025-Jan-29-19:38:50.773758
0.7185205030005031,21760,25,1,0,0,0,0.0,0.0,2025-Jan-29-19:38:50.827930
0.8436562666978078,21761,25,1,0,-1,-1,0.0,0.0,2025-Jan-29-19:38:50.904983
0.7185205030005031,21762,25,1,0,0,0,0.0,0.0,2025-Jan-29-19:38:50.952283
0.5423573219619376,21763,25,1,0,1,0,1.9000000000000001,0.0,2025-Jan-29-19:38:51.024347
0.7185205030005031,21764,25,1,0,0,0,0.0,0.0,2025-Jan-29-19:38:51.067645
0.7185205030005031,21765,25,1,0,0,0,0.0,0.0,2025-Jan-29-19:38:51.110954
0.8060591477019475,21766,25,1,0,0,-1,0.0,0.0,2025-Jan-29-19:38:51.167130
0.7185205030005031,21767,25,1,0,0,0,0.0,0.0,2025-Jan-29-19:38:51.210381
0.4160201626761834,21768,25,1,0,1,1,1.9000000000000001,1.9000000000000001,2025-Jan-29-19:38:51.307484
0.7185205030005031,21769,25,1,0,0,0,0.0,0.0,2025-Jan-29-19:38:51.352976
0.7185205030005031,21770,25,1,0,0,0,0.0,0.0,2025-Jan-29-19:38:51.395817
0.8436562666978078,21771,25,1,0,-1,-1,0.0,0.0,2025-Jan-29-19:38:51.463127
0.7185205030005031,21772,25,1,0,0,0,0.0,0.0,2025-Jan-29-19:38:51.506032
0.7185205030005031,21773,25,1,0,0,0,0.0,0.0,2025-Jan-29-19:38:51.548960
0.7561122308552579,21774,25,1,0,-1,0,0.0,0.0,2025-Jan-29-19:38:51.656835
0.7185205030005031,21775,25,1,0,0,0,0.0,0.0,2025-Jan-29-19:38:51.728515
0.7185205030005031,21776,25,1,0,0,0,0.0,0.0,2025-Jan-29-19:38:51.793002
0.5921787662199604,21777,25,1,0,0,1,0.0,1.9000000000000001,2025-Jan-29-19:38:51.867077
0.629780506117975,21778,25,1,0,-1,1,0.0,1.9000000000000001,2025-Jan-29-19:38:51.950523
0.7185205030005031,21779,25,1,0,0,0,0.0,0.0,2025-Jan-29-19:38:51.993347
0.5423573219619376,21780,25,1,0,1,0,1.9000000000000001,0.0,2025-Jan-29-19:38:52.065426
0.4160201626761834,21781,25,1,0,1,1,1.9000000000000001,1.9000000000000001,2025-Jan-29-19:38:52.160929
0.5423573219619376,21782,25,1,0,1,0,1.9000000000000001,0.0,2025-Jan-29-19:38:52.232315
0.7185205030005031,21783,25,1,0,0,0,0.0,0.0,2025-Jan-29-19:38:52.275826
0.5423573219619376,21784,25,1,0,1,0,1.9000000000000001,0.0,2025-Jan-29-19:38:52.346930
0.7185205030005031,21785,25,1,0,0,0,0.0,0.0,2025-Jan-29-19:38:52.390109
0.4160201626761834,21786,25,1,0,1,1,1.9000000000000001,1.9000000000000001,2025-Jan-29-19:38:52.484861
0.5921787662199604,21787,25,1,0,0,1,0.0,1.9000000000000001,2025-Jan-29-19:38:52.573956
0.7185205030005031,21788,25,1,0,0,0,0.0,0.0,2025-Jan-29-19:38:52.657416
0.8060591477019475,21789,25,1,0,0,-1,0.0,0.0,2025-Jan-29-19:38:52.750190
0.8060591477019475,21790,25,1,0,0,-1,0.0,0.0,2025-Jan-29-19:38:52.818637
0.6298883869405699,21791,25,1,0,1,-1,1.9000000000000001,0.0,2025-Jan-29-19:38:52.903067
0.7185205030005031,21792,25,1,0,0,0,0.0,0.0,2025-Jan-29-19:38:52.946135
0.7185205030005031,21793,25,1,0,0,0,0.0,0.0,2025-Jan-29-19:38:52.990960
0.5921787662199604,21794,25,1,0,0,1,0.0,1.9000000000000001,2025-Jan-29-19:38:53.062281
0.4160201626761834,21795,25,1,0,1,1,1.9000000000000001,1.9000000000000001,2025-Jan-29-19:38:53.156384
0.7185205030005031,21796,25,1,0,0,0,0.0,0.0,2025-Jan-29-19:38:53.199096
0.7185205030005031,21797,25,1,0,0,0,0.0,0.0,2025-Jan-29-19:38:53.242110
0.8060591477019475,21798,25,1,0,0,-1,0.0,0.0,2025-Jan-29-19:38:53.297787
0.4160201626761834,21799,25,1,0,1,1,1.9000000000000001,1.9000000000000001,2025-Jan-29-19:38:53.394291
0.4160201626761834,21800,25,1,0,1,1,1.9000000000000001,1.9000000000000001,2025-Jan-29-19:38:53.489348
0.629780506117975,21801,25,1,0,-1,1,0.0,1.9000000000000001,2025-Jan-29-19:38:53.593697
0.5921787662199604,21802,25,1,0,0,1,0.0,1.9000000000000001,2025-Jan-29-19:38:53.702562
0.5423573219619376,21803,25,1,0,1,0,1.9000000000000001,0.0,2025-Jan-29-19:38:53.806461
0.6298883869405699,21804,25,1,0,1,-1,1.9000000000000001,0.0,2025-Jan-29-19:38:53.891542
0.5921787662199604,21805,25,1,0,0,1,0.0,1.9000000000000001,2025-Jan-29-19:38:53.962814
0.5423573219619376,21806,25,1,0,1,0,1.9000000000000001,0.0,2025-Jan-29-19:38:54.036590
0.6298883869405699,21807,25,1,0,1,-1,1.9000000000000001,0.0,2025-Jan-29-19:38:54.123185
0.7185205030005031,21808,25,1,0,0,0,0.0,0.0,2025-Jan-29-19:38:54.167034
0.5423573219619376,21809,25,1,0,1,0,1.9000000000000001,0.0,2025-Jan-29-19:38:54.238165
0.4160201626761834,21810,25,1,0,1,1,1.9000000000000001,1.9000000000000001,2025-Jan-29-19:38:54.332530
0.7185205030005031,21811,25,1,0,0,0,0.0,0.0,2025-Jan-29-19:38:54.377348
0.5423573219619376,21812,25,1,0,1,0,1.9000000000000001,0.0,2025-Jan-29-19:38:54.450826
0.629780506117975,21813,25,1,0,-1,1,0.0,1.9000000000000001,2025-Jan-29-19:38:54.535103
0.5423573219619376,21814,25,1,0,1,0,1.9000000000000001,0.0,2025-Jan-29-19:38:54.629153
0.629780506117975,21815,25,1,0,-1,1,0.0,1.9000000000000001,2025-Jan-29-19:38:54.751085
0.8060591477019475,21816,25,1,0,0,-1,0.0,0.0,2025-Jan-29-19:38:54.812209
0.5921787662199604,21817,25,1,0,0,1,0.0,1.9000000000000001,2025-Jan-29-19:38:54.884757
0.4160201626761834,21818,25,1,0,1,1,1.9000000000000001,1.9000000000000001,2025-Jan-29-19:38:54.979607
0.6298883869405699,21819,25,1,0,1,-1,1.9000000000000001,0.0,2025-Jan-29-19:38:55.063143
0.7710208028095181,21820,25,1,1,1,1,1.9000000000000001,1.9000000000000001,2025-Jan-29-19:38:55.157273
0.7185205030005031,21821,25,1,0,0,0,0.0,0.0,2025-Jan-29-19:38:55.200177
0.5921787662199604,21822,25,1,0,0,1,0.0,1.9000000000000001,2025-Jan-29-19:38:55.272718
0.629780506117975,21823,25,1,0,-1,1,0.0,1.9000000000000001,2025-Jan-29-19:38:55.357338
0.7185205030005031,21824,25,1,0,0,0,0.0,0.0,2025-Jan-29-19:38:55.401565
0.7185205030005031,21825,25,1,0,0,0,0.0,0.0,2025-Jan-29-19:38:55.444409
0.6298883869405699,21826,25,1,0,1,-1,1.9000000000000001,0.0,2025-Jan-29-19:38:55.528609
0.7185205030005031,21827,25,1,0,0,0,0.0,0.0,2025-Jan-29-19:38:55.596788
0.629780506117975,21828,25,1,0,-1,1,0.0,1.9000000000000001,2025-Jan-29-19:38:55.715145
0.7561122308552579,21829,25,1,0,-1,0,0.0,0.0,2025-Jan-29-19:38:55.795766
0.4160201626761834,21830,25,1,0,1,1,1.9000000000000001,1.9000000000000001,2025-Jan-29-19:38:55.892997
0.4160201626761834,21831,25,1,0,1,1,1.9000000000000001,1.9000000000000001,2025-Jan-29-19:38:55.987956
0.5423573219619376,21832,25,1,0,1,0,1.9000000000000001,0.0,2025-Jan-29-19:38:56.061115
0.629780506117975,21833,25,1,0,-1,1,0.0,1.9000000000000001,2025-Jan-29-19:38:56.145280
0.5423573219619376,21834,25,1,0,1,0,1.9000000000000001,0.0,2025-Jan-29-19:38:56.216906
0.7561122308552579,21835,25,1,0,-1,0,0.0,0.0,2025-Jan-29-19:38:56.272164
0.4160201626761834,21836,25,1,0,1,1,1.9000000000000001,1.9000000000000001,2025-Jan-29-19:38:56.366384
0.5423573219619376,21837,25,1,0,1,0,1.9000000000000001,0.0,2025-Jan-29-19:38:56.438977
0.4160201626761834,21838,25,1,0,1,1,1.9000000000000001,1.9000000000000001,2025-Jan-29-19:38:56.533503
0.5423573219619376,21839,25,1,0,1,0,1.9000000000000001,0.0,2025-Jan-29-19:38:56.617556
0.7185205030005031,21840,25,1,0,0,0,0.0,0.0,2025-Jan-29-19:38:56.683745
0.6298883869405699,21841,25,1,0,1,-1,1.9000000000000001,0.0,2025-Jan-29-19:38:56.802089
0.6298883869405699,21842,25,1,0,1,-1,1.9000000000000001,0.0,2025-Jan-29-19:38:56.889113
0.4160201626761834,21843,25,1,0,1,1,1.9000000000000001,1.9000000000000001,2025-Jan-29-19:38:56.983701
0.5423573219619376,21844,25,1,0,1,0,1.9000000000000001,0.0,2025-Jan-29-19:38:57.054871
0.629780506117975,21845,25,1,0,-1,1,0.0,1.9000000000000001,2025-Jan-29-19:38:57.338511
0.4160201626761834,21846,25,1,0,1,1,1.9000000000000001,1.9000000000000001,2025-Jan-29-19:38:57.434879
0.4160201626761834,21847,25,1,0,1,1,1.9000000000000001,1.9000000000000001,2025-Jan-29-19:38:57.529570
0.5423573219619376,21848,25,1,0,1,0,1.9000000000000001,0.0,2025-Jan-29-19:38:57.617020
0.4160201626761834,21849,25,1,0,1,1,1.9000000000000001,1.9000000000000001,2025-Jan-29-19:38:57.749761
0.5423573219619376,21850,25,1,0,1,0,1.9000000000000001,0.0,2025-Jan-29-19:38:57.822484
0.629780506117975,21851,25,1,0,-1,1,0.0,1.9000000000000001,2025-Jan-29-19:38:57.906367
0.4160201626761834,21852,25,1,0,1,1,1.9000000000000001,1.9000000000000001,2025-Jan-29-19:38:58.000534
0.7185205030005031,21853,25,1,0,0,0,0.0,0.0,2025-Jan-29-19:38:58.043426
0.7185205030005031,21854,25,1,0,0,0,0.0,0.0,2025-Jan-29-19:38:58.087912
0.7185205030005031,21855,25,1,0,0,0,0.0,0.0,2025-Jan-29-19:38:58.130987
0.7185205030005031,21856,25,1,0,0,0,0.0,0.0,2025-Jan-29-19:38:58.174230
0.7185205030005031,21857,25,1,0,0,0,0.0,0.0,2025-Jan-29-19:38:58.217257
0.7185205030005031,21858,25,1,0,0,0,0.0,0.0,2025-Jan-29-19:38:58.260478
0.7185205030005031,21859,25,1,0,0,0,0.0,0.0,2025-Jan-29-19:38:58.303347
0.7185205030005031,21860,25,1,0,0,0,0.0,0.0,2025-Jan-29-19:38:58.346457
0.7185205030005031,21861,25,1,0,0,0,0.0,0.0,2025-Jan-29-19:38:58.390496
0.7185205030005031,21862,25,1,0,0,0,0.0,0.0,2025-Jan-29-19:38:58.433433
0.7185205030005031,21863,25,1,0,0,0,0.0,0.0,2025-Jan-29-19:38:58.476390
0.7185205030005031,21864,25,1,0,0,0,0.0,0.0,2025-Jan-29-19:38:58.519391
0.7185205030005031,21865,25,1,0,0,0,0.0,0.0,2025-Jan-29-19:38:58.582384
0.7185205030005031,21866,25,1,0,0,0,0.0,0.0,2025-Jan-29-19:38:58.655517
0.7185205030005031,21867,25,1,0,0,0,0.0,0.0,2025-Jan-29-19:38:58.738683
0.7185205030005031,21868,25,1,0,0,0,0.0,0.0,2025-Jan-29-19:38:58.803511
0.7185205030005031,21869,25,1,0,0,0,0.0,0.0,2025-Jan-29-19:38:58.849265
0.7185205030005031,21870,25,1,0,0,0,0.0,0.0,2025-Jan-29-19:38:58.893128
0.7185205030005031,21871,25,1,0,0,0,0.0,0.0,2025-Jan-29-19:38:58.938762
0.7185205030005031,21872,25,1,0,0,0,0.0,0.0,2025-Jan-29-19:38:58.981785
0.7185205030005031,21873,25,1,0,0,0,0.0,0.0,2025-Jan-29-19:38:59.024770
0.7185205030005031,21874,25,1,0,0,0,0.0,0.0,2025-Jan-29-19:38:59.068184
0.7185205030005031,21875,25,1,0,0,0,0.0,0.0,2025-Jan-29-19:38:59.111276
0.7185205030005031,21876,25,1,0,0,0,0.0,0.0,2025-Jan-29-19:38:59.154319
0.7185205030005031,21877,25,1,0,0,0,0.0,0.0,2025-Jan-29-19:38:59.197467
0.7185205030005031,21878,25,1,0,0,0,0.0,0.0,2025-Jan-29-19:38:59.240624
0.7185205030005031,21879,25,1,0,0,0,0.0,0.0,2025-Jan-29-19:38:59.283888
0.7185205030005031,21880,25,1,0,0,0,0.0,0.0,2025-Jan-29-19:38:59.327638
0.7185205030005031,21881,25,1,0,0,0,0.0,0.0,2025-Jan-29-19:38:59.370845
0.7185205030005031,21882,25,1,0,0,0,0.0,0.0,2025-Jan-29-19:38:59.414750
0.7185205030005031,21883,25,1,0,0,0,0.0,0.0,2025-Jan-29-19:38:59.457688
0.7185205030005031,21884,25,1,0,0,0,0.0,0.0,2025-Jan-29-19:38:59.500990
0.7185205030005031,21885,25,1,0,0,0,0.0,0.0,2025-Jan-29-19:38:59.543873
0.7185205030005031,21886,25,1,0,0,0,0.0,0.0,2025-Jan-29-19:38:59.611948
0.7185205030005031,21887,25,1,0,0,0,0.0,0.0,2025-Jan-29-19:38:59.688903
0.7185205030005031,21888,25,1,0,0,0,0.0,0.0,2025-Jan-29-19:38:59.766476
0.7185205030005031,21889,25,1,0,0,0,0.0,0.0,2025-Jan-29-19:38:59.811658
0.7185205030005031,21890,25,1,0,0,0,0.0,0.0,2025-Jan-29-19:38:59.858064
0.7185205030005031,21891,25,1,0,0,0,0.0,0.0,2025-Jan-29-19:38:59.901615
0.7185205030005031,21892,25,1,0,0,0,0.0,0.0,2025-Jan-29-19:38:59.944774
0.7185205030005031,21893,25,1,0,0,0,0.0,0.0,2025-Jan-29-19:38:59.987641
0.7185205030005031,21894,25,1,0,0,0,0.0,0.0,2025-Jan-29-19:39:00.034280
0.7185205030005031,21895,25,1,0,0,0,0.0,0.0,2025-Jan-29-19:39:00.079738
0.7185205030005031,21896,25,1,0,0,0,0.0,0.0,2025-Jan-29-19:39:00.123203
0.7185205030005031,21897,25,1,0,0,0,0.0,0.0,2025-Jan-29-19:39:00.166143
0.7185205030005031,21898,25,1,0,0,0,0.0,0.0,2025-Jan-29-19:39:00.209102
0.7185205030005031,21899,25,1,0,0,0,0.0,0.0,2025-Jan-29-19:39:00.251782
0.7185205030005031,21900,25,1,0,0,0,0.0,0.0,2025-Jan-29-19:39:00.294703
0.7185205030005031,21901,25,1,0,0,0,0.0,0.0,2025-Jan-29-19:39:00.338026
0.7185205030005031,21902,25,1,0,0,0,0.0,0.0,2025-Jan-29-19:39:00.382059
0.5921787662199604,21903,25,1,0,0,1,0.0,1.9000000000000001,2025-Jan-29-19:39:00.455947
0.5423573219619376,21904,25,1,0,1,0,1.9000000000000001,0.0,2025-Jan-29-19:39:00.527627
0.7561122308552579,21905,25,1,0,-1,0,0.0,0.0,2025-Jan-29-19:39:00.600121
0.4160201626761834,21906,25,1,0,1,1,1.9000000000000001,1.9000000000000001,2025-Jan-29-19:39:00.739768
0.5423573219619376,21907,25,1,0,1,0,1.9000000000000001,0.0,2025-Jan-29-19:39:00.821703
0.4160201626761834,21908,25,1,0,1,1,1.9000000000000001,1.9000000000000001,2025-Jan-29-19:39:00.917160
0.5921787662199604,21909,25,1,0,0,1,0.0,1.9000000000000001,2025-Jan-29-19:39:00.988825
0.7185205030005031,21910,25,1,0,0,0,0.0,0.0,2025-Jan-29-19:39:01.035838
0.8436562666978078,21911,25,1,0,-1,-1,0.0,0.0,2025-Jan-29-19:39:01.106384
0.4160201626761834,21912,25,1,0,1,1,1.9000000000000001,1.9000000000000001,2025-Jan-29-19:39:01.201382
0.5921787662199604,21913,25,1,0,0,1,0.0,1.9000000000000001,2025-Jan-29-19:39:01.274156
0.6298883869405699,21914,25,1,0,1,-1,1.9000000000000001,0.0,2025-Jan-29-19:39:01.367497
0.7185205030005031,21915,25,1,0,0,0,0.0,0.0,2025-Jan-29-19:39:01.413768
0.8060591477019475,21916,25,1,0,0,-1,0.0,0.0,2025-Jan-29-19:39:01.472351
0.5423573219619376,21917,25,1,0,1,0,1.9000000000000001,0.0,2025-Jan-29-19:39:01.562261
0.7185205030005031,21918,25,1,0,0,0,0.0,0.0,2025-Jan-29-19:39:01.645276
0.7185205030005031,21919,25,1,0,0,0,0.0,0.0,2025-Jan-29-19:39:01.740401
0.7185205030005031,21920,25,1,0,0,0,0.0,0.0,2025-Jan-29-19:39:01.805947
0.8436562666978078,21921,25,1,0,-1,-1,0.0,0.0,2025-Jan-29-19:39:01.876104
0.7561122308552579,21922,25,1,0,-1,0,0.0,0.0,2025-Jan-29-19:39:01.932775
0.5423573219619376,21923,25,1,0,1,0,1.9000000000000001,0.0,2025-Jan-29-19:39:02.004516
0.7561122308552579,21924,25,1,0,-1,0,0.0,0.0,2025-Jan-29-19:39:02.061678
0.4160201626761834,21925,25,1,0,1,1,1.9000000000000001,1.9000000000000001,2025-Jan-29-19:39:02.170786
0.7185205030005031,21926,25,1,0,0,0,0.0,0.0,2025-Jan-29-19:39:02.218699
0.4160201626761834,21927,25,1,0,1,1,1.9000000000000001,1.9000000000000001,2025-Jan-29-19:39:02.316424
0.7185205030005031,21928,25,1,0,0,0,0.0,0.0,2025-Jan-29-19:39:02.359885
0.4160201626761834,21929,25,1,0,1,1,1.9000000000000001,1.9000000000000001,2025-Jan-29-19:39:02.455968
0.7185205030005031,21930,25,1,0,0,0,0.0,0.0,2025-Jan-29-19:39:02.499452
0.7185205030005031,21931,25,1,0,0,0,0.0,0.0,2025-Jan-29-19:39:02.757405
0.5921787662199604,21932,25,1,0,0,1,0.0,1.9000000000000001,2025-Jan-29-19:39:02.868882
0.7185205030005031,21933,25,1,0,0,0,0.0,0.0,2025-Jan-29-19:39:02.935635
0.5921787662199604,21934,25,1,0,0,1,0.0,1.9000000000000001,2025-Jan-29-19:39:03.011445
0.4160201626761834,21935,25,1,0,1,1,1.9000000000000001,1.9000000000000001,2025-Jan-29-19:39:03.106231
0.5423573219619376,21936,25,1,0,1,0,1.9000000000000001,0.0,2025-Jan-29-19:39:03.178545
0.4160201626761834,21937,25,1,0,1,1,1.9000000000000001,1.9000000000000001,2025-Jan-29-19:39:03.273645
0.5423573219619376,21938,25,1,0,1,0,1.9000000000000001,0.0,2025-Jan-29-19:39:03.345667
0.8060591477019475,21939,25,1,0,0,-1,0.0,0.0,2025-Jan-29-19:39:03.402082
0.4160201626761834,21940,25,1,0,1,1,1.9000000000000001,1.9000000000000001,2025-Jan-29-19:39:03.500450
0.7185205030005031,21941,25,1,0,0,0,0.0,0.0,2025-Jan-29-19:39:03.546050
0.7185205030005031,21942,25,1,0,0,0,0.0,0.0,2025-Jan-29-19:39:03.590992
0.7185205030005031,21943,25,1,0,0,0,0.0,0.0,2025-Jan-29-19:39:03.634813
0.5921787662199604,21944,25,1,0,0,1,0.0,1.9000000000000001,2025-Jan-29-19:39:03.735104
0.7185205030005031,21945,25,1,0,0,0,0.0,0.0,2025-Jan-29-19:39:03.810927
0.7185205030005031,21946,25,1,0,0,0,0.0,0.0,2025-Jan-29-19:39:03.877348
0.7185205030005031,21947,25,1,0,0,0,0.0,0.0,2025-Jan-29-19:39:03.920777
0.5921787662199604,21948,25,1,0,0,1,0.0,1.9000000000000001,2025-Jan-29-19:39:03.995313
0.5423573219619376,21949,25,1,0,1,0,1.9000000000000001,0.0,2025-Jan-29-19:39:04.068740
0.7561122308552579,21950,25,1,0,-1,0,0.0,0.0,2025-Jan-29-19:39:04.124477
0.5423573219619376,21951,25,1,0,1,0,1.9000000000000001,0.0,2025-Jan-29-19:39:04.198343
0.7185205030005031,21952,25,1,0,0,0,0.0,0.0,2025-Jan-29-19:39:04.242294
0.6298883869405699,21953,25,1,0,1,-1,1.9000000000000001,0.0,2025-Jan-29-19:39:04.330560
0.5423573219619376,21954,25,1,0,1,0,1.9000000000000001,0.0,2025-Jan-29-19:39:04.405706
0.5921787662199604,21955,25,1,0,0,1,0.0,1.9000000000000001,2025-Jan-29-19:39:04.477897
0.4160201626761834,21956,25,1,0,1,1,1.9000000000000001,1.9000000000000001,2025-Jan-29-19:39:04.573266
0.4160201626761834,21957,25,1,0,1,1,1.9000000000000001,1.9000000000000001,2025-Jan-29-19:39:04.694197
0.6298883869405699,21958,25,1,0,1,-1,1.9000000000000001,0.0,2025-Jan-29-19:39:04.815381
0.5423573219619376,21959,25,1,0,1,0,1.9000000000000001,0.0,2025-Jan-29-19:39:04.890565
0.7561122308552579,21960,25,1,0,-1,0,0.0,0.0,2025-Jan-29-19:39:04.946682
0.7185205030005031,21961,25,1,0,0,0,0.0,0.0,2025-Jan-29-19:39:04.990671
0.629780506117975,21962,25,1,0,-1,1,0.0,1.9000000000000001,2025-Jan-29-19:39:05.074647
0.5423573219619376,21963,25,1,0,1,0,1.9000000000000001,0.0,2025-Jan-29-19:39:05.146991
0.6298883869405699,21964,25,1,0,1,-1,1.9000000000000001,0.0,2025-Jan-29-19:39:05.231585
0.629780506117975,21965,25,1,0,-1,1,0.0,1.9000000000000001,2025-Jan-29-19:39:05.316543
0.5423573219619376,21966,25,1,0,1,0,1.9000000000000001,0.0,2025-Jan-29-19:39:05.388959
0.5423573219619376,21967,25,1,0,1,0,1.9000000000000001,0.0,2025-Jan-29-19:39:05.461066
0.4160201626761834,21968,25,1,0,1,1,1.9000000000000001,1.9000000000000001,2025-Jan-29-19:39:05.579686
0.6298883869405699,21969,25,1,0,1,-1,1.9000000000000001,0.0,2025-Jan-29-19:39:05.707980
0.7710208028095181,21970,25,1,1,1,1,1.9000000000000001,1.9000000000000001,2025-Jan-29-19:39:05.830294
0.7185205030005031,21971,25,1,0,0,0,0.0,0.0,2025-Jan-29-19:39:05.875766
0.5921787662199604,21972,25,1,0,0,1,0.0,1.9000000000000001,2025-Jan-29-19:39:05.947286
0.6298883869405699,21973,25,1,0,1,-1,1.9000000000000001,0.0,2025-Jan-29-19:39:06.031883
0.5921787662199604,21974,25,1,0,0,1,0.0,1.9000000000000001,2025-Jan-29-19:39:06.105024
0.7185205030005031,21975,25,1,0,0,0,0.0,0.0,2025-Jan-29-19:39:06.149121
0.6298883869405699,21976,25,1,0,1,-1,1.9000000000000001,0.0,2025-Jan-29-19:39:06.233390
0.4160201626761834,21977,25,1,0,1,1,1.9000000000000001,1.9000000000000001,2025-Jan-29-19:39:06.328274
0.629780506117975,21978,25,1,0,-1,1,0.0,1.9000000000000001,2025-Jan-29-19:39:06.412924
0.5423573219619376,21979,25,1,0,1,0,1.9000000000000001,0.0,2025-Jan-29-19:39:06.485005
0.4160201626761834,21980,25,1,0,1,1,1.9000000000000001,1.9000000000000001,2025-Jan-29-19:39:06.598400
0.4160201626761834,21981,25,1,0,1,1,1.9000000000000001,1.9000000000000001,2025-Jan-29-19:39:06.723843
0.5423573219619376,21982,25,1,0,1,0,1.9000000000000001,0.0,2025-Jan-29-19:39:06.818033
0.629780506117975,21983,25,1,0,-1,1,0.0,1.9000000000000001,2025-Jan-29-19:39:06.903818
0.5423573219619376,21984,25,1,0,1,0,1.9000000000000001,0.0,2025-Jan-29-19:39:06.975548
0.5423573219619376,21985,25,1,0,1,0,1.9000000000000001,0.0,2025-Jan-29-19:39:07.048008
0.5423573219619376,21986,25,1,0,1,0,1.9000000000000001,0.0,2025-Jan-29-19:39:07.121031
0.4160201626761834,21987,25,1,0,1,1,1.9000000000000001,1.9000000000000001,2025-Jan-29-19:39:07.217262
0.629780506117975,21988,25,1,0,-1,1,0.0,1.9000000000000001,2025-Jan-29-19:39:07.300938
0.6298883869405699,21989,25,1,0,1,-1,1.9000000000000001,0.0,2025-Jan-29-19:39:07.385018
0.7185205030005031,21990,25,1,0,0,0,0.0,0.0,2025-Jan-29-19:39:07.429224
0.6298883869405699,21991,25,1,0,1,-1,1.9000000000000001,0.0,2025-Jan-29-19:39:07.513282
0.4160201626761834,21992,25,1,0,1,1,1.9000000000000001,1.9000000000000001,2025-Jan-29-19:39:07.643371
0.4160201626761834,21993,25,1,0,1,1,1.9000000000000001,1.9000000000000001,2025-Jan-29-19:39:07.775982
0.5423573219619376,21994,25,1,0,1,0,1.9000000000000001,0.0,2025-Jan-29-19:39:07.853241
0.8436562666978078,21995,25,1,0,-1,-1,0.0,0.0,2025-Jan-29-19:39:07.922074
0.4160201626761834,21996,25,1,0,1,1,1.9000000000000001,1.9000000000000001,2025-Jan-29-19:39:08.017238
0.5423573219619376,21997,25,1,0,1,0,1.9000000000000001,0.0,2025-Jan-29-19:39:08.092168
0.5423573219619376,21998,25,1,0,1,0,1.9000000000000001,0.0,2025-Jan-29-19:39:08.164419
0.4160201626761834,21999,25,1,0,1,1,1.9000000000000001,1.9000000000000001,2025-Jan-29-19:39:08.486997
0.7185205030005031,22000,25,1,0,0,0,0.0,0.0,2025-Jan-29-19:39:08.532850
0.7185205030005031,22001,25,1,0,0,0,0.0,0.0,2025-Jan-29-19:39:08.591429
0.4160201626761834,22002,25,1,0,1,1,1.9000000000000001,1.9000000000000001,2025-Jan-29-19:39:08.729086
0.7185205030005031,22003,25,1,0,0,0,0.0,0.0,2025-Jan-29-19:39:08.789373
0.7185205030005031,22004,25,1,0,0,0,0.0,0.0,2025-Jan-29-19:39:08.832714
0.7185205030005031,22005,25,1,0,0,0,0.0,0.0,2025-Jan-29-19:39:08.875917
0.7185205030005031,22006,25,1,0,0,0,0.0,0.0,2025-Jan-29-19:39:08.919202
0.7185205030005031,22007,25,1,0,0,0,0.0,0.0,2025-Jan-29-19:39:08.962236
0.7185205030005031,22008,25,1,0,0,0,0.0,0.0,2025-Jan-29-19:39:09.005230
0.7185205030005031,22009,25,1,0,0,0,0.0,0.0,2025-Jan-29-19:39:09.048035
0.7185205030005031,22010,25,1,0,0,0,0.0,0.0,2025-Jan-29-19:39:09.090924
0.7185205030005031,22011,25,1,0,0,0,0.0,0.0,2025-Jan-29-19:39:09.134028
0.7185205030005031,22012,25,1,0,0,0,0.0,0.0,2025-Jan-29-19:39:09.177380
0.7185205030005031,22013,25,1,0,0,0,0.0,0.0,2025-Jan-29-19:39:09.220664
0.7185205030005031,22014,25,1,0,0,0,0.0,0.0,2025-Jan-29-19:39:09.263721
1.0735211430969913,22015,25,1,1,0,0,0.0,0.0,2025-Jan-29-19:39:09.306913
0.7185205030005031,22016,25,1,0,0,0,0.0,0.0,2025-Jan-29-19:39:09.353157
0.7185205030005031,22017,25,1,0,0,0,0.0,0.0,2025-Jan-29-19:39:09.399202
0.7185205030005031,22018,25,1,0,0,0,0.0,0.0,2025-Jan-29-19:39:09.442879
0.7185205030005031,22019,25,1,0,0,0,0.0,0.0,2025-Jan-29-19:39:09.486425
0.7185205030005031,22020,25,1,0,0,0,0.0,0.0,2025-Jan-29-19:39:09.530525
0.7185205030005031,22021,25,1,0,0,0,0.0,0.0,2025-Jan-29-19:39:09.589903
0.7185205030005031,22022,25,1,0,0,0,0.0,0.0,2025-Jan-29-19:39:09.656882
0.7185205030005031,22023,25,1,0,0,0,0.0,0.0,2025-Jan-29-19:39:09.728431
0.7185205030005031,22024,25,1,0,0,0,0.0,0.0,2025-Jan-29-19:39:09.798155
0.7185205030005031,22025,25,1,0,0,0,0.0,0.0,2025-Jan-29-19:39:09.845677
0.7185205030005031,22026,25,1,0,0,0,0.0,0.0,2025-Jan-29-19:39:09.890522
0.7185205030005031,22027,25,1,0,0,0,0.0,0.0,2025-Jan-29-19:39:09.933881
0.7185205030005031,22028,25,1,0,0,0,0.0,0.0,2025-Jan-29-19:39:09.977016
0.7185205030005031,22029,25,1,0,0,0,0.0,0.0,2025-Jan-29-19:39:10.020269
0.7185205030005031,22030,25,1,0,0,0,0.0,0.0,2025-Jan-29-19:39:10.064885
0.7185205030005031,22031,25,1,0,0,0,0.0,0.0,2025-Jan-29-19:39:10.109034
0.7185205030005031,22032,25,1,0,0,0,0.0,0.0,2025-Jan-29-19:39:10.152032
0.7185205030005031,22033,25,1,0,0,0,0.0,0.0,2025-Jan-29-19:39:10.195919
0.7185205030005031,22034,25,1,0,0,0,0.0,0.0,2025-Jan-29-19:39:10.239245
0.7185205030005031,22035,25,1,0,0,0,0.0,0.0,2025-Jan-29-19:39:10.282968
0.7185205030005031,22036,25,1,0,0,0,0.0,0.0,2025-Jan-29-19:39:10.327296
0.7185205030005031,22037,25,1,0,0,0,0.0,0.0,2025-Jan-29-19:39:10.370635
0.7185205030005031,22038,25,1,0,0,0,0.0,0.0,2025-Jan-29-19:39:10.416508
0.7185205030005031,22039,25,1,0,0,0,0.0,0.0,2025-Jan-29-19:39:10.462536
0.7185205030005031,22040,25,1,0,0,0,0.0,0.0,2025-Jan-29-19:39:10.506087
0.7185205030005031,22041,25,1,0,0,0,0.0,0.0,2025-Jan-29-19:39:10.571380
0.7185205030005031,22042,25,1,0,0,0,0.0,0.0,2025-Jan-29-19:39:10.650681
0.7185205030005031,22043,25,1,0,0,0,0.0,0.0,2025-Jan-29-19:39:10.729906
0.7185205030005031,22044,25,1,0,0,0,0.0,0.0,2025-Jan-29-19:39:10.796242
0.7185205030005031,22045,25,1,0,0,0,0.0,0.0,2025-Jan-29-19:39:10.844288
0.7185205030005031,22046,25,1,0,0,0,0.0,0.0,2025-Jan-29-19:39:10.894914
0.7185205030005031,22047,25,1,0,0,0,0.0,0.0,2025-Jan-29-19:39:10.939382
0.7185205030005031,22048,25,1,0,0,0,0.0,0.0,2025-Jan-29-19:39:10.982723
0.7185205030005031,22049,25,1,0,0,0,0.0,0.0,2025-Jan-29-19:39:11.025646
0.7185205030005031,22050,25,1,0,0,0,0.0,0.0,2025-Jan-29-19:39:11.068541
0.7185205030005031,22051,25,1,0,0,0,0.0,0.0,2025-Jan-29-19:39:11.111516
0.7185205030005031,22052,25,1,0,0,0,0.0,0.0,2025-Jan-29-19:39:11.154509
0.5921787662199604,22053,25,1,0,0,1,0.0,1.9000000000000001,2025-Jan-29-19:39:11.227943
0.6298883869405699,22054,25,1,0,1,-1,1.9000000000000001,0.0,2025-Jan-29-19:39:11.311459
0.7561122308552579,22055,25,1,0,-1,0,0.0,0.0,2025-Jan-29-19:39:11.367524
0.5423573219619376,22056,25,1,0,1,0,1.9000000000000001,0.0,2025-Jan-29-19:39:11.439764
0.5423573219619376,22057,25,1,0,1,0,1.9000000000000001,0.0,2025-Jan-29-19:39:11.512262
0.4160201626761834,22058,25,1,0,1,1,1.9000000000000001,1.9000000000000001,2025-Jan-29-19:39:11.633927
0.5921787662199604,22059,25,1,0,0,1,0.0,1.9000000000000001,2025-Jan-29-19:39:11.741869
0.7185205030005031,22060,25,1,0,0,0,0.0,0.0,2025-Jan-29-19:39:11.790511
0.8436562666978078,22061,25,1,0,-1,-1,0.0,0.0,2025-Jan-29-19:39:11.861333
0.5423573219619376,22062,25,1,0,1,0,1.9000000000000001,0.0,2025-Jan-29-19:39:11.933996
0.5921787662199604,22063,25,1,0,0,1,0.0,1.9000000000000001,2025-Jan-29-19:39:12.005632
0.4160201626761834,22064,25,1,0,1,1,1.9000000000000001,1.9000000000000001,2025-Jan-29-19:39:12.102987
0.7185205030005031,22065,25,1,0,0,0,0.0,0.0,2025-Jan-29-19:39:12.146293
0.8060591477019475,22066,25,1,0,0,-1,0.0,0.0,2025-Jan-29-19:39:12.202176
0.5921787662199604,22067,25,1,0,0,1,0.0,1.9000000000000001,2025-Jan-29-19:39:12.274112
0.7185205030005031,22068,25,1,0,0,0,0.0,0.0,2025-Jan-29-19:39:12.318591
0.7185205030005031,22069,25,1,0,0,0,0.0,0.0,2025-Jan-29-19:39:12.582030
0.7185205030005031,22070,25,1,0,0,0,0.0,0.0,2025-Jan-29-19:39:12.661875
0.8436562666978078,22071,25,1,0,-1,-1,0.0,0.0,2025-Jan-29-19:39:12.768980
0.7561122308552579,22072,25,1,0,-1,0,0.0,0.0,2025-Jan-29-19:39:12.825587
0.5423573219619376,22073,25,1,0,1,0,1.9000000000000001,0.0,2025-Jan-29-19:39:12.899837
0.7561122308552579,22074,25,1,0,-1,0,0.0,0.0,2025-Jan-29-19:39:12.958106
0.4160201626761834,22075,25,1,0,1,1,1.9000000000000001,1.9000000000000001,2025-Jan-29-19:39:13.056233
0.7185205030005031,22076,25,1,0,0,0,0.0,0.0,2025-Jan-29-19:39:13.100973
0.5423573219619376,22077,25,1,0,1,0,1.9000000000000001,0.0,2025-Jan-29-19:39:13.174823
0.7185205030005031,22078,25,1,0,0,0,0.0,0.0,2025-Jan-29-19:39:13.219946
0.4160201626761834,22079,25,1,0,1,1,1.9000000000000001,1.9000000000000001,2025-Jan-29-19:39:13.317907
0.7185205030005031,22080,25,1,0,0,0,0.0,0.0,2025-Jan-29-19:39:13.363567
0.7185205030005031,22081,25,1,0,0,0,0.0,0.0,2025-Jan-29-19:39:13.408810
0.5921787662199604,22082,25,1,0,0,1,0.0,1.9000000000000001,2025-Jan-29-19:39:13.482730
0.7185205030005031,22083,25,1,0,0,0,0.0,0.0,2025-Jan-29-19:39:13.527787
0.5921787662199604,22084,25,1,0,0,1,0.0,1.9000000000000001,2025-Jan-29-19:39:13.621482
0.4160201626761834,22085,25,1,0,1,1,1.9000000000000001,1.9000000000000001,2025-Jan-29-19:39:13.771546
0.5423573219619376,22086,25,1,0,1,0,1.9000000000000001,0.0,2025-Jan-29-19:39:13.852023
0.7185205030005031,22087,25,1,0,0,0,0.0,0.0,2025-Jan-29-19:39:13.897349
0.5423573219619376,22088,25,1,0,1,0,1.9000000000000001,0.0,2025-Jan-29-19:39:13.972352
0.8060591477019475,22089,25,1,0,0,-1,0.0,0.0,2025-Jan-29-19:39:14.030265
0.4160201626761834,22090,25,1,0,1,1,1.9000000000000001,1.9000000000000001,2025-Jan-29-19:39:14.129556
0.5921787662199604,22091,25,1,0,0,1,0.0,1.9000000000000001,2025-Jan-29-19:39:14.205450
0.7185205030005031,22092,25,1,0,0,0,0.0,0.0,2025-Jan-29-19:39:14.250912
0.7185205030005031,22093,25,1,0,0,0,0.0,0.0,2025-Jan-29-19:39:14.297478
0.5921787662199604,22094,25,1,0,0,1,0.0,1.9000000000000001,2025-Jan-29-19:39:14.369561
0.7185205030005031,22095,25,1,0,0,0,0.0,0.0,2025-Jan-29-19:39:14.412724
0.7185205030005031,22096,25,1,0,0,0,0.0,0.0,2025-Jan-29-19:39:14.457809
0.5921787662199604,22097,25,1,0,0,1,0.0,1.9000000000000001,2025-Jan-29-19:39:14.529991
0.5921787662199604,22098,25,1,0,0,1,0.0,1.9000000000000001,2025-Jan-29-19:39:14.617904
0.5423573219619376,22099,25,1,0,1,0,1.9000000000000001,0.0,2025-Jan-29-19:39:14.723828
0.4160201626761834,22100,25,1,0,1,1,1.9000000000000001,1.9000000000000001,2025-Jan-29-19:39:14.843708
0.629780506117975,22101,25,1,0,-1,1,0.0,1.9000000000000001,2025-Jan-29-19:39:14.929578
0.5921787662199604,22102,25,1,0,0,1,0.0,1.9000000000000001,2025-Jan-29-19:39:15.001794
0.5423573219619376,22103,25,1,0,1,0,1.9000000000000001,0.0,2025-Jan-29-19:39:15.073491
0.5423573219619376,22104,25,1,0,1,0,1.9000000000000001,0.0,2025-Jan-29-19:39:15.145152
0.5921787662199604,22105,25,1,0,0,1,0.0,1.9000000000000001,2025-Jan-29-19:39:15.217223
0.5921787662199604,22106,25,1,0,0,1,0.0,1.9000000000000001,2025-Jan-29-19:39:15.289670
0.4160201626761834,22107,25,1,0,1,1,1.9000000000000001,1.9000000000000001,2025-Jan-29-19:39:15.384758
0.5921787662199604,22108,25,1,0,0,1,0.0,1.9000000000000001,2025-Jan-29-19:39:15.456665
0.5423573219619376,22109,25,1,0,1,0,1.9000000000000001,0.0,2025-Jan-29-19:39:15.530195
0.4160201626761834,22110,25,1,0,1,1,1.9000000000000001,1.9000000000000001,2025-Jan-29-19:39:15.645655
0.7185205030005031,22111,25,1,0,0,0,0.0,0.0,2025-Jan-29-19:39:15.712820
0.4160201626761834,22112,25,1,0,1,1,1.9000000000000001,1.9000000000000001,2025-Jan-29-19:39:15.828521
0.5423573219619376,22113,25,1,0,1,0,1.9000000000000001,0.0,2025-Jan-29-19:39:15.903979
0.8060591477019475,22114,25,1,0,0,-1,0.0,0.0,2025-Jan-29-19:39:15.959974
0.629780506117975,22115,25,1,0,-1,1,0.0,1.9000000000000001,2025-Jan-29-19:39:16.043983
0.5423573219619376,22116,25,1,0,1,0,1.9000000000000001,0.0,2025-Jan-29-19:39:16.116344
0.5423573219619376,22117,25,1,0,1,0,1.9000000000000001,0.0,2025-Jan-29-19:39:16.189922
0.4160201626761834,22118,25,1,0,1,1,1.9000000000000001,1.9000000000000001,2025-Jan-29-19:39:16.285072
0.6298883869405699,22119,25,1,0,1,-1,1.9000000000000001,0.0,2025-Jan-29-19:39:16.368618
0.4160201626761834,22120,25,1,0,1,1,1.9000000000000001,1.9000000000000001,2025-Jan-29-19:39:16.463716
0.5423573219619376,22121,25,1,0,1,0,1.9000000000000001,0.0,2025-Jan-29-19:39:16.535398
0.5921787662199604,22122,25,1,0,0,1,0.0,1.9000000000000001,2025-Jan-29-19:39:16.625855
0.5423573219619376,22123,25,1,0,1,0,1.9000000000000001,0.0,2025-Jan-29-19:39:16.744078
0.5921787662199604,22124,25,1,0,0,1,0.0,1.9000000000000001,2025-Jan-29-19:39:16.822354
0.5921787662199604,22125,25,1,0,0,1,0.0,1.9000000000000001,2025-Jan-29-19:39:16.894965
0.6298883869405699,22126,25,1,0,1,-1,1.9000000000000001,0.0,2025-Jan-29-19:39:16.980670
0.4160201626761834,22127,25,1,0,1,1,1.9000000000000001,1.9000000000000001,2025-Jan-29-19:39:17.075265
0.629780506117975,22128,25,1,0,-1,1,0.0,1.9000000000000001,2025-Jan-29-19:39:17.173818
0.8060591477019475,22129,25,1,0,0,-1,0.0,0.0,2025-Jan-29-19:39:17.233679
0.4160201626761834,22130,25,1,0,1,1,1.9000000000000001,1.9000000000000001,2025-Jan-29-19:39:17.330594
0.4160201626761834,22131,25,1,0,1,1,1.9000000000000001,1.9000000000000001,2025-Jan-29-19:39:17.427316
0.5423573219619376,22132,25,1,0,1,0,1.9000000000000001,0.0,2025-Jan-29-19:39:17.503202
0.629780506117975,22133,25,1,0,-1,1,0.0,1.9000000000000001,2025-Jan-29-19:39:17.611178
0.5423573219619376,22134,25,1,0,1,0,1.9000000000000001,0.0,2025-Jan-29-19:39:17.721593
0.5423573219619376,22135,25,1,0,1,0,1.9000000000000001,0.0,2025-Jan-29-19:39:17.809490
0.4160201626761834,22136,25,1,0,1,1,1.9000000000000001,1.9000000000000001,2025-Jan-29-19:39:17.908236
0.4160201626761834,22137,25,1,0,1,1,1.9000000000000001,1.9000000000000001,2025-Jan-29-19:39:18.002718
0.5423573219619376,22138,25,1,0,1,0,1.9000000000000001,0.0,2025-Jan-29-19:39:18.076276
0.8973579620796409,22139,25,1,1,1,0,1.9000000000000001,0.0,2025-Jan-29-19:39:18.147606
0.7185205030005031,22140,25,1,0,0,0,0.0,0.0,2025-Jan-29-19:39:18.191033
0.4160201626761834,22141,25,1,0,1,1,1.9000000000000001,1.9000000000000001,2025-Jan-29-19:39:18.285365
0.5921787662199604,22142,25,1,0,0,1,0.0,1.9000000000000001,2025-Jan-29-19:39:18.357856
0.4160201626761834,22143,25,1,0,1,1,1.9000000000000001,1.9000000000000001,2025-Jan-29-19:39:18.452781
0.5423573219619376,22144,25,1,0,1,0,1.9000000000000001,0.0,2025-Jan-29-19:39:18.524509
0.4160201626761834,22145,25,1,0,1,1,1.9000000000000001,1.9000000000000001,2025-Jan-29-19:39:18.643009
0.4160201626761834,22146,25,1,0,1,1,1.9000000000000001,1.9000000000000001,2025-Jan-29-19:39:18.761950
0.4160201626761834,22147,25,1,0,1,1,1.9000000000000001,1.9000000000000001,2025-Jan-29-19:39:18.860000
0.5423573219619376,22148,25,1,0,1,0,1.9000000000000001,0.0,2025-Jan-29-19:39:19.122551
0.4160201626761834,22149,25,1,0,1,1,1.9000000000000001,1.9000000000000001,2025-Jan-29-19:39:19.218736
0.7185205030005031,22150,25,1,0,0,0,0.0,0.0,2025-Jan-29-19:39:19.262630
0.4160201626761834,22151,25,1,0,1,1,1.9000000000000001,1.9000000000000001,2025-Jan-29-19:39:19.357243
0.4160201626761834,22152,25,1,0,1,1,1.9000000000000001,1.9000000000000001,2025-Jan-29-19:39:19.451334
0.7185205030005031,22153,25,1,0,0,0,0.0,0.0,2025-Jan-29-19:39:19.496707
0.7185205030005031,22154,25,1,0,0,0,0.0,0.0,2025-Jan-29-19:39:19.539701
0.7185205030005031,22155,25,1,0,0,0,0.0,0.0,2025-Jan-29-19:39:19.614319
0.7185205030005031,22156,25,1,0,0,0,0.0,0.0,2025-Jan-29-19:39:19.699473
0.7185205030005031,22157,25,1,0,0,0,0.0,0.0,2025-Jan-29-19:39:19.771488
0.7185205030005031,22158,25,1,0,0,0,0.0,0.0,2025-Jan-29-19:39:19.817282
0.7185205030005031,22159,25,1,0,0,0,0.0,0.0,2025-Jan-29-19:39:19.860810
0.7185205030005031,22160,25,1,0,0,0,0.0,0.0,2025-Jan-29-19:39:19.904186
0.7185205030005031,22161,25,1,0,0,0,0.0,0.0,2025-Jan-29-19:39:19.947081
0.7185205030005031,22162,25,1,0,0,0,0.0,0.0,2025-Jan-29-19:39:19.990198
0.7185205030005031,22163,25,1,0,0,0,0.0,0.0,2025-Jan-29-19:39:20.034101
0.7185205030005031,22164,25,1,0,0,0,0.0,0.0,2025-Jan-29-19:39:20.081727
0.7185205030005031,22165,25,1,0,0,0,0.0,0.0,2025-Jan-29-19:39:20.126940
0.7185205030005031,22166,25,1,0,0,0,0.0,0.0,2025-Jan-29-19:39:20.169978
0.7185205030005031,22167,25,1,0,0,0,0.0,0.0,2025-Jan-29-19:39:20.213017
0.7185205030005031,22168,25,1,0,0,0,0.0,0.0,2025-Jan-29-19:39:20.255885
0.7185205030005031,22169,25,1,0,0,0,0.0,0.0,2025-Jan-29-19:39:20.298866
0.7185205030005031,22170,25,1,0,0,0,0.0,0.0,2025-Jan-29-19:39:20.341808
0.7185205030005031,22171,25,1,0,0,0,0.0,0.0,2025-Jan-29-19:39:20.385181
0.7185205030005031,22172,25,1,0,0,0,0.0,0.0,2025-Jan-29-19:39:20.429257
0.7185205030005031,22173,25,1,0,0,0,0.0,0.0,2025-Jan-29-19:39:20.472751
0.7185205030005031,22174,25,1,0,0,0,0.0,0.0,2025-Jan-29-19:39:20.515858
0.7185205030005031,22175,25,1,0,0,0,0.0,0.0,2025-Jan-29-19:39:20.582822
0.7185205030005031,22176,25,1,0,0,0,0.0,0.0,2025-Jan-29-19:39:20.662890
0.7185205030005031,22177,25,1,0,0,0,0.0,0.0,2025-Jan-29-19:39:20.736841
0.7185205030005031,22178,25,1,0,0,0,0.0,0.0,2025-Jan-29-19:39:20.811158
0.7185205030005031,22179,25,1,0,0,0,0.0,0.0,2025-Jan-29-19:39:20.859420
0.7185205030005031,22180,25,1,0,0,0,0.0,0.0,2025-Jan-29-19:39:20.904816
0.7185205030005031,22181,25,1,0,0,0,0.0,0.0,2025-Jan-29-19:39:20.950386
0.7185205030005031,22182,25,1,0,0,0,0.0,0.0,2025-Jan-29-19:39:20.995627
0.7185205030005031,22183,25,1,0,0,0,0.0,0.0,2025-Jan-29-19:39:21.039592
0.7185205030005031,22184,25,1,0,0,0,0.0,0.0,2025-Jan-29-19:39:21.084213
0.7185205030005031,22185,25,1,0,0,0,0.0,0.0,2025-Jan-29-19:39:21.129447
0.7185205030005031,22186,25,1,0,0,0,0.0,0.0,2025-Jan-29-19:39:21.173994
0.7185205030005031,22187,25,1,0,0,0,0.0,0.0,2025-Jan-29-19:39:21.218679
0.7185205030005031,22188,25,1,0,0,0,0.0,0.0,2025-Jan-29-19:39:21.265737
0.7185205030005031,22189,25,1,0,0,0,0.0,0.0,2025-Jan-29-19:39:21.313072
0.7185205030005031,22190,25,1,0,0,0,0.0,0.0,2025-Jan-29-19:39:21.356698
0.7185205030005031,22191,25,1,0,0,0,0.0,0.0,2025-Jan-29-19:39:21.400874
0.7185205030005031,22192,25,1,0,0,0,0.0,0.0,2025-Jan-29-19:39:21.445344
0.7185205030005031,22193,25,1,0,0,0,0.0,0.0,2025-Jan-29-19:39:21.491882
0.7185205030005031,22194,25,1,0,0,0,0.0,0.0,2025-Jan-29-19:39:21.537853
0.7185205030005031,22195,25,1,0,0,0,0.0,0.0,2025-Jan-29-19:39:21.604960
0.7185205030005031,22196,25,1,0,0,0,0.0,0.0,2025-Jan-29-19:39:21.689194
0.7185205030005031,22197,25,1,0,0,0,0.0,0.0,2025-Jan-29-19:39:21.770313
0.7185205030005031,22198,25,1,0,0,0,0.0,0.0,2025-Jan-29-19:39:21.833417
0.7185205030005031,22199,25,1,0,0,0,0.0,0.0,2025-Jan-29-19:39:21.880644
0.7185205030005031,22200,25,1,0,0,0,0.0,0.0,2025-Jan-29-19:39:21.927419
0.7185205030005031,22201,25,1,0,0,0,0.0,0.0,2025-Jan-29-19:39:21.971587
0.7185205030005031,22202,25,1,0,0,0,0.0,0.0,2025-Jan-29-19:39:22.016305
0.5921787662199604,22203,25,1,0,0,1,0.0,1.9000000000000001,2025-Jan-29-19:39:22.092734
0.6298883869405699,22204,25,1,0,1,-1,1.9000000000000001,0.0,2025-Jan-29-19:39:22.180317
0.7561122308552579,22205,25,1,0,-1,0,0.0,0.0,2025-Jan-29-19:39:22.237397
0.5423573219619376,22206,25,1,0,1,0,1.9000000000000001,0.0,2025-Jan-29-19:39:22.312260
0.5423573219619376,22207,25,1,0,1,0,1.9000000000000001,0.0,2025-Jan-29-19:39:22.387662
0.4160201626761834,22208,25,1,0,1,1,1.9000000000000001,1.9000000000000001,2025-Jan-29-19:39:22.487137
0.5921787662199604,22209,25,1,0,0,1,0.0,1.9000000000000001,2025-Jan-29-19:39:22.571869
0.7185205030005031,22210,25,1,0,0,0,0.0,0.0,2025-Jan-29-19:39:22.653774
0.8436562666978078,22211,25,1,0,-1,-1,0.0,0.0,2025-Jan-29-19:39:22.770981
0.5423573219619376,22212,25,1,0,1,0,1.9000000000000001,0.0,2025-Jan-29-19:39:22.873359
0.5921787662199604,22213,25,1,0,0,1,0.0,1.9000000000000001,2025-Jan-29-19:39:22.949374
0.5423573219619376,22214,25,1,0,1,0,1.9000000000000001,0.0,2025-Jan-29-19:39:23.026976
0.7185205030005031,22215,25,1,0,0,0,0.0,0.0,2025-Jan-29-19:39:23.072316
0.8060591477019475,22216,25,1,0,0,-1,0.0,0.0,2025-Jan-29-19:39:23.130714
0.5921787662199604,22217,25,1,0,0,1,0.0,1.9000000000000001,2025-Jan-29-19:39:23.205580
0.7185205030005031,22218,25,1,0,0,0,0.0,0.0,2025-Jan-29-19:39:23.251279
0.7185205030005031,22219,25,1,0,0,0,0.0,0.0,2025-Jan-29-19:39:23.298372
0.7185205030005031,22220,25,1,0,0,0,0.0,0.0,2025-Jan-29-19:39:23.342558
0.8436562666978078,22221,25,1,0,-1,-1,0.0,0.0,2025-Jan-29-19:39:23.413808
0.7561122308552579,22222,25,1,0,-1,0,0.0,0.0,2025-Jan-29-19:39:23.471620
0.4160201626761834,22223,25,1,0,1,1,1.9000000000000001,1.9000000000000001,2025-Jan-29-19:39:23.591802
0.7561122308552579,22224,25,1,0,-1,0,0.0,0.0,2025-Jan-29-19:39:23.691587
0.4160201626761834,22225,25,1,0,1,1,1.9000000000000001,1.9000000000000001,2025-Jan-29-19:39:23.817823
0.7185205030005031,22226,25,1,0,0,0,0.0,0.0,2025-Jan-29-19:39:23.866284
0.5423573219619376,22227,25,1,0,1,0,1.9000000000000001,0.0,2025-Jan-29-19:39:24.269573
0.7185205030005031,22228,25,1,0,0,0,0.0,0.0,2025-Jan-29-19:39:24.316448
0.4160201626761834,22229,25,1,0,1,1,1.9000000000000001,1.9000000000000001,2025-Jan-29-19:39:24.416651
0.7185205030005031,22230,25,1,0,0,0,0.0,0.0,2025-Jan-29-19:39:24.462652
0.7185205030005031,22231,25,1,0,0,0,0.0,0.0,2025-Jan-29-19:39:24.510350
0.5921787662199604,22232,25,1,0,0,1,0.0,1.9000000000000001,2025-Jan-29-19:39:24.599000
0.7185205030005031,22233,25,1,0,0,0,0.0,0.0,2025-Jan-29-19:39:24.672229
0.5921787662199604,22234,25,1,0,0,1,0.0,1.9000000000000001,2025-Jan-29-19:39:24.768343
0.4160201626761834,22235,25,1,0,1,1,1.9000000000000001,1.9000000000000001,2025-Jan-29-19:39:24.865813
0.5423573219619376,22236,25,1,0,1,0,1.9000000000000001,0.0,2025-Jan-29-19:39:24.939695
0.7185205030005031,22237,25,1,0,0,0,0.0,0.0,2025-Jan-29-19:39:24.983516
0.4160201626761834,22238,25,1,0,1,1,1.9000000000000001,1.9000000000000001,2025-Jan-29-19:39:25.078629
0.8060591477019475,22239,25,1,0,0,-1,0.0,0.0,2025-Jan-29-19:39:25.135517
0.4160201626761834,22240,25,1,0,1,1,1.9000000000000001,1.9000000000000001,2025-Jan-29-19:39:25.231456
0.4160201626761834,22241,25,1,0,1,1,1.9000000000000001,1.9000000000000001,2025-Jan-29-19:39:25.326407
0.7185205030005031,22242,25,1,0,0,0,0.0,0.0,2025-Jan-29-19:39:25.369583
0.7185205030005031,22243,25,1,0,0,0,0.0,0.0,2025-Jan-29-19:39:25.412785
0.5921787662199604,22244,25,1,0,0,1,0.0,1.9000000000000001,2025-Jan-29-19:39:25.484661
0.7185205030005031,22245,25,1,0,0,0,0.0,0.0,2025-Jan-29-19:39:25.528388
0.7185205030005031,22246,25,1,0,0,0,0.0,0.0,2025-Jan-29-19:39:25.588113
0.5921787662199604,22247,25,1,0,0,1,0.0,1.9000000000000001,2025-Jan-29-19:39:25.694327
0.5921787662199604,22248,25,1,0,0,1,0.0,1.9000000000000001,2025-Jan-29-19:39:25.788531
0.4160201626761834,22249,25,1,0,1,1,1.9000000000000001,1.9000000000000001,2025-Jan-29-19:39:25.885783
0.629780506117975,22250,25,1,0,-1,1,0.0,1.9000000000000001,2025-Jan-29-19:39:25.970060
0.7185205030005031,22251,25,1,0,0,0,0.0,0.0,2025-Jan-29-19:39:26.013645
0.5921787662199604,22252,25,1,0,0,1,0.0,1.9000000000000001,2025-Jan-29-19:39:26.087793
0.5423573219619376,22253,25,1,0,1,0,1.9000000000000001,0.0,2025-Jan-29-19:39:26.159491
0.7185205030005031,22254,25,1,0,0,0,0.0,0.0,2025-Jan-29-19:39:26.204047
0.5921787662199604,22255,25,1,0,0,1,0.0,1.9000000000000001,2025-Jan-29-19:39:26.276772
0.4160201626761834,22256,25,1,0,1,1,1.9000000000000001,1.9000000000000001,2025-Jan-29-19:39:26.372147
0.4160201626761834,22257,25,1,0,1,1,1.9000000000000001,1.9000000000000001,2025-Jan-29-19:39:26.467559
0.4160201626761834,22258,25,1,0,1,1,1.9000000000000001,1.9000000000000001,2025-Jan-29-19:39:26.585588
0.5423573219619376,22259,25,1,0,1,0,1.9000000000000001,0.0,2025-Jan-29-19:39:26.691145
0.6298883869405699,22260,25,1,0,1,-1,1.9000000000000001,0.0,2025-Jan-29-19:39:26.802308
0.7185205030005031,22261,25,1,0,0,0,0.0,0.0,2025-Jan-29-19:39:26.847741
0.4160201626761834,22262,25,1,0,1,1,1.9000000000000001,1.9000000000000001,2025-Jan-29-19:39:26.942658
0.4160201626761834,22263,25,1,0,1,1,1.9000000000000001,1.9000000000000001,2025-Jan-29-19:39:27.037227
0.4160201626761834,22264,25,1,0,1,1,1.9000000000000001,1.9000000000000001,2025-Jan-29-19:39:27.132393
0.629780506117975,22265,25,1,0,-1,1,0.0,1.9000000000000001,2025-Jan-29-19:39:27.217700
0.5423573219619376,22266,25,1,0,1,0,1.9000000000000001,0.0,2025-Jan-29-19:39:27.289124
0.5423573219619376,22267,25,1,0,1,0,1.9000000000000001,0.0,2025-Jan-29-19:39:27.360946
0.5423573219619376,22268,25,1,0,1,0,1.9000000000000001,0.0,2025-Jan-29-19:39:27.433065
0.6298883869405699,22269,25,1,0,1,-1,1.9000000000000001,0.0,2025-Jan-29-19:39:27.519083
0.4160201626761834,22270,25,1,0,1,1,1.9000000000000001,1.9000000000000001,2025-Jan-29-19:39:27.645947
0.4160201626761834,22271,25,1,0,1,1,1.9000000000000001,1.9000000000000001,2025-Jan-29-19:39:27.777713
0.5921787662199604,22272,25,1,0,0,1,0.0,1.9000000000000001,2025-Jan-29-19:39:27.855310
0.4160201626761834,22273,25,1,0,1,1,1.9000000000000001,1.9000000000000001,2025-Jan-29-19:39:27.950700
0.5921787662199604,22274,25,1,0,0,1,0.0,1.9000000000000001,2025-Jan-29-19:39:28.022327
0.5423573219619376,22275,25,1,0,1,0,1.9000000000000001,0.0,2025-Jan-29-19:39:28.096218
0.6298883869405699,22276,25,1,0,1,-1,1.9000000000000001,0.0,2025-Jan-29-19:39:28.180362
0.4160201626761834,22277,25,1,0,1,1,1.9000000000000001,1.9000000000000001,2025-Jan-29-19:39:28.274650
0.629780506117975,22278,25,1,0,-1,1,0.0,1.9000000000000001,2025-Jan-29-19:39:28.358584
0.7185205030005031,22279,25,1,0,0,0,0.0,0.0,2025-Jan-29-19:39:28.401806
0.4160201626761834,22280,25,1,0,1,1,1.9000000000000001,1.9000000000000001,2025-Jan-29-19:39:28.496189
0.4160201626761834,22281,25,1,0,1,1,1.9000000000000001,1.9000000000000001,2025-Jan-29-19:39:28.611922
0.5423573219619376,22282,25,1,0,1,0,1.9000000000000001,0.0,2025-Jan-29-19:39:28.731835
0.629780506117975,22283,25,1,0,-1,1,0.0,1.9000000000000001,2025-Jan-29-19:39:28.832521
0.5423573219619376,22284,25,1,0,1,0,1.9000000000000001,0.0,2025-Jan-29-19:39:28.908154
0.5423573219619376,22285,25,1,0,1,0,1.9000000000000001,0.0,2025-Jan-29-19:39:28.980512
0.4160201626761834,22286,25,1,0,1,1,1.9000000000000001,1.9000000000000001,2025-Jan-29-19:39:29.074982
0.5423573219619376,22287,25,1,0,1,0,1.9000000000000001,0.0,2025-Jan-29-19:39:29.146302
0.4160201626761834,22288,25,1,0,1,1,1.9000000000000001,1.9000000000000001,2025-Jan-29-19:39:29.240605
0.5423573219619376,22289,25,1,0,1,0,1.9000000000000001,0.0,2025-Jan-29-19:39:29.313806
0.4160201626761834,22290,25,1,0,1,1,1.9000000000000001,1.9000000000000001,2025-Jan-29-19:39:29.408794
0.4160201626761834,22291,25,1,0,1,1,1.9000000000000001,1.9000000000000001,2025-Jan-29-19:39:29.503408
0.4160201626761834,22292,25,1,0,1,1,1.9000000000000001,1.9000000000000001,2025-Jan-29-19:39:29.626811
0.4160201626761834,22293,25,1,0,1,1,1.9000000000000001,1.9000000000000001,2025-Jan-29-19:39:29.764962
0.5423573219619376,22294,25,1,0,1,0,1.9000000000000001,0.0,2025-Jan-29-19:39:29.839901
0.7185205030005031,22295,25,1,0,0,0,0.0,0.0,2025-Jan-29-19:39:29.885260
0.5921787662199604,22296,25,1,0,0,1,0.0,1.9000000000000001,2025-Jan-29-19:39:29.957635
0.629780506117975,22297,25,1,0,-1,1,0.0,1.9000000000000001,2025-Jan-29-19:39:30.042058
0.5423573219619376,22298,25,1,0,1,0,1.9000000000000001,0.0,2025-Jan-29-19:39:30.116433
0.7185205030005031,22299,25,1,0,0,0,0.0,0.0,2025-Jan-29-19:39:30.159401
0.7185205030005031,22300,25,1,0,0,0,0.0,0.0,2025-Jan-29-19:39:30.202698
0.4160201626761834,22301,25,1,0,1,1,1.9000000000000001,1.9000000000000001,2025-Jan-29-19:39:30.297257
0.6298883869405699,22302,25,1,0,1,-1,1.9000000000000001,0.0,2025-Jan-29-19:39:30.380926
0.7185205030005031,22303,25,1,0,0,0,0.0,0.0,2025-Jan-29-19:39:30.424320
0.7185205030005031,22304,25,1,0,0,0,0.0,0.0,2025-Jan-29-19:39:30.467480
0.7185205030005031,22305,25,1,0,0,0,0.0,0.0,2025-Jan-29-19:39:30.510165
0.7185205030005031,22306,25,1,0,0,0,0.0,0.0,2025-Jan-29-19:39:30.571424
0.7185205030005031,22307,25,1,0,0,0,0.0,0.0,2025-Jan-29-19:39:30.645338
0.7185205030005031,22308,25,1,0,0,0,0.0,0.0,2025-Jan-29-19:39:30.725117
0.7185205030005031,22309,25,1,0,0,0,0.0,0.0,2025-Jan-29-19:39:30.799883
0.7185205030005031,22310,25,1,0,0,0,0.0,0.0,2025-Jan-29-19:39:30.843501
0.7185205030005031,22311,25,1,0,0,0,0.0,0.0,2025-Jan-29-19:39:30.887971
0.7185205030005031,22312,25,1,0,0,0,0.0,0.0,2025-Jan-29-19:39:31.232944
0.7185205030005031,22313,25,1,0,0,0,0.0,0.0,2025-Jan-29-19:39:31.279420
0.7185205030005031,22314,25,1,0,0,0,0.0,0.0,2025-Jan-29-19:39:31.324457
0.7185205030005031,22315,25,1,0,0,0,0.0,0.0,2025-Jan-29-19:39:31.369624
0.7185205030005031,22316,25,1,0,0,0,0.0,0.0,2025-Jan-29-19:39:31.413870
0.7185205030005031,22317,25,1,0,0,0,0.0,0.0,2025-Jan-29-19:39:31.459002
0.7185205030005031,22318,25,1,0,0,0,0.0,0.0,2025-Jan-29-19:39:31.505335
0.7185205030005031,22319,25,1,0,0,0,0.0,0.0,2025-Jan-29-19:39:31.571488
0.7185205030005031,22320,25,1,0,0,0,0.0,0.0,2025-Jan-29-19:39:31.654496
0.7185205030005031,22321,25,1,0,0,0,0.0,0.0,2025-Jan-29-19:39:31.738840
0.7185205030005031,22322,25,1,0,0,0,0.0,0.0,2025-Jan-29-19:39:31.817349
0.7185205030005031,22323,25,1,0,0,0,0.0,0.0,2025-Jan-29-19:39:31.863938
0.7185205030005031,22324,25,1,0,0,0,0.0,0.0,2025-Jan-29-19:39:31.909211
0.7185205030005031,22325,25,1,0,0,0,0.0,0.0,2025-Jan-29-19:39:31.954333
0.7185205030005031,22326,25,1,0,0,0,0.0,0.0,2025-Jan-29-19:39:31.999471
0.7185205030005031,22327,25,1,0,0,0,0.0,0.0,2025-Jan-29-19:39:32.044360
0.7185205030005031,22328,25,1,0,0,0,0.0,0.0,2025-Jan-29-19:39:32.089062
0.7185205030005031,22329,25,1,0,0,0,0.0,0.0,2025-Jan-29-19:39:32.135414
0.7185205030005031,22330,25,1,0,0,0,0.0,0.0,2025-Jan-29-19:39:32.180455
0.7185205030005031,22331,25,1,0,0,0,0.0,0.0,2025-Jan-29-19:39:32.225927
0.7185205030005031,22332,25,1,0,0,0,0.0,0.0,2025-Jan-29-19:39:32.270488
0.7185205030005031,22333,25,1,0,0,0,0.0,0.0,2025-Jan-29-19:39:32.316477
0.7185205030005031,22334,25,1,0,0,0,0.0,0.0,2025-Jan-29-19:39:32.361451
0.7185205030005031,22335,25,1,0,0,0,0.0,0.0,2025-Jan-29-19:39:32.406405
0.7185205030005031,22336,25,1,0,0,0,0.0,0.0,2025-Jan-29-19:39:32.451518
0.7185205030005031,22337,25,1,0,0,0,0.0,0.0,2025-Jan-29-19:39:32.496850
0.7185205030005031,22338,25,1,0,0,0,0.0,0.0,2025-Jan-29-19:39:32.541489
0.7185205030005031,22339,25,1,0,0,0,0.0,0.0,2025-Jan-29-19:39:32.606862
0.7185205030005031,22340,25,1,0,0,0,0.0,0.0,2025-Jan-29-19:39:32.696136
0.7185205030005031,22341,25,1,0,0,0,0.0,0.0,2025-Jan-29-19:39:32.778596
0.7185205030005031,22342,25,1,0,0,0,0.0,0.0,2025-Jan-29-19:39:32.845996
0.7185205030005031,22343,25,1,0,0,0,0.0,0.0,2025-Jan-29-19:39:32.893707
0.7185205030005031,22344,25,1,0,0,0,0.0,0.0,2025-Jan-29-19:39:32.939260
0.7185205030005031,22345,25,1,0,0,0,0.0,0.0,2025-Jan-29-19:39:32.985434
0.7185205030005031,22346,25,1,0,0,0,0.0,0.0,2025-Jan-29-19:39:33.030000
0.7185205030005031,22347,25,1,0,0,0,0.0,0.0,2025-Jan-29-19:39:33.073615
0.7185205030005031,22348,25,1,0,0,0,0.0,0.0,2025-Jan-29-19:39:33.118302
0.7185205030005031,22349,25,1,0,0,0,0.0,0.0,2025-Jan-29-19:39:33.162527
0.7185205030005031,22350,25,1,0,0,0,0.0,0.0,2025-Jan-29-19:39:33.208054
0.7185205030005031,22351,25,1,0,0,0,0.0,0.0,2025-Jan-29-19:39:33.252197
0.7185205030005031,22352,25,1,0,0,0,0.0,0.0,2025-Jan-29-19:39:33.296010
