Cost,Sim,Switch_State_Indx,Gen1_on,Gen2_on,Batt1_mode,Batt2_mode,Batt1_power_kW,Batt2_power_kW,Timestamp
0.5921787662199604,33145,25,1,0,0,1,0.0,1.9000000000000001,2025-Jan-29-19:53:20.156274
0.7710208028095181,33146,25,1,1,1,1,1.9000000000000001,1.9000000000000001,2025-Jan-29-19:53:20.251445
0.5423573219619376,33147,25,1,0,1,0,1.9000000000000001,0.0,2025-Jan-29-19:53:20.322885
0.6298883869405699,33148,25,1,0,1,-1,1.9000000000000001,0.0,2025-Jan-29-19:53:20.406353
0.7185205030005031,33149,25,1,0,0,0,0.0,0.0,2025-Jan-29-19:53:20.449235
0.5423573219619376,33150,25,1,0,1,0,1.9000000000000001,0.0,2025-Jan-29-19:53:20.520470
0.629780506117975,33151,25,1,0,-1,1,0.0,1.9000000000000001,2025-Jan-29-19:53:20.638135
1.1111128709475113,33152,25,1,1,-1,0,0.0,0.0,2025-Jan-29-19:53:20.738135
0.8436562666978078,33153,25,1,0,-1,-1,0.0,0.0,2025-Jan-29-19:53:20.831242
1.0735211430969913,33154,25,1,1,0,0,0.0,0.0,2025-Jan-29-19:53:20.875244
0.7710208028095181,33155,25,1,1,1,1,1.9000000000000001,1.9000000000000001,2025-Jan-29-19:53:20.971576
1.161059787788528,33156,25,1,1,0,-1,0.0,0.0,2025-Jan-29-19:53:21.028722
0.7185205030005031,33157,25,1,0,0,0,0.0,0.0,2025-Jan-29-19:53:21.072882
1.0735211430969913,33158,25,1,1,0,0,0.0,0.0,2025-Jan-29-19:53:21.116903
0.7561122308552579,33159,25,1,0,-1,0,0.0,0.0,2025-Jan-29-19:53:21.172255
1.0735211430969913,33160,25,1,1,0,0,0.0,0.0,2025-Jan-29-19:53:21.215265
1.0735211430969913,33161,25,1,1,0,0,0.0,0.0,2025-Jan-29-19:53:21.258189
0.6298883869405699,33162,25,1,0,1,-1,1.9000000000000001,0.0,2025-Jan-29-19:53:21.341782
0.9760242519712691,33163,25,1,1,-1,1,0.0,1.9000000000000001,2025-Jan-29-19:53:21.424966
1.161059787788528,33164,25,1,1,0,-1,0.0,0.0,2025-Jan-29-19:53:21.482794
0.6298883869405699,33165,25,1,0,1,-1,1.9000000000000001,0.0,2025-Jan-29-19:53:21.589100
0.7185205030005031,33166,25,1,0,0,0,0.0,0.0,2025-Jan-29-19:53:21.667632
0.8060591477019475,33167,25,1,0,0,-1,0.0,0.0,2025-Jan-29-19:53:21.766874
0.629780506117975,33168,25,1,0,-1,1,0.0,1.9000000000000001,2025-Jan-29-19:53:21.864191
1.0735211430969913,33169,25,1,1,0,0,0.0,0.0,2025-Jan-29-19:53:21.911303
0.9471794063316156,33170,25,1,1,0,1,0.0,1.9000000000000001,2025-Jan-29-19:53:21.985010
0.8060591477019475,33171,25,1,0,0,-1,0.0,0.0,2025-Jan-29-19:53:22.042053
1.0735211430969913,33172,25,1,1,0,0,0.0,0.0,2025-Jan-29-19:53:22.086829
1.0735211430969913,33173,25,1,1,0,0,0.0,0.0,2025-Jan-29-19:53:22.132467
0.8060591477019475,33174,25,1,0,0,-1,0.0,0.0,2025-Jan-29-19:53:22.189936
1.0735211430969913,33175,25,1,1,0,0,0.0,0.0,2025-Jan-29-19:53:22.236311
0.6298883869405699,33176,25,1,0,1,-1,1.9000000000000001,0.0,2025-Jan-29-19:53:22.322787
0.7710208028095181,33177,25,1,1,1,1,1.9000000000000001,1.9000000000000001,2025-Jan-29-19:53:22.420416
1.1986569067802102,33178,25,1,1,-1,-1,0.0,0.0,2025-Jan-29-19:53:22.491248
0.9848890270480929,33179,25,1,1,1,-1,1.9000000000000001,0.0,2025-Jan-29-19:53:22.603728
1.161059787788528,33180,25,1,1,0,-1,0.0,0.0,2025-Jan-29-19:53:22.695940
0.7710208028095181,33181,25,1,1,1,1,1.9000000000000001,1.9000000000000001,2025-Jan-29-19:53:22.839700
0.9471794063316156,33182,25,1,1,0,1,0.0,1.9000000000000001,2025-Jan-29-19:53:22.917853
0.5921787662199604,33183,25,1,0,0,1,0.0,1.9000000000000001,2025-Jan-29-19:53:22.993022
0.8060591477019475,33184,25,1,0,0,-1,0.0,0.0,2025-Jan-29-19:53:23.050633
0.5921787662199604,33185,25,1,0,0,1,0.0,1.9000000000000001,2025-Jan-29-19:53:23.124369
0.7561122308552579,33186,25,1,0,-1,0,0.0,0.0,2025-Jan-29-19:53:23.181870
0.8436562666978078,33187,25,1,0,-1,-1,0.0,0.0,2025-Jan-29-19:53:23.251919
0.7185205030005031,33188,25,1,0,0,0,0.0,0.0,2025-Jan-29-19:53:23.296524
0.7185205030005031,33189,25,1,0,0,0,0.0,0.0,2025-Jan-29-19:53:23.342244
0.5921787662199604,33190,25,1,0,0,1,0.0,1.9000000000000001,2025-Jan-29-19:53:23.418665
0.7185205030005031,33191,25,1,0,0,0,0.0,0.0,2025-Jan-29-19:53:23.468098
0.7710208028095181,33192,25,1,1,1,1,1.9000000000000001,1.9000000000000001,2025-Jan-29-19:53:23.591367
0.9471794063316156,33193,25,1,1,0,1,0.0,1.9000000000000001,2025-Jan-29-19:53:23.709229
0.5921787662199604,33194,25,1,0,0,1,0.0,1.9000000000000001,2025-Jan-29-19:53:23.811974
0.7185205030005031,33195,25,1,0,0,0,0.0,0.0,2025-Jan-29-19:53:23.859899
0.7185205030005031,33196,25,1,0,0,0,0.0,0.0,2025-Jan-29-19:53:23.905973
0.8060591477019475,33197,25,1,0,0,-1,0.0,0.0,2025-Jan-29-19:53:23.962596
0.8060591477019475,33198,25,1,0,0,-1,0.0,0.0,2025-Jan-29-19:53:24.020448
1.0735211430969913,33199,25,1,1,0,0,0.0,0.0,2025-Jan-29-19:53:24.065485
0.8060591477019475,33200,25,1,0,0,-1,0.0,0.0,2025-Jan-29-19:53:24.122881
1.0735211430969913,33201,25,1,1,0,0,0.0,0.0,2025-Jan-29-19:53:24.167050
1.0735211430969913,33202,25,1,1,0,0,0.0,0.0,2025-Jan-29-19:53:24.211322
1.0735211430969913,33203,25,1,1,0,0,0.0,0.0,2025-Jan-29-19:53:24.255769
0.8436562666978078,33204,25,1,0,-1,-1,0.0,0.0,2025-Jan-29-19:53:24.325242
1.0735211430969913,33205,25,1,1,0,0,0.0,0.0,2025-Jan-29-19:53:24.370747
0.7185205030005031,33206,25,1,0,0,0,0.0,0.0,2025-Jan-29-19:53:24.416577
1.0735211430969913,33207,25,1,1,0,0,0.0,0.0,2025-Jan-29-19:53:24.461601
1.0735211430969913,33208,25,1,1,0,0,0.0,0.0,2025-Jan-29-19:53:24.506550
0.7185205030005031,33209,25,1,0,0,0,0.0,0.0,2025-Jan-29-19:53:24.578545
0.8436562666978078,33210,25,1,0,-1,-1,0.0,0.0,2025-Jan-29-19:53:24.702891
0.8060591477019475,33211,25,1,0,0,-1,0.0,0.0,2025-Jan-29-19:53:24.794621
1.161059787788528,33212,25,1,1,0,-1,0.0,0.0,2025-Jan-29-19:53:24.854145
0.8060591477019475,33213,25,1,0,0,-1,0.0,0.0,2025-Jan-29-19:53:24.913967
0.7185205030005031,33214,25,1,0,0,0,0.0,0.0,2025-Jan-29-19:53:24.959816
0.5921787662199604,33215,25,1,0,0,1,0.0,1.9000000000000001,2025-Jan-29-19:53:25.034892
1.0735211430969913,33216,25,1,1,0,0,0.0,0.0,2025-Jan-29-19:53:25.080760
0.7185205030005031,33217,25,1,0,0,0,0.0,0.0,2025-Jan-29-19:53:25.126082
0.7185205030005031,33218,25,1,0,0,0,0.0,0.0,2025-Jan-29-19:53:25.171876
0.8436562666978078,33219,25,1,0,-1,-1,0.0,0.0,2025-Jan-29-19:53:25.243309
0.7185205030005031,33220,25,1,0,0,0,0.0,0.0,2025-Jan-29-19:53:25.289907
1.0735211430969913,33221,25,1,1,0,0,0.0,0.0,2025-Jan-29-19:53:25.334682
0.7185205030005031,33222,25,1,0,0,0,0.0,0.0,2025-Jan-29-19:53:25.380232
0.7185205030005031,33223,25,1,0,0,0,0.0,0.0,2025-Jan-29-19:53:25.425391
0.8060591477019475,33224,25,1,0,0,-1,0.0,0.0,2025-Jan-29-19:53:26.002609
1.0735211430969913,33225,25,1,1,0,0,0.0,0.0,2025-Jan-29-19:53:26.084975
0.7185205030005031,33226,25,1,0,0,0,0.0,0.0,2025-Jan-29-19:53:26.153976
0.7185205030005031,33227,25,1,0,0,0,0.0,0.0,2025-Jan-29-19:53:26.199712
1.1986569067802102,33228,25,1,1,-1,-1,0.0,0.0,2025-Jan-29-19:53:26.268745
0.8060591477019475,33229,25,1,0,0,-1,0.0,0.0,2025-Jan-29-19:53:26.324956
0.8060591477019475,33230,25,1,0,0,-1,0.0,0.0,2025-Jan-29-19:53:26.381243
0.7185205030005031,33231,25,1,0,0,0,0.0,0.0,2025-Jan-29-19:53:26.424975
0.7185205030005031,33232,25,1,0,0,0,0.0,0.0,2025-Jan-29-19:53:26.468672
0.7185205030005031,33233,25,1,0,0,0,0.0,0.0,2025-Jan-29-19:53:26.512750
0.7185205030005031,33234,25,1,0,0,0,0.0,0.0,2025-Jan-29-19:53:26.556363
0.7185205030005031,33235,25,1,0,0,0,0.0,0.0,2025-Jan-29-19:53:26.599954
0.7185205030005031,33236,25,1,0,0,0,0.0,0.0,2025-Jan-29-19:53:26.643174
0.8060591477019475,33237,25,1,0,0,-1,0.0,0.0,2025-Jan-29-19:53:26.698522
0.7185205030005031,33238,25,1,0,0,0,0.0,0.0,2025-Jan-29-19:53:26.741692
0.7185205030005031,33239,25,1,0,0,0,0.0,0.0,2025-Jan-29-19:53:26.784302
0.7185205030005031,33240,25,1,0,0,0,0.0,0.0,2025-Jan-29-19:53:26.827429
0.7185205030005031,33241,25,1,0,0,0,0.0,0.0,2025-Jan-29-19:53:26.870691
0.7185205030005031,33242,25,1,0,0,0,0.0,0.0,2025-Jan-29-19:53:26.913846
0.7185205030005031,33243,25,1,0,0,0,0.0,0.0,2025-Jan-29-19:53:26.956328
0.7185205030005031,33244,25,1,0,0,0,0.0,0.0,2025-Jan-29-19:53:27.017965
0.7185205030005031,33245,25,1,0,0,0,0.0,0.0,2025-Jan-29-19:53:27.092417
0.7185205030005031,33246,25,1,0,0,0,0.0,0.0,2025-Jan-29-19:53:27.169729
0.5423573219619376,33247,25,1,0,1,0,1.9000000000000001,0.0,2025-Jan-29-19:53:27.264258
0.5423573219619376,33248,25,1,0,1,0,1.9000000000000001,0.0,2025-Jan-29-19:53:27.340405
0.7185205030005031,33249,25,1,0,0,0,0.0,0.0,2025-Jan-29-19:53:27.384805
0.5423573219619376,33250,25,1,0,1,0,1.9000000000000001,0.0,2025-Jan-29-19:53:27.456107
0.7185205030005031,33251,25,1,0,0,0,0.0,0.0,2025-Jan-29-19:53:27.498695
0.7185205030005031,33252,25,1,0,0,0,0.0,0.0,2025-Jan-29-19:53:27.541721
0.8436562666978078,33253,25,1,0,-1,-1,0.0,0.0,2025-Jan-29-19:53:27.609389
0.8436562666978078,33254,25,1,0,-1,-1,0.0,0.0,2025-Jan-29-19:53:27.677062
1.1111128709475113,33255,25,1,1,-1,0,0.0,0.0,2025-Jan-29-19:53:27.732404
0.7185205030005031,33256,25,1,0,0,0,0.0,0.0,2025-Jan-29-19:53:27.775173
0.7185205030005031,33257,25,1,0,0,0,0.0,0.0,2025-Jan-29-19:53:27.818244
0.7185205030005031,33258,25,1,0,0,0,0.0,0.0,2025-Jan-29-19:53:27.861217
0.7185205030005031,33259,25,1,0,0,0,0.0,0.0,2025-Jan-29-19:53:27.903668
0.7185205030005031,33260,25,1,0,0,0,0.0,0.0,2025-Jan-29-19:53:27.946664
0.8436562666978078,33261,25,1,0,-1,-1,0.0,0.0,2025-Jan-29-19:53:28.014438
0.5423573219619376,33262,25,1,0,1,0,1.9000000000000001,0.0,2025-Jan-29-19:53:28.098467
0.8060591477019475,33263,25,1,0,0,-1,0.0,0.0,2025-Jan-29-19:53:28.180648
0.7185205030005031,33264,25,1,0,0,0,0.0,0.0,2025-Jan-29-19:53:28.247656
1.0735211430969913,33265,25,1,1,0,0,0.0,0.0,2025-Jan-29-19:53:28.291939
0.7185205030005031,33266,25,1,0,0,0,0.0,0.0,2025-Jan-29-19:53:28.336786
0.7185205030005031,33267,25,1,0,0,0,0.0,0.0,2025-Jan-29-19:53:28.382173
0.629780506117975,33268,25,1,0,-1,1,0.0,1.9000000000000001,2025-Jan-29-19:53:28.465553
0.8060591477019475,33269,25,1,0,0,-1,0.0,0.0,2025-Jan-29-19:53:28.520928
0.7185205030005031,33270,25,1,0,0,0,0.0,0.0,2025-Jan-29-19:53:28.563461
0.8060591477019475,33271,25,1,0,0,-1,0.0,0.0,2025-Jan-29-19:53:28.619678
0.7185205030005031,33272,25,1,0,0,0,0.0,0.0,2025-Jan-29-19:53:28.662559
0.7561122308552579,33273,25,1,0,-1,0,0.0,0.0,2025-Jan-29-19:53:28.717332
0.8060591477019475,33274,25,1,0,0,-1,0.0,0.0,2025-Jan-29-19:53:28.772150
1.0735211430969913,33275,25,1,1,0,0,0.0,0.0,2025-Jan-29-19:53:28.814912
0.8060591477019475,33276,25,1,0,0,-1,0.0,0.0,2025-Jan-29-19:53:28.870752
0.7185205030005031,33277,25,1,0,0,0,0.0,0.0,2025-Jan-29-19:53:28.913721
0.7185205030005031,33278,25,1,0,0,0,0.0,0.0,2025-Jan-29-19:53:28.956780
0.8060591477019475,33279,25,1,0,0,-1,0.0,0.0,2025-Jan-29-19:53:29.011663
0.8060591477019475,33280,25,1,0,0,-1,0.0,0.0,2025-Jan-29-19:53:29.096346
0.7185205030005031,33281,25,1,0,0,0,0.0,0.0,2025-Jan-29-19:53:29.168940
0.7185205030005031,33282,25,1,0,0,0,0.0,0.0,2025-Jan-29-19:53:29.248862
0.7185205030005031,33283,25,1,0,0,0,0.0,0.0,2025-Jan-29-19:53:29.304067
0.7185205030005031,33284,25,1,0,0,0,0.0,0.0,2025-Jan-29-19:53:29.351399
0.7185205030005031,33285,25,1,0,0,0,0.0,0.0,2025-Jan-29-19:53:29.394730
0.7185205030005031,33286,25,1,0,0,0,0.0,0.0,2025-Jan-29-19:53:29.438001
0.8060591477019475,33287,25,1,0,0,-1,0.0,0.0,2025-Jan-29-19:53:29.493149
0.7185205030005031,33288,25,1,0,0,0,0.0,0.0,2025-Jan-29-19:53:29.536919
0.7185205030005031,33289,25,1,0,0,0,0.0,0.0,2025-Jan-29-19:53:29.578779
0.8060591477019475,33290,25,1,0,0,-1,0.0,0.0,2025-Jan-29-19:53:29.634381
0.7185205030005031,33291,25,1,0,0,0,0.0,0.0,2025-Jan-29-19:53:29.677236
0.8060591477019475,33292,25,1,0,0,-1,0.0,0.0,2025-Jan-29-19:53:29.732465
0.7185205030005031,33293,25,1,0,0,0,0.0,0.0,2025-Jan-29-19:53:29.775129
0.8060591477019475,33294,25,1,0,0,-1,0.0,0.0,2025-Jan-29-19:53:29.830843
0.7185205030005031,33295,25,1,0,0,0,0.0,0.0,2025-Jan-29-19:53:29.873614
0.7185205030005031,33296,25,1,0,0,0,0.0,0.0,2025-Jan-29-19:53:29.917329
0.5423573219619376,33297,25,1,0,1,0,1.9000000000000001,0.0,2025-Jan-29-19:53:29.998447
0.8060591477019475,33298,25,1,0,0,-1,0.0,0.0,2025-Jan-29-19:53:30.088667
0.7185205030005031,33299,25,1,0,0,0,0.0,0.0,2025-Jan-29-19:53:30.161445
0.7185205030005031,33300,25,1,0,0,0,0.0,0.0,2025-Jan-29-19:53:30.232108
0.5921787662199604,33301,25,1,0,0,1,0.0,1.9000000000000001,2025-Jan-29-19:53:30.331690
0.7185205030005031,33302,25,1,0,0,0,0.0,0.0,2025-Jan-29-19:53:30.379630
0.7185205030005031,33303,25,1,0,0,0,0.0,0.0,2025-Jan-29-19:53:30.424681
0.8436562666978078,33304,25,1,0,-1,-1,0.0,0.0,2025-Jan-29-19:53:30.501096
1.0735211430969913,33305,25,1,1,0,0,0.0,0.0,2025-Jan-29-19:53:30.550300
0.8060591477019475,33306,25,1,0,0,-1,0.0,0.0,2025-Jan-29-19:53:30.613196
0.7185205030005031,33307,25,1,0,0,0,0.0,0.0,2025-Jan-29-19:53:30.661044
0.7185205030005031,33308,25,1,0,0,0,0.0,0.0,2025-Jan-29-19:53:30.709982
0.7185205030005031,33309,25,1,0,0,0,0.0,0.0,2025-Jan-29-19:53:30.758019
0.8060591477019475,33310,25,1,0,0,-1,0.0,0.0,2025-Jan-29-19:53:30.819495
0.8060591477019475,33311,25,1,0,0,-1,0.0,0.0,2025-Jan-29-19:53:30.887939
0.5423573219619376,33312,25,1,0,1,0,1.9000000000000001,0.0,2025-Jan-29-19:53:30.976371
0.8060591477019475,33313,25,1,0,0,-1,0.0,0.0,2025-Jan-29-19:53:31.039569
0.7185205030005031,33314,25,1,0,0,0,0.0,0.0,2025-Jan-29-19:53:31.109196
0.5921787662199604,33315,25,1,0,0,1,0.0,1.9000000000000001,2025-Jan-29-19:53:31.225394
0.7185205030005031,33316,25,1,0,0,0,0.0,0.0,2025-Jan-29-19:53:31.288393
0.7185205030005031,33317,25,1,0,0,0,0.0,0.0,2025-Jan-29-19:53:31.336957
0.7561122308552579,33318,25,1,0,-1,0,0.0,0.0,2025-Jan-29-19:53:31.395611
0.8060591477019475,33319,25,1,0,0,-1,0.0,0.0,2025-Jan-29-19:53:31.456480
0.7185205030005031,33320,25,1,0,0,0,0.0,0.0,2025-Jan-29-19:53:31.501397
0.7185205030005031,33321,25,1,0,0,0,0.0,0.0,2025-Jan-29-19:53:31.546928
0.7185205030005031,33322,25,1,0,0,0,0.0,0.0,2025-Jan-29-19:53:31.590754
0.7185205030005031,33323,25,1,0,0,0,0.0,0.0,2025-Jan-29-19:53:31.636483
0.8060591477019475,33324,25,1,0,0,-1,0.0,0.0,2025-Jan-29-19:53:31.693638
0.7185205030005031,33325,25,1,0,0,0,0.0,0.0,2025-Jan-29-19:53:31.738084
0.7185205030005031,33326,25,1,0,0,0,0.0,0.0,2025-Jan-29-19:53:32.088065
0.7185205030005031,33327,25,1,0,0,0,0.0,0.0,2025-Jan-29-19:53:32.164345
0.7561122308552579,33328,25,1,0,-1,0,0.0,0.0,2025-Jan-29-19:53:32.247236
0.8060591477019475,33329,25,1,0,0,-1,0.0,0.0,2025-Jan-29-19:53:32.322340
1.0735211430969913,33330,25,1,1,0,0,0.0,0.0,2025-Jan-29-19:53:32.366369
0.7185205030005031,33331,25,1,0,0,0,0.0,0.0,2025-Jan-29-19:53:32.409460
0.7185205030005031,33332,25,1,0,0,0,0.0,0.0,2025-Jan-29-19:53:32.452393
0.7185205030005031,33333,25,1,0,0,0,0.0,0.0,2025-Jan-29-19:53:32.495511
0.7185205030005031,33334,25,1,0,0,0,0.0,0.0,2025-Jan-29-19:53:32.538087
0.7185205030005031,33335,25,1,0,0,0,0.0,0.0,2025-Jan-29-19:53:32.580916
0.7185205030005031,33336,25,1,0,0,0,0.0,0.0,2025-Jan-29-19:53:32.623832
1.0735211430969913,33337,25,1,1,0,0,0.0,0.0,2025-Jan-29-19:53:32.666763
0.7185205030005031,33338,25,1,0,0,0,0.0,0.0,2025-Jan-29-19:53:32.709760
0.7185205030005031,33339,25,1,0,0,0,0.0,0.0,2025-Jan-29-19:53:32.754106
0.8060591477019475,33340,25,1,0,0,-1,0.0,0.0,2025-Jan-29-19:53:32.809766
0.7185205030005031,33341,25,1,0,0,0,0.0,0.0,2025-Jan-29-19:53:32.853923
0.7185205030005031,33342,25,1,0,0,0,0.0,0.0,2025-Jan-29-19:53:32.896833
0.7185205030005031,33343,25,1,0,0,0,0.0,0.0,2025-Jan-29-19:53:32.940218
0.8060591477019475,33344,25,1,0,0,-1,0.0,0.0,2025-Jan-29-19:53:32.995079
0.7185205030005031,33345,25,1,0,0,0,0.0,0.0,2025-Jan-29-19:53:33.039128
0.7185205030005031,33346,25,1,0,0,0,0.0,0.0,2025-Jan-29-19:53:33.103773
0.7185205030005031,33347,25,1,0,0,0,0.0,0.0,2025-Jan-29-19:53:33.175500
0.7185205030005031,33348,25,1,0,0,0,0.0,0.0,2025-Jan-29-19:53:33.234031
0.7185205030005031,33349,25,1,0,0,0,0.0,0.0,2025-Jan-29-19:53:33.297323
0.8060591477019475,33350,25,1,0,0,-1,0.0,0.0,2025-Jan-29-19:53:33.357553
0.8436562666978078,33351,25,1,0,-1,-1,0.0,0.0,2025-Jan-29-19:53:33.426527
0.7185205030005031,33352,25,1,0,0,0,0.0,0.0,2025-Jan-29-19:53:33.470259
0.7185205030005031,33353,25,1,0,0,0,0.0,0.0,2025-Jan-29-19:53:33.513210
1.161059787788528,33354,25,1,1,0,-1,0.0,0.0,2025-Jan-29-19:53:33.568366
0.7185205030005031,33355,25,1,0,0,0,0.0,0.0,2025-Jan-29-19:53:33.611553
0.7185205030005031,33356,25,1,0,0,0,0.0,0.0,2025-Jan-29-19:53:33.654485
0.7185205030005031,33357,25,1,0,0,0,0.0,0.0,2025-Jan-29-19:53:33.697537
0.7185205030005031,33358,25,1,0,0,0,0.0,0.0,2025-Jan-29-19:53:33.740751
0.7185205030005031,33359,25,1,0,0,0,0.0,0.0,2025-Jan-29-19:53:33.783708
0.7185205030005031,33360,25,1,0,0,0,0.0,0.0,2025-Jan-29-19:53:33.827797
0.7185205030005031,33361,25,1,0,0,0,0.0,0.0,2025-Jan-29-19:53:33.870735
0.7185205030005031,33362,25,1,0,0,0,0.0,0.0,2025-Jan-29-19:53:33.913875
0.7185205030005031,33363,25,1,0,0,0,0.0,0.0,2025-Jan-29-19:53:33.956761
0.8060591477019475,33364,25,1,0,0,-1,0.0,0.0,2025-Jan-29-19:53:34.011958
0.7185205030005031,33365,25,1,0,0,0,0.0,0.0,2025-Jan-29-19:53:34.071320
0.7185205030005031,33366,25,1,0,0,0,0.0,0.0,2025-Jan-29-19:53:34.143556
0.7185205030005031,33367,25,1,0,0,0,0.0,0.0,2025-Jan-29-19:53:34.222576
0.7185205030005031,33368,25,1,0,0,0,0.0,0.0,2025-Jan-29-19:53:34.280858
0.7185205030005031,33369,25,1,0,0,0,0.0,0.0,2025-Jan-29-19:53:34.325930
0.7185205030005031,33370,25,1,0,0,0,0.0,0.0,2025-Jan-29-19:53:34.369069
0.8436562666978078,33371,25,1,0,-1,-1,0.0,0.0,2025-Jan-29-19:53:34.438795
0.7185205030005031,33372,25,1,0,0,0,0.0,0.0,2025-Jan-29-19:53:34.482372
0.7185205030005031,33373,25,1,0,0,0,0.0,0.0,2025-Jan-29-19:53:34.525232
0.7185205030005031,33374,25,1,0,0,0,0.0,0.0,2025-Jan-29-19:53:34.568420
0.7185205030005031,33375,25,1,0,0,0,0.0,0.0,2025-Jan-29-19:53:34.611266
0.7185205030005031,33376,25,1,0,0,0,0.0,0.0,2025-Jan-29-19:53:34.654367
0.7185205030005031,33377,25,1,0,0,0,0.0,0.0,2025-Jan-29-19:53:34.696950
0.7185205030005031,33378,25,1,0,0,0,0.0,0.0,2025-Jan-29-19:53:34.739930
0.7185205030005031,33379,25,1,0,0,0,0.0,0.0,2025-Jan-29-19:53:34.782858
0.7185205030005031,33380,25,1,0,0,0,0.0,0.0,2025-Jan-29-19:53:34.825538
0.7185205030005031,33381,25,1,0,0,0,0.0,0.0,2025-Jan-29-19:53:34.868156
0.7185205030005031,33382,25,1,0,0,0,0.0,0.0,2025-Jan-29-19:53:34.910998
0.7185205030005031,33383,25,1,0,0,0,0.0,0.0,2025-Jan-29-19:53:34.953928
0.7185205030005031,33384,25,1,0,0,0,0.0,0.0,2025-Jan-29-19:53:34.996576
0.7185205030005031,33385,25,1,0,0,0,0.0,0.0,2025-Jan-29-19:53:35.039599
0.7185205030005031,33386,25,1,0,0,0,0.0,0.0,2025-Jan-29-19:53:35.100115
0.8060591477019475,33387,25,1,0,0,-1,0.0,0.0,2025-Jan-29-19:53:35.191561
0.7185205030005031,33388,25,1,0,0,0,0.0,0.0,2025-Jan-29-19:53:35.259371
0.7185205030005031,33389,25,1,0,0,0,0.0,0.0,2025-Jan-29-19:53:35.309402
0.7185205030005031,33390,25,1,0,0,0,0.0,0.0,2025-Jan-29-19:53:35.355549
0.7185205030005031,33391,25,1,0,0,0,0.0,0.0,2025-Jan-29-19:53:35.398871
0.7185205030005031,33392,25,1,0,0,0,0.0,0.0,2025-Jan-29-19:53:35.441560
0.7185205030005031,33393,25,1,0,0,0,0.0,0.0,2025-Jan-29-19:53:35.484844
0.7185205030005031,33394,25,1,0,0,0,0.0,0.0,2025-Jan-29-19:53:35.527861
0.7185205030005031,33395,25,1,0,0,0,0.0,0.0,2025-Jan-29-19:53:35.570888
0.7185205030005031,33396,25,1,0,0,0,0.0,0.0,2025-Jan-29-19:53:35.613720
0.7185205030005031,33397,25,1,0,0,0,0.0,0.0,2025-Jan-29-19:53:35.657040
0.7185205030005031,33398,25,1,0,0,0,0.0,0.0,2025-Jan-29-19:53:35.699772
0.7185205030005031,33399,25,1,0,0,0,0.0,0.0,2025-Jan-29-19:53:35.742538
0.7185205030005031,33400,25,1,0,0,0,0.0,0.0,2025-Jan-29-19:53:35.785261
0.7185205030005031,33401,25,1,0,0,0,0.0,0.0,2025-Jan-29-19:53:35.832087
0.7185205030005031,33402,25,1,0,0,0,0.0,0.0,2025-Jan-29-19:53:35.877294
0.7185205030005031,33403,25,1,0,0,0,0.0,0.0,2025-Jan-29-19:53:35.923683
0.7185205030005031,33404,25,1,0,0,0,0.0,0.0,2025-Jan-29-19:53:35.968252
0.7185205030005031,33405,25,1,0,0,0,0.0,0.0,2025-Jan-29-19:53:36.011204
0.7185205030005031,33406,25,1,0,0,0,0.0,0.0,2025-Jan-29-19:53:36.068770
0.7185205030005031,33407,25,1,0,0,0,0.0,0.0,2025-Jan-29-19:53:36.142403
0.7185205030005031,33408,25,1,0,0,0,0.0,0.0,2025-Jan-29-19:53:36.213636
0.7185205030005031,33409,25,1,0,0,0,0.0,0.0,2025-Jan-29-19:53:36.282334
0.7185205030005031,33410,25,1,0,0,0,0.0,0.0,2025-Jan-29-19:53:36.326980
0.7185205030005031,33411,25,1,0,0,0,0.0,0.0,2025-Jan-29-19:53:36.374006
0.7185205030005031,33412,25,1,0,0,0,0.0,0.0,2025-Jan-29-19:53:36.417125
0.7185205030005031,33413,25,1,0,0,0,0.0,0.0,2025-Jan-29-19:53:36.460611
0.7185205030005031,33414,25,1,0,0,0,0.0,0.0,2025-Jan-29-19:53:36.503540
0.7185205030005031,33415,25,1,0,0,0,0.0,0.0,2025-Jan-29-19:53:36.546504
0.7185205030005031,33416,25,1,0,0,0,0.0,0.0,2025-Jan-29-19:53:36.589326
0.7185205030005031,33417,25,1,0,0,0,0.0,0.0,2025-Jan-29-19:53:36.634152
0.7185205030005031,33418,25,1,0,0,0,0.0,0.0,2025-Jan-29-19:53:36.678054
0.7185205030005031,33419,25,1,0,0,0,0.0,0.0,2025-Jan-29-19:53:36.721123
0.7185205030005031,33420,25,1,0,0,0,0.0,0.0,2025-Jan-29-19:53:36.764077
0.8060591477019475,33421,25,1,0,0,-1,0.0,0.0,2025-Jan-29-19:53:36.819223
0.7185205030005031,33422,25,1,0,0,0,0.0,0.0,2025-Jan-29-19:53:36.862198
0.7185205030005031,33423,25,1,0,0,0,0.0,0.0,2025-Jan-29-19:53:36.905615
0.7185205030005031,33424,25,1,0,0,0,0.0,0.0,2025-Jan-29-19:53:36.948528
0.7185205030005031,33425,25,1,0,0,0,0.0,0.0,2025-Jan-29-19:53:36.991310
0.7185205030005031,33426,25,1,0,0,0,0.0,0.0,2025-Jan-29-19:53:37.033595
0.7185205030005031,33427,25,1,0,0,0,0.0,0.0,2025-Jan-29-19:53:37.089862
0.7185205030005031,33428,25,1,0,0,0,0.0,0.0,2025-Jan-29-19:53:37.155636
0.7185205030005031,33429,25,1,0,0,0,0.0,0.0,2025-Jan-29-19:53:37.230213
0.7185205030005031,33430,25,1,0,0,0,0.0,0.0,2025-Jan-29-19:53:37.291442
0.7185205030005031,33431,25,1,0,0,0,0.0,0.0,2025-Jan-29-19:53:37.337343
0.7185205030005031,33432,25,1,0,0,0,0.0,0.0,2025-Jan-29-19:53:37.380377
0.7185205030005031,33433,25,1,0,0,0,0.0,0.0,2025-Jan-29-19:53:37.423411
0.7185205030005031,33434,25,1,0,0,0,0.0,0.0,2025-Jan-29-19:53:37.466125
0.7185205030005031,33435,25,1,0,0,0,0.0,0.0,2025-Jan-29-19:53:37.767403
0.7185205030005031,33436,25,1,0,0,0,0.0,0.0,2025-Jan-29-19:53:37.812030
0.7185205030005031,33437,25,1,0,0,0,0.0,0.0,2025-Jan-29-19:53:37.855728
0.7185205030005031,33438,25,1,0,0,0,0.0,0.0,2025-Jan-29-19:53:37.898460
0.7185205030005031,33439,25,1,0,0,0,0.0,0.0,2025-Jan-29-19:53:37.941711
0.7185205030005031,33440,25,1,0,0,0,0.0,0.0,2025-Jan-29-19:53:37.984589
0.7185205030005031,33441,25,1,0,0,0,0.0,0.0,2025-Jan-29-19:53:38.027279
0.8060591477019475,33442,25,1,0,0,-1,0.0,0.0,2025-Jan-29-19:53:38.097987
0.7185205030005031,33443,25,1,0,0,0,0.0,0.0,2025-Jan-29-19:53:38.180447
0.7185205030005031,33444,25,1,0,0,0,0.0,0.0,2025-Jan-29-19:53:38.256281
0.7185205030005031,33445,25,1,0,0,0,0.0,0.0,2025-Jan-29-19:53:38.303076
0.7185205030005031,33446,25,1,0,0,0,0.0,0.0,2025-Jan-29-19:53:38.346969
0.5423573219619376,33447,25,1,0,1,0,1.9000000000000001,0.0,2025-Jan-29-19:53:38.418200
0.7185205030005031,33448,25,1,0,0,0,0.0,0.0,2025-Jan-29-19:53:38.461360
0.7185205030005031,33449,25,1,0,0,0,0.0,0.0,2025-Jan-29-19:53:38.504118
0.7185205030005031,33450,25,1,0,0,0,0.0,0.0,2025-Jan-29-19:53:38.547187
0.5921787662199604,33451,25,1,0,0,1,0.0,1.9000000000000001,2025-Jan-29-19:53:38.618209
0.7185205030005031,33452,25,1,0,0,0,0.0,0.0,2025-Jan-29-19:53:38.661455
0.7185205030005031,33453,25,1,0,0,0,0.0,0.0,2025-Jan-29-19:53:38.704368
0.7185205030005031,33454,25,1,0,0,0,0.0,0.0,2025-Jan-29-19:53:38.747876
0.7185205030005031,33455,25,1,0,0,0,0.0,0.0,2025-Jan-29-19:53:38.790605
0.7185205030005031,33456,25,1,0,0,0,0.0,0.0,2025-Jan-29-19:53:38.833763
0.7185205030005031,33457,25,1,0,0,0,0.0,0.0,2025-Jan-29-19:53:38.876950
0.7185205030005031,33458,25,1,0,0,0,0.0,0.0,2025-Jan-29-19:53:38.919949
0.7185205030005031,33459,25,1,0,0,0,0.0,0.0,2025-Jan-29-19:53:38.963168
0.7185205030005031,33460,25,1,0,0,0,0.0,0.0,2025-Jan-29-19:53:39.006101
0.7185205030005031,33461,25,1,0,0,0,0.0,0.0,2025-Jan-29-19:53:39.066852
0.5423573219619376,33462,25,1,0,1,0,1.9000000000000001,0.0,2025-Jan-29-19:53:39.175384
0.7185205030005031,33463,25,1,0,0,0,0.0,0.0,2025-Jan-29-19:53:39.249452
0.8060591477019475,33464,25,1,0,0,-1,0.0,0.0,2025-Jan-29-19:53:39.315177
0.5921787662199604,33465,25,1,0,0,1,0.0,1.9000000000000001,2025-Jan-29-19:53:39.390246
0.7185205030005031,33466,25,1,0,0,0,0.0,0.0,2025-Jan-29-19:53:39.434078
0.7185205030005031,33467,25,1,0,0,0,0.0,0.0,2025-Jan-29-19:53:39.477239
0.7185205030005031,33468,25,1,0,0,0,0.0,0.0,2025-Jan-29-19:53:39.520069
0.7185205030005031,33469,25,1,0,0,0,0.0,0.0,2025-Jan-29-19:53:39.562988
0.7185205030005031,33470,25,1,0,0,0,0.0,0.0,2025-Jan-29-19:53:39.605894
0.7185205030005031,33471,25,1,0,0,0,0.0,0.0,2025-Jan-29-19:53:39.649627
0.7185205030005031,33472,25,1,0,0,0,0.0,0.0,2025-Jan-29-19:53:39.692685
0.7185205030005031,33473,25,1,0,0,0,0.0,0.0,2025-Jan-29-19:53:39.735657
0.7185205030005031,33474,25,1,0,0,0,0.0,0.0,2025-Jan-29-19:53:39.779039
0.7185205030005031,33475,25,1,0,0,0,0.0,0.0,2025-Jan-29-19:53:39.822617
0.7185205030005031,33476,25,1,0,0,0,0.0,0.0,2025-Jan-29-19:53:39.865952
0.7185205030005031,33477,25,1,0,0,0,0.0,0.0,2025-Jan-29-19:53:39.908581
0.7185205030005031,33478,25,1,0,0,0,0.0,0.0,2025-Jan-29-19:53:39.952466
0.7185205030005031,33479,25,1,0,0,0,0.0,0.0,2025-Jan-29-19:53:39.995517
0.7185205030005031,33480,25,1,0,0,0,0.0,0.0,2025-Jan-29-19:53:40.038766
0.7185205030005031,33481,25,1,0,0,0,0.0,0.0,2025-Jan-29-19:53:40.115446
0.7185205030005031,33482,25,1,0,0,0,0.0,0.0,2025-Jan-29-19:53:40.186142
0.7185205030005031,33483,25,1,0,0,0,0.0,0.0,2025-Jan-29-19:53:40.264233
0.7185205030005031,33484,25,1,0,0,0,0.0,0.0,2025-Jan-29-19:53:40.309269
0.7185205030005031,33485,25,1,0,0,0,0.0,0.0,2025-Jan-29-19:53:40.352843
0.7185205030005031,33486,25,1,0,0,0,0.0,0.0,2025-Jan-29-19:53:40.398861
0.7185205030005031,33487,25,1,0,0,0,0.0,0.0,2025-Jan-29-19:53:40.443032
0.7185205030005031,33488,25,1,0,0,0,0.0,0.0,2025-Jan-29-19:53:40.485767
0.7185205030005031,33489,25,1,0,0,0,0.0,0.0,2025-Jan-29-19:53:40.528981
0.7185205030005031,33490,25,1,0,0,0,0.0,0.0,2025-Jan-29-19:53:40.571691
0.7185205030005031,33491,25,1,0,0,0,0.0,0.0,2025-Jan-29-19:53:40.614559
0.7185205030005031,33492,25,1,0,0,0,0.0,0.0,2025-Jan-29-19:53:40.657167
0.7185205030005031,33493,25,1,0,0,0,0.0,0.0,2025-Jan-29-19:53:40.699826
0.7185205030005031,33494,25,1,0,0,0,0.0,0.0,2025-Jan-29-19:53:40.742899
0.7185205030005031,33495,25,1,0,0,0,0.0,0.0,2025-Jan-29-19:53:40.785577
0.7185205030005031,33496,25,1,0,0,0,0.0,0.0,2025-Jan-29-19:53:40.829783
0.7185205030005031,33497,25,1,0,0,0,0.0,0.0,2025-Jan-29-19:53:40.872966
0.7185205030005031,33498,25,1,0,0,0,0.0,0.0,2025-Jan-29-19:53:40.915700
0.7185205030005031,33499,25,1,0,0,0,0.0,0.0,2025-Jan-29-19:53:40.958730
0.7185205030005031,33500,25,1,0,0,0,0.0,0.0,2025-Jan-29-19:53:41.001706
0.7185205030005031,33501,25,1,0,0,0,0.0,0.0,2025-Jan-29-19:53:41.045155
0.7185205030005031,33502,25,1,0,0,0,0.0,0.0,2025-Jan-29-19:53:41.123929
0.7185205030005031,33503,25,1,0,0,0,0.0,0.0,2025-Jan-29-19:53:41.189308
0.7185205030005031,33504,25,1,0,0,0,0.0,0.0,2025-Jan-29-19:53:41.266809
0.7185205030005031,33505,25,1,0,0,0,0.0,0.0,2025-Jan-29-19:53:41.312285
0.7185205030005031,33506,25,1,0,0,0,0.0,0.0,2025-Jan-29-19:53:41.358602
0.7185205030005031,33507,25,1,0,0,0,0.0,0.0,2025-Jan-29-19:53:41.401742
0.7185205030005031,33508,25,1,0,0,0,0.0,0.0,2025-Jan-29-19:53:41.445234
0.7185205030005031,33509,25,1,0,0,0,0.0,0.0,2025-Jan-29-19:53:41.487995
0.7185205030005031,33510,25,1,0,0,0,0.0,0.0,2025-Jan-29-19:53:41.531126
0.7185205030005031,33511,25,1,0,0,0,0.0,0.0,2025-Jan-29-19:53:41.574116
0.7185205030005031,33512,25,1,0,0,0,0.0,0.0,2025-Jan-29-19:53:41.617180
0.7185205030005031,33513,25,1,0,0,0,0.0,0.0,2025-Jan-29-19:53:41.659805
0.7185205030005031,33514,25,1,0,0,0,0.0,0.0,2025-Jan-29-19:53:41.703064
0.7185205030005031,33515,25,1,0,0,0,0.0,0.0,2025-Jan-29-19:53:41.746046
0.7185205030005031,33516,25,1,0,0,0,0.0,0.0,2025-Jan-29-19:53:41.788884
0.7185205030005031,33517,25,1,0,0,0,0.0,0.0,2025-Jan-29-19:53:41.831657
0.7185205030005031,33518,25,1,0,0,0,0.0,0.0,2025-Jan-29-19:53:41.874522
0.7185205030005031,33519,25,1,0,0,0,0.0,0.0,2025-Jan-29-19:53:41.917155
0.7185205030005031,33520,25,1,0,0,0,0.0,0.0,2025-Jan-29-19:53:41.960024
0.7185205030005031,33521,25,1,0,0,0,0.0,0.0,2025-Jan-29-19:53:42.002676
0.7185205030005031,33522,25,1,0,0,0,0.0,0.0,2025-Jan-29-19:53:42.045847
0.7185205030005031,33523,25,1,0,0,0,0.0,0.0,2025-Jan-29-19:53:42.133275
0.7185205030005031,33524,25,1,0,0,0,0.0,0.0,2025-Jan-29-19:53:42.209511
0.7185205030005031,33525,25,1,0,0,0,0.0,0.0,2025-Jan-29-19:53:42.274649
0.7185205030005031,33526,25,1,0,0,0,0.0,0.0,2025-Jan-29-19:53:42.319793
0.7185205030005031,33527,25,1,0,0,0,0.0,0.0,2025-Jan-29-19:53:42.363099
0.7185205030005031,33528,25,1,0,0,0,0.0,0.0,2025-Jan-29-19:53:42.405974
0.7185205030005031,33529,25,1,0,0,0,0.0,0.0,2025-Jan-29-19:53:42.448726
0.7185205030005031,33530,25,1,0,0,0,0.0,0.0,2025-Jan-29-19:53:42.491740
0.7185205030005031,33531,25,1,0,0,0,0.0,0.0,2025-Jan-29-19:53:42.535211
0.7185205030005031,33532,25,1,0,0,0,0.0,0.0,2025-Jan-29-19:53:42.577947
0.7185205030005031,33533,25,1,0,0,0,0.0,0.0,2025-Jan-29-19:53:42.620784
0.7185205030005031,33534,25,1,0,0,0,0.0,0.0,2025-Jan-29-19:53:42.663560
0.7185205030005031,33535,25,1,0,0,0,0.0,0.0,2025-Jan-29-19:53:42.708110
0.7185205030005031,33536,25,1,0,0,0,0.0,0.0,2025-Jan-29-19:53:42.752887
0.7185205030005031,33537,25,1,0,0,0,0.0,0.0,2025-Jan-29-19:53:42.795891
0.7185205030005031,33538,25,1,0,0,0,0.0,0.0,2025-Jan-29-19:53:42.839112
0.7185205030005031,33539,25,1,0,0,0,0.0,0.0,2025-Jan-29-19:53:42.882451
0.7185205030005031,33540,25,1,0,0,0,0.0,0.0,2025-Jan-29-19:53:42.925543
0.7185205030005031,33541,25,1,0,0,0,0.0,0.0,2025-Jan-29-19:53:42.968685
0.7185205030005031,33542,25,1,0,0,0,0.0,0.0,2025-Jan-29-19:53:43.012433
0.7185205030005031,33543,25,1,0,0,0,0.0,0.0,2025-Jan-29-19:53:43.074129
0.7185205030005031,33544,25,1,0,0,0,0.0,0.0,2025-Jan-29-19:53:43.157866
0.7185205030005031,33545,25,1,0,0,0,0.0,0.0,2025-Jan-29-19:53:43.234154
0.7185205030005031,33546,25,1,0,0,0,0.0,0.0,2025-Jan-29-19:53:43.301120
0.7185205030005031,33547,25,1,0,0,0,0.0,0.0,2025-Jan-29-19:53:43.347431
0.7185205030005031,33548,25,1,0,0,0,0.0,0.0,2025-Jan-29-19:53:43.390408
0.7185205030005031,33549,25,1,0,0,0,0.0,0.0,2025-Jan-29-19:53:43.433503
0.7185205030005031,33550,25,1,0,0,0,0.0,0.0,2025-Jan-29-19:53:43.476908
0.7185205030005031,33551,25,1,0,0,0,0.0,0.0,2025-Jan-29-19:53:43.520570
0.7185205030005031,33552,25,1,0,0,0,0.0,0.0,2025-Jan-29-19:53:43.891879
0.7185205030005031,33553,25,1,0,0,0,0.0,0.0,2025-Jan-29-19:53:43.935773
0.7185205030005031,33554,25,1,0,0,0,0.0,0.0,2025-Jan-29-19:53:43.978758
0.7185205030005031,33555,25,1,0,0,0,0.0,0.0,2025-Jan-29-19:53:44.022174
0.7185205030005031,33556,25,1,0,0,0,0.0,0.0,2025-Jan-29-19:53:44.095671
0.7185205030005031,33557,25,1,0,0,0,0.0,0.0,2025-Jan-29-19:53:44.166122
0.7185205030005031,33558,25,1,0,0,0,0.0,0.0,2025-Jan-29-19:53:44.235934
0.7185205030005031,33559,25,1,0,0,0,0.0,0.0,2025-Jan-29-19:53:44.298876
0.7185205030005031,33560,25,1,0,0,0,0.0,0.0,2025-Jan-29-19:53:44.345303
0.7185205030005031,33561,25,1,0,0,0,0.0,0.0,2025-Jan-29-19:53:44.388511
0.7185205030005031,33562,25,1,0,0,0,0.0,0.0,2025-Jan-29-19:53:44.431526
0.7185205030005031,33563,25,1,0,0,0,0.0,0.0,2025-Jan-29-19:53:44.474703
0.7185205030005031,33564,25,1,0,0,0,0.0,0.0,2025-Jan-29-19:53:44.517808
0.7185205030005031,33565,25,1,0,0,0,0.0,0.0,2025-Jan-29-19:53:44.560829
0.7185205030005031,33566,25,1,0,0,0,0.0,0.0,2025-Jan-29-19:53:44.603609
0.7185205030005031,33567,25,1,0,0,0,0.0,0.0,2025-Jan-29-19:53:44.646544
0.7185205030005031,33568,25,1,0,0,0,0.0,0.0,2025-Jan-29-19:53:44.690187
0.7185205030005031,33569,25,1,0,0,0,0.0,0.0,2025-Jan-29-19:53:44.733247
0.7185205030005031,33570,25,1,0,0,0,0.0,0.0,2025-Jan-29-19:53:44.776492
0.7185205030005031,33571,25,1,0,0,0,0.0,0.0,2025-Jan-29-19:53:44.819555
0.7185205030005031,33572,25,1,0,0,0,0.0,0.0,2025-Jan-29-19:53:44.862830
0.7185205030005031,33573,25,1,0,0,0,0.0,0.0,2025-Jan-29-19:53:44.906123
0.7185205030005031,33574,25,1,0,0,0,0.0,0.0,2025-Jan-29-19:53:44.949033
0.7185205030005031,33575,25,1,0,0,0,0.0,0.0,2025-Jan-29-19:53:44.992467
0.7185205030005031,33576,25,1,0,0,0,0.0,0.0,2025-Jan-29-19:53:45.035457
0.7185205030005031,33577,25,1,0,0,0,0.0,0.0,2025-Jan-29-19:53:45.098898
0.7185205030005031,33578,25,1,0,0,0,0.0,0.0,2025-Jan-29-19:53:45.170597
0.7185205030005031,33579,25,1,0,0,0,0.0,0.0,2025-Jan-29-19:53:45.237971
0.7185205030005031,33580,25,1,0,0,0,0.0,0.0,2025-Jan-29-19:53:45.302804
0.7185205030005031,33581,25,1,0,0,0,0.0,0.0,2025-Jan-29-19:53:45.350869
0.7185205030005031,33582,25,1,0,0,0,0.0,0.0,2025-Jan-29-19:53:45.394532
0.7185205030005031,33583,25,1,0,0,0,0.0,0.0,2025-Jan-29-19:53:45.437438
0.7185205030005031,33584,25,1,0,0,0,0.0,0.0,2025-Jan-29-19:53:45.481167
0.7185205030005031,33585,25,1,0,0,0,0.0,0.0,2025-Jan-29-19:53:45.524038
0.7185205030005031,33586,25,1,0,0,0,0.0,0.0,2025-Jan-29-19:53:45.567364
0.7185205030005031,33587,25,1,0,0,0,0.0,0.0,2025-Jan-29-19:53:45.610539
0.7185205030005031,33588,25,1,0,0,0,0.0,0.0,2025-Jan-29-19:53:45.654316
0.7185205030005031,33589,25,1,0,0,0,0.0,0.0,2025-Jan-29-19:53:45.697752
0.7185205030005031,33590,25,1,0,0,0,0.0,0.0,2025-Jan-29-19:53:45.741038
0.7185205030005031,33591,25,1,0,0,0,0.0,0.0,2025-Jan-29-19:53:45.784110
0.8060591477019475,33592,25,1,0,0,-1,0.0,0.0,2025-Jan-29-19:53:45.842087
0.7185205030005031,33593,25,1,0,0,0,0.0,0.0,2025-Jan-29-19:53:45.885286
0.7185205030005031,33594,25,1,0,0,0,0.0,0.0,2025-Jan-29-19:53:45.930166
0.7185205030005031,33595,25,1,0,0,0,0.0,0.0,2025-Jan-29-19:53:45.974249
0.7185205030005031,33596,25,1,0,0,0,0.0,0.0,2025-Jan-29-19:53:46.017776
0.5423573219619376,33597,25,1,0,1,0,1.9000000000000001,0.0,2025-Jan-29-19:53:46.107402
0.7185205030005031,33598,25,1,0,0,0,0.0,0.0,2025-Jan-29-19:53:46.178478
0.7185205030005031,33599,25,1,0,0,0,0.0,0.0,2025-Jan-29-19:53:46.253152
0.7185205030005031,33600,25,1,0,0,0,0.0,0.0,2025-Jan-29-19:53:46.300075
0.5921787662199604,33601,25,1,0,0,1,0.0,1.9000000000000001,2025-Jan-29-19:53:46.374615
0.7185205030005031,33602,25,1,0,0,0,0.0,0.0,2025-Jan-29-19:53:46.418451
0.7185205030005031,33603,25,1,0,0,0,0.0,0.0,2025-Jan-29-19:53:46.461802
0.7185205030005031,33604,25,1,0,0,0,0.0,0.0,2025-Jan-29-19:53:46.505503
0.7185205030005031,33605,25,1,0,0,0,0.0,0.0,2025-Jan-29-19:53:46.549595
0.7185205030005031,33606,25,1,0,0,0,0.0,0.0,2025-Jan-29-19:53:46.592728
0.7185205030005031,33607,25,1,0,0,0,0.0,0.0,2025-Jan-29-19:53:46.635645
0.7185205030005031,33608,25,1,0,0,0,0.0,0.0,2025-Jan-29-19:53:46.679112
0.7185205030005031,33609,25,1,0,0,0,0.0,0.0,2025-Jan-29-19:53:46.722146
0.7185205030005031,33610,25,1,0,0,0,0.0,0.0,2025-Jan-29-19:53:46.765805
0.7185205030005031,33611,25,1,0,0,0,0.0,0.0,2025-Jan-29-19:53:46.809089
0.5423573219619376,33612,25,1,0,1,0,1.9000000000000001,0.0,2025-Jan-29-19:53:46.881687
0.7185205030005031,33613,25,1,0,0,0,0.0,0.0,2025-Jan-29-19:53:46.924496
0.7185205030005031,33614,25,1,0,0,0,0.0,0.0,2025-Jan-29-19:53:46.967450
0.9471794063316156,33615,25,1,1,0,1,0.0,1.9000000000000001,2025-Jan-29-19:53:47.038367
0.7185205030005031,33616,25,1,0,0,0,0.0,0.0,2025-Jan-29-19:53:47.099603
0.7185205030005031,33617,25,1,0,0,0,0.0,0.0,2025-Jan-29-19:53:47.181985
0.7185205030005031,33618,25,1,0,0,0,0.0,0.0,2025-Jan-29-19:53:47.256033
0.7185205030005031,33619,25,1,0,0,0,0.0,0.0,2025-Jan-29-19:53:47.323422
0.7185205030005031,33620,25,1,0,0,0,0.0,0.0,2025-Jan-29-19:53:47.369139
0.7185205030005031,33621,25,1,0,0,0,0.0,0.0,2025-Jan-29-19:53:47.413150
0.7185205030005031,33622,25,1,0,0,0,0.0,0.0,2025-Jan-29-19:53:47.455799
0.7185205030005031,33623,25,1,0,0,0,0.0,0.0,2025-Jan-29-19:53:47.498520
0.7185205030005031,33624,25,1,0,0,0,0.0,0.0,2025-Jan-29-19:53:47.541313
0.7185205030005031,33625,25,1,0,0,0,0.0,0.0,2025-Jan-29-19:53:47.584147
0.7185205030005031,33626,25,1,0,0,0,0.0,0.0,2025-Jan-29-19:53:47.626942
0.7185205030005031,33627,25,1,0,0,0,0.0,0.0,2025-Jan-29-19:53:47.670035
0.7185205030005031,33628,25,1,0,0,0,0.0,0.0,2025-Jan-29-19:53:47.713070
0.7185205030005031,33629,25,1,0,0,0,0.0,0.0,2025-Jan-29-19:53:47.755963
0.7185205030005031,33630,25,1,0,0,0,0.0,0.0,2025-Jan-29-19:53:47.798745
0.7185205030005031,33631,25,1,0,0,0,0.0,0.0,2025-Jan-29-19:53:47.842341
0.7185205030005031,33632,25,1,0,0,0,0.0,0.0,2025-Jan-29-19:53:47.885284
0.7185205030005031,33633,25,1,0,0,0,0.0,0.0,2025-Jan-29-19:53:47.928323
0.7185205030005031,33634,25,1,0,0,0,0.0,0.0,2025-Jan-29-19:53:47.971872
0.7185205030005031,33635,25,1,0,0,0,0.0,0.0,2025-Jan-29-19:53:48.015069
0.7185205030005031,33636,25,1,0,0,0,0.0,0.0,2025-Jan-29-19:53:48.088903
0.7185205030005031,33637,25,1,0,0,0,0.0,0.0,2025-Jan-29-19:53:48.439825
0.7185205030005031,33638,25,1,0,0,0,0.0,0.0,2025-Jan-29-19:53:48.513481
0.7185205030005031,33639,25,1,0,0,0,0.0,0.0,2025-Jan-29-19:53:48.572580
0.7185205030005031,33640,25,1,0,0,0,0.0,0.0,2025-Jan-29-19:53:48.617902
0.7185205030005031,33641,25,1,0,0,0,0.0,0.0,2025-Jan-29-19:53:48.661046
0.7185205030005031,33642,25,1,0,0,0,0.0,0.0,2025-Jan-29-19:53:48.703743
0.7185205030005031,33643,25,1,0,0,0,0.0,0.0,2025-Jan-29-19:53:48.746676
0.7185205030005031,33644,25,1,0,0,0,0.0,0.0,2025-Jan-29-19:53:48.789512
0.7185205030005031,33645,25,1,0,0,0,0.0,0.0,2025-Jan-29-19:53:48.833383
0.7185205030005031,33646,25,1,0,0,0,0.0,0.0,2025-Jan-29-19:53:48.877065
0.7185205030005031,33647,25,1,0,0,0,0.0,0.0,2025-Jan-29-19:53:48.920197
0.7185205030005031,33648,25,1,0,0,0,0.0,0.0,2025-Jan-29-19:53:48.963273
0.7185205030005031,33649,25,1,0,0,0,0.0,0.0,2025-Jan-29-19:53:49.006427
0.7185205030005031,33650,25,1,0,0,0,0.0,0.0,2025-Jan-29-19:53:49.068934
0.7185205030005031,33651,25,1,0,0,0,0.0,0.0,2025-Jan-29-19:53:49.147167
0.7185205030005031,33652,25,1,0,0,0,0.0,0.0,2025-Jan-29-19:53:49.209488
0.7185205030005031,33653,25,1,0,0,0,0.0,0.0,2025-Jan-29-19:53:49.285699
0.7185205030005031,33654,25,1,0,0,0,0.0,0.0,2025-Jan-29-19:53:49.329331
0.7185205030005031,33655,25,1,0,0,0,0.0,0.0,2025-Jan-29-19:53:49.373197
0.7185205030005031,33656,25,1,0,0,0,0.0,0.0,2025-Jan-29-19:53:49.418776
0.7185205030005031,33657,25,1,0,0,0,0.0,0.0,2025-Jan-29-19:53:49.463910
0.7185205030005031,33658,25,1,0,0,0,0.0,0.0,2025-Jan-29-19:53:49.509219
0.8060591477019475,33659,25,1,0,0,-1,0.0,0.0,2025-Jan-29-19:53:49.567896
0.7185205030005031,33660,25,1,0,0,0,0.0,0.0,2025-Jan-29-19:53:49.612462
0.7185205030005031,33661,25,1,0,0,0,0.0,0.0,2025-Jan-29-19:53:49.659010
0.7185205030005031,33662,25,1,0,0,0,0.0,0.0,2025-Jan-29-19:53:49.704362
0.7185205030005031,33663,25,1,0,0,0,0.0,0.0,2025-Jan-29-19:53:49.749482
0.7185205030005031,33664,25,1,0,0,0,0.0,0.0,2025-Jan-29-19:53:49.794756
0.7185205030005031,33665,25,1,0,0,0,0.0,0.0,2025-Jan-29-19:53:49.839899
0.7185205030005031,33666,25,1,0,0,0,0.0,0.0,2025-Jan-29-19:53:49.886052
0.7185205030005031,33667,25,1,0,0,0,0.0,0.0,2025-Jan-29-19:53:49.930531
0.7185205030005031,33668,25,1,0,0,0,0.0,0.0,2025-Jan-29-19:53:49.976052
0.7185205030005031,33669,25,1,0,0,0,0.0,0.0,2025-Jan-29-19:53:50.022291
0.7185205030005031,33670,25,1,0,0,0,0.0,0.0,2025-Jan-29-19:53:50.092192
0.7185205030005031,33671,25,1,0,0,0,0.0,0.0,2025-Jan-29-19:53:50.173475
0.7561122308552579,33672,25,1,0,-1,0,0.0,0.0,2025-Jan-29-19:53:50.283978
0.7185205030005031,33673,25,1,0,0,0,0.0,0.0,2025-Jan-29-19:53:50.335415
0.7185205030005031,33674,25,1,0,0,0,0.0,0.0,2025-Jan-29-19:53:50.384371
0.7185205030005031,33675,25,1,0,0,0,0.0,0.0,2025-Jan-29-19:53:50.430052
0.7185205030005031,33676,25,1,0,0,0,0.0,0.0,2025-Jan-29-19:53:50.475850
0.7185205030005031,33677,25,1,0,0,0,0.0,0.0,2025-Jan-29-19:53:50.521790
0.7185205030005031,33678,25,1,0,0,0,0.0,0.0,2025-Jan-29-19:53:50.567265
0.7185205030005031,33679,25,1,0,0,0,0.0,0.0,2025-Jan-29-19:53:50.612886
0.7185205030005031,33680,25,1,0,0,0,0.0,0.0,2025-Jan-29-19:53:50.657948
0.7185205030005031,33681,25,1,0,0,0,0.0,0.0,2025-Jan-29-19:53:50.702902
0.7185205030005031,33682,25,1,0,0,0,0.0,0.0,2025-Jan-29-19:53:50.748618
0.7185205030005031,33683,25,1,0,0,0,0.0,0.0,2025-Jan-29-19:53:50.793780
0.7185205030005031,33684,25,1,0,0,0,0.0,0.0,2025-Jan-29-19:53:50.839221
0.7185205030005031,33685,25,1,0,0,0,0.0,0.0,2025-Jan-29-19:53:50.886224
0.7185205030005031,33686,25,1,0,0,0,0.0,0.0,2025-Jan-29-19:53:50.932763
0.7185205030005031,33687,25,1,0,0,0,0.0,0.0,2025-Jan-29-19:53:50.978370
0.7185205030005031,33688,25,1,0,0,0,0.0,0.0,2025-Jan-29-19:53:51.024196
0.7185205030005031,33689,25,1,0,0,0,0.0,0.0,2025-Jan-29-19:53:51.103251
0.7185205030005031,33690,25,1,0,0,0,0.0,0.0,2025-Jan-29-19:53:51.187932
0.7185205030005031,33691,25,1,0,0,0,0.0,0.0,2025-Jan-29-19:53:51.270066
0.7185205030005031,33692,25,1,0,0,0,0.0,0.0,2025-Jan-29-19:53:51.335805
0.7185205030005031,33693,25,1,0,0,0,0.0,0.0,2025-Jan-29-19:53:51.386260
0.7185205030005031,33694,25,1,0,0,0,0.0,0.0,2025-Jan-29-19:53:51.433684
0.7185205030005031,33695,25,1,0,0,0,0.0,0.0,2025-Jan-29-19:53:51.479929
0.7185205030005031,33696,25,1,0,0,0,0.0,0.0,2025-Jan-29-19:53:51.525090
0.7185205030005031,33697,25,1,0,0,0,0.0,0.0,2025-Jan-29-19:53:51.571117
0.7185205030005031,33698,25,1,0,0,0,0.0,0.0,2025-Jan-29-19:53:51.615265
0.7185205030005031,33699,25,1,0,0,0,0.0,0.0,2025-Jan-29-19:53:51.662373
0.7185205030005031,33700,25,1,0,0,0,0.0,0.0,2025-Jan-29-19:53:51.709247
0.7185205030005031,33701,25,1,0,0,0,0.0,0.0,2025-Jan-29-19:53:51.755057
0.7185205030005031,33702,25,1,0,0,0,0.0,0.0,2025-Jan-29-19:53:51.802309
0.7185205030005031,33703,25,1,0,0,0,0.0,0.0,2025-Jan-29-19:53:51.849508
0.7185205030005031,33704,25,1,0,0,0,0.0,0.0,2025-Jan-29-19:53:51.896696
0.7185205030005031,33705,25,1,0,0,0,0.0,0.0,2025-Jan-29-19:53:51.943454
0.7185205030005031,33706,25,1,0,0,0,0.0,0.0,2025-Jan-29-19:53:51.989451
0.7185205030005031,33707,25,1,0,0,0,0.0,0.0,2025-Jan-29-19:53:52.035206
0.7185205030005031,33708,25,1,0,0,0,0.0,0.0,2025-Jan-29-19:53:52.103084
0.7185205030005031,33709,25,1,0,0,0,0.0,0.0,2025-Jan-29-19:53:52.193521
0.7185205030005031,33710,25,1,0,0,0,0.0,0.0,2025-Jan-29-19:53:52.283648
0.7185205030005031,33711,25,1,0,0,0,0.0,0.0,2025-Jan-29-19:53:52.338330
0.7185205030005031,33712,25,1,0,0,0,0.0,0.0,2025-Jan-29-19:53:52.384950
0.7185205030005031,33713,25,1,0,0,0,0.0,0.0,2025-Jan-29-19:53:52.431446
0.7185205030005031,33714,25,1,0,0,0,0.0,0.0,2025-Jan-29-19:53:52.477227
0.7185205030005031,33715,25,1,0,0,0,0.0,0.0,2025-Jan-29-19:53:52.523551
0.7185205030005031,33716,25,1,0,0,0,0.0,0.0,2025-Jan-29-19:53:52.567690
0.7185205030005031,33717,25,1,0,0,0,0.0,0.0,2025-Jan-29-19:53:52.613318
0.7185205030005031,33718,25,1,0,0,0,0.0,0.0,2025-Jan-29-19:53:52.658350
0.7185205030005031,33719,25,1,0,0,0,0.0,0.0,2025-Jan-29-19:53:52.704156
0.7185205030005031,33720,25,1,0,0,0,0.0,0.0,2025-Jan-29-19:53:52.749404
0.7185205030005031,33721,25,1,0,0,0,0.0,0.0,2025-Jan-29-19:53:52.795705
0.7185205030005031,33722,25,1,0,0,0,0.0,0.0,2025-Jan-29-19:53:52.840934
0.7185205030005031,33723,25,1,0,0,0,0.0,0.0,2025-Jan-29-19:53:52.886435
0.7185205030005031,33724,25,1,0,0,0,0.0,0.0,2025-Jan-29-19:53:52.931774
0.7185205030005031,33725,25,1,0,0,0,0.0,0.0,2025-Jan-29-19:53:52.977426
0.7185205030005031,33726,25,1,0,0,0,0.0,0.0,2025-Jan-29-19:53:53.022361
0.7185205030005031,33727,25,1,0,0,0,0.0,0.0,2025-Jan-29-19:53:53.091510
0.7185205030005031,33728,25,1,0,0,0,0.0,0.0,2025-Jan-29-19:53:53.173067
0.7185205030005031,33729,25,1,0,0,0,0.0,0.0,2025-Jan-29-19:53:53.246811
0.7185205030005031,33730,25,1,0,0,0,0.0,0.0,2025-Jan-29-19:53:53.314472
0.7185205030005031,33731,25,1,0,0,0,0.0,0.0,2025-Jan-29-19:53:53.361680
0.7185205030005031,33732,25,1,0,0,0,0.0,0.0,2025-Jan-29-19:53:53.407950
0.7185205030005031,33733,25,1,0,0,0,0.0,0.0,2025-Jan-29-19:53:53.453797
0.7185205030005031,33734,25,1,0,0,0,0.0,0.0,2025-Jan-29-19:53:53.499049
0.7185205030005031,33735,25,1,0,0,0,0.0,0.0,2025-Jan-29-19:53:53.544645
0.7185205030005031,33736,25,1,0,0,0,0.0,0.0,2025-Jan-29-19:53:53.590173
0.7185205030005031,33737,25,1,0,0,0,0.0,0.0,2025-Jan-29-19:53:53.637113
0.7185205030005031,33738,25,1,0,0,0,0.0,0.0,2025-Jan-29-19:53:53.682549
0.7185205030005031,33739,25,1,0,0,0,0.0,0.0,2025-Jan-29-19:53:53.727931
0.7185205030005031,33740,25,1,0,0,0,0.0,0.0,2025-Jan-29-19:53:53.773500
0.7185205030005031,33741,25,1,0,0,0,0.0,0.0,2025-Jan-29-19:53:53.818254
0.7185205030005031,33742,25,1,0,0,0,0.0,0.0,2025-Jan-29-19:53:53.863302
0.7185205030005031,33743,25,1,0,0,0,0.0,0.0,2025-Jan-29-19:53:53.908034
0.7185205030005031,33744,25,1,0,0,0,0.0,0.0,2025-Jan-29-19:53:53.953151
0.7185205030005031,33745,25,1,0,0,0,0.0,0.0,2025-Jan-29-19:53:53.997234
0.7185205030005031,33746,25,1,0,0,0,0.0,0.0,2025-Jan-29-19:53:54.040801
0.5423573219619376,33747,25,1,0,1,0,1.9000000000000001,0.0,2025-Jan-29-19:53:54.140236
0.7185205030005031,33748,25,1,0,0,0,0.0,0.0,2025-Jan-29-19:53:54.218175
0.7185205030005031,33749,25,1,0,0,0,0.0,0.0,2025-Jan-29-19:53:54.567878
0.7185205030005031,33750,25,1,0,0,0,0.0,0.0,2025-Jan-29-19:53:54.614397
0.5921787662199604,33751,25,1,0,0,1,0.0,1.9000000000000001,2025-Jan-29-19:53:54.686393
0.7185205030005031,33752,25,1,0,0,0,0.0,0.0,2025-Jan-29-19:53:54.729927
0.7185205030005031,33753,25,1,0,0,0,0.0,0.0,2025-Jan-29-19:53:54.773508
0.7185205030005031,33754,25,1,0,0,0,0.0,0.0,2025-Jan-29-19:53:54.816569
0.7185205030005031,33755,25,1,0,0,0,0.0,0.0,2025-Jan-29-19:53:54.859767
0.7185205030005031,33756,25,1,0,0,0,0.0,0.0,2025-Jan-29-19:53:54.902678
0.7185205030005031,33757,25,1,0,0,0,0.0,0.0,2025-Jan-29-19:53:54.945351
0.7185205030005031,33758,25,1,0,0,0,0.0,0.0,2025-Jan-29-19:53:54.988169
0.7185205030005031,33759,25,1,0,0,0,0.0,0.0,2025-Jan-29-19:53:55.030833
0.7185205030005031,33760,25,1,0,0,0,0.0,0.0,2025-Jan-29-19:53:55.092148
0.7185205030005031,33761,25,1,0,0,0,0.0,0.0,2025-Jan-29-19:53:55.172568
0.5423573219619376,33762,25,1,0,1,0,1.9000000000000001,0.0,2025-Jan-29-19:53:55.278293
0.7185205030005031,33763,25,1,0,0,0,0.0,0.0,2025-Jan-29-19:53:55.326143
0.7185205030005031,33764,25,1,0,0,0,0.0,0.0,2025-Jan-29-19:53:55.370482
0.7185205030005031,33765,25,1,0,0,0,0.0,0.0,2025-Jan-29-19:53:55.413202
0.7185205030005031,33766,25,1,0,0,0,0.0,0.0,2025-Jan-29-19:53:55.458790
0.7185205030005031,33767,25,1,0,0,0,0.0,0.0,2025-Jan-29-19:53:55.501892
0.7185205030005031,33768,25,1,0,0,0,0.0,0.0,2025-Jan-29-19:53:55.544749
0.7185205030005031,33769,25,1,0,0,0,0.0,0.0,2025-Jan-29-19:53:55.587882
0.7185205030005031,33770,25,1,0,0,0,0.0,0.0,2025-Jan-29-19:53:55.630965
0.7185205030005031,33771,25,1,0,0,0,0.0,0.0,2025-Jan-29-19:53:55.674016
0.7185205030005031,33772,25,1,0,0,0,0.0,0.0,2025-Jan-29-19:53:55.717029
0.7185205030005031,33773,25,1,0,0,0,0.0,0.0,2025-Jan-29-19:53:55.760639
0.7185205030005031,33774,25,1,0,0,0,0.0,0.0,2025-Jan-29-19:53:55.803358
0.7185205030005031,33775,25,1,0,0,0,0.0,0.0,2025-Jan-29-19:53:55.846895
0.7185205030005031,33776,25,1,0,0,0,0.0,0.0,2025-Jan-29-19:53:55.890063
0.7185205030005031,33777,25,1,0,0,0,0.0,0.0,2025-Jan-29-19:53:55.933195
0.7185205030005031,33778,25,1,0,0,0,0.0,0.0,2025-Jan-29-19:53:55.976499
0.7185205030005031,33779,25,1,0,0,0,0.0,0.0,2025-Jan-29-19:53:56.019488
0.7185205030005031,33780,25,1,0,0,0,0.0,0.0,2025-Jan-29-19:53:56.090783
0.7185205030005031,33781,25,1,0,0,0,0.0,0.0,2025-Jan-29-19:53:56.165359
0.7185205030005031,33782,25,1,0,0,0,0.0,0.0,2025-Jan-29-19:53:56.233795
0.7185205030005031,33783,25,1,0,0,0,0.0,0.0,2025-Jan-29-19:53:56.300935
0.7185205030005031,33784,25,1,0,0,0,0.0,0.0,2025-Jan-29-19:53:56.347366
0.7185205030005031,33785,25,1,0,0,0,0.0,0.0,2025-Jan-29-19:53:56.390964
0.7185205030005031,33786,25,1,0,0,0,0.0,0.0,2025-Jan-29-19:53:56.433780
0.7185205030005031,33787,25,1,0,0,0,0.0,0.0,2025-Jan-29-19:53:56.477134
0.7185205030005031,33788,25,1,0,0,0,0.0,0.0,2025-Jan-29-19:53:56.519737
0.7185205030005031,33789,25,1,0,0,0,0.0,0.0,2025-Jan-29-19:53:56.563630
0.7185205030005031,33790,25,1,0,0,0,0.0,0.0,2025-Jan-29-19:53:56.606626
0.7185205030005031,33791,25,1,0,0,0,0.0,0.0,2025-Jan-29-19:53:56.650559
0.7185205030005031,33792,25,1,0,0,0,0.0,0.0,2025-Jan-29-19:53:56.693381
0.7185205030005031,33793,25,1,0,0,0,0.0,0.0,2025-Jan-29-19:53:56.736299
0.7185205030005031,33794,25,1,0,0,0,0.0,0.0,2025-Jan-29-19:53:56.779175
0.7185205030005031,33795,25,1,0,0,0,0.0,0.0,2025-Jan-29-19:53:56.822091
0.7185205030005031,33796,25,1,0,0,0,0.0,0.0,2025-Jan-29-19:53:56.866588
0.7185205030005031,33797,25,1,0,0,0,0.0,0.0,2025-Jan-29-19:53:56.909652
0.7185205030005031,33798,25,1,0,0,0,0.0,0.0,2025-Jan-29-19:53:56.952714
0.7185205030005031,33799,25,1,0,0,0,0.0,0.0,2025-Jan-29-19:53:56.995899
0.7185205030005031,33800,25,1,0,0,0,0.0,0.0,2025-Jan-29-19:53:57.039059
0.7185205030005031,33801,25,1,0,0,0,0.0,0.0,2025-Jan-29-19:53:57.101701
0.7185205030005031,33802,25,1,0,0,0,0.0,0.0,2025-Jan-29-19:53:57.175778
0.7185205030005031,33803,25,1,0,0,0,0.0,0.0,2025-Jan-29-19:53:57.255970
0.7185205030005031,33804,25,1,0,0,0,0.0,0.0,2025-Jan-29-19:53:57.306172
0.7185205030005031,33805,25,1,0,0,0,0.0,0.0,2025-Jan-29-19:53:57.352972
0.7185205030005031,33806,25,1,0,0,0,0.0,0.0,2025-Jan-29-19:53:57.396425
0.7185205030005031,33807,25,1,0,0,0,0.0,0.0,2025-Jan-29-19:53:57.439364
0.7185205030005031,33808,25,1,0,0,0,0.0,0.0,2025-Jan-29-19:53:57.482535
0.7185205030005031,33809,25,1,0,0,0,0.0,0.0,2025-Jan-29-19:53:57.525660
0.7185205030005031,33810,25,1,0,0,0,0.0,0.0,2025-Jan-29-19:53:57.569716
0.7185205030005031,33811,25,1,0,0,0,0.0,0.0,2025-Jan-29-19:53:57.612911
0.7185205030005031,33812,25,1,0,0,0,0.0,0.0,2025-Jan-29-19:53:57.655651
0.7185205030005031,33813,25,1,0,0,0,0.0,0.0,2025-Jan-29-19:53:57.698711
0.7185205030005031,33814,25,1,0,0,0,0.0,0.0,2025-Jan-29-19:53:57.741987
0.7185205030005031,33815,25,1,0,0,0,0.0,0.0,2025-Jan-29-19:53:57.785266
0.7185205030005031,33816,25,1,0,0,0,0.0,0.0,2025-Jan-29-19:53:57.828079
0.7185205030005031,33817,25,1,0,0,0,0.0,0.0,2025-Jan-29-19:53:57.871523
0.7185205030005031,33818,25,1,0,0,0,0.0,0.0,2025-Jan-29-19:53:57.914724
0.7185205030005031,33819,25,1,0,0,0,0.0,0.0,2025-Jan-29-19:53:57.958234
0.7185205030005031,33820,25,1,0,0,0,0.0,0.0,2025-Jan-29-19:53:58.001084
0.7185205030005031,33821,25,1,0,0,0,0.0,0.0,2025-Jan-29-19:53:58.043994
0.7185205030005031,33822,25,1,0,0,0,0.0,0.0,2025-Jan-29-19:53:58.119171
0.7185205030005031,33823,25,1,0,0,0,0.0,0.0,2025-Jan-29-19:53:58.196401
0.7185205030005031,33824,25,1,0,0,0,0.0,0.0,2025-Jan-29-19:53:58.271397
0.7185205030005031,33825,25,1,0,0,0,0.0,0.0,2025-Jan-29-19:53:58.321067
0.7185205030005031,33826,25,1,0,0,0,0.0,0.0,2025-Jan-29-19:53:58.367599
0.7185205030005031,33827,25,1,0,0,0,0.0,0.0,2025-Jan-29-19:53:58.410836
0.7185205030005031,33828,25,1,0,0,0,0.0,0.0,2025-Jan-29-19:53:58.454041
0.7185205030005031,33829,25,1,0,0,0,0.0,0.0,2025-Jan-29-19:53:58.497374
0.7185205030005031,33830,25,1,0,0,0,0.0,0.0,2025-Jan-29-19:53:58.540627
0.7185205030005031,33831,25,1,0,0,0,0.0,0.0,2025-Jan-29-19:53:58.583989
0.7185205030005031,33832,25,1,0,0,0,0.0,0.0,2025-Jan-29-19:53:58.627064
0.7185205030005031,33833,25,1,0,0,0,0.0,0.0,2025-Jan-29-19:53:58.670225
0.7185205030005031,33834,25,1,0,0,0,0.0,0.0,2025-Jan-29-19:53:58.713794
0.7185205030005031,33835,25,1,0,0,0,0.0,0.0,2025-Jan-29-19:53:58.757254
0.7185205030005031,33836,25,1,0,0,0,0.0,0.0,2025-Jan-29-19:53:58.800632
0.7185205030005031,33837,25,1,0,0,0,0.0,0.0,2025-Jan-29-19:53:58.843774
0.7185205030005031,33838,25,1,0,0,0,0.0,0.0,2025-Jan-29-19:53:58.887508
0.7185205030005031,33839,25,1,0,0,0,0.0,0.0,2025-Jan-29-19:53:58.931099
0.7185205030005031,33840,25,1,0,0,0,0.0,0.0,2025-Jan-29-19:53:59.292129
0.7185205030005031,33841,25,1,0,0,0,0.0,0.0,2025-Jan-29-19:53:59.365640
0.7185205030005031,33842,25,1,0,0,0,0.0,0.0,2025-Jan-29-19:53:59.441106
0.7185205030005031,33843,25,1,0,0,0,0.0,0.0,2025-Jan-29-19:53:59.487560
0.7185205030005031,33844,25,1,0,0,0,0.0,0.0,2025-Jan-29-19:53:59.531507
0.7185205030005031,33845,25,1,0,0,0,0.0,0.0,2025-Jan-29-19:53:59.575010
0.7185205030005031,33846,25,1,0,0,0,0.0,0.0,2025-Jan-29-19:53:59.618128
0.7185205030005031,33847,25,1,0,0,0,0.0,0.0,2025-Jan-29-19:53:59.661462
0.7185205030005031,33848,25,1,0,0,0,0.0,0.0,2025-Jan-29-19:53:59.704423
0.7185205030005031,33849,25,1,0,0,0,0.0,0.0,2025-Jan-29-19:53:59.747689
0.7185205030005031,33850,25,1,0,0,0,0.0,0.0,2025-Jan-29-19:53:59.790964
0.7185205030005031,33851,25,1,0,0,0,0.0,0.0,2025-Jan-29-19:53:59.834403
0.7185205030005031,33852,25,1,0,0,0,0.0,0.0,2025-Jan-29-19:53:59.878097
0.7185205030005031,33853,25,1,0,0,0,0.0,0.0,2025-Jan-29-19:53:59.921379
0.7185205030005031,33854,25,1,0,0,0,0.0,0.0,2025-Jan-29-19:53:59.964447
0.7185205030005031,33855,25,1,0,0,0,0.0,0.0,2025-Jan-29-19:54:00.008822
0.7185205030005031,33856,25,1,0,0,0,0.0,0.0,2025-Jan-29-19:54:00.054448
0.7185205030005031,33857,25,1,0,0,0,0.0,0.0,2025-Jan-29-19:54:00.098345
0.7185205030005031,33858,25,1,0,0,0,0.0,0.0,2025-Jan-29-19:54:00.142521
0.7185205030005031,33859,25,1,0,0,0,0.0,0.0,2025-Jan-29-19:54:00.200720
0.7185205030005031,33860,25,1,0,0,0,0.0,0.0,2025-Jan-29-19:54:00.270409
0.7185205030005031,33861,25,1,0,0,0,0.0,0.0,2025-Jan-29-19:54:00.359692
0.5423573219619376,33862,25,1,0,1,0,1.9000000000000001,0.0,2025-Jan-29-19:54:00.460525
0.7185205030005031,33863,25,1,0,0,0,0.0,0.0,2025-Jan-29-19:54:00.506327
0.7185205030005031,33864,25,1,0,0,0,0.0,0.0,2025-Jan-29-19:54:00.552744
0.7185205030005031,33865,25,1,0,0,0,0.0,0.0,2025-Jan-29-19:54:00.596351
0.7185205030005031,33866,25,1,0,0,0,0.0,0.0,2025-Jan-29-19:54:00.638996
0.7185205030005031,33867,25,1,0,0,0,0.0,0.0,2025-Jan-29-19:54:00.681852
0.7185205030005031,33868,25,1,0,0,0,0.0,0.0,2025-Jan-29-19:54:00.724864
0.7185205030005031,33869,25,1,0,0,0,0.0,0.0,2025-Jan-29-19:54:00.767381
0.7185205030005031,33870,25,1,0,0,0,0.0,0.0,2025-Jan-29-19:54:00.809981
0.7185205030005031,33871,25,1,0,0,0,0.0,0.0,2025-Jan-29-19:54:00.855148
0.7185205030005031,33872,25,1,0,0,0,0.0,0.0,2025-Jan-29-19:54:00.898151
0.7185205030005031,33873,25,1,0,0,0,0.0,0.0,2025-Jan-29-19:54:00.940879
0.7185205030005031,33874,25,1,0,0,0,0.0,0.0,2025-Jan-29-19:54:00.983148
0.7185205030005031,33875,25,1,0,0,0,0.0,0.0,2025-Jan-29-19:54:01.026068
0.5423573219619376,33876,25,1,0,1,0,1.9000000000000001,0.0,2025-Jan-29-19:54:01.099317
0.7185205030005031,33877,25,1,0,0,0,0.0,0.0,2025-Jan-29-19:54:01.163270
0.7185205030005031,33878,25,1,0,0,0,0.0,0.0,2025-Jan-29-19:54:01.233331
0.7185205030005031,33879,25,1,0,0,0,0.0,0.0,2025-Jan-29-19:54:01.318836
0.7185205030005031,33880,25,1,0,0,0,0.0,0.0,2025-Jan-29-19:54:01.387497
0.7185205030005031,33881,25,1,0,0,0,0.0,0.0,2025-Jan-29-19:54:01.434690
0.7185205030005031,33882,25,1,0,0,0,0.0,0.0,2025-Jan-29-19:54:01.482950
0.7185205030005031,33883,25,1,0,0,0,0.0,0.0,2025-Jan-29-19:54:01.531862
0.7185205030005031,33884,25,1,0,0,0,0.0,0.0,2025-Jan-29-19:54:01.581300
0.7185205030005031,33885,25,1,0,0,0,0.0,0.0,2025-Jan-29-19:54:01.631211
0.7185205030005031,33886,25,1,0,0,0,0.0,0.0,2025-Jan-29-19:54:01.680204
0.7185205030005031,33887,25,1,0,0,0,0.0,0.0,2025-Jan-29-19:54:01.728690
0.7185205030005031,33888,25,1,0,0,0,0.0,0.0,2025-Jan-29-19:54:01.776649
0.7185205030005031,33889,25,1,0,0,0,0.0,0.0,2025-Jan-29-19:54:01.825251
0.7185205030005031,33890,25,1,0,0,0,0.0,0.0,2025-Jan-29-19:54:01.870386
0.7185205030005031,33891,25,1,0,0,0,0.0,0.0,2025-Jan-29-19:54:01.913720
0.7185205030005031,33892,25,1,0,0,0,0.0,0.0,2025-Jan-29-19:54:01.958466
0.7185205030005031,33893,25,1,0,0,0,0.0,0.0,2025-Jan-29-19:54:02.001684
0.7185205030005031,33894,25,1,0,0,0,0.0,0.0,2025-Jan-29-19:54:02.044860
0.7185205030005031,33895,25,1,0,0,0,0.0,0.0,2025-Jan-29-19:54:02.107423
0.7185205030005031,33896,25,1,0,0,0,0.0,0.0,2025-Jan-29-19:54:02.183041
0.5423573219619376,33897,25,1,0,1,0,1.9000000000000001,0.0,2025-Jan-29-19:54:02.299983
0.7185205030005031,33898,25,1,0,0,0,0.0,0.0,2025-Jan-29-19:54:02.354248
0.7185205030005031,33899,25,1,0,0,0,0.0,0.0,2025-Jan-29-19:54:02.397952
0.7185205030005031,33900,25,1,0,0,0,0.0,0.0,2025-Jan-29-19:54:02.442936
0.5921787662199604,33901,25,1,0,0,1,0.0,1.9000000000000001,2025-Jan-29-19:54:02.515706
0.7185205030005031,33902,25,1,0,0,0,0.0,0.0,2025-Jan-29-19:54:02.559312
0.7185205030005031,33903,25,1,0,0,0,0.0,0.0,2025-Jan-29-19:54:02.602405
0.7185205030005031,33904,25,1,0,0,0,0.0,0.0,2025-Jan-29-19:54:02.645968
0.7185205030005031,33905,25,1,0,0,0,0.0,0.0,2025-Jan-29-19:54:02.689465
0.7185205030005031,33906,25,1,0,0,0,0.0,0.0,2025-Jan-29-19:54:02.733264
0.7185205030005031,33907,25,1,0,0,0,0.0,0.0,2025-Jan-29-19:54:02.776476
0.7185205030005031,33908,25,1,0,0,0,0.0,0.0,2025-Jan-29-19:54:02.819861
0.7185205030005031,33909,25,1,0,0,0,0.0,0.0,2025-Jan-29-19:54:02.863058
0.7185205030005031,33910,25,1,0,0,0,0.0,0.0,2025-Jan-29-19:54:02.905991
0.7185205030005031,33911,25,1,0,0,0,0.0,0.0,2025-Jan-29-19:54:02.948926
0.5423573219619376,33912,25,1,0,1,0,1.9000000000000001,0.0,2025-Jan-29-19:54:03.020350
0.7185205030005031,33913,25,1,0,0,0,0.0,0.0,2025-Jan-29-19:54:03.076287
0.7185205030005031,33914,25,1,0,0,0,0.0,0.0,2025-Jan-29-19:54:03.147721
0.7185205030005031,33915,25,1,0,0,0,0.0,0.0,2025-Jan-29-19:54:03.212514
0.7185205030005031,33916,25,1,0,0,0,0.0,0.0,2025-Jan-29-19:54:03.281250
0.7185205030005031,33917,25,1,0,0,0,0.0,0.0,2025-Jan-29-19:54:03.326144
0.7185205030005031,33918,25,1,0,0,0,0.0,0.0,2025-Jan-29-19:54:03.370189
0.7185205030005031,33919,25,1,0,0,0,0.0,0.0,2025-Jan-29-19:54:03.416256
0.7185205030005031,33920,25,1,0,0,0,0.0,0.0,2025-Jan-29-19:54:03.462810
0.7185205030005031,33921,25,1,0,0,0,0.0,0.0,2025-Jan-29-19:54:03.506228
0.7185205030005031,33922,25,1,0,0,0,0.0,0.0,2025-Jan-29-19:54:03.549140
0.7185205030005031,33923,25,1,0,0,0,0.0,0.0,2025-Jan-29-19:54:03.592581
0.7185205030005031,33924,25,1,0,0,0,0.0,0.0,2025-Jan-29-19:54:03.635603
0.7185205030005031,33925,25,1,0,0,0,0.0,0.0,2025-Jan-29-19:54:03.679128
0.5423573219619376,33926,25,1,0,1,0,1.9000000000000001,0.0,2025-Jan-29-19:54:03.751977
0.7185205030005031,33927,25,1,0,0,0,0.0,0.0,2025-Jan-29-19:54:03.794949
0.7185205030005031,33928,25,1,0,0,0,0.0,0.0,2025-Jan-29-19:54:03.838003
0.7185205030005031,33929,25,1,0,0,0,0.0,0.0,2025-Jan-29-19:54:03.882668
0.7185205030005031,33930,25,1,0,0,0,0.0,0.0,2025-Jan-29-19:54:03.925800
0.7185205030005031,33931,25,1,0,0,0,0.0,0.0,2025-Jan-29-19:54:03.968723
0.7185205030005031,33932,25,1,0,0,0,0.0,0.0,2025-Jan-29-19:54:04.011727
0.7185205030005031,33933,25,1,0,0,0,0.0,0.0,2025-Jan-29-19:54:04.070914
0.7185205030005031,33934,25,1,0,0,0,0.0,0.0,2025-Jan-29-19:54:04.156979
0.7185205030005031,33935,25,1,0,0,0,0.0,0.0,2025-Jan-29-19:54:04.214781
0.7185205030005031,33936,25,1,0,0,0,0.0,0.0,2025-Jan-29-19:54:04.282729
0.7185205030005031,33937,25,1,0,0,0,0.0,0.0,2025-Jan-29-19:54:04.330824
0.7185205030005031,33938,25,1,0,0,0,0.0,0.0,2025-Jan-29-19:54:04.374827
0.7185205030005031,33939,25,1,0,0,0,0.0,0.0,2025-Jan-29-19:54:04.418308
0.7185205030005031,33940,25,1,0,0,0,0.0,0.0,2025-Jan-29-19:54:04.463145
0.7185205030005031,33941,25,1,0,0,0,0.0,0.0,2025-Jan-29-19:54:04.507072
0.7185205030005031,33942,25,1,0,0,0,0.0,0.0,2025-Jan-29-19:54:04.552234
0.7185205030005031,33943,25,1,0,0,0,0.0,0.0,2025-Jan-29-19:54:04.872549
0.7185205030005031,33944,25,1,0,0,0,0.0,0.0,2025-Jan-29-19:54:04.917790
0.7185205030005031,33945,25,1,0,0,0,0.0,0.0,2025-Jan-29-19:54:04.964099
