Cost,Sim,Switch_State_Indx,Gen1_on,Gen2_on,Batt1_mode,Batt2_mode,Batt1_power_kW,Batt2_power_kW,Timestamp
0.7561122308552579,34547,25,1,0,-1,0,0.0,0.0,2025-Jan-29-19:54:40.312881
1.1986569067802102,34548,25,1,1,-1,-1,0.0,0.0,2025-Jan-29-19:54:40.385649
0.8973579620796409,34549,25,1,1,1,0,1.9000000000000001,0.0,2025-Jan-29-19:54:40.463225
1.161059787788528,34550,25,1,1,0,-1,0.0,0.0,2025-Jan-29-19:54:40.525805
0.5423573219619376,34551,25,1,0,1,0,1.9000000000000001,0.0,2025-Jan-29-19:54:40.609476
0.6298883869405699,34552,25,1,0,1,-1,1.9000000000000001,0.0,2025-Jan-29-19:54:40.696864
0.7185205030005031,34553,25,1,0,0,0,0.0,0.0,2025-Jan-29-19:54:40.740442
0.7561122308552579,34554,25,1,0,-1,0,0.0,0.0,2025-Jan-29-19:54:40.796174
1.0735211430969913,34555,25,1,1,0,0,0.0,0.0,2025-Jan-29-19:54:40.839141
0.7185205030005031,34556,25,1,0,0,0,0.0,0.0,2025-Jan-29-19:54:40.882950
0.8973579620796409,34557,25,1,1,1,0,1.9000000000000001,0.0,2025-Jan-29-19:54:40.956047
1.1111128709475113,34558,25,1,1,-1,0,0.0,0.0,2025-Jan-29-19:54:41.012926
0.6298883869405699,34559,25,1,0,1,-1,1.9000000000000001,0.0,2025-Jan-29-19:54:41.128325
0.9848890270480929,34560,25,1,1,1,-1,1.9000000000000001,0.0,2025-Jan-29-19:54:41.244071
0.5423573219619376,34561,25,1,0,1,0,1.9000000000000001,0.0,2025-Jan-29-19:54:41.321339
0.8973579620796409,34562,25,1,1,1,0,1.9000000000000001,0.0,2025-Jan-29-19:54:41.394571
0.8060591477019475,34563,25,1,0,0,-1,0.0,0.0,2025-Jan-29-19:54:41.450238
0.8060591477019475,34564,25,1,0,0,-1,0.0,0.0,2025-Jan-29-19:54:41.505614
1.161059787788528,34565,25,1,1,0,-1,0.0,0.0,2025-Jan-29-19:54:41.561202
0.8973579620796409,34566,25,1,1,1,0,1.9000000000000001,0.0,2025-Jan-29-19:54:41.633142
1.161059787788528,34567,25,1,1,0,-1,0.0,0.0,2025-Jan-29-19:54:41.688485
0.7185205030005031,34568,25,1,0,0,0,0.0,0.0,2025-Jan-29-19:54:41.732278
0.7185205030005031,34569,25,1,0,0,0,0.0,0.0,2025-Jan-29-19:54:41.775618
1.161059787788528,34570,25,1,1,0,-1,0.0,0.0,2025-Jan-29-19:54:41.831455
1.161059787788528,34571,25,1,1,0,-1,0.0,0.0,2025-Jan-29-19:54:41.887043
0.8436562666978078,34572,25,1,0,-1,-1,0.0,0.0,2025-Jan-29-19:54:41.955718
1.0735211430969913,34573,25,1,1,0,0,0.0,0.0,2025-Jan-29-19:54:41.998555
0.7185205030005031,34574,25,1,0,0,0,0.0,0.0,2025-Jan-29-19:54:42.041639
0.8060591477019475,34575,25,1,0,0,-1,0.0,0.0,2025-Jan-29-19:54:42.117503
0.9760242519712691,34576,25,1,1,-1,1,0.0,1.9000000000000001,2025-Jan-29-19:54:42.248521
1.1111128709475113,34577,25,1,1,-1,0,0.0,0.0,2025-Jan-29-19:54:42.310753
1.161059787788528,34578,25,1,1,0,-1,0.0,0.0,2025-Jan-29-19:54:42.367111
1.1111128709475113,34579,25,1,1,-1,0,0.0,0.0,2025-Jan-29-19:54:42.425149
0.7185205030005031,34580,25,1,0,0,0,0.0,0.0,2025-Jan-29-19:54:42.468245
0.8060591477019475,34581,25,1,0,0,-1,0.0,0.0,2025-Jan-29-19:54:42.523998
0.7185205030005031,34582,25,1,0,0,0,0.0,0.0,2025-Jan-29-19:54:42.566925
0.5921787662199604,34583,25,1,0,0,1,0.0,1.9000000000000001,2025-Jan-29-19:54:42.639378
1.161059787788528,34584,25,1,1,0,-1,0.0,0.0,2025-Jan-29-19:54:42.694815
0.7185205030005031,34585,25,1,0,0,0,0.0,0.0,2025-Jan-29-19:54:42.738641
0.7185205030005031,34586,25,1,0,0,0,0.0,0.0,2025-Jan-29-19:54:42.782495
0.9471794063316156,34587,25,1,1,0,1,0.0,1.9000000000000001,2025-Jan-29-19:54:42.853230
0.8436562666978078,34588,25,1,0,-1,-1,0.0,0.0,2025-Jan-29-19:54:42.921401
0.8060591477019475,34589,25,1,0,0,-1,0.0,0.0,2025-Jan-29-19:54:42.977223
0.7561122308552579,34590,25,1,0,-1,0,0.0,0.0,2025-Jan-29-19:54:43.343319
0.5921787662199604,34591,25,1,0,0,1,0.0,1.9000000000000001,2025-Jan-29-19:54:43.448001
0.5921787662199604,34592,25,1,0,0,1,0.0,1.9000000000000001,2025-Jan-29-19:54:43.543905
0.7185205030005031,34593,25,1,0,0,0,0.0,0.0,2025-Jan-29-19:54:43.588889
0.5423573219619376,34594,25,1,0,1,0,1.9000000000000001,0.0,2025-Jan-29-19:54:43.660663
0.7561122308552579,34595,25,1,0,-1,0,0.0,0.0,2025-Jan-29-19:54:43.716627
0.5423573219619376,34596,25,1,0,1,0,1.9000000000000001,0.0,2025-Jan-29-19:54:43.788587
0.7185205030005031,34597,25,1,0,0,0,0.0,0.0,2025-Jan-29-19:54:43.831674
0.7185205030005031,34598,25,1,0,0,0,0.0,0.0,2025-Jan-29-19:54:43.875274
1.1111128709475113,34599,25,1,1,-1,0,0.0,0.0,2025-Jan-29-19:54:43.930741
1.161059787788528,34600,25,1,1,0,-1,0.0,0.0,2025-Jan-29-19:54:43.987035
0.7561122308552579,34601,25,1,0,-1,0,0.0,0.0,2025-Jan-29-19:54:44.042901
0.8436562666978078,34602,25,1,0,-1,-1,0.0,0.0,2025-Jan-29-19:54:44.111457
0.7185205030005031,34603,25,1,0,0,0,0.0,0.0,2025-Jan-29-19:54:44.154710
0.7561122308552579,34604,25,1,0,-1,0,0.0,0.0,2025-Jan-29-19:54:44.210271
1.0735211430969913,34605,25,1,1,0,0,0.0,0.0,2025-Jan-29-19:54:44.275134
0.7185205030005031,34606,25,1,0,0,0,0.0,0.0,2025-Jan-29-19:54:44.346739
1.1111128709475113,34607,25,1,1,-1,0,0.0,0.0,2025-Jan-29-19:54:44.428145
0.7185205030005031,34608,25,1,0,0,0,0.0,0.0,2025-Jan-29-19:54:44.474999
0.7561122308552579,34609,25,1,0,-1,0,0.0,0.0,2025-Jan-29-19:54:44.530508
1.1111128709475113,34610,25,1,1,-1,0,0.0,0.0,2025-Jan-29-19:54:44.586068
0.7561122308552579,34611,25,1,0,-1,0,0.0,0.0,2025-Jan-29-19:54:44.641678
1.1111128709475113,34612,25,1,1,-1,0,0.0,0.0,2025-Jan-29-19:54:44.697192
0.7185205030005031,34613,25,1,0,0,0,0.0,0.0,2025-Jan-29-19:54:44.739876
0.7185205030005031,34614,25,1,0,0,0,0.0,0.0,2025-Jan-29-19:54:44.782851
1.0735211430969913,34615,25,1,1,0,0,0.0,0.0,2025-Jan-29-19:54:44.826042
1.1111128709475113,34616,25,1,1,-1,0,0.0,0.0,2025-Jan-29-19:54:44.881682
1.0735211430969913,34617,25,1,1,0,0,0.0,0.0,2025-Jan-29-19:54:44.924658
0.7185205030005031,34618,25,1,0,0,0,0.0,0.0,2025-Jan-29-19:54:44.969309
0.7185205030005031,34619,25,1,0,0,0,0.0,0.0,2025-Jan-29-19:54:45.012554
0.7185205030005031,34620,25,1,0,0,0,0.0,0.0,2025-Jan-29-19:54:45.055567
0.7185205030005031,34621,25,1,0,0,0,0.0,0.0,2025-Jan-29-19:54:45.098414
0.7185205030005031,34622,25,1,0,0,0,0.0,0.0,2025-Jan-29-19:54:45.142111
0.7185205030005031,34623,25,1,0,0,0,0.0,0.0,2025-Jan-29-19:54:45.205851
0.7185205030005031,34624,25,1,0,0,0,0.0,0.0,2025-Jan-29-19:54:45.274392
0.7185205030005031,34625,25,1,0,0,0,0.0,0.0,2025-Jan-29-19:54:45.336981
0.7185205030005031,34626,25,1,0,0,0,0.0,0.0,2025-Jan-29-19:54:45.409625
0.7185205030005031,34627,25,1,0,0,0,0.0,0.0,2025-Jan-29-19:54:45.452790
0.7185205030005031,34628,25,1,0,0,0,0.0,0.0,2025-Jan-29-19:54:45.495635
1.0735211430969913,34629,25,1,1,0,0,0.0,0.0,2025-Jan-29-19:54:45.538237
0.7185205030005031,34630,25,1,0,0,0,0.0,0.0,2025-Jan-29-19:54:45.580766
0.8060591477019475,34631,25,1,0,0,-1,0.0,0.0,2025-Jan-29-19:54:45.636120
0.7185205030005031,34632,25,1,0,0,0,0.0,0.0,2025-Jan-29-19:54:45.678571
0.8060591477019475,34633,25,1,0,0,-1,0.0,0.0,2025-Jan-29-19:54:45.733924
1.161059787788528,34634,25,1,1,0,-1,0.0,0.0,2025-Jan-29-19:54:45.789045
0.7185205030005031,34635,25,1,0,0,0,0.0,0.0,2025-Jan-29-19:54:45.832009
0.7185205030005031,34636,25,1,0,0,0,0.0,0.0,2025-Jan-29-19:54:45.874843
1.161059787788528,34637,25,1,1,0,-1,0.0,0.0,2025-Jan-29-19:54:45.930172
0.7185205030005031,34638,25,1,0,0,0,0.0,0.0,2025-Jan-29-19:54:45.973906
0.8060591477019475,34639,25,1,0,0,-1,0.0,0.0,2025-Jan-29-19:54:46.028784
0.7561122308552579,34640,25,1,0,-1,0,0.0,0.0,2025-Jan-29-19:54:46.084543
0.8060591477019475,34641,25,1,0,0,-1,0.0,0.0,2025-Jan-29-19:54:46.162391
0.8060591477019475,34642,25,1,0,0,-1,0.0,0.0,2025-Jan-29-19:54:46.246320
0.7185205030005031,34643,25,1,0,0,0,0.0,0.0,2025-Jan-29-19:54:46.310251
0.7561122308552579,34644,25,1,0,-1,0,0.0,0.0,2025-Jan-29-19:54:46.387317
0.7561122308552579,34645,25,1,0,-1,0,0.0,0.0,2025-Jan-29-19:54:46.443183
0.7561122308552579,34646,25,1,0,-1,0,0.0,0.0,2025-Jan-29-19:54:46.500506
0.7185205030005031,34647,25,1,0,0,0,0.0,0.0,2025-Jan-29-19:54:46.543606
0.9760242519712691,34648,25,1,1,-1,1,0.0,1.9000000000000001,2025-Jan-29-19:54:46.626937
0.7185205030005031,34649,25,1,0,0,0,0.0,0.0,2025-Jan-29-19:54:46.670080
0.8060591477019475,34650,25,1,0,0,-1,0.0,0.0,2025-Jan-29-19:54:46.725251
0.5423573219619376,34651,25,1,0,1,0,1.9000000000000001,0.0,2025-Jan-29-19:54:46.795894
1.0735211430969913,34652,25,1,1,0,0,0.0,0.0,2025-Jan-29-19:54:46.839054
0.7185205030005031,34653,25,1,0,0,0,0.0,0.0,2025-Jan-29-19:54:46.884107
0.5423573219619376,34654,25,1,0,1,0,1.9000000000000001,0.0,2025-Jan-29-19:54:46.955413
0.7185205030005031,34655,25,1,0,0,0,0.0,0.0,2025-Jan-29-19:54:46.998307
0.7185205030005031,34656,25,1,0,0,0,0.0,0.0,2025-Jan-29-19:54:47.040749
0.7185205030005031,34657,25,1,0,0,0,0.0,0.0,2025-Jan-29-19:54:47.106875
0.7561122308552579,34658,25,1,0,-1,0,0.0,0.0,2025-Jan-29-19:54:47.223260
0.5423573219619376,34659,25,1,0,1,0,1.9000000000000001,0.0,2025-Jan-29-19:54:47.329606
0.5423573219619376,34660,25,1,0,1,0,1.9000000000000001,0.0,2025-Jan-29-19:54:47.402504
0.7185205030005031,34661,25,1,0,0,0,0.0,0.0,2025-Jan-29-19:54:47.446061
0.7561122308552579,34662,25,1,0,-1,0,0.0,0.0,2025-Jan-29-19:54:47.501440
0.7185205030005031,34663,25,1,0,0,0,0.0,0.0,2025-Jan-29-19:54:47.544510
0.5423573219619376,34664,25,1,0,1,0,1.9000000000000001,0.0,2025-Jan-29-19:54:47.615618
0.7185205030005031,34665,25,1,0,0,0,0.0,0.0,2025-Jan-29-19:54:47.658474
0.7185205030005031,34666,25,1,0,0,0,0.0,0.0,2025-Jan-29-19:54:47.701382
0.7185205030005031,34667,25,1,0,0,0,0.0,0.0,2025-Jan-29-19:54:47.744063
0.5423573219619376,34668,25,1,0,1,0,1.9000000000000001,0.0,2025-Jan-29-19:54:47.815128
0.5423573219619376,34669,25,1,0,1,0,1.9000000000000001,0.0,2025-Jan-29-19:54:47.885995
0.5423573219619376,34670,25,1,0,1,0,1.9000000000000001,0.0,2025-Jan-29-19:54:47.956889
0.7185205030005031,34671,25,1,0,0,0,0.0,0.0,2025-Jan-29-19:54:47.999850
0.7185205030005031,34672,25,1,0,0,0,0.0,0.0,2025-Jan-29-19:54:48.042777
0.7185205030005031,34673,25,1,0,0,0,0.0,0.0,2025-Jan-29-19:54:48.104226
0.7185205030005031,34674,25,1,0,0,0,0.0,0.0,2025-Jan-29-19:54:48.182694
0.7185205030005031,34675,25,1,0,0,0,0.0,0.0,2025-Jan-29-19:54:48.258930
0.7185205030005031,34676,25,1,0,0,0,0.0,0.0,2025-Jan-29-19:54:48.311764
0.7185205030005031,34677,25,1,0,0,0,0.0,0.0,2025-Jan-29-19:54:48.355059
0.7185205030005031,34678,25,1,0,0,0,0.0,0.0,2025-Jan-29-19:54:48.398500
0.7185205030005031,34679,25,1,0,0,0,0.0,0.0,2025-Jan-29-19:54:48.443938
0.7185205030005031,34680,25,1,0,0,0,0.0,0.0,2025-Jan-29-19:54:48.486877
0.7185205030005031,34681,25,1,0,0,0,0.0,0.0,2025-Jan-29-19:54:48.529166
0.7185205030005031,34682,25,1,0,0,0,0.0,0.0,2025-Jan-29-19:54:48.571976
0.7185205030005031,34683,25,1,0,0,0,0.0,0.0,2025-Jan-29-19:54:48.615068
0.7185205030005031,34684,25,1,0,0,0,0.0,0.0,2025-Jan-29-19:54:48.657914
0.7185205030005031,34685,25,1,0,0,0,0.0,0.0,2025-Jan-29-19:54:48.700528
0.7185205030005031,34686,25,1,0,0,0,0.0,0.0,2025-Jan-29-19:54:48.743224
0.7185205030005031,34687,25,1,0,0,0,0.0,0.0,2025-Jan-29-19:54:48.785589
0.7185205030005031,34688,25,1,0,0,0,0.0,0.0,2025-Jan-29-19:54:48.828767
0.8060591477019475,34689,25,1,0,0,-1,0.0,0.0,2025-Jan-29-19:54:48.883868
0.5921787662199604,34690,25,1,0,0,1,0.0,1.9000000000000001,2025-Jan-29-19:54:48.955741
0.7185205030005031,34691,25,1,0,0,0,0.0,0.0,2025-Jan-29-19:54:48.998841
0.7185205030005031,34692,25,1,0,0,0,0.0,0.0,2025-Jan-29-19:54:49.335541
0.7185205030005031,34693,25,1,0,0,0,0.0,0.0,2025-Jan-29-19:54:49.423515
0.5423573219619376,34694,25,1,0,1,0,1.9000000000000001,0.0,2025-Jan-29-19:54:49.531299
0.7185205030005031,34695,25,1,0,0,0,0.0,0.0,2025-Jan-29-19:54:49.578756
0.7185205030005031,34696,25,1,0,0,0,0.0,0.0,2025-Jan-29-19:54:49.624208
0.7185205030005031,34697,25,1,0,0,0,0.0,0.0,2025-Jan-29-19:54:49.669217
0.7185205030005031,34698,25,1,0,0,0,0.0,0.0,2025-Jan-29-19:54:49.714085
0.7185205030005031,34699,25,1,0,0,0,0.0,0.0,2025-Jan-29-19:54:49.757573
0.7561122308552579,34700,25,1,0,-1,0,0.0,0.0,2025-Jan-29-19:54:49.814503
0.7561122308552579,34701,25,1,0,-1,0,0.0,0.0,2025-Jan-29-19:54:49.871744
0.7185205030005031,34702,25,1,0,0,0,0.0,0.0,2025-Jan-29-19:54:49.917057
0.8973579620796409,34703,25,1,1,1,0,1.9000000000000001,0.0,2025-Jan-29-19:54:49.992605
1.161059787788528,34704,25,1,1,0,-1,0.0,0.0,2025-Jan-29-19:54:50.049823
0.5921787662199604,34705,25,1,0,0,1,0.0,1.9000000000000001,2025-Jan-29-19:54:50.126813
0.5921787662199604,34706,25,1,0,0,1,0.0,1.9000000000000001,2025-Jan-29-19:54:50.201539
0.8060591477019475,34707,25,1,0,0,-1,0.0,0.0,2025-Jan-29-19:54:50.284935
0.7185205030005031,34708,25,1,0,0,0,0.0,0.0,2025-Jan-29-19:54:50.380884
0.5423573219619376,34709,25,1,0,1,0,1.9000000000000001,0.0,2025-Jan-29-19:54:50.483346
0.5423573219619376,34710,25,1,0,1,0,1.9000000000000001,0.0,2025-Jan-29-19:54:50.562091
0.5423573219619376,34711,25,1,0,1,0,1.9000000000000001,0.0,2025-Jan-29-19:54:50.639874
0.7185205030005031,34712,25,1,0,0,0,0.0,0.0,2025-Jan-29-19:54:50.684094
0.7185205030005031,34713,25,1,0,0,0,0.0,0.0,2025-Jan-29-19:54:50.728920
0.7185205030005031,34714,25,1,0,0,0,0.0,0.0,2025-Jan-29-19:54:50.773105
0.7185205030005031,34715,25,1,0,0,0,0.0,0.0,2025-Jan-29-19:54:50.819519
0.7561122308552579,34716,25,1,0,-1,0,0.0,0.0,2025-Jan-29-19:54:50.878140
0.5423573219619376,34717,25,1,0,1,0,1.9000000000000001,0.0,2025-Jan-29-19:54:50.955305
0.7185205030005031,34718,25,1,0,0,0,0.0,0.0,2025-Jan-29-19:54:51.003778
0.5423573219619376,34719,25,1,0,1,0,1.9000000000000001,0.0,2025-Jan-29-19:54:51.078541
0.5423573219619376,34720,25,1,0,1,0,1.9000000000000001,0.0,2025-Jan-29-19:54:51.153093
0.5423573219619376,34721,25,1,0,1,0,1.9000000000000001,0.0,2025-Jan-29-19:54:51.261610
0.5423573219619376,34722,25,1,0,1,0,1.9000000000000001,0.0,2025-Jan-29-19:54:51.382317
0.7185205030005031,34723,25,1,0,0,0,0.0,0.0,2025-Jan-29-19:54:51.456968
0.7185205030005031,34724,25,1,0,0,0,0.0,0.0,2025-Jan-29-19:54:51.502601
0.7185205030005031,34725,25,1,0,0,0,0.0,0.0,2025-Jan-29-19:54:51.547673
0.7185205030005031,34726,25,1,0,0,0,0.0,0.0,2025-Jan-29-19:54:51.592507
0.7185205030005031,34727,25,1,0,0,0,0.0,0.0,2025-Jan-29-19:54:51.636072
0.7185205030005031,34728,25,1,0,0,0,0.0,0.0,2025-Jan-29-19:54:51.679783
0.7185205030005031,34729,25,1,0,0,0,0.0,0.0,2025-Jan-29-19:54:51.723590
0.7185205030005031,34730,25,1,0,0,0,0.0,0.0,2025-Jan-29-19:54:51.768694
0.7185205030005031,34731,25,1,0,0,0,0.0,0.0,2025-Jan-29-19:54:51.812597
0.7185205030005031,34732,25,1,0,0,0,0.0,0.0,2025-Jan-29-19:54:51.856052
0.7185205030005031,34733,25,1,0,0,0,0.0,0.0,2025-Jan-29-19:54:51.899701
0.7185205030005031,34734,25,1,0,0,0,0.0,0.0,2025-Jan-29-19:54:51.944797
0.7185205030005031,34735,25,1,0,0,0,0.0,0.0,2025-Jan-29-19:54:51.989547
0.7185205030005031,34736,25,1,0,0,0,0.0,0.0,2025-Jan-29-19:54:52.034077
0.7185205030005031,34737,25,1,0,0,0,0.0,0.0,2025-Jan-29-19:54:52.077655
0.7185205030005031,34738,25,1,0,0,0,0.0,0.0,2025-Jan-29-19:54:52.123184
0.7185205030005031,34739,25,1,0,0,0,0.0,0.0,2025-Jan-29-19:54:52.188718
0.7185205030005031,34740,25,1,0,0,0,0.0,0.0,2025-Jan-29-19:54:52.268551
0.7185205030005031,34741,25,1,0,0,0,0.0,0.0,2025-Jan-29-19:54:52.358129
0.7185205030005031,34742,25,1,0,0,0,0.0,0.0,2025-Jan-29-19:54:52.422093
0.7185205030005031,34743,25,1,0,0,0,0.0,0.0,2025-Jan-29-19:54:52.468972
0.7185205030005031,34744,25,1,0,0,0,0.0,0.0,2025-Jan-29-19:54:52.515725
0.7185205030005031,34745,25,1,0,0,0,0.0,0.0,2025-Jan-29-19:54:52.562164
0.7185205030005031,34746,25,1,0,0,0,0.0,0.0,2025-Jan-29-19:54:52.606684
0.7185205030005031,34747,25,1,0,0,0,0.0,0.0,2025-Jan-29-19:54:52.652485
0.7185205030005031,34748,25,1,0,0,0,0.0,0.0,2025-Jan-29-19:54:52.697474
0.5423573219619376,34749,25,1,0,1,0,1.9000000000000001,0.0,2025-Jan-29-19:54:52.771301
0.7185205030005031,34750,25,1,0,0,0,0.0,0.0,2025-Jan-29-19:54:52.816254
0.7185205030005031,34751,25,1,0,0,0,0.0,0.0,2025-Jan-29-19:54:52.861144
0.7185205030005031,34752,25,1,0,0,0,0.0,0.0,2025-Jan-29-19:54:52.906615
0.7185205030005031,34753,25,1,0,0,0,0.0,0.0,2025-Jan-29-19:54:52.952335
0.7185205030005031,34754,25,1,0,0,0,0.0,0.0,2025-Jan-29-19:54:52.996870
0.7185205030005031,34755,25,1,0,0,0,0.0,0.0,2025-Jan-29-19:54:53.041639
0.7561122308552579,34756,25,1,0,-1,0,0.0,0.0,2025-Jan-29-19:54:53.121540
0.7185205030005031,34757,25,1,0,0,0,0.0,0.0,2025-Jan-29-19:54:53.201486
0.7561122308552579,34758,25,1,0,-1,0,0.0,0.0,2025-Jan-29-19:54:53.302933
0.7185205030005031,34759,25,1,0,0,0,0.0,0.0,2025-Jan-29-19:54:53.379217
0.7561122308552579,34760,25,1,0,-1,0,0.0,0.0,2025-Jan-29-19:54:53.438481
0.5921787662199604,34761,25,1,0,0,1,0.0,1.9000000000000001,2025-Jan-29-19:54:53.513191
0.6298883869405699,34762,25,1,0,1,-1,1.9000000000000001,0.0,2025-Jan-29-19:54:53.600276
0.7185205030005031,34763,25,1,0,0,0,0.0,0.0,2025-Jan-29-19:54:53.647511
0.5423573219619376,34764,25,1,0,1,0,1.9000000000000001,0.0,2025-Jan-29-19:54:53.721370
0.5423573219619376,34765,25,1,0,1,0,1.9000000000000001,0.0,2025-Jan-29-19:54:53.795544
0.5423573219619376,34766,25,1,0,1,0,1.9000000000000001,0.0,2025-Jan-29-19:54:53.869145
0.5423573219619376,34767,25,1,0,1,0,1.9000000000000001,0.0,2025-Jan-29-19:54:53.943958
0.7185205030005031,34768,25,1,0,0,0,0.0,0.0,2025-Jan-29-19:54:53.988391
0.7185205030005031,34769,25,1,0,0,0,0.0,0.0,2025-Jan-29-19:54:54.033956
0.7185205030005031,34770,25,1,0,0,0,0.0,0.0,2025-Jan-29-19:54:54.091660
0.7185205030005031,34771,25,1,0,0,0,0.0,0.0,2025-Jan-29-19:54:54.171812
0.7561122308552579,34772,25,1,0,-1,0,0.0,0.0,2025-Jan-29-19:54:54.262396
0.7185205030005031,34773,25,1,0,0,0,0.0,0.0,2025-Jan-29-19:54:54.330173
0.5423573219619376,34774,25,1,0,1,0,1.9000000000000001,0.0,2025-Jan-29-19:54:54.406969
0.5423573219619376,34775,25,1,0,1,0,1.9000000000000001,0.0,2025-Jan-29-19:54:54.480226
0.5423573219619376,34776,25,1,0,1,0,1.9000000000000001,0.0,2025-Jan-29-19:54:54.553269
0.5423573219619376,34777,25,1,0,1,0,1.9000000000000001,0.0,2025-Jan-29-19:54:54.627570
0.7185205030005031,34778,25,1,0,0,0,0.0,0.0,2025-Jan-29-19:54:54.672187
0.7185205030005031,34779,25,1,0,0,0,0.0,0.0,2025-Jan-29-19:54:54.716316
0.7185205030005031,34780,25,1,0,0,0,0.0,0.0,2025-Jan-29-19:54:54.760977
0.7185205030005031,34781,25,1,0,0,0,0.0,0.0,2025-Jan-29-19:54:54.805512
0.7185205030005031,34782,25,1,0,0,0,0.0,0.0,2025-Jan-29-19:54:54.850001
0.7185205030005031,34783,25,1,0,0,0,0.0,0.0,2025-Jan-29-19:54:54.893732
0.7185205030005031,34784,25,1,0,0,0,0.0,0.0,2025-Jan-29-19:54:54.936925
0.7185205030005031,34785,25,1,0,0,0,0.0,0.0,2025-Jan-29-19:54:54.981392
0.7185205030005031,34786,25,1,0,0,0,0.0,0.0,2025-Jan-29-19:54:55.024168
0.7185205030005031,34787,25,1,0,0,0,0.0,0.0,2025-Jan-29-19:54:55.079995
0.7185205030005031,34788,25,1,0,0,0,0.0,0.0,2025-Jan-29-19:54:55.147440
0.7185205030005031,34789,25,1,0,0,0,0.0,0.0,2025-Jan-29-19:54:55.219027
0.7185205030005031,34790,25,1,0,0,0,0.0,0.0,2025-Jan-29-19:54:55.281064
0.7185205030005031,34791,25,1,0,0,0,0.0,0.0,2025-Jan-29-19:54:55.325910
0.7185205030005031,34792,25,1,0,0,0,0.0,0.0,2025-Jan-29-19:54:55.369772
0.7185205030005031,34793,25,1,0,0,0,0.0,0.0,2025-Jan-29-19:54:55.412507
0.7185205030005031,34794,25,1,0,0,0,0.0,0.0,2025-Jan-29-19:54:55.454986
0.7185205030005031,34795,25,1,0,0,0,0.0,0.0,2025-Jan-29-19:54:55.497822
0.7185205030005031,34796,25,1,0,0,0,0.0,0.0,2025-Jan-29-19:54:55.540621
0.7185205030005031,34797,25,1,0,0,0,0.0,0.0,2025-Jan-29-19:54:55.583512
0.7185205030005031,34798,25,1,0,0,0,0.0,0.0,2025-Jan-29-19:54:55.626148
0.7185205030005031,34799,25,1,0,0,0,0.0,0.0,2025-Jan-29-19:54:55.668885
0.7185205030005031,34800,25,1,0,0,0,0.0,0.0,2025-Jan-29-19:54:55.711389
0.7185205030005031,34801,25,1,0,0,0,0.0,0.0,2025-Jan-29-19:54:55.754900
0.7185205030005031,34802,25,1,0,0,0,0.0,0.0,2025-Jan-29-19:54:55.797543
0.7185205030005031,34803,25,1,0,0,0,0.0,0.0,2025-Jan-29-19:54:55.840199
0.5423573219619376,34804,25,1,0,1,0,1.9000000000000001,0.0,2025-Jan-29-19:54:55.911152
0.7185205030005031,34805,25,1,0,0,0,0.0,0.0,2025-Jan-29-19:54:55.954750
0.7185205030005031,34806,25,1,0,0,0,0.0,0.0,2025-Jan-29-19:54:55.996993
0.7185205030005031,34807,25,1,0,0,0,0.0,0.0,2025-Jan-29-19:54:56.039716
0.7185205030005031,34808,25,1,0,0,0,0.0,0.0,2025-Jan-29-19:54:56.103875
0.7185205030005031,34809,25,1,0,0,0,0.0,0.0,2025-Jan-29-19:54:56.183772
0.7185205030005031,34810,25,1,0,0,0,0.0,0.0,2025-Jan-29-19:54:56.254129
0.7185205030005031,34811,25,1,0,0,0,0.0,0.0,2025-Jan-29-19:54:56.305120
0.5423573219619376,34812,25,1,0,1,0,1.9000000000000001,0.0,2025-Jan-29-19:54:56.379774
0.7561122308552579,34813,25,1,0,-1,0,0.0,0.0,2025-Jan-29-19:54:56.435649
0.5921787662199604,34814,25,1,0,0,1,0.0,1.9000000000000001,2025-Jan-29-19:54:56.797080
0.5423573219619376,34815,25,1,0,1,0,1.9000000000000001,0.0,2025-Jan-29-19:54:56.869535
1.1986569067802102,34816,25,1,1,-1,-1,0.0,0.0,2025-Jan-29-19:54:56.937285
1.1111128709475113,34817,25,1,1,-1,0,0.0,0.0,2025-Jan-29-19:54:56.992600
0.7185205030005031,34818,25,1,0,0,0,0.0,0.0,2025-Jan-29-19:54:57.036844
0.5423573219619376,34819,25,1,0,1,0,1.9000000000000001,0.0,2025-Jan-29-19:54:57.131855
0.5423573219619376,34820,25,1,0,1,0,1.9000000000000001,0.0,2025-Jan-29-19:54:57.248493
0.5423573219619376,34821,25,1,0,1,0,1.9000000000000001,0.0,2025-Jan-29-19:54:57.324298
0.5423573219619376,34822,25,1,0,1,0,1.9000000000000001,0.0,2025-Jan-29-19:54:57.396162
0.7185205030005031,34823,25,1,0,0,0,0.0,0.0,2025-Jan-29-19:54:57.439445
0.7185205030005031,34824,25,1,0,0,0,0.0,0.0,2025-Jan-29-19:54:57.482770
0.7185205030005031,34825,25,1,0,0,0,0.0,0.0,2025-Jan-29-19:54:57.525458
0.7185205030005031,34826,25,1,0,0,0,0.0,0.0,2025-Jan-29-19:54:57.568571
0.7561122308552579,34827,25,1,0,-1,0,0.0,0.0,2025-Jan-29-19:54:57.624106
0.7185205030005031,34828,25,1,0,0,0,0.0,0.0,2025-Jan-29-19:54:57.666859
0.5423573219619376,34829,25,1,0,1,0,1.9000000000000001,0.0,2025-Jan-29-19:54:57.738983
0.5423573219619376,34830,25,1,0,1,0,1.9000000000000001,0.0,2025-Jan-29-19:54:57.810568
0.5423573219619376,34831,25,1,0,1,0,1.9000000000000001,0.0,2025-Jan-29-19:54:57.882344
0.5423573219619376,34832,25,1,0,1,0,1.9000000000000001,0.0,2025-Jan-29-19:54:57.954837
0.7185205030005031,34833,25,1,0,0,0,0.0,0.0,2025-Jan-29-19:54:57.998141
0.7185205030005031,34834,25,1,0,0,0,0.0,0.0,2025-Jan-29-19:54:58.041377
0.7185205030005031,34835,25,1,0,0,0,0.0,0.0,2025-Jan-29-19:54:58.106400
0.7185205030005031,34836,25,1,0,0,0,0.0,0.0,2025-Jan-29-19:54:58.197290
0.7185205030005031,34837,25,1,0,0,0,0.0,0.0,2025-Jan-29-19:54:58.282352
0.7185205030005031,34838,25,1,0,0,0,0.0,0.0,2025-Jan-29-19:54:58.327778
0.7185205030005031,34839,25,1,0,0,0,0.0,0.0,2025-Jan-29-19:54:58.372808
0.7185205030005031,34840,25,1,0,0,0,0.0,0.0,2025-Jan-29-19:54:58.417851
0.7185205030005031,34841,25,1,0,0,0,0.0,0.0,2025-Jan-29-19:54:58.462405
0.7185205030005031,34842,25,1,0,0,0,0.0,0.0,2025-Jan-29-19:54:58.506792
0.7185205030005031,34843,25,1,0,0,0,0.0,0.0,2025-Jan-29-19:54:58.552065
0.7185205030005031,34844,25,1,0,0,0,0.0,0.0,2025-Jan-29-19:54:58.596920
0.7185205030005031,34845,25,1,0,0,0,0.0,0.0,2025-Jan-29-19:54:58.642018
0.7185205030005031,34846,25,1,0,0,0,0.0,0.0,2025-Jan-29-19:54:58.687304
0.7185205030005031,34847,25,1,0,0,0,0.0,0.0,2025-Jan-29-19:54:58.732368
0.7185205030005031,34848,25,1,0,0,0,0.0,0.0,2025-Jan-29-19:54:58.777762
0.7185205030005031,34849,25,1,0,0,0,0.0,0.0,2025-Jan-29-19:54:58.823272
0.7185205030005031,34850,25,1,0,0,0,0.0,0.0,2025-Jan-29-19:54:58.868683
0.7185205030005031,34851,25,1,0,0,0,0.0,0.0,2025-Jan-29-19:54:58.914663
0.7185205030005031,34852,25,1,0,0,0,0.0,0.0,2025-Jan-29-19:54:58.969010
0.7185205030005031,34853,25,1,0,0,0,0.0,0.0,2025-Jan-29-19:54:59.013727
0.7185205030005031,34854,25,1,0,0,0,0.0,0.0,2025-Jan-29-19:54:59.081470
0.7185205030005031,34855,25,1,0,0,0,0.0,0.0,2025-Jan-29-19:54:59.150918
0.7185205030005031,34856,25,1,0,0,0,0.0,0.0,2025-Jan-29-19:54:59.210870
0.7561122308552579,34857,25,1,0,-1,0,0.0,0.0,2025-Jan-29-19:54:59.281342
0.7185205030005031,34858,25,1,0,0,0,0.0,0.0,2025-Jan-29-19:54:59.328352
0.5423573219619376,34859,25,1,0,1,0,1.9000000000000001,0.0,2025-Jan-29-19:54:59.399639
0.5423573219619376,34860,25,1,0,1,0,1.9000000000000001,0.0,2025-Jan-29-19:54:59.471528
0.7185205030005031,34861,25,1,0,0,0,0.0,0.0,2025-Jan-29-19:54:59.514703
0.7185205030005031,34862,25,1,0,0,0,0.0,0.0,2025-Jan-29-19:54:59.557779
0.7185205030005031,34863,25,1,0,0,0,0.0,0.0,2025-Jan-29-19:54:59.600652
0.7185205030005031,34864,25,1,0,0,0,0.0,0.0,2025-Jan-29-19:54:59.644078
0.7185205030005031,34865,25,1,0,0,0,0.0,0.0,2025-Jan-29-19:54:59.686996
0.7185205030005031,34866,25,1,0,0,0,0.0,0.0,2025-Jan-29-19:54:59.730301
0.7561122308552579,34867,25,1,0,-1,0,0.0,0.0,2025-Jan-29-19:54:59.785563
0.7710208028095181,34868,25,1,1,1,1,1.9000000000000001,1.9000000000000001,2025-Jan-29-19:54:59.881249
1.1111128709475113,34869,25,1,1,-1,0,0.0,0.0,2025-Jan-29-19:54:59.936532
1.161059787788528,34870,25,1,1,0,-1,0.0,0.0,2025-Jan-29-19:54:59.993374
0.7185205030005031,34871,25,1,0,0,0,0.0,0.0,2025-Jan-29-19:55:00.039633
0.5921787662199604,34872,25,1,0,0,1,0.0,1.9000000000000001,2025-Jan-29-19:55:00.137556
