Cost,Sim,Switch_State_Indx,Gen1_on,Gen2_on,Batt1_mode,Batt2_mode,Batt1_power_kW,Batt2_power_kW,Timestamp
1.1111128709475113,35674,25,1,1,-1,0,0.0,0.0,2025-Jan-29-19:55:51.750691
0.8973579620796409,35675,25,1,1,1,0,1.9000000000000001,0.0,2025-Jan-29-19:55:51.833310
0.7185205030005031,35676,25,1,0,0,0,0.0,0.0,2025-Jan-29-19:55:51.877160
1.161059787788528,35677,25,1,1,0,-1,0.0,0.0,2025-Jan-29-19:55:51.932233
0.5921787662199604,35678,25,1,0,0,1,0.0,1.9000000000000001,2025-Jan-29-19:55:52.003692
1.1111128709475113,35679,25,1,1,-1,0,0.0,0.0,2025-Jan-29-19:55:52.058873
0.7185205030005031,35680,25,1,0,0,0,0.0,0.0,2025-Jan-29-19:55:52.104220
0.4160201626761834,35681,25,1,0,1,1,1.9000000000000001,1.9000000000000001,2025-Jan-29-19:55:52.199039
0.8973579620796409,35682,25,1,1,1,0,1.9000000000000001,0.0,2025-Jan-29-19:55:52.272513
0.629780506117975,35683,25,1,0,-1,1,0.0,1.9000000000000001,2025-Jan-29-19:55:52.358284
0.8060591477019475,35684,25,1,0,0,-1,0.0,0.0,2025-Jan-29-19:55:52.417101
0.9848890270480929,35685,25,1,1,1,-1,1.9000000000000001,0.0,2025-Jan-29-19:55:52.501544
0.8973579620796409,35686,25,1,1,1,0,1.9000000000000001,0.0,2025-Jan-29-19:55:52.587605
1.161059787788528,35687,25,1,1,0,-1,0.0,0.0,2025-Jan-29-19:55:52.686113
0.9848890270480929,35688,25,1,1,1,-1,1.9000000000000001,0.0,2025-Jan-29-19:55:52.801084
1.161059787788528,35689,25,1,1,0,-1,0.0,0.0,2025-Jan-29-19:55:52.858118
0.8973579620796409,35690,25,1,1,1,0,1.9000000000000001,0.0,2025-Jan-29-19:55:52.931352
0.7561122308552579,35691,25,1,0,-1,0,0.0,0.0,2025-Jan-29-19:55:52.988087
0.5423573219619376,35692,25,1,0,1,0,1.9000000000000001,0.0,2025-Jan-29-19:55:53.058510
0.8060591477019475,35693,25,1,0,0,-1,0.0,0.0,2025-Jan-29-19:55:53.113638
0.7561122308552579,35694,25,1,0,-1,0,0.0,0.0,2025-Jan-29-19:55:53.169002
0.9760242519712691,35695,25,1,1,-1,1,0.0,1.9000000000000001,2025-Jan-29-19:55:53.253505
1.0735211430969913,35696,25,1,1,0,0,0.0,0.0,2025-Jan-29-19:55:53.296652
0.7561122308552579,35697,25,1,0,-1,0,0.0,0.0,2025-Jan-29-19:55:53.352292
0.8973579620796409,35698,25,1,1,1,0,1.9000000000000001,0.0,2025-Jan-29-19:55:53.423826
0.9848890270480929,35699,25,1,1,1,-1,1.9000000000000001,0.0,2025-Jan-29-19:55:53.507464
0.7185205030005031,35700,25,1,0,0,0,0.0,0.0,2025-Jan-29-19:55:53.567735
1.0735211430969913,35701,25,1,1,0,0,0.0,0.0,2025-Jan-29-19:55:53.643487
0.7185205030005031,35702,25,1,0,0,0,0.0,0.0,2025-Jan-29-19:55:53.724067
0.9848890270480929,35703,25,1,1,1,-1,1.9000000000000001,0.0,2025-Jan-29-19:55:53.827339
0.5921787662199604,35704,25,1,0,0,1,0.0,1.9000000000000001,2025-Jan-29-19:55:53.899952
0.8973579620796409,35705,25,1,1,1,0,1.9000000000000001,0.0,2025-Jan-29-19:55:53.971461
0.9848890270480929,35706,25,1,1,1,-1,1.9000000000000001,0.0,2025-Jan-29-19:55:54.055684
0.5423573219619376,35707,25,1,0,1,0,1.9000000000000001,0.0,2025-Jan-29-19:55:54.129103
0.7185205030005031,35708,25,1,0,0,0,0.0,0.0,2025-Jan-29-19:55:54.172929
0.629780506117975,35709,25,1,0,-1,1,0.0,1.9000000000000001,2025-Jan-29-19:55:54.257466
0.7710208028095181,35710,25,1,1,1,1,1.9000000000000001,1.9000000000000001,2025-Jan-29-19:55:54.351783
0.7185205030005031,35711,25,1,0,0,0,0.0,0.0,2025-Jan-29-19:55:54.395688
0.9848890270480929,35712,25,1,1,1,-1,1.9000000000000001,0.0,2025-Jan-29-19:55:54.479633
0.6298883869405699,35713,25,1,0,1,-1,1.9000000000000001,0.0,2025-Jan-29-19:55:54.580934
0.7185205030005031,35714,25,1,0,0,0,0.0,0.0,2025-Jan-29-19:55:54.650162
0.9760242519712691,35715,25,1,1,-1,1,0.0,1.9000000000000001,2025-Jan-29-19:55:54.771155
0.7710208028095181,35716,25,1,1,1,1,1.9000000000000001,1.9000000000000001,2025-Jan-29-19:55:54.866460
0.8973579620796409,35717,25,1,1,1,0,1.9000000000000001,0.0,2025-Jan-29-19:55:54.938003
0.8436562666978078,35718,25,1,0,-1,-1,0.0,0.0,2025-Jan-29-19:55:55.005827
0.629780506117975,35719,25,1,0,-1,1,0.0,1.9000000000000001,2025-Jan-29-19:55:55.089403
1.161059787788528,35720,25,1,1,0,-1,0.0,0.0,2025-Jan-29-19:55:55.145254
0.7561122308552579,35721,25,1,0,-1,0,0.0,0.0,2025-Jan-29-19:55:55.200646
0.8973579620796409,35722,25,1,1,1,0,1.9000000000000001,0.0,2025-Jan-29-19:55:55.272162
0.5423573219619376,35723,25,1,0,1,0,1.9000000000000001,0.0,2025-Jan-29-19:55:55.344046
0.9471794063316156,35724,25,1,1,0,1,0.0,1.9000000000000001,2025-Jan-29-19:55:55.415351
0.7185205030005031,35725,25,1,0,0,0,0.0,0.0,2025-Jan-29-19:55:55.459009
0.7185205030005031,35726,25,1,0,0,0,0.0,0.0,2025-Jan-29-19:55:55.501955
0.8973579620796409,35727,25,1,1,1,0,1.9000000000000001,0.0,2025-Jan-29-19:55:55.600928
0.7185205030005031,35728,25,1,0,0,0,0.0,0.0,2025-Jan-29-19:55:55.678553
0.7185205030005031,35729,25,1,0,0,0,0.0,0.0,2025-Jan-29-19:55:55.751387
0.7185205030005031,35730,25,1,0,0,0,0.0,0.0,2025-Jan-29-19:55:55.802652
0.7185205030005031,35731,25,1,0,0,0,0.0,0.0,2025-Jan-29-19:55:55.847093
0.7185205030005031,35732,25,1,0,0,0,0.0,0.0,2025-Jan-29-19:55:55.890795
1.161059787788528,35733,25,1,1,0,-1,0.0,0.0,2025-Jan-29-19:55:55.946193
0.5921787662199604,35734,25,1,0,0,1,0.0,1.9000000000000001,2025-Jan-29-19:55:56.017896
0.8060591477019475,35735,25,1,0,0,-1,0.0,0.0,2025-Jan-29-19:55:56.075826
0.5921787662199604,35736,25,1,0,0,1,0.0,1.9000000000000001,2025-Jan-29-19:55:56.149772
0.7185205030005031,35737,25,1,0,0,0,0.0,0.0,2025-Jan-29-19:55:56.193024
1.1111128709475113,35738,25,1,1,-1,0,0.0,0.0,2025-Jan-29-19:55:56.248240
1.1111128709475113,35739,25,1,1,-1,0,0.0,0.0,2025-Jan-29-19:55:56.304253
0.7185205030005031,35740,25,1,0,0,0,0.0,0.0,2025-Jan-29-19:55:56.347733
0.7185205030005031,35741,25,1,0,0,0,0.0,0.0,2025-Jan-29-19:55:56.391882
0.7185205030005031,35742,25,1,0,0,0,0.0,0.0,2025-Jan-29-19:55:56.434661
0.4160201626761834,35743,25,1,0,1,1,1.9000000000000001,1.9000000000000001,2025-Jan-29-19:55:56.530048
0.4160201626761834,35744,25,1,0,1,1,1.9000000000000001,1.9000000000000001,2025-Jan-29-19:55:56.643402
0.7185205030005031,35745,25,1,0,0,0,0.0,0.0,2025-Jan-29-19:55:56.710240
0.8973579620796409,35746,25,1,1,1,0,1.9000000000000001,0.0,2025-Jan-29-19:55:56.807095
0.8973579620796409,35747,25,1,1,1,0,1.9000000000000001,0.0,2025-Jan-29-19:55:56.886187
0.8973579620796409,35748,25,1,1,1,0,1.9000000000000001,0.0,2025-Jan-29-19:55:56.964633
0.7185205030005031,35749,25,1,0,0,0,0.0,0.0,2025-Jan-29-19:55:57.008252
0.629780506117975,35750,25,1,0,-1,1,0.0,1.9000000000000001,2025-Jan-29-19:55:57.092301
0.629780506117975,35751,25,1,0,-1,1,0.0,1.9000000000000001,2025-Jan-29-19:55:57.178325
0.8060591477019475,35752,25,1,0,0,-1,0.0,0.0,2025-Jan-29-19:55:57.234406
0.7185205030005031,35753,25,1,0,0,0,0.0,0.0,2025-Jan-29-19:55:57.278986
0.8060591477019475,35754,25,1,0,0,-1,0.0,0.0,2025-Jan-29-19:55:57.334513
0.9848890270480929,35755,25,1,1,1,-1,1.9000000000000001,0.0,2025-Jan-29-19:55:57.419168
1.1111128709475113,35756,25,1,1,-1,0,0.0,0.0,2025-Jan-29-19:55:57.474023
0.9848890270480929,35757,25,1,1,1,-1,1.9000000000000001,0.0,2025-Jan-29-19:55:57.573650
0.7185205030005031,35758,25,1,0,0,0,0.0,0.0,2025-Jan-29-19:55:57.645334
0.8973579620796409,35759,25,1,1,1,0,1.9000000000000001,0.0,2025-Jan-29-19:55:57.753234
1.0735211430969913,35760,25,1,1,0,0,0.0,0.0,2025-Jan-29-19:55:57.800691
1.0735211430969913,35761,25,1,1,0,0,0.0,0.0,2025-Jan-29-19:55:57.846504
0.7185205030005031,35762,25,1,0,0,0,0.0,0.0,2025-Jan-29-19:55:57.889287
1.0735211430969913,35763,25,1,1,0,0,0.0,0.0,2025-Jan-29-19:55:57.932023
0.9848890270480929,35764,25,1,1,1,-1,1.9000000000000001,0.0,2025-Jan-29-19:55:58.015286
0.9848890270480929,35765,25,1,1,1,-1,1.9000000000000001,0.0,2025-Jan-29-19:55:58.100795
1.0735211430969913,35766,25,1,1,0,0,0.0,0.0,2025-Jan-29-19:55:58.144803
1.161059787788528,35767,25,1,1,0,-1,0.0,0.0,2025-Jan-29-19:55:58.200171
0.7185205030005031,35768,25,1,0,0,0,0.0,0.0,2025-Jan-29-19:55:58.242758
1.0735211430969913,35769,25,1,1,0,0,0.0,0.0,2025-Jan-29-19:55:58.285685
0.8973579620796409,35770,25,1,1,1,0,1.9000000000000001,0.0,2025-Jan-29-19:55:58.356764
0.8973579620796409,35771,25,1,1,1,0,1.9000000000000001,0.0,2025-Jan-29-19:55:58.427657
0.8973579620796409,35772,25,1,1,1,0,1.9000000000000001,0.0,2025-Jan-29-19:55:58.498361
0.7185205030005031,35773,25,1,0,0,0,0.0,0.0,2025-Jan-29-19:55:58.541331
0.7561122308552579,35774,25,1,0,-1,0,0.0,0.0,2025-Jan-29-19:55:58.615888
0.7561122308552579,35775,25,1,0,-1,0,0.0,0.0,2025-Jan-29-19:55:59.002904
0.7185205030005031,35776,25,1,0,0,0,0.0,0.0,2025-Jan-29-19:55:59.073300
0.7185205030005031,35777,25,1,0,0,0,0.0,0.0,2025-Jan-29-19:55:59.118246
0.7185205030005031,35778,25,1,0,0,0,0.0,0.0,2025-Jan-29-19:55:59.161511
0.8060591477019475,35779,25,1,0,0,-1,0.0,0.0,2025-Jan-29-19:55:59.216799
0.8060591477019475,35780,25,1,0,0,-1,0.0,0.0,2025-Jan-29-19:55:59.272904
0.8060591477019475,35781,25,1,0,0,-1,0.0,0.0,2025-Jan-29-19:55:59.327740
0.7561122308552579,35782,25,1,0,-1,0,0.0,0.0,2025-Jan-29-19:55:59.382659
0.7561122308552579,35783,25,1,0,-1,0,0.0,0.0,2025-Jan-29-19:55:59.438358
0.7561122308552579,35784,25,1,0,-1,0,0.0,0.0,2025-Jan-29-19:55:59.493465
0.9760242519712691,35785,25,1,1,-1,1,0.0,1.9000000000000001,2025-Jan-29-19:55:59.595818
0.9760242519712691,35786,25,1,1,-1,1,0.0,1.9000000000000001,2025-Jan-29-19:55:59.712793
0.9760242519712691,35787,25,1,1,-1,1,0.0,1.9000000000000001,2025-Jan-29-19:55:59.822592
1.0735211430969913,35788,25,1,1,0,0,0.0,0.0,2025-Jan-29-19:55:59.867339
0.7185205030005031,35789,25,1,0,0,0,0.0,0.0,2025-Jan-29-19:55:59.910681
1.0735211430969913,35790,25,1,1,0,0,0.0,0.0,2025-Jan-29-19:55:59.953843
0.7561122308552579,35791,25,1,0,-1,0,0.0,0.0,2025-Jan-29-19:56:00.011432
0.7561122308552579,35792,25,1,0,-1,0,0.0,0.0,2025-Jan-29-19:56:00.070351
0.7561122308552579,35793,25,1,0,-1,0,0.0,0.0,2025-Jan-29-19:56:00.127308
0.8973579620796409,35794,25,1,1,1,0,1.9000000000000001,0.0,2025-Jan-29-19:56:00.199664
0.8973579620796409,35795,25,1,1,1,0,1.9000000000000001,0.0,2025-Jan-29-19:56:00.270875
0.7185205030005031,35796,25,1,0,0,0,0.0,0.0,2025-Jan-29-19:56:00.313606
1.161059787788528,35797,25,1,1,0,-1,0.0,0.0,2025-Jan-29-19:56:00.369032
0.8060591477019475,35798,25,1,0,0,-1,0.0,0.0,2025-Jan-29-19:56:00.424167
0.9848890270480929,35799,25,1,1,1,-1,1.9000000000000001,0.0,2025-Jan-29-19:56:00.507761
0.7185205030005031,35800,25,1,0,0,0,0.0,0.0,2025-Jan-29-19:56:00.567090
0.7185205030005031,35801,25,1,0,0,0,0.0,0.0,2025-Jan-29-19:56:00.645844
0.7185205030005031,35802,25,1,0,0,0,0.0,0.0,2025-Jan-29-19:56:00.718031
1.0735211430969913,35803,25,1,1,0,0,0.0,0.0,2025-Jan-29-19:56:00.781687
1.0735211430969913,35804,25,1,1,0,0,0.0,0.0,2025-Jan-29-19:56:00.826676
1.0735211430969913,35805,25,1,1,0,0,0.0,0.0,2025-Jan-29-19:56:00.870568
0.7185205030005031,35806,25,1,0,0,0,0.0,0.0,2025-Jan-29-19:56:00.915979
0.7185205030005031,35807,25,1,0,0,0,0.0,0.0,2025-Jan-29-19:56:00.959022
0.7185205030005031,35808,25,1,0,0,0,0.0,0.0,2025-Jan-29-19:56:01.002418
0.8973579620796409,35809,25,1,1,1,0,1.9000000000000001,0.0,2025-Jan-29-19:56:01.073968
0.9848890270480929,35810,25,1,1,1,-1,1.9000000000000001,0.0,2025-Jan-29-19:56:01.158885
0.9848890270480929,35811,25,1,1,1,-1,1.9000000000000001,0.0,2025-Jan-29-19:56:01.242727
0.5921787662199604,35812,25,1,0,0,1,0.0,1.9000000000000001,2025-Jan-29-19:56:01.316432
0.8060591477019475,35813,25,1,0,0,-1,0.0,0.0,2025-Jan-29-19:56:01.379379
0.5921787662199604,35814,25,1,0,0,1,0.0,1.9000000000000001,2025-Jan-29-19:56:01.461992
0.8973579620796409,35815,25,1,1,1,0,1.9000000000000001,0.0,2025-Jan-29-19:56:01.546515
0.8973579620796409,35816,25,1,1,1,0,1.9000000000000001,0.0,2025-Jan-29-19:56:01.683746
0.8973579620796409,35817,25,1,1,1,0,1.9000000000000001,0.0,2025-Jan-29-19:56:01.794436
0.9848890270480929,35818,25,1,1,1,-1,1.9000000000000001,0.0,2025-Jan-29-19:56:01.885210
0.9848890270480929,35819,25,1,1,1,-1,1.9000000000000001,0.0,2025-Jan-29-19:56:01.969948
0.9848890270480929,35820,25,1,1,1,-1,1.9000000000000001,0.0,2025-Jan-29-19:56:02.056058
0.5423573219619376,35821,25,1,0,1,0,1.9000000000000001,0.0,2025-Jan-29-19:56:02.129142
0.7185205030005031,35822,25,1,0,0,0,0.0,0.0,2025-Jan-29-19:56:02.180274
0.5423573219619376,35823,25,1,0,1,0,1.9000000000000001,0.0,2025-Jan-29-19:56:02.263776
0.7185205030005031,35824,25,1,0,0,0,0.0,0.0,2025-Jan-29-19:56:02.307139
0.7185205030005031,35825,25,1,0,0,0,0.0,0.0,2025-Jan-29-19:56:02.350636
0.7185205030005031,35826,25,1,0,0,0,0.0,0.0,2025-Jan-29-19:56:02.393849
0.629780506117975,35827,25,1,0,-1,1,0.0,1.9000000000000001,2025-Jan-29-19:56:02.479530
0.629780506117975,35828,25,1,0,-1,1,0.0,1.9000000000000001,2025-Jan-29-19:56:02.581793
0.7185205030005031,35829,25,1,0,0,0,0.0,0.0,2025-Jan-29-19:56:02.652004
0.7710208028095181,35830,25,1,1,1,1,1.9000000000000001,1.9000000000000001,2025-Jan-29-19:56:02.780736
0.629780506117975,35831,25,1,0,-1,1,0.0,1.9000000000000001,2025-Jan-29-19:56:02.868561
0.7561122308552579,35832,25,1,0,-1,0,0.0,0.0,2025-Jan-29-19:56:02.924543
0.7185205030005031,35833,25,1,0,0,0,0.0,0.0,2025-Jan-29-19:56:02.967524
0.7185205030005031,35834,25,1,0,0,0,0.0,0.0,2025-Jan-29-19:56:03.010596
0.7185205030005031,35835,25,1,0,0,0,0.0,0.0,2025-Jan-29-19:56:03.053515
0.7185205030005031,35836,25,1,0,0,0,0.0,0.0,2025-Jan-29-19:56:03.096666
0.7185205030005031,35837,25,1,0,0,0,0.0,0.0,2025-Jan-29-19:56:03.141658
0.8060591477019475,35838,25,1,0,0,-1,0.0,0.0,2025-Jan-29-19:56:03.196913
0.8436562666978078,35839,25,1,0,-1,-1,0.0,0.0,2025-Jan-29-19:56:03.264881
0.5423573219619376,35840,25,1,0,1,0,1.9000000000000001,0.0,2025-Jan-29-19:56:03.336249
0.7561122308552579,35841,25,1,0,-1,0,0.0,0.0,2025-Jan-29-19:56:03.391328
0.7185205030005031,35842,25,1,0,0,0,0.0,0.0,2025-Jan-29-19:56:03.434675
0.7185205030005031,35843,25,1,0,0,0,0.0,0.0,2025-Jan-29-19:56:03.477745
0.7185205030005031,35844,25,1,0,0,0,0.0,0.0,2025-Jan-29-19:56:03.520839
0.8436562666978078,35845,25,1,0,-1,-1,0.0,0.0,2025-Jan-29-19:56:03.615667
0.9760242519712691,35846,25,1,1,-1,1,0.0,1.9000000000000001,2025-Jan-29-19:56:03.741656
0.7185205030005031,35847,25,1,0,0,0,0.0,0.0,2025-Jan-29-19:56:03.789155
0.9760242519712691,35848,25,1,1,-1,1,0.0,1.9000000000000001,2025-Jan-29-19:56:03.874733
0.8060591477019475,35849,25,1,0,0,-1,0.0,0.0,2025-Jan-29-19:56:03.931456
0.7185205030005031,35850,25,1,0,0,0,0.0,0.0,2025-Jan-29-19:56:03.974716
0.8973579620796409,35851,25,1,1,1,0,1.9000000000000001,0.0,2025-Jan-29-19:56:04.046268
0.7185205030005031,35852,25,1,0,0,0,0.0,0.0,2025-Jan-29-19:56:04.090271
1.1111128709475113,35853,25,1,1,-1,0,0.0,0.0,2025-Jan-29-19:56:04.147194
0.8060591477019475,35854,25,1,0,0,-1,0.0,0.0,2025-Jan-29-19:56:04.203049
0.8436562666978078,35855,25,1,0,-1,-1,0.0,0.0,2025-Jan-29-19:56:04.270974
0.8436562666978078,35856,25,1,0,-1,-1,0.0,0.0,2025-Jan-29-19:56:04.338382
0.7185205030005031,35857,25,1,0,0,0,0.0,0.0,2025-Jan-29-19:56:04.381270
0.8436562666978078,35858,25,1,0,-1,-1,0.0,0.0,2025-Jan-29-19:56:04.448519
0.629780506117975,35859,25,1,0,-1,1,0.0,1.9000000000000001,2025-Jan-29-19:56:04.532144
1.161059787788528,35860,25,1,1,0,-1,0.0,0.0,2025-Jan-29-19:56:04.597297
1.161059787788528,35861,25,1,1,0,-1,0.0,0.0,2025-Jan-29-19:56:04.684170
0.8060591477019475,35862,25,1,0,0,-1,0.0,0.0,2025-Jan-29-19:56:04.764080
0.7185205030005031,35863,25,1,0,0,0,0.0,0.0,2025-Jan-29-19:56:04.808797
0.7185205030005031,35864,25,1,0,0,0,0.0,0.0,2025-Jan-29-19:56:04.852320
0.7561122308552579,35865,25,1,0,-1,0,0.0,0.0,2025-Jan-29-19:56:04.910822
0.8973579620796409,35866,25,1,1,1,0,1.9000000000000001,0.0,2025-Jan-29-19:56:04.983890
0.8973579620796409,35867,25,1,1,1,0,1.9000000000000001,0.0,2025-Jan-29-19:56:05.055780
0.8973579620796409,35868,25,1,1,1,0,1.9000000000000001,0.0,2025-Jan-29-19:56:05.128259
0.5423573219619376,35869,25,1,0,1,0,1.9000000000000001,0.0,2025-Jan-29-19:56:05.200500
0.7185205030005031,35870,25,1,0,0,0,0.0,0.0,2025-Jan-29-19:56:05.243683
0.5423573219619376,35871,25,1,0,1,0,1.9000000000000001,0.0,2025-Jan-29-19:56:05.315412
0.9471794063316156,35872,25,1,1,0,1,0.0,1.9000000000000001,2025-Jan-29-19:56:05.387376
0.9471794063316156,35873,25,1,1,0,1,0.0,1.9000000000000001,2025-Jan-29-19:56:05.458917
0.9471794063316156,35874,25,1,1,0,1,0.0,1.9000000000000001,2025-Jan-29-19:56:05.530341
0.7185205030005031,35875,25,1,0,0,0,0.0,0.0,2025-Jan-29-19:56:05.588230
1.1111128709475113,35876,25,1,1,-1,0,0.0,0.0,2025-Jan-29-19:56:05.668614
0.7185205030005031,35877,25,1,0,0,0,0.0,0.0,2025-Jan-29-19:56:05.735473
1.1111128709475113,35878,25,1,1,-1,0,0.0,0.0,2025-Jan-29-19:56:05.815913
1.0735211430969913,35879,25,1,1,0,0,0.0,0.0,2025-Jan-29-19:56:05.860441
1.1111128709475113,35880,25,1,1,-1,0,0.0,0.0,2025-Jan-29-19:56:05.918631
1.0735211430969913,35881,25,1,1,0,0,0.0,0.0,2025-Jan-29-19:56:06.249489
0.8973579620796409,35882,25,1,1,1,0,1.9000000000000001,0.0,2025-Jan-29-19:56:06.322439
0.7185205030005031,35883,25,1,0,0,0,0.0,0.0,2025-Jan-29-19:56:06.367459
0.8973579620796409,35884,25,1,1,1,0,1.9000000000000001,0.0,2025-Jan-29-19:56:06.438653
0.5423573219619376,35885,25,1,0,1,0,1.9000000000000001,0.0,2025-Jan-29-19:56:06.510492
0.8973579620796409,35886,25,1,1,1,0,1.9000000000000001,0.0,2025-Jan-29-19:56:06.596604
0.9471794063316156,35887,25,1,1,0,1,0.0,1.9000000000000001,2025-Jan-29-19:56:06.687776
0.7710208028095181,35888,25,1,1,1,1,1.9000000000000001,1.9000000000000001,2025-Jan-29-19:56:06.806347
0.6298883869405699,35889,25,1,0,1,-1,1.9000000000000001,0.0,2025-Jan-29-19:56:06.891545
0.629780506117975,35890,25,1,0,-1,1,0.0,1.9000000000000001,2025-Jan-29-19:56:06.976492
0.5423573219619376,35891,25,1,0,1,0,1.9000000000000001,0.0,2025-Jan-29-19:56:07.047627
1.161059787788528,35892,25,1,1,0,-1,0.0,0.0,2025-Jan-29-19:56:07.103207
0.7185205030005031,35893,25,1,0,0,0,0.0,0.0,2025-Jan-29-19:56:07.149195
0.5423573219619376,35894,25,1,0,1,0,1.9000000000000001,0.0,2025-Jan-29-19:56:07.220726
0.5921787662199604,35895,25,1,0,0,1,0.0,1.9000000000000001,2025-Jan-29-19:56:07.294511
0.7185205030005031,35896,25,1,0,0,0,0.0,0.0,2025-Jan-29-19:56:07.337126
1.161059787788528,35897,25,1,1,0,-1,0.0,0.0,2025-Jan-29-19:56:07.391919
1.161059787788528,35898,25,1,1,0,-1,0.0,0.0,2025-Jan-29-19:56:07.446922
1.1111128709475113,35899,25,1,1,-1,0,0.0,0.0,2025-Jan-29-19:56:07.501944
0.7185205030005031,35900,25,1,0,0,0,0.0,0.0,2025-Jan-29-19:56:07.544425
0.9471794063316156,35901,25,1,1,0,1,0.0,1.9000000000000001,2025-Jan-29-19:56:07.647418
0.8060591477019475,35902,25,1,0,0,-1,0.0,0.0,2025-Jan-29-19:56:07.749149
0.9471794063316156,35903,25,1,1,0,1,0.0,1.9000000000000001,2025-Jan-29-19:56:07.834190
0.7710208028095181,35904,25,1,1,1,1,1.9000000000000001,1.9000000000000001,2025-Jan-29-19:56:07.929769
0.7185205030005031,35905,25,1,0,0,0,0.0,0.0,2025-Jan-29-19:56:07.975549
0.7185205030005031,35906,25,1,0,0,0,0.0,0.0,2025-Jan-29-19:56:08.020722
1.161059787788528,35907,25,1,1,0,-1,0.0,0.0,2025-Jan-29-19:56:08.078551
1.0735211430969913,35908,25,1,1,0,0,0.0,0.0,2025-Jan-29-19:56:08.123826
0.7561122308552579,35909,25,1,0,-1,0,0.0,0.0,2025-Jan-29-19:56:08.182595
0.7185205030005031,35910,25,1,0,0,0,0.0,0.0,2025-Jan-29-19:56:08.227984
1.1111128709475113,35911,25,1,1,-1,0,0.0,0.0,2025-Jan-29-19:56:08.286380
0.7185205030005031,35912,25,1,0,0,0,0.0,0.0,2025-Jan-29-19:56:08.332291
0.8436562666978078,35913,25,1,0,-1,-1,0.0,0.0,2025-Jan-29-19:56:08.403222
0.8973579620796409,35914,25,1,1,1,0,1.9000000000000001,0.0,2025-Jan-29-19:56:08.477484
0.9848890270480929,35915,25,1,1,1,-1,1.9000000000000001,0.0,2025-Jan-29-19:56:08.592128
0.9848890270480929,35916,25,1,1,1,-1,1.9000000000000001,0.0,2025-Jan-29-19:56:08.709396
0.7185205030005031,35917,25,1,0,0,0,0.0,0.0,2025-Jan-29-19:56:08.774270
0.7561122308552579,35918,25,1,0,-1,0,0.0,0.0,2025-Jan-29-19:56:08.828650
0.7710208028095181,35919,25,1,1,1,1,1.9000000000000001,1.9000000000000001,2025-Jan-29-19:56:08.924106
0.8060591477019475,35920,25,1,0,0,-1,0.0,0.0,2025-Jan-29-19:56:08.982353
1.0735211430969913,35921,25,1,1,0,0,0.0,0.0,2025-Jan-29-19:56:09.027448
0.5423573219619376,35922,25,1,0,1,0,1.9000000000000001,0.0,2025-Jan-29-19:56:09.101371
1.1111128709475113,35923,25,1,1,-1,0,0.0,0.0,2025-Jan-29-19:56:09.159062
1.1111128709475113,35924,25,1,1,-1,0,0.0,0.0,2025-Jan-29-19:56:09.216842
0.4160201626761834,35925,25,1,0,1,1,1.9000000000000001,1.9000000000000001,2025-Jan-29-19:56:09.316671
0.4160201626761834,35926,25,1,0,1,1,1.9000000000000001,1.9000000000000001,2025-Jan-29-19:56:09.414395
0.4160201626761834,35927,25,1,0,1,1,1.9000000000000001,1.9000000000000001,2025-Jan-29-19:56:09.512948
0.4160201626761834,35928,25,1,0,1,1,1.9000000000000001,1.9000000000000001,2025-Jan-29-19:56:09.647387
0.5423573219619376,35929,25,1,0,1,0,1.9000000000000001,0.0,2025-Jan-29-19:56:09.750178
0.5423573219619376,35930,25,1,0,1,0,1.9000000000000001,0.0,2025-Jan-29-19:56:09.829790
0.7561122308552579,35931,25,1,0,-1,0,0.0,0.0,2025-Jan-29-19:56:09.885257
0.7561122308552579,35932,25,1,0,-1,0,0.0,0.0,2025-Jan-29-19:56:09.943126
0.5423573219619376,35933,25,1,0,1,0,1.9000000000000001,0.0,2025-Jan-29-19:56:10.018481
0.5423573219619376,35934,25,1,0,1,0,1.9000000000000001,0.0,2025-Jan-29-19:56:10.093786
0.5423573219619376,35935,25,1,0,1,0,1.9000000000000001,0.0,2025-Jan-29-19:56:10.167913
0.5423573219619376,35936,25,1,0,1,0,1.9000000000000001,0.0,2025-Jan-29-19:56:10.242902
0.5423573219619376,35937,25,1,0,1,0,1.9000000000000001,0.0,2025-Jan-29-19:56:10.318416
0.5423573219619376,35938,25,1,0,1,0,1.9000000000000001,0.0,2025-Jan-29-19:56:10.392057
0.5423573219619376,35939,25,1,0,1,0,1.9000000000000001,0.0,2025-Jan-29-19:56:10.464406
0.5423573219619376,35940,25,1,0,1,0,1.9000000000000001,0.0,2025-Jan-29-19:56:10.535835
0.7185205030005031,35941,25,1,0,0,0,0.0,0.0,2025-Jan-29-19:56:10.596714
0.5423573219619376,35942,25,1,0,1,0,1.9000000000000001,0.0,2025-Jan-29-19:56:10.707256
0.5423573219619376,35943,25,1,0,1,0,1.9000000000000001,0.0,2025-Jan-29-19:56:10.808257
0.5423573219619376,35944,25,1,0,1,0,1.9000000000000001,0.0,2025-Jan-29-19:56:10.893207
0.5423573219619376,35945,25,1,0,1,0,1.9000000000000001,0.0,2025-Jan-29-19:56:10.968389
0.5423573219619376,35946,25,1,0,1,0,1.9000000000000001,0.0,2025-Jan-29-19:56:11.042408
0.5423573219619376,35947,25,1,0,1,0,1.9000000000000001,0.0,2025-Jan-29-19:56:11.117699
0.5423573219619376,35948,25,1,0,1,0,1.9000000000000001,0.0,2025-Jan-29-19:56:11.189997
0.7185205030005031,35949,25,1,0,0,0,0.0,0.0,2025-Jan-29-19:56:11.233050
0.5921787662199604,35950,25,1,0,0,1,0.0,1.9000000000000001,2025-Jan-29-19:56:11.306041
0.5921787662199604,35951,25,1,0,0,1,0.0,1.9000000000000001,2025-Jan-29-19:56:11.377665
0.5921787662199604,35952,25,1,0,0,1,0.0,1.9000000000000001,2025-Jan-29-19:56:11.448994
0.5921787662199604,35953,25,1,0,0,1,0.0,1.9000000000000001,2025-Jan-29-19:56:11.520687
0.7185205030005031,35954,25,1,0,0,0,0.0,0.0,2025-Jan-29-19:56:11.579595
0.5921787662199604,35955,25,1,0,0,1,0.0,1.9000000000000001,2025-Jan-29-19:56:11.685702
0.5921787662199604,35956,25,1,0,0,1,0.0,1.9000000000000001,2025-Jan-29-19:56:11.784614
0.5921787662199604,35957,25,1,0,0,1,0.0,1.9000000000000001,2025-Jan-29-19:56:11.860003
0.7185205030005031,35958,25,1,0,0,0,0.0,0.0,2025-Jan-29-19:56:11.903437
0.5921787662199604,35959,25,1,0,0,1,0.0,1.9000000000000001,2025-Jan-29-19:56:11.975372
0.629780506117975,35960,25,1,0,-1,1,0.0,1.9000000000000001,2025-Jan-29-19:56:12.059357
0.629780506117975,35961,25,1,0,-1,1,0.0,1.9000000000000001,2025-Jan-29-19:56:12.145027
0.629780506117975,35962,25,1,0,-1,1,0.0,1.9000000000000001,2025-Jan-29-19:56:12.229377
0.7185205030005031,35963,25,1,0,0,0,0.0,0.0,2025-Jan-29-19:56:12.274846
0.629780506117975,35964,25,1,0,-1,1,0.0,1.9000000000000001,2025-Jan-29-19:56:12.359122
0.5921787662199604,35965,25,1,0,0,1,0.0,1.9000000000000001,2025-Jan-29-19:56:12.430964
0.629780506117975,35966,25,1,0,-1,1,0.0,1.9000000000000001,2025-Jan-29-19:56:12.516019
0.629780506117975,35967,25,1,0,-1,1,0.0,1.9000000000000001,2025-Jan-29-19:56:12.625326
0.7185205030005031,35968,25,1,0,0,0,0.0,0.0,2025-Jan-29-19:56:12.698680
0.7185205030005031,35969,25,1,0,0,0,0.0,0.0,2025-Jan-29-19:56:13.054849
0.8060591477019475,35970,25,1,0,0,-1,0.0,0.0,2025-Jan-29-19:56:13.112969
0.6298883869405699,35971,25,1,0,1,-1,1.9000000000000001,0.0,2025-Jan-29-19:56:13.197696
0.6298883869405699,35972,25,1,0,1,-1,1.9000000000000001,0.0,2025-Jan-29-19:56:13.283245
0.6298883869405699,35973,25,1,0,1,-1,1.9000000000000001,0.0,2025-Jan-29-19:56:13.367758
0.7185205030005031,35974,25,1,0,0,0,0.0,0.0,2025-Jan-29-19:56:13.410929
0.6298883869405699,35975,25,1,0,1,-1,1.9000000000000001,0.0,2025-Jan-29-19:56:13.495318
0.6298883869405699,35976,25,1,0,1,-1,1.9000000000000001,0.0,2025-Jan-29-19:56:13.598986
0.7185205030005031,35977,25,1,0,0,0,0.0,0.0,2025-Jan-29-19:56:13.678910
0.7185205030005031,35978,25,1,0,0,0,0.0,0.0,2025-Jan-29-19:56:13.753404
0.7185205030005031,35979,25,1,0,0,0,0.0,0.0,2025-Jan-29-19:56:13.806560
0.7185205030005031,35980,25,1,0,0,0,0.0,0.0,2025-Jan-29-19:56:13.853120
0.7185205030005031,35981,25,1,0,0,0,0.0,0.0,2025-Jan-29-19:56:13.896709
0.7185205030005031,35982,25,1,0,0,0,0.0,0.0,2025-Jan-29-19:56:13.940116
0.7185205030005031,35983,25,1,0,0,0,0.0,0.0,2025-Jan-29-19:56:13.983106
0.7185205030005031,35984,25,1,0,0,0,0.0,0.0,2025-Jan-29-19:56:14.026563
0.7185205030005031,35985,25,1,0,0,0,0.0,0.0,2025-Jan-29-19:56:14.070858
0.7185205030005031,35986,25,1,0,0,0,0.0,0.0,2025-Jan-29-19:56:14.114707
0.7185205030005031,35987,25,1,0,0,0,0.0,0.0,2025-Jan-29-19:56:14.158759
0.7185205030005031,35988,25,1,0,0,0,0.0,0.0,2025-Jan-29-19:56:14.202804
0.7185205030005031,35989,25,1,0,0,0,0.0,0.0,2025-Jan-29-19:56:14.247068
0.7185205030005031,35990,25,1,0,0,0,0.0,0.0,2025-Jan-29-19:56:14.290352
0.7185205030005031,35991,25,1,0,0,0,0.0,0.0,2025-Jan-29-19:56:14.333737
0.7185205030005031,35992,25,1,0,0,0,0.0,0.0,2025-Jan-29-19:56:14.376827
0.7185205030005031,35993,25,1,0,0,0,0.0,0.0,2025-Jan-29-19:56:14.420121
0.7185205030005031,35994,25,1,0,0,0,0.0,0.0,2025-Jan-29-19:56:14.464265
0.7185205030005031,35995,25,1,0,0,0,0.0,0.0,2025-Jan-29-19:56:14.508430
0.7185205030005031,35996,25,1,0,0,0,0.0,0.0,2025-Jan-29-19:56:14.566812
0.7185205030005031,35997,25,1,0,0,0,0.0,0.0,2025-Jan-29-19:56:14.639451
0.7185205030005031,35998,25,1,0,0,0,0.0,0.0,2025-Jan-29-19:56:14.720811
0.7185205030005031,35999,25,1,0,0,0,0.0,0.0,2025-Jan-29-19:56:14.790590
0.7185205030005031,36000,25,1,0,0,0,0.0,0.0,2025-Jan-29-19:56:14.835061
0.7185205030005031,36001,25,1,0,0,0,0.0,0.0,2025-Jan-29-19:56:14.880479
0.7185205030005031,36002,25,1,0,0,0,0.0,0.0,2025-Jan-29-19:56:14.924314
0.7185205030005031,36003,25,1,0,0,0,0.0,0.0,2025-Jan-29-19:56:14.967765
0.7185205030005031,36004,25,1,0,0,0,0.0,0.0,2025-Jan-29-19:56:15.011810
0.7185205030005031,36005,25,1,0,0,0,0.0,0.0,2025-Jan-29-19:56:15.055335
0.7185205030005031,36006,25,1,0,0,0,0.0,0.0,2025-Jan-29-19:56:15.098393
0.7185205030005031,36007,25,1,0,0,0,0.0,0.0,2025-Jan-29-19:56:15.143027
0.7185205030005031,36008,25,1,0,0,0,0.0,0.0,2025-Jan-29-19:56:15.185972
0.7185205030005031,36009,25,1,0,0,0,0.0,0.0,2025-Jan-29-19:56:15.228899
0.7185205030005031,36010,25,1,0,0,0,0.0,0.0,2025-Jan-29-19:56:15.272788
0.7185205030005031,36011,25,1,0,0,0,0.0,0.0,2025-Jan-29-19:56:15.315640
0.7185205030005031,36012,25,1,0,0,0,0.0,0.0,2025-Jan-29-19:56:15.358618
0.7185205030005031,36013,25,1,0,0,0,0.0,0.0,2025-Jan-29-19:56:15.401218
0.7185205030005031,36014,25,1,0,0,0,0.0,0.0,2025-Jan-29-19:56:15.444431
0.7185205030005031,36015,25,1,0,0,0,0.0,0.0,2025-Jan-29-19:56:15.486995
0.7185205030005031,36016,25,1,0,0,0,0.0,0.0,2025-Jan-29-19:56:15.530550
0.7185205030005031,36017,25,1,0,0,0,0.0,0.0,2025-Jan-29-19:56:15.585967
0.7185205030005031,36018,25,1,0,0,0,0.0,0.0,2025-Jan-29-19:56:15.650974
0.7185205030005031,36019,25,1,0,0,0,0.0,0.0,2025-Jan-29-19:56:15.726983
0.7185205030005031,36020,25,1,0,0,0,0.0,0.0,2025-Jan-29-19:56:15.789720
0.7185205030005031,36021,25,1,0,0,0,0.0,0.0,2025-Jan-29-19:56:15.836513
0.7185205030005031,36022,25,1,0,0,0,0.0,0.0,2025-Jan-29-19:56:15.880189
0.7185205030005031,36023,25,1,0,0,0,0.0,0.0,2025-Jan-29-19:56:15.923259
0.7185205030005031,36024,25,1,0,0,0,0.0,0.0,2025-Jan-29-19:56:15.966213
0.7185205030005031,36025,25,1,0,0,0,0.0,0.0,2025-Jan-29-19:56:16.009679
0.7185205030005031,36026,25,1,0,0,0,0.0,0.0,2025-Jan-29-19:56:16.052445
0.7185205030005031,36027,25,1,0,0,0,0.0,0.0,2025-Jan-29-19:56:16.095574
0.7185205030005031,36028,25,1,0,0,0,0.0,0.0,2025-Jan-29-19:56:16.138955
0.7185205030005031,36029,25,1,0,0,0,0.0,0.0,2025-Jan-29-19:56:16.182174
0.7185205030005031,36030,25,1,0,0,0,0.0,0.0,2025-Jan-29-19:56:16.233683
0.7561122308552579,36031,25,1,0,-1,0,0.0,0.0,2025-Jan-29-19:56:16.288632
0.7561122308552579,36032,25,1,0,-1,0,0.0,0.0,2025-Jan-29-19:56:16.345511
0.7185205030005031,36033,25,1,0,0,0,0.0,0.0,2025-Jan-29-19:56:16.391188
0.7561122308552579,36034,25,1,0,-1,0,0.0,0.0,2025-Jan-29-19:56:16.450621
0.7561122308552579,36035,25,1,0,-1,0,0.0,0.0,2025-Jan-29-19:56:16.509553
0.7561122308552579,36036,25,1,0,-1,0,0.0,0.0,2025-Jan-29-19:56:16.592217
0.7561122308552579,36037,25,1,0,-1,0,0.0,0.0,2025-Jan-29-19:56:16.690147
0.7561122308552579,36038,25,1,0,-1,0,0.0,0.0,2025-Jan-29-19:56:16.787392
0.7561122308552579,36039,25,1,0,-1,0,0.0,0.0,2025-Jan-29-19:56:16.849989
0.7561122308552579,36040,25,1,0,-1,0,0.0,0.0,2025-Jan-29-19:56:16.910183
0.7561122308552579,36041,25,1,0,-1,0,0.0,0.0,2025-Jan-29-19:56:16.969333
0.7561122308552579,36042,25,1,0,-1,0,0.0,0.0,2025-Jan-29-19:56:17.028656
0.7561122308552579,36043,25,1,0,-1,0,0.0,0.0,2025-Jan-29-19:56:17.086732
0.7185205030005031,36044,25,1,0,0,0,0.0,0.0,2025-Jan-29-19:56:17.133458
0.7185205030005031,36045,25,1,0,0,0,0.0,0.0,2025-Jan-29-19:56:17.181452
0.7185205030005031,36046,25,1,0,0,0,0.0,0.0,2025-Jan-29-19:56:17.230757
0.7185205030005031,36047,25,1,0,0,0,0.0,0.0,2025-Jan-29-19:56:17.278281
0.7561122308552579,36048,25,1,0,-1,0,0.0,0.0,2025-Jan-29-19:56:17.337216
0.7710208028095181,36049,25,1,1,1,1,1.9000000000000001,1.9000000000000001,2025-Jan-29-19:56:17.436563
0.7710208028095181,36050,25,1,1,1,1,1.9000000000000001,1.9000000000000001,2025-Jan-29-19:56:17.534435
0.7710208028095181,36051,25,1,1,1,1,1.9000000000000001,1.9000000000000001,2025-Jan-29-19:56:17.660398
0.7710208028095181,36052,25,1,1,1,1,1.9000000000000001,1.9000000000000001,2025-Jan-29-19:56:17.795109
0.7710208028095181,36053,25,1,1,1,1,1.9000000000000001,1.9000000000000001,2025-Jan-29-19:56:17.896973
0.7710208028095181,36054,25,1,1,1,1,1.9000000000000001,1.9000000000000001,2025-Jan-29-19:56:17.996081
0.7710208028095181,36055,25,1,1,1,1,1.9000000000000001,1.9000000000000001,2025-Jan-29-19:56:18.095421
0.7710208028095181,36056,25,1,1,1,1,1.9000000000000001,1.9000000000000001,2025-Jan-29-19:56:18.193665
0.7710208028095181,36057,25,1,1,1,1,1.9000000000000001,1.9000000000000001,2025-Jan-29-19:56:18.292676
0.8973579620796409,36058,25,1,1,1,0,1.9000000000000001,0.0,2025-Jan-29-19:56:18.367588
1.0735211430969913,36059,25,1,1,0,0,0.0,0.0,2025-Jan-29-19:56:18.413120
0.9471794063316156,36060,25,1,1,0,1,0.0,1.9000000000000001,2025-Jan-29-19:56:18.488558
0.7710208028095181,36061,25,1,1,1,1,1.9000000000000001,1.9000000000000001,2025-Jan-29-19:56:18.623361
0.7710208028095181,36062,25,1,1,1,1,1.9000000000000001,1.9000000000000001,2025-Jan-29-19:56:18.773896
0.9760242519712691,36063,25,1,1,-1,1,0.0,1.9000000000000001,2025-Jan-29-19:56:18.865194
0.8060591477019475,36064,25,1,0,0,-1,0.0,0.0,2025-Jan-29-19:56:18.925778
0.8060591477019475,36065,25,1,0,0,-1,0.0,0.0,2025-Jan-29-19:56:18.983882
0.8060591477019475,36066,25,1,0,0,-1,0.0,0.0,2025-Jan-29-19:56:19.042000
0.8060591477019475,36067,25,1,0,0,-1,0.0,0.0,2025-Jan-29-19:56:19.100425
0.8060591477019475,36068,25,1,0,0,-1,0.0,0.0,2025-Jan-29-19:56:19.158611
0.8060591477019475,36069,25,1,0,0,-1,0.0,0.0,2025-Jan-29-19:56:19.217220
0.7185205030005031,36070,25,1,0,0,0,0.0,0.0,2025-Jan-29-19:56:19.263073
0.8060591477019475,36071,25,1,0,0,-1,0.0,0.0,2025-Jan-29-19:56:19.319608
0.8060591477019475,36072,25,1,0,0,-1,0.0,0.0,2025-Jan-29-19:56:19.374874
0.8060591477019475,36073,25,1,0,0,-1,0.0,0.0,2025-Jan-29-19:56:19.430257
0.7185205030005031,36074,25,1,0,0,0,0.0,0.0,2025-Jan-29-19:56:19.473550
0.8060591477019475,36075,25,1,0,0,-1,0.0,0.0,2025-Jan-29-19:56:19.529011
0.9471794063316156,36076,25,1,1,0,1,0.0,1.9000000000000001,2025-Jan-29-19:56:19.621817
0.9760242519712691,36077,25,1,1,-1,1,0.0,1.9000000000000001,2025-Jan-29-19:56:19.741447
0.7185205030005031,36078,25,1,0,0,0,0.0,0.0,2025-Jan-29-19:56:20.082036
0.7185205030005031,36079,25,1,0,0,0,0.0,0.0,2025-Jan-29-19:56:20.126668
0.8060591477019475,36080,25,1,0,0,-1,0.0,0.0,2025-Jan-29-19:56:20.182904
0.8973579620796409,36081,25,1,1,1,0,1.9000000000000001,0.0,2025-Jan-29-19:56:20.254640
0.7561122308552579,36082,25,1,0,-1,0,0.0,0.0,2025-Jan-29-19:56:20.310113
1.0735211430969913,36083,25,1,1,0,0,0.0,0.0,2025-Jan-29-19:56:20.353467
0.7561122308552579,36084,25,1,0,-1,0,0.0,0.0,2025-Jan-29-19:56:20.408846
0.8060591477019475,36085,25,1,0,0,-1,0.0,0.0,2025-Jan-29-19:56:20.464106
0.9760242519712691,36086,25,1,1,-1,1,0.0,1.9000000000000001,2025-Jan-29-19:56:20.553122
0.5423573219619376,36087,25,1,0,1,0,1.9000000000000001,0.0,2025-Jan-29-19:56:20.667946
0.7185205030005031,36088,25,1,0,0,0,0.0,0.0,2025-Jan-29-19:56:20.741385
0.5423573219619376,36089,25,1,0,1,0,1.9000000000000001,0.0,2025-Jan-29-19:56:20.837432
0.8060591477019475,36090,25,1,0,0,-1,0.0,0.0,2025-Jan-29-19:56:20.894691
0.4160201626761834,36091,25,1,0,1,1,1.9000000000000001,1.9000000000000001,2025-Jan-29-19:56:20.990886
0.7710208028095181,36092,25,1,1,1,1,1.9000000000000001,1.9000000000000001,2025-Jan-29-19:56:21.086066
1.0735211430969913,36093,25,1,1,0,0,0.0,0.0,2025-Jan-29-19:56:21.129511
0.7561122308552579,36094,25,1,0,-1,0,0.0,0.0,2025-Jan-29-19:56:21.185804
0.5423573219619376,36095,25,1,0,1,0,1.9000000000000001,0.0,2025-Jan-29-19:56:21.257696
0.7561122308552579,36096,25,1,0,-1,0,0.0,0.0,2025-Jan-29-19:56:21.313362
0.7185205030005031,36097,25,1,0,0,0,0.0,0.0,2025-Jan-29-19:56:21.356532
0.7185205030005031,36098,25,1,0,0,0,0.0,0.0,2025-Jan-29-19:56:21.399599
0.7561122308552579,36099,25,1,0,-1,0,0.0,0.0,2025-Jan-29-19:56:21.455410
0.7185205030005031,36100,25,1,0,0,0,0.0,0.0,2025-Jan-29-19:56:21.498859
0.7185205030005031,36101,25,1,0,0,0,0.0,0.0,2025-Jan-29-19:56:21.542390
0.7185205030005031,36102,25,1,0,0,0,0.0,0.0,2025-Jan-29-19:56:21.605519
0.7185205030005031,36103,25,1,0,0,0,0.0,0.0,2025-Jan-29-19:56:21.677374
0.7185205030005031,36104,25,1,0,0,0,0.0,0.0,2025-Jan-29-19:56:21.746728
0.8060591477019475,36105,25,1,0,0,-1,0.0,0.0,2025-Jan-29-19:56:21.825479
0.7185205030005031,36106,25,1,0,0,0,0.0,0.0,2025-Jan-29-19:56:21.870051
0.9848890270480929,36107,25,1,1,1,-1,1.9000000000000001,0.0,2025-Jan-29-19:56:21.954101
0.7185205030005031,36108,25,1,0,0,0,0.0,0.0,2025-Jan-29-19:56:21.997631
0.629780506117975,36109,25,1,0,-1,1,0.0,1.9000000000000001,2025-Jan-29-19:56:22.083808
0.7185205030005031,36110,25,1,0,0,0,0.0,0.0,2025-Jan-29-19:56:22.128072
1.0735211430969913,36111,25,1,1,0,0,0.0,0.0,2025-Jan-29-19:56:22.171745
0.5423573219619376,36112,25,1,0,1,0,1.9000000000000001,0.0,2025-Jan-29-19:56:22.243736
0.5423573219619376,36113,25,1,0,1,0,1.9000000000000001,0.0,2025-Jan-29-19:56:22.315406
0.8436562666978078,36114,25,1,0,-1,-1,0.0,0.0,2025-Jan-29-19:56:22.383414
0.5423573219619376,36115,25,1,0,1,0,1.9000000000000001,0.0,2025-Jan-29-19:56:22.454909
0.5423573219619376,36116,25,1,0,1,0,1.9000000000000001,0.0,2025-Jan-29-19:56:22.526698
0.5921787662199604,36117,25,1,0,0,1,0.0,1.9000000000000001,2025-Jan-29-19:56:22.627878
1.1986569067802102,36118,25,1,1,-1,-1,0.0,0.0,2025-Jan-29-19:56:22.740863
0.7185205030005031,36119,25,1,0,0,0,0.0,0.0,2025-Jan-29-19:56:22.790324
0.7185205030005031,36120,25,1,0,0,0,0.0,0.0,2025-Jan-29-19:56:22.834135
0.8436562666978078,36121,25,1,0,-1,-1,0.0,0.0,2025-Jan-29-19:56:22.902230
0.7185205030005031,36122,25,1,0,0,0,0.0,0.0,2025-Jan-29-19:56:22.945588
0.7710208028095181,36123,25,1,1,1,1,1.9000000000000001,1.9000000000000001,2025-Jan-29-19:56:23.040866
0.8060591477019475,36124,25,1,0,0,-1,0.0,0.0,2025-Jan-29-19:56:23.096890
0.7185205030005031,36125,25,1,0,0,0,0.0,0.0,2025-Jan-29-19:56:23.141568
0.4160201626761834,36126,25,1,0,1,1,1.9000000000000001,1.9000000000000001,2025-Jan-29-19:56:23.238388
0.4160201626761834,36127,25,1,0,1,1,1.9000000000000001,1.9000000000000001,2025-Jan-29-19:56:23.333627
0.4160201626761834,36128,25,1,0,1,1,1.9000000000000001,1.9000000000000001,2025-Jan-29-19:56:23.428661
0.4160201626761834,36129,25,1,0,1,1,1.9000000000000001,1.9000000000000001,2025-Jan-29-19:56:23.523485
0.4160201626761834,36130,25,1,0,1,1,1.9000000000000001,1.9000000000000001,2025-Jan-29-19:56:23.644665
0.5423573219619376,36131,25,1,0,1,0,1.9000000000000001,0.0,2025-Jan-29-19:56:23.747940
0.4160201626761834,36132,25,1,0,1,1,1.9000000000000001,1.9000000000000001,2025-Jan-29-19:56:23.845057
0.4160201626761834,36133,25,1,0,1,1,1.9000000000000001,1.9000000000000001,2025-Jan-29-19:56:23.943112
0.4160201626761834,36134,25,1,0,1,1,1.9000000000000001,1.9000000000000001,2025-Jan-29-19:56:24.039253
0.4160201626761834,36135,25,1,0,1,1,1.9000000000000001,1.9000000000000001,2025-Jan-29-19:56:24.134949
0.7185205030005031,36136,25,1,0,0,0,0.0,0.0,2025-Jan-29-19:56:24.178092
0.7185205030005031,36137,25,1,0,0,0,0.0,0.0,2025-Jan-29-19:56:24.221327
0.5423573219619376,36138,25,1,0,1,0,1.9000000000000001,0.0,2025-Jan-29-19:56:24.293901
0.5423573219619376,36139,25,1,0,1,0,1.9000000000000001,0.0,2025-Jan-29-19:56:24.366256
0.5423573219619376,36140,25,1,0,1,0,1.9000000000000001,0.0,2025-Jan-29-19:56:24.437752
0.7561122308552579,36141,25,1,0,-1,0,0.0,0.0,2025-Jan-29-19:56:24.493302
0.5423573219619376,36142,25,1,0,1,0,1.9000000000000001,0.0,2025-Jan-29-19:56:24.580850
0.5423573219619376,36143,25,1,0,1,0,1.9000000000000001,0.0,2025-Jan-29-19:56:24.685523
0.7185205030005031,36144,25,1,0,0,0,0.0,0.0,2025-Jan-29-19:56:24.756809
0.5423573219619376,36145,25,1,0,1,0,1.9000000000000001,0.0,2025-Jan-29-19:56:24.832030
0.5423573219619376,36146,25,1,0,1,0,1.9000000000000001,0.0,2025-Jan-29-19:56:24.906719
0.6298883869405699,36147,25,1,0,1,-1,1.9000000000000001,0.0,2025-Jan-29-19:56:24.990769
0.7561122308552579,36148,25,1,0,-1,0,0.0,0.0,2025-Jan-29-19:56:25.046851
0.7185205030005031,36149,25,1,0,0,0,0.0,0.0,2025-Jan-29-19:56:25.090063
0.7185205030005031,36150,25,1,0,0,0,0.0,0.0,2025-Jan-29-19:56:25.134229
0.5423573219619376,36151,25,1,0,1,0,1.9000000000000001,0.0,2025-Jan-29-19:56:25.205894
0.7561122308552579,36152,25,1,0,-1,0,0.0,0.0,2025-Jan-29-19:56:25.261479
0.5423573219619376,36153,25,1,0,1,0,1.9000000000000001,0.0,2025-Jan-29-19:56:25.333784
0.5423573219619376,36154,25,1,0,1,0,1.9000000000000001,0.0,2025-Jan-29-19:56:25.405099
0.5423573219619376,36155,25,1,0,1,0,1.9000000000000001,0.0,2025-Jan-29-19:56:25.476304
0.5423573219619376,36156,25,1,0,1,0,1.9000000000000001,0.0,2025-Jan-29-19:56:25.566736
0.7185205030005031,36157,25,1,0,0,0,0.0,0.0,2025-Jan-29-19:56:25.642515
0.5423573219619376,36158,25,1,0,1,0,1.9000000000000001,0.0,2025-Jan-29-19:56:25.751401
0.5423573219619376,36159,25,1,0,1,0,1.9000000000000001,0.0,2025-Jan-29-19:56:25.836760
0.7561122308552579,36160,25,1,0,-1,0,0.0,0.0,2025-Jan-29-19:56:25.893247
0.5423573219619376,36161,25,1,0,1,0,1.9000000000000001,0.0,2025-Jan-29-19:56:25.965245
0.7561122308552579,36162,25,1,0,-1,0,0.0,0.0,2025-Jan-29-19:56:26.020742
0.7185205030005031,36163,25,1,0,0,0,0.0,0.0,2025-Jan-29-19:56:26.063858
0.5423573219619376,36164,25,1,0,1,0,1.9000000000000001,0.0,2025-Jan-29-19:56:26.137037
0.5423573219619376,36165,25,1,0,1,0,1.9000000000000001,0.0,2025-Jan-29-19:56:26.209212
0.5423573219619376,36166,25,1,0,1,0,1.9000000000000001,0.0,2025-Jan-29-19:56:26.281657
0.5423573219619376,36167,25,1,0,1,0,1.9000000000000001,0.0,2025-Jan-29-19:56:26.355260
0.5423573219619376,36168,25,1,0,1,0,1.9000000000000001,0.0,2025-Jan-29-19:56:26.427489
0.5423573219619376,36169,25,1,0,1,0,1.9000000000000001,0.0,2025-Jan-29-19:56:26.499635
0.7185205030005031,36170,25,1,0,0,0,0.0,0.0,2025-Jan-29-19:56:26.543372
0.7185205030005031,36171,25,1,0,0,0,0.0,0.0,2025-Jan-29-19:56:26.605773
0.5423573219619376,36172,25,1,0,1,0,1.9000000000000001,0.0,2025-Jan-29-19:56:26.712833
0.5423573219619376,36173,25,1,0,1,0,1.9000000000000001,0.0,2025-Jan-29-19:56:26.809793
0.5423573219619376,36174,25,1,0,1,0,1.9000000000000001,0.0,2025-Jan-29-19:56:26.883139
0.5423573219619376,36175,25,1,0,1,0,1.9000000000000001,0.0,2025-Jan-29-19:56:26.958185
0.5423573219619376,36176,25,1,0,1,0,1.9000000000000001,0.0,2025-Jan-29-19:56:27.031074
0.5423573219619376,36177,25,1,0,1,0,1.9000000000000001,0.0,2025-Jan-29-19:56:27.103211
0.5921787662199604,36178,25,1,0,0,1,0.0,1.9000000000000001,2025-Jan-29-19:56:27.176421
0.5921787662199604,36179,25,1,0,0,1,0.0,1.9000000000000001,2025-Jan-29-19:56:27.248810
0.9471794063316156,36180,25,1,1,0,1,0.0,1.9000000000000001,2025-Jan-29-19:56:27.642447
0.8060591477019475,36181,25,1,0,0,-1,0.0,0.0,2025-Jan-29-19:56:27.724785
0.7185205030005031,36182,25,1,0,0,0,0.0,0.0,2025-Jan-29-19:56:27.782554
0.5921787662199604,36183,25,1,0,0,1,0.0,1.9000000000000001,2025-Jan-29-19:56:27.854872
0.5921787662199604,36184,25,1,0,0,1,0.0,1.9000000000000001,2025-Jan-29-19:56:27.926918
0.5921787662199604,36185,25,1,0,0,1,0.0,1.9000000000000001,2025-Jan-29-19:56:27.998998
0.5921787662199604,36186,25,1,0,0,1,0.0,1.9000000000000001,2025-Jan-29-19:56:28.072409
0.5921787662199604,36187,25,1,0,0,1,0.0,1.9000000000000001,2025-Jan-29-19:56:28.144252
0.5921787662199604,36188,25,1,0,0,1,0.0,1.9000000000000001,2025-Jan-29-19:56:28.217536
0.5921787662199604,36189,25,1,0,0,1,0.0,1.9000000000000001,2025-Jan-29-19:56:28.289867
0.7185205030005031,36190,25,1,0,0,0,0.0,0.0,2025-Jan-29-19:56:28.333441
0.629780506117975,36191,25,1,0,-1,1,0.0,1.9000000000000001,2025-Jan-29-19:56:28.417529
0.629780506117975,36192,25,1,0,-1,1,0.0,1.9000000000000001,2025-Jan-29-19:56:28.501232
0.5921787662199604,36193,25,1,0,0,1,0.0,1.9000000000000001,2025-Jan-29-19:56:28.603834
0.629780506117975,36194,25,1,0,-1,1,0.0,1.9000000000000001,2025-Jan-29-19:56:28.729059
0.629780506117975,36195,25,1,0,-1,1,0.0,1.9000000000000001,2025-Jan-29-19:56:28.831294
0.629780506117975,36196,25,1,0,-1,1,0.0,1.9000000000000001,2025-Jan-29-19:56:28.916571
0.629780506117975,36197,25,1,0,-1,1,0.0,1.9000000000000001,2025-Jan-29-19:56:29.001365
0.629780506117975,36198,25,1,0,-1,1,0.0,1.9000000000000001,2025-Jan-29-19:56:29.085668
0.629780506117975,36199,25,1,0,-1,1,0.0,1.9000000000000001,2025-Jan-29-19:56:29.171099
0.629780506117975,36200,25,1,0,-1,1,0.0,1.9000000000000001,2025-Jan-29-19:56:29.255994
0.629780506117975,36201,25,1,0,-1,1,0.0,1.9000000000000001,2025-Jan-29-19:56:29.341366
0.8060591477019475,36202,25,1,0,0,-1,0.0,0.0,2025-Jan-29-19:56:29.402288
0.7185205030005031,36203,25,1,0,0,0,0.0,0.0,2025-Jan-29-19:56:29.449910
0.629780506117975,36204,25,1,0,-1,1,0.0,1.9000000000000001,2025-Jan-29-19:56:29.538445
0.6298883869405699,36205,25,1,0,1,-1,1.9000000000000001,0.0,2025-Jan-29-19:56:29.675278
0.7561122308552579,36206,25,1,0,-1,0,0.0,0.0,2025-Jan-29-19:56:29.757843
0.7561122308552579,36207,25,1,0,-1,0,0.0,0.0,2025-Jan-29-19:56:29.818632
0.6298883869405699,36208,25,1,0,1,-1,1.9000000000000001,0.0,2025-Jan-29-19:56:29.908252
0.6298883869405699,36209,25,1,0,1,-1,1.9000000000000001,0.0,2025-Jan-29-19:56:29.996485
0.6298883869405699,36210,25,1,0,1,-1,1.9000000000000001,0.0,2025-Jan-29-19:56:30.082929
0.8060591477019475,36211,25,1,0,0,-1,0.0,0.0,2025-Jan-29-19:56:30.141475
0.7185205030005031,36212,25,1,0,0,0,0.0,0.0,2025-Jan-29-19:56:30.187112
0.7185205030005031,36213,25,1,0,0,0,0.0,0.0,2025-Jan-29-19:56:30.234170
0.7185205030005031,36214,25,1,0,0,0,0.0,0.0,2025-Jan-29-19:56:30.280123
0.7185205030005031,36215,25,1,0,0,0,0.0,0.0,2025-Jan-29-19:56:30.326542
0.7185205030005031,36216,25,1,0,0,0,0.0,0.0,2025-Jan-29-19:56:30.372936
0.7185205030005031,36217,25,1,0,0,0,0.0,0.0,2025-Jan-29-19:56:30.417577
0.7185205030005031,36218,25,1,0,0,0,0.0,0.0,2025-Jan-29-19:56:30.462073
0.7185205030005031,36219,25,1,0,0,0,0.0,0.0,2025-Jan-29-19:56:30.506627
0.7185205030005031,36220,25,1,0,0,0,0.0,0.0,2025-Jan-29-19:56:30.569967
0.7185205030005031,36221,25,1,0,0,0,0.0,0.0,2025-Jan-29-19:56:30.653773
0.8060591477019475,36222,25,1,0,0,-1,0.0,0.0,2025-Jan-29-19:56:30.747811
0.7185205030005031,36223,25,1,0,0,0,0.0,0.0,2025-Jan-29-19:56:30.818593
0.7185205030005031,36224,25,1,0,0,0,0.0,0.0,2025-Jan-29-19:56:30.868319
0.7185205030005031,36225,25,1,0,0,0,0.0,0.0,2025-Jan-29-19:56:30.914335
0.7185205030005031,36226,25,1,0,0,0,0.0,0.0,2025-Jan-29-19:56:30.961492
0.7185205030005031,36227,25,1,0,0,0,0.0,0.0,2025-Jan-29-19:56:31.008705
0.7185205030005031,36228,25,1,0,0,0,0.0,0.0,2025-Jan-29-19:56:31.054858
0.7185205030005031,36229,25,1,0,0,0,0.0,0.0,2025-Jan-29-19:56:31.099868
0.7561122308552579,36230,25,1,0,-1,0,0.0,0.0,2025-Jan-29-19:56:31.158046
0.7561122308552579,36231,25,1,0,-1,0,0.0,0.0,2025-Jan-29-19:56:31.217798
0.7185205030005031,36232,25,1,0,0,0,0.0,0.0,2025-Jan-29-19:56:31.263453
0.7185205030005031,36233,25,1,0,0,0,0.0,0.0,2025-Jan-29-19:56:31.308005
0.7185205030005031,36234,25,1,0,0,0,0.0,0.0,2025-Jan-29-19:56:31.354411
0.7185205030005031,36235,25,1,0,0,0,0.0,0.0,2025-Jan-29-19:56:31.400531
0.7185205030005031,36236,25,1,0,0,0,0.0,0.0,2025-Jan-29-19:56:31.446923
0.7185205030005031,36237,25,1,0,0,0,0.0,0.0,2025-Jan-29-19:56:31.493481
0.7185205030005031,36238,25,1,0,0,0,0.0,0.0,2025-Jan-29-19:56:31.540923
0.7185205030005031,36239,25,1,0,0,0,0.0,0.0,2025-Jan-29-19:56:31.608029
0.5921787662199604,36240,25,1,0,0,1,0.0,1.9000000000000001,2025-Jan-29-19:56:31.731702
0.7185205030005031,36241,25,1,0,0,0,0.0,0.0,2025-Jan-29-19:56:31.811764
0.7185205030005031,36242,25,1,0,0,0,0.0,0.0,2025-Jan-29-19:56:31.862983
0.7185205030005031,36243,25,1,0,0,0,0.0,0.0,2025-Jan-29-19:56:31.909124
0.7185205030005031,36244,25,1,0,0,0,0.0,0.0,2025-Jan-29-19:56:31.952992
0.7185205030005031,36245,25,1,0,0,0,0.0,0.0,2025-Jan-29-19:56:31.996692
0.7185205030005031,36246,25,1,0,0,0,0.0,0.0,2025-Jan-29-19:56:32.040151
0.7185205030005031,36247,25,1,0,0,0,0.0,0.0,2025-Jan-29-19:56:32.086217
0.7185205030005031,36248,25,1,0,0,0,0.0,0.0,2025-Jan-29-19:56:32.133328
0.7185205030005031,36249,25,1,0,0,0,0.0,0.0,2025-Jan-29-19:56:32.184248
0.7185205030005031,36250,25,1,0,0,0,0.0,0.0,2025-Jan-29-19:56:32.234845
0.7185205030005031,36251,25,1,0,0,0,0.0,0.0,2025-Jan-29-19:56:32.281779
0.7185205030005031,36252,25,1,0,0,0,0.0,0.0,2025-Jan-29-19:56:32.326359
0.7185205030005031,36253,25,1,0,0,0,0.0,0.0,2025-Jan-29-19:56:32.370136
0.7185205030005031,36254,25,1,0,0,0,0.0,0.0,2025-Jan-29-19:56:32.414233
0.7185205030005031,36255,25,1,0,0,0,0.0,0.0,2025-Jan-29-19:56:32.457395
0.7185205030005031,36256,25,1,0,0,0,0.0,0.0,2025-Jan-29-19:56:32.500919
0.7185205030005031,36257,25,1,0,0,0,0.0,0.0,2025-Jan-29-19:56:32.544402
0.7185205030005031,36258,25,1,0,0,0,0.0,0.0,2025-Jan-29-19:56:32.608524
0.7185205030005031,36259,25,1,0,0,0,0.0,0.0,2025-Jan-29-19:56:32.683220
0.7185205030005031,36260,25,1,0,0,0,0.0,0.0,2025-Jan-29-19:56:32.757624
0.7185205030005031,36261,25,1,0,0,0,0.0,0.0,2025-Jan-29-19:56:32.814551
0.7185205030005031,36262,25,1,0,0,0,0.0,0.0,2025-Jan-29-19:56:32.861101
0.7185205030005031,36263,25,1,0,0,0,0.0,0.0,2025-Jan-29-19:56:32.905520
1.0735211430969913,36264,25,1,1,0,0,0.0,0.0,2025-Jan-29-19:56:32.949115
0.7185205030005031,36265,25,1,0,0,0,0.0,0.0,2025-Jan-29-19:56:32.992210
0.7185205030005031,36266,25,1,0,0,0,0.0,0.0,2025-Jan-29-19:56:33.035761
0.7185205030005031,36267,25,1,0,0,0,0.0,0.0,2025-Jan-29-19:56:33.078712
0.7185205030005031,36268,25,1,0,0,0,0.0,0.0,2025-Jan-29-19:56:33.122209
0.7185205030005031,36269,25,1,0,0,0,0.0,0.0,2025-Jan-29-19:56:33.165529
0.7185205030005031,36270,25,1,0,0,0,0.0,0.0,2025-Jan-29-19:56:33.208886
0.7185205030005031,36271,25,1,0,0,0,0.0,0.0,2025-Jan-29-19:56:33.252048
0.7185205030005031,36272,25,1,0,0,0,0.0,0.0,2025-Jan-29-19:56:33.296894
0.7185205030005031,36273,25,1,0,0,0,0.0,0.0,2025-Jan-29-19:56:33.340846
0.7185205030005031,36274,25,1,0,0,0,0.0,0.0,2025-Jan-29-19:56:33.383699
0.7185205030005031,36275,25,1,0,0,0,0.0,0.0,2025-Jan-29-19:56:33.426459
0.7185205030005031,36276,25,1,0,0,0,0.0,0.0,2025-Jan-29-19:56:33.469491
0.7185205030005031,36277,25,1,0,0,0,0.0,0.0,2025-Jan-29-19:56:33.513074
0.7185205030005031,36278,25,1,0,0,0,0.0,0.0,2025-Jan-29-19:56:33.583028
0.7185205030005031,36279,25,1,0,0,0,0.0,0.0,2025-Jan-29-19:56:33.983338
0.7561122308552579,36280,25,1,0,-1,0,0.0,0.0,2025-Jan-29-19:56:34.079410
0.4160201626761834,36281,25,1,0,1,1,1.9000000000000001,1.9000000000000001,2025-Jan-29-19:56:34.197945
0.5423573219619376,36282,25,1,0,1,0,1.9000000000000001,0.0,2025-Jan-29-19:56:34.274414
0.6298883869405699,36283,25,1,0,1,-1,1.9000000000000001,0.0,2025-Jan-29-19:56:34.362793
0.5423573219619376,36284,25,1,0,1,0,1.9000000000000001,0.0,2025-Jan-29-19:56:34.438106
0.7561122308552579,36285,25,1,0,-1,0,0.0,0.0,2025-Jan-29-19:56:34.496123
0.7185205030005031,36286,25,1,0,0,0,0.0,0.0,2025-Jan-29-19:56:34.540857
0.7185205030005031,36287,25,1,0,0,0,0.0,0.0,2025-Jan-29-19:56:34.610496
0.7185205030005031,36288,25,1,0,0,0,0.0,0.0,2025-Jan-29-19:56:34.683964
0.629780506117975,36289,25,1,0,-1,1,0.0,1.9000000000000001,2025-Jan-29-19:56:34.822025
0.5423573219619376,36290,25,1,0,1,0,1.9000000000000001,0.0,2025-Jan-29-19:56:34.901745
0.7185205030005031,36291,25,1,0,0,0,0.0,0.0,2025-Jan-29-19:56:34.947830
0.5423573219619376,36292,25,1,0,1,0,1.9000000000000001,0.0,2025-Jan-29-19:56:35.023148
0.7185205030005031,36293,25,1,0,0,0,0.0,0.0,2025-Jan-29-19:56:35.068404
0.629780506117975,36294,25,1,0,-1,1,0.0,1.9000000000000001,2025-Jan-29-19:56:35.156336
0.5921787662199604,36295,25,1,0,0,1,0.0,1.9000000000000001,2025-Jan-29-19:56:35.232839
0.5423573219619376,36296,25,1,0,1,0,1.9000000000000001,0.0,2025-Jan-29-19:56:35.309051
0.7185205030005031,36297,25,1,0,0,0,0.0,0.0,2025-Jan-29-19:56:35.354433
0.4160201626761834,36298,25,1,0,1,1,1.9000000000000001,1.9000000000000001,2025-Jan-29-19:56:35.453156
0.7561122308552579,36299,25,1,0,-1,0,0.0,0.0,2025-Jan-29-19:56:35.512658
0.5423573219619376,36300,25,1,0,1,0,1.9000000000000001,0.0,2025-Jan-29-19:56:35.626554
0.7185205030005031,36301,25,1,0,0,0,0.0,0.0,2025-Jan-29-19:56:35.713827
0.5921787662199604,36302,25,1,0,0,1,0.0,1.9000000000000001,2025-Jan-29-19:56:35.821979
0.8060591477019475,36303,25,1,0,0,-1,0.0,0.0,2025-Jan-29-19:56:35.885181
0.7561122308552579,36304,25,1,0,-1,0,0.0,0.0,2025-Jan-29-19:56:35.946072
0.7561122308552579,36305,25,1,0,-1,0,0.0,0.0,2025-Jan-29-19:56:36.004423
0.7561122308552579,36306,25,1,0,-1,0,0.0,0.0,2025-Jan-29-19:56:36.062616
0.8973579620796409,36307,25,1,1,1,0,1.9000000000000001,0.0,2025-Jan-29-19:56:36.137429
0.7185205030005031,36308,25,1,0,0,0,0.0,0.0,2025-Jan-29-19:56:36.182874
0.5423573219619376,36309,25,1,0,1,0,1.9000000000000001,0.0,2025-Jan-29-19:56:36.256670
0.7185205030005031,36310,25,1,0,0,0,0.0,0.0,2025-Jan-29-19:56:36.302226
0.5423573219619376,36311,25,1,0,1,0,1.9000000000000001,0.0,2025-Jan-29-19:56:36.377426
0.5423573219619376,36312,25,1,0,1,0,1.9000000000000001,0.0,2025-Jan-29-19:56:36.452473
1.161059787788528,36313,25,1,1,0,-1,0.0,0.0,2025-Jan-29-19:56:36.510551
0.7185205030005031,36314,25,1,0,0,0,0.0,0.0,2025-Jan-29-19:56:36.577524
0.7185205030005031,36315,25,1,0,0,0,0.0,0.0,2025-Jan-29-19:56:36.655735
0.7185205030005031,36316,25,1,0,0,0,0.0,0.0,2025-Jan-29-19:56:36.745616
1.161059787788528,36317,25,1,1,0,-1,0.0,0.0,2025-Jan-29-19:56:36.832592
0.5921787662199604,36318,25,1,0,0,1,0.0,1.9000000000000001,2025-Jan-29-19:56:36.910235
0.7185205030005031,36319,25,1,0,0,0,0.0,0.0,2025-Jan-29-19:56:36.956836
1.1986569067802102,36320,25,1,1,-1,-1,0.0,0.0,2025-Jan-29-19:56:37.028074
0.5921787662199604,36321,25,1,0,0,1,0.0,1.9000000000000001,2025-Jan-29-19:56:37.102894
0.7185205030005031,36322,25,1,0,0,0,0.0,0.0,2025-Jan-29-19:56:37.148344
0.5423573219619376,36323,25,1,0,1,0,1.9000000000000001,0.0,2025-Jan-29-19:56:37.222630
1.0735211430969913,36324,25,1,1,0,0,0.0,0.0,2025-Jan-29-19:56:37.268917
0.5921787662199604,36325,25,1,0,0,1,0.0,1.9000000000000001,2025-Jan-29-19:56:37.344432
0.7561122308552579,36326,25,1,0,-1,0,0.0,0.0,2025-Jan-29-19:56:37.402713
0.8060591477019475,36327,25,1,0,0,-1,0.0,0.0,2025-Jan-29-19:56:37.461290
0.7185205030005031,36328,25,1,0,0,0,0.0,0.0,2025-Jan-29-19:56:37.507051
0.7185205030005031,36329,25,1,0,0,0,0.0,0.0,2025-Jan-29-19:56:37.577015
0.629780506117975,36330,25,1,0,-1,1,0.0,1.9000000000000001,2025-Jan-29-19:56:37.750130
0.4160201626761834,36331,25,1,0,1,1,1.9000000000000001,1.9000000000000001,2025-Jan-29-19:56:37.877249
0.4160201626761834,36332,25,1,0,1,1,1.9000000000000001,1.9000000000000001,2025-Jan-29-19:56:37.979707
0.4160201626761834,36333,25,1,0,1,1,1.9000000000000001,1.9000000000000001,2025-Jan-29-19:56:38.078302
0.4160201626761834,36334,25,1,0,1,1,1.9000000000000001,1.9000000000000001,2025-Jan-29-19:56:38.176453
0.4160201626761834,36335,25,1,0,1,1,1.9000000000000001,1.9000000000000001,2025-Jan-29-19:56:38.275160
0.4160201626761834,36336,25,1,0,1,1,1.9000000000000001,1.9000000000000001,2025-Jan-29-19:56:38.373416
0.4160201626761834,36337,25,1,0,1,1,1.9000000000000001,1.9000000000000001,2025-Jan-29-19:56:38.472463
0.4160201626761834,36338,25,1,0,1,1,1.9000000000000001,1.9000000000000001,2025-Jan-29-19:56:38.587845
0.8060591477019475,36339,25,1,0,0,-1,0.0,0.0,2025-Jan-29-19:56:38.693478
0.7185205030005031,36340,25,1,0,0,0,0.0,0.0,2025-Jan-29-19:56:38.774025
0.4160201626761834,36341,25,1,0,1,1,1.9000000000000001,1.9000000000000001,2025-Jan-29-19:56:38.899681
0.7561122308552579,36342,25,1,0,-1,0,0.0,0.0,2025-Jan-29-19:56:38.958217
0.7561122308552579,36343,25,1,0,-1,0,0.0,0.0,2025-Jan-29-19:56:39.016630
0.7561122308552579,36344,25,1,0,-1,0,0.0,0.0,2025-Jan-29-19:56:39.074335
0.5423573219619376,36345,25,1,0,1,0,1.9000000000000001,0.0,2025-Jan-29-19:56:39.148928
0.7185205030005031,36346,25,1,0,0,0,0.0,0.0,2025-Jan-29-19:56:39.194254
0.7561122308552579,36347,25,1,0,-1,0,0.0,0.0,2025-Jan-29-19:56:39.252458
0.5423573219619376,36348,25,1,0,1,0,1.9000000000000001,0.0,2025-Jan-29-19:56:39.326990
0.5423573219619376,36349,25,1,0,1,0,1.9000000000000001,0.0,2025-Jan-29-19:56:39.401657
0.7561122308552579,36350,25,1,0,-1,0,0.0,0.0,2025-Jan-29-19:56:39.459318
0.5423573219619376,36351,25,1,0,1,0,1.9000000000000001,0.0,2025-Jan-29-19:56:39.535076
0.5423573219619376,36352,25,1,0,1,0,1.9000000000000001,0.0,2025-Jan-29-19:56:39.638954
0.5423573219619376,36353,25,1,0,1,0,1.9000000000000001,0.0,2025-Jan-29-19:56:39.762203
0.5423573219619376,36354,25,1,0,1,0,1.9000000000000001,0.0,2025-Jan-29-19:56:39.850944
0.5423573219619376,36355,25,1,0,1,0,1.9000000000000001,0.0,2025-Jan-29-19:56:39.928297
0.5423573219619376,36356,25,1,0,1,0,1.9000000000000001,0.0,2025-Jan-29-19:56:40.001972
0.5423573219619376,36357,25,1,0,1,0,1.9000000000000001,0.0,2025-Jan-29-19:56:40.076567
0.5423573219619376,36358,25,1,0,1,0,1.9000000000000001,0.0,2025-Jan-29-19:56:40.151536
0.5423573219619376,36359,25,1,0,1,0,1.9000000000000001,0.0,2025-Jan-29-19:56:40.225153
0.5423573219619376,36360,25,1,0,1,0,1.9000000000000001,0.0,2025-Jan-29-19:56:40.299218
0.7185205030005031,36361,25,1,0,0,0,0.0,0.0,2025-Jan-29-19:56:40.345210
0.5423573219619376,36362,25,1,0,1,0,1.9000000000000001,0.0,2025-Jan-29-19:56:40.419012
0.7185205030005031,36363,25,1,0,0,0,0.0,0.0,2025-Jan-29-19:56:40.463871
0.5423573219619376,36364,25,1,0,1,0,1.9000000000000001,0.0,2025-Jan-29-19:56:40.539297
0.5423573219619376,36365,25,1,0,1,0,1.9000000000000001,0.0,2025-Jan-29-19:56:40.635675
0.5423573219619376,36366,25,1,0,1,0,1.9000000000000001,0.0,2025-Jan-29-19:56:40.757353
0.5423573219619376,36367,25,1,0,1,0,1.9000000000000001,0.0,2025-Jan-29-19:56:40.854027
0.7185205030005031,36368,25,1,0,0,0,0.0,0.0,2025-Jan-29-19:56:40.904575
0.5423573219619376,36369,25,1,0,1,0,1.9000000000000001,0.0,2025-Jan-29-19:56:40.980416
0.5423573219619376,36370,25,1,0,1,0,1.9000000000000001,0.0,2025-Jan-29-19:56:41.056335
0.7185205030005031,36371,25,1,0,0,0,0.0,0.0,2025-Jan-29-19:56:41.103256
0.5423573219619376,36372,25,1,0,1,0,1.9000000000000001,0.0,2025-Jan-29-19:56:41.178265
0.5423573219619376,36373,25,1,0,1,0,1.9000000000000001,0.0,2025-Jan-29-19:56:41.253604
0.7185205030005031,36374,25,1,0,0,0,0.0,0.0,2025-Jan-29-19:56:41.298178
0.5423573219619376,36375,25,1,0,1,0,1.9000000000000001,0.0,2025-Jan-29-19:56:41.370190
0.5423573219619376,36376,25,1,0,1,0,1.9000000000000001,0.0,2025-Jan-29-19:56:41.791580
0.5423573219619376,36377,25,1,0,1,0,1.9000000000000001,0.0,2025-Jan-29-19:56:41.889515
0.5423573219619376,36378,25,1,0,1,0,1.9000000000000001,0.0,2025-Jan-29-19:56:41.964249
0.5423573219619376,36379,25,1,0,1,0,1.9000000000000001,0.0,2025-Jan-29-19:56:42.036544
0.7561122308552579,36380,25,1,0,-1,0,0.0,0.0,2025-Jan-29-19:56:42.093939
0.5423573219619376,36381,25,1,0,1,0,1.9000000000000001,0.0,2025-Jan-29-19:56:42.165860
0.5423573219619376,36382,25,1,0,1,0,1.9000000000000001,0.0,2025-Jan-29-19:56:42.238907
0.6298883869405699,36383,25,1,0,1,-1,1.9000000000000001,0.0,2025-Jan-29-19:56:42.325046
0.5423573219619376,36384,25,1,0,1,0,1.9000000000000001,0.0,2025-Jan-29-19:56:42.396920
0.5423573219619376,36385,25,1,0,1,0,1.9000000000000001,0.0,2025-Jan-29-19:56:42.468247
0.5423573219619376,36386,25,1,0,1,0,1.9000000000000001,0.0,2025-Jan-29-19:56:42.539478
0.5423573219619376,36387,25,1,0,1,0,1.9000000000000001,0.0,2025-Jan-29-19:56:42.611196
0.5423573219619376,36388,25,1,0,1,0,1.9000000000000001,0.0,2025-Jan-29-19:56:42.706720
0.7561122308552579,36389,25,1,0,-1,0,0.0,0.0,2025-Jan-29-19:56:42.791725
0.5423573219619376,36390,25,1,0,1,0,1.9000000000000001,0.0,2025-Jan-29-19:56:42.880298
0.5423573219619376,36391,25,1,0,1,0,1.9000000000000001,0.0,2025-Jan-29-19:56:42.953490
0.5423573219619376,36392,25,1,0,1,0,1.9000000000000001,0.0,2025-Jan-29-19:56:43.024981
0.5423573219619376,36393,25,1,0,1,0,1.9000000000000001,0.0,2025-Jan-29-19:56:43.096449
0.5423573219619376,36394,25,1,0,1,0,1.9000000000000001,0.0,2025-Jan-29-19:56:43.167291
0.5423573219619376,36395,25,1,0,1,0,1.9000000000000001,0.0,2025-Jan-29-19:56:43.238218
0.7185205030005031,36396,25,1,0,0,0,0.0,0.0,2025-Jan-29-19:56:43.280986
0.7185205030005031,36397,25,1,0,0,0,0.0,0.0,2025-Jan-29-19:56:43.324072
0.5423573219619376,36398,25,1,0,1,0,1.9000000000000001,0.0,2025-Jan-29-19:56:43.394939
0.5423573219619376,36399,25,1,0,1,0,1.9000000000000001,0.0,2025-Jan-29-19:56:43.466225
0.5423573219619376,36400,25,1,0,1,0,1.9000000000000001,0.0,2025-Jan-29-19:56:43.537588
0.7185205030005031,36401,25,1,0,0,0,0.0,0.0,2025-Jan-29-19:56:43.580391
0.5423573219619376,36402,25,1,0,1,0,1.9000000000000001,0.0,2025-Jan-29-19:56:43.677131
0.5423573219619376,36403,25,1,0,1,0,1.9000000000000001,0.0,2025-Jan-29-19:56:43.779238
0.5423573219619376,36404,25,1,0,1,0,1.9000000000000001,0.0,2025-Jan-29-19:56:43.862406
0.5423573219619376,36405,25,1,0,1,0,1.9000000000000001,0.0,2025-Jan-29-19:56:43.935261
0.5423573219619376,36406,25,1,0,1,0,1.9000000000000001,0.0,2025-Jan-29-19:56:44.006296
0.5423573219619376,36407,25,1,0,1,0,1.9000000000000001,0.0,2025-Jan-29-19:56:44.077946
0.7185205030005031,36408,25,1,0,0,0,0.0,0.0,2025-Jan-29-19:56:44.120889
0.7185205030005031,36409,25,1,0,0,0,0.0,0.0,2025-Jan-29-19:56:44.164033
0.5423573219619376,36410,25,1,0,1,0,1.9000000000000001,0.0,2025-Jan-29-19:56:44.235092
0.5423573219619376,36411,25,1,0,1,0,1.9000000000000001,0.0,2025-Jan-29-19:56:44.306450
0.7185205030005031,36412,25,1,0,0,0,0.0,0.0,2025-Jan-29-19:56:44.349541
0.7561122308552579,36413,25,1,0,-1,0,0.0,0.0,2025-Jan-29-19:56:44.404903
0.8060591477019475,36414,25,1,0,0,-1,0.0,0.0,2025-Jan-29-19:56:44.460101
0.5921787662199604,36415,25,1,0,0,1,0.0,1.9000000000000001,2025-Jan-29-19:56:44.531503
0.5921787662199604,36416,25,1,0,0,1,0.0,1.9000000000000001,2025-Jan-29-19:56:44.620145
0.7185205030005031,36417,25,1,0,0,0,0.0,0.0,2025-Jan-29-19:56:44.699069
0.5921787662199604,36418,25,1,0,0,1,0.0,1.9000000000000001,2025-Jan-29-19:56:44.796510
0.5921787662199604,36419,25,1,0,0,1,0.0,1.9000000000000001,2025-Jan-29-19:56:44.869771
0.5921787662199604,36420,25,1,0,0,1,0.0,1.9000000000000001,2025-Jan-29-19:56:44.941317
0.7185205030005031,36421,25,1,0,0,0,0.0,0.0,2025-Jan-29-19:56:44.984392
0.7185205030005031,36422,25,1,0,0,0,0.0,0.0,2025-Jan-29-19:56:45.027347
0.5921787662199604,36423,25,1,0,0,1,0.0,1.9000000000000001,2025-Jan-29-19:56:45.099792
0.7185205030005031,36424,25,1,0,0,0,0.0,0.0,2025-Jan-29-19:56:45.143782
0.7185205030005031,36425,25,1,0,0,0,0.0,0.0,2025-Jan-29-19:56:45.186486
0.5921787662199604,36426,25,1,0,0,1,0.0,1.9000000000000001,2025-Jan-29-19:56:45.258333
0.5921787662199604,36427,25,1,0,0,1,0.0,1.9000000000000001,2025-Jan-29-19:56:45.331263
0.5921787662199604,36428,25,1,0,0,1,0.0,1.9000000000000001,2025-Jan-29-19:56:45.402421
0.7185205030005031,36429,25,1,0,0,0,0.0,0.0,2025-Jan-29-19:56:45.445277
0.8060591477019475,36430,25,1,0,0,-1,0.0,0.0,2025-Jan-29-19:56:45.500489
0.5921787662199604,36431,25,1,0,0,1,0.0,1.9000000000000001,2025-Jan-29-19:56:45.587144
0.7185205030005031,36432,25,1,0,0,0,0.0,0.0,2025-Jan-29-19:56:45.669345
0.5921787662199604,36433,25,1,0,0,1,0.0,1.9000000000000001,2025-Jan-29-19:56:45.774599
0.5921787662199604,36434,25,1,0,0,1,0.0,1.9000000000000001,2025-Jan-29-19:56:45.848551
0.5921787662199604,36435,25,1,0,0,1,0.0,1.9000000000000001,2025-Jan-29-19:56:45.920363
0.5921787662199604,36436,25,1,0,0,1,0.0,1.9000000000000001,2025-Jan-29-19:56:45.992074
0.8060591477019475,36437,25,1,0,0,-1,0.0,0.0,2025-Jan-29-19:56:46.047437
0.5921787662199604,36438,25,1,0,0,1,0.0,1.9000000000000001,2025-Jan-29-19:56:46.119256
0.5921787662199604,36439,25,1,0,0,1,0.0,1.9000000000000001,2025-Jan-29-19:56:46.191058
0.5921787662199604,36440,25,1,0,0,1,0.0,1.9000000000000001,2025-Jan-29-19:56:46.264281
0.7561122308552579,36441,25,1,0,-1,0,0.0,0.0,2025-Jan-29-19:56:46.320359
0.629780506117975,36442,25,1,0,-1,1,0.0,1.9000000000000001,2025-Jan-29-19:56:46.404843
0.629780506117975,36443,25,1,0,-1,1,0.0,1.9000000000000001,2025-Jan-29-19:56:46.488182
0.5921787662199604,36444,25,1,0,0,1,0.0,1.9000000000000001,2025-Jan-29-19:56:46.569765
0.629780506117975,36445,25,1,0,-1,1,0.0,1.9000000000000001,2025-Jan-29-19:56:46.695355
0.629780506117975,36446,25,1,0,-1,1,0.0,1.9000000000000001,2025-Jan-29-19:56:46.810610
0.629780506117975,36447,25,1,0,-1,1,0.0,1.9000000000000001,2025-Jan-29-19:56:46.896208
0.629780506117975,36448,25,1,0,-1,1,0.0,1.9000000000000001,2025-Jan-29-19:56:46.979890
0.7561122308552579,36449,25,1,0,-1,0,0.0,0.0,2025-Jan-29-19:56:47.035530
0.629780506117975,36450,25,1,0,-1,1,0.0,1.9000000000000001,2025-Jan-29-19:56:47.119177
0.629780506117975,36451,25,1,0,-1,1,0.0,1.9000000000000001,2025-Jan-29-19:56:47.216971
0.629780506117975,36452,25,1,0,-1,1,0.0,1.9000000000000001,2025-Jan-29-19:56:47.307823
0.629780506117975,36453,25,1,0,-1,1,0.0,1.9000000000000001,2025-Jan-29-19:56:47.391982
0.7185205030005031,36454,25,1,0,0,0,0.0,0.0,2025-Jan-29-19:56:47.435199
0.629780506117975,36455,25,1,0,-1,1,0.0,1.9000000000000001,2025-Jan-29-19:56:47.519069
0.629780506117975,36456,25,1,0,-1,1,0.0,1.9000000000000001,2025-Jan-29-19:56:47.630115
0.629780506117975,36457,25,1,0,-1,1,0.0,1.9000000000000001,2025-Jan-29-19:56:47.755907
0.629780506117975,36458,25,1,0,-1,1,0.0,1.9000000000000001,2025-Jan-29-19:56:47.842737
0.7561122308552579,36459,25,1,0,-1,0,0.0,0.0,2025-Jan-29-19:56:47.899474
0.8436562666978078,36460,25,1,0,-1,-1,0.0,0.0,2025-Jan-29-19:56:47.967701
0.629780506117975,36461,25,1,0,-1,1,0.0,1.9000000000000001,2025-Jan-29-19:56:48.051330
0.6298883869405699,36462,25,1,0,1,-1,1.9000000000000001,0.0,2025-Jan-29-19:56:48.135769
0.6298883869405699,36463,25,1,0,1,-1,1.9000000000000001,0.0,2025-Jan-29-19:56:48.220781
0.6298883869405699,36464,25,1,0,1,-1,1.9000000000000001,0.0,2025-Jan-29-19:56:48.305541
0.6298883869405699,36465,25,1,0,1,-1,1.9000000000000001,0.0,2025-Jan-29-19:56:48.389831
0.7561122308552579,36466,25,1,0,-1,0,0.0,0.0,2025-Jan-29-19:56:48.445324
0.7561122308552579,36467,25,1,0,-1,0,0.0,0.0,2025-Jan-29-19:56:48.501205
0.7185205030005031,36468,25,1,0,0,0,0.0,0.0,2025-Jan-29-19:56:48.544080
0.6298883869405699,36469,25,1,0,1,-1,1.9000000000000001,0.0,2025-Jan-29-19:56:48.707259
0.6298883869405699,36470,25,1,0,1,-1,1.9000000000000001,0.0,2025-Jan-29-19:56:48.831573
0.7185205030005031,36471,25,1,0,0,0,0.0,0.0,2025-Jan-29-19:56:48.882872
1.0735211430969913,36472,25,1,1,0,0,0.0,0.0,2025-Jan-29-19:56:48.929067
0.7185205030005031,36473,25,1,0,0,0,0.0,0.0,2025-Jan-29-19:56:48.976434
0.7185205030005031,36474,25,1,0,0,0,0.0,0.0,2025-Jan-29-19:56:49.022731
0.7185205030005031,36475,25,1,0,0,0,0.0,0.0,2025-Jan-29-19:56:49.069911
0.7185205030005031,36476,25,1,0,0,0,0.0,0.0,2025-Jan-29-19:56:49.117051
0.7185205030005031,36477,25,1,0,0,0,0.0,0.0,2025-Jan-29-19:56:49.163243
0.7185205030005031,36478,25,1,0,0,0,0.0,0.0,2025-Jan-29-19:56:49.209151
0.7185205030005031,36479,25,1,0,0,0,0.0,0.0,2025-Jan-29-19:56:49.255347
0.9471794063316156,36480,25,1,1,0,1,0.0,1.9000000000000001,2025-Jan-29-19:56:49.332323
0.9848890270480929,36481,25,1,1,1,-1,1.9000000000000001,0.0,2025-Jan-29-19:56:49.420642
0.5921787662199604,36482,25,1,0,0,1,0.0,1.9000000000000001,2025-Jan-29-19:56:49.495679
0.5423573219619376,36483,25,1,0,1,0,1.9000000000000001,0.0,2025-Jan-29-19:56:49.591928
0.629780506117975,36484,25,1,0,-1,1,0.0,1.9000000000000001,2025-Jan-29-19:56:49.742789
0.7561122308552579,36485,25,1,0,-1,0,0.0,0.0,2025-Jan-29-19:56:49.825391
0.629780506117975,36486,25,1,0,-1,1,0.0,1.9000000000000001,2025-Jan-29-19:56:49.916647
0.7185205030005031,36487,25,1,0,0,0,0.0,0.0,2025-Jan-29-19:56:49.964364
1.1111128709475113,36488,25,1,1,-1,0,0.0,0.0,2025-Jan-29-19:56:50.022281
0.629780506117975,36489,25,1,0,-1,1,0.0,1.9000000000000001,2025-Jan-29-19:56:50.110190
0.8060591477019475,36490,25,1,0,0,-1,0.0,0.0,2025-Jan-29-19:56:50.169772
0.7185205030005031,36491,25,1,0,0,0,0.0,0.0,2025-Jan-29-19:56:50.215675
0.629780506117975,36492,25,1,0,-1,1,0.0,1.9000000000000001,2025-Jan-29-19:56:50.305414
0.5921787662199604,36493,25,1,0,0,1,0.0,1.9000000000000001,2025-Jan-29-19:56:50.382188
0.8060591477019475,36494,25,1,0,0,-1,0.0,0.0,2025-Jan-29-19:56:50.443132
0.5423573219619376,36495,25,1,0,1,0,1.9000000000000001,0.0,2025-Jan-29-19:56:50.517804
0.9848890270480929,36496,25,1,1,1,-1,1.9000000000000001,0.0,2025-Jan-29-19:56:50.654748
0.5423573219619376,36497,25,1,0,1,0,1.9000000000000001,0.0,2025-Jan-29-19:56:50.760760
0.5921787662199604,36498,25,1,0,0,1,0.0,1.9000000000000001,2025-Jan-29-19:56:50.834772
0.629780506117975,36499,25,1,0,-1,1,0.0,1.9000000000000001,2025-Jan-29-19:56:51.200072
0.5921787662199604,36500,25,1,0,0,1,0.0,1.9000000000000001,2025-Jan-29-19:56:51.277697
1.1986569067802102,36501,25,1,1,-1,-1,0.0,0.0,2025-Jan-29-19:56:51.348790
0.5423573219619376,36502,25,1,0,1,0,1.9000000000000001,0.0,2025-Jan-29-19:56:51.420578
0.629780506117975,36503,25,1,0,-1,1,0.0,1.9000000000000001,2025-Jan-29-19:56:51.504506
0.5423573219619376,36504,25,1,0,1,0,1.9000000000000001,0.0,2025-Jan-29-19:56:51.595370
0.8436562666978078,36505,25,1,0,-1,-1,0.0,0.0,2025-Jan-29-19:56:51.688709
1.1111128709475113,36506,25,1,1,-1,0,0.0,0.0,2025-Jan-29-19:56:51.775599
0.7185205030005031,36507,25,1,0,0,0,0.0,0.0,2025-Jan-29-19:56:51.820208
0.5423573219619376,36508,25,1,0,1,0,1.9000000000000001,0.0,2025-Jan-29-19:56:51.892628
0.5423573219619376,36509,25,1,0,1,0,1.9000000000000001,0.0,2025-Jan-29-19:56:51.964830
0.7185205030005031,36510,25,1,0,0,0,0.0,0.0,2025-Jan-29-19:56:52.008236
0.7185205030005031,36511,25,1,0,0,0,0.0,0.0,2025-Jan-29-19:56:52.051669
0.7185205030005031,36512,25,1,0,0,0,0.0,0.0,2025-Jan-29-19:56:52.095972
0.5423573219619376,36513,25,1,0,1,0,1.9000000000000001,0.0,2025-Jan-29-19:56:52.167758
1.1111128709475113,36514,25,1,1,-1,0,0.0,0.0,2025-Jan-29-19:56:52.222937
0.7185205030005031,36515,25,1,0,0,0,0.0,0.0,2025-Jan-29-19:56:52.267291
0.629780506117975,36516,25,1,0,-1,1,0.0,1.9000000000000001,2025-Jan-29-19:56:52.351056
0.5423573219619376,36517,25,1,0,1,0,1.9000000000000001,0.0,2025-Jan-29-19:56:52.422406
0.5921787662199604,36518,25,1,0,0,1,0.0,1.9000000000000001,2025-Jan-29-19:56:52.494190
0.629780506117975,36519,25,1,0,-1,1,0.0,1.9000000000000001,2025-Jan-29-19:56:52.594468
1.0735211430969913,36520,25,1,1,0,0,0.0,0.0,2025-Jan-29-19:56:52.664174
0.6298883869405699,36521,25,1,0,1,-1,1.9000000000000001,0.0,2025-Jan-29-19:56:52.781868
1.0735211430969913,36522,25,1,1,0,0,0.0,0.0,2025-Jan-29-19:56:52.828465
0.5423573219619376,36523,25,1,0,1,0,1.9000000000000001,0.0,2025-Jan-29-19:56:52.900393
0.4160201626761834,36524,25,1,0,1,1,1.9000000000000001,1.9000000000000001,2025-Jan-29-19:56:52.994663
0.5423573219619376,36525,25,1,0,1,0,1.9000000000000001,0.0,2025-Jan-29-19:56:53.067875
0.5423573219619376,36526,25,1,0,1,0,1.9000000000000001,0.0,2025-Jan-29-19:56:53.139170
0.7185205030005031,36527,25,1,0,0,0,0.0,0.0,2025-Jan-29-19:56:53.182421
0.5423573219619376,36528,25,1,0,1,0,1.9000000000000001,0.0,2025-Jan-29-19:56:53.254024
0.629780506117975,36529,25,1,0,-1,1,0.0,1.9000000000000001,2025-Jan-29-19:56:53.339149
0.5921787662199604,36530,25,1,0,0,1,0.0,1.9000000000000001,2025-Jan-29-19:56:53.412009
0.5921787662199604,36531,25,1,0,0,1,0.0,1.9000000000000001,2025-Jan-29-19:56:53.484222
0.4160201626761834,36532,25,1,0,1,1,1.9000000000000001,1.9000000000000001,2025-Jan-29-19:56:53.599425
0.629780506117975,36533,25,1,0,-1,1,0.0,1.9000000000000001,2025-Jan-29-19:56:53.725523
0.4160201626761834,36534,25,1,0,1,1,1.9000000000000001,1.9000000000000001,2025-Jan-29-19:56:53.841195
0.629780506117975,36535,25,1,0,-1,1,0.0,1.9000000000000001,2025-Jan-29-19:56:53.925622
0.4160201626761834,36536,25,1,0,1,1,1.9000000000000001,1.9000000000000001,2025-Jan-29-19:56:54.020027
0.629780506117975,36537,25,1,0,-1,1,0.0,1.9000000000000001,2025-Jan-29-19:56:54.104727
0.4160201626761834,36538,25,1,0,1,1,1.9000000000000001,1.9000000000000001,2025-Jan-29-19:56:54.198816
0.4160201626761834,36539,25,1,0,1,1,1.9000000000000001,1.9000000000000001,2025-Jan-29-19:56:54.293188
0.4160201626761834,36540,25,1,0,1,1,1.9000000000000001,1.9000000000000001,2025-Jan-29-19:56:54.387572
0.4160201626761834,36541,25,1,0,1,1,1.9000000000000001,1.9000000000000001,2025-Jan-29-19:56:54.482616
0.4160201626761834,36542,25,1,0,1,1,1.9000000000000001,1.9000000000000001,2025-Jan-29-19:56:54.603595
0.4160201626761834,36543,25,1,0,1,1,1.9000000000000001,1.9000000000000001,2025-Jan-29-19:56:54.732288
0.629780506117975,36544,25,1,0,-1,1,0.0,1.9000000000000001,2025-Jan-29-19:56:54.835311
0.4160201626761834,36545,25,1,0,1,1,1.9000000000000001,1.9000000000000001,2025-Jan-29-19:56:54.930074
0.4160201626761834,36546,25,1,0,1,1,1.9000000000000001,1.9000000000000001,2025-Jan-29-19:56:55.025375
0.4160201626761834,36547,25,1,0,1,1,1.9000000000000001,1.9000000000000001,2025-Jan-29-19:56:55.120746
0.7185205030005031,36548,25,1,0,0,0,0.0,0.0,2025-Jan-29-19:56:55.164137
0.8060591477019475,36549,25,1,0,0,-1,0.0,0.0,2025-Jan-29-19:56:55.219660
0.7185205030005031,36550,25,1,0,0,0,0.0,0.0,2025-Jan-29-19:56:55.263040
0.7185205030005031,36551,25,1,0,0,0,0.0,0.0,2025-Jan-29-19:56:55.307752
0.5423573219619376,36552,25,1,0,1,0,1.9000000000000001,0.0,2025-Jan-29-19:56:55.379100
0.7185205030005031,36553,25,1,0,0,0,0.0,0.0,2025-Jan-29-19:56:55.422250
0.5423573219619376,36554,25,1,0,1,0,1.9000000000000001,0.0,2025-Jan-29-19:56:55.494270
0.7185205030005031,36555,25,1,0,0,0,0.0,0.0,2025-Jan-29-19:56:55.537338
0.5423573219619376,36556,25,1,0,1,0,1.9000000000000001,0.0,2025-Jan-29-19:56:55.644528
0.7185205030005031,36557,25,1,0,0,0,0.0,0.0,2025-Jan-29-19:56:55.713187
0.5423573219619376,36558,25,1,0,1,0,1.9000000000000001,0.0,2025-Jan-29-19:56:55.809466
0.7185205030005031,36559,25,1,0,0,0,0.0,0.0,2025-Jan-29-19:56:55.856369
0.7185205030005031,36560,25,1,0,0,0,0.0,0.0,2025-Jan-29-19:56:55.900012
0.5423573219619376,36561,25,1,0,1,0,1.9000000000000001,0.0,2025-Jan-29-19:56:55.971571
0.7185205030005031,36562,25,1,0,0,0,0.0,0.0,2025-Jan-29-19:56:56.015116
0.7561122308552579,36563,25,1,0,-1,0,0.0,0.0,2025-Jan-29-19:56:56.070912
0.7561122308552579,36564,25,1,0,-1,0,0.0,0.0,2025-Jan-29-19:56:56.127337
0.5423573219619376,36565,25,1,0,1,0,1.9000000000000001,0.0,2025-Jan-29-19:56:56.199069
0.5423573219619376,36566,25,1,0,1,0,1.9000000000000001,0.0,2025-Jan-29-19:56:56.271130
0.5423573219619376,36567,25,1,0,1,0,1.9000000000000001,0.0,2025-Jan-29-19:56:56.343585
0.7561122308552579,36568,25,1,0,-1,0,0.0,0.0,2025-Jan-29-19:56:56.399615
0.5423573219619376,36569,25,1,0,1,0,1.9000000000000001,0.0,2025-Jan-29-19:56:56.471346
0.5423573219619376,36570,25,1,0,1,0,1.9000000000000001,0.0,2025-Jan-29-19:56:56.542698
0.5423573219619376,36571,25,1,0,1,0,1.9000000000000001,0.0,2025-Jan-29-19:56:56.636541
0.5423573219619376,36572,25,1,0,1,0,1.9000000000000001,0.0,2025-Jan-29-19:56:56.751941
0.5423573219619376,36573,25,1,0,1,0,1.9000000000000001,0.0,2025-Jan-29-19:56:56.827765
0.7185205030005031,36574,25,1,0,0,0,0.0,0.0,2025-Jan-29-19:56:56.871548
0.7561122308552579,36575,25,1,0,-1,0,0.0,0.0,2025-Jan-29-19:56:56.929545
0.7185205030005031,36576,25,1,0,0,0,0.0,0.0,2025-Jan-29-19:56:56.973264
0.5423573219619376,36577,25,1,0,1,0,1.9000000000000001,0.0,2025-Jan-29-19:56:57.044864
0.7185205030005031,36578,25,1,0,0,0,0.0,0.0,2025-Jan-29-19:56:57.087912
0.7185205030005031,36579,25,1,0,0,0,0.0,0.0,2025-Jan-29-19:56:57.130915
0.7185205030005031,36580,25,1,0,0,0,0.0,0.0,2025-Jan-29-19:56:57.174017
0.5423573219619376,36581,25,1,0,1,0,1.9000000000000001,0.0,2025-Jan-29-19:56:57.245226
0.5423573219619376,36582,25,1,0,1,0,1.9000000000000001,0.0,2025-Jan-29-19:56:57.320274
0.5423573219619376,36583,25,1,0,1,0,1.9000000000000001,0.0,2025-Jan-29-19:56:57.391884
0.7185205030005031,36584,25,1,0,0,0,0.0,0.0,2025-Jan-29-19:56:57.437131
0.5423573219619376,36585,25,1,0,1,0,1.9000000000000001,0.0,2025-Jan-29-19:56:57.508916
0.5423573219619376,36586,25,1,0,1,0,1.9000000000000001,0.0,2025-Jan-29-19:56:57.596834
0.7561122308552579,36587,25,1,0,-1,0,0.0,0.0,2025-Jan-29-19:56:57.683525
0.5423573219619376,36588,25,1,0,1,0,1.9000000000000001,0.0,2025-Jan-29-19:56:57.786371
0.5423573219619376,36589,25,1,0,1,0,1.9000000000000001,0.0,2025-Jan-29-19:56:57.860597
0.5423573219619376,36590,25,1,0,1,0,1.9000000000000001,0.0,2025-Jan-29-19:56:57.934613
0.7185205030005031,36591,25,1,0,0,0,0.0,0.0,2025-Jan-29-19:56:57.979922
0.7561122308552579,36592,25,1,0,-1,0,0.0,0.0,2025-Jan-29-19:56:58.035523
0.5423573219619376,36593,25,1,0,1,0,1.9000000000000001,0.0,2025-Jan-29-19:56:58.107955
0.7185205030005031,36594,25,1,0,0,0,0.0,0.0,2025-Jan-29-19:56:58.151204
0.5423573219619376,36595,25,1,0,1,0,1.9000000000000001,0.0,2025-Jan-29-19:56:58.223053
0.5423573219619376,36596,25,1,0,1,0,1.9000000000000001,0.0,2025-Jan-29-19:56:58.294111
0.5423573219619376,36597,25,1,0,1,0,1.9000000000000001,0.0,2025-Jan-29-19:56:58.369202
0.5423573219619376,36598,25,1,0,1,0,1.9000000000000001,0.0,2025-Jan-29-19:56:58.443607
0.5423573219619376,36599,25,1,0,1,0,1.9000000000000001,0.0,2025-Jan-29-19:56:58.515955
0.5423573219619376,36600,25,1,0,1,0,1.9000000000000001,0.0,2025-Jan-29-19:56:58.612566
0.5423573219619376,36601,25,1,0,1,0,1.9000000000000001,0.0,2025-Jan-29-19:56:58.710293
0.5423573219619376,36602,25,1,0,1,0,1.9000000000000001,0.0,2025-Jan-29-19:56:58.803325
0.5423573219619376,36603,25,1,0,1,0,1.9000000000000001,0.0,2025-Jan-29-19:56:59.168702
0.5423573219619376,36604,25,1,0,1,0,1.9000000000000001,0.0,2025-Jan-29-19:56:59.242476
0.5423573219619376,36605,25,1,0,1,0,1.9000000000000001,0.0,2025-Jan-29-19:56:59.316261
0.5423573219619376,36606,25,1,0,1,0,1.9000000000000001,0.0,2025-Jan-29-19:56:59.388170
0.5423573219619376,36607,25,1,0,1,0,1.9000000000000001,0.0,2025-Jan-29-19:56:59.460080
0.7185205030005031,36608,25,1,0,0,0,0.0,0.0,2025-Jan-29-19:56:59.503724
0.5423573219619376,36609,25,1,0,1,0,1.9000000000000001,0.0,2025-Jan-29-19:56:59.602544
0.7185205030005031,36610,25,1,0,0,0,0.0,0.0,2025-Jan-29-19:56:59.678073
0.5423573219619376,36611,25,1,0,1,0,1.9000000000000001,0.0,2025-Jan-29-19:56:59.793011
0.7185205030005031,36612,25,1,0,0,0,0.0,0.0,2025-Jan-29-19:56:59.839662
0.5423573219619376,36613,25,1,0,1,0,1.9000000000000001,0.0,2025-Jan-29-19:56:59.915511
0.5423573219619376,36614,25,1,0,1,0,1.9000000000000001,0.0,2025-Jan-29-19:56:59.991889
0.7185205030005031,36615,25,1,0,0,0,0.0,0.0,2025-Jan-29-19:57:00.040928
0.5423573219619376,36616,25,1,0,1,0,1.9000000000000001,0.0,2025-Jan-29-19:57:00.116936
0.5423573219619376,36617,25,1,0,1,0,1.9000000000000001,0.0,2025-Jan-29-19:57:00.193475
0.5423573219619376,36618,25,1,0,1,0,1.9000000000000001,0.0,2025-Jan-29-19:57:00.269628
0.5423573219619376,36619,25,1,0,1,0,1.9000000000000001,0.0,2025-Jan-29-19:57:00.344032
0.5423573219619376,36620,25,1,0,1,0,1.9000000000000001,0.0,2025-Jan-29-19:57:00.417546
0.5423573219619376,36621,25,1,0,1,0,1.9000000000000001,0.0,2025-Jan-29-19:57:00.492135
0.5423573219619376,36622,25,1,0,1,0,1.9000000000000001,0.0,2025-Jan-29-19:57:00.592050
0.5423573219619376,36623,25,1,0,1,0,1.9000000000000001,0.0,2025-Jan-29-19:57:00.720204
0.5423573219619376,36624,25,1,0,1,0,1.9000000000000001,0.0,2025-Jan-29-19:57:00.833129
0.7185205030005031,36625,25,1,0,0,0,0.0,0.0,2025-Jan-29-19:57:00.878168
0.5423573219619376,36626,25,1,0,1,0,1.9000000000000001,0.0,2025-Jan-29-19:57:00.949883
0.7185205030005031,36627,25,1,0,0,0,0.0,0.0,2025-Jan-29-19:57:00.993523
0.6298883869405699,36628,25,1,0,1,-1,1.9000000000000001,0.0,2025-Jan-29-19:57:01.078147
0.5423573219619376,36629,25,1,0,1,0,1.9000000000000001,0.0,2025-Jan-29-19:57:01.150882
0.6298883869405699,36630,25,1,0,1,-1,1.9000000000000001,0.0,2025-Jan-29-19:57:01.235721
0.7185205030005031,36631,25,1,0,0,0,0.0,0.0,2025-Jan-29-19:57:01.279938
0.5423573219619376,36632,25,1,0,1,0,1.9000000000000001,0.0,2025-Jan-29-19:57:01.365271
0.7185205030005031,36633,25,1,0,0,0,0.0,0.0,2025-Jan-29-19:57:01.413242
0.7561122308552579,36634,25,1,0,-1,0,0.0,0.0,2025-Jan-29-19:57:01.479158
0.5423573219619376,36635,25,1,0,1,0,1.9000000000000001,0.0,2025-Jan-29-19:57:01.572323
0.7561122308552579,36636,25,1,0,-1,0,0.0,0.0,2025-Jan-29-19:57:01.674158
0.5423573219619376,36637,25,1,0,1,0,1.9000000000000001,0.0,2025-Jan-29-19:57:01.784769
0.5423573219619376,36638,25,1,0,1,0,1.9000000000000001,0.0,2025-Jan-29-19:57:01.866027
0.5423573219619376,36639,25,1,0,1,0,1.9000000000000001,0.0,2025-Jan-29-19:57:01.938471
0.5423573219619376,36640,25,1,0,1,0,1.9000000000000001,0.0,2025-Jan-29-19:57:02.009988
0.5423573219619376,36641,25,1,0,1,0,1.9000000000000001,0.0,2025-Jan-29-19:57:02.083015
0.5423573219619376,36642,25,1,0,1,0,1.9000000000000001,0.0,2025-Jan-29-19:57:02.159473
0.7561122308552579,36643,25,1,0,-1,0,0.0,0.0,2025-Jan-29-19:57:02.223435
0.5423573219619376,36644,25,1,0,1,0,1.9000000000000001,0.0,2025-Jan-29-19:57:02.300263
0.5423573219619376,36645,25,1,0,1,0,1.9000000000000001,0.0,2025-Jan-29-19:57:02.371969
0.5423573219619376,36646,25,1,0,1,0,1.9000000000000001,0.0,2025-Jan-29-19:57:02.443174
0.5423573219619376,36647,25,1,0,1,0,1.9000000000000001,0.0,2025-Jan-29-19:57:02.514480
0.7185205030005031,36648,25,1,0,0,0,0.0,0.0,2025-Jan-29-19:57:02.585879
0.5423573219619376,36649,25,1,0,1,0,1.9000000000000001,0.0,2025-Jan-29-19:57:02.693390
0.7185205030005031,36650,25,1,0,0,0,0.0,0.0,2025-Jan-29-19:57:02.758689
0.7185205030005031,36651,25,1,0,0,0,0.0,0.0,2025-Jan-29-19:57:02.804293
0.7185205030005031,36652,25,1,0,0,0,0.0,0.0,2025-Jan-29-19:57:02.847451
0.5423573219619376,36653,25,1,0,1,0,1.9000000000000001,0.0,2025-Jan-29-19:57:02.921376
0.5423573219619376,36654,25,1,0,1,0,1.9000000000000001,0.0,2025-Jan-29-19:57:02.993129
0.5423573219619376,36655,25,1,0,1,0,1.9000000000000001,0.0,2025-Jan-29-19:57:03.064373
0.5423573219619376,36656,25,1,0,1,0,1.9000000000000001,0.0,2025-Jan-29-19:57:03.135296
0.5423573219619376,36657,25,1,0,1,0,1.9000000000000001,0.0,2025-Jan-29-19:57:03.206495
0.7185205030005031,36658,25,1,0,0,0,0.0,0.0,2025-Jan-29-19:57:03.249573
0.5423573219619376,36659,25,1,0,1,0,1.9000000000000001,0.0,2025-Jan-29-19:57:03.322265
0.7185205030005031,36660,25,1,0,0,0,0.0,0.0,2025-Jan-29-19:57:03.365169
0.5921787662199604,36661,25,1,0,0,1,0.0,1.9000000000000001,2025-Jan-29-19:57:03.436897
0.7185205030005031,36662,25,1,0,0,0,0.0,0.0,2025-Jan-29-19:57:03.479416
0.7185205030005031,36663,25,1,0,0,0,0.0,0.0,2025-Jan-29-19:57:03.522466
0.5921787662199604,36664,25,1,0,0,1,0.0,1.9000000000000001,2025-Jan-29-19:57:03.608982
0.8060591477019475,36665,25,1,0,0,-1,0.0,0.0,2025-Jan-29-19:57:03.691287
0.5921787662199604,36666,25,1,0,0,1,0.0,1.9000000000000001,2025-Jan-29-19:57:03.786891
0.7185205030005031,36667,25,1,0,0,0,0.0,0.0,2025-Jan-29-19:57:03.832645
0.5921787662199604,36668,25,1,0,0,1,0.0,1.9000000000000001,2025-Jan-29-19:57:03.906743
0.7185205030005031,36669,25,1,0,0,0,0.0,0.0,2025-Jan-29-19:57:03.950175
0.5921787662199604,36670,25,1,0,0,1,0.0,1.9000000000000001,2025-Jan-29-19:57:04.021697
0.5921787662199604,36671,25,1,0,0,1,0.0,1.9000000000000001,2025-Jan-29-19:57:04.093044
0.5921787662199604,36672,25,1,0,0,1,0.0,1.9000000000000001,2025-Jan-29-19:57:04.164794
0.8060591477019475,36673,25,1,0,0,-1,0.0,0.0,2025-Jan-29-19:57:04.219992
0.5921787662199604,36674,25,1,0,0,1,0.0,1.9000000000000001,2025-Jan-29-19:57:04.291544
0.8060591477019475,36675,25,1,0,0,-1,0.0,0.0,2025-Jan-29-19:57:04.347801
0.8060591477019475,36676,25,1,0,0,-1,0.0,0.0,2025-Jan-29-19:57:04.403429
0.5921787662199604,36677,25,1,0,0,1,0.0,1.9000000000000001,2025-Jan-29-19:57:04.474733
0.5921787662199604,36678,25,1,0,0,1,0.0,1.9000000000000001,2025-Jan-29-19:57:04.546407
0.8060591477019475,36679,25,1,0,0,-1,0.0,0.0,2025-Jan-29-19:57:04.649420
0.5921787662199604,36680,25,1,0,0,1,0.0,1.9000000000000001,2025-Jan-29-19:57:04.746788
0.5921787662199604,36681,25,1,0,0,1,0.0,1.9000000000000001,2025-Jan-29-19:57:04.825154
0.7185205030005031,36682,25,1,0,0,0,0.0,0.0,2025-Jan-29-19:57:04.868652
0.5921787662199604,36683,25,1,0,0,1,0.0,1.9000000000000001,2025-Jan-29-19:57:04.943118
0.5921787662199604,36684,25,1,0,0,1,0.0,1.9000000000000001,2025-Jan-29-19:57:05.015212
0.5423573219619376,36685,25,1,0,1,0,1.9000000000000001,0.0,2025-Jan-29-19:57:05.086664
0.5423573219619376,36686,25,1,0,1,0,1.9000000000000001,0.0,2025-Jan-29-19:57:05.158357
0.7185205030005031,36687,25,1,0,0,0,0.0,0.0,2025-Jan-29-19:57:05.201356
0.6298883869405699,36688,25,1,0,1,-1,1.9000000000000001,0.0,2025-Jan-29-19:57:05.284716
0.5423573219619376,36689,25,1,0,1,0,1.9000000000000001,0.0,2025-Jan-29-19:57:05.357062
0.7561122308552579,36690,25,1,0,-1,0,0.0,0.0,2025-Jan-29-19:57:05.412446
1.0735211430969913,36691,25,1,1,0,0,0.0,0.0,2025-Jan-29-19:57:05.455424
0.5921787662199604,36692,25,1,0,0,1,0.0,1.9000000000000001,2025-Jan-29-19:57:05.526876
0.5921787662199604,36693,25,1,0,0,1,0.0,1.9000000000000001,2025-Jan-29-19:57:05.620535
1.0735211430969913,36694,25,1,1,0,0,0.0,0.0,2025-Jan-29-19:57:05.690983
0.5921787662199604,36695,25,1,0,0,1,0.0,1.9000000000000001,2025-Jan-29-19:57:05.782766
0.5921787662199604,36696,25,1,0,0,1,0.0,1.9000000000000001,2025-Jan-29-19:57:05.856031
0.5423573219619376,36697,25,1,0,1,0,1.9000000000000001,0.0,2025-Jan-29-19:57:05.927800
0.4160201626761834,36698,25,1,0,1,1,1.9000000000000001,1.9000000000000001,2025-Jan-29-19:57:06.022031
0.629780506117975,36699,25,1,0,-1,1,0.0,1.9000000000000001,2025-Jan-29-19:57:06.106726
1.0735211430969913,36700,25,1,1,0,0,0.0,0.0,2025-Jan-29-19:57:06.149758
0.9760242519712691,36701,25,1,1,-1,1,0.0,1.9000000000000001,2025-Jan-29-19:57:06.233129
0.7185205030005031,36702,25,1,0,0,0,0.0,0.0,2025-Jan-29-19:57:06.276392
0.7185205030005031,36703,25,1,0,0,0,0.0,0.0,2025-Jan-29-19:57:06.320643
0.5921787662199604,36704,25,1,0,0,1,0.0,1.9000000000000001,2025-Jan-29-19:57:06.392891
0.5921787662199604,36705,25,1,0,0,1,0.0,1.9000000000000001,2025-Jan-29-19:57:06.464480
0.5423573219619376,36706,25,1,0,1,0,1.9000000000000001,0.0,2025-Jan-29-19:57:06.852409
0.8973579620796409,36707,25,1,1,1,0,1.9000000000000001,0.0,2025-Jan-29-19:57:06.965490
0.7185205030005031,36708,25,1,0,0,0,0.0,0.0,2025-Jan-29-19:57:07.013230
0.5423573219619376,36709,25,1,0,1,0,1.9000000000000001,0.0,2025-Jan-29-19:57:07.085726
0.8436562666978078,36710,25,1,0,-1,-1,0.0,0.0,2025-Jan-29-19:57:07.153833
0.6298883869405699,36711,25,1,0,1,-1,1.9000000000000001,0.0,2025-Jan-29-19:57:07.238062
0.4160201626761834,36712,25,1,0,1,1,1.9000000000000001,1.9000000000000001,2025-Jan-29-19:57:07.335950
0.7185205030005031,36713,25,1,0,0,0,0.0,0.0,2025-Jan-29-19:57:07.379296
1.1111128709475113,36714,25,1,1,-1,0,0.0,0.0,2025-Jan-29-19:57:07.434768
0.9471794063316156,36715,25,1,1,0,1,0.0,1.9000000000000001,2025-Jan-29-19:57:07.506464
0.629780506117975,36716,25,1,0,-1,1,0.0,1.9000000000000001,2025-Jan-29-19:57:07.590346
0.7561122308552579,36717,25,1,0,-1,0,0.0,0.0,2025-Jan-29-19:57:07.645697
0.7561122308552579,36718,25,1,0,-1,0,0.0,0.0,2025-Jan-29-19:57:07.701208
0.5423573219619376,36719,25,1,0,1,0,1.9000000000000001,0.0,2025-Jan-29-19:57:07.792029
0.8973579620796409,36720,25,1,1,1,0,1.9000000000000001,0.0,2025-Jan-29-19:57:07.908573
0.5423573219619376,36721,25,1,0,1,0,1.9000000000000001,0.0,2025-Jan-29-19:57:07.983755
1.0735211430969913,36722,25,1,1,0,0,0.0,0.0,2025-Jan-29-19:57:08.030161
0.8060591477019475,36723,25,1,0,0,-1,0.0,0.0,2025-Jan-29-19:57:08.087118
0.4160201626761834,36724,25,1,0,1,1,1.9000000000000001,1.9000000000000001,2025-Jan-29-19:57:08.182553
0.5423573219619376,36725,25,1,0,1,0,1.9000000000000001,0.0,2025-Jan-29-19:57:08.254310
0.5423573219619376,36726,25,1,0,1,0,1.9000000000000001,0.0,2025-Jan-29-19:57:08.326294
0.7561122308552579,36727,25,1,0,-1,0,0.0,0.0,2025-Jan-29-19:57:08.382070
0.5423573219619376,36728,25,1,0,1,0,1.9000000000000001,0.0,2025-Jan-29-19:57:08.453377
0.5423573219619376,36729,25,1,0,1,0,1.9000000000000001,0.0,2025-Jan-29-19:57:08.524709
0.7185205030005031,36730,25,1,0,0,0,0.0,0.0,2025-Jan-29-19:57:08.567815
0.4160201626761834,36731,25,1,0,1,1,1.9000000000000001,1.9000000000000001,2025-Jan-29-19:57:08.663260
0.5423573219619376,36732,25,1,0,1,0,1.9000000000000001,0.0,2025-Jan-29-19:57:08.780574
0.7561122308552579,36733,25,1,0,-1,0,0.0,0.0,2025-Jan-29-19:57:08.874953
0.5423573219619376,36734,25,1,0,1,0,1.9000000000000001,0.0,2025-Jan-29-19:57:08.955957
