Cost,Sim,Switch_State_Indx,Gen1_on,Gen2_on,Batt1_mode,Batt2_mode,Batt1_power_kW,Batt2_power_kW,Timestamp
1.161059787788528,17094,25,1,1,0,-1,0.0,0.0,2025-Jan-29-19:33:03.505435
0.8436562666978078,17095,25,1,0,-1,-1,0.0,0.0,2025-Jan-29-19:33:03.611043
1.161059787788528,17096,25,1,1,0,-1,0.0,0.0,2025-Jan-29-19:33:03.711613
0.7185205030005031,17097,25,1,0,0,0,0.0,0.0,2025-Jan-29-19:33:03.782328
0.7185205030005031,17098,25,1,0,0,0,0.0,0.0,2025-Jan-29-19:33:03.828848
0.7185205030005031,17099,25,1,0,0,0,0.0,0.0,2025-Jan-29-19:33:03.872612
0.7710208028095181,17100,25,1,1,1,1,1.9000000000000001,1.9000000000000001,2025-Jan-29-19:33:03.976975
0.7185205030005031,17101,25,1,0,0,0,0.0,0.0,2025-Jan-29-19:33:04.025592
1.1111128709475113,17102,25,1,1,-1,0,0.0,0.0,2025-Jan-29-19:33:04.090738
0.7185205030005031,17103,25,1,0,0,0,0.0,0.0,2025-Jan-29-19:33:04.139091
0.8436562666978078,17104,25,1,0,-1,-1,0.0,0.0,2025-Jan-29-19:33:04.208335
0.4160201626761834,17105,25,1,0,1,1,1.9000000000000001,1.9000000000000001,2025-Jan-29-19:33:04.305290
0.7561122308552579,17106,25,1,0,-1,0,0.0,0.0,2025-Jan-29-19:33:04.361150
1.0735211430969913,17107,25,1,1,0,0,0.0,0.0,2025-Jan-29-19:33:04.404408
1.0735211430969913,17108,25,1,1,0,0,0.0,0.0,2025-Jan-29-19:33:04.447499
0.7561122308552579,17109,25,1,0,-1,0,0.0,0.0,2025-Jan-29-19:33:04.502961
0.8973579620796409,17110,25,1,1,1,0,1.9000000000000001,0.0,2025-Jan-29-19:33:04.599025
0.8973579620796409,17111,25,1,1,1,0,1.9000000000000001,0.0,2025-Jan-29-19:33:04.713057
0.5423573219619376,17112,25,1,0,1,0,1.9000000000000001,0.0,2025-Jan-29-19:33:04.808035
0.7185205030005031,17113,25,1,0,0,0,0.0,0.0,2025-Jan-29-19:33:04.852435
1.0735211430969913,17114,25,1,1,0,0,0.0,0.0,2025-Jan-29-19:33:04.895418
0.629780506117975,17115,25,1,0,-1,1,0.0,1.9000000000000001,2025-Jan-29-19:33:04.979251
1.0735211430969913,17116,25,1,1,0,0,0.0,0.0,2025-Jan-29-19:33:05.022594
0.5921787662199604,17117,25,1,0,0,1,0.0,1.9000000000000001,2025-Jan-29-19:33:05.095310
1.1111128709475113,17118,25,1,1,-1,0,0.0,0.0,2025-Jan-29-19:33:05.151258
0.7561122308552579,17119,25,1,0,-1,0,0.0,0.0,2025-Jan-29-19:33:05.207065
0.7185205030005031,17120,25,1,0,0,0,0.0,0.0,2025-Jan-29-19:33:05.249808
0.629780506117975,17121,25,1,0,-1,1,0.0,1.9000000000000001,2025-Jan-29-19:33:05.333216
0.7710208028095181,17122,25,1,1,1,1,1.9000000000000001,1.9000000000000001,2025-Jan-29-19:33:05.427076
1.0735211430969913,17123,25,1,1,0,0,0.0,0.0,2025-Jan-29-19:33:05.469999
0.8060591477019475,17124,25,1,0,0,-1,0.0,0.0,2025-Jan-29-19:33:05.525212
0.4160201626761834,17125,25,1,0,1,1,1.9000000000000001,1.9000000000000001,2025-Jan-29-19:33:05.643799
0.9471794063316156,17126,25,1,1,0,1,0.0,1.9000000000000001,2025-Jan-29-19:33:05.740636
1.0735211430969913,17127,25,1,1,0,0,0.0,0.0,2025-Jan-29-19:33:05.786473
0.6298883869405699,17128,25,1,0,1,-1,1.9000000000000001,0.0,2025-Jan-29-19:33:05.870698
0.7185205030005031,17129,25,1,0,0,0,0.0,0.0,2025-Jan-29-19:33:05.916436
1.1986569067802102,17130,25,1,1,-1,-1,0.0,0.0,2025-Jan-29-19:33:05.985531
0.7561122308552579,17131,25,1,0,-1,0,0.0,0.0,2025-Jan-29-19:33:06.041923
0.7561122308552579,17132,25,1,0,-1,0,0.0,0.0,2025-Jan-29-19:33:06.098867
0.5921787662199604,17133,25,1,0,0,1,0.0,1.9000000000000001,2025-Jan-29-19:33:06.171655
1.0735211430969913,17134,25,1,1,0,0,0.0,0.0,2025-Jan-29-19:33:06.214964
0.8973579620796409,17135,25,1,1,1,0,1.9000000000000001,0.0,2025-Jan-29-19:33:06.286192
0.8973579620796409,17136,25,1,1,1,0,1.9000000000000001,0.0,2025-Jan-29-19:33:06.357806
0.7561122308552579,17137,25,1,0,-1,0,0.0,0.0,2025-Jan-29-19:33:06.413452
0.5423573219619376,17138,25,1,0,1,0,1.9000000000000001,0.0,2025-Jan-29-19:33:06.484617
0.7185205030005031,17139,25,1,0,0,0,0.0,0.0,2025-Jan-29-19:33:06.528688
0.8060591477019475,17140,25,1,0,0,-1,0.0,0.0,2025-Jan-29-19:33:06.602302
0.7561122308552579,17141,25,1,0,-1,0,0.0,0.0,2025-Jan-29-19:33:06.870637
0.7561122308552579,17142,25,1,0,-1,0,0.0,0.0,2025-Jan-29-19:33:06.956725
0.5423573219619376,17143,25,1,0,1,0,1.9000000000000001,0.0,2025-Jan-29-19:33:07.031419
0.7710208028095181,17144,25,1,1,1,1,1.9000000000000001,1.9000000000000001,2025-Jan-29-19:33:07.130732
0.8436562666978078,17145,25,1,0,-1,-1,0.0,0.0,2025-Jan-29-19:33:07.199184
1.161059787788528,17146,25,1,1,0,-1,0.0,0.0,2025-Jan-29-19:33:07.254737
0.7185205030005031,17147,25,1,0,0,0,0.0,0.0,2025-Jan-29-19:33:07.300816
0.7185205030005031,17148,25,1,0,0,0,0.0,0.0,2025-Jan-29-19:33:07.346129
0.7185205030005031,17149,25,1,0,0,0,0.0,0.0,2025-Jan-29-19:33:07.389469
1.1111128709475113,17150,25,1,1,-1,0,0.0,0.0,2025-Jan-29-19:33:07.445164
0.7185205030005031,17151,25,1,0,0,0,0.0,0.0,2025-Jan-29-19:33:07.488498
0.8973579620796409,17152,25,1,1,1,0,1.9000000000000001,0.0,2025-Jan-29-19:33:07.566096
0.5423573219619376,17153,25,1,0,1,0,1.9000000000000001,0.0,2025-Jan-29-19:33:07.667072
0.8060591477019475,17154,25,1,0,0,-1,0.0,0.0,2025-Jan-29-19:33:07.755493
0.5921787662199604,17155,25,1,0,0,1,0.0,1.9000000000000001,2025-Jan-29-19:33:07.831730
0.7561122308552579,17156,25,1,0,-1,0,0.0,0.0,2025-Jan-29-19:33:07.888114
0.7561122308552579,17157,25,1,0,-1,0,0.0,0.0,2025-Jan-29-19:33:07.944044
1.0735211430969913,17158,25,1,1,0,0,0.0,0.0,2025-Jan-29-19:33:07.994997
0.8060591477019475,17159,25,1,0,0,-1,0.0,0.0,2025-Jan-29-19:33:08.050076
0.6298883869405699,17160,25,1,0,1,-1,1.9000000000000001,0.0,2025-Jan-29-19:33:08.136334
0.8973579620796409,17161,25,1,1,1,0,1.9000000000000001,0.0,2025-Jan-29-19:33:08.212739
0.5423573219619376,17162,25,1,0,1,0,1.9000000000000001,0.0,2025-Jan-29-19:33:08.288826
0.5921787662199604,17163,25,1,0,0,1,0.0,1.9000000000000001,2025-Jan-29-19:33:08.364320
0.8973579620796409,17164,25,1,1,1,0,1.9000000000000001,0.0,2025-Jan-29-19:33:08.441956
0.8973579620796409,17165,25,1,1,1,0,1.9000000000000001,0.0,2025-Jan-29-19:33:08.518467
1.0735211430969913,17166,25,1,1,0,0,0.0,0.0,2025-Jan-29-19:33:08.592344
0.7561122308552579,17167,25,1,0,-1,0,0.0,0.0,2025-Jan-29-19:33:08.682221
1.1111128709475113,17168,25,1,1,-1,0,0.0,0.0,2025-Jan-29-19:33:08.780241
0.8973579620796409,17169,25,1,1,1,0,1.9000000000000001,0.0,2025-Jan-29-19:33:08.864160
0.7185205030005031,17170,25,1,0,0,0,0.0,0.0,2025-Jan-29-19:33:08.911102
0.8436562666978078,17171,25,1,0,-1,-1,0.0,0.0,2025-Jan-29-19:33:08.982443
0.5921787662199604,17172,25,1,0,0,1,0.0,1.9000000000000001,2025-Jan-29-19:33:09.058456
0.5423573219619376,17173,25,1,0,1,0,1.9000000000000001,0.0,2025-Jan-29-19:33:09.134403
0.8060591477019475,17174,25,1,0,0,-1,0.0,0.0,2025-Jan-29-19:33:09.192794
0.5423573219619376,17175,25,1,0,1,0,1.9000000000000001,0.0,2025-Jan-29-19:33:09.268415
0.5921787662199604,17176,25,1,0,0,1,0.0,1.9000000000000001,2025-Jan-29-19:33:09.342893
1.0735211430969913,17177,25,1,1,0,0,0.0,0.0,2025-Jan-29-19:33:09.387839
0.7185205030005031,17178,25,1,0,0,0,0.0,0.0,2025-Jan-29-19:33:09.433294
0.5423573219619376,17179,25,1,0,1,0,1.9000000000000001,0.0,2025-Jan-29-19:33:09.509408
0.8436562666978078,17180,25,1,0,-1,-1,0.0,0.0,2025-Jan-29-19:33:09.627417
0.7185205030005031,17181,25,1,0,0,0,0.0,0.0,2025-Jan-29-19:33:09.695846
0.5423573219619376,17182,25,1,0,1,0,1.9000000000000001,0.0,2025-Jan-29-19:33:09.800518
0.7561122308552579,17183,25,1,0,-1,0,0.0,0.0,2025-Jan-29-19:33:09.860566
0.7561122308552579,17184,25,1,0,-1,0,0.0,0.0,2025-Jan-29-19:33:09.916570
0.5423573219619376,17185,25,1,0,1,0,1.9000000000000001,0.0,2025-Jan-29-19:33:09.990211
1.1111128709475113,17186,25,1,1,-1,0,0.0,0.0,2025-Jan-29-19:33:10.047104
0.7561122308552579,17187,25,1,0,-1,0,0.0,0.0,2025-Jan-29-19:33:10.105349
0.5921787662199604,17188,25,1,0,0,1,0.0,1.9000000000000001,2025-Jan-29-19:33:10.180542
0.4160201626761834,17189,25,1,0,1,1,1.9000000000000001,1.9000000000000001,2025-Jan-29-19:33:10.280903
0.7561122308552579,17190,25,1,0,-1,0,0.0,0.0,2025-Jan-29-19:33:10.336731
0.8973579620796409,17191,25,1,1,1,0,1.9000000000000001,0.0,2025-Jan-29-19:33:10.408592
0.7185205030005031,17192,25,1,0,0,0,0.0,0.0,2025-Jan-29-19:33:10.452937
0.5423573219619376,17193,25,1,0,1,0,1.9000000000000001,0.0,2025-Jan-29-19:33:10.525361
1.0735211430969913,17194,25,1,1,0,0,0.0,0.0,2025-Jan-29-19:33:10.587588
0.7561122308552579,17195,25,1,0,-1,0,0.0,0.0,2025-Jan-29-19:33:10.684440
1.1986569067802102,17196,25,1,1,-1,-1,0.0,0.0,2025-Jan-29-19:33:10.789562
1.161059787788528,17197,25,1,1,0,-1,0.0,0.0,2025-Jan-29-19:33:10.853361
1.0735211430969913,17198,25,1,1,0,0,0.0,0.0,2025-Jan-29-19:33:10.899674
0.629780506117975,17199,25,1,0,-1,1,0.0,1.9000000000000001,2025-Jan-29-19:33:10.987994
1.1111128709475113,17200,25,1,1,-1,0,0.0,0.0,2025-Jan-29-19:33:11.045531
1.0735211430969913,17201,25,1,1,0,0,0.0,0.0,2025-Jan-29-19:33:11.089048
1.1111128709475113,17202,25,1,1,-1,0,0.0,0.0,2025-Jan-29-19:33:11.148222
0.7561122308552579,17203,25,1,0,-1,0,0.0,0.0,2025-Jan-29-19:33:11.203790
0.7185205030005031,17204,25,1,0,0,0,0.0,0.0,2025-Jan-29-19:33:11.249191
0.7561122308552579,17205,25,1,0,-1,0,0.0,0.0,2025-Jan-29-19:33:11.305121
0.7185205030005031,17206,25,1,0,0,0,0.0,0.0,2025-Jan-29-19:33:11.348919
0.7185205030005031,17207,25,1,0,0,0,0.0,0.0,2025-Jan-29-19:33:11.392162
0.7185205030005031,17208,25,1,0,0,0,0.0,0.0,2025-Jan-29-19:33:11.435494
0.8060591477019475,17209,25,1,0,0,-1,0.0,0.0,2025-Jan-29-19:33:11.491779
0.7185205030005031,17210,25,1,0,0,0,0.0,0.0,2025-Jan-29-19:33:11.535608
1.1111128709475113,17211,25,1,1,-1,0,0.0,0.0,2025-Jan-29-19:33:11.611533
0.5423573219619376,17212,25,1,0,1,0,1.9000000000000001,0.0,2025-Jan-29-19:33:11.717449
0.8060591477019475,17213,25,1,0,0,-1,0.0,0.0,2025-Jan-29-19:33:11.795322
0.4160201626761834,17214,25,1,0,1,1,1.9000000000000001,1.9000000000000001,2025-Jan-29-19:33:11.893058
0.7561122308552579,17215,25,1,0,-1,0,0.0,0.0,2025-Jan-29-19:33:11.951962
0.5921787662199604,17216,25,1,0,0,1,0.0,1.9000000000000001,2025-Jan-29-19:33:12.025518
0.629780506117975,17217,25,1,0,-1,1,0.0,1.9000000000000001,2025-Jan-29-19:33:12.114019
0.7710208028095181,17218,25,1,1,1,1,1.9000000000000001,1.9000000000000001,2025-Jan-29-19:33:12.388025
0.7185205030005031,17219,25,1,0,0,0,0.0,0.0,2025-Jan-29-19:33:12.433046
0.5423573219619376,17220,25,1,0,1,0,1.9000000000000001,0.0,2025-Jan-29-19:33:12.505756
0.7185205030005031,17221,25,1,0,0,0,0.0,0.0,2025-Jan-29-19:33:12.568698
1.0735211430969913,17222,25,1,1,0,0,0.0,0.0,2025-Jan-29-19:33:12.649009
0.8973579620796409,17223,25,1,1,1,0,1.9000000000000001,0.0,2025-Jan-29-19:33:12.755756
0.629780506117975,17224,25,1,0,-1,1,0.0,1.9000000000000001,2025-Jan-29-19:33:12.847666
0.629780506117975,17225,25,1,0,-1,1,0.0,1.9000000000000001,2025-Jan-29-19:33:12.932284
0.5423573219619376,17226,25,1,0,1,0,1.9000000000000001,0.0,2025-Jan-29-19:33:13.005248
0.8973579620796409,17227,25,1,1,1,0,1.9000000000000001,0.0,2025-Jan-29-19:33:13.077458
0.7561122308552579,17228,25,1,0,-1,0,0.0,0.0,2025-Jan-29-19:33:13.138796
0.7185205030005031,17229,25,1,0,0,0,0.0,0.0,2025-Jan-29-19:33:13.182718
0.7185205030005031,17230,25,1,0,0,0,0.0,0.0,2025-Jan-29-19:33:13.226852
0.5921787662199604,17231,25,1,0,0,1,0.0,1.9000000000000001,2025-Jan-29-19:33:13.298911
0.5423573219619376,17232,25,1,0,1,0,1.9000000000000001,0.0,2025-Jan-29-19:33:13.371399
0.7185205030005031,17233,25,1,0,0,0,0.0,0.0,2025-Jan-29-19:33:13.414837
0.7185205030005031,17234,25,1,0,0,0,0.0,0.0,2025-Jan-29-19:33:13.458206
0.8060591477019475,17235,25,1,0,0,-1,0.0,0.0,2025-Jan-29-19:33:13.513832
1.0735211430969913,17236,25,1,1,0,0,0.0,0.0,2025-Jan-29-19:33:13.587352
0.6298883869405699,17237,25,1,0,1,-1,1.9000000000000001,0.0,2025-Jan-29-19:33:13.714190
0.5423573219619376,17238,25,1,0,1,0,1.9000000000000001,0.0,2025-Jan-29-19:33:13.811266
0.4160201626761834,17239,25,1,0,1,1,1.9000000000000001,1.9000000000000001,2025-Jan-29-19:33:13.908513
0.7185205030005031,17240,25,1,0,0,0,0.0,0.0,2025-Jan-29-19:33:13.953045
0.5921787662199604,17241,25,1,0,0,1,0.0,1.9000000000000001,2025-Jan-29-19:33:14.025055
0.5921787662199604,17242,25,1,0,0,1,0.0,1.9000000000000001,2025-Jan-29-19:33:14.102427
0.5423573219619376,17243,25,1,0,1,0,1.9000000000000001,0.0,2025-Jan-29-19:33:14.177251
0.5423573219619376,17244,25,1,0,1,0,1.9000000000000001,0.0,2025-Jan-29-19:33:14.249467
0.5423573219619376,17245,25,1,0,1,0,1.9000000000000001,0.0,2025-Jan-29-19:33:14.321188
0.7185205030005031,17246,25,1,0,0,0,0.0,0.0,2025-Jan-29-19:33:14.364364
0.5921787662199604,17247,25,1,0,0,1,0.0,1.9000000000000001,2025-Jan-29-19:33:14.436298
0.4160201626761834,17248,25,1,0,1,1,1.9000000000000001,1.9000000000000001,2025-Jan-29-19:33:14.530790
0.7561122308552579,17249,25,1,0,-1,0,0.0,0.0,2025-Jan-29-19:33:14.613130
0.7561122308552579,17250,25,1,0,-1,0,0.0,0.0,2025-Jan-29-19:33:14.700721
0.5921787662199604,17251,25,1,0,0,1,0.0,1.9000000000000001,2025-Jan-29-19:33:14.806574
0.7185205030005031,17252,25,1,0,0,0,0.0,0.0,2025-Jan-29-19:33:14.851178
0.8060591477019475,17253,25,1,0,0,-1,0.0,0.0,2025-Jan-29-19:33:14.907013
1.1986569067802102,17254,25,1,1,-1,-1,0.0,0.0,2025-Jan-29-19:33:14.974956
1.161059787788528,17255,25,1,1,0,-1,0.0,0.0,2025-Jan-29-19:33:15.031911
1.0735211430969913,17256,25,1,1,0,0,0.0,0.0,2025-Jan-29-19:33:15.076795
1.0735211430969913,17257,25,1,1,0,0,0.0,0.0,2025-Jan-29-19:33:15.122515
0.7561122308552579,17258,25,1,0,-1,0,0.0,0.0,2025-Jan-29-19:33:15.179598
0.8973579620796409,17259,25,1,1,1,0,1.9000000000000001,0.0,2025-Jan-29-19:33:15.252752
0.6298883869405699,17260,25,1,0,1,-1,1.9000000000000001,0.0,2025-Jan-29-19:33:15.337520
0.7561122308552579,17261,25,1,0,-1,0,0.0,0.0,2025-Jan-29-19:33:15.393332
0.8060591477019475,17262,25,1,0,0,-1,0.0,0.0,2025-Jan-29-19:33:15.448774
0.7185205030005031,17263,25,1,0,0,0,0.0,0.0,2025-Jan-29-19:33:15.492086
0.7185205030005031,17264,25,1,0,0,0,0.0,0.0,2025-Jan-29-19:33:15.536491
0.7185205030005031,17265,25,1,0,0,0,0.0,0.0,2025-Jan-29-19:33:15.597195
0.7185205030005031,17266,25,1,0,0,0,0.0,0.0,2025-Jan-29-19:33:15.666997
0.7710208028095181,17267,25,1,1,1,1,1.9000000000000001,1.9000000000000001,2025-Jan-29-19:33:15.805905
0.5423573219619376,17268,25,1,0,1,0,1.9000000000000001,0.0,2025-Jan-29-19:33:15.880103
0.7185205030005031,17269,25,1,0,0,0,0.0,0.0,2025-Jan-29-19:33:15.926347
0.4160201626761834,17270,25,1,0,1,1,1.9000000000000001,1.9000000000000001,2025-Jan-29-19:33:16.022290
0.7561122308552579,17271,25,1,0,-1,0,0.0,0.0,2025-Jan-29-19:33:16.082193
1.1111128709475113,17272,25,1,1,-1,0,0.0,0.0,2025-Jan-29-19:33:16.141052
0.629780506117975,17273,25,1,0,-1,1,0.0,1.9000000000000001,2025-Jan-29-19:33:16.226913
0.4160201626761834,17274,25,1,0,1,1,1.9000000000000001,1.9000000000000001,2025-Jan-29-19:33:16.321829
0.6298883869405699,17275,25,1,0,1,-1,1.9000000000000001,0.0,2025-Jan-29-19:33:16.406983
0.7561122308552579,17276,25,1,0,-1,0,0.0,0.0,2025-Jan-29-19:33:16.463994
0.7185205030005031,17277,25,1,0,0,0,0.0,0.0,2025-Jan-29-19:33:16.507288
0.7185205030005031,17278,25,1,0,0,0,0.0,0.0,2025-Jan-29-19:33:16.566588
0.629780506117975,17279,25,1,0,-1,1,0.0,1.9000000000000001,2025-Jan-29-19:33:16.690804
0.7185205030005031,17280,25,1,0,0,0,0.0,0.0,2025-Jan-29-19:33:16.763000
0.7185205030005031,17281,25,1,0,0,0,0.0,0.0,2025-Jan-29-19:33:16.810797
0.7185205030005031,17282,25,1,0,0,0,0.0,0.0,2025-Jan-29-19:33:16.854425
1.0735211430969913,17283,25,1,1,0,0,0.0,0.0,2025-Jan-29-19:33:16.897783
0.5921787662199604,17284,25,1,0,0,1,0.0,1.9000000000000001,2025-Jan-29-19:33:16.972270
0.7185205030005031,17285,25,1,0,0,0,0.0,0.0,2025-Jan-29-19:33:17.015897
0.629780506117975,17286,25,1,0,-1,1,0.0,1.9000000000000001,2025-Jan-29-19:33:17.109040
0.5423573219619376,17287,25,1,0,1,0,1.9000000000000001,0.0,2025-Jan-29-19:33:17.195297
1.0735211430969913,17288,25,1,1,0,0,0.0,0.0,2025-Jan-29-19:33:17.420043
0.7185205030005031,17289,25,1,0,0,0,0.0,0.0,2025-Jan-29-19:33:17.464322
0.7185205030005031,17290,25,1,0,0,0,0.0,0.0,2025-Jan-29-19:33:17.508589
0.5921787662199604,17291,25,1,0,0,1,0.0,1.9000000000000001,2025-Jan-29-19:33:17.601117
1.0735211430969913,17292,25,1,1,0,0,0.0,0.0,2025-Jan-29-19:33:17.676594
0.5423573219619376,17293,25,1,0,1,0,1.9000000000000001,0.0,2025-Jan-29-19:33:17.765619
0.7185205030005031,17294,25,1,0,0,0,0.0,0.0,2025-Jan-29-19:33:17.811156
0.4160201626761834,17295,25,1,0,1,1,1.9000000000000001,1.9000000000000001,2025-Jan-29-19:33:17.907130
0.7185205030005031,17296,25,1,0,0,0,0.0,0.0,2025-Jan-29-19:33:17.950482
0.629780506117975,17297,25,1,0,-1,1,0.0,1.9000000000000001,2025-Jan-29-19:33:18.035512
0.7185205030005031,17298,25,1,0,0,0,0.0,0.0,2025-Jan-29-19:33:18.081052
0.7185205030005031,17299,25,1,0,0,0,0.0,0.0,2025-Jan-29-19:33:18.126336
0.5423573219619376,17300,25,1,0,1,0,1.9000000000000001,0.0,2025-Jan-29-19:33:18.200250
0.5423573219619376,17301,25,1,0,1,0,1.9000000000000001,0.0,2025-Jan-29-19:33:18.272418
0.7185205030005031,17302,25,1,0,0,0,0.0,0.0,2025-Jan-29-19:33:18.315518
0.5423573219619376,17303,25,1,0,1,0,1.9000000000000001,0.0,2025-Jan-29-19:33:18.388093
0.4160201626761834,17304,25,1,0,1,1,1.9000000000000001,1.9000000000000001,2025-Jan-29-19:33:18.485755
0.7185205030005031,17305,25,1,0,0,0,0.0,0.0,2025-Jan-29-19:33:18.529416
0.7185205030005031,17306,25,1,0,0,0,0.0,0.0,2025-Jan-29-19:33:18.583884
0.7185205030005031,17307,25,1,0,0,0,0.0,0.0,2025-Jan-29-19:33:18.655788
0.5423573219619376,17308,25,1,0,1,0,1.9000000000000001,0.0,2025-Jan-29-19:33:18.750883
0.5921787662199604,17309,25,1,0,0,1,0.0,1.9000000000000001,2025-Jan-29-19:33:18.829874
0.7185205030005031,17310,25,1,0,0,0,0.0,0.0,2025-Jan-29-19:33:18.874479
0.6298883869405699,17311,25,1,0,1,-1,1.9000000000000001,0.0,2025-Jan-29-19:33:18.963718
0.7561122308552579,17312,25,1,0,-1,0,0.0,0.0,2025-Jan-29-19:33:19.020330
0.7185205030005031,17313,25,1,0,0,0,0.0,0.0,2025-Jan-29-19:33:19.063974
0.7185205030005031,17314,25,1,0,0,0,0.0,0.0,2025-Jan-29-19:33:19.110861
0.7185205030005031,17315,25,1,0,0,0,0.0,0.0,2025-Jan-29-19:33:19.156717
0.5423573219619376,17316,25,1,0,1,0,1.9000000000000001,0.0,2025-Jan-29-19:33:19.229428
0.7185205030005031,17317,25,1,0,0,0,0.0,0.0,2025-Jan-29-19:33:19.273159
0.5921787662199604,17318,25,1,0,0,1,0.0,1.9000000000000001,2025-Jan-29-19:33:19.344990
0.7561122308552579,17319,25,1,0,-1,0,0.0,0.0,2025-Jan-29-19:33:19.401373
0.7185205030005031,17320,25,1,0,0,0,0.0,0.0,2025-Jan-29-19:33:19.445095
0.4160201626761834,17321,25,1,0,1,1,1.9000000000000001,1.9000000000000001,2025-Jan-29-19:33:19.539983
0.7561122308552579,17322,25,1,0,-1,0,0.0,0.0,2025-Jan-29-19:33:19.632917
0.5921787662199604,17323,25,1,0,0,1,0.0,1.9000000000000001,2025-Jan-29-19:33:19.744693
0.629780506117975,17324,25,1,0,-1,1,0.0,1.9000000000000001,2025-Jan-29-19:33:19.839870
0.5921787662199604,17325,25,1,0,0,1,0.0,1.9000000000000001,2025-Jan-29-19:33:19.911864
0.8060591477019475,17326,25,1,0,0,-1,0.0,0.0,2025-Jan-29-19:33:19.970800
0.5423573219619376,17327,25,1,0,1,0,1.9000000000000001,0.0,2025-Jan-29-19:33:20.044221
0.5423573219619376,17328,25,1,0,1,0,1.9000000000000001,0.0,2025-Jan-29-19:33:20.119541
0.7185205030005031,17329,25,1,0,0,0,0.0,0.0,2025-Jan-29-19:33:20.166760
0.7185205030005031,17330,25,1,0,0,0,0.0,0.0,2025-Jan-29-19:33:20.210849
0.8060591477019475,17331,25,1,0,0,-1,0.0,0.0,2025-Jan-29-19:33:20.266990
0.7185205030005031,17332,25,1,0,0,0,0.0,0.0,2025-Jan-29-19:33:20.310841
0.5423573219619376,17333,25,1,0,1,0,1.9000000000000001,0.0,2025-Jan-29-19:33:20.383100
0.8973579620796409,17334,25,1,1,1,0,1.9000000000000001,0.0,2025-Jan-29-19:33:20.455118
0.5921787662199604,17335,25,1,0,0,1,0.0,1.9000000000000001,2025-Jan-29-19:33:20.526680
0.7185205030005031,17336,25,1,0,0,0,0.0,0.0,2025-Jan-29-19:33:20.587136
0.7561122308552579,17337,25,1,0,-1,0,0.0,0.0,2025-Jan-29-19:33:20.671586
0.7561122308552579,17338,25,1,0,-1,0,0.0,0.0,2025-Jan-29-19:33:20.759153
0.5423573219619376,17339,25,1,0,1,0,1.9000000000000001,0.0,2025-Jan-29-19:33:20.833004
0.7185205030005031,17340,25,1,0,0,0,0.0,0.0,2025-Jan-29-19:33:20.877637
0.7561122308552579,17341,25,1,0,-1,0,0.0,0.0,2025-Jan-29-19:33:20.935115
0.5921787662199604,17342,25,1,0,0,1,0.0,1.9000000000000001,2025-Jan-29-19:33:21.008170
1.0735211430969913,17343,25,1,1,0,0,0.0,0.0,2025-Jan-29-19:33:21.051580
0.5423573219619376,17344,25,1,0,1,0,1.9000000000000001,0.0,2025-Jan-29-19:33:21.125497
0.5423573219619376,17345,25,1,0,1,0,1.9000000000000001,0.0,2025-Jan-29-19:33:21.198799
0.7561122308552579,17346,25,1,0,-1,0,0.0,0.0,2025-Jan-29-19:33:21.254791
0.7185205030005031,17347,25,1,0,0,0,0.0,0.0,2025-Jan-29-19:33:21.298168
0.5423573219619376,17348,25,1,0,1,0,1.9000000000000001,0.0,2025-Jan-29-19:33:21.370107
0.7185205030005031,17349,25,1,0,0,0,0.0,0.0,2025-Jan-29-19:33:21.414395
0.5423573219619376,17350,25,1,0,1,0,1.9000000000000001,0.0,2025-Jan-29-19:33:21.486537
0.5423573219619376,17351,25,1,0,1,0,1.9000000000000001,0.0,2025-Jan-29-19:33:21.575740
0.7185205030005031,17352,25,1,0,0,0,0.0,0.0,2025-Jan-29-19:33:21.651104
0.7185205030005031,17353,25,1,0,0,0,0.0,0.0,2025-Jan-29-19:33:21.729529
0.7185205030005031,17354,25,1,0,0,0,0.0,0.0,2025-Jan-29-19:33:21.798389
0.4160201626761834,17355,25,1,0,1,1,1.9000000000000001,1.9000000000000001,2025-Jan-29-19:33:21.898950
0.7185205030005031,17356,25,1,0,0,0,0.0,0.0,2025-Jan-29-19:33:21.943080
0.7185205030005031,17357,25,1,0,0,0,0.0,0.0,2025-Jan-29-19:33:21.987766
0.7185205030005031,17358,25,1,0,0,0,0.0,0.0,2025-Jan-29-19:33:22.031793
0.7185205030005031,17359,25,1,0,0,0,0.0,0.0,2025-Jan-29-19:33:22.077572
0.5921787662199604,17360,25,1,0,0,1,0.0,1.9000000000000001,2025-Jan-29-19:33:22.150739
0.7185205030005031,17361,25,1,0,0,0,0.0,0.0,2025-Jan-29-19:33:22.385725
0.6298883869405699,17362,25,1,0,1,-1,1.9000000000000001,0.0,2025-Jan-29-19:33:22.473947
0.7561122308552579,17363,25,1,0,-1,0,0.0,0.0,2025-Jan-29-19:33:22.529930
0.7185205030005031,17364,25,1,0,0,0,0.0,0.0,2025-Jan-29-19:33:22.583675
0.7185205030005031,17365,25,1,0,0,0,0.0,0.0,2025-Jan-29-19:33:22.655585
0.7185205030005031,17366,25,1,0,0,0,0.0,0.0,2025-Jan-29-19:33:22.726642
0.5423573219619376,17367,25,1,0,1,0,1.9000000000000001,0.0,2025-Jan-29-19:33:22.824018
0.7185205030005031,17368,25,1,0,0,0,0.0,0.0,2025-Jan-29-19:33:22.868805
0.5921787662199604,17369,25,1,0,0,1,0.0,1.9000000000000001,2025-Jan-29-19:33:22.940328
0.5423573219619376,17370,25,1,0,1,0,1.9000000000000001,0.0,2025-Jan-29-19:33:23.012317
0.7185205030005031,17371,25,1,0,0,0,0.0,0.0,2025-Jan-29-19:33:23.055699
0.4160201626761834,17372,25,1,0,1,1,1.9000000000000001,1.9000000000000001,2025-Jan-29-19:33:23.152644
0.7561122308552579,17373,25,1,0,-1,0,0.0,0.0,2025-Jan-29-19:33:23.210384
0.5921787662199604,17374,25,1,0,0,1,0.0,1.9000000000000001,2025-Jan-29-19:33:23.283057
0.629780506117975,17375,25,1,0,-1,1,0.0,1.9000000000000001,2025-Jan-29-19:33:23.369340
0.4160201626761834,17376,25,1,0,1,1,1.9000000000000001,1.9000000000000001,2025-Jan-29-19:33:23.464105
0.6298883869405699,17377,25,1,0,1,-1,1.9000000000000001,0.0,2025-Jan-29-19:33:23.548138
0.5423573219619376,17378,25,1,0,1,0,1.9000000000000001,0.0,2025-Jan-29-19:33:23.671531
0.5423573219619376,17379,25,1,0,1,0,1.9000000000000001,0.0,2025-Jan-29-19:33:23.773496
0.5921787662199604,17380,25,1,0,0,1,0.0,1.9000000000000001,2025-Jan-29-19:33:23.846813
0.629780506117975,17381,25,1,0,-1,1,0.0,1.9000000000000001,2025-Jan-29-19:33:23.932042
0.629780506117975,17382,25,1,0,-1,1,0.0,1.9000000000000001,2025-Jan-29-19:33:24.018221
0.629780506117975,17383,25,1,0,-1,1,0.0,1.9000000000000001,2025-Jan-29-19:33:24.106287
0.5423573219619376,17384,25,1,0,1,0,1.9000000000000001,0.0,2025-Jan-29-19:33:24.180982
0.8973579620796409,17385,25,1,1,1,0,1.9000000000000001,0.0,2025-Jan-29-19:33:24.253006
0.5921787662199604,17386,25,1,0,0,1,0.0,1.9000000000000001,2025-Jan-29-19:33:24.326442
0.7185205030005031,17387,25,1,0,0,0,0.0,0.0,2025-Jan-29-19:33:24.371384
0.629780506117975,17388,25,1,0,-1,1,0.0,1.9000000000000001,2025-Jan-29-19:33:24.455573
0.5423573219619376,17389,25,1,0,1,0,1.9000000000000001,0.0,2025-Jan-29-19:33:24.527155
0.5423573219619376,17390,25,1,0,1,0,1.9000000000000001,0.0,2025-Jan-29-19:33:24.619716
0.7185205030005031,17391,25,1,0,0,0,0.0,0.0,2025-Jan-29-19:33:24.696357
0.4160201626761834,17392,25,1,0,1,1,1.9000000000000001,1.9000000000000001,2025-Jan-29-19:33:24.819148
0.5921787662199604,17393,25,1,0,0,1,0.0,1.9000000000000001,2025-Jan-29-19:33:24.893681
1.0735211430969913,17394,25,1,1,0,0,0.0,0.0,2025-Jan-29-19:33:24.936945
0.5423573219619376,17395,25,1,0,1,0,1.9000000000000001,0.0,2025-Jan-29-19:33:25.009128
0.5423573219619376,17396,25,1,0,1,0,1.9000000000000001,0.0,2025-Jan-29-19:33:25.081123
0.4160201626761834,17397,25,1,0,1,1,1.9000000000000001,1.9000000000000001,2025-Jan-29-19:33:25.178642
0.7185205030005031,17398,25,1,0,0,0,0.0,0.0,2025-Jan-29-19:33:25.222550
0.5423573219619376,17399,25,1,0,1,0,1.9000000000000001,0.0,2025-Jan-29-19:33:25.296891
0.5921787662199604,17400,25,1,0,0,1,0.0,1.9000000000000001,2025-Jan-29-19:33:25.368545
0.5423573219619376,17401,25,1,0,1,0,1.9000000000000001,0.0,2025-Jan-29-19:33:25.440570
0.5423573219619376,17402,25,1,0,1,0,1.9000000000000001,0.0,2025-Jan-29-19:33:25.513087
0.5423573219619376,17403,25,1,0,1,0,1.9000000000000001,0.0,2025-Jan-29-19:33:25.618629
0.7185205030005031,17404,25,1,0,0,0,0.0,0.0,2025-Jan-29-19:33:25.691289
0.5423573219619376,17405,25,1,0,1,0,1.9000000000000001,0.0,2025-Jan-29-19:33:25.787985
0.4160201626761834,17406,25,1,0,1,1,1.9000000000000001,1.9000000000000001,2025-Jan-29-19:33:25.885813
0.7185205030005031,17407,25,1,0,0,0,0.0,0.0,2025-Jan-29-19:33:25.930084
0.7185205030005031,17408,25,1,0,0,0,0.0,0.0,2025-Jan-29-19:33:25.973996
0.5921787662199604,17409,25,1,0,0,1,0.0,1.9000000000000001,2025-Jan-29-19:33:26.046411
0.5423573219619376,17410,25,1,0,1,0,1.9000000000000001,0.0,2025-Jan-29-19:33:26.121361
0.5921787662199604,17411,25,1,0,0,1,0.0,1.9000000000000001,2025-Jan-29-19:33:26.194685
