Cost,Sim,Switch_State_Indx,Gen1_on,Gen2_on,Batt1_mode,Batt2_mode,Batt1_power_kW,Batt2_power_kW,Timestamp
0.8073473438165705,1561,5,1,0,0,-1,0.0,0.0,2025-Jan-30-19:53:49.701739
0.8981733353332529,1562,6,1,1,1,-1,1.8,0.0,2025-Jan-30-19:53:49.777083
1.07550097860668,1563,5,1,1,-1,0,0.0,0.0,2025-Jan-30-19:53:49.821629
1.1755006516119384,1564,8,1,0,0,1,0.0,1.3,2025-Jan-30-19:53:49.881253
1.0755009786022809,1565,7,1,1,0,-1,0.0,0.0,2025-Jan-30-19:53:49.923468
1.0708934980940157,1566,10,1,0,-1,0,0.0,0.0,2025-Jan-30-19:53:49.991309
1.0755242211443825,1567,9,1,1,-1,0,0.0,0.0,2025-Jan-30-19:53:50.036215
1.075524217974099,1568,9,1,1,0,0,0.0,0.0,2025-Jan-30-19:53:50.085051
1.1119260152312136,1569,10,1,1,-1,0,0.0,0.0,2025-Jan-30-19:53:50.230750
1.0755230648283505,1570,4,1,1,0,0,0.0,0.0,2025-Jan-30-19:53:50.277569
1.1119260150921875,1571,8,1,1,-1,0,0.0,0.0,2025-Jan-30-19:53:50.334426
1.0613422050248085,1572,1,1,1,0,1,0.0,0.1,2025-Jan-30-19:53:50.376844
0.8981720976222468,1573,6,1,1,1,-1,1.4,0.0,2025-Jan-30-19:53:50.463716
0.7205224245866639,1574,2,1,0,0,0,0.0,0.0,2025-Jan-30-19:53:50.545654
0.7569243817020505,1575,6,1,0,-1,0,0.0,0.0,2025-Jan-30-19:53:50.643880
0.7205224277510908,1576,5,1,0,-1,0,0.0,0.0,2025-Jan-30-19:53:50.706571
1.0755242178287174,1577,8,1,1,0,0,0.0,0.0,2025-Jan-30-19:53:50.751831
1.075524217974099,1578,9,1,1,0,0,0.0,0.0,2025-Jan-30-19:53:50.797784
1.1755006411834283,1579,8,1,0,0,0,0.0,0.0,2025-Jan-30-19:53:50.856344
1.0772949622647303,1580,2,1,1,1,-1,0.6,0.0,2025-Jan-30-19:53:50.916415
0.7205224244414656,1581,3,1,0,0,0,0.0,0.0,2025-Jan-30-19:53:50.965940
1.032998616188899,1582,6,1,1,1,-1,0.3,0.0,2025-Jan-30-19:53:51.015354
0.7569243817020505,1583,6,1,0,-1,0,0.0,0.0,2025-Jan-30-19:53:51.076954
1.2923393835362966,1584,0,1,0,0,-1,0.0,0.0,2025-Jan-30-19:53:51.162890
0.8981760237716061,1585,10,1,1,1,0,1.9,0.0,2025-Jan-30-19:53:51.241250
0.7205224247317727,1586,6,1,0,0,0,0.0,0.0,2025-Jan-30-19:53:51.289959
0.7205224245865745,1587,7,1,0,0,0,0.0,0.0,2025-Jan-30-19:53:51.336379
0.5076198759991813,1588,2,1,0,1,1,0.7,0.8,2025-Jan-30-19:53:51.384313
0.7205224245866639,1589,2,1,0,0,0,0.0,0.0,2025-Jan-30-19:53:51.427914
1.0330000091843685,1590,10,1,1,1,0,0.3,0.0,2025-Jan-30-19:53:51.483620
1.1623367658719541,1591,3,1,1,0,-1,0.0,0.0,2025-Jan-30-19:53:51.591211
0.5645906295781653,1592,3,1,0,1,0,1.1,0.0,2025-Jan-30-19:53:51.666946
0.593468652672472,1593,5,1,0,-1,1,0.0,1.9,2025-Jan-30-19:53:51.742077
0.7205224278962876,1594,6,1,0,0,-1,0.0,0.0,2025-Jan-30-19:53:51.784815
0.7205224245866639,1595,2,1,0,0,0,0.0,0.0,2025-Jan-30-19:53:51.826589
1.162349289019349,1596,8,1,1,0,-1,0.0,0.0,2025-Jan-30-19:53:51.883840
0.9337699307177153,1597,8,1,1,1,0,1.0,0.0,2025-Jan-30-19:53:51.925647
1.2923393835362966,1598,0,1,0,0,-1,0.0,0.0,2025-Jan-30-19:53:52.010588
1.075524217974099,1599,9,1,1,0,0,0.0,0.0,2025-Jan-30-19:53:52.056948
0.5431717618827974,1600,2,1,0,1,0,1.5,0.0,2025-Jan-30-19:53:52.130663
0.7569243815628939,1601,2,1,0,-1,0,0.0,0.0,2025-Jan-30-19:53:52.187314
1.1987564663217178,1602,8,1,1,-1,-1,0.0,0.0,2025-Jan-30-19:53:52.254053
1.5969100827484337,1603,0,1,1,-1,0,0.0,0.0,2025-Jan-30-19:53:52.330641
0.8981760276188919,1604,10,1,1,1,-1,1.9,0.0,2025-Jan-30-19:53:52.402222
0.7711246451297175,1605,8,1,1,1,1,1.6,1.9,2025-Jan-30-19:53:52.521602
0.8981736296098729,1606,6,1,1,1,1,1.9,0.9,2025-Jan-30-19:53:52.642765
1.0187982850540527,1607,7,1,1,1,-1,0.4,0.0,2025-Jan-30-19:53:52.692274
1.075524221135453,1608,10,1,1,0,-1,0.0,0.0,2025-Jan-30-19:53:52.735916
0.5006111680526593,1609,2,1,0,1,1,1.4,0.3,2025-Jan-30-19:53:52.811795
1.075523051468462,1610,4,1,1,1,0,0.1,0.0,2025-Jan-30-19:53:52.866451
0.6496473416939033,1611,3,1,0,1,0,0.5,0.0,2025-Jan-30-19:53:52.910028
0.8981736424144282,1612,6,1,1,1,0,1.9,0.0,2025-Jan-30-19:53:52.990561
1.1119043216781703,1613,3,1,1,-1,0,0.0,0.0,2025-Jan-30-19:53:53.135997
0.7205224245865745,1614,7,1,0,0,0,0.0,0.0,2025-Jan-30-19:53:53.181210
1.162349289019349,1615,8,1,1,0,-1,0.0,0.0,2025-Jan-30-19:53:53.236349
1.0708934980940157,1616,10,1,0,-1,0,0.0,0.0,2025-Jan-30-19:53:53.296278
1.1119260150921875,1617,8,1,1,-1,0,0.0,0.0,2025-Jan-30-19:53:53.352076
1.0755242179736964,1618,10,1,1,0,0,0.0,0.0,2025-Jan-30-19:53:53.393574
1.1119043217475433,1619,7,1,1,-1,0,0.0,0.0,2025-Jan-30-19:53:53.467008
1.2055064061623826,1620,0,1,0,0,0,0.0,0.0,2025-Jan-30-19:53:53.554777
1.1119260150921875,1621,8,1,1,-1,0,0.0,0.0,2025-Jan-30-19:53:53.636504
1.6473400235901048,1622,0,1,1,0,-1,0.0,0.0,2025-Jan-30-19:53:53.732269
0.8981736424144282,1623,6,1,1,1,0,1.9,0.0,2025-Jan-30-19:53:53.803432
0.7205224245866639,1624,2,1,0,0,0,0.0,0.0,2025-Jan-30-19:53:53.844958
0.7205224245865745,1625,5,1,0,0,0,0.0,0.0,2025-Jan-30-19:53:53.887850
0.7569243815628939,1626,2,1,0,-1,0,0.0,0.0,2025-Jan-30-19:53:53.942438
1.0755242178287174,1627,8,1,1,0,0,0.0,0.0,2025-Jan-30-19:53:53.989186
1.075524217974099,1628,9,1,1,0,0,0.0,0.0,2025-Jan-30-19:53:54.035070
0.7205224247317727,1629,6,1,0,0,0,0.0,0.0,2025-Jan-30-19:53:54.078929
1.077280280835926,1630,3,1,1,1,-1,0.6,0.0,2025-Jan-30-19:53:54.135019
0.7205224244414656,1631,3,1,0,0,0,0.0,0.0,2025-Jan-30-19:53:54.177945
1.061348451751186,1632,6,1,1,1,-1,0.1,0.0,2025-Jan-30-19:53:54.223833
0.7205224277510908,1633,5,1,0,-1,0,0.0,0.0,2025-Jan-30-19:53:54.265456
1.2923393835362966,1634,0,1,0,0,-1,0.0,0.0,2025-Jan-30-19:53:54.341772
1.1119260150921875,1635,8,1,1,-1,0,0.0,0.0,2025-Jan-30-19:53:54.395573
0.7205224244414656,1636,3,1,0,0,0,0.0,0.0,2025-Jan-30-19:53:54.438437
1.0755009770461594,1637,5,1,1,0,0,0.0,0.0,2025-Jan-30-19:53:54.507585
0.5934787929883976,1638,2,1,0,0,1,0.0,1.3,2025-Jan-30-19:53:54.608047
0.7205205030005031,1639,1,1,0,0,0,0.0,0.0,2025-Jan-30-19:53:54.677341
1.0471749429778066,1640,10,1,1,1,0,0.2,0.0,2025-Jan-30-19:53:54.718565
0.7205224244414656,1641,3,1,0,0,0,0.0,0.0,2025-Jan-30-19:53:54.760663
0.5787646671129664,1642,1,1,0,1,0,1.0,0.0,2025-Jan-30-19:53:54.804158
0.7569243682064236,1643,6,1,0,-1,1,0.0,1.3,2025-Jan-30-19:53:54.883066
0.7205224278962876,1644,6,1,0,0,-1,0.0,0.0,2025-Jan-30-19:53:54.927233
0.7205224247317727,1645,6,1,0,0,0,0.0,0.0,2025-Jan-30-19:53:54.971386
1.0755009786022809,1646,7,1,1,0,-1,0.0,0.0,2025-Jan-30-19:53:55.016235
1.1119260150921875,1647,8,1,1,-1,0,0.0,0.0,2025-Jan-30-19:53:55.072804
1.2923393835362966,1648,0,1,0,0,-1,0.0,0.0,2025-Jan-30-19:53:55.152093
1.0755242179736964,1649,10,1,1,0,0,0.0,0.0,2025-Jan-30-19:53:55.196473
0.5431717618827974,1650,2,1,0,1,0,1.5,0.0,2025-Jan-30-19:53:55.269883
1.1755006411834283,1651,8,1,0,0,0,0.0,0.0,2025-Jan-30-19:53:55.325963
1.1623479868810236,1652,4,1,1,-1,-1,0.0,0.0,2025-Jan-30-19:53:55.382911
0.7205224277510908,1653,5,1,0,-1,0,0.0,0.0,2025-Jan-30-19:53:55.427619
0.8981760276188919,1654,10,1,1,1,-1,1.9,0.0,2025-Jan-30-19:53:55.521284
0.9849938656484944,1655,8,1,1,1,-1,1.5,0.0,2025-Jan-30-19:53:55.651348
0.8981400795491008,1656,7,1,1,1,-1,1.7,0.0,2025-Jan-30-19:53:55.742618
1.07550097860668,1657,5,1,1,-1,0,0.0,0.0,2025-Jan-30-19:53:55.786618
1.075524217974099,1658,9,1,1,0,0,0.0,0.0,2025-Jan-30-19:53:55.830077
1.2419094426890593,1659,0,1,0,-1,0,0.0,0.0,2025-Jan-30-19:53:55.910035
0.7205224112266858,1660,5,1,0,1,0,0.1,0.0,2025-Jan-30-19:53:55.966146
0.6212959109445582,1661,3,1,0,1,0,0.7,0.0,2025-Jan-30-19:53:56.011727
1.0755009786022809,1662,7,1,1,0,-1,0.0,0.0,2025-Jan-30-19:53:56.057651
0.7205224245865745,1663,5,1,0,0,0,0.0,0.0,2025-Jan-30-19:53:56.103055
1.0755242178287174,1664,8,1,1,0,0,0.0,0.0,2025-Jan-30-19:53:56.147900
1.0708934980940108,1665,8,1,0,-1,0,0.0,0.0,2025-Jan-30-19:53:56.212243
0.7569243814236536,1666,3,1,0,-1,0,0.0,0.0,2025-Jan-30-19:53:56.269675
1.0281487339879898,1667,0,1,0,1,0,1.5,0.0,2025-Jan-30-19:53:56.350787
0.7205224245865745,1668,5,1,0,0,0,0.0,0.0,2025-Jan-30-19:53:56.396468
0.7205224247317727,1669,6,1,0,0,0,0.0,0.0,2025-Jan-30-19:53:56.472199
0.7569243815628939,1670,2,1,0,-1,0,0.0,0.0,2025-Jan-30-19:53:56.579783
1.175500641146208,1671,10,1,0,0,0,0.0,0.0,2025-Jan-30-19:53:56.667775
1.175500649782026,1672,10,1,0,1,0,1.7,0.0,2025-Jan-30-19:53:56.734358
1.2055064061623826,1673,0,1,0,0,0,0.0,0.0,2025-Jan-30-19:53:56.786686
0.5431723806546496,1674,2,1,0,1,0,1.7,0.0,2025-Jan-30-19:53:56.939519
0.6354717266267198,1675,3,1,0,1,0,0.6,0.0,2025-Jan-30-19:53:56.986603
0.7205224245865745,1676,7,1,0,0,0,0.0,0.0,2025-Jan-30-19:53:57.032704
1.119636499730175,1677,8,1,0,1,-1,0.3,0.0,2025-Jan-30-19:53:57.095206
0.7205224245865745,1678,7,1,0,0,0,0.0,0.0,2025-Jan-30-19:53:57.140859
0.7205224277510908,1679,5,1,0,-1,0,0.0,0.0,2025-Jan-30-19:53:57.186345
0.7205224245865745,1680,5,1,0,0,0,0.0,0.0,2025-Jan-30-19:53:57.235325
0.7205224277510908,1681,5,1,0,-1,0,0.0,0.0,2025-Jan-30-19:53:57.281127
1.0755242178287174,1682,8,1,1,0,0,0.0,0.0,2025-Jan-30-19:53:57.324386
0.5645906297500207,1683,2,1,0,1,0,1.1,0.0,2025-Jan-30-19:53:57.370994
1.0708935178111985,1684,10,1,0,-1,-1,0.0,0.0,2025-Jan-30-19:53:57.431983
1.175500641146208,1685,10,1,0,0,0,0.0,0.0,2025-Jan-30-19:53:57.505555
0.8073473304935592,1686,4,1,0,1,-1,1.5,0.0,2025-Jan-30-19:53:57.630206
0.7205224245866639,1687,2,1,0,0,0,0.0,0.0,2025-Jan-30-19:53:57.703818
0.7205224247317727,1688,4,1,0,0,0,0.0,0.0,2025-Jan-30-19:53:57.746844
1.0755230648283503,1689,6,1,1,0,0,0.0,0.0,2025-Jan-30-19:53:57.794097
0.8981760237716061,1690,10,1,1,1,0,1.9,0.0,2025-Jan-30-19:53:57.863392
0.7205224245865745,1691,7,1,0,0,0,0.0,0.0,2025-Jan-30-19:53:57.908048
1.162349289150435,1692,9,1,1,0,-1,0.0,0.0,2025-Jan-30-19:53:57.968847
1.0188248785396976,1693,8,1,1,1,0,0.4,0.0,2025-Jan-30-19:53:58.013136
0.8981398496310224,1694,7,1,1,1,1,1.6,1.9,2025-Jan-30-19:53:58.089878
1.1755006670483659,1695,10,1,0,0,-1,0.0,0.0,2025-Jan-30-19:53:58.152364
0.720522427896289,1696,4,1,0,-1,0,0.0,0.0,2025-Jan-30-19:53:58.198375
1.1755006411462283,1697,9,1,0,0,0,0.0,0.0,2025-Jan-30-19:53:58.261007
0.607119894354529,1698,6,1,0,1,0,0.8,0.0,2025-Jan-30-19:53:58.313945
0.6298898609137715,1699,2,1,0,-1,1,0.0,1.2,2025-Jan-30-19:53:58.413218
1.1119043217475433,1700,7,1,1,-1,0,0.0,0.0,2025-Jan-30-19:53:58.501558
0.7569243814236536,1701,3,1,0,-1,0,0.0,0.0,2025-Jan-30-19:53:58.594207
1.0755230648283505,1702,4,1,1,0,0,0.0,0.0,2025-Jan-30-19:53:58.679213
0.7205224278962876,1703,6,1,0,0,-1,0.0,0.0,2025-Jan-30-19:53:58.740911
0.7205224277510908,1704,5,1,0,-1,0,0.0,0.0,2025-Jan-30-19:53:58.790002
0.7205224245865745,1705,7,1,0,0,0,0.0,0.0,2025-Jan-30-19:53:58.837971
0.7569243815628101,1706,7,1,0,-1,0,0.0,0.0,2025-Jan-30-19:53:58.900085
1.2419094426890593,1707,0,1,0,-1,0,0.0,0.0,2025-Jan-30-19:53:58.990679
1.2055064061623826,1708,0,1,0,0,0,0.0,0.0,2025-Jan-30-19:53:59.050311
0.8073473302189271,1709,5,1,0,1,-1,1.3,0.0,2025-Jan-30-19:53:59.129855
1.2055064061623826,1710,0,1,0,0,0,0.0,0.0,2025-Jan-30-19:53:59.189553
0.5934787929883976,1711,2,1,0,0,1,0.0,1.3,2025-Jan-30-19:53:59.268788
1.1238934980757993,1712,9,1,0,0,-1,0.0,0.0,2025-Jan-30-19:53:59.339287
1.1119250216553707,1713,2,1,1,-1,0,0.0,0.0,2025-Jan-30-19:53:59.395177
0.807347343816607,1714,2,1,0,0,-1,0.0,0.0,2025-Jan-30-19:53:59.479797
1.0755230679928656,1715,6,1,1,0,-1,0.0,0.0,2025-Jan-30-19:53:59.562696
0.7569243815628101,1716,7,1,0,-1,0,0.0,0.0,2025-Jan-30-19:53:59.785926
1.075524217974099,1717,9,1,1,0,0,0.0,0.0,2025-Jan-30-19:53:59.854886
1.0755230648283503,1718,6,1,1,0,0,0.0,0.0,2025-Jan-30-19:53:59.900683
1.0755230648283503,1719,6,1,1,0,0,0.0,0.0,2025-Jan-30-19:53:59.945036
0.7205224245865745,1720,5,1,0,0,0,0.0,0.0,2025-Jan-30-19:53:59.989717
1.0755009769736241,1721,3,1,1,0,0,0.0,0.0,2025-Jan-30-19:54:00.036998
1.0755009769736241,1722,3,1,1,0,0,0.0,0.0,2025-Jan-30-19:54:00.081859
0.7205224244414656,1723,3,1,0,0,0,0.0,0.0,2025-Jan-30-19:54:00.126493
0.7205224245866639,1724,2,1,0,0,0,0.0,0.0,2025-Jan-30-19:54:00.171262
0.7205224245865745,1725,5,1,0,0,0,0.0,0.0,2025-Jan-30-19:54:00.215625
0.593472028305529,1726,5,1,0,-1,1,0.0,1.7,2025-Jan-30-19:54:00.293205
1.0755009770461594,1727,5,1,1,0,0,0.0,0.0,2025-Jan-30-19:54:00.338786
1.0755242178287174,1728,8,1,1,0,0,0.0,0.0,2025-Jan-30-19:54:00.385436
0.7205224245865745,1729,5,1,0,0,0,0.0,0.0,2025-Jan-30-19:54:00.430613
1.1623479707036908,1730,4,1,1,1,-1,0.6,0.0,2025-Jan-30-19:54:00.538918
0.7205224244414656,1731,3,1,0,0,0,0.0,0.0,2025-Jan-30-19:54:00.618288
1.0755230679928656,1732,6,1,1,0,-1,0.0,0.0,2025-Jan-30-19:54:00.692620
0.7205224277510908,1733,5,1,0,-1,0,0.0,0.0,2025-Jan-30-19:54:00.740408
1.2055064061623826,1734,0,1,0,0,0,0.0,0.0,2025-Jan-30-19:54:00.796814
1.1119260152312136,1735,10,1,1,-1,0,0.0,0.0,2025-Jan-30-19:54:00.853389
1.1913312448205216,1736,0,1,0,1,0,0.1,0.0,2025-Jan-30-19:54:00.907757
1.1755006411834283,1737,8,1,0,0,0,0.0,0.0,2025-Jan-30-19:54:00.962391
0.8437546689335951,1738,2,1,0,-1,-1,0.0,0.0,2025-Jan-30-19:54:01.031618
1.2055064061623826,1739,0,1,0,0,0,0.0,0.0,2025-Jan-30-19:54:01.086912
1.0755242178287174,1740,8,1,1,0,0,0.0,0.0,2025-Jan-30-19:54:01.131505
0.7205224247317727,1741,4,1,0,0,0,0.0,0.0,2025-Jan-30-19:54:01.175389
0.7205205030005031,1742,1,1,0,0,0,0.0,0.0,2025-Jan-30-19:54:01.218879
0.5934686528393397,1743,4,1,0,-1,1,0.0,1.9,2025-Jan-30-19:54:01.291745
0.8073473439474215,1744,4,1,0,0,-1,0.0,0.0,2025-Jan-30-19:54:01.356944
0.7205224244414656,1745,3,1,0,0,0,0.0,0.0,2025-Jan-30-19:54:01.401787
1.1238934980757993,1746,9,1,0,0,-1,0.0,0.0,2025-Jan-30-19:54:01.493747
0.7205224245865745,1747,7,1,0,0,0,0.0,0.0,2025-Jan-30-19:54:01.575598
1.1238934980757944,1748,8,1,0,0,-1,0.0,0.0,2025-Jan-30-19:54:01.681495
1.0755242179736964,1749,10,1,1,0,0,0.0,0.0,2025-Jan-30-19:54:01.727100
0.7569243814236536,1750,3,1,0,-1,0,0.0,0.0,2025-Jan-30-19:54:01.786413
0.7205205030005031,1751,1,1,0,0,0,0.0,0.0,2025-Jan-30-19:54:01.830985
0.8073473439474215,1752,4,1,0,0,-1,0.0,0.0,2025-Jan-30-19:54:01.887983
0.7205224247317727,1753,6,1,0,0,0,0.0,0.0,2025-Jan-30-19:54:01.932423
0.8981760276188919,1754,10,1,1,1,-1,1.9,0.0,2025-Jan-30-19:54:02.007203
1.1623492752889604,1755,9,1,1,1,-1,1.4,0.0,2025-Jan-30-19:54:02.087027
0.8981733353332529,1756,6,1,1,1,-1,1.8,0.0,2025-Jan-30-19:54:02.160941
1.1119260150921875,1757,8,1,1,-1,0,0.0,0.0,2025-Jan-30-19:54:02.218402
0.7205224245865745,1758,7,1,0,0,0,0.0,0.0,2025-Jan-30-19:54:02.263130
0.7648197767809319,1759,1,1,0,1,-1,0.3,0.0,2025-Jan-30-19:54:02.320483
0.5431720708812708,1760,2,1,0,1,0,1.6,0.0,2025-Jan-30-19:54:02.394925
0.5431723806545313,1761,7,1,0,1,0,1.7,0.0,2025-Jan-30-19:54:02.494440
1.162349289019349,1762,8,1,1,0,-1,0.0,0.0,2025-Jan-30-19:54:02.606137
0.7205224245865745,1763,5,1,0,0,0,0.0,0.0,2025-Jan-30-19:54:02.826750
0.7205224277510908,1764,5,1,0,-1,0,0.0,0.0,2025-Jan-30-19:54:02.875942
0.5431702385205599,1765,1,1,0,1,0,1.9,0.0,2025-Jan-30-19:54:02.950162
0.7205224245865745,1766,7,1,0,0,0,0.0,0.0,2025-Jan-30-19:54:02.995587
0.7205224244414656,1767,3,1,0,0,0,0.0,0.0,2025-Jan-30-19:54:03.040620
0.5431717618827974,1768,2,1,0,1,0,1.5,0.0,2025-Jan-30-19:54:03.115015
1.1755006411462283,1769,9,1,0,0,0,0.0,0.0,2025-Jan-30-19:54:03.171224
0.7205224247317727,1770,4,1,0,0,0,0.0,0.0,2025-Jan-30-19:54:03.217058
1.2055064061623826,1771,0,1,0,0,0,0.0,0.0,2025-Jan-30-19:54:03.272729
0.7205224247317727,1772,4,1,0,0,0,0.0,0.0,2025-Jan-30-19:54:03.317534
0.7205224278962876,1773,6,1,0,0,-1,0.0,0.0,2025-Jan-30-19:54:03.362714
0.5645879755153077,1774,1,1,0,1,0,1.1,0.0,2025-Jan-30-19:54:03.407704
0.4437397144020369,1775,2,1,0,1,1,1.3,0.7,2025-Jan-30-19:54:03.500549
1.0755230648283503,1776,6,1,1,0,0,0.0,0.0,2025-Jan-30-19:54:03.584836
1.1149760195105385,1777,0,1,0,1,-1,1.4,0.0,2025-Jan-30-19:54:03.722161
1.0755230648283503,1778,6,1,1,0,0,0.0,0.0,2025-Jan-30-19:54:03.776436
0.6637520143166269,1779,1,1,0,0,1,0.0,0.4,2025-Jan-30-19:54:03.822869
0.7205224244414656,1780,3,1,0,0,0,0.0,0.0,2025-Jan-30-19:54:03.868028
0.7205224247317727,1781,4,1,0,0,0,0.0,0.0,2025-Jan-30-19:54:03.912901
1.1755006411462283,1782,9,1,0,0,0,0.0,0.0,2025-Jan-30-19:54:03.968925
1.0187982850540527,1783,7,1,1,1,-1,0.4,0.0,2025-Jan-30-19:54:04.014244
0.7205224278962876,1784,6,1,0,0,-1,0.0,0.0,2025-Jan-30-19:54:04.060253
0.5934737147112983,1785,4,1,0,0,1,0.0,1.6,2025-Jan-30-19:54:04.134071
0.7205224245865745,1786,7,1,0,0,0,0.0,0.0,2025-Jan-30-19:54:04.179326
1.0708934980940108,1787,8,1,0,-1,0,0.0,0.0,2025-Jan-30-19:54:04.242069
0.7205224245865745,1788,5,1,0,0,0,0.0,0.0,2025-Jan-30-19:54:04.287014
0.7569243815628939,1789,2,1,0,-1,0,0.0,0.0,2025-Jan-30-19:54:04.347258
0.7205205030005031,1790,1,1,0,0,0,0.0,0.0,2025-Jan-30-19:54:04.392394
0.8073473436857561,1791,3,1,0,0,-1,0.0,0.0,2025-Jan-30-19:54:04.470971
1.2055064061623826,1792,0,1,0,0,0,0.0,0.0,2025-Jan-30-19:54:04.558720
1.0212122622897517,1793,0,1,0,1,1,1.2,0.1,2025-Jan-30-19:54:04.645713
0.7205224245866639,1794,2,1,0,0,0,0.0,0.0,2025-Jan-30-19:54:04.719334
0.7205224245865745,1795,5,1,0,0,0,0.0,0.0,2025-Jan-30-19:54:04.764426
0.7205224244414656,1796,3,1,0,0,0,0.0,0.0,2025-Jan-30-19:54:04.810433
0.7205224247317727,1797,6,1,0,0,0,0.0,0.0,2025-Jan-30-19:54:04.855305
0.8073473439474215,1798,4,1,0,0,-1,0.0,0.0,2025-Jan-30-19:54:04.912632
0.593468649019862,1799,2,1,0,0,1,0.0,1.9,2025-Jan-30-19:54:04.986984
0.7205224244414656,1800,3,1,0,0,0,0.0,0.0,2025-Jan-30-19:54:05.032040
0.7205224245865745,1801,7,1,0,0,0,0.0,0.0,2025-Jan-30-19:54:05.077051
0.593468649019862,1802,2,1,0,0,1,0.0,1.9,2025-Jan-30-19:54:05.278255
0.7205224245866639,1803,2,1,0,0,0,0.0,0.0,2025-Jan-30-19:54:05.328300
0.9904723705437509,1804,6,1,1,1,-1,0.6,0.0,2025-Jan-30-19:54:05.373604
0.7205205030005031,1805,1,1,0,0,0,0.0,0.0,2025-Jan-30-19:54:05.419014
0.629990951313556,1806,3,1,0,1,-1,1.3,0.0,2025-Jan-30-19:54:05.535968
0.7205205030005031,1807,1,1,0,0,0,0.0,0.0,2025-Jan-30-19:54:05.612897
0.7205224247317727,1808,6,1,0,0,0,0.0,0.0,2025-Jan-30-19:54:05.687562
1.2055064061623826,1809,0,1,0,0,0,0.0,0.0,2025-Jan-30-19:54:05.744284
0.8073473467942733,1810,4,1,0,-1,-1,0.0,0.0,2025-Jan-30-19:54:05.801812
1.0755009770459614,1811,7,1,1,0,0,0.0,0.0,2025-Jan-30-19:54:05.847173
0.6299904163345231,1812,3,1,0,1,-1,1.9,0.0,2025-Jan-30-19:54:05.934670
1.1119250217945271,1813,6,1,1,-1,0,0.0,0.0,2025-Jan-30-19:54:05.991676
0.807347343816607,1814,2,1,0,0,-1,0.0,0.0,2025-Jan-30-19:54:06.051546
1.0755009786022809,1815,7,1,1,0,-1,0.0,0.0,2025-Jan-30-19:54:06.099256
1.1755006411834283,1816,8,1,0,0,0,0.0,0.0,2025-Jan-30-19:54:06.159819
1.0755009769736241,1817,3,1,1,0,0,0.0,0.0,2025-Jan-30-19:54:06.210797
1.0755230648283503,1818,6,1,1,0,0,0.0,0.0,2025-Jan-30-19:54:06.262664
0.7205224247317727,1819,4,1,0,0,0,0.0,0.0,2025-Jan-30-19:54:06.308304
0.7205224247317727,1820,4,1,0,0,0,0.0,0.0,2025-Jan-30-19:54:06.355643
1.0755009769736241,1821,3,1,1,0,0,0.0,0.0,2025-Jan-30-19:54:06.405611
1.2055064061623826,1822,0,1,0,0,0,0.0,0.0,2025-Jan-30-19:54:06.482969
0.7205224247317727,1823,4,1,0,0,0,0.0,0.0,2025-Jan-30-19:54:06.563632
0.7205205030005031,1824,1,1,0,0,0,0.0,0.0,2025-Jan-30-19:54:06.637199
0.7205224245865745,1825,7,1,0,0,0,0.0,0.0,2025-Jan-30-19:54:06.711555
0.7205224277510908,1826,5,1,0,-1,0,0.0,0.0,2025-Jan-30-19:54:06.753799
1.0755230648283503,1827,6,1,1,0,0,0.0,0.0,2025-Jan-30-19:54:06.796232
1.0755009770459614,1828,7,1,1,0,0,0.0,0.0,2025-Jan-30-19:54:06.844078
0.7205224247317727,1829,6,1,0,0,0,0.0,0.0,2025-Jan-30-19:54:06.888329
0.6655883184539177,1830,3,1,0,1,-1,1.0,0.0,2025-Jan-30-19:54:06.944904
0.8073473436857561,1831,3,1,0,0,-1,0.0,0.0,2025-Jan-30-19:54:07.001937
0.7205224278962876,1832,6,1,0,0,-1,0.0,0.0,2025-Jan-30-19:54:07.046203
0.7205224247317727,1833,4,1,0,0,0,0.0,0.0,2025-Jan-30-19:54:07.090871
1.2055064061623826,1834,0,1,0,0,0,0.0,0.0,2025-Jan-30-19:54:07.154944
1.175500641146208,1835,10,1,0,0,0,0.0,0.0,2025-Jan-30-19:54:07.210933
1.2055064061623826,1836,0,1,0,0,0,0.0,0.0,2025-Jan-30-19:54:07.267339
0.7205224247317727,1837,6,1,0,0,0,0.0,0.0,2025-Jan-30-19:54:07.311973
0.807347343816607,1838,2,1,0,0,-1,0.0,0.0,2025-Jan-30-19:54:07.370416
0.7205205030005031,1839,1,1,0,0,0,0.0,0.0,2025-Jan-30-19:54:07.415838
1.0755230648283505,1840,4,1,1,0,0,0.0,0.0,2025-Jan-30-19:54:07.480349
0.7205205030005031,1841,1,1,0,0,0,0.0,0.0,2025-Jan-30-19:54:07.677292
0.7205224244414656,1842,3,1,0,0,0,0.0,0.0,2025-Jan-30-19:54:07.764694
0.7205224112100772,1843,6,1,0,0,1,0.0,1.9,2025-Jan-30-19:54:07.844668
0.7205224278962876,1844,6,1,0,0,-1,0.0,0.0,2025-Jan-30-19:54:07.890337
0.7205224244414656,1845,3,1,0,0,0,0.0,0.0,2025-Jan-30-19:54:07.935548
1.0755009770459614,1846,7,1,1,0,0,0.0,0.0,2025-Jan-30-19:54:07.980264
0.7205224245865745,1847,7,1,0,0,0,0.0,0.0,2025-Jan-30-19:54:08.025451
0.7205224247317727,1848,4,1,0,0,0,0.0,0.0,2025-Jan-30-19:54:08.071446
0.7205224245865745,1849,7,1,0,0,0,0.0,0.0,2025-Jan-30-19:54:08.115443
0.7205224244414656,1850,3,1,0,0,0,0.0,0.0,2025-Jan-30-19:54:08.159817
0.7205205030005031,1851,1,1,0,0,0,0.0,0.0,2025-Jan-30-19:54:08.204325
0.8073473467942733,1852,4,1,0,-1,-1,0.0,0.0,2025-Jan-30-19:54:08.261931
1.0755009770461594,1853,5,1,1,0,0,0.0,0.0,2025-Jan-30-19:54:08.305688
0.7205224277510894,1854,7,1,0,0,-1,0.0,0.0,2025-Jan-30-19:54:08.350583
0.5431729892320921,1855,7,1,0,1,1,1.9,1.9,2025-Jan-30-19:54:08.429872
0.8981405079411421,1856,7,1,1,1,-1,1.9,0.0,2025-Jan-30-19:54:08.522626
0.7063478081390013,1857,3,1,0,1,0,0.1,0.0,2025-Jan-30-19:54:08.610696
0.7205224247317727,1858,6,1,0,0,0,0.0,0.0,2025-Jan-30-19:54:08.693955
0.5148034874890346,1859,1,1,0,1,1,1.4,0.2,2025-Jan-30-19:54:08.767140
0.7205205030005031,1860,1,1,0,0,0,0.0,0.0,2025-Jan-30-19:54:08.809390
0.5431699284998031,1861,1,1,0,1,0,1.8,0.0,2025-Jan-30-19:54:08.881946
1.0755242178287174,1862,8,1,1,0,0,0.0,0.0,2025-Jan-30-19:54:08.924300
0.45797024647374807,1863,2,1,0,1,1,1.3,0.6,2025-Jan-30-19:54:08.999365
0.7569243815628101,1864,7,1,0,-1,0,0.0,0.0,2025-Jan-30-19:54:09.055824
0.7205224247317727,1865,6,1,0,0,0,0.0,0.0,2025-Jan-30-19:54:09.098266
1.1060657077136518,1866,0,1,0,0,1,0.0,0.7,2025-Jan-30-19:54:09.152946
1.0755230648283503,1867,6,1,1,0,0,0.0,0.0,2025-Jan-30-19:54:09.196966
0.7205224244414656,1868,3,1,0,0,0,0.0,0.0,2025-Jan-30-19:54:09.238926
0.8073473436857561,1869,3,1,0,0,-1,0.0,0.0,2025-Jan-30-19:54:09.293481
0.8073473304815103,1870,4,1,0,1,-1,0.7,0.0,2025-Jan-30-19:54:09.370370
0.7205205030005031,1871,1,1,0,0,0,0.0,0.0,2025-Jan-30-19:54:09.412500
0.7205224245866639,1872,2,1,0,0,0,0.0,0.0,2025-Jan-30-19:54:09.478993
0.7205224277510894,1873,7,1,0,0,-1,0.0,0.0,2025-Jan-30-19:54:09.557607
0.7205224247317727,1874,6,1,0,0,0,0.0,0.0,2025-Jan-30-19:54:09.628638
0.5431686944019973,1875,1,1,0,1,0,1.4,0.0,2025-Jan-30-19:54:09.826846
0.7205224112100781,1876,4,1,0,1,0,1.9,0.0,2025-Jan-30-19:54:09.892262
0.7205224245865745,1877,5,1,0,0,0,0.0,0.0,2025-Jan-30-19:54:09.944356
0.7205224245866639,1878,2,1,0,0,0,0.0,0.0,2025-Jan-30-19:54:09.991540
0.7205205030005031,1879,1,1,0,0,0,0.0,0.0,2025-Jan-30-19:54:10.036819
1.0755009770459614,1880,7,1,1,0,0,0.0,0.0,2025-Jan-30-19:54:10.084532
0.807345591647213,1881,1,1,0,0,-1,0.0,0.0,2025-Jan-30-19:54:10.148742
1.1623367659373893,1882,5,1,1,0,-1,0.0,0.0,2025-Jan-30-19:54:10.214880
0.7205224107701189,1883,4,1,0,1,0,1.8,0.0,2025-Jan-30-19:54:10.277485
0.6299905054115029,1884,3,1,0,1,-1,1.8,0.0,2025-Jan-30-19:54:10.375259
0.7205224245865745,1885,5,1,0,0,0,0.0,0.0,2025-Jan-30-19:54:10.424818
0.764821725562837,1886,3,1,0,1,-1,0.3,0.0,2025-Jan-30-19:54:10.501771
0.5934754061251011,1887,5,1,0,0,1,0.0,1.5,2025-Jan-30-19:54:10.632143
0.7205224247317727,1888,4,1,0,0,0,0.0,0.0,2025-Jan-30-19:54:10.700763
1.0755230648283505,1889,4,1,1,0,0,0.0,0.0,2025-Jan-30-19:54:10.748154
0.7205224247317727,1890,4,1,0,0,0,0.0,0.0,2025-Jan-30-19:54:10.790815
1.2135470694016406,1891,0,1,0,-1,1,0.0,0.2,2025-Jan-30-19:54:10.873208
1.1119260150921875,1892,8,1,1,-1,0,0.0,0.0,2025-Jan-30-19:54:10.930250
0.7569243814236536,1893,3,1,0,-1,0,0.0,0.0,2025-Jan-30-19:54:10.992841
1.0637459237779305,1894,0,1,0,1,0,1.0,0.0,2025-Jan-30-19:54:11.050292
0.7205224245865745,1895,7,1,0,0,0,0.0,0.0,2025-Jan-30-19:54:11.093462
0.7205224277510908,1896,5,1,0,-1,0,0.0,0.0,2025-Jan-30-19:54:11.136755
0.7205224245865745,1897,5,1,0,0,0,0.0,0.0,2025-Jan-30-19:54:11.181660
1.111904323239314,1898,7,1,1,-1,-1,0.0,0.0,2025-Jan-30-19:54:11.238569
0.7569226192142846,1899,1,1,0,-1,0,0.0,0.0,2025-Jan-30-19:54:11.295607
0.7205224247317727,1900,4,1,0,0,0,0.0,0.0,2025-Jan-30-19:54:11.339795
1.1755006656537599,1901,10,1,0,1,1,1.9,1.9,2025-Jan-30-19:54:11.394211
1.1755006411834283,1902,8,1,0,0,0,0.0,0.0,2025-Jan-30-19:54:11.462083
0.7205224244414656,1903,3,1,0,0,0,0.0,0.0,2025-Jan-30-19:54:11.541993
0.7205224247317727,1904,6,1,0,0,0,0.0,0.0,2025-Jan-30-19:54:11.610251
0.7205224245866639,1905,2,1,0,0,0,0.0,0.0,2025-Jan-30-19:54:11.677766
0.7205224244414656,1906,3,1,0,0,0,0.0,0.0,2025-Jan-30-19:54:11.720092
0.7205224247317727,1907,6,1,0,0,0,0.0,0.0,2025-Jan-30-19:54:11.762110
0.7205224245865745,1908,7,1,0,0,0,0.0,0.0,2025-Jan-30-19:54:11.805394
0.9849723628470934,1909,3,1,1,1,-1,1.4,0.0,2025-Jan-30-19:54:11.888925
1.07550097860668,1910,5,1,1,-1,0,0.0,0.0,2025-Jan-30-19:54:11.932454
0.7205224247317727,1911,6,1,0,0,0,0.0,0.0,2025-Jan-30-19:54:11.980535
1.1119043216781703,1912,3,1,1,-1,0,0.0,0.0,2025-Jan-30-19:54:12.037471
1.0755230648283503,1913,6,1,1,0,0,0.0,0.0,2025-Jan-30-19:54:12.081499
0.5934686488529941,1914,3,1,0,0,1,0.0,1.9,2025-Jan-30-19:54:12.160460
1.0755230679928656,1915,6,1,1,0,-1,0.0,0.0,2025-Jan-30-19:54:12.212459
0.7205224244414656,1916,3,1,0,0,0,0.0,0.0,2025-Jan-30-19:54:12.336345
0.7205224244414656,1917,3,1,0,0,0,0.0,0.0,2025-Jan-30-19:54:12.382398
0.7205224247317727,1918,4,1,0,0,0,0.0,0.0,2025-Jan-30-19:54:12.430022
0.7205224247317727,1919,4,1,0,0,0,0.0,0.0,2025-Jan-30-19:54:12.492935
0.7205224244414656,1920,3,1,0,0,0,0.0,0.0,2025-Jan-30-19:54:12.569590
1.0755230648283505,1921,4,1,1,0,0,0.0,0.0,2025-Jan-30-19:54:12.651786
0.7205224244414656,1922,3,1,0,0,0,0.0,0.0,2025-Jan-30-19:54:12.711449
0.7205224245866639,1923,2,1,0,0,0,0.0,0.0,2025-Jan-30-19:54:12.754020
0.7205224244414656,1924,3,1,0,0,0,0.0,0.0,2025-Jan-30-19:54:12.799193
0.7205224245865745,1925,5,1,0,0,0,0.0,0.0,2025-Jan-30-19:54:12.842038
0.7205224112100772,1926,6,1,0,0,1,0.0,1.9,2025-Jan-30-19:54:12.896248
1.0755230648283503,1927,6,1,1,0,0,0.0,0.0,2025-Jan-30-19:54:12.940170
1.0755230648283505,1928,4,1,1,0,0,0.0,0.0,2025-Jan-30-19:54:12.986137
0.7205205030005031,1929,1,1,0,0,0,0.0,0.0,2025-Jan-30-19:54:13.031221
1.1623367658719541,1930,3,1,1,0,-1,0.0,0.0,2025-Jan-30-19:54:13.092039
0.7205205030005031,1931,1,1,0,0,0,0.0,0.0,2025-Jan-30-19:54:13.141313
0.8073473439474215,1932,4,1,0,0,-1,0.0,0.0,2025-Jan-30-19:54:13.201874
0.7205224245865745,1933,5,1,0,0,0,0.0,0.0,2025-Jan-30-19:54:13.246041
1.2923393835362966,1934,0,1,0,0,-1,0.0,0.0,2025-Jan-30-19:54:13.323761
0.5431723806545313,1935,7,1,0,1,0,1.7,0.0,2025-Jan-30-19:54:13.395959
0.7205224247317727,1936,4,1,0,0,0,0.0,0.0,2025-Jan-30-19:54:13.439925
0.7205224247317727,1937,4,1,0,0,0,0.0,0.0,2025-Jan-30-19:54:13.513831
0.635469407369162,1938,1,1,0,1,0,0.6,0.0,2025-Jan-30-19:54:13.591677
1.2055064061623826,1939,0,1,0,0,0,0.0,0.0,2025-Jan-30-19:54:13.674529
0.7205224245865745,1940,7,1,0,0,0,0.0,0.0,2025-Jan-30-19:54:13.717882
0.7205224244414656,1941,3,1,0,0,0,0.0,0.0,2025-Jan-30-19:54:13.759964
0.7569243815628939,1942,2,1,0,-1,0,0.0,0.0,2025-Jan-30-19:54:13.824904
0.7205224245865745,1943,5,1,0,0,0,0.0,0.0,2025-Jan-30-19:54:13.869115
0.8073473439474215,1944,4,1,0,0,-1,0.0,0.0,2025-Jan-30-19:54:13.925799
0.7205224244414656,1945,3,1,0,0,0,0.0,0.0,2025-Jan-30-19:54:13.974298
1.0755009769736241,1946,3,1,1,0,0,0.0,0.0,2025-Jan-30-19:54:14.019892
0.7569243817020505,1947,6,1,0,-1,0,0.0,0.0,2025-Jan-30-19:54:14.078658
0.7205205030005031,1948,1,1,0,0,0,0.0,0.0,2025-Jan-30-19:54:14.121629
0.7205224245865745,1949,7,1,0,0,0,0.0,0.0,2025-Jan-30-19:54:14.170462
0.7205224247317727,1950,6,1,0,0,0,0.0,0.0,2025-Jan-30-19:54:14.215546
0.7205224245865745,1951,5,1,0,0,0,0.0,0.0,2025-Jan-30-19:54:14.258162
0.7205224245866639,1952,2,1,0,0,0,0.0,0.0,2025-Jan-30-19:54:14.301024
1.1755006411834283,1953,8,1,0,0,0,0.0,0.0,2025-Jan-30-19:54:14.358866
0.7205224112100781,1954,4,1,0,1,0,1.9,0.0,2025-Jan-30-19:54:14.414916
1.175500668404752,1955,9,1,0,-1,1,0.0,1.9,2025-Jan-30-19:54:14.488548
0.7506461232168882,1956,2,1,0,1,-1,0.4,0.0,2025-Jan-30-19:54:14.659391
0.8981400775753389,1957,3,1,1,1,0,1.7,0.0,2025-Jan-30-19:54:14.767483
0.7205224247317727,1958,6,1,0,0,0,0.0,0.0,2025-Jan-30-19:54:14.810786
0.8073473436857561,1959,3,1,0,0,-1,0.0,0.0,2025-Jan-30-19:54:14.865915
1.2419094426890593,1960,0,1,0,-1,0,0.0,0.0,2025-Jan-30-19:54:14.942894
0.7205205030005031,1961,1,1,0,0,0,0.0,0.0,2025-Jan-30-19:54:14.987961
0.8437546688086673,1962,3,1,0,-1,-1,0.0,0.0,2025-Jan-30-19:54:15.057801
0.6354717266267198,1963,3,1,0,1,0,0.6,0.0,2025-Jan-30-19:54:15.100675
1.0353914432899136,1964,0,1,0,1,0,1.2,0.0,2025-Jan-30-19:54:15.157167
0.7205224277510894,1965,7,1,0,0,-1,0.0,0.0,2025-Jan-30-19:54:15.199771
0.5929436754112625,1966,2,1,0,1,0,0.9,0.0,2025-Jan-30-19:54:15.243435
0.7205224245865745,1967,5,1,0,0,0,0.0,0.0,2025-Jan-30-19:54:15.286005
1.0281499207202813,1968,0,1,0,1,0,1.9,0.0,2025-Jan-30-19:54:15.368844
0.7205224244414656,1969,3,1,0,0,0,0.0,0.0,2025-Jan-30-19:54:15.411246
1.2055064061623826,1970,0,1,0,0,0,0.0,0.0,2025-Jan-30-19:54:15.480913
1.2055064061623826,1971,0,1,0,0,0,0.0,0.0,2025-Jan-30-19:54:15.558164
1.2923393835362966,1972,0,1,0,0,-1,0.0,0.0,2025-Jan-30-19:54:15.668192
0.7205224245865745,1973,7,1,0,0,0,0.0,0.0,2025-Jan-30-19:54:15.710826
0.7205224245866639,1974,2,1,0,0,0,0.0,0.0,2025-Jan-30-19:54:15.754096
0.8073473466634223,1975,5,1,0,-1,-1,0.0,0.0,2025-Jan-30-19:54:15.808330
0.6298801296845749,1976,1,1,0,-1,1,0.0,1.8,2025-Jan-30-19:54:15.890956
0.8073473436857561,1977,3,1,0,0,-1,0.0,0.0,2025-Jan-30-19:54:15.950366
0.7205205030005031,1978,1,1,0,0,0,0.0,0.0,2025-Jan-30-19:54:15.994972
0.7205205030005031,1979,1,1,0,0,0,0.0,0.0,2025-Jan-30-19:54:16.038714
1.0755009626219594,1980,7,1,1,0,1,0.0,1.9,2025-Jan-30-19:54:16.098325
0.7569226192142846,1981,1,1,0,-1,0,0.0,0.0,2025-Jan-30-19:54:16.157037
0.7205224245865745,1982,5,1,0,0,0,0.0,0.0,2025-Jan-30-19:54:16.201574
0.6514113136497739,1983,3,1,0,1,-1,1.1,0.0,2025-Jan-30-19:54:16.257243
1.2055064061623826,1984,0,1,0,0,0,0.0,0.0,2025-Jan-30-19:54:16.310931
0.8073473303538348,1985,4,1,0,1,-1,1.1,0.0,2025-Jan-30-19:54:16.390347
0.593468649019862,1986,2,1,0,0,1,0.0,1.9,2025-Jan-30-19:54:16.482213
0.7205224244414656,1987,3,1,0,0,0,0.0,0.0,2025-Jan-30-19:54:16.555208
0.7205224244414656,1988,3,1,0,0,0,0.0,0.0,2025-Jan-30-19:54:16.628381
1.0755242179736964,1989,10,1,1,0,0,0.0,0.0,2025-Jan-30-19:54:16.686425
1.2055064061623826,1990,0,1,0,0,0,0.0,0.0,2025-Jan-30-19:54:16.739861
0.7205224245866639,1991,2,1,0,0,0,0.0,0.0,2025-Jan-30-19:54:16.782100
0.7063435140839482,1992,2,1,0,0,1,0.0,0.1,2025-Jan-30-19:54:16.825975
0.7205224247317727,1993,6,1,0,0,0,0.0,0.0,2025-Jan-30-19:54:16.868896
0.7205224245865745,1994,7,1,0,0,0,0.0,0.0,2025-Jan-30-19:54:16.911214
0.7205224245866639,1995,2,1,0,0,0,0.0,0.0,2025-Jan-30-19:54:16.958176
1.175500643613741,1996,10,1,0,0,1,0.0,0.7,2025-Jan-30-19:54:17.012602
0.8073473436857561,1997,3,1,0,0,-1,0.0,0.0,2025-Jan-30-19:54:17.069773
1.0755009770461594,1998,5,1,1,0,0,0.0,0.0,2025-Jan-30-19:54:17.112239
0.7205224247317727,1999,4,1,0,0,0,0.0,0.0,2025-Jan-30-19:54:17.155369
1.0755242179736964,2000,10,1,1,0,0,0.0,0.0,2025-Jan-30-19:54:17.198176
0.7427451402173133,2001,1,1,0,-1,1,0.0,0.1,2025-Jan-30-19:54:17.254296
0.7205205030005031,2002,1,1,0,0,0,0.0,0.0,2025-Jan-30-19:54:17.297359
1.2055064061623826,2003,0,1,0,0,0,0.0,0.0,2025-Jan-30-19:54:17.353191
0.543168387416473,2004,1,1,0,1,0,1.3,0.0,2025-Jan-30-19:54:17.427413
0.7205224277510894,2005,7,1,0,0,-1,0.0,0.0,2025-Jan-30-19:54:17.482545
1.2055064061623826,2006,0,1,0,0,0,0.0,0.0,2025-Jan-30-19:54:17.570123
0.5787672541417384,2007,7,1,0,1,0,1.0,0.0,2025-Jan-30-19:54:17.651940
1.1487665906775244,2008,0,1,0,1,1,0.1,0.3,2025-Jan-30-19:54:17.715555
1.2055064061623826,2009,0,1,0,0,0,0.0,0.0,2025-Jan-30-19:54:17.769496
0.6299906834001492,2010,3,1,0,1,-1,1.6,0.0,2025-Jan-30-19:54:17.856451
0.7205224245866639,2011,2,1,0,0,0,0.0,0.0,2025-Jan-30-19:54:17.995035
0.5431723804791184,2012,3,1,0,1,0,1.7,0.0,2025-Jan-30-19:54:18.072913
0.7205224245865745,2013,5,1,0,0,0,0.0,0.0,2025-Jan-30-19:54:18.115732
0.7205224244414656,2014,3,1,0,0,0,0.0,0.0,2025-Jan-30-19:54:18.166013
1.175500641146208,2015,10,1,0,0,0,0.0,0.0,2025-Jan-30-19:54:18.230128
0.7205224245866639,2016,2,1,0,0,0,0.0,0.0,2025-Jan-30-19:54:18.275372
0.7205224247317727,2017,4,1,0,0,0,0.0,0.0,2025-Jan-30-19:54:18.317526
1.0755230646832414,2018,2,1,1,0,0,0.0,0.0,2025-Jan-30-19:54:18.361523
0.7205224247317727,2019,4,1,0,0,0,0.0,0.0,2025-Jan-30-19:54:18.407962
0.7205224244414656,2020,3,1,0,0,0,0.0,0.0,2025-Jan-30-19:54:18.479632
0.7205224244414656,2021,3,1,0,0,0,0.0,0.0,2025-Jan-30-19:54:18.566719
0.7205224245866639,2022,2,1,0,0,0,0.0,0.0,2025-Jan-30-19:54:18.646232
0.7205224247317727,2023,4,1,0,0,0,0.0,0.0,2025-Jan-30-19:54:18.714808
0.7205205030005031,2024,1,1,0,0,0,0.0,0.0,2025-Jan-30-19:54:18.756908
0.6299908620265299,2025,3,1,0,1,-1,1.4,0.0,2025-Jan-30-19:54:18.840743
0.7205224278962876,2026,6,1,0,0,-1,0.0,0.0,2025-Jan-30-19:54:18.882786
1.0755230648283505,2027,4,1,1,0,0,0.0,0.0,2025-Jan-30-19:54:18.925563
1.0755242179736964,2028,10,1,1,0,0,0.0,0.0,2025-Jan-30-19:54:18.971844
1.2055064061623826,2029,0,1,0,0,0,0.0,0.0,2025-Jan-30-19:54:19.025676
1.1119043216781703,2030,3,1,1,-1,0,0.0,0.0,2025-Jan-30-19:54:19.081831
0.7205205030005031,2031,1,1,0,0,0,0.0,0.0,2025-Jan-30-19:54:19.124157
1.0322733681648357,2032,8,1,0,-1,-1,0.0,0.0,2025-Jan-30-19:54:19.199965
0.7205224247317727,2033,4,1,0,0,0,0.0,0.0,2025-Jan-30-19:54:19.243703
0.7205205030005031,2034,1,1,0,0,0,0.0,0.0,2025-Jan-30-19:54:19.286133
0.7205224247317727,2035,6,1,0,0,0,0.0,0.0,2025-Jan-30-19:54:19.328595
0.7205205030005031,2036,1,1,0,0,0,0.0,0.0,2025-Jan-30-19:54:19.371407
0.7205224245865745,2037,7,1,0,0,0,0.0,0.0,2025-Jan-30-19:54:19.414187
0.7569243814236536,2038,3,1,0,-1,0,0.0,0.0,2025-Jan-30-19:54:19.492730
0.7205205030005031,2039,1,1,0,0,0,0.0,0.0,2025-Jan-30-19:54:19.557469
1.0755230646832414,2040,2,1,1,0,0,0.0,0.0,2025-Jan-30-19:54:19.624622
1.2055064061623826,2041,0,1,0,0,0,0.0,0.0,2025-Jan-30-19:54:19.703684
0.7205224245865745,2042,5,1,0,0,0,0.0,0.0,2025-Jan-30-19:54:19.746548
0.8073473439474215,2043,4,1,0,0,-1,0.0,0.0,2025-Jan-30-19:54:19.802129
0.7205224278962876,2044,6,1,0,0,-1,0.0,0.0,2025-Jan-30-19:54:19.845207
1.6473400235901048,2045,0,1,1,0,-1,0.0,0.0,2025-Jan-30-19:54:19.927489
1.0755211430969913,2046,1,1,1,0,0,0.0,0.0,2025-Jan-30-19:54:19.977088
0.7205224247317727,2047,6,1,0,0,0,0.0,0.0,2025-Jan-30-19:54:20.099156
0.7205205030005031,2048,1,1,0,0,0,0.0,0.0,2025-Jan-30-19:54:20.142067
0.7205224245865745,2049,7,1,0,0,0,0.0,0.0,2025-Jan-30-19:54:20.190836
0.7569226192142846,2050,1,1,0,-1,0,0.0,0.0,2025-Jan-30-19:54:20.245481
1.2055064061623826,2051,0,1,0,0,0,0.0,0.0,2025-Jan-30-19:54:20.298147
0.7205224247317727,2052,4,1,0,0,0,0.0,0.0,2025-Jan-30-19:54:20.339108
1.075524217974099,2053,9,1,1,0,0,0.0,0.0,2025-Jan-30-19:54:20.382146
0.7205224277510908,2054,5,1,0,-1,0,0.0,0.0,2025-Jan-30-19:54:20.425565
0.5431730021209557,2055,7,1,0,1,0,1.9,0.0,2025-Jan-30-19:54:20.517200
0.807347343816607,2056,2,1,0,0,-1,0.0,0.0,2025-Jan-30-19:54:20.599328
0.7205224245865745,2057,5,1,0,0,0,0.0,0.0,2025-Jan-30-19:54:20.663317
0.8073473436857561,2058,3,1,0,0,-1,0.0,0.0,2025-Jan-30-19:54:20.717916
0.5509594457902305,2059,1,1,0,1,1,0.3,0.9,2025-Jan-30-19:54:20.788060
1.0353914432899136,2060,0,1,0,1,0,1.2,0.0,2025-Jan-30-19:54:20.841189
0.7205224245865745,2061,5,1,0,0,0,0.0,0.0,2025-Jan-30-19:54:20.883924
1.1755006411834283,2062,8,1,0,0,0,0.0,0.0,2025-Jan-30-19:54:20.938716
0.7205205030005031,2063,1,1,0,0,0,0.0,0.0,2025-Jan-30-19:54:20.985791
0.807345591647213,2064,1,1,0,0,-1,0.0,0.0,2025-Jan-30-19:54:21.044441
1.2055064061623826,2065,0,1,0,0,0,0.0,0.0,2025-Jan-30-19:54:21.099592
0.5431717618827974,2066,2,1,0,1,0,1.5,0.0,2025-Jan-30-19:54:21.172760
0.593473718196823,2067,5,1,0,-1,1,0.0,1.6,2025-Jan-30-19:54:21.246241
0.7569243847338929,2068,6,1,0,-1,-1,0.0,0.0,2025-Jan-30-19:54:21.301234
0.7205205030005031,2069,1,1,0,0,0,0.0,0.0,2025-Jan-30-19:54:21.344457
1.1238934980757993,2070,9,1,0,0,-1,0.0,0.0,2025-Jan-30-19:54:21.404353
1.175500656844453,2071,10,1,0,1,1,1.9,1.0,2025-Jan-30-19:54:21.486520
0.7205224277510894,2072,7,1,0,0,-1,0.0,0.0,2025-Jan-30-19:54:21.563403
0.7205224244414656,2073,3,1,0,0,0,0.0,0.0,2025-Jan-30-19:54:21.634190
0.7205205030005031,2074,1,1,0,0,0,0.0,0.0,2025-Jan-30-19:54:21.698954
0.7205205030005031,2075,1,1,0,0,0,0.0,0.0,2025-Jan-30-19:54:21.740608
0.720522427896289,2076,4,1,0,-1,0,0.0,0.0,2025-Jan-30-19:54:21.782580
0.6496473416939033,2077,3,1,0,1,0,0.5,0.0,2025-Jan-30-19:54:21.824880
1.1755006411834283,2078,8,1,0,0,0,0.0,0.0,2025-Jan-30-19:54:21.877462
0.7205224247317727,2079,6,1,0,0,0,0.0,0.0,2025-Jan-30-19:54:21.920151
1.0755230648283503,2080,6,1,1,0,0,0.0,0.0,2025-Jan-30-19:54:21.966181
0.42337793286635306,2081,2,1,0,1,1,1.2,1.0,2025-Jan-30-19:54:22.037992
1.1238934980757944,2082,8,1,0,0,-1,0.0,0.0,2025-Jan-30-19:54:22.098947
0.7205224277510894,2083,7,1,0,0,-1,0.0,0.0,2025-Jan-30-19:54:22.140822
0.7205205030005031,2084,1,1,0,0,0,0.0,0.0,2025-Jan-30-19:54:22.185728
0.7205224244414656,2085,3,1,0,0,0,0.0,0.0,2025-Jan-30-19:54:22.227469
0.5431717618827974,2086,2,1,0,1,0,1.5,0.0,2025-Jan-30-19:54:22.297493
1.0281499207202813,2087,0,1,0,1,0,1.9,0.0,2025-Jan-30-19:54:22.374131
0.720522427896289,2088,4,1,0,-1,0,0.0,0.0,2025-Jan-30-19:54:22.416888
0.5431720708812708,2089,2,1,0,1,0,1.6,0.0,2025-Jan-30-19:54:22.518147
0.7569243815628939,2090,2,1,0,-1,0,0.0,0.0,2025-Jan-30-19:54:22.600707
0.7205224245866639,2091,2,1,0,0,0,0.0,0.0,2025-Jan-30-19:54:22.662847
0.7569243815628939,2092,2,1,0,-1,0,0.0,0.0,2025-Jan-30-19:54:22.717160
0.7569243814236536,2093,3,1,0,-1,0,0.0,0.0,2025-Jan-30-19:54:22.771716
0.7205224245866639,2094,2,1,0,0,0,0.0,0.0,2025-Jan-30-19:54:22.814711
0.41609650749468163,2095,3,1,0,1,1,1.4,1.0,2025-Jan-30-19:54:22.888498
0.7205224245866639,2096,2,1,0,0,0,0.0,0.0,2025-Jan-30-19:54:22.931872
0.7205224247317727,2097,4,1,0,0,0,0.0,0.0,2025-Jan-30-19:54:22.977372
1.175500641146208,2098,10,1,0,0,0,0.0,0.0,2025-Jan-30-19:54:23.033773
0.7205224245865745,2099,5,1,0,0,0,0.0,0.0,2025-Jan-30-19:54:23.157537
1.2055064061623826,2100,0,1,0,0,0,0.0,0.0,2025-Jan-30-19:54:23.212694
0.7205224247317727,2101,4,1,0,0,0,0.0,0.0,2025-Jan-30-19:54:23.255387
0.7205224244414656,2102,3,1,0,0,0,0.0,0.0,2025-Jan-30-19:54:23.296407
0.7205224245866639,2103,2,1,0,0,0,0.0,0.0,2025-Jan-30-19:54:23.340395
0.7205224244414656,2104,3,1,0,0,0,0.0,0.0,2025-Jan-30-19:54:23.383063
1.0755230515039877,2105,4,1,1,1,0,0.3,0.0,2025-Jan-30-19:54:23.435155
1.2055064061623826,2106,0,1,0,0,0,0.0,0.0,2025-Jan-30-19:54:23.511346
0.593468649019862,2107,2,1,0,0,1,0.0,1.9,2025-Jan-30-19:54:23.628507
0.807347330308214,2108,5,1,0,1,-1,1.9,0.0,2025-Jan-30-19:54:23.727508
0.7205205030005031,2109,1,1,0,0,0,0.0,0.0,2025-Jan-30-19:54:23.768918
0.7143749372949564,2110,3,1,0,-1,1,0.0,0.3,2025-Jan-30-19:54:23.823487
1.2055064061623826,2111,0,1,0,0,0,0.0,0.0,2025-Jan-30-19:54:23.876549
