Cost,Sim,Switch_State_Indx,Gen1_on,Gen2_on,Batt1_mode,Batt2_mode,Batt1_power_kW,Batt2_power_kW,Timestamp
1.1119260152312136,959,10,1,1,-1,0,0.0,0.0,2025-Jan-30-19:53:08.736110
1.1623367659373893,960,5,1,1,0,-1,0.0,0.0,2025-Jan-30-19:53:08.795650
0.9484704930309295,961,1,1,1,0,1,0.0,1.7,2025-Jan-30-19:53:08.876615
1.162349289150435,962,9,1,1,0,-1,0.0,0.0,2025-Jan-30-19:53:08.941355
0.8073473436857561,963,3,1,0,0,-1,0.0,0.0,2025-Jan-30-19:53:09.004222
1.0755230648283503,964,6,1,1,0,0,0.0,0.0,2025-Jan-30-19:53:09.053850
0.8981699501197687,965,1,1,1,1,0,1.6,0.0,2025-Jan-30-19:53:09.136355
0.5787672578514877,966,7,1,0,1,-1,1.0,0.0,2025-Jan-30-19:53:09.180320
0.9621205380648761,967,6,1,1,1,-1,0.8,0.0,2025-Jan-30-19:53:09.229966
0.9484492568853948,968,5,1,1,0,1,0.0,1.3,2025-Jan-30-19:53:09.302644
1.0755230646832414,969,2,1,1,0,0,0.0,0.0,2025-Jan-30-19:53:09.348254
1.0977475705664406,970,2,1,1,-1,1,0.0,0.1,2025-Jan-30-19:53:09.410348
1.1119260150921875,971,8,1,1,-1,0,0.0,0.0,2025-Jan-30-19:53:09.565276
1.0755009770459614,972,7,1,1,0,0,0.0,0.0,2025-Jan-30-19:53:09.644515
1.0755009770459614,973,7,1,1,0,0,0.0,0.0,2025-Jan-30-19:53:09.719312
1.075524204015748,974,9,1,1,1,0,1.8,0.0,2025-Jan-30-19:53:09.789001
0.898140506054626,975,7,1,1,1,0,1.9,0.0,2025-Jan-30-19:53:09.865532
1.1755006669672843,976,8,1,0,0,1,0.0,0.2,2025-Jan-30-19:53:09.930580
1.0708934980940108,977,8,1,0,-1,0,0.0,0.0,2025-Jan-30-19:53:10.003009
1.1623479840341715,978,4,1,1,0,-1,0.0,0.0,2025-Jan-30-19:53:10.070491
0.7569243815628101,979,7,1,0,-1,0,0.0,0.0,2025-Jan-30-19:53:10.138382
1.6473400235901048,980,0,1,1,0,-1,0.0,0.0,2025-Jan-30-19:53:10.232499
0.6921729762420847,981,7,1,0,1,1,0.2,0.5,2025-Jan-30-19:53:10.296764
1.0755009769736241,982,3,1,1,0,0,0.0,0.0,2025-Jan-30-19:53:10.348786
1.061325612670322,983,7,1,1,1,0,0.1,0.0,2025-Jan-30-19:53:10.400563
1.0755242179736964,984,10,1,1,0,0,0.0,0.0,2025-Jan-30-19:53:10.467721
1.1629803304100206,985,0,1,0,1,0,0.3,0.0,2025-Jan-30-19:53:10.574494
1.0322733681648357,986,8,1,0,-1,-1,0.0,0.0,2025-Jan-30-19:53:10.701596
0.5431720749055434,987,6,1,0,1,-1,1.6,0.0,2025-Jan-30-19:53:10.774410
1.0693500753084804,988,3,1,1,-1,1,0.0,0.3,2025-Jan-30-19:53:10.830507
0.5367851284914152,989,2,1,0,1,1,0.4,1.0,2025-Jan-30-19:53:10.905170
0.7569243814236536,990,3,1,0,-1,0,0.0,0.0,2025-Jan-30-19:53:10.964283
0.720522411428004,991,6,1,0,0,1,0.0,0.2,2025-Jan-30-19:53:11.021375
1.1755006653027427,992,9,1,0,0,1,0.0,0.2,2025-Jan-30-19:53:11.078451
1.1623367658719541,993,3,1,1,0,-1,0.0,0.0,2025-Jan-30-19:53:11.140538
0.9484794204107801,994,4,1,1,1,1,1.9,1.3,2025-Jan-30-19:53:11.223809
1.0755242178287174,995,8,1,1,0,0,0.0,0.0,2025-Jan-30-19:53:11.273390
1.1119043217475433,996,7,1,1,-1,0,0.0,0.0,2025-Jan-30-19:53:11.333961
1.2923393835362966,997,0,1,0,0,-1,0.0,0.0,2025-Jan-30-19:53:11.415999
0.9484716384180567,998,9,1,1,-1,1,0.0,1.8,2025-Jan-30-19:53:11.522541
1.0187293339031318,999,3,1,1,0,1,0.0,0.4,2025-Jan-30-19:53:11.606292
0.7917363855089297,1000,1,1,1,1,1,1.2,0.8,2025-Jan-30-19:53:11.681795
0.7569243817020505,1001,6,1,0,-1,0,0.0,0.0,2025-Jan-30-19:53:11.759095
0.629990951313556,1002,3,1,0,1,-1,1.3,0.0,2025-Jan-30-19:53:11.844969
0.7569243681486583,1003,7,1,0,-1,1,0.0,0.4,2025-Jan-30-19:53:11.923955
1.1623367658719541,1004,3,1,1,0,-1,0.0,0.0,2025-Jan-30-19:53:11.985997
1.0755211430969913,1005,1,1,1,0,0,0.0,0.0,2025-Jan-30-19:53:12.036590
1.1755006569254085,1006,9,1,0,0,1,0.0,1.2,2025-Jan-30-19:53:12.095697
0.7205224247317727,1007,6,1,0,0,0,0.0,0.0,2025-Jan-30-19:53:12.141476
0.6210854616852786,1008,4,1,0,1,1,0.2,0.7,2025-Jan-30-19:53:12.204049
1.0755230646832414,1009,2,1,1,0,0,0.0,0.0,2025-Jan-30-19:53:12.251138
1.1623367659373893,1010,5,1,1,0,-1,0.0,0.0,2025-Jan-30-19:53:12.308984
0.807345591647213,1011,1,1,0,0,-1,0.0,0.0,2025-Jan-30-19:53:12.365946
1.1238934980757993,1012,9,1,0,0,-1,0.0,0.0,2025-Jan-30-19:53:12.428048
0.8073473439474215,1013,4,1,0,0,-1,0.0,0.0,2025-Jan-30-19:53:12.521294
0.7205224245865745,1014,7,1,0,0,0,0.0,0.0,2025-Jan-30-19:53:12.603053
1.1119043216781703,1015,3,1,1,-1,0,0.0,0.0,2025-Jan-30-19:53:12.702229
0.5787672578514877,1016,7,1,0,1,-1,1.0,0.0,2025-Jan-30-19:53:12.746983
1.1119260152312136,1017,10,1,1,-1,0,0.0,0.0,2025-Jan-30-19:53:12.804324
0.7205224113160088,1018,6,1,0,0,1,0.0,1.3,2025-Jan-30-19:53:12.860016
1.0755230648283505,1019,4,1,1,0,0,0.0,0.0,2025-Jan-30-19:53:12.904514
1.6823536424050243,1020,0,1,1,-1,-1,0.0,0.0,2025-Jan-30-19:53:13.011013
1.0755230648283503,1021,6,1,1,0,0,0.0,0.0,2025-Jan-30-19:53:13.059732
1.2923393835362966,1022,0,1,0,0,-1,0.0,0.0,2025-Jan-30-19:53:13.139360
0.7205205030005031,1023,1,1,0,0,0,0.0,0.0,2025-Jan-30-19:53:13.307408
0.8981747292501422,1024,8,1,1,1,0,1.5,0.0,2025-Jan-30-19:53:13.382584
0.5431730021209557,1025,7,1,0,1,0,1.9,0.0,2025-Jan-30-19:53:13.472326
1.2055064061623826,1026,0,1,0,0,0,0.0,0.0,2025-Jan-30-19:53:13.572287
0.7205224244414656,1027,3,1,0,0,0,0.0,0.0,2025-Jan-30-19:53:13.656899
0.8073473467942733,1028,4,1,0,-1,-1,0.0,0.0,2025-Jan-30-19:53:13.737389
1.1755006411834283,1029,8,1,0,0,0,0.0,0.0,2025-Jan-30-19:53:13.793794
1.4334516289005401,1030,0,1,1,0,1,0.0,1.7,2025-Jan-30-19:53:13.873075
0.7569243679556572,1031,7,1,0,-1,1,0.0,0.3,2025-Jan-30-19:53:13.952751
1.0755009769736241,1032,3,1,1,0,0,0.0,0.0,2025-Jan-30-19:53:13.998646
1.1755006411834283,1033,8,1,0,0,0,0.0,0.0,2025-Jan-30-19:53:14.056180
1.175500641146208,1034,10,1,0,0,0,0.0,0.0,2025-Jan-30-19:53:14.115749
1.2419094426890593,1035,0,1,0,-1,0,0.0,0.0,2025-Jan-30-19:53:14.196191
0.7494695557415343,1036,7,1,0,-1,-1,0.0,0.0,2025-Jan-30-19:53:14.253989
0.6353171228787701,1037,3,1,0,0,1,0.0,0.6,2025-Jan-30-19:53:14.297590
1.0329964927386768,1038,1,1,1,1,0,0.3,0.0,2025-Jan-30-19:53:14.342834
0.6210421064988317,1039,2,1,0,-1,1,0.0,1.8,2025-Jan-30-19:53:14.428585
1.2055064061623826,1040,0,1,0,0,0,0.0,0.0,2025-Jan-30-19:53:14.499538
0.7205224245865745,1041,5,1,0,0,0,0.0,0.0,2025-Jan-30-19:53:14.575453
1.2419094426890593,1042,0,1,0,-1,0,0.0,0.0,2025-Jan-30-19:53:14.685072
1.0693500753084804,1043,3,1,1,-1,1,0.0,0.3,2025-Jan-30-19:53:14.745834
0.9849724022592874,1044,3,1,1,1,-1,1.9,0.0,2025-Jan-30-19:53:14.829572
1.1119043216781703,1045,3,1,1,-1,0,0.0,0.0,2025-Jan-30-19:53:14.884607
0.7063478082865301,1046,7,1,0,1,0,0.1,0.0,2025-Jan-30-19:53:14.926923
0.8073473439474215,1047,4,1,0,0,-1,0.0,0.0,2025-Jan-30-19:53:14.987664
1.0755230646832414,1048,2,1,1,0,0,0.0,0.0,2025-Jan-30-19:53:15.031896
0.6637540463240508,1049,3,1,0,0,1,0.0,0.4,2025-Jan-30-19:53:15.074260
0.5934754059583837,1050,3,1,0,0,1,0.0,1.5,2025-Jan-30-19:53:15.144971
0.5504138016005241,1051,7,1,0,1,0,1.2,0.0,2025-Jan-30-19:53:15.190248
1.1623479868810236,1052,4,1,1,-1,-1,0.0,0.0,2025-Jan-30-19:53:15.249821
1.0708935178111985,1053,10,1,0,-1,-1,0.0,0.0,2025-Jan-30-19:53:15.311063
1.6473400235901048,1054,0,1,1,0,-1,0.0,0.0,2025-Jan-30-19:53:15.389693
1.075524217974099,1055,9,1,1,0,0,0.0,0.0,2025-Jan-30-19:53:15.431816
0.6495399798130521,1056,3,1,0,0,1,0.0,0.5,2025-Jan-30-19:53:15.488334
0.7205224247317727,1057,6,1,0,0,0,0.0,0.0,2025-Jan-30-19:53:15.563596
0.5645906299217613,1058,6,1,0,1,0,1.1,0.0,2025-Jan-30-19:53:15.637103
1.0755230646832414,1059,2,1,1,0,0,0.0,0.0,2025-Jan-30-19:53:15.700990
0.7205205030005031,1060,1,1,0,0,0,0.0,0.0,2025-Jan-30-19:53:15.744172
1.1755006473863994,1061,10,1,0,0,1,0.0,0.1,2025-Jan-30-19:53:15.870033
1.175500641146208,1062,10,1,0,0,0,0.0,0.0,2025-Jan-30-19:53:15.927480
0.7205224244414656,1063,3,1,0,0,0,0.0,0.0,2025-Jan-30-19:53:15.986659
0.7205224245865745,1064,7,1,0,0,0,0.0,0.0,2025-Jan-30-19:53:16.032064
0.7569226192142846,1065,1,1,0,-1,0,0.0,0.0,2025-Jan-30-19:53:16.085913
1.1755006670483659,1066,10,1,0,0,-1,0.0,0.0,2025-Jan-30-19:53:16.140352
1.383149078888643,1067,0,1,1,1,0,1.4,0.0,2025-Jan-30-19:53:16.229532
1.1119260152312136,1068,10,1,1,-1,0,0.0,0.0,2025-Jan-30-19:53:16.285316
0.720522427896289,1069,4,1,0,-1,0,0.0,0.0,2025-Jan-30-19:53:16.333804
0.7427469304722827,1070,2,1,0,-1,1,0.0,0.1,2025-Jan-30-19:53:16.388620
0.7205224247317727,1071,6,1,0,0,0,0.0,0.0,2025-Jan-30-19:53:16.431957
1.0755230648283503,1072,6,1,1,0,0,0.0,0.0,2025-Jan-30-19:53:16.490609
0.7569226192142846,1073,1,1,0,-1,0,0.0,0.0,2025-Jan-30-19:53:16.577732
1.0755230648283503,1074,6,1,1,0,0,0.0,0.0,2025-Jan-30-19:53:16.650265
0.7205224245866639,1075,2,1,0,0,0,0.0,0.0,2025-Jan-30-19:53:16.702540
0.649539980127608,1076,4,1,0,0,1,0.0,0.5,2025-Jan-30-19:53:16.744599
1.0708935178111985,1077,10,1,0,-1,-1,0.0,0.0,2025-Jan-30-19:53:16.803830
0.7569243814236536,1078,3,1,0,-1,0,0.0,0.0,2025-Jan-30-19:53:16.859749
0.7205224247317727,1079,4,1,0,0,0,0.0,0.0,2025-Jan-30-19:53:16.902494
1.1913269506311983,1080,0,1,0,0,1,0.0,0.1,2025-Jan-30-19:53:16.960971
0.6921729762420847,1081,7,1,0,1,1,0.2,0.5,2025-Jan-30-19:53:17.023392
1.06132561259678,1082,3,1,1,1,0,0.1,0.0,2025-Jan-30-19:53:17.069794
0.7205224112266858,1083,5,1,0,1,0,0.1,0.0,2025-Jan-30-19:53:17.123580
1.175500641146208,1084,10,1,0,0,0,0.0,0.0,2025-Jan-30-19:53:17.176334
1.1913312448205216,1085,0,1,0,1,0,0.1,0.0,2025-Jan-30-19:53:17.229928
0.7569243847338929,1086,6,1,0,-1,-1,0.0,0.0,2025-Jan-30-19:53:17.284299
0.7205224109066642,1087,6,1,0,0,1,0.0,0.8,2025-Jan-30-19:53:17.338325
1.0708934980940157,1088,10,1,0,-1,0,0.0,0.0,2025-Jan-30-19:53:17.397590
1.119636499730175,1089,8,1,0,1,-1,0.3,0.0,2025-Jan-30-19:53:17.488734
1.0708934980940157,1090,10,1,0,-1,0,0.0,0.0,2025-Jan-30-19:53:17.592280
0.6068450336218313,1091,2,1,0,0,1,0.0,0.8,2025-Jan-30-19:53:17.655951
0.720522411226685,1092,7,1,0,0,1,0.0,0.1,2025-Jan-30-19:53:17.708626
1.5463275906962,1093,0,1,1,0,1,0.0,0.1,2025-Jan-30-19:53:17.763046
0.8770004877476324,1094,2,1,1,1,1,1.0,0.4,2025-Jan-30-19:53:17.805104
1.0188248785396976,1095,8,1,1,1,0,0.4,0.0,2025-Jan-30-19:53:17.849583
0.8073473300882161,1096,4,1,0,1,-1,1.4,0.0,2025-Jan-30-19:53:17.925408
0.7205224247317727,1097,4,1,0,0,0,0.0,0.0,2025-Jan-30-19:53:17.974863
0.8437546688086673,1098,3,1,0,-1,-1,0.0,0.0,2025-Jan-30-19:53:18.047860
0.7205224247317727,1099,6,1,0,0,0,0.0,0.0,2025-Jan-30-19:53:18.092893
1.0784629054821941,1100,0,1,0,0,1,0.0,1.0,2025-Jan-30-19:53:18.171252
0.7569243815628101,1101,7,1,0,-1,0,0.0,0.0,2025-Jan-30-19:53:18.228716
0.663822756764818,1102,3,1,0,1,0,0.4,0.0,2025-Jan-30-19:53:18.270501
1.1755006411462283,1103,9,1,0,0,0,0.0,0.0,2025-Jan-30-19:53:18.324263
1.4334652534434817,1104,0,1,1,0,1,0.0,0.9,2025-Jan-30-19:53:18.400878
1.560507046225748,1105,0,1,1,0,0,0.0,0.0,2025-Jan-30-19:53:18.468343
1.1755006670486994,1106,9,1,0,-1,0,0.0,0.0,2025-Jan-30-19:53:18.556882
1.1755006411834283,1107,8,1,0,0,0,0.0,0.0,2025-Jan-30-19:53:18.638508
1.0755009769736241,1108,3,1,1,0,0,0.0,0.0,2025-Jan-30-19:53:18.696859
0.5929436754112625,1109,2,1,0,1,0,0.9,0.0,2025-Jan-30-19:53:18.739783
1.2055064061623826,1110,0,1,0,0,0,0.0,0.0,2025-Jan-30-19:53:18.793505
1.1771387082905578,1111,0,1,0,0,1,0.0,0.2,2025-Jan-30-19:53:18.846261
1.1238934980757993,1112,9,1,0,0,-1,0.0,0.0,2025-Jan-30-19:53:18.910026
0.8981394364563895,1113,3,1,1,1,0,1.4,0.0,2025-Jan-30-19:53:18.988753
1.1755006668962804,1114,10,1,0,1,1,0.1,0.1,2025-Jan-30-19:53:19.045646
0.7427451402173133,1115,1,1,0,-1,1,0.0,0.1,2025-Jan-30-19:53:19.099187
0.7494695557415343,1116,7,1,0,-1,-1,0.0,0.0,2025-Jan-30-19:53:19.160174
0.7205224113718841,1117,4,1,0,1,0,0.1,0.0,2025-Jan-30-19:53:19.217478
1.1755006411462283,1118,9,1,0,0,0,0.0,0.0,2025-Jan-30-19:53:19.276082
1.1119232593066721,1119,1,1,1,-1,0,0.0,0.0,2025-Jan-30-19:53:19.338992
0.7205224245866639,1120,2,1,0,0,0,0.0,0.0,2025-Jan-30-19:53:19.387236
0.7205224247317727,1121,6,1,0,0,0,0.0,0.0,2025-Jan-30-19:53:19.432672
0.7063478082865301,1122,7,1,0,1,0,0.1,0.0,2025-Jan-30-19:53:19.497027
0.807345591647213,1123,1,1,0,0,-1,0.0,0.0,2025-Jan-30-19:53:19.679232
1.0755242178287174,1124,8,1,1,0,0,0.0,0.0,2025-Jan-30-19:53:19.764547
0.5431717618826791,1125,7,1,0,1,0,1.5,0.0,2025-Jan-30-19:53:19.838235
1.1755006974968438,1126,10,1,0,1,-1,0.2,0.0,2025-Jan-30-19:53:19.898396
0.7205224244414656,1127,3,1,0,0,0,0.0,0.0,2025-Jan-30-19:53:19.944617
1.1771518130236438,1128,0,1,0,1,1,0.1,0.1,2025-Jan-30-19:53:20.002816
0.7063435174502529,1129,4,1,0,-1,1,0.0,0.1,2025-Jan-30-19:53:20.048359
0.807345591647213,1130,1,1,0,0,-1,0.0,0.0,2025-Jan-30-19:53:20.105691
0.807345591647213,1131,1,1,0,0,-1,0.0,0.0,2025-Jan-30-19:53:20.164142
0.7063458206858112,1132,1,1,0,1,0,0.1,0.0,2025-Jan-30-19:53:20.209830
0.7205224245865745,1133,7,1,0,0,0,0.0,0.0,2025-Jan-30-19:53:20.252637
0.7205224247317727,1134,4,1,0,0,0,0.0,0.0,2025-Jan-30-19:53:20.295211
0.6779979595660232,1135,6,1,0,1,1,0.3,0.7,2025-Jan-30-19:53:20.350044
1.061349680678953,1136,10,1,1,1,0,0.1,0.0,2025-Jan-30-19:53:20.394215
0.593478796807164,1137,4,1,0,-1,1,0.0,1.3,2025-Jan-30-19:53:20.482885
0.7569243847338929,1138,6,1,0,-1,-1,0.0,0.0,2025-Jan-30-19:53:20.568783
0.5793061038246603,1139,2,1,0,1,1,0.1,1.2,2025-Jan-30-19:53:20.660186
0.5431723806545313,1140,7,1,0,1,0,1.7,0.0,2025-Jan-30-19:53:20.731941
0.807347343816607,1141,2,1,0,0,-1,0.0,0.0,2025-Jan-30-19:53:20.786013
0.720522411226685,1142,7,1,0,0,1,0.0,0.1,2025-Jan-30-19:53:20.840635
0.7494695557415343,1143,7,1,0,-1,-1,0.0,0.0,2025-Jan-30-19:53:20.895800
0.807345591647213,1144,1,1,0,0,-1,0.0,0.0,2025-Jan-30-19:53:20.956742
1.1755006532539238,1145,10,1,0,1,0,1.6,0.0,2025-Jan-30-19:53:21.013128
1.061325612670322,1146,7,1,1,1,0,0.1,0.0,2025-Jan-30-19:53:21.058415
1.1755006411462283,1147,9,1,0,0,0,0.0,0.0,2025-Jan-30-19:53:21.115333
0.8073473467942733,1148,4,1,0,-1,-1,0.0,0.0,2025-Jan-30-19:53:21.172803
0.7205224247317727,1149,4,1,0,0,0,0.0,0.0,2025-Jan-30-19:53:21.217945
1.2055064061623826,1150,0,1,0,0,0,0.0,0.0,2025-Jan-30-19:53:21.270706
0.7205224113867225,1151,6,1,0,0,1,0.0,0.5,2025-Jan-30-19:53:21.323888
1.0755009769736241,1152,3,1,1,0,0,0.0,0.0,2025-Jan-30-19:53:21.367276
1.1755006670486994,1153,9,1,0,-1,0,0.0,0.0,2025-Jan-30-19:53:21.420937
0.7205224245866639,1154,2,1,0,0,0,0.0,0.0,2025-Jan-30-19:53:21.482211
0.7205224244414656,1155,3,1,0,0,0,0.0,0.0,2025-Jan-30-19:53:21.553106
0.7427469304722827,1156,2,1,0,-1,1,0.0,0.1,2025-Jan-30-19:53:21.634802
0.7569243817020505,1157,6,1,0,-1,0,0.0,0.0,2025-Jan-30-19:53:21.710874
0.7569243817020505,1158,6,1,0,-1,0,0.0,0.0,2025-Jan-30-19:53:21.765561
0.7205224245866639,1159,2,1,0,0,0,0.0,0.0,2025-Jan-30-19:53:21.807128
1.22773127294813,1160,0,1,0,-1,1,0.0,0.1,2025-Jan-30-19:53:21.888907
0.6637520143166269,1161,1,1,0,0,1,0.0,0.4,2025-Jan-30-19:53:21.930992
0.6638227569196077,1162,7,1,0,1,0,0.4,0.0,2025-Jan-30-19:53:21.982687
1.3253132534497158,1163,0,1,0,-1,-1,0.0,0.0,2025-Jan-30-19:53:22.094295
1.2055064061623826,1164,0,1,0,0,0,0.0,0.0,2025-Jan-30-19:53:22.150662
0.7205205030005031,1165,1,1,0,0,0,0.0,0.0,2025-Jan-30-19:53:22.193544
1.1238934980757944,1166,8,1,0,0,-1,0.0,0.0,2025-Jan-30-19:53:22.256043
0.5934804888661114,1167,2,1,0,0,1,0.0,1.2,2025-Jan-30-19:53:22.328331
1.1755006499836416,1168,8,1,0,1,0,1.5,0.0,2025-Jan-30-19:53:22.384387
1.1755006670486994,1169,9,1,0,-1,0,0.0,0.0,2025-Jan-30-19:53:22.440026
1.1755006411834283,1170,8,1,0,0,0,0.0,0.0,2025-Jan-30-19:53:22.535907
1.2055064061623826,1171,0,1,0,0,0,0.0,0.0,2025-Jan-30-19:53:22.625002
0.41613749536845024,1172,3,1,0,1,1,1.3,0.9,2025-Jan-30-19:53:22.746708
0.7205224245866639,1173,2,1,0,0,0,0.0,0.0,2025-Jan-30-19:53:22.792393
0.7063478082865301,1174,7,1,0,1,0,0.1,0.0,2025-Jan-30-19:53:22.906631
0.7205224245865745,1175,5,1,0,0,0,0.0,0.0,2025-Jan-30-19:53:22.953274
0.5934821857373367,1176,2,1,0,0,1,0.0,1.1,2025-Jan-30-19:53:23.028602
0.6210854744516954,1177,3,1,0,0,1,0.0,0.7,2025-Jan-30-19:53:23.074351
0.7569243814236536,1178,3,1,0,-1,0,0.0,0.0,2025-Jan-30-19:53:23.132176
0.8073473303476977,1179,4,1,0,1,-1,0.1,0.0,2025-Jan-30-19:53:23.212531
0.8392623432948352,1180,1,1,0,-1,-1,0.0,0.0,2025-Jan-30-19:53:23.282936
1.1755006473865848,1181,9,1,0,1,0,0.1,0.0,2025-Jan-30-19:53:23.339295
0.7205205030005031,1182,1,1,0,0,0,0.0,0.0,2025-Jan-30-19:53:23.383714
0.7205224244414656,1183,3,1,0,0,0,0.0,0.0,2025-Jan-30-19:53:23.428651
0.7205224244414656,1184,3,1,0,0,0,0.0,0.0,2025-Jan-30-19:53:23.482615
0.6490237569412205,1185,3,1,0,-1,1,0.0,0.7,2025-Jan-30-19:53:23.565924
0.7569243815628101,1186,7,1,0,-1,0,0.0,0.0,2025-Jan-30-19:53:23.653415
0.6637540463240508,1187,3,1,0,0,1,0.0,0.4,2025-Jan-30-19:53:23.697967
0.807347343816607,1188,2,1,0,0,-1,0.0,0.0,2025-Jan-30-19:53:23.754008
0.6717751776715627,1189,3,1,0,-1,1,0.0,0.6,2025-Jan-30-19:53:23.808910
0.7205205030005031,1190,1,1,0,0,0,0.0,0.0,2025-Jan-30-19:53:23.853172
0.6210854746137486,1191,5,1,0,0,1,0.0,0.7,2025-Jan-30-19:53:23.895184
0.7205224244414656,1192,3,1,0,0,0,0.0,0.0,2025-Jan-30-19:53:23.938318
0.5431730021209557,1193,7,1,0,1,0,1.9,0.0,2025-Jan-30-19:53:24.020377
1.0784646133654008,1194,0,1,0,0,1,0.0,0.9,2025-Jan-30-19:53:24.102001
1.0755242047942923,1195,9,1,1,1,0,0.4,0.0,2025-Jan-30-19:53:24.156622
1.1755006473865848,1196,9,1,0,1,0,0.1,0.0,2025-Jan-30-19:53:24.210778
1.0708934980940108,1197,8,1,0,-1,0,0.0,0.0,2025-Jan-30-19:53:24.270686
0.8073473303476977,1198,4,1,0,1,-1,0.1,0.0,2025-Jan-30-19:53:24.348064
0.5431730021209557,1199,7,1,0,1,0,1.9,0.0,2025-Jan-30-19:53:24.418712
1.175500669872838,1200,9,1,0,1,1,1.4,1.5,2025-Jan-30-19:53:24.498214
1.1755006662807872,1201,8,1,0,0,1,0.0,0.1,2025-Jan-30-19:53:24.581987
0.7063477949569597,1202,7,1,0,1,1,0.1,0.1,2025-Jan-30-19:53:24.658199
0.8073473466634223,1203,5,1,0,-1,-1,0.0,0.0,2025-Jan-30-19:53:24.712048
0.7569243815628101,1204,7,1,0,-1,0,0.0,0.0,2025-Jan-30-19:53:24.767715
1.175500641146208,1205,10,1,0,0,0,0.0,0.0,2025-Jan-30-19:53:24.820263
1.1755006638664305,1206,10,1,0,1,1,0.1,0.5,2025-Jan-30-19:53:24.875809
0.8437546689335951,1207,2,1,0,-1,-1,0.0,0.0,2025-Jan-30-19:53:24.944598
1.1755006411834283,1208,8,1,0,0,0,0.0,0.0,2025-Jan-30-19:53:25.001028
0.6212959111066112,1209,7,1,0,1,0,0.7,0.0,2025-Jan-30-19:53:25.046428
0.7205205030005031,1210,1,1,0,0,0,0.0,0.0,2025-Jan-30-19:53:25.165169
0.7205224245865745,1211,5,1,0,0,0,0.0,0.0,2025-Jan-30-19:53:25.213853
0.6212959112687695,1212,6,1,0,1,0,0.7,0.0,2025-Jan-30-19:53:25.260582
0.7205224244414656,1213,3,1,0,0,0,0.0,0.0,2025-Jan-30-19:53:25.304694
0.649539980127608,1214,4,1,0,0,1,0.0,0.5,2025-Jan-30-19:53:25.350596
1.175500663028485,1215,8,1,0,1,0,0.5,0.0,2025-Jan-30-19:53:25.402785
0.6354717304370354,1216,6,1,0,1,-1,0.6,0.0,2025-Jan-30-19:53:25.459507
1.0708935178111985,1217,10,1,0,-1,-1,0.0,0.0,2025-Jan-30-19:53:25.566312
0.7205224278962876,1218,6,1,0,0,-1,0.0,0.0,2025-Jan-30-19:53:25.629917
0.7205224114708879,1219,4,1,0,1,0,1.1,0.0,2025-Jan-30-19:53:25.696630
1.1755006502985448,1220,10,1,0,0,1,0.0,0.5,2025-Jan-30-19:53:25.752486
0.7205224245866639,1221,2,1,0,0,0,0.0,0.0,2025-Jan-30-19:53:25.794898
0.6496473288285447,1222,7,1,0,1,1,0.5,1.7,2025-Jan-30-19:53:25.851067
0.7205205030005031,1223,1,1,0,0,0,0.0,0.0,2025-Jan-30-19:53:25.894905
0.5431714534807423,1224,7,1,0,1,0,1.4,0.0,2025-Jan-30-19:53:25.975695
0.7205224245866639,1225,2,1,0,0,0,0.0,0.0,2025-Jan-30-19:53:26.023435
0.7205224113160088,1226,6,1,0,0,1,0.0,1.3,2025-Jan-30-19:53:26.087761
0.7063435140839482,1227,2,1,0,0,1,0.0,0.1,2025-Jan-30-19:53:26.128313
0.7205224244414656,1228,3,1,0,0,0,0.0,0.0,2025-Jan-30-19:53:26.169386
0.720522427896289,1229,4,1,0,-1,0,0.0,0.0,2025-Jan-30-19:53:26.211590
1.1755006670483659,1230,10,1,0,0,-1,0.0,0.0,2025-Jan-30-19:53:26.264036
0.7205224245866639,1231,2,1,0,0,0,0.0,0.0,2025-Jan-30-19:53:26.306410
0.7569243817020505,1232,6,1,0,-1,0,0.0,0.0,2025-Jan-30-19:53:26.362509
0.7205224277510908,1233,5,1,0,-1,0,0.0,0.0,2025-Jan-30-19:53:26.405761
0.7205205030005031,1234,1,1,0,0,0,0.0,0.0,2025-Jan-30-19:53:26.464705
0.6353171230385453,1235,2,1,0,0,1,0.0,0.6,2025-Jan-30-19:53:26.558268
0.7205224277510908,1236,5,1,0,-1,0,0.0,0.0,2025-Jan-30-19:53:26.641831
1.0281499207202813,1237,0,1,0,1,0,1.9,0.0,2025-Jan-30-19:53:26.751143
0.8073473436857561,1238,3,1,0,0,-1,0.0,0.0,2025-Jan-30-19:53:26.808461
0.7569243817020505,1239,6,1,0,-1,0,0.0,0.0,2025-Jan-30-19:53:26.865463
0.5431730021209557,1240,7,1,0,1,0,1.9,0.0,2025-Jan-30-19:53:26.938843
0.6068450336218313,1241,2,1,0,0,1,0.0,0.8,2025-Jan-30-19:53:26.983249
0.8073473439474215,1242,4,1,0,0,-1,0.0,0.0,2025-Jan-30-19:53:27.040454
0.5431730021209557,1243,7,1,0,1,0,1.9,0.0,2025-Jan-30-19:53:27.116205
1.1755006889165645,1244,10,1,0,1,-1,0.1,0.0,2025-Jan-30-19:53:27.171619
1.1755006670486994,1245,9,1,0,-1,0,0.0,0.0,2025-Jan-30-19:53:27.227122
0.7001786609809457,1246,1,1,0,-1,1,0.0,0.4,2025-Jan-30-19:53:27.286978
0.5934686491865595,1247,4,1,0,0,1,0.0,1.9,2025-Jan-30-19:53:27.359930
0.7063435174502529,1248,4,1,0,-1,1,0.0,0.1,2025-Jan-30-19:53:27.404411
0.5431711457742605,1249,6,1,0,1,0,1.3,0.0,2025-Jan-30-19:53:27.494991
0.8073473436857561,1250,3,1,0,0,-1,0.0,0.0,2025-Jan-30-19:53:27.592962
0.7205224278962876,1251,6,1,0,0,-1,0.0,0.0,2025-Jan-30-19:53:27.676101
0.5934754062919885,1252,4,1,0,0,1,0.0,1.5,2025-Jan-30-19:53:27.758580
0.6637847826136758,1253,2,1,0,1,1,0.1,0.3,2025-Jan-30-19:53:27.802646
1.2055064061623826,1254,0,1,0,0,0,0.0,0.0,2025-Jan-30-19:53:27.857906
0.7205224245866639,1255,2,1,0,0,0,0.0,0.0,2025-Jan-30-19:53:27.902602
1.1755006445117213,1256,8,1,0,1,0,1.9,0.0,2025-Jan-30-19:53:27.957582
0.7205224247317727,1257,4,1,0,0,0,0.0,0.0,2025-Jan-30-19:53:28.002376
1.0613422050248085,1258,1,1,1,0,1,0.0,0.1,2025-Jan-30-19:53:28.046375
0.7569243847338929,1259,6,1,0,-1,-1,0.0,0.0,2025-Jan-30-19:53:28.102690
