Cost,Sim,Switch_State_Indx,Gen1_on,Gen2_on,Batt1_mode,Batt2_mode,Batt1_power_kW,Batt2_power_kW,Timestamp
0.6212959146521713,658,7,1,0,1,-1,0.7,0.0,2025-Jan-30-19:52:42.034986
1.1238934980757993,659,9,1,0,0,-1,0.0,0.0,2025-Jan-30-19:52:42.103083
1.1755006585448138,660,8,1,0,0,1,0.0,0.9,2025-Jan-30-19:52:42.161746
1.1755006670486994,661,9,1,0,-1,0,0.0,0.0,2025-Jan-30-19:52:42.221560
0.7205224114074101,662,4,1,0,1,0,0.3,0.0,2025-Jan-30-19:52:42.281601
0.9484421919519911,663,5,1,1,-1,1,0.0,1.7,2025-Jan-30-19:52:42.361852
0.7205224245866639,664,2,1,0,0,0,0.0,0.0,2025-Jan-30-19:52:42.410423
0.43755115919528437,665,3,1,0,1,1,1.1,1.2,2025-Jan-30-19:52:42.527864
1.1755006411462283,666,9,1,0,0,0,0.0,0.0,2025-Jan-30-19:52:42.616412
0.7205224245865745,667,5,1,0,0,0,0.0,0.0,2025-Jan-30-19:52:42.683628
1.0708934980940157,668,10,1,0,-1,0,0.0,0.0,2025-Jan-30-19:52:42.755716
1.5038052195126463,669,0,1,1,1,0,0.4,0.0,2025-Jan-30-19:52:42.814419
1.0755242048776168,670,10,1,1,0,1,0.0,1.6,2025-Jan-30-19:52:42.876584
0.5431690019050563,671,1,1,0,1,0,1.5,0.0,2025-Jan-30-19:52:42.960897
1.0755230646832414,672,2,1,1,0,0,0.0,0.0,2025-Jan-30-19:52:43.008218
1.1755006631362734,673,9,1,0,1,1,1.5,0.9,2025-Jan-30-19:52:43.068191
0.7569226192142846,674,1,1,0,-1,0,0.0,0.0,2025-Jan-30-19:52:43.128143
0.6071198941899467,675,7,1,0,1,0,0.8,0.0,2025-Jan-30-19:52:43.176482
0.947946254257429,676,8,1,1,1,0,0.9,0.0,2025-Jan-30-19:52:43.223162
1.0755242179736964,677,10,1,1,0,0,0.0,0.0,2025-Jan-30-19:52:43.269779
1.1755006411462283,678,9,1,0,0,0,0.0,0.0,2025-Jan-30-19:52:43.329445
1.1755006599428857,679,9,1,0,1,1,0.6,1.7,2025-Jan-30-19:52:43.388173
0.807345591647213,680,1,1,0,0,-1,0.0,0.0,2025-Jan-30-19:52:43.468783
1.0755230648283503,681,6,1,1,0,0,0.0,0.0,2025-Jan-30-19:52:43.555866
1.1119260150921875,682,8,1,1,-1,0,0.0,0.0,2025-Jan-30-19:52:43.648008
0.7205224277510894,683,7,1,0,0,-1,0.0,0.0,2025-Jan-30-19:52:43.708208
0.7205224277510908,684,5,1,0,-1,0,0.0,0.0,2025-Jan-30-19:52:43.752660
1.3253132534497158,685,0,1,0,-1,-1,0.0,0.0,2025-Jan-30-19:52:43.856908
1.1623492753527984,686,9,1,1,1,-1,1.2,0.0,2025-Jan-30-19:52:43.936723
1.560507046225748,687,0,1,1,0,0,0.0,0.0,2025-Jan-30-19:52:43.991742
0.807347343816607,688,2,1,0,0,-1,0.0,0.0,2025-Jan-30-19:52:44.054721
1.1623479840341715,689,4,1,1,0,-1,0.0,0.0,2025-Jan-30-19:52:44.112661
0.807345591647213,690,1,1,0,0,-1,0.0,0.0,2025-Jan-30-19:52:44.169875
1.0708934980940157,691,10,1,0,-1,0,0.0,0.0,2025-Jan-30-19:52:44.234537
1.0755230679928667,692,4,1,1,-1,0,0.0,0.0,2025-Jan-30-19:52:44.279380
1.1119250217945271,693,6,1,1,-1,0,0.0,0.0,2025-Jan-30-19:52:44.336259
1.0755230646832414,694,2,1,1,0,0,0.0,0.0,2025-Jan-30-19:52:44.380945
1.1755006411462283,695,9,1,0,0,0,0.0,0.0,2025-Jan-30-19:52:44.435465
1.1062761444352938,696,0,1,0,1,0,0.7,0.0,2025-Jan-30-19:52:44.521603
1.0755009621327605,697,5,1,1,1,0,1.7,0.0,2025-Jan-30-19:52:44.633055
0.6071198979547594,698,6,1,0,1,-1,0.8,0.0,2025-Jan-30-19:52:44.797419
0.8073473438165705,699,5,1,0,0,-1,0.0,0.0,2025-Jan-30-19:52:44.860181
1.1238934980757993,700,9,1,0,0,-1,0.0,0.0,2025-Jan-30-19:52:44.927026
0.7205205030005031,701,1,1,0,0,0,0.0,0.0,2025-Jan-30-19:52:44.975398
1.162349289150435,702,9,1,1,0,-1,0.0,0.0,2025-Jan-30-19:52:45.036473
0.7205224277510908,703,5,1,0,-1,0,0.0,0.0,2025-Jan-30-19:52:45.082979
1.061348435277972,704,6,1,1,1,1,0.1,0.7,2025-Jan-30-19:52:45.141118
0.8073473300687635,705,4,1,0,1,-1,1.6,0.0,2025-Jan-30-19:52:45.221791
0.7205224245865745,706,5,1,0,0,0,0.0,0.0,2025-Jan-30-19:52:45.265600
0.7205224244414656,707,3,1,0,0,0,0.0,0.0,2025-Jan-30-19:52:45.308072
1.0755230648283505,708,4,1,1,0,0,0.0,0.0,2025-Jan-30-19:52:45.354979
1.175500668233913,709,8,1,0,1,1,1.9,1.4,2025-Jan-30-19:52:45.413057
0.5934686359899466,710,5,1,0,1,1,1.5,1.9,2025-Jan-30-19:52:45.508027
0.5431711325043276,711,7,1,0,1,1,1.3,1.9,2025-Jan-30-19:52:45.619060
0.4161238472176815,712,3,1,0,1,1,1.9,1.9,2025-Jan-30-19:52:45.734561
0.8981404916188358,713,7,1,1,1,1,1.9,1.9,2025-Jan-30-19:52:45.817845
0.8981404916188358,714,7,1,1,1,1,1.9,1.9,2025-Jan-30-19:52:45.899708
1.1755006699492077,715,8,1,0,1,1,1.9,1.3,2025-Jan-30-19:52:45.955207
0.4517157551345834,716,2,1,0,1,1,1.0,1.9,2025-Jan-30-19:52:46.029575
0.5934686357166545,717,5,1,0,1,1,1.7,1.9,2025-Jan-30-19:52:46.110846
0.8981400636478116,718,7,1,1,1,1,1.7,1.6,2025-Jan-30-19:52:46.191383
0.948443941090692,719,5,1,1,1,1,1.9,1.6,2025-Jan-30-19:52:46.274040
0.8981404916188358,720,7,1,1,1,1,1.9,1.9,2025-Jan-30-19:52:46.355873
0.5787672412713708,721,7,1,0,1,1,1.0,1.7,2025-Jan-30-19:52:46.413072
0.5934686361211372,722,4,1,0,1,1,1.8,1.9,2025-Jan-30-19:52:46.510206
0.5934720114353388,723,4,1,0,1,1,1.6,1.7,2025-Jan-30-19:52:46.628982
0.5934737016431938,724,5,1,0,1,1,1.4,1.6,2025-Jan-30-19:52:46.725811
0.7711257629020879,725,8,1,1,1,1,1.5,1.8,2025-Jan-30-19:52:46.824468
0.5431711326798521,726,6,1,0,1,1,1.3,1.9,2025-Jan-30-19:52:46.903363
0.9484386493700098,727,5,1,1,1,1,1.5,1.9,2025-Jan-30-19:52:46.986621
0.5934753925650459,728,5,1,0,1,1,1.4,1.5,2025-Jan-30-19:52:47.065352
0.5431729894076266,729,6,1,0,1,1,1.9,1.9,2025-Jan-30-19:52:47.141767
1.1755006538428683,730,9,1,0,1,1,1.3,1.9,2025-Jan-30-19:52:47.199914
1.1755006663810454,731,8,1,0,1,1,1.9,1.6,2025-Jan-30-19:52:47.253181
0.5934686361568143,732,4,1,0,1,1,1.5,1.9,2025-Jan-30-19:52:47.330641
0.5934686365122828,733,5,1,0,1,1,1.3,1.9,2025-Jan-30-19:52:47.412593
0.5934737018100764,734,4,1,0,1,1,1.4,1.6,2025-Jan-30-19:52:47.508191
0.5787672409233908,735,7,1,0,1,1,1.0,1.9,2025-Jan-30-19:52:47.593104
0.5645906165620023,736,7,1,0,1,1,1.1,1.9,2025-Jan-30-19:52:47.672194
0.5934686366791507,737,4,1,0,1,1,1.3,1.9,2025-Jan-30-19:52:47.754826
1.175500664746105,738,9,1,0,1,1,1.9,1.5,2025-Jan-30-19:52:47.809952
1.1755006556070313,739,9,1,0,1,1,1.1,1.9,2025-Jan-30-19:52:47.871171
0.5431717492471877,740,7,1,0,1,1,1.5,1.2,2025-Jan-30-19:52:47.954671
1.1755006699493968,741,8,1,0,1,1,1.6,1.6,2025-Jan-30-19:52:48.010728
0.5431711326798521,742,6,1,0,1,1,1.3,1.9,2025-Jan-30-19:52:48.090893
1.175500664746105,743,9,1,0,1,1,1.9,1.5,2025-Jan-30-19:52:48.143907
0.5431726786920914,744,6,1,0,1,1,1.8,1.7,2025-Jan-30-19:52:48.222081
0.7783651200539953,745,8,1,1,1,1,1.2,1.9,2025-Jan-30-19:52:48.293454
0.5431726779291348,746,7,1,0,1,1,1.8,1.9,2025-Jan-30-19:52:48.466418
0.5934787804521057,747,4,1,0,1,1,1.2,1.3,2025-Jan-30-19:52:48.593235
0.593468636346788,748,4,1,0,1,1,1.4,1.9,2025-Jan-30-19:52:48.697389
0.5431726781046677,749,6,1,0,1,1,1.8,1.9,2025-Jan-30-19:52:48.774644
0.5934770862784491,750,4,1,0,1,1,1.9,1.4,2025-Jan-30-19:52:48.860653
0.5431729892320921,751,7,1,0,1,1,1.9,1.9,2025-Jan-30-19:52:48.941016
0.9195912569558149,752,6,1,1,1,1,1.1,1.3,2025-Jan-30-19:52:48.997778
0.5934703236541958,753,4,1,0,1,1,1.4,1.8,2025-Jan-30-19:52:49.074442
0.5431714410036803,754,6,1,0,1,1,1.4,1.2,2025-Jan-30-19:52:49.151081
0.5934804752622036,755,4,1,0,1,1,1.8,1.2,2025-Jan-30-19:52:49.229584
1.1755006699490549,756,8,1,0,1,1,1.3,1.9,2025-Jan-30-19:52:49.287137
0.5934787801320986,757,5,1,0,1,1,1.9,1.3,2025-Jan-30-19:52:49.364820
0.5934686362314654,758,5,1,0,1,1,1.0,1.9,2025-Jan-30-19:52:49.461153
1.1755006566540593,759,8,1,0,1,1,1.9,1.9,2025-Jan-30-19:52:49.555794
0.5431729892320921,760,7,1,0,1,1,1.9,1.9,2025-Jan-30-19:52:49.671816
0.5934686363281997,761,4,1,0,1,1,1.9,1.9,2025-Jan-30-19:52:49.751306
1.1755006566540593,762,8,1,0,1,1,1.9,1.9,2025-Jan-30-19:52:49.806042
0.5431729892320921,763,7,1,0,1,1,1.9,1.9,2025-Jan-30-19:52:49.897914
0.5934686363281997,764,4,1,0,1,1,1.9,1.9,2025-Jan-30-19:52:49.990338
1.1755006566540593,765,8,1,0,1,1,1.9,1.9,2025-Jan-30-19:52:50.048569
0.5431729894076266,766,6,1,0,1,1,1.9,1.9,2025-Jan-30-19:52:50.127866
0.5431729894076266,767,6,1,0,1,1,1.9,1.9,2025-Jan-30-19:52:50.206951
1.1755006566540593,768,8,1,0,1,1,1.9,1.9,2025-Jan-30-19:52:50.261033
0.5934686361613319,769,5,1,0,1,1,1.9,1.9,2025-Jan-30-19:52:50.340594
0.5431729894076266,770,6,1,0,1,1,1.9,1.9,2025-Jan-30-19:52:50.421405
0.5431729892320921,771,7,1,0,1,1,1.9,1.9,2025-Jan-30-19:52:50.520741
0.5431729892320921,772,7,1,0,1,1,1.9,1.9,2025-Jan-30-19:52:50.622839
0.4161238472176815,773,3,1,0,1,1,1.9,1.9,2025-Jan-30-19:52:50.735011
0.5934686363281997,774,4,1,0,1,1,1.9,1.9,2025-Jan-30-19:52:50.820275
1.1755006566540593,775,8,1,0,1,1,1.9,1.9,2025-Jan-30-19:52:50.881092
0.5934686361613319,776,5,1,0,1,1,1.9,1.9,2025-Jan-30-19:52:50.966616
0.4161238472176815,777,3,1,0,1,1,1.9,1.9,2025-Jan-30-19:52:51.071840
0.5431729892320921,778,7,1,0,1,1,1.9,1.9,2025-Jan-30-19:52:51.154827
0.5934686363281997,779,4,1,0,1,1,1.9,1.9,2025-Jan-30-19:52:51.241588
0.5431729894076266,780,6,1,0,1,1,1.9,1.9,2025-Jan-30-19:52:51.332772
0.5934686363281997,781,4,1,0,1,1,1.9,1.9,2025-Jan-30-19:52:51.420908
1.1755006566540593,782,8,1,0,1,1,1.9,1.9,2025-Jan-30-19:52:51.497898
0.5934686363281997,783,4,1,0,1,1,1.9,1.9,2025-Jan-30-19:52:51.626291
0.5431729892320921,784,7,1,0,1,1,1.9,1.9,2025-Jan-30-19:52:51.725935
0.5431729892320921,785,7,1,0,1,1,1.9,1.9,2025-Jan-30-19:52:51.812490
0.5431729892320921,786,7,1,0,1,1,1.9,1.9,2025-Jan-30-19:52:51.892911
0.5431729894076266,787,6,1,0,1,1,1.9,1.9,2025-Jan-30-19:52:51.977741
0.5934686363281997,788,4,1,0,1,1,1.9,1.9,2025-Jan-30-19:52:52.059816
0.5934686363281997,789,4,1,0,1,1,1.9,1.9,2025-Jan-30-19:52:52.137263
0.5934686361613319,790,5,1,0,1,1,1.9,1.9,2025-Jan-30-19:52:52.227937
0.5431729892320921,791,7,1,0,1,1,1.9,1.9,2025-Jan-30-19:52:52.320477
0.5431729894076266,792,6,1,0,1,1,1.9,1.9,2025-Jan-30-19:52:52.407449
1.1755006566540593,793,8,1,0,1,1,1.9,1.9,2025-Jan-30-19:52:52.483306
0.5431729894076266,794,6,1,0,1,1,1.9,1.9,2025-Jan-30-19:52:52.607051
0.5431729894076266,795,6,1,0,1,1,1.9,1.9,2025-Jan-30-19:52:52.709514
0.4161238472176815,796,3,1,0,1,1,1.9,1.9,2025-Jan-30-19:52:52.917425
0.5934686363281997,797,4,1,0,1,1,1.9,1.9,2025-Jan-30-19:52:53.008737
0.5431729892320921,798,7,1,0,1,1,1.9,1.9,2025-Jan-30-19:52:53.101302
0.5431729894076266,799,6,1,0,1,1,1.9,1.9,2025-Jan-30-19:52:53.193977
0.4161238472176815,800,3,1,0,1,1,1.9,1.9,2025-Jan-30-19:52:53.296796
0.4161238472176815,801,3,1,0,1,1,1.9,1.9,2025-Jan-30-19:52:53.393624
0.5934686363281997,802,4,1,0,1,1,1.9,1.9,2025-Jan-30-19:52:53.486594
0.4161238472176815,803,3,1,0,1,1,1.9,1.9,2025-Jan-30-19:52:53.623441
0.5431729894076266,804,6,1,0,1,1,1.9,1.9,2025-Jan-30-19:52:53.721777
0.5934686363281997,805,4,1,0,1,1,1.9,1.9,2025-Jan-30-19:52:53.802741
0.5934686363281997,806,4,1,0,1,1,1.9,1.9,2025-Jan-30-19:52:53.889925
0.5934686363281997,807,4,1,0,1,1,1.9,1.9,2025-Jan-30-19:52:53.975899
0.5431729894076266,808,6,1,0,1,1,1.9,1.9,2025-Jan-30-19:52:54.057423
0.5934686363281997,809,4,1,0,1,1,1.9,1.9,2025-Jan-30-19:52:54.139542
0.5934686363281997,810,4,1,0,1,1,1.9,1.9,2025-Jan-30-19:52:54.221003
0.5934686361613319,811,5,1,0,1,1,1.9,1.9,2025-Jan-30-19:52:54.304265
0.5934686361613319,812,5,1,0,1,1,1.9,1.9,2025-Jan-30-19:52:54.387289
0.5934686363281997,813,4,1,0,1,1,1.9,1.9,2025-Jan-30-19:52:54.491965
0.4161238472176815,814,3,1,0,1,1,1.9,1.9,2025-Jan-30-19:52:54.621381
0.4161238472176815,815,3,1,0,1,1,1.9,1.9,2025-Jan-30-19:52:54.733146
0.4161238472176815,816,3,1,0,1,1,1.9,1.9,2025-Jan-30-19:52:54.836240
0.5934686363281997,817,4,1,0,1,1,1.9,1.9,2025-Jan-30-19:52:54.919295
0.4161238472176815,818,3,1,0,1,1,1.9,1.9,2025-Jan-30-19:52:55.019361
0.5431729894076266,819,6,1,0,1,1,1.9,1.9,2025-Jan-30-19:52:55.101977
0.5934686363281997,820,4,1,0,1,1,1.9,1.9,2025-Jan-30-19:52:55.181779
0.5934686363281997,821,4,1,0,1,1,1.9,1.9,2025-Jan-30-19:52:55.263182
0.5934686361613319,822,5,1,0,1,1,1.9,1.9,2025-Jan-30-19:52:55.342317
0.5431729894076266,823,6,1,0,1,1,1.9,1.9,2025-Jan-30-19:52:55.422404
0.5431729894076266,824,6,1,0,1,1,1.9,1.9,2025-Jan-30-19:52:55.529059
0.5431729894076266,825,6,1,0,1,1,1.9,1.9,2025-Jan-30-19:52:55.649237
0.5934686363281997,826,4,1,0,1,1,1.9,1.9,2025-Jan-30-19:52:55.728182
0.5934686363281997,827,4,1,0,1,1,1.9,1.9,2025-Jan-30-19:52:55.810795
0.5431729894076266,828,6,1,0,1,1,1.9,1.9,2025-Jan-30-19:52:55.899611
0.5431729894076266,829,6,1,0,1,1,1.9,1.9,2025-Jan-30-19:52:55.988447
0.5934686361613319,830,5,1,0,1,1,1.9,1.9,2025-Jan-30-19:52:56.075828
0.5934686363281997,831,4,1,0,1,1,1.9,1.9,2025-Jan-30-19:52:56.155327
0.4161238472176815,832,3,1,0,1,1,1.9,1.9,2025-Jan-30-19:52:56.257359
0.5934686363281997,833,4,1,0,1,1,1.9,1.9,2025-Jan-30-19:52:56.353053
0.5934686363281997,834,4,1,0,1,1,1.9,1.9,2025-Jan-30-19:52:56.443906
0.5431729894076266,835,6,1,0,1,1,1.9,1.9,2025-Jan-30-19:52:56.574776
0.5431729894076266,836,6,1,0,1,1,1.9,1.9,2025-Jan-30-19:52:56.680739
0.4161238472176815,837,3,1,0,1,1,1.9,1.9,2025-Jan-30-19:52:56.784485
0.5934686363281997,838,4,1,0,1,1,1.9,1.9,2025-Jan-30-19:52:56.874234
0.5934686361613319,839,5,1,0,1,1,1.9,1.9,2025-Jan-30-19:52:57.046059
0.5934686363281997,840,4,1,0,1,1,1.9,1.9,2025-Jan-30-19:52:57.130095
0.5934686361613319,841,5,1,0,1,1,1.9,1.9,2025-Jan-30-19:52:57.212372
0.5934686361613319,842,5,1,0,1,1,1.9,1.9,2025-Jan-30-19:52:57.307417
0.4161238472176815,843,3,1,0,1,1,1.9,1.9,2025-Jan-30-19:52:57.421654
0.5934686361613319,844,5,1,0,1,1,1.9,1.9,2025-Jan-30-19:52:57.527046
0.5934686363281997,845,4,1,0,1,1,1.9,1.9,2025-Jan-30-19:52:57.642762
0.5934686363281997,846,4,1,0,1,1,1.9,1.9,2025-Jan-30-19:52:57.744999
0.5934686361613319,847,5,1,0,1,1,1.9,1.9,2025-Jan-30-19:52:57.826209
0.5934686361613319,848,5,1,0,1,1,1.9,1.9,2025-Jan-30-19:52:57.912717
0.5934686363281997,849,4,1,0,1,1,1.9,1.9,2025-Jan-30-19:52:57.999808
0.5934686361613319,850,5,1,0,1,1,1.9,1.9,2025-Jan-30-19:52:58.083951
0.5431729894076266,851,6,1,0,1,1,1.9,1.9,2025-Jan-30-19:52:58.165337
0.5431729894076266,852,6,1,0,1,1,1.9,1.9,2025-Jan-30-19:52:58.250399
0.4161238472176815,853,3,1,0,1,1,1.9,1.9,2025-Jan-30-19:52:58.348990
0.5934686361613319,854,5,1,0,1,1,1.9,1.9,2025-Jan-30-19:52:58.432372
0.5934686363281997,855,4,1,0,1,1,1.9,1.9,2025-Jan-30-19:52:58.539109
0.5934686361613319,856,5,1,0,1,1,1.9,1.9,2025-Jan-30-19:52:58.650352
0.5934686363281997,857,4,1,0,1,1,1.9,1.9,2025-Jan-30-19:52:58.729657
0.5934686363281997,858,4,1,0,1,1,1.9,1.9,2025-Jan-30-19:52:58.820494
0.5934686361613319,859,5,1,0,1,1,1.9,1.9,2025-Jan-30-19:52:58.916326
0.5934686361613319,860,5,1,0,1,1,1.9,1.9,2025-Jan-30-19:52:59.010283
0.4161238472176815,861,3,1,0,1,1,1.9,1.9,2025-Jan-30-19:52:59.127687
0.4161238472176815,862,3,1,0,1,1,1.9,1.9,2025-Jan-30-19:52:59.234699
0.4161238472176815,863,3,1,0,1,1,1.9,1.9,2025-Jan-30-19:52:59.347286
0.4161238472176815,864,3,1,0,1,1,1.9,1.9,2025-Jan-30-19:52:59.463055
0.5934686361613319,865,5,1,0,1,1,1.9,1.9,2025-Jan-30-19:52:59.588046
0.4161238472176815,866,3,1,0,1,1,1.9,1.9,2025-Jan-30-19:52:59.714820
0.4161238472176815,867,3,1,0,1,1,1.9,1.9,2025-Jan-30-19:52:59.823455
0.5934686363281997,868,4,1,0,1,1,1.9,1.9,2025-Jan-30-19:52:59.921427
0.5934686363281997,869,4,1,0,1,1,1.9,1.9,2025-Jan-30-19:53:00.015747
0.5934686361613319,870,5,1,0,1,1,1.9,1.9,2025-Jan-30-19:53:00.109008
0.5934686361613319,871,5,1,0,1,1,1.9,1.9,2025-Jan-30-19:53:00.198223
0.5934686361613319,872,5,1,0,1,1,1.9,1.9,2025-Jan-30-19:53:00.286654
0.5934686363281997,873,4,1,0,1,1,1.9,1.9,2025-Jan-30-19:53:00.375189
0.5934686361613319,874,5,1,0,1,1,1.9,1.9,2025-Jan-30-19:53:00.485927
0.5934686361613319,875,5,1,0,1,1,1.9,1.9,2025-Jan-30-19:53:00.613796
0.5934686363281997,876,4,1,0,1,1,1.9,1.9,2025-Jan-30-19:53:00.713799
0.5934686361613319,877,5,1,0,1,1,1.9,1.9,2025-Jan-30-19:53:00.789829
0.5934686363281997,878,4,1,0,1,1,1.9,1.9,2025-Jan-30-19:53:00.869512
0.5934686363281997,879,4,1,0,1,1,1.9,1.9,2025-Jan-30-19:53:01.039437
0.5934686361613319,880,5,1,0,1,1,1.9,1.9,2025-Jan-30-19:53:01.120566
0.4161238472176815,881,3,1,0,1,1,1.9,1.9,2025-Jan-30-19:53:01.221948
0.5934686363281997,882,4,1,0,1,1,1.9,1.9,2025-Jan-30-19:53:01.300510
0.4161238472176815,883,3,1,0,1,1,1.9,1.9,2025-Jan-30-19:53:01.395735
0.5934686363281997,884,4,1,0,1,1,1.9,1.9,2025-Jan-30-19:53:01.498119
0.4161238472176815,885,3,1,0,1,1,1.9,1.9,2025-Jan-30-19:53:01.636835
0.5934686363281997,886,4,1,0,1,1,1.9,1.9,2025-Jan-30-19:53:01.737000
0.5934686363281997,887,4,1,0,1,1,1.9,1.9,2025-Jan-30-19:53:01.813140
0.5934686363281997,888,4,1,0,1,1,1.9,1.9,2025-Jan-30-19:53:01.891616
0.5934686363281997,889,4,1,0,1,1,1.9,1.9,2025-Jan-30-19:53:01.976891
0.5934686361613319,890,5,1,0,1,1,1.9,1.9,2025-Jan-30-19:53:02.057227
0.4161238472176815,891,3,1,0,1,1,1.9,1.9,2025-Jan-30-19:53:02.151379
0.5934686361613319,892,5,1,0,1,1,1.9,1.9,2025-Jan-30-19:53:02.234356
0.4161238472176815,893,3,1,0,1,1,1.9,1.9,2025-Jan-30-19:53:02.330029
0.5934686363281997,894,4,1,0,1,1,1.9,1.9,2025-Jan-30-19:53:02.408347
0.4161238472176815,895,3,1,0,1,1,1.9,1.9,2025-Jan-30-19:53:02.526285
0.5934686363281997,896,4,1,0,1,1,1.9,1.9,2025-Jan-30-19:53:02.643264
0.5934686363281997,897,4,1,0,1,1,1.9,1.9,2025-Jan-30-19:53:02.723649
0.5934686363281997,898,4,1,0,1,1,1.9,1.9,2025-Jan-30-19:53:02.800744
0.5934686361613319,899,5,1,0,1,1,1.9,1.9,2025-Jan-30-19:53:02.877608
0.4161238472176815,900,3,1,0,1,1,1.9,1.9,2025-Jan-30-19:53:02.991412
0.5934686361613319,901,5,1,0,1,1,1.9,1.9,2025-Jan-30-19:53:03.070808
0.5934686361613319,902,5,1,0,1,1,1.9,1.9,2025-Jan-30-19:53:03.150492
0.5934686361613319,903,5,1,0,1,1,1.9,1.9,2025-Jan-30-19:53:03.229655
0.5934686361613319,904,5,1,0,1,1,1.9,1.9,2025-Jan-30-19:53:03.307173
0.5934686363281997,905,4,1,0,1,1,1.9,1.9,2025-Jan-30-19:53:03.387368
0.5934686361613319,906,5,1,0,1,1,1.9,1.9,2025-Jan-30-19:53:03.477022
0.5934686361613319,907,5,1,0,1,1,1.9,1.9,2025-Jan-30-19:53:03.594645
0.5934686361613319,908,5,1,0,1,1,1.9,1.9,2025-Jan-30-19:53:03.707274
0.4161238472176815,909,3,1,0,1,1,1.9,1.9,2025-Jan-30-19:53:03.804205
0.5934686361613319,910,5,1,0,1,1,1.9,1.9,2025-Jan-30-19:53:03.882830
0.5934686363281997,911,4,1,0,1,1,1.9,1.9,2025-Jan-30-19:53:03.967078
0.5934686363281997,912,4,1,0,1,1,1.9,1.9,2025-Jan-30-19:53:04.049422
0.5934686363281997,913,4,1,0,1,1,1.9,1.9,2025-Jan-30-19:53:04.131551
0.5934686363281997,914,4,1,0,1,1,1.9,1.9,2025-Jan-30-19:53:04.218442
0.4161238472176815,915,3,1,0,1,1,1.9,1.9,2025-Jan-30-19:53:04.320246
0.4161238472176815,916,3,1,0,1,1,1.9,1.9,2025-Jan-30-19:53:04.419526
0.5934686363281997,917,4,1,0,1,1,1.9,1.9,2025-Jan-30-19:53:04.524013
0.5934686361613319,918,5,1,0,1,1,1.9,1.9,2025-Jan-30-19:53:04.665175
0.5934686363281997,919,4,1,0,1,1,1.9,1.9,2025-Jan-30-19:53:04.764780
0.5934686363281997,920,4,1,0,1,1,1.9,1.9,2025-Jan-30-19:53:04.846395
0.5934686363281997,921,4,1,0,1,1,1.9,1.9,2025-Jan-30-19:53:04.928916
0.5934686363281997,922,4,1,0,1,1,1.9,1.9,2025-Jan-30-19:53:05.010065
0.4161238472176815,923,3,1,0,1,1,1.9,1.9,2025-Jan-30-19:53:05.113761
0.4161238472176815,924,3,1,0,1,1,1.9,1.9,2025-Jan-30-19:53:05.220120
0.5934686363281997,925,4,1,0,1,1,1.9,1.9,2025-Jan-30-19:53:05.297803
0.5934686363281997,926,4,1,0,1,1,1.9,1.9,2025-Jan-30-19:53:05.382360
0.5934686363281997,927,4,1,0,1,1,1.9,1.9,2025-Jan-30-19:53:05.495760
0.4161238472176815,928,3,1,0,1,1,1.9,1.9,2025-Jan-30-19:53:05.726301
0.5934686363281997,929,4,1,0,1,1,1.9,1.9,2025-Jan-30-19:53:05.844869
0.5934686363281997,930,4,1,0,1,1,1.9,1.9,2025-Jan-30-19:53:05.941840
0.4161238472176815,931,3,1,0,1,1,1.9,1.9,2025-Jan-30-19:53:06.060776
0.5934686363281997,932,4,1,0,1,1,1.9,1.9,2025-Jan-30-19:53:06.146974
0.5934686363281997,933,4,1,0,1,1,1.9,1.9,2025-Jan-30-19:53:06.229296
0.5934686363281997,934,4,1,0,1,1,1.9,1.9,2025-Jan-30-19:53:06.321191
0.5934686363281997,935,4,1,0,1,1,1.9,1.9,2025-Jan-30-19:53:06.413247
0.5934686363281997,936,4,1,0,1,1,1.9,1.9,2025-Jan-30-19:53:06.526843
0.4161238472176815,937,3,1,0,1,1,1.9,1.9,2025-Jan-30-19:53:06.690295
0.5934686363281997,938,4,1,0,1,1,1.9,1.9,2025-Jan-30-19:53:06.777871
0.5934686363281997,939,4,1,0,1,1,1.9,1.9,2025-Jan-30-19:53:06.866488
0.5934686363281997,940,4,1,0,1,1,1.9,1.9,2025-Jan-30-19:53:06.957208
0.5934686361613319,941,5,1,0,1,1,1.9,1.9,2025-Jan-30-19:53:07.049109
0.5934686363281997,942,4,1,0,1,1,1.9,1.9,2025-Jan-30-19:53:07.133061
0.4161238472176815,943,3,1,0,1,1,1.9,1.9,2025-Jan-30-19:53:07.232147
0.4161238472176815,944,3,1,0,1,1,1.9,1.9,2025-Jan-30-19:53:07.330941
0.5934686363281997,945,4,1,0,1,1,1.9,1.9,2025-Jan-30-19:53:07.412372
0.4161238472176815,946,3,1,0,1,1,1.9,1.9,2025-Jan-30-19:53:07.548638
0.5934686363281997,947,4,1,0,1,1,1.9,1.9,2025-Jan-30-19:53:07.667964
0.4161238472176815,948,3,1,0,1,1,1.9,1.9,2025-Jan-30-19:53:07.767638
0.5934686363281997,949,4,1,0,1,1,1.9,1.9,2025-Jan-30-19:53:07.848060
0.5934686363281997,950,4,1,0,1,1,1.9,1.9,2025-Jan-30-19:53:07.937428
0.4161238472176815,951,3,1,0,1,1,1.9,1.9,2025-Jan-30-19:53:08.042606
0.5934686363281997,952,4,1,0,1,1,1.9,1.9,2025-Jan-30-19:53:08.127406
0.5934686363281997,953,4,1,0,1,1,1.9,1.9,2025-Jan-30-19:53:08.205076
0.5934686363281997,954,4,1,0,1,1,1.9,1.9,2025-Jan-30-19:53:08.281278
0.5934686363281997,955,4,1,0,1,1,1.9,1.9,2025-Jan-30-19:53:08.358833
0.5934686363281997,956,4,1,0,1,1,1.9,1.9,2025-Jan-30-19:53:08.438371
0.5934686363281997,957,4,1,0,1,1,1.9,1.9,2025-Jan-30-19:53:08.542940
0.4161238472176815,958,3,1,0,1,1,1.9,1.9,2025-Jan-30-19:53:08.675696
