Cost,Sim,Switch_State_Indx,Gen1_on,Gen2_on,Batt1_mode,Batt2_mode,Batt1_power_kW,Batt2_power_kW,Timestamp
1.0755242178287174,602,8,1,1,0,0,0.0,0.0,2025-Jan-30-19:52:37.971895
1.1238934980757993,603,9,1,0,0,-1,0.0,0.0,2025-Jan-30-19:52:38.035845
1.0708934980940157,604,10,1,0,-1,0,0.0,0.0,2025-Jan-30-19:52:38.097956
1.4752985231795883,605,0,1,1,0,1,0.0,0.6,2025-Jan-30-19:52:38.157118
1.5969100827484337,606,0,1,1,-1,0,0.0,0.0,2025-Jan-30-19:52:38.239797
1.0708934980940108,607,8,1,0,-1,0,0.0,0.0,2025-Jan-30-19:52:38.305404
1.0755242049085847,608,10,1,1,0,1,0.0,1.2,2025-Jan-30-19:52:38.361566
0.5934737145444158,609,5,1,0,0,1,0.0,1.6,2025-Jan-30-19:52:38.435552
1.1755006502985448,610,10,1,0,0,1,0.0,0.5,2025-Jan-30-19:52:38.509098
0.5934737145444158,611,5,1,0,0,1,0.0,1.6,2025-Jan-30-19:52:38.641842
1.1623367658719541,612,3,1,1,0,-1,0.0,0.0,2025-Jan-30-19:52:38.731930
1.075524204495184,613,9,1,1,1,0,1.4,0.0,2025-Jan-30-19:52:38.790036
1.0755242211443825,614,9,1,1,-1,0,0.0,0.0,2025-Jan-30-19:52:38.834825
1.1119260152312136,615,10,1,1,-1,0,0.0,0.0,2025-Jan-30-19:52:38.892519
0.5934681644094506,616,1,1,0,0,1,0.0,1.8,2025-Jan-30-19:52:38.965437
0.7205224244414656,617,3,1,0,0,0,0.0,0.0,2025-Jan-30-19:52:39.009719
1.075524217974099,618,9,1,1,0,0,0.0,0.0,2025-Jan-30-19:52:39.054396
0.8073473299379125,619,5,1,0,1,-1,1.6,0.0,2025-Jan-30-19:52:39.133983
0.9848854139974924,620,2,1,1,-1,1,0.0,1.6,2025-Jan-30-19:52:39.230673
1.0045144308236313,621,3,1,1,0,1,0.0,0.5,2025-Jan-30-19:52:39.278273
1.1755006838537272,622,10,1,0,1,-1,1.2,0.0,2025-Jan-30-19:52:39.338397
1.1755006411834283,623,8,1,0,0,0,0.0,0.0,2025-Jan-30-19:52:39.398832
1.1755006677182616,624,9,1,0,0,1,0.0,0.5,2025-Jan-30-19:52:39.486169
1.1044701790466966,625,6,1,1,-1,1,0.0,1.2,2025-Jan-30-19:52:39.602289
0.7569243847338929,626,6,1,0,-1,-1,0.0,0.0,2025-Jan-30-19:52:39.706920
0.7205224247317727,627,4,1,0,0,0,0.0,0.0,2025-Jan-30-19:52:39.754411
1.1755006936678707,628,9,1,0,-1,1,0.0,0.5,2025-Jan-30-19:52:39.816438
1.0920996034198542,629,0,1,0,1,0,0.8,0.0,2025-Jan-30-19:52:39.877673
1.2419094426890593,630,0,1,0,-1,0,0.0,0.0,2025-Jan-30-19:52:39.964553
0.5934737147112983,631,4,1,0,0,1,0.0,1.6,2025-Jan-30-19:52:40.046400
0.41613508981057545,632,3,1,0,1,1,1.5,1.1,2025-Jan-30-19:52:40.157061
0.8437546689335951,633,2,1,0,-1,-1,0.0,0.0,2025-Jan-30-19:52:40.239251
0.7494695557415343,634,7,1,0,-1,-1,0.0,0.0,2025-Jan-30-19:52:40.305487
0.7205224112126882,635,7,1,0,0,1,0.0,1.0,2025-Jan-30-19:52:40.369180
1.0755009770459614,636,7,1,1,0,0,0.0,0.0,2025-Jan-30-19:52:40.419365
0.8981396498681257,637,3,1,1,1,0,1.5,0.0,2025-Jan-30-19:52:40.518815
0.8981690275342163,638,1,1,1,1,0,1.3,0.0,2025-Jan-30-19:52:40.647830
0.7569226192142846,639,1,1,0,-1,0,0.0,0.0,2025-Jan-30-19:52:40.739602
1.0755242178287174,640,8,1,1,0,0,0.0,0.0,2025-Jan-30-19:52:40.785965
1.0755230648283503,641,6,1,1,0,0,0.0,0.0,2025-Jan-30-19:52:40.829987
1.1119250085168628,642,6,1,1,-1,1,0.0,0.5,2025-Jan-30-19:52:40.915036
1.0755242211443825,643,9,1,1,-1,0,0.0,0.0,2025-Jan-30-19:52:40.964694
1.2055064061623826,644,0,1,0,0,0,0.0,0.0,2025-Jan-30-19:52:41.026853
0.7205224247317727,645,6,1,0,0,0,0.0,0.0,2025-Jan-30-19:52:41.071230
1.175500662629791,646,8,1,0,1,0,0.4,0.0,2025-Jan-30-19:52:41.126927
1.0755230508666958,647,6,1,1,0,1,0.0,1.8,2025-Jan-30-19:52:41.181871
1.0755242178287174,648,8,1,1,0,0,0.0,0.0,2025-Jan-30-19:52:41.230164
1.2055064061623826,649,0,1,0,0,0,0.0,0.0,2025-Jan-30-19:52:41.286203
1.1755006799164671,650,10,1,0,1,1,0.9,0.1,2025-Jan-30-19:52:41.342974
1.0755009769736241,651,3,1,1,0,0,0.0,0.0,2025-Jan-30-19:52:41.388217
1.0755009623219935,652,5,1,1,1,0,0.8,0.0,2025-Jan-30-19:52:41.442069
0.8437546689335951,653,2,1,0,-1,-1,0.0,0.0,2025-Jan-30-19:52:41.547721
0.7569243815628939,654,2,1,0,-1,0,0.0,0.0,2025-Jan-30-19:52:41.737858
0.7569243815628939,655,2,1,0,-1,0,0.0,0.0,2025-Jan-30-19:52:41.819488
0.7569243815628939,656,2,1,0,-1,0,0.0,0.0,2025-Jan-30-19:52:41.883597
0.629892308377198,657,2,1,0,-1,1,0.0,1.0,2025-Jan-30-19:52:41.983995
