Cost,Sim,Switch_State_Indx,Gen1_on,Gen2_on,Batt1_mode,Batt2_mode,Batt1_power_kW,Batt2_power_kW,Timestamp
0.8073473467942733,301,4,1,0,-1,-1,0.0,0.0,2025-Jan-30-19:52:18.031762
0.5645879755153077,302,1,1,0,1,0,1.1,0.0,2025-Jan-30-19:52:18.080255
0.665588318608977,303,2,1,0,1,-1,1.0,0.0,2025-Jan-30-19:52:18.142712
0.7205224277510894,304,7,1,0,0,-1,0.0,0.0,2025-Jan-30-19:52:18.191606
1.0755242178287174,305,8,1,1,0,0,0.0,0.0,2025-Jan-30-19:52:18.317636
1.0471749428279875,306,8,1,1,1,0,0.2,0.0,2025-Jan-30-19:52:18.370891
1.111904323239314,307,7,1,1,-1,-1,0.0,0.0,2025-Jan-30-19:52:18.436286
1.0708935178111985,308,10,1,0,-1,-1,0.0,0.0,2025-Jan-30-19:52:18.523491
0.7205224245865745,309,7,1,0,0,0,0.0,0.0,2025-Jan-30-19:52:18.612756
0.7205224245866639,310,2,1,0,0,0,0.0,0.0,2025-Jan-30-19:52:18.682878
0.6921729893766417,311,3,1,0,1,0,0.2,0.0,2025-Jan-30-19:52:18.730629
1.1202978831063668,312,0,1,0,0,1,0.0,0.6,2025-Jan-30-19:52:18.788826
1.1119260152312136,313,10,1,1,-1,0,0.0,0.0,2025-Jan-30-19:52:18.854400
1.0708934980940108,314,8,1,0,-1,0,0.0,0.0,2025-Jan-30-19:52:18.923841
1.0755230648283505,315,4,1,1,0,0,0.0,0.0,2025-Jan-30-19:52:18.972033
0.8073473438165705,316,5,1,0,0,-1,0.0,0.0,2025-Jan-30-19:52:19.032080
0.7205224245866639,317,2,1,0,0,0,0.0,0.0,2025-Jan-30-19:52:19.077946
0.5431686944019973,318,1,1,0,1,0,1.4,0.0,2025-Jan-30-19:52:19.154800
1.1755006487031592,319,10,1,0,1,0,1.9,0.0,2025-Jan-30-19:52:19.214692
1.0755211430969913,320,1,1,1,0,0,0.0,0.0,2025-Jan-30-19:52:19.260931
1.433456727764245,321,0,1,1,0,1,0.0,1.4,2025-Jan-30-19:52:19.343915
1.6823536424050243,322,0,1,1,-1,-1,0.0,0.0,2025-Jan-30-19:52:19.464239
1.1987564663217178,323,8,1,1,-1,-1,0.0,0.0,2025-Jan-30-19:52:19.593290
0.8981402937055241,324,7,1,1,1,-1,1.8,0.0,2025-Jan-30-19:52:19.706615
0.7205224109066649,325,4,1,0,1,0,0.8,0.0,2025-Jan-30-19:52:19.766488
0.7205224247317727,326,6,1,0,0,0,0.0,0.0,2025-Jan-30-19:52:19.812268
1.0489443437715935,327,8,1,1,1,-1,0.8,0.0,2025-Jan-30-19:52:19.874016
0.8073473436857561,328,3,1,0,0,-1,0.0,0.0,2025-Jan-30-19:52:19.935312
1.1755006411834283,329,8,1,0,0,0,0.0,0.0,2025-Jan-30-19:52:19.996994
0.9484386633815196,330,3,1,1,0,1,0.0,1.9,2025-Jan-30-19:52:20.076140
1.075524217974099,331,9,1,1,0,0,0.0,0.0,2025-Jan-30-19:52:20.122601
1.4698626328981972,332,0,1,1,-1,1,0.0,1.7,2025-Jan-30-19:52:20.236593
0.9484709764572091,333,2,1,1,0,1,0.0,1.8,2025-Jan-30-19:52:20.315125
0.7569226192142846,334,1,1,0,-1,0,0.0,0.0,2025-Jan-30-19:52:20.377999
0.7205224245865745,335,7,1,0,0,0,0.0,0.0,2025-Jan-30-19:52:20.423955
1.0755230646832414,336,2,1,1,0,0,0.0,0.0,2025-Jan-30-19:52:20.477400
1.0642896678048133,337,0,1,0,1,1,0.1,0.9,2025-Jan-30-19:52:20.593459
1.1755006573921065,338,8,1,0,0,1,0.0,0.8,2025-Jan-30-19:52:20.676468
1.1913269506311983,339,0,1,0,0,1,0.0,0.1,2025-Jan-30-19:52:20.733123
0.6210854747759543,340,4,1,0,0,1,0.0,0.7,2025-Jan-30-19:52:20.777742
1.2055064061623826,341,0,1,0,0,0,0.0,0.0,2025-Jan-30-19:52:20.913701
1.175500655999938,342,8,1,0,1,0,1.0,0.0,2025-Jan-30-19:52:20.976864
0.7205224113160088,343,6,1,0,0,1,0.0,1.3,2025-Jan-30-19:52:21.036862
1.1119250248263695,344,6,1,1,-1,-1,0.0,0.0,2025-Jan-30-19:52:21.094791
1.1755006602702278,345,10,1,0,1,1,1.9,1.4,2025-Jan-30-19:52:21.151969
1.0755242179736964,346,10,1,1,0,0,0.0,0.0,2025-Jan-30-19:52:21.199492
0.7205224278962876,347,6,1,0,0,-1,0.0,0.0,2025-Jan-30-19:52:21.244060
0.984894136331604,348,2,1,1,-1,1,0.0,0.9,2025-Jan-30-19:52:21.330794
1.1623367659373893,349,5,1,1,0,-1,0.0,0.0,2025-Jan-30-19:52:21.391128
1.075524217974099,350,9,1,1,0,0,0.0,0.0,2025-Jan-30-19:52:21.434584
0.720522427896289,351,4,1,0,-1,0,0.0,0.0,2025-Jan-30-19:52:21.496957
0.6496450890357883,352,1,1,0,1,0,0.5,0.0,2025-Jan-30-19:52:21.587050
0.6655859065093677,353,1,1,0,1,-1,1.0,0.0,2025-Jan-30-19:52:21.683466
0.7205224277510894,354,7,1,0,0,-1,0.0,0.0,2025-Jan-30-19:52:21.734011
1.1755006411834283,355,8,1,0,0,0,0.0,0.0,2025-Jan-30-19:52:21.795681
1.0188233970230316,356,2,1,1,1,0,0.4,0.0,2025-Jan-30-19:52:21.842388
1.111904323239314,357,7,1,1,-1,-1,0.0,0.0,2025-Jan-30-19:52:21.897700
1.2055064061623826,358,0,1,0,0,0,0.0,0.0,2025-Jan-30-19:52:21.955412
0.7205224245865745,359,7,1,0,0,0,0.0,0.0,2025-Jan-30-19:52:21.999778
0.7205224245866639,360,2,1,0,0,0,0.0,0.0,2025-Jan-30-19:52:22.044306
0.7205224244414656,361,3,1,0,0,0,0.0,0.0,2025-Jan-30-19:52:22.087005
1.2055064061623826,362,0,1,0,0,0,0.0,0.0,2025-Jan-30-19:52:22.145151
1.0755230648283503,363,6,1,1,0,0,0.0,0.0,2025-Jan-30-19:52:22.191003
1.1755006411834283,364,8,1,0,0,0,0.0,0.0,2025-Jan-30-19:52:22.249208
0.7205224247317727,365,4,1,0,0,0,0.0,0.0,2025-Jan-30-19:52:22.293304
0.7205224245865745,366,5,1,0,0,0,0.0,0.0,2025-Jan-30-19:52:22.340753
0.7205224245866639,367,2,1,0,0,0,0.0,0.0,2025-Jan-30-19:52:22.387645
0.7506441084822736,368,1,1,0,1,-1,0.4,0.0,2025-Jan-30-19:52:22.471499
1.0708934980940157,369,10,1,0,-1,0,0.0,0.0,2025-Jan-30-19:52:22.591486
0.7205224245866639,370,2,1,0,0,0,0.0,0.0,2025-Jan-30-19:52:22.658432
1.560507046225748,371,0,1,1,0,0,0.0,0.0,2025-Jan-30-19:52:22.732931
1.1913269506311983,372,0,1,0,0,1,0.0,0.1,2025-Jan-30-19:52:22.792178
1.1987564663217178,373,8,1,1,-1,-1,0.0,0.0,2025-Jan-30-19:52:22.868515
1.0755230648283503,374,6,1,1,0,0,0.0,0.0,2025-Jan-30-19:52:22.913680
1.2055064061623826,375,0,1,0,0,0,0.0,0.0,2025-Jan-30-19:52:22.979217
0.7205224247317727,376,6,1,0,0,0,0.0,0.0,2025-Jan-30-19:52:23.105425
0.9849937879279771,377,8,1,1,1,-1,1.6,0.0,2025-Jan-30-19:52:23.195945
0.8073473436857561,378,3,1,0,0,-1,0.0,0.0,2025-Jan-30-19:52:23.254921
0.7205224244414656,379,3,1,0,0,0,0.0,0.0,2025-Jan-30-19:52:23.300062
0.9484386633815196,380,3,1,1,0,1,0.0,1.9,2025-Jan-30-19:52:23.379684
1.1755006411462283,381,9,1,0,0,0,0.0,0.0,2025-Jan-30-19:52:23.437110
1.560507046225748,382,0,1,1,0,0,0.0,0.0,2025-Jan-30-19:52:23.520470
1.0755009621301288,383,7,1,1,0,1,0.0,1.7,2025-Jan-30-19:52:23.602004
0.7569226192142846,384,1,1,0,-1,0,0.0,0.0,2025-Jan-30-19:52:23.687534
0.7205224245865745,385,7,1,0,0,0,0.0,0.0,2025-Jan-30-19:52:23.734133
0.7205224245866639,386,2,1,0,0,0,0.0,0.0,2025-Jan-30-19:52:23.780412
1.1913312448205216,387,0,1,0,1,0,0.1,0.0,2025-Jan-30-19:52:23.837871
1.1755006445112204,388,8,1,0,0,1,0.0,1.9,2025-Jan-30-19:52:23.893804
1.1913269506311983,389,0,1,0,0,1,0.0,0.1,2025-Jan-30-19:52:23.949943
0.6210854747759543,390,4,1,0,0,1,0.0,0.7,2025-Jan-30-19:52:23.994903
1.2055064061623826,391,0,1,0,0,0,0.0,0.0,2025-Jan-30-19:52:24.054781
1.175500666280784,392,8,1,0,1,0,0.1,0.0,2025-Jan-30-19:52:24.109649
0.7205224112100772,393,6,1,0,0,1,0.0,1.9,2025-Jan-30-19:52:24.165279
1.0755230514125873,394,4,1,1,1,0,1.3,0.0,2025-Jan-30-19:52:24.220019
1.1755006509551276,395,10,1,0,1,1,1.9,1.6,2025-Jan-30-19:52:24.272275
1.0755242179736964,396,10,1,1,0,0,0.0,0.0,2025-Jan-30-19:52:24.315494
0.8073473438165705,397,5,1,0,0,-1,0.0,0.0,2025-Jan-30-19:52:24.374915
1.1119250216553707,398,2,1,1,-1,0,0.0,0.0,2025-Jan-30-19:52:24.433689
1.0755211430969913,399,1,1,1,0,0,0.0,0.0,2025-Jan-30-19:52:24.498304
1.0755009770461594,400,5,1,1,0,0,0.0,0.0,2025-Jan-30-19:52:24.568045
0.720522427896289,401,4,1,0,-1,0,0.0,0.0,2025-Jan-30-19:52:24.637276
0.5645879755153077,402,1,1,0,1,0,1.1,0.0,2025-Jan-30-19:52:24.720841
0.6655859065093677,403,1,1,0,1,-1,1.0,0.0,2025-Jan-30-19:52:24.782913
0.7205224277510894,404,7,1,0,0,-1,0.0,0.0,2025-Jan-30-19:52:24.829739
1.0755230516540728,405,6,1,1,0,1,0.0,1.7,2025-Jan-30-19:52:24.892197
1.075523051645228,406,4,1,1,1,0,0.4,0.0,2025-Jan-30-19:52:24.955426
1.1119043217475433,407,7,1,1,-1,0,0.0,0.0,2025-Jan-30-19:52:25.018721
1.0708935178111985,408,10,1,0,-1,-1,0.0,0.0,2025-Jan-30-19:52:25.085815
0.7205224245865745,409,7,1,0,0,0,0.0,0.0,2025-Jan-30-19:52:25.132953
0.7205224245866639,410,2,1,0,0,0,0.0,0.0,2025-Jan-30-19:52:25.180580
0.6921729893766417,411,3,1,0,1,0,0.2,0.0,2025-Jan-30-19:52:25.226391
0.8073473436857561,412,3,1,0,0,-1,0.0,0.0,2025-Jan-30-19:52:25.287292
1.0755230648283503,413,6,1,1,0,0,0.0,0.0,2025-Jan-30-19:52:25.335152
1.2419094426890593,414,0,1,0,-1,0,0.0,0.0,2025-Jan-30-19:52:25.425459
0.7205224247317727,415,4,1,0,0,0,0.0,0.0,2025-Jan-30-19:52:25.491590
0.7205224247317727,416,4,1,0,0,0,0.0,0.0,2025-Jan-30-19:52:25.561139
0.7205224245866639,417,2,1,0,0,0,0.0,0.0,2025-Jan-30-19:52:25.716252
0.7205205030005031,418,1,1,0,0,0,0.0,0.0,2025-Jan-30-19:52:25.777581
1.1755006651513378,419,10,1,0,1,0,0.7,0.0,2025-Jan-30-19:52:25.837052
0.7205224247317727,420,4,1,0,0,0,0.0,0.0,2025-Jan-30-19:52:25.886116
1.2923393835362966,421,0,1,0,0,-1,0.0,0.0,2025-Jan-30-19:52:25.973566
1.1913269506311983,422,0,1,0,0,1,0.0,0.1,2025-Jan-30-19:52:26.036681
0.9484767316383013,423,8,1,1,0,1,0.0,1.5,2025-Jan-30-19:52:26.111515
0.8981405079411421,424,7,1,1,1,-1,1.9,0.0,2025-Jan-30-19:52:26.185272
0.7205224109066649,425,4,1,0,1,0,0.8,0.0,2025-Jan-30-19:52:26.239671
0.7205224247317727,426,6,1,0,0,0,0.0,0.0,2025-Jan-30-19:52:26.282635
1.0281487339879898,427,0,1,0,1,0,1.5,0.0,2025-Jan-30-19:52:26.365800
0.7205224244414656,428,3,1,0,0,0,0.0,0.0,2025-Jan-30-19:52:26.409084
0.7569243817020505,429,6,1,0,-1,0,0.0,0.0,2025-Jan-30-19:52:26.488587
0.9484692766000544,430,4,1,1,1,1,0.4,1.9,2025-Jan-30-19:52:26.598382
1.075524217974099,431,9,1,1,0,0,0.0,0.0,2025-Jan-30-19:52:26.671025
1.0708934980940108,432,8,1,0,-1,0,0.0,0.0,2025-Jan-30-19:52:26.735111
0.5934703363453858,433,2,1,0,0,1,0.0,1.8,2025-Jan-30-19:52:26.809392
0.7569243814236536,434,3,1,0,-1,0,0.0,0.0,2025-Jan-30-19:52:26.866321
0.7205224247317727,435,6,1,0,0,0,0.0,0.0,2025-Jan-30-19:52:26.909835
0.7205224245866639,436,2,1,0,0,0,0.0,0.0,2025-Jan-30-19:52:26.954709
1.0784646133654008,437,0,1,0,0,1,0.0,0.9,2025-Jan-30-19:52:27.034352
0.7205224245865745,438,5,1,0,0,0,0.0,0.0,2025-Jan-30-19:52:27.077497
0.606845033786306,439,4,1,0,0,1,0.0,0.8,2025-Jan-30-19:52:27.120813
0.6210854747759543,440,4,1,0,0,1,0.0,0.7,2025-Jan-30-19:52:27.165895
0.7205224245866639,441,2,1,0,0,0,0.0,0.0,2025-Jan-30-19:52:27.209892
1.1755006411834283,442,8,1,0,0,0,0.0,0.0,2025-Jan-30-19:52:27.264498
0.7205224114470299,443,6,1,0,0,1,0.0,0.7,2025-Jan-30-19:52:27.318615
1.0755211430969913,444,1,1,1,0,0,0.0,0.0,2025-Jan-30-19:52:27.365174
1.1755006473863994,445,10,1,0,0,1,0.0,0.1,2025-Jan-30-19:52:27.419552
1.1755006411834283,446,8,1,0,0,0,0.0,0.0,2025-Jan-30-19:52:27.493792
1.2923393835362966,447,0,1,0,0,-1,0.0,0.0,2025-Jan-30-19:52:27.606906
1.1987564663217178,448,8,1,1,-1,-1,0.0,0.0,2025-Jan-30-19:52:27.695625
0.7205224244414656,449,3,1,0,0,0,0.0,0.0,2025-Jan-30-19:52:27.746375
1.0755009770461594,450,5,1,1,0,0,0.0,0.0,2025-Jan-30-19:52:27.793567
0.720522427896289,451,4,1,0,-1,0,0.0,0.0,2025-Jan-30-19:52:27.839281
0.5645879755153077,452,1,1,0,1,0,1.1,0.0,2025-Jan-30-19:52:27.884150
0.5787646671129664,453,1,1,0,1,0,1.0,0.0,2025-Jan-30-19:52:27.926981
0.7205224277510894,454,7,1,0,0,-1,0.0,0.0,2025-Jan-30-19:52:27.973798
1.1623367659373893,455,5,1,1,0,-1,0.0,0.0,2025-Jan-30-19:52:28.035024
1.0187982833925773,456,7,1,1,1,0,0.4,0.0,2025-Jan-30-19:52:28.078201
1.1119043217475433,457,7,1,1,-1,0,0.0,0.0,2025-Jan-30-19:52:28.133320
0.7569243815628939,458,2,1,0,-1,0,0.0,0.0,2025-Jan-30-19:52:28.190154
0.7205224245865745,459,7,1,0,0,0,0.0,0.0,2025-Jan-30-19:52:28.234651
0.7205224245866639,460,2,1,0,0,0,0.0,0.0,2025-Jan-30-19:52:28.277800
0.7569243814236536,461,3,1,0,-1,0,0.0,0.0,2025-Jan-30-19:52:28.333482
0.8073473436857561,462,3,1,0,0,-1,0.0,0.0,2025-Jan-30-19:52:28.390249
0.807347343816607,463,2,1,0,0,-1,0.0,0.0,2025-Jan-30-19:52:28.462966
0.7569243814236536,464,3,1,0,-1,0,0.0,0.0,2025-Jan-30-19:52:28.566068
1.2055064061623826,465,0,1,0,0,0,0.0,0.0,2025-Jan-30-19:52:28.658670
0.5431730019455393,466,3,1,0,1,0,1.9,0.0,2025-Jan-30-19:52:28.755150
0.7205224245866639,467,2,1,0,0,0,0.0,0.0,2025-Jan-30-19:52:28.919724
0.5431690019050563,468,1,1,0,1,0,1.5,0.0,2025-Jan-30-19:52:28.994747
1.2419094426890593,469,0,1,0,-1,0,0.0,0.0,2025-Jan-30-19:52:29.073309
0.7205224245866639,470,2,1,0,0,0,0.0,0.0,2025-Jan-30-19:52:29.117933
1.1755006670483659,471,10,1,0,0,-1,0.0,0.0,2025-Jan-30-19:52:29.173112
1.2923393835362966,472,0,1,0,0,-1,0.0,0.0,2025-Jan-30-19:52:29.251868
1.1755006411834283,473,8,1,0,0,0,0.0,0.0,2025-Jan-30-19:52:29.306857
0.8981396498681257,474,3,1,1,1,0,1.5,0.0,2025-Jan-30-19:52:29.386073
0.7205224109066649,475,4,1,0,1,0,0.8,0.0,2025-Jan-30-19:52:29.465342
1.2055064061623826,476,0,1,0,0,0,0.0,0.0,2025-Jan-30-19:52:29.569387
1.1755006468732958,477,8,1,0,1,0,1.6,0.0,2025-Jan-30-19:52:29.666665
0.7205224244414656,478,3,1,0,0,0,0.0,0.0,2025-Jan-30-19:52:29.732184
0.7205224244414656,479,3,1,0,0,0,0.0,0.0,2025-Jan-30-19:52:29.776437
1.1148589392231705,480,0,1,0,-1,1,0.0,1.9,2025-Jan-30-19:52:29.882346
1.560507046225748,481,0,1,1,0,0,0.0,0.0,2025-Jan-30-19:52:29.938995
0.7205224277510908,482,5,1,0,-1,0,0.0,0.0,2025-Jan-30-19:52:29.983197
0.7205224245866639,483,2,1,0,0,0,0.0,0.0,2025-Jan-30-19:52:30.027141
0.7569226192142846,484,1,1,0,-1,0,0.0,0.0,2025-Jan-30-19:52:30.084281
0.7205224245865745,485,7,1,0,0,0,0.0,0.0,2025-Jan-30-19:52:30.128822
1.1488045794427375,486,0,1,0,1,0,0.4,0.0,2025-Jan-30-19:52:30.183819
1.2781638401304303,487,0,1,0,1,-1,0.1,0.0,2025-Jan-30-19:52:30.263013
0.7205224245865745,488,5,1,0,0,0,0.0,0.0,2025-Jan-30-19:52:30.307133
0.8073473439474215,489,4,1,0,0,-1,0.0,0.0,2025-Jan-30-19:52:30.363642
0.7205224247317727,490,4,1,0,0,0,0.0,0.0,2025-Jan-30-19:52:30.407180
0.6638227569197063,491,2,1,0,1,0,0.4,0.0,2025-Jan-30-19:52:30.464889
1.1755006672668609,492,8,1,0,1,1,1.2,1.6,2025-Jan-30-19:52:30.565298
0.7205224247317727,493,6,1,0,0,0,0.0,0.0,2025-Jan-30-19:52:30.652225
1.0755211430969913,494,1,1,1,0,0,0.0,0.0,2025-Jan-30-19:52:30.723962
0.7205224114034513,495,7,1,0,0,1,0.0,0.4,2025-Jan-30-19:52:30.779384
1.175500641146208,496,10,1,0,0,0,0.0,0.0,2025-Jan-30-19:52:30.833846
0.7205224278962876,497,6,1,0,0,-1,0.0,0.0,2025-Jan-30-19:52:30.877674
0.9848929484848145,498,2,1,1,-1,1,0.0,1.0,2025-Jan-30-19:52:30.964563
0.7205224244414656,499,3,1,0,0,0,0.0,0.0,2025-Jan-30-19:52:31.009044
0.7205224245865745,500,5,1,0,0,0,0.0,0.0,2025-Jan-30-19:52:31.052594
0.6353171228787701,501,3,1,0,0,1,0.0,0.6,2025-Jan-30-19:52:31.097510
1.1755006411834283,502,8,1,0,0,0,0.0,0.0,2025-Jan-30-19:52:31.154980
0.807345591647213,503,1,1,0,0,-1,0.0,0.0,2025-Jan-30-19:52:31.331330
0.7205224277510894,504,7,1,0,0,-1,0.0,0.0,2025-Jan-30-19:52:31.377698
0.5934720244862903,505,3,1,0,0,1,0.0,1.7,2025-Jan-30-19:52:31.471101
0.898140506054626,506,7,1,1,1,0,1.9,0.0,2025-Jan-30-19:52:31.599584
0.7205224277510908,507,5,1,0,-1,0,0.0,0.0,2025-Jan-30-19:52:31.688530
0.7569243815628939,508,2,1,0,-1,0,0.0,0.0,2025-Jan-30-19:52:31.748418
1.0755230648283503,509,6,1,1,0,0,0.0,0.0,2025-Jan-30-19:52:31.792913
0.7569243815628939,510,2,1,0,-1,0,0.0,0.0,2025-Jan-30-19:52:31.851121
0.6921729893766417,511,3,1,0,1,0,0.2,0.0,2025-Jan-30-19:52:31.899368
1.2055064061623826,512,0,1,0,0,0,0.0,0.0,2025-Jan-30-19:52:31.958964
0.7205224245866639,513,2,1,0,0,0,0.0,0.0,2025-Jan-30-19:52:32.006675
0.7205224245865745,514,5,1,0,0,0,0.0,0.0,2025-Jan-30-19:52:32.055549
0.7205224244414656,515,3,1,0,0,0,0.0,0.0,2025-Jan-30-19:52:32.103296
1.0281499207202813,516,0,1,0,1,0,1.9,0.0,2025-Jan-30-19:52:32.185879
0.7205224245866639,517,2,1,0,0,0,0.0,0.0,2025-Jan-30-19:52:32.233886
0.5431686944019973,518,1,1,0,1,0,1.4,0.0,2025-Jan-30-19:52:32.310149
0.7205224245865745,519,7,1,0,0,0,0.0,0.0,2025-Jan-30-19:52:32.359070
0.7205224245866639,520,2,1,0,0,0,0.0,0.0,2025-Jan-30-19:52:32.407156
1.1755006670483659,521,10,1,0,0,-1,0.0,0.0,2025-Jan-30-19:52:32.486723
1.1913269506311983,522,0,1,0,0,1,0.0,0.1,2025-Jan-30-19:52:32.581365
1.1755006630283653,523,8,1,0,0,1,0.0,0.5,2025-Jan-30-19:52:32.684910
0.9849888307810867,524,1,1,1,1,-1,1.5,0.0,2025-Jan-30-19:52:32.796655
0.6071198940254721,525,3,1,0,1,0,0.8,0.0,2025-Jan-30-19:52:32.843659
0.7205205030005031,526,1,1,0,0,0,0.0,0.0,2025-Jan-30-19:52:32.889506
1.1238934980757944,527,8,1,0,0,-1,0.0,0.0,2025-Jan-30-19:52:32.952838
1.2055064061623826,528,0,1,0,0,0,0.0,0.0,2025-Jan-30-19:52:33.009374
0.7205224244414656,529,3,1,0,0,0,0.0,0.0,2025-Jan-30-19:52:33.054062
0.7569243815628939,530,2,1,0,-1,0,0.0,0.0,2025-Jan-30-19:52:33.115614
1.0755242047942923,531,9,1,1,1,0,0.4,0.0,2025-Jan-30-19:52:33.172778
0.7205224245865745,532,5,1,0,0,0,0.0,0.0,2025-Jan-30-19:52:33.218799
0.5934703363453858,533,2,1,0,0,1,0.0,1.8,2025-Jan-30-19:52:33.294206
0.807345591647213,534,1,1,0,0,-1,0.0,0.0,2025-Jan-30-19:52:33.353348
0.7205224245865745,535,7,1,0,0,0,0.0,0.0,2025-Jan-30-19:52:33.399764
0.7569243815628939,536,2,1,0,-1,0,0.0,0.0,2025-Jan-30-19:52:33.495982
1.2055064061623826,537,0,1,0,0,0,0.0,0.0,2025-Jan-30-19:52:33.595359
0.7205224247317727,538,6,1,0,0,0,0.0,0.0,2025-Jan-30-19:52:33.682712
0.7205224247317727,539,4,1,0,0,0,0.0,0.0,2025-Jan-30-19:52:33.748271
0.6210833589924062,540,1,1,0,0,1,0.0,0.7,2025-Jan-30-19:52:33.792819
0.592943675244256,541,3,1,0,1,0,0.9,0.0,2025-Jan-30-19:52:33.835585
1.1755006411834283,542,8,1,0,0,0,0.0,0.0,2025-Jan-30-19:52:33.889725
0.7205224247317727,543,6,1,0,0,0,0.0,0.0,2025-Jan-30-19:52:33.932914
0.9849884731167727,544,1,1,1,1,-1,1.9,0.0,2025-Jan-30-19:52:34.018320
0.7205224245865745,545,5,1,0,0,0,0.0,0.0,2025-Jan-30-19:52:34.062432
1.175500641146208,546,10,1,0,0,0,0.0,0.0,2025-Jan-30-19:52:34.120648
0.8073473436857561,547,3,1,0,0,-1,0.0,0.0,2025-Jan-30-19:52:34.176093
0.5934838842629208,548,2,1,0,0,1,0.0,1.0,2025-Jan-30-19:52:34.248226
0.7205205030005031,549,1,1,0,0,0,0.0,0.0,2025-Jan-30-19:52:34.292330
0.7569226192142846,550,1,1,0,-1,0,0.0,0.0,2025-Jan-30-19:52:34.348694
0.6353150352874672,551,1,1,0,0,1,0.0,0.6,2025-Jan-30-19:52:34.391395
1.0495687839435774,552,0,1,0,1,0,1.1,0.0,2025-Jan-30-19:52:34.472206
0.5787672541418506,553,2,1,0,1,0,1.0,0.0,2025-Jan-30-19:52:34.549449
0.5431714534807423,554,7,1,0,1,0,1.4,0.0,2025-Jan-30-19:52:34.676345
0.5934720244862903,555,3,1,0,0,1,0.0,1.7,2025-Jan-30-19:52:34.774329
0.898140506054626,556,7,1,1,1,0,1.9,0.0,2025-Jan-30-19:52:34.847918
0.7205224277510908,557,5,1,0,-1,0,0.0,0.0,2025-Jan-30-19:52:35.010956
1.077922863401533,558,0,1,0,1,0,0.9,0.0,2025-Jan-30-19:52:35.067057
0.7205224245865745,559,5,1,0,0,0,0.0,0.0,2025-Jan-30-19:52:35.111641
0.7205224245866639,560,2,1,0,0,0,0.0,0.0,2025-Jan-30-19:52:35.154697
0.6921729893766417,561,3,1,0,1,0,0.2,0.0,2025-Jan-30-19:52:35.197980
0.8073473436857561,562,3,1,0,0,-1,0.0,0.0,2025-Jan-30-19:52:35.254620
0.7205224245866639,563,2,1,0,0,0,0.0,0.0,2025-Jan-30-19:52:35.298061
1.2055064061623826,564,0,1,0,0,0,0.0,0.0,2025-Jan-30-19:52:35.352060
0.7205224245866639,565,2,1,0,0,0,0.0,0.0,2025-Jan-30-19:52:35.394947
0.7205224244414656,566,3,1,0,0,0,0.0,0.0,2025-Jan-30-19:52:35.437723
0.7205224245866639,567,2,1,0,0,0,0.0,0.0,2025-Jan-30-19:52:35.505935
0.5431686944019973,568,1,1,0,1,0,1.4,0.0,2025-Jan-30-19:52:35.630941
0.7205224245865745,569,7,1,0,0,0,0.0,0.0,2025-Jan-30-19:52:35.703403
0.7205224245866639,570,2,1,0,0,0,0.0,0.0,2025-Jan-30-19:52:35.748241
1.175500641146208,571,10,1,0,0,0,0.0,0.0,2025-Jan-30-19:52:35.804026
1.22773127294813,572,0,1,0,-1,1,0.0,0.1,2025-Jan-30-19:52:35.882817
1.0322733681648357,573,8,1,0,-1,-1,0.0,0.0,2025-Jan-30-19:52:35.957077
0.9195606397123774,574,3,1,1,1,0,1.1,0.0,2025-Jan-30-19:52:36.001859
0.5431711454233299,575,3,1,0,1,0,1.3,0.0,2025-Jan-30-19:52:36.074870
1.2055064061623826,576,0,1,0,0,0,0.0,0.0,2025-Jan-30-19:52:36.130155
0.5431720707057414,577,3,1,0,1,0,1.6,0.0,2025-Jan-30-19:52:36.202561
0.7205224244414656,578,3,1,0,0,0,0.0,0.0,2025-Jan-30-19:52:36.246704
0.7205224244414656,579,3,1,0,0,0,0.0,0.0,2025-Jan-30-19:52:36.289674
1.2419094426890593,580,0,1,0,-1,0,0.0,0.0,2025-Jan-30-19:52:36.368530
1.0755242049138944,581,9,1,1,1,0,1.2,0.0,2025-Jan-30-19:52:36.423023
0.7205224277510908,582,5,1,0,-1,0,0.0,0.0,2025-Jan-30-19:52:36.499916
0.7205224245866639,583,2,1,0,0,0,0.0,0.0,2025-Jan-30-19:52:36.572337
0.7569226192142846,584,1,1,0,-1,0,0.0,0.0,2025-Jan-30-19:52:36.685301
0.7205224245865745,585,7,1,0,0,0,0.0,0.0,2025-Jan-30-19:52:36.739095
0.7205224245866639,586,2,1,0,0,0,0.0,0.0,2025-Jan-30-19:52:36.784294
1.0642896678048133,587,0,1,0,1,1,0.1,0.9,2025-Jan-30-19:52:36.863994
0.7205205030005031,588,1,1,0,0,0,0.0,0.0,2025-Jan-30-19:52:36.908102
0.606845033786306,589,4,1,0,0,1,0.0,0.8,2025-Jan-30-19:52:36.950853
1.1148589392231705,590,0,1,0,-1,1,0.0,1.9,2025-Jan-30-19:52:37.053165
1.077922863401533,591,0,1,0,1,0,0.9,0.0,2025-Jan-30-19:52:37.108653
1.175500655999938,592,8,1,0,1,0,1.0,0.0,2025-Jan-30-19:52:37.166406
0.6921729896766333,593,6,1,0,1,0,0.2,0.0,2025-Jan-30-19:52:37.209925
0.7364703220989628,594,3,1,0,1,-1,0.5,0.0,2025-Jan-30-19:52:37.266169
1.0755009769736241,595,3,1,1,0,0,0.0,0.0,2025-Jan-30-19:52:37.309128
0.7205224244414656,596,3,1,0,0,0,0.0,0.0,2025-Jan-30-19:52:37.353189
1.3253132534497158,597,0,1,0,-1,-1,0.0,0.0,2025-Jan-30-19:52:37.473650
0.7063435140839482,598,2,1,0,0,1,0.0,0.1,2025-Jan-30-19:52:37.560890
0.7205205030005031,599,1,1,0,0,0,0.0,0.0,2025-Jan-30-19:52:37.645085
0.7205224245865745,600,5,1,0,0,0,0.0,0.0,2025-Jan-30-19:52:37.719480
0.62998828032686,601,1,1,0,1,-1,1.4,0.0,2025-Jan-30-19:52:37.923557
