Cost,Sim,Switch_State_Indx,Gen1_on,Gen2_on,Batt1_mode,Batt2_mode,Batt1_power_kW,Batt2_power_kW,Timestamp
0.3018979434624297,20342,4,1,1,0,1,0.0,0.30000000000000004,2025-Jan-30-02:30:24.423110
0.33146485250483165,20343,4,1,1,1,-1,1.4000000000000001,0.0,2025-Jan-30-02:30:24.576133
0.34729241379455333,20344,1,1,1,-1,-1,0.0,0.0,2025-Jan-30-02:30:24.665825
0.2832436127462701,20345,7,1,1,1,-1,1.3000000000000003,0.0,2025-Jan-30-02:30:24.710235
0.331597720524849,20346,10,1,1,-1,-1,0.0,0.0,2025-Jan-30-02:30:24.774969
0.3314648541227442,20347,5,1,0,-1,-1,0.0,0.0,2025-Jan-30-02:30:24.827090
0.3075,20348,7,1,1,0,0,0.0,0.0,2025-Jan-30-02:30:24.878403
0.7581428571428572,20349,8,1,0,0,-1,0.0,0.0,2025-Jan-30-02:30:24.948801
0.31824789081376187,20350,2,1,1,1,-1,0.9,0.0,2025-Jan-30-02:30:24.998475
0.32086204260214,20351,5,1,1,-1,-1,0.0,0.0,2025-Jan-30-02:30:25.056680
0.34729241379455333,20352,1,1,1,-1,-1,0.0,0.0,2025-Jan-30-02:30:25.110171
0.33145763491963876,20353,9,1,1,1,-1,1.1,0.0,2025-Jan-30-02:30:25.209347
0.34735266086415223,20354,8,1,1,-1,-1,0.0,0.0,2025-Jan-30-02:30:25.362597
0.3314648538297505,20355,2,1,0,0,-1,0.0,0.0,2025-Jan-30-02:30:25.589784
0.3473343134525186,20356,3,1,0,-1,-1,0.0,0.0,2025-Jan-30-02:30:25.709379
0.2626409457611307,20357,3,1,1,1,1,1.2000000000000002,1.2000000000000002,2025-Jan-30-02:30:25.777247
0.33145763655300436,20358,9,1,1,-1,-1,0.0,0.0,2025-Jan-30-02:30:25.827341
0.2795112532442999,20359,1,1,1,1,0,1.5000000000000002,0.0,2025-Jan-30-02:30:25.884470
0.30376859382461013,20360,8,1,1,1,0,0.2,0.0,2025-Jan-30-02:30:25.946638
0.32092568193121784,20361,3,1,1,-1,0,0.0,0.0,2025-Jan-30-02:30:25.994936
