Cost,Sim,Switch_State_Indx,Gen1_on,Gen2_on,Batt1_mode,Batt2_mode,Batt1_power_kW,Batt2_power_kW,Timestamp
1.0740211432420042,3754,-3,1,1,0,0,0.0,0.0,2025-Jan-29-23:34:17.462441
1.1113749487582494,3755,-3,1,1,-1,0,0.0,0.0,2025-Jan-29-23:34:17.521118
0.7190205031455159,3756,-3,1,0,0,0,0.0,0.0,2025-Jan-29-23:34:17.585067
0.7190205063079972,3757,-3,1,0,0,-1,0.0,0.0,2025-Jan-29-23:34:17.656846
1.1113749487582494,3758,-3,1,1,-1,0,0.0,0.0,2025-Jan-29-23:34:17.787557
1.0740211432420042,3759,-3,1,1,0,0,0.0,0.0,2025-Jan-29-23:34:17.833108
1.0740211432420042,3760,-3,1,1,0,0,0.0,0.0,2025-Jan-29-23:34:17.875572
1.1113749487582494,3761,-3,1,1,-1,0,0.0,0.0,2025-Jan-29-23:34:17.931192
1.0740211464044855,3762,-3,1,1,0,-1,0.0,0.0,2025-Jan-29-23:34:17.976107
0.7563743116923222,3763,-3,1,0,-1,-1,0.0,0.0,2025-Jan-29-23:34:18.033046
1.0740211432420042,3764,-3,1,1,0,0,0.0,0.0,2025-Jan-29-23:34:18.077955
0.8976205455665484,3765,-3,1,1,1,0,1.9000000000000001,0.0,2025-Jan-29-23:34:18.153922
0.7190205063079972,3766,-3,1,0,0,-1,0.0,0.0,2025-Jan-29-23:34:18.199179
0.9464417827476506,3767,-3,1,1,1,1,0.9,0.6,2025-Jan-29-23:34:18.255052
1.0740211432420042,3768,-3,1,1,0,0,0.0,0.0,2025-Jan-29-23:34:18.301912
1.0173212142242622,3769,-3,1,1,1,-1,0.4,0.0,2025-Jan-29-23:34:18.346882
1.1113749487582494,3770,-3,1,1,-1,0,0.0,0.0,2025-Jan-29-23:34:18.407777
1.1113749487582494,3771,-3,1,1,-1,0,0.0,0.0,2025-Jan-29-23:34:18.465318
0.9180886195645964,3772,-3,1,1,1,-1,1.1,0.0,2025-Jan-29-23:34:18.510573
0.9039117241464883,3773,-3,1,1,1,-1,1.2000000000000002,0.0,2025-Jan-29-23:34:18.581152
0.7190205031455159,3774,-3,1,0,0,0,0.0,0.0,2025-Jan-29-23:34:18.670289
1.0740211297380937,3775,-3,1,1,0,1,0.0,1.5000000000000002,2025-Jan-29-23:34:18.785822
0.7563743116923222,3776,-3,1,0,-1,-1,0.0,0.0,2025-Jan-29-23:34:18.870531
0.7190205031455159,3777,-3,1,0,0,0,0.0,0.0,2025-Jan-29-23:34:18.916422
1.0590054580891124,3778,0,1,1,1,-1,0.5,0.0,2025-Jan-29-23:34:18.972736
1.1113749487582494,3779,-3,1,1,-1,0,0.0,0.0,2025-Jan-29-23:34:19.030279
0.7190205063079972,3780,-3,1,0,0,-1,0.0,0.0,2025-Jan-29-23:34:19.075175
1.1113749353933677,3781,-3,1,1,-1,1,0.0,0.7000000000000001,2025-Jan-29-23:34:19.153916
0.7563743116923222,3782,-3,1,0,-1,-1,0.0,0.0,2025-Jan-29-23:34:19.212945
1.0031457327321642,3783,-3,1,1,1,-1,0.5,0.0,2025-Jan-29-23:34:19.257595
0.6906709225939697,3784,-3,1,0,1,1,0.2,1.3000000000000003,2025-Jan-29-23:34:19.313238
1.1039829148870606,3785,-3,1,1,-1,1,0.0,1.2000000000000002,2025-Jan-29-23:34:19.393027
1.0740211432420042,3786,-3,1,1,0,0,0.0,0.0,2025-Jan-29-23:34:19.437773
0.7190205031455159,3787,-3,1,0,0,0,0.0,0.0,2025-Jan-29-23:34:19.483238
1.0740211432420042,3788,-3,1,1,0,0,0.0,0.0,2025-Jan-29-23:34:19.528057
0.7563742951649532,3789,-3,1,0,-1,1,0.0,1.0,2025-Jan-29-23:34:19.776363
0.7190205063079972,3790,-3,1,0,0,-1,0.0,0.0,2025-Jan-29-23:34:19.856875
0.6906709359502543,3791,-3,1,0,1,0,0.2,0.0,2025-Jan-29-23:34:19.938132
1.00314572929783,3792,-3,1,1,1,0,0.5,0.0,2025-Jan-29-23:34:19.983057
1.0740211432420042,3793,-3,1,1,0,0,0.0,0.0,2025-Jan-29-23:34:20.027992
1.1113749487582494,3794,-3,1,1,-1,0,0.0,0.0,2025-Jan-29-23:34:20.085958
0.9322652946353899,3795,-3,1,1,1,1,1.0,1.2000000000000002,2025-Jan-29-23:34:20.142754
0.7190204898596041,3796,-3,1,0,0,1,0.0,0.7000000000000001,2025-Jan-29-23:34:20.198675
1.0740211297191413,3797,-3,1,1,0,1,0.0,1.9000000000000001,2025-Jan-29-23:34:20.254940
0.7190205063079972,3798,-3,1,0,0,-1,0.0,0.0,2025-Jan-29-23:34:20.299407
0.719020490080821,3799,-3,1,0,0,1,0.0,1.2000000000000002,2025-Jan-29-23:34:20.354568
1.0740211464044855,3800,-3,1,1,0,-1,0.0,0.0,2025-Jan-29-23:34:20.402173
1.1113749487582494,3801,-3,1,1,-1,0,0.0,0.0,2025-Jan-29-23:34:20.459371
0.7190205063079972,3802,-3,1,0,0,-1,0.0,0.0,2025-Jan-29-23:34:20.504802
1.0740211432420042,3803,-3,1,1,0,0,0.0,0.0,2025-Jan-29-23:34:20.549643
1.1113749517846028,3804,-3,1,1,-1,-1,0.0,0.0,2025-Jan-29-23:34:20.607345
1.0740211432420042,3805,-3,1,1,0,0,0.0,0.0,2025-Jan-29-23:34:20.676715
1.0740211432420042,3806,-3,1,1,0,0,0.0,0.0,2025-Jan-29-23:34:20.763866
1.0740211464044855,3807,-3,1,1,0,-1,0.0,0.0,2025-Jan-29-23:34:20.849000
0.7190205031455159,3808,-3,1,0,0,0,0.0,0.0,2025-Jan-29-23:34:20.921462
0.7190205031455159,3809,-3,1,0,0,0,0.0,0.0,2025-Jan-29-23:34:20.965766
1.0740211432420042,3810,-3,1,1,0,0,0.0,0.0,2025-Jan-29-23:34:21.010383
1.1113749487582494,3811,-3,1,1,-1,0,0.0,0.0,2025-Jan-29-23:34:21.067802
1.0740211432420042,3812,-3,1,1,0,0,0.0,0.0,2025-Jan-29-23:34:21.112676
1.0740211297380937,3813,-3,1,1,0,1,0.0,1.5000000000000002,2025-Jan-29-23:34:21.167741
1.1113749487582494,3814,-3,1,1,-1,0,0.0,0.0,2025-Jan-29-23:34:21.225702
0.7190205031455159,3815,-3,1,0,0,0,0.0,0.0,2025-Jan-29-23:34:21.274089
1.0740211464044855,3816,-3,1,1,0,-1,0.0,0.0,2025-Jan-29-23:34:21.319312
1.0740211432420042,3817,-3,1,1,0,0,0.0,0.0,2025-Jan-29-23:34:21.363659
0.9039117073472788,3818,-3,1,1,1,1,1.2000000000000002,0.5,2025-Jan-29-23:34:21.422682
1.0740211432420042,3819,-3,1,1,0,0,0.0,0.0,2025-Jan-29-23:34:21.467114
1.0740211432420042,3820,-3,1,1,0,0,0.0,0.0,2025-Jan-29-23:34:21.515523
1.0740211432420042,3821,-3,1,1,0,0,0.0,0.0,2025-Jan-29-23:34:21.563615
0.7190205031455159,3822,-3,1,0,0,0,0.0,0.0,2025-Jan-29-23:34:21.630030
1.1113749487582494,3823,-3,1,1,-1,0,0.0,0.0,2025-Jan-29-23:34:21.732556
1.1113749517846028,3824,-3,1,1,-1,-1,0.0,0.0,2025-Jan-29-23:34:21.814027
1.1113749487582494,3825,-3,1,1,-1,0,0.0,0.0,2025-Jan-29-23:34:21.869544
0.7190205031455159,3826,-3,1,0,0,0,0.0,0.0,2025-Jan-29-23:34:21.911611
1.0740211432420042,3827,-3,1,1,0,0,0.0,0.0,2025-Jan-29-23:34:21.953548
1.1039829148308842,3828,-3,1,1,-1,1,0.0,1.3000000000000003,2025-Jan-29-23:34:22.031299
1.1113749487582494,3829,-3,1,1,-1,0,0.0,0.0,2025-Jan-29-23:34:22.090966
1.0740211432420042,3830,-3,1,1,0,0,0.0,0.0,2025-Jan-29-23:34:22.133330
0.7489822891669069,3831,-3,1,0,-1,0,0.0,0.0,2025-Jan-29-23:34:22.189397
0.9322653073956236,3832,-3,1,1,1,0,1.0,0.0,2025-Jan-29-23:34:22.233884
1.0740211432420042,3833,-3,1,1,0,0,0.0,0.0,2025-Jan-29-23:34:22.276873
1.0740211432420042,3834,-3,1,1,0,0,0.0,0.0,2025-Jan-29-23:34:22.319005
0.7563742950992911,3835,-3,1,0,-1,1,0.0,1.1,2025-Jan-29-23:34:22.394722
1.0740211432420042,3836,-3,1,1,0,0,0.0,0.0,2025-Jan-29-23:34:22.435919
0.7190205031455159,3837,-3,1,0,0,0,0.0,0.0,2025-Jan-29-23:34:22.478505
1.0740211432420042,3838,-3,1,1,0,0,0.0,0.0,2025-Jan-29-23:34:22.523144
1.0740211432420042,3839,-3,1,1,0,0,0.0,0.0,2025-Jan-29-23:34:22.590935
1.1113749487582494,3840,-3,1,1,-1,0,0.0,0.0,2025-Jan-29-23:34:22.678237
1.0740211432420042,3841,-3,1,1,0,0,0.0,0.0,2025-Jan-29-23:34:22.840034
0.7489822891669069,3842,-3,1,0,-1,0,0.0,0.0,2025-Jan-29-23:34:22.916253
0.7190205031455159,3843,-3,1,0,0,0,0.0,0.0,2025-Jan-29-23:34:22.959955
1.0740211432420042,3844,-3,1,1,0,0,0.0,0.0,2025-Jan-29-23:34:23.004665
0.7190205063079972,3845,-3,1,0,0,-1,0.0,0.0,2025-Jan-29-23:34:23.046475
0.7190205063079972,3846,-3,1,0,0,-1,0.0,0.0,2025-Jan-29-23:34:23.091995
0.7190204898596041,3847,-3,1,0,0,1,0.0,0.7000000000000001,2025-Jan-29-23:34:23.145778
0.7190205031455159,3848,-3,1,0,0,0,0.0,0.0,2025-Jan-29-23:34:23.190183
1.1113749517846028,3849,-3,1,1,-1,-1,0.0,0.0,2025-Jan-29-23:34:23.247819
1.0740211432420042,3850,-3,1,1,0,0,0.0,0.0,2025-Jan-29-23:34:23.290304
1.1113749517846028,3851,-3,1,1,-1,-1,0.0,0.0,2025-Jan-29-23:34:23.345072
0.7190205031455159,3852,-3,1,0,0,0,0.0,0.0,2025-Jan-29-23:34:23.389029
1.0173212142242622,3853,-3,1,1,1,-1,0.4,0.0,2025-Jan-29-23:34:23.431127
0.7190205031455159,3854,-3,1,0,0,0,0.0,0.0,2025-Jan-29-23:34:23.477259
0.7190205031455159,3855,-3,1,0,0,0,0.0,0.0,2025-Jan-29-23:34:23.521643
0.7190205031455159,3856,-3,1,0,0,0,0.0,0.0,2025-Jan-29-23:34:23.596189
0.7040048308487874,3857,0,1,0,0,-1,0.0,0.0,2025-Jan-29-23:34:23.684584
0.7190205031455159,3858,-3,1,0,0,0,0.0,0.0,2025-Jan-29-23:34:23.756784
0.7190205031455159,3859,-3,1,0,0,0,0.0,0.0,2025-Jan-29-23:34:23.807663
0.7190205031455159,3860,-3,1,0,0,0,0.0,0.0,2025-Jan-29-23:34:23.850271
0.7190205031455159,3861,-3,1,0,0,0,0.0,0.0,2025-Jan-29-23:34:23.893236
1.0740211432420042,3862,-3,1,1,0,0,0.0,0.0,2025-Jan-29-23:34:23.935574
0.7563743116923222,3863,-3,1,0,-1,-1,0.0,0.0,2025-Jan-29-23:34:23.990836
1.05900546881293,3864,0,1,1,0,0,0.0,0.0,2025-Jan-29-23:34:24.044299
0.7190205031455159,3865,-3,1,0,0,0,0.0,0.0,2025-Jan-29-23:34:24.091018
0.7190205031455159,3866,-3,1,0,0,0,0.0,0.0,2025-Jan-29-23:34:24.135523
0.5914411425459422,3867,-3,1,0,1,1,0.9,0.1,2025-Jan-29-23:34:24.191306
1.0740211464044855,3868,-3,1,1,0,-1,0.0,0.0,2025-Jan-29-23:34:24.236220
0.7190205063079972,3869,-3,1,0,0,-1,0.0,0.0,2025-Jan-29-23:34:24.279784
0.7040048287490615,3870,0,1,0,0,0,0.0,0.0,2025-Jan-29-23:34:24.331783
1.0740211432420042,3871,-3,1,1,0,0,0.0,0.0,2025-Jan-29-23:34:24.374641
0.7190205031455159,3872,-3,1,0,0,0,0.0,0.0,2025-Jan-29-23:34:24.416272
1.0740211464044855,3873,-3,1,1,0,-1,0.0,0.0,2025-Jan-29-23:34:24.458488
0.7040048287490615,3874,0,1,0,0,0,0.0,0.0,2025-Jan-29-23:34:24.514747
0.7190205031455159,3875,-3,1,0,0,0,0.0,0.0,2025-Jan-29-23:34:24.586197
0.7040048287490615,3876,0,1,0,0,0,0.0,0.0,2025-Jan-29-23:34:24.693338
0.7190205031455159,3877,-3,1,0,0,0,0.0,0.0,2025-Jan-29-23:34:24.771747
1.0740211464044855,3878,-3,1,1,0,-1,0.0,0.0,2025-Jan-29-23:34:24.834564
0.7489822891669069,3879,-3,1,0,-1,0,0.0,0.0,2025-Jan-29-23:34:24.888309
0.7190205031455159,3880,-3,1,0,0,0,0.0,0.0,2025-Jan-29-23:34:24.930958
0.7489822891669069,3881,-3,1,0,-1,0,0.0,0.0,2025-Jan-29-23:34:24.986374
0.7190205031455159,3882,-3,1,0,0,0,0.0,0.0,2025-Jan-29-23:34:25.119566
1.0740211432420042,3883,-3,1,1,0,0,0.0,0.0,2025-Jan-29-23:34:25.162670
0.7190204896621231,3884,-3,1,0,0,1,0.0,1.4000000000000001,2025-Jan-29-23:34:25.217311
0.7489822891669069,3885,-3,1,0,-1,0,0.0,0.0,2025-Jan-29-23:34:25.272478
1.0740211432420042,3886,-3,1,1,0,0,0.0,0.0,2025-Jan-29-23:34:25.315130
0.7190205031455159,3887,-3,1,0,0,0,0.0,0.0,2025-Jan-29-23:34:25.356770
0.7190205031455159,3888,-3,1,0,0,0,0.0,0.0,2025-Jan-29-23:34:25.399131
0.7563743116923222,3889,-3,1,0,-1,-1,0.0,0.0,2025-Jan-29-23:34:25.453386
0.7190205063079972,3890,-3,1,0,0,-1,0.0,0.0,2025-Jan-29-23:34:25.501088
0.7489822891669069,3891,-3,1,0,-1,0,0.0,0.0,2025-Jan-29-23:34:25.578591
0.7489822891669069,3892,-3,1,0,-1,0,0.0,0.0,2025-Jan-29-23:34:25.707094
0.5426199054488166,3893,-3,1,0,1,0,1.9000000000000001,0.0,2025-Jan-29-23:34:25.820528
1.0740211432420042,3894,-3,1,1,0,0,0.0,0.0,2025-Jan-29-23:34:25.867567
0.7190205063079972,3895,-3,1,0,0,-1,0.0,0.0,2025-Jan-29-23:34:25.912287
0.7040048287490615,3896,0,1,0,0,0,0.0,0.0,2025-Jan-29-23:34:25.967512
0.7489822891669069,3897,-3,1,0,-1,0,0.0,0.0,2025-Jan-29-23:34:26.028947
0.7489822891669069,3898,-3,1,0,-1,0,0.0,0.0,2025-Jan-29-23:34:26.086293
0.7190205063079972,3899,-3,1,0,0,-1,0.0,0.0,2025-Jan-29-23:34:26.133176
0.7190205031455159,3900,-3,1,0,0,0,0.0,0.0,2025-Jan-29-23:34:26.177742
0.7190205031455159,3901,-3,1,0,0,0,0.0,0.0,2025-Jan-29-23:34:26.222876
0.7190205031455159,3902,-3,1,0,0,0,0.0,0.0,2025-Jan-29-23:34:26.268271
1.0598464609314147,3903,-3,1,1,1,0,0.1,0.0,2025-Jan-29-23:34:26.312673
0.7190205031455159,3904,-3,1,0,0,0,0.0,0.0,2025-Jan-29-23:34:26.356961
1.0740211432420042,3905,-3,1,1,0,0,0.0,0.0,2025-Jan-29-23:34:26.401274
0.7190205031455159,3906,-3,1,0,0,0,0.0,0.0,2025-Jan-29-23:34:26.446379
0.7040048308487874,3907,0,1,0,0,-1,0.0,0.0,2025-Jan-29-23:34:26.504970
0.7190205031455159,3908,-3,1,0,0,0,0.0,0.0,2025-Jan-29-23:34:26.574629
0.7190205031455159,3909,-3,1,0,0,0,0.0,0.0,2025-Jan-29-23:34:26.662725
1.0740211432420042,3910,-3,1,1,0,0,0.0,0.0,2025-Jan-29-23:34:26.733386
1.05900546881293,3911,0,1,1,0,0,0.0,0.0,2025-Jan-29-23:34:26.823293
1.0740211432420042,3912,-3,1,1,0,0,0.0,0.0,2025-Jan-29-23:34:26.871701
0.7489822891669069,3913,-3,1,0,-1,0,0.0,0.0,2025-Jan-29-23:34:26.929303
1.05900546881293,3914,0,1,1,0,0,0.0,0.0,2025-Jan-29-23:34:26.985470
0.7190205031455159,3915,-3,1,0,0,0,0.0,0.0,2025-Jan-29-23:34:27.031955
0.7190205031455159,3916,-3,1,0,0,0,0.0,0.0,2025-Jan-29-23:34:27.077338
0.5914411556334509,3917,-3,1,0,1,0,0.9,0.0,2025-Jan-29-23:34:27.123521
0.5489110840296278,3918,-3,1,0,1,-1,1.2000000000000002,0.0,2025-Jan-29-23:34:27.169810
0.6906709392213018,3919,-3,1,0,1,-1,0.2,0.0,2025-Jan-29-23:34:27.216102
0.7040048287490615,3920,0,1,0,0,0,0.0,0.0,2025-Jan-29-23:34:27.272867
1.0740211432420042,3921,-3,1,1,0,0,0.0,0.0,2025-Jan-29-23:34:27.317628
0.7190205031455159,3922,-3,1,0,0,0,0.0,0.0,2025-Jan-29-23:34:27.374646
0.7190205031455159,3923,-3,1,0,0,0,0.0,0.0,2025-Jan-29-23:34:27.421389
0.7040048287490615,3924,0,1,0,0,0,0.0,0.0,2025-Jan-29-23:34:27.482689
0.7190205031455159,3925,-3,1,0,0,0,0.0,0.0,2025-Jan-29-23:34:27.530119
0.7040048287490615,3926,0,1,0,0,0,0.0,0.0,2025-Jan-29-23:34:27.611915
0.7190205031455159,3927,-3,1,0,0,0,0.0,0.0,2025-Jan-29-23:34:27.697195
1.0590054728462381,3928,0,1,1,-1,-1,0.0,0.0,2025-Jan-29-23:34:27.797974
1.1113749487582494,3929,-3,1,1,-1,0,0.0,0.0,2025-Jan-29-23:34:27.865437
0.7190205063079972,3930,-3,1,0,0,-1,0.0,0.0,2025-Jan-29-23:34:27.911683
0.7489822891669069,3931,-3,1,0,-1,0,0.0,0.0,2025-Jan-29-23:34:27.969625
0.7190205031455159,3932,-3,1,0,0,0,0.0,0.0,2025-Jan-29-23:34:28.020561
1.1113749517846028,3933,-3,1,1,-1,-1,0.0,0.0,2025-Jan-29-23:34:28.080236
0.7190205031455159,3934,-3,1,0,0,0,0.0,0.0,2025-Jan-29-23:34:28.127839
0.7489822891669069,3935,-3,1,0,-1,0,0.0,0.0,2025-Jan-29-23:34:28.188629
0.7190205031455159,3936,-3,1,0,0,0,0.0,0.0,2025-Jan-29-23:34:28.234910
0.7190205031455159,3937,-3,1,0,0,0,0.0,0.0,2025-Jan-29-23:34:28.280614
0.7190205031455159,3938,-3,1,0,0,0,0.0,0.0,2025-Jan-29-23:34:28.326791
0.7563743116923222,3939,-3,1,0,-1,-1,0.0,0.0,2025-Jan-29-23:34:28.565596
0.7190205031455159,3940,-3,1,0,0,0,0.0,0.0,2025-Jan-29-23:34:28.660159
0.7489822891669069,3941,-3,1,0,-1,0,0.0,0.0,2025-Jan-29-23:34:28.755119
0.7489822891669069,3942,-3,1,0,-1,0,0.0,0.0,2025-Jan-29-23:34:28.841766
0.5426186754555834,3943,-3,1,0,1,0,1.5000000000000002,0.0,2025-Jan-29-23:34:28.919503
0.7190205031455159,3944,-3,1,0,0,0,0.0,0.0,2025-Jan-29-23:34:28.964290
0.7190205031455159,3945,-3,1,0,0,0,0.0,0.0,2025-Jan-29-23:34:29.008054
0.7040048287490615,3946,0,1,0,0,0,0.0,0.0,2025-Jan-29-23:34:29.064003
0.7190204898596041,3947,-3,1,0,0,1,0.0,0.7000000000000001,2025-Jan-29-23:34:29.120994
1.0740211464044855,3948,-3,1,1,0,-1,0.0,0.0,2025-Jan-29-23:34:29.167727
0.7190205031455159,3949,-3,1,0,0,0,0.0,0.0,2025-Jan-29-23:34:29.216143
0.7190205031455159,3950,-3,1,0,0,0,0.0,0.0,2025-Jan-29-23:34:29.261287
1.0740211432420042,3951,-3,1,1,0,0,0.0,0.0,2025-Jan-29-23:34:29.305458
0.7190205031455159,3952,-3,1,0,0,0,0.0,0.0,2025-Jan-29-23:34:29.350446
0.7190205063079972,3953,-3,1,0,0,-1,0.0,0.0,2025-Jan-29-23:34:29.395808
0.7190205031455159,3954,-3,1,0,0,0,0.0,0.0,2025-Jan-29-23:34:29.441390
0.7190205031455159,3955,-3,1,0,0,0,0.0,0.0,2025-Jan-29-23:34:29.487583
0.7190205031455159,3956,-3,1,0,0,0,0.0,0.0,2025-Jan-29-23:34:29.533348
0.7190205031455159,3957,-3,1,0,0,0,0.0,0.0,2025-Jan-29-23:34:29.608013
0.7040048327823696,3958,0,1,0,-1,-1,0.0,0.0,2025-Jan-29-23:34:29.701956
0.7190204898834608,3959,-3,1,0,0,1,0.0,1.1,2025-Jan-29-23:34:29.798640
0.7190205031455159,3960,-3,1,0,0,0,0.0,0.0,2025-Jan-29-23:34:29.846584
1.05900546881293,3961,0,1,1,0,0,0.0,0.0,2025-Jan-29-23:34:29.903572
0.7190205031455159,3962,-3,1,0,0,0,0.0,0.0,2025-Jan-29-23:34:29.950265
0.7190205031455159,3963,-3,1,0,0,0,0.0,0.0,2025-Jan-29-23:34:30.000582
0.7040048287490615,3964,0,1,0,0,0,0.0,0.0,2025-Jan-29-23:34:30.063745
0.7190205031455159,3965,-3,1,0,0,0,0.0,0.0,2025-Jan-29-23:34:30.116492
0.7190205063079972,3966,-3,1,0,0,-1,0.0,0.0,2025-Jan-29-23:34:30.164078
0.7190205031455159,3967,-3,1,0,0,0,0.0,0.0,2025-Jan-29-23:34:30.210277
0.7040048308487874,3968,0,1,0,0,-1,0.0,0.0,2025-Jan-29-23:34:30.271119
0.7190205031455159,3969,-3,1,0,0,0,0.0,0.0,2025-Jan-29-23:34:30.320286
0.7040048308487874,3970,0,1,0,0,-1,0.0,0.0,2025-Jan-29-23:34:30.381370
0.7190205031455159,3971,-3,1,0,0,0,0.0,0.0,2025-Jan-29-23:34:30.428837
1.0740211464044855,3972,-3,1,1,0,-1,0.0,0.0,2025-Jan-29-23:34:30.475790
0.7190205031455159,3973,-3,1,0,0,0,0.0,0.0,2025-Jan-29-23:34:30.531098
0.7040048308487874,3974,0,1,0,0,-1,0.0,0.0,2025-Jan-29-23:34:30.615723
0.7190205063079972,3975,-3,1,0,0,-1,0.0,0.0,2025-Jan-29-23:34:30.701172
0.7190205031455159,3976,-3,1,0,0,0,0.0,0.0,2025-Jan-29-23:34:30.785539
0.7190205031455159,3977,-3,1,0,0,0,0.0,0.0,2025-Jan-29-23:34:30.855946
0.7190205031455159,3978,-3,1,0,0,0,0.0,0.0,2025-Jan-29-23:34:30.903738
0.7190205063079972,3979,-3,1,0,0,-1,0.0,0.0,2025-Jan-29-23:34:30.951061
0.7190205031455159,3980,-3,1,0,0,0,0.0,0.0,2025-Jan-29-23:34:31.003659
0.7489822891669069,3981,-3,1,0,-1,0,0.0,0.0,2025-Jan-29-23:34:31.214042
0.7040048287490615,3982,0,1,0,0,0,0.0,0.0,2025-Jan-29-23:34:31.274227
0.7190205031455159,3983,-3,1,0,0,0,0.0,0.0,2025-Jan-29-23:34:31.322693
0.7190205031455159,3984,-3,1,0,0,0,0.0,0.0,2025-Jan-29-23:34:31.369744
0.7190205031455159,3985,-3,1,0,0,0,0.0,0.0,2025-Jan-29-23:34:31.420056
0.7190205031455159,3986,-3,1,0,0,0,0.0,0.0,2025-Jan-29-23:34:31.465917
0.7190205031455159,3987,-3,1,0,0,0,0.0,0.0,2025-Jan-29-23:34:31.512057
0.7190205063079972,3988,-3,1,0,0,-1,0.0,0.0,2025-Jan-29-23:34:31.585324
0.7190205031455159,3989,-3,1,0,0,0,0.0,0.0,2025-Jan-29-23:34:31.670609
0.7040048287490615,3990,0,1,0,0,0,0.0,0.0,2025-Jan-29-23:34:31.774344
0.7190205031455159,3991,-3,1,0,0,0,0.0,0.0,2025-Jan-29-23:34:31.836789
0.7190205031455159,3992,-3,1,0,0,0,0.0,0.0,2025-Jan-29-23:34:31.882604
0.7040048287490615,3993,0,1,0,0,0,0.0,0.0,2025-Jan-29-23:34:31.938727
0.7190205031455159,3994,-3,1,0,0,0,0.0,0.0,2025-Jan-29-23:34:31.984405
0.7190205031455159,3995,-3,1,0,0,0,0.0,0.0,2025-Jan-29-23:34:32.028387
0.7190205031455159,3996,-3,1,0,0,0,0.0,0.0,2025-Jan-29-23:34:32.073424
0.7040048287490615,3997,0,1,0,0,0,0.0,0.0,2025-Jan-29-23:34:32.129770
0.7190205031455159,3998,-3,1,0,0,0,0.0,0.0,2025-Jan-29-23:34:32.175472
0.7190205031455159,3999,-3,1,0,0,0,0.0,0.0,2025-Jan-29-23:34:32.219454
0.619793525129478,4000,-3,1,0,1,0,0.7000000000000001,0.0,2025-Jan-29-23:34:32.263755
0.7040048287490615,4001,0,1,0,0,0,0.0,0.0,2025-Jan-29-23:34:32.318468
0.7190205031455159,4002,-3,1,0,0,0,0.0,0.0,2025-Jan-29-23:34:32.363490
0.7190205031455159,4003,-3,1,0,0,0,0.0,0.0,2025-Jan-29-23:34:32.409174
0.7190205031455159,4004,-3,1,0,0,0,0.0,0.0,2025-Jan-29-23:34:32.454006
0.7190205031455159,4005,-3,1,0,0,0,0.0,0.0,2025-Jan-29-23:34:32.497845
0.7190205031455159,4006,-3,1,0,0,0,0.0,0.0,2025-Jan-29-23:34:32.542252
0.7190205031455159,4007,-3,1,0,0,0,0.0,0.0,2025-Jan-29-23:34:32.620057
0.7040048287490615,4008,0,1,0,0,0,0.0,0.0,2025-Jan-29-23:34:32.711868
0.7190205031455159,4009,-3,1,0,0,0,0.0,0.0,2025-Jan-29-23:34:32.805118
0.7190205031455159,4010,-3,1,0,0,0,0.0,0.0,2025-Jan-29-23:34:32.860793
1.0740211432420042,4011,-3,1,1,0,0,0.0,0.0,2025-Jan-29-23:34:32.906420
1.0740211432420042,4012,-3,1,1,0,0,0.0,0.0,2025-Jan-29-23:34:32.955018
0.7190205031455159,4013,-3,1,0,0,0,0.0,0.0,2025-Jan-29-23:34:33.000839
0.7040048287490615,4014,0,1,0,0,0,0.0,0.0,2025-Jan-29-23:34:33.056453
0.7190205031455159,4015,-3,1,0,0,0,0.0,0.0,2025-Jan-29-23:34:33.101283
0.7190205031455159,4016,-3,1,0,0,0,0.0,0.0,2025-Jan-29-23:34:33.146556
0.7190205031455159,4017,-3,1,0,0,0,0.0,0.0,2025-Jan-29-23:34:33.191509
0.7190205063079972,4018,-3,1,0,0,-1,0.0,0.0,2025-Jan-29-23:34:33.236202
0.6764958527894045,4019,-3,1,0,1,0,0.30000000000000004,0.0,2025-Jan-29-23:34:33.280127
0.7040048287490615,4020,0,1,0,0,0,0.0,0.0,2025-Jan-29-23:34:33.334736
0.7190205031455159,4021,-3,1,0,0,0,0.0,0.0,2025-Jan-29-23:34:33.379364
0.7190205031455159,4022,-3,1,0,0,0,0.0,0.0,2025-Jan-29-23:34:33.423203
0.7190205031455159,4023,-3,1,0,0,0,0.0,0.0,2025-Jan-29-23:34:33.468378
0.7040048287490615,4024,0,1,0,0,0,0.0,0.0,2025-Jan-29-23:34:33.523884
0.7190205031455159,4025,-3,1,0,0,0,0.0,0.0,2025-Jan-29-23:34:33.584845
0.7040048287490615,4026,0,1,0,0,0,0.0,0.0,2025-Jan-29-23:34:33.667880
0.7190205031455159,4027,-3,1,0,0,0,0.0,0.0,2025-Jan-29-23:34:33.757610
0.7190205031455159,4028,-3,1,0,0,0,0.0,0.0,2025-Jan-29-23:34:33.834283
0.7190205063079972,4029,-3,1,0,0,-1,0.0,0.0,2025-Jan-29-23:34:33.879172
0.7190205031455159,4030,-3,1,0,0,0,0.0,0.0,2025-Jan-29-23:34:33.924003
0.7190205031455159,4031,-3,1,0,0,0,0.0,0.0,2025-Jan-29-23:34:33.968674
0.7190205031455159,4032,-3,1,0,0,0,0.0,0.0,2025-Jan-29-23:34:34.012737
0.7190205031455159,4033,-3,1,0,0,0,0.0,0.0,2025-Jan-29-23:34:34.205955
0.7190205031455159,4034,-3,1,0,0,0,0.0,0.0,2025-Jan-29-23:34:34.252600
0.7190205031455159,4035,-3,1,0,0,0,0.0,0.0,2025-Jan-29-23:34:34.297355
0.7190205031455159,4036,-3,1,0,0,0,0.0,0.0,2025-Jan-29-23:34:34.341362
0.7190205031455159,4037,-3,1,0,0,0,0.0,0.0,2025-Jan-29-23:34:34.387604
0.7190205031455159,4038,-3,1,0,0,0,0.0,0.0,2025-Jan-29-23:34:34.432312
0.7190205031455159,4039,-3,1,0,0,0,0.0,0.0,2025-Jan-29-23:34:34.476514
0.7040048287490615,4040,0,1,0,0,0,0.0,0.0,2025-Jan-29-23:34:34.531453
0.7190205031455159,4041,-3,1,0,0,0,0.0,0.0,2025-Jan-29-23:34:34.597247
0.7190205031455159,4042,-3,1,0,0,0,0.0,0.0,2025-Jan-29-23:34:34.671729
0.7190205031455159,4043,-3,1,0,0,0,0.0,0.0,2025-Jan-29-23:34:34.752505
0.7190205031455159,4044,-3,1,0,0,0,0.0,0.0,2025-Jan-29-23:34:34.825931
0.7190205031455159,4045,-3,1,0,0,0,0.0,0.0,2025-Jan-29-23:34:34.870956
0.7040048287490615,4046,0,1,0,0,0,0.0,0.0,2025-Jan-29-23:34:34.926425
0.7190205031455159,4047,-3,1,0,0,0,0.0,0.0,2025-Jan-29-23:34:34.971697
0.7489822891669069,4048,-3,1,0,-1,0,0.0,0.0,2025-Jan-29-23:34:35.030593
0.7190205031455159,4049,-3,1,0,0,0,0.0,0.0,2025-Jan-29-23:34:35.075473
0.7040048287490615,4050,0,1,0,0,0,0.0,0.0,2025-Jan-29-23:34:35.133233
0.7040048287490615,4051,0,1,0,0,0,0.0,0.0,2025-Jan-29-23:34:35.189281
0.7190205031455159,4052,-3,1,0,0,0,0.0,0.0,2025-Jan-29-23:34:35.245179
0.7190205031455159,4053,-3,1,0,0,0,0.0,0.0,2025-Jan-29-23:34:35.292133
0.7190205031455159,4054,-3,1,0,0,0,0.0,0.0,2025-Jan-29-23:34:35.343087
0.7190205031455159,4055,-3,1,0,0,0,0.0,0.0,2025-Jan-29-23:34:35.394761
0.7190205031455159,4056,-3,1,0,0,0,0.0,0.0,2025-Jan-29-23:34:35.444374
0.7040048308487874,4057,0,1,0,0,-1,0.0,0.0,2025-Jan-29-23:34:35.505713
0.7040048287490615,4058,0,1,0,0,0,0.0,0.0,2025-Jan-29-23:34:35.588053
0.7190205063079972,4059,-3,1,0,0,-1,0.0,0.0,2025-Jan-29-23:34:35.690982
0.7190205031455159,4060,-3,1,0,0,0,0.0,0.0,2025-Jan-29-23:34:35.772378
1.05900546881293,4061,0,1,1,0,0,0.0,0.0,2025-Jan-29-23:34:35.851051
0.7190205031455159,4062,-3,1,0,0,0,0.0,0.0,2025-Jan-29-23:34:35.901055
0.7190205031455159,4063,-3,1,0,0,0,0.0,0.0,2025-Jan-29-23:34:35.950504
0.7040048287490615,4064,0,1,0,0,0,0.0,0.0,2025-Jan-29-23:34:36.007681
0.7190205031455159,4065,-3,1,0,0,0,0.0,0.0,2025-Jan-29-23:34:36.052629
0.7190205031455159,4066,-3,1,0,0,0,0.0,0.0,2025-Jan-29-23:34:36.096711
0.6056174282549424,4067,-3,1,0,1,1,0.8,0.1,2025-Jan-29-23:34:36.151408
1.0740211299711975,4068,-3,1,1,0,1,0.0,0.6,2025-Jan-29-23:34:36.205606
0.6764958527894045,4069,-3,1,0,1,0,0.30000000000000004,0.0,2025-Jan-29-23:34:36.249719
0.7040048287490615,4070,0,1,0,0,0,0.0,0.0,2025-Jan-29-23:34:36.303907
0.7190205031455159,4071,-3,1,0,0,0,0.0,0.0,2025-Jan-29-23:34:36.347978
0.7190205031455159,4072,-3,1,0,0,0,0.0,0.0,2025-Jan-29-23:34:36.392621
0.7190205031455159,4073,-3,1,0,0,0,0.0,0.0,2025-Jan-29-23:34:36.435980
0.7040048287490615,4074,0,1,0,0,0,0.0,0.0,2025-Jan-29-23:34:36.494229
1.0740211432420042,4075,-3,1,1,0,0,0.0,0.0,2025-Jan-29-23:34:36.537481
0.7040048287490615,4076,0,1,0,0,0,0.0,0.0,2025-Jan-29-23:34:36.629790
0.7190205031455159,4077,-3,1,0,0,0,0.0,0.0,2025-Jan-29-23:34:36.724438
0.7190205031455159,4078,-3,1,0,0,0,0.0,0.0,2025-Jan-29-23:34:36.803668
0.7190205031455159,4079,-3,1,0,0,0,0.0,0.0,2025-Jan-29-23:34:36.856159
0.7190205031455159,4080,-3,1,0,0,0,0.0,0.0,2025-Jan-29-23:34:37.081288
0.7190205031455159,4081,-3,1,0,0,0,0.0,0.0,2025-Jan-29-23:34:37.128760
1.05900546881293,4082,0,1,1,0,0,0.0,0.0,2025-Jan-29-23:34:37.186025
0.7190205031455159,4083,-3,1,0,0,0,0.0,0.0,2025-Jan-29-23:34:37.235488
0.7190205031455159,4084,-3,1,0,0,0,0.0,0.0,2025-Jan-29-23:34:37.281036
0.7190205031455159,4085,-3,1,0,0,0,0.0,0.0,2025-Jan-29-23:34:37.326322
0.7190205031455159,4086,-3,1,0,0,0,0.0,0.0,2025-Jan-29-23:34:37.376536
0.7190205031455159,4087,-3,1,0,0,0,0.0,0.0,2025-Jan-29-23:34:37.421734
0.7190205031455159,4088,-3,1,0,0,0,0.0,0.0,2025-Jan-29-23:34:37.471063
0.7190205031455159,4089,-3,1,0,0,0,0.0,0.0,2025-Jan-29-23:34:37.519450
0.7040048287490615,4090,0,1,0,0,0,0.0,0.0,2025-Jan-29-23:34:37.620722
0.7190205031455159,4091,-3,1,0,0,0,0.0,0.0,2025-Jan-29-23:34:37.732458
0.7190205031455159,4092,-3,1,0,0,0,0.0,0.0,2025-Jan-29-23:34:37.827791
0.5426186754555834,4093,-3,1,0,1,0,1.5000000000000002,0.0,2025-Jan-29-23:34:37.919269
1.0740211432420042,4094,-3,1,1,0,0,0.0,0.0,2025-Jan-29-23:34:37.965265
0.7190205031455159,4095,-3,1,0,0,0,0.0,0.0,2025-Jan-29-23:34:38.014140
0.7040048287490615,4096,0,1,0,0,0,0.0,0.0,2025-Jan-29-23:34:38.069767
0.7040048287490615,4097,0,1,0,0,0,0.0,0.0,2025-Jan-29-23:34:38.127840
0.7190205031455159,4098,-3,1,0,0,0,0.0,0.0,2025-Jan-29-23:34:38.174385
0.7190205031455159,4099,-3,1,0,0,0,0.0,0.0,2025-Jan-29-23:34:38.219851
0.619793525129478,4100,-3,1,0,1,0,0.7000000000000001,0.0,2025-Jan-29-23:34:38.266038
0.7040048287490615,4101,0,1,0,0,0,0.0,0.0,2025-Jan-29-23:34:38.324525
0.7190205031455159,4102,-3,1,0,0,0,0.0,0.0,2025-Jan-29-23:34:38.371202
0.7190205031455159,4103,-3,1,0,0,0,0.0,0.0,2025-Jan-29-23:34:38.416408
0.7190205031455159,4104,-3,1,0,0,0,0.0,0.0,2025-Jan-29-23:34:38.462055
0.7190205031455159,4105,-3,1,0,0,0,0.0,0.0,2025-Jan-29-23:34:38.508683
0.7190205031455159,4106,-3,1,0,0,0,0.0,0.0,2025-Jan-29-23:34:38.572983
0.7190205031455159,4107,-3,1,0,0,0,0.0,0.0,2025-Jan-29-23:34:38.682160
0.7190205031455159,4108,-3,1,0,0,0,0.0,0.0,2025-Jan-29-23:34:38.768851
0.7190205063079972,4109,-3,1,0,0,-1,0.0,0.0,2025-Jan-29-23:34:38.843514
0.7190205031455159,4110,-3,1,0,0,0,0.0,0.0,2025-Jan-29-23:34:38.890979
0.7190205031455159,4111,-3,1,0,0,0,0.0,0.0,2025-Jan-29-23:34:38.937045
0.7190205031455159,4112,-3,1,0,0,0,0.0,0.0,2025-Jan-29-23:34:38.982241
0.7190205031455159,4113,-3,1,0,0,0,0.0,0.0,2025-Jan-29-23:34:39.026980
0.7190205063079972,4114,-3,1,0,0,-1,0.0,0.0,2025-Jan-29-23:34:39.073288
0.7190205031455159,4115,-3,1,0,0,0,0.0,0.0,2025-Jan-29-23:34:39.120032
0.7190205031455159,4116,-3,1,0,0,0,0.0,0.0,2025-Jan-29-23:34:39.165893
0.7190205031455159,4117,-3,1,0,0,0,0.0,0.0,2025-Jan-29-23:34:39.211601
0.7190205031455159,4118,-3,1,0,0,0,0.0,0.0,2025-Jan-29-23:34:39.257389
0.7190205031455159,4119,-3,1,0,0,0,0.0,0.0,2025-Jan-29-23:34:39.301846
0.7190205031455159,4120,-3,1,0,0,0,0.0,0.0,2025-Jan-29-23:34:39.347038
0.7190205031455159,4121,-3,1,0,0,0,0.0,0.0,2025-Jan-29-23:34:39.399310
0.7040048287490615,4122,0,1,0,0,0,0.0,0.0,2025-Jan-29-23:34:39.458993
0.7190205063079972,4123,-3,1,0,0,-1,0.0,0.0,2025-Jan-29-23:34:39.506191
0.7190205031455159,4124,-3,1,0,0,0,0.0,0.0,2025-Jan-29-23:34:39.574361
0.7190205031455159,4125,-3,1,0,0,0,0.0,0.0,2025-Jan-29-23:34:39.672937
0.7190205031455159,4126,-3,1,0,0,0,0.0,0.0,2025-Jan-29-23:34:39.759176
0.7040048287490615,4127,0,1,0,0,0,0.0,0.0,2025-Jan-29-23:34:39.839611
0.7190205031455159,4128,-3,1,0,0,0,0.0,0.0,2025-Jan-29-23:34:40.055048
0.7190205031455159,4129,-3,1,0,0,0,0.0,0.0,2025-Jan-29-23:34:40.102931
0.7040048287490615,4130,0,1,0,0,0,0.0,0.0,2025-Jan-29-23:34:40.159909
0.7040048287490615,4131,0,1,0,0,0,0.0,0.0,2025-Jan-29-23:34:40.216897
1.0740211432420042,4132,-3,1,1,0,0,0.0,0.0,2025-Jan-29-23:34:40.262215
0.7190205031455159,4133,-3,1,0,0,0,0.0,0.0,2025-Jan-29-23:34:40.307484
0.7190205031455159,4134,-3,1,0,0,0,0.0,0.0,2025-Jan-29-23:34:40.352878
0.7190205031455159,4135,-3,1,0,0,0,0.0,0.0,2025-Jan-29-23:34:40.398410
0.7040048287490615,4136,0,1,0,0,0,0.0,0.0,2025-Jan-29-23:34:40.454967
0.7190205031455159,4137,-3,1,0,0,0,0.0,0.0,2025-Jan-29-23:34:40.499698
1.0740211432420042,4138,-3,1,1,0,0,0.0,0.0,2025-Jan-29-23:34:40.544719
0.7190205031455159,4139,-3,1,0,0,0,0.0,0.0,2025-Jan-29-23:34:40.634933
0.7190205031455159,4140,-3,1,0,0,0,0.0,0.0,2025-Jan-29-23:34:40.715197
0.7040048287490615,4141,0,1,0,0,0,0.0,0.0,2025-Jan-29-23:34:40.816103
0.7190205031455159,4142,-3,1,0,0,0,0.0,0.0,2025-Jan-29-23:34:40.868772
0.7190205031455159,4143,-3,1,0,0,0,0.0,0.0,2025-Jan-29-23:34:40.914538
0.7040048287490615,4144,0,1,0,0,0,0.0,0.0,2025-Jan-29-23:34:40.970652
0.7040048287490615,4145,0,1,0,0,0,0.0,0.0,2025-Jan-29-23:34:41.026473
0.7040048287490615,4146,0,1,0,0,0,0.0,0.0,2025-Jan-29-23:34:41.083824
0.7040048287490615,4147,0,1,0,0,0,0.0,0.0,2025-Jan-29-23:34:41.142624
0.7040048287490615,4148,0,1,0,0,0,0.0,0.0,2025-Jan-29-23:34:41.198803
0.7190205031455159,4149,-3,1,0,0,0,0.0,0.0,2025-Jan-29-23:34:41.245428
0.7040048287490615,4150,0,1,0,0,0,0.0,0.0,2025-Jan-29-23:34:41.302638
0.7040048287490615,4151,0,1,0,0,0,0.0,0.0,2025-Jan-29-23:34:41.362108
0.7190205031455159,4152,-3,1,0,0,0,0.0,0.0,2025-Jan-29-23:34:41.410474
0.7190205031455159,4153,-3,1,0,0,0,0.0,0.0,2025-Jan-29-23:34:41.457009
0.7040048287490615,4154,0,1,0,0,0,0.0,0.0,2025-Jan-29-23:34:41.513424
0.7040048287490615,4155,0,1,0,0,0,0.0,0.0,2025-Jan-29-23:34:41.588870
0.7190205031455159,4156,-3,1,0,0,0,0.0,0.0,2025-Jan-29-23:34:41.676371
0.7040048287490615,4157,0,1,0,0,0,0.0,0.0,2025-Jan-29-23:34:41.769806
0.7040048287490615,4158,0,1,0,0,0,0.0,0.0,2025-Jan-29-23:34:41.842895
0.7190205031455159,4159,-3,1,0,0,0,0.0,0.0,2025-Jan-29-23:34:41.888256
0.7190205031455159,4160,-3,1,0,0,0,0.0,0.0,2025-Jan-29-23:34:41.933671
0.7190205031455159,4161,-3,1,0,0,0,0.0,0.0,2025-Jan-29-23:34:41.978733
0.7190205031455159,4162,-3,1,0,0,0,0.0,0.0,2025-Jan-29-23:34:42.023571
0.7040048287490615,4163,0,1,0,0,0,0.0,0.0,2025-Jan-29-23:34:42.080168
0.7190205031455159,4164,-3,1,0,0,0,0.0,0.0,2025-Jan-29-23:34:42.130545
0.7190205031455159,4165,-3,1,0,0,0,0.0,0.0,2025-Jan-29-23:34:42.176691
0.7190205031455159,4166,-3,1,0,0,0,0.0,0.0,2025-Jan-29-23:34:42.221950
0.7040048287490615,4167,0,1,0,0,0,0.0,0.0,2025-Jan-29-23:34:42.278256
0.7190205031455159,4168,-3,1,0,0,0,0.0,0.0,2025-Jan-29-23:34:42.323346
0.7190205031455159,4169,-3,1,0,0,0,0.0,0.0,2025-Jan-29-23:34:42.367868
0.7040048287490615,4170,0,1,0,0,0,0.0,0.0,2025-Jan-29-23:34:42.637517
0.7190205063079972,4171,-3,1,0,0,-1,0.0,0.0,2025-Jan-29-23:34:42.727923
0.7040048287490615,4172,0,1,0,0,0,0.0,0.0,2025-Jan-29-23:34:42.824054
0.7190205031455159,4173,-3,1,0,0,0,0.0,0.0,2025-Jan-29-23:34:42.876751
0.7040048287490615,4174,0,1,0,0,0,0.0,0.0,2025-Jan-29-23:34:42.933301
0.7190205031455159,4175,-3,1,0,0,0,0.0,0.0,2025-Jan-29-23:34:42.978860
0.7040048287490615,4176,0,1,0,0,0,0.0,0.0,2025-Jan-29-23:34:43.038429
0.7040048287490615,4177,0,1,0,0,0,0.0,0.0,2025-Jan-29-23:34:43.095570
0.7190205031455159,4178,-3,1,0,0,0,0.0,0.0,2025-Jan-29-23:34:43.141147
0.7190205031455159,4179,-3,1,0,0,0,0.0,0.0,2025-Jan-29-23:34:43.186355
0.7040048287490615,4180,0,1,0,0,0,0.0,0.0,2025-Jan-29-23:34:43.242976
0.7190205031455159,4181,-3,1,0,0,0,0.0,0.0,2025-Jan-29-23:34:43.288032
0.7040048287490615,4182,0,1,0,0,0,0.0,0.0,2025-Jan-29-23:34:43.343681
0.7190205031455159,4183,-3,1,0,0,0,0.0,0.0,2025-Jan-29-23:34:43.389703
0.7190205031455159,4184,-3,1,0,0,0,0.0,0.0,2025-Jan-29-23:34:43.434912
0.7190205031455159,4185,-3,1,0,0,0,0.0,0.0,2025-Jan-29-23:34:43.479873
0.7040048287490615,4186,0,1,0,0,0,0.0,0.0,2025-Jan-29-23:34:43.535508
0.7190205031455159,4187,-3,1,0,0,0,0.0,0.0,2025-Jan-29-23:34:43.607990
0.7190205031455159,4188,-3,1,0,0,0,0.0,0.0,2025-Jan-29-23:34:43.688654
0.7190205031455159,4189,-3,1,0,0,0,0.0,0.0,2025-Jan-29-23:34:43.765661
0.7040048287490615,4190,0,1,0,0,0,0.0,0.0,2025-Jan-29-23:34:43.847939
0.7040048287490615,4191,0,1,0,0,0,0.0,0.0,2025-Jan-29-23:34:43.904723
0.7190205031455159,4192,-3,1,0,0,0,0.0,0.0,2025-Jan-29-23:34:43.949724
0.7040048287490615,4193,0,1,0,0,0,0.0,0.0,2025-Jan-29-23:34:44.004959
0.7040048287490615,4194,0,1,0,0,0,0.0,0.0,2025-Jan-29-23:34:44.059953
0.7190205031455159,4195,-3,1,0,0,0,0.0,0.0,2025-Jan-29-23:34:44.104737
0.7040048287490615,4196,0,1,0,0,0,0.0,0.0,2025-Jan-29-23:34:44.160486
0.7190205031455159,4197,-3,1,0,0,0,0.0,0.0,2025-Jan-29-23:34:44.205322
0.7040048287490615,4198,0,1,0,0,0,0.0,0.0,2025-Jan-29-23:34:44.260611
0.7040048287490615,4199,0,1,0,0,0,0.0,0.0,2025-Jan-29-23:34:44.315540
0.7190205031455159,4200,-3,1,0,0,0,0.0,0.0,2025-Jan-29-23:34:44.359662
0.7040048287490615,4201,0,1,0,0,0,0.0,0.0,2025-Jan-29-23:34:44.416611
0.7190205031455159,4202,-3,1,0,0,0,0.0,0.0,2025-Jan-29-23:34:44.467640
0.7190205031455159,4203,-3,1,0,0,0,0.0,0.0,2025-Jan-29-23:34:44.514173
0.7040048287490615,4204,0,1,0,0,0,0.0,0.0,2025-Jan-29-23:34:44.595340
0.7040048287490615,4205,0,1,0,0,0,0.0,0.0,2025-Jan-29-23:34:44.701077
0.7040048287490615,4206,0,1,0,0,0,0.0,0.0,2025-Jan-29-23:34:44.797795
0.7040048287490615,4207,0,1,0,0,0,0.0,0.0,2025-Jan-29-23:34:44.856653
0.7040048287490615,4208,0,1,0,0,0,0.0,0.0,2025-Jan-29-23:34:44.912229
0.7190205031455159,4209,-3,1,0,0,0,0.0,0.0,2025-Jan-29-23:34:44.957128
0.7190205031455159,4210,-3,1,0,0,0,0.0,0.0,2025-Jan-29-23:34:45.001780
0.7190205031455159,4211,-3,1,0,0,0,0.0,0.0,2025-Jan-29-23:34:45.046618
0.7190205031455159,4212,-3,1,0,0,0,0.0,0.0,2025-Jan-29-23:34:45.093649
0.7040048287490615,4213,0,1,0,0,0,0.0,0.0,2025-Jan-29-23:34:45.150055
0.7040048287490615,4214,0,1,0,0,0,0.0,0.0,2025-Jan-29-23:34:45.205456
0.7190205031455159,4215,-3,1,0,0,0,0.0,0.0,2025-Jan-29-23:34:45.250250
0.7190205031455159,4216,-3,1,0,0,0,0.0,0.0,2025-Jan-29-23:34:45.295356
0.5914411425459422,4217,-3,1,0,1,1,0.9,0.1,2025-Jan-29-23:34:45.351501
0.7190205031455159,4218,-3,1,0,0,0,0.0,0.0,2025-Jan-29-23:34:45.396654
0.6764958527894045,4219,-3,1,0,1,0,0.30000000000000004,0.0,2025-Jan-29-23:34:45.441296
0.7040048287490615,4220,0,1,0,0,0,0.0,0.0,2025-Jan-29-23:34:45.496778
0.7190205031455159,4221,-3,1,0,0,0,0.0,0.0,2025-Jan-29-23:34:45.541247
0.7040048287490615,4222,0,1,0,0,0,0.0,0.0,2025-Jan-29-23:34:45.619305
1.0740211464044855,4223,-3,1,1,0,-1,0.0,0.0,2025-Jan-29-23:34:45.695952
0.7040048287490615,4224,0,1,0,0,0,0.0,0.0,2025-Jan-29-23:34:45.785944
0.7190205031455159,4225,-3,1,0,0,0,0.0,0.0,2025-Jan-29-23:34:45.849428
0.7040048287490615,4226,0,1,0,0,0,0.0,0.0,2025-Jan-29-23:34:45.906327
0.7040048287490615,4227,0,1,0,0,0,0.0,0.0,2025-Jan-29-23:34:45.962590
0.7190205031455159,4228,-3,1,0,0,0,0.0,0.0,2025-Jan-29-23:34:46.010656
0.7190205031455159,4229,-3,1,0,0,0,0.0,0.0,2025-Jan-29-23:34:46.056132
0.7040048287490615,4230,0,1,0,0,0,0.0,0.0,2025-Jan-29-23:34:46.112363
0.7040048287490615,4231,0,1,0,0,0,0.0,0.0,2025-Jan-29-23:34:46.169105
0.7040048287490615,4232,0,1,0,0,0,0.0,0.0,2025-Jan-29-23:34:46.225971
0.7190205031455159,4233,-3,1,0,0,0,0.0,0.0,2025-Jan-29-23:34:46.271978
0.7190205031455159,4234,-3,1,0,0,0,0.0,0.0,2025-Jan-29-23:34:46.316913
0.7190205031455159,4235,-3,1,0,0,0,0.0,0.0,2025-Jan-29-23:34:46.361947
0.7040048287490615,4236,0,1,0,0,0,0.0,0.0,2025-Jan-29-23:34:46.418482
0.7190205031455159,4237,-3,1,0,0,0,0.0,0.0,2025-Jan-29-23:34:46.463677
0.7190205031455159,4238,-3,1,0,0,0,0.0,0.0,2025-Jan-29-23:34:46.681801
0.7190205031455159,4239,-3,1,0,0,0,0.0,0.0,2025-Jan-29-23:34:46.764511
0.7040048287490615,4240,0,1,0,0,0,0.0,0.0,2025-Jan-29-23:34:46.846501
0.7040048287490615,4241,0,1,0,0,0,0.0,0.0,2025-Jan-29-23:34:46.899888
0.7190205031455159,4242,-3,1,0,0,0,0.0,0.0,2025-Jan-29-23:34:46.942046
0.5426183696016111,4243,-3,1,0,1,0,1.4000000000000001,0.0,2025-Jan-29-23:34:47.012961
0.7040048287490615,4244,0,1,0,0,0,0.0,0.0,2025-Jan-29-23:34:47.069930
0.7040048287490615,4245,0,1,0,0,0,0.0,0.0,2025-Jan-29-23:34:47.125272
0.7040048287490615,4246,0,1,0,0,0,0.0,0.0,2025-Jan-29-23:34:47.178123
0.7040048287490615,4247,0,1,0,0,0,0.0,0.0,2025-Jan-29-23:34:47.232196
0.7040048287490615,4248,0,1,0,0,0,0.0,0.0,2025-Jan-29-23:34:47.284763
0.7040048287490615,4249,0,1,0,0,0,0.0,0.0,2025-Jan-29-23:34:47.338270
0.6481450891929015,4250,-3,1,0,1,0,0.5,0.0,2025-Jan-29-23:34:47.380428
0.7040048287490615,4251,0,1,0,0,0,0.0,0.0,2025-Jan-29-23:34:47.434405
0.7190205031455159,4252,-3,1,0,0,0,0.0,0.0,2025-Jan-29-23:34:47.477533
0.7190205031455159,4253,-3,1,0,0,0,0.0,0.0,2025-Jan-29-23:34:47.520255
0.7040048287490615,4254,0,1,0,0,0,0.0,0.0,2025-Jan-29-23:34:47.590814
0.7190205031455159,4255,-3,1,0,0,0,0.0,0.0,2025-Jan-29-23:34:47.683131
0.7040048287490615,4256,0,1,0,0,0,0.0,0.0,2025-Jan-29-23:34:47.771878
0.7040048287490615,4257,0,1,0,0,0,0.0,0.0,2025-Jan-29-23:34:47.843015
0.7040048287490615,4258,0,1,0,0,0,0.0,0.0,2025-Jan-29-23:34:47.895202
0.7040048287490615,4259,0,1,0,0,0,0.0,0.0,2025-Jan-29-23:34:47.948289
0.7190205031455159,4260,-3,1,0,0,0,0.0,0.0,2025-Jan-29-23:34:47.989409
0.7040048287490615,4261,0,1,0,0,0,0.0,0.0,2025-Jan-29-23:34:48.043999
0.7040048287490615,4262,0,1,0,0,0,0.0,0.0,2025-Jan-29-23:34:48.102407
0.7190205031455159,4263,-3,1,0,0,0,0.0,0.0,2025-Jan-29-23:34:48.147323
0.7190205031455159,4264,-3,1,0,0,0,0.0,0.0,2025-Jan-29-23:34:48.189557
0.7040048287490615,4265,0,1,0,0,0,0.0,0.0,2025-Jan-29-23:34:48.243347
0.7040048287490615,4266,0,1,0,0,0,0.0,0.0,2025-Jan-29-23:34:48.295238
0.7040048287490615,4267,0,1,0,0,0,0.0,0.0,2025-Jan-29-23:34:48.348350
0.7190205031455159,4268,-3,1,0,0,0,0.0,0.0,2025-Jan-29-23:34:48.390557
0.7040048287490615,4269,0,1,0,0,0,0.0,0.0,2025-Jan-29-23:34:48.446259
0.7040048287490615,4270,0,1,0,0,0,0.0,0.0,2025-Jan-29-23:34:48.501909
0.7040048287490615,4271,0,1,0,0,0,0.0,0.0,2025-Jan-29-23:34:48.570915
0.7040048287490615,4272,0,1,0,0,0,0.0,0.0,2025-Jan-29-23:34:48.674594
1.0740211432420042,4273,-3,1,1,0,0,0.0,0.0,2025-Jan-29-23:34:48.750703
0.7190205031455159,4274,-3,1,0,0,0,0.0,0.0,2025-Jan-29-23:34:48.811456
0.7040048287490615,4275,0,1,0,0,0,0.0,0.0,2025-Jan-29-23:34:48.864507
0.7040048287490615,4276,0,1,0,0,0,0.0,0.0,2025-Jan-29-23:34:48.917354
0.7040048287490615,4277,0,1,0,0,0,0.0,0.0,2025-Jan-29-23:34:48.970138
0.7190205031455159,4278,-3,1,0,0,0,0.0,0.0,2025-Jan-29-23:34:49.012814
0.7040048287490615,4279,0,1,0,0,0,0.0,0.0,2025-Jan-29-23:34:49.074092
0.7040048287490615,4280,0,1,0,0,0,0.0,0.0,2025-Jan-29-23:34:49.127479
0.7040048287490615,4281,0,1,0,0,0,0.0,0.0,2025-Jan-29-23:34:49.276772
0.7190205031455159,4282,-3,1,0,0,0,0.0,0.0,2025-Jan-29-23:34:49.320111
0.7040048287490615,4283,0,1,0,0,0,0.0,0.0,2025-Jan-29-23:34:49.372760
0.7190205031455159,4284,-3,1,0,0,0,0.0,0.0,2025-Jan-29-23:34:49.416565
0.7040048287490615,4285,0,1,0,0,0,0.0,0.0,2025-Jan-29-23:34:49.471058
0.7190205031455159,4286,-3,1,0,0,0,0.0,0.0,2025-Jan-29-23:34:49.513315
0.7040048287490615,4287,0,1,0,0,0,0.0,0.0,2025-Jan-29-23:34:49.584827
0.7190205031455159,4288,-3,1,0,0,0,0.0,0.0,2025-Jan-29-23:34:49.665224
0.7040048287490615,4289,0,1,0,0,0,0.0,0.0,2025-Jan-29-23:34:49.743917
0.7040048287490615,4290,0,1,0,0,0,0.0,0.0,2025-Jan-29-23:34:49.813815
0.7040048287490615,4291,0,1,0,0,0,0.0,0.0,2025-Jan-29-23:34:49.866654
0.7190205031455159,4292,-3,1,0,0,0,0.0,0.0,2025-Jan-29-23:34:49.909012
0.7040048287490615,4293,0,1,0,0,0,0.0,0.0,2025-Jan-29-23:34:49.964738
0.7190205031455159,4294,-3,1,0,0,0,0.0,0.0,2025-Jan-29-23:34:50.007153
0.7040048287490615,4295,0,1,0,0,0,0.0,0.0,2025-Jan-29-23:34:50.063709
0.7190205031455159,4296,-3,1,0,0,0,0.0,0.0,2025-Jan-29-23:34:50.107167
0.7040048287490615,4297,0,1,0,0,0,0.0,0.0,2025-Jan-29-23:34:50.161363
0.7190205031455159,4298,-3,1,0,0,0,0.0,0.0,2025-Jan-29-23:34:50.203114
0.7040048287490615,4299,0,1,0,0,0,0.0,0.0,2025-Jan-29-23:34:50.258183
0.7040048287490615,4300,0,1,0,0,0,0.0,0.0,2025-Jan-29-23:34:50.313625
0.7040048287490615,4301,0,1,0,0,0,0.0,0.0,2025-Jan-29-23:34:50.366291
0.7190205031455159,4302,-3,1,0,0,0,0.0,0.0,2025-Jan-29-23:34:50.408945
0.7040048287490615,4303,0,1,0,0,0,0.0,0.0,2025-Jan-29-23:34:50.462155
0.7040048287490615,4304,0,1,0,0,0,0.0,0.0,2025-Jan-29-23:34:50.518753
0.7040048287490615,4305,0,1,0,0,0,0.0,0.0,2025-Jan-29-23:34:50.586290
0.7040048287490615,4306,0,1,0,0,0,0.0,0.0,2025-Jan-29-23:34:50.672695
0.7190205031455159,4307,-3,1,0,0,0,0.0,0.0,2025-Jan-29-23:34:50.752942
0.7040048287490615,4308,0,1,0,0,0,0.0,0.0,2025-Jan-29-23:34:50.815435
0.7040048287490615,4309,0,1,0,0,0,0.0,0.0,2025-Jan-29-23:34:50.876273
0.7190205031455159,4310,-3,1,0,0,0,0.0,0.0,2025-Jan-29-23:34:50.929637
0.7040048287490615,4311,0,1,0,0,0,0.0,0.0,2025-Jan-29-23:34:50.990415
0.7040048287490615,4312,0,1,0,0,0,0.0,0.0,2025-Jan-29-23:34:51.045784
0.7040048287490615,4313,0,1,0,0,0,0.0,0.0,2025-Jan-29-23:34:51.103048
0.7040048287490615,4314,0,1,0,0,0,0.0,0.0,2025-Jan-29-23:34:51.157722
0.7040048287490615,4315,0,1,0,0,0,0.0,0.0,2025-Jan-29-23:34:51.211937
0.7040048287490615,4316,0,1,0,0,0,0.0,0.0,2025-Jan-29-23:34:51.268017
0.7190205031455159,4317,-3,1,0,0,0,0.0,0.0,2025-Jan-29-23:34:51.310717
0.7040048287490615,4318,0,1,0,0,0,0.0,0.0,2025-Jan-29-23:34:51.366547
0.7190205031455159,4319,-3,1,0,0,0,0.0,0.0,2025-Jan-29-23:34:51.412542
0.7040048287490615,4320,0,1,0,0,0,0.0,0.0,2025-Jan-29-23:34:51.470168
0.7040048287490615,4321,0,1,0,0,0,0.0,0.0,2025-Jan-29-23:34:51.524001
0.7040048287490615,4322,0,1,0,0,0,0.0,0.0,2025-Jan-29-23:34:51.602058
0.7190205031455159,4323,-3,1,0,0,0,0.0,0.0,2025-Jan-29-23:34:51.678265
0.7190205031455159,4324,-3,1,0,0,0,0.0,0.0,2025-Jan-29-23:34:51.741174
0.7040048287490615,4325,0,1,0,0,0,0.0,0.0,2025-Jan-29-23:34:51.812998
0.7040048287490615,4326,0,1,0,0,0,0.0,0.0,2025-Jan-29-23:34:51.865942
0.7040048287490615,4327,0,1,0,0,0,0.0,0.0,2025-Jan-29-23:34:51.918498
0.7190205031455159,4328,-3,1,0,0,0,0.0,0.0,2025-Jan-29-23:34:52.052153
0.7040048287490615,4329,0,1,0,0,0,0.0,0.0,2025-Jan-29-23:34:52.112108
0.7040048287490615,4330,0,1,0,0,0,0.0,0.0,2025-Jan-29-23:34:52.165617
0.7040048287490615,4331,0,1,0,0,0,0.0,0.0,2025-Jan-29-23:34:52.218435
0.7040048287490615,4332,0,1,0,0,0,0.0,0.0,2025-Jan-29-23:34:52.272433
0.7040048287490615,4333,0,1,0,0,0,0.0,0.0,2025-Jan-29-23:34:52.329591
0.7190205031455159,4334,-3,1,0,0,0,0.0,0.0,2025-Jan-29-23:34:52.371006
0.7040048287490615,4335,0,1,0,0,0,0.0,0.0,2025-Jan-29-23:34:52.424240
0.7040048287490615,4336,0,1,0,0,0,0.0,0.0,2025-Jan-29-23:34:52.477704
0.7040048287490615,4337,0,1,0,0,0,0.0,0.0,2025-Jan-29-23:34:52.530550
0.7190205031455159,4338,-3,1,0,0,0,0.0,0.0,2025-Jan-29-23:34:52.590613
0.7040048287490615,4339,0,1,0,0,0,0.0,0.0,2025-Jan-29-23:34:52.667472
0.7040048287490615,4340,0,1,0,0,0,0.0,0.0,2025-Jan-29-23:34:52.748564
0.7040048287490615,4341,0,1,0,0,0,0.0,0.0,2025-Jan-29-23:34:52.814680
0.7190205031455159,4342,-3,1,0,0,0,0.0,0.0,2025-Jan-29-23:34:52.856710
0.7190205031455159,4343,-3,1,0,0,0,0.0,0.0,2025-Jan-29-23:34:52.899313
0.7040048287490615,4344,0,1,0,0,0,0.0,0.0,2025-Jan-29-23:34:52.951553
0.7040048287490615,4345,0,1,0,0,0,0.0,0.0,2025-Jan-29-23:34:53.004030
0.7040048287490615,4346,0,1,0,0,0,0.0,0.0,2025-Jan-29-23:34:53.059846
0.7040048287490615,4347,0,1,0,0,0,0.0,0.0,2025-Jan-29-23:34:53.114340
0.7040048287490615,4348,0,1,0,0,0,0.0,0.0,2025-Jan-29-23:34:53.166960
0.7040048287490615,4349,0,1,0,0,0,0.0,0.0,2025-Jan-29-23:34:53.219647
0.7190205031455159,4350,-3,1,0,0,0,0.0,0.0,2025-Jan-29-23:34:53.264234
0.7040048287490615,4351,0,1,0,0,0,0.0,0.0,2025-Jan-29-23:34:53.316909
0.7040048287490615,4352,0,1,0,0,0,0.0,0.0,2025-Jan-29-23:34:53.369858
0.7040048287490615,4353,0,1,0,0,0,0.0,0.0,2025-Jan-29-23:34:53.423040
0.7040048287490615,4354,0,1,0,0,0,0.0,0.0,2025-Jan-29-23:34:53.475873
0.7040048287490615,4355,0,1,0,0,0,0.0,0.0,2025-Jan-29-23:34:53.531265
0.7190205031455159,4356,-3,1,0,0,0,0.0,0.0,2025-Jan-29-23:34:53.592642
0.7040048287490615,4357,0,1,0,0,0,0.0,0.0,2025-Jan-29-23:34:53.682600
0.7040048287490615,4358,0,1,0,0,0,0.0,0.0,2025-Jan-29-23:34:53.762295
0.7040048287490615,4359,0,1,0,0,0,0.0,0.0,2025-Jan-29-23:34:53.815001
0.7190205031455159,4360,-3,1,0,0,0,0.0,0.0,2025-Jan-29-23:34:53.857787
0.7040048287490615,4361,0,1,0,0,0,0.0,0.0,2025-Jan-29-23:34:53.917711
0.7040048287490615,4362,0,1,0,0,0,0.0,0.0,2025-Jan-29-23:34:53.970962
0.7040048287490615,4363,0,1,0,0,0,0.0,0.0,2025-Jan-29-23:34:54.023988
0.7040048287490615,4364,0,1,0,0,0,0.0,0.0,2025-Jan-29-23:34:54.084514
0.7040048287490615,4365,0,1,0,0,0,0.0,0.0,2025-Jan-29-23:34:54.142069
0.7040048287490615,4366,0,1,0,0,0,0.0,0.0,2025-Jan-29-23:34:54.195057
0.5772646709898425,4367,-3,1,0,1,-1,1.0,0.0,2025-Jan-29-23:34:54.237918
0.7040048287490615,4368,0,1,0,0,0,0.0,0.0,2025-Jan-29-23:34:54.292028
0.6764958527894045,4369,-3,1,0,1,0,0.30000000000000004,0.0,2025-Jan-29-23:34:54.333578
0.7040048287490615,4370,0,1,0,0,0,0.0,0.0,2025-Jan-29-23:34:54.387523
0.7040048287490615,4371,0,1,0,0,0,0.0,0.0,2025-Jan-29-23:34:54.442214
0.7040048287490615,4372,0,1,0,0,0,0.0,0.0,2025-Jan-29-23:34:54.497895
0.7190205031455159,4373,-3,1,0,0,0,0.0,0.0,2025-Jan-29-23:34:54.542937
0.7040048287490615,4374,0,1,0,0,0,0.0,0.0,2025-Jan-29-23:34:54.620604
0.7040048287490615,4375,0,1,0,0,0,0.0,0.0,2025-Jan-29-23:34:54.712446
0.7040048287490615,4376,0,1,0,0,0,0.0,0.0,2025-Jan-29-23:34:54.787369
0.7040048287490615,4377,0,1,0,0,0,0.0,0.0,2025-Jan-29-23:34:54.840421
0.7190205031455159,4378,-3,1,0,0,0,0.0,0.0,2025-Jan-29-23:34:54.974885
0.7040048287490615,4379,0,1,0,0,0,0.0,0.0,2025-Jan-29-23:34:55.029377
0.7040048287490615,4380,0,1,0,0,0,0.0,0.0,2025-Jan-29-23:34:55.088071
0.7040048287490615,4381,0,1,0,0,0,0.0,0.0,2025-Jan-29-23:34:55.143200
0.7040048287490615,4382,0,1,0,0,0,0.0,0.0,2025-Jan-29-23:34:55.195918
0.7040048287490615,4383,0,1,0,0,0,0.0,0.0,2025-Jan-29-23:34:55.250735
0.7190205031455159,4384,-3,1,0,0,0,0.0,0.0,2025-Jan-29-23:34:55.293001
0.7040048287490615,4385,0,1,0,0,0,0.0,0.0,2025-Jan-29-23:34:55.346809
0.7040048287490615,4386,0,1,0,0,0,0.0,0.0,2025-Jan-29-23:34:55.399690
0.7040048287490615,4387,0,1,0,0,0,0.0,0.0,2025-Jan-29-23:34:55.453996
0.7190205031455159,4388,-3,1,0,0,0,0.0,0.0,2025-Jan-29-23:34:55.498810
0.7040048287490615,4389,0,1,0,0,0,0.0,0.0,2025-Jan-29-23:34:55.574225
0.7040048287490615,4390,0,1,0,0,0,0.0,0.0,2025-Jan-29-23:34:55.663524
0.7040048287490615,4391,0,1,0,0,0,0.0,0.0,2025-Jan-29-23:34:55.749613
0.7190205031455159,4392,-3,1,0,0,0,0.0,0.0,2025-Jan-29-23:34:55.807985
0.5426183696016111,4393,-3,1,0,1,0,1.4000000000000001,0.0,2025-Jan-29-23:34:55.878895
0.7040048287490615,4394,0,1,0,0,0,0.0,0.0,2025-Jan-29-23:34:55.931527
0.7040048287490615,4395,0,1,0,0,0,0.0,0.0,2025-Jan-29-23:34:55.983928
0.7040048287490615,4396,0,1,0,0,0,0.0,0.0,2025-Jan-29-23:34:56.036421
0.7040048287490615,4397,0,1,0,0,0,0.0,0.0,2025-Jan-29-23:34:56.098747
0.7040048287490615,4398,0,1,0,0,0,0.0,0.0,2025-Jan-29-23:34:56.155078
0.7040048287490615,4399,0,1,0,0,0,0.0,0.0,2025-Jan-29-23:34:56.209893
0.6481450891929015,4400,-3,1,0,1,0,0.5,0.0,2025-Jan-29-23:34:56.257310
0.7040048287490615,4401,0,1,0,0,0,0.0,0.0,2025-Jan-29-23:34:56.311458
0.7040048287490615,4402,0,1,0,0,0,0.0,0.0,2025-Jan-29-23:34:56.368120
0.7040048287490615,4403,0,1,0,0,0,0.0,0.0,2025-Jan-29-23:34:56.422352
0.7040048287490615,4404,0,1,0,0,0,0.0,0.0,2025-Jan-29-23:34:56.475719
0.7040048287490615,4405,0,1,0,0,0,0.0,0.0,2025-Jan-29-23:34:56.535711
0.7040048287490615,4406,0,1,0,0,0,0.0,0.0,2025-Jan-29-23:34:56.607815
0.7040048287490615,4407,0,1,0,0,0,0.0,0.0,2025-Jan-29-23:34:56.684065
0.7040048287490615,4408,0,1,0,0,0,0.0,0.0,2025-Jan-29-23:34:56.771843
0.7040048287490615,4409,0,1,0,0,0,0.0,0.0,2025-Jan-29-23:34:56.825263
0.7190205031455159,4410,-3,1,0,0,0,0.0,0.0,2025-Jan-29-23:34:56.868638
0.7040048287490615,4411,0,1,0,0,0,0.0,0.0,2025-Jan-29-23:34:56.923650
0.7040048287490615,4412,0,1,0,0,0,0.0,0.0,2025-Jan-29-23:34:56.978816
0.7190205031455159,4413,-3,1,0,0,0,0.0,0.0,2025-Jan-29-23:34:57.022697
0.7040048287490615,4414,0,1,0,0,0,0.0,0.0,2025-Jan-29-23:34:57.078122
0.7040048287490615,4415,0,1,0,0,0,0.0,0.0,2025-Jan-29-23:34:57.136933
0.7040048287490615,4416,0,1,0,0,0,0.0,0.0,2025-Jan-29-23:34:57.193008
0.7040048287490615,4417,0,1,0,0,0,0.0,0.0,2025-Jan-29-23:34:57.248359
0.7040048287490615,4418,0,1,0,0,0,0.0,0.0,2025-Jan-29-23:34:57.303948
0.7040048287490615,4419,0,1,0,0,0,0.0,0.0,2025-Jan-29-23:34:57.358978
0.7040048287490615,4420,0,1,0,0,0,0.0,0.0,2025-Jan-29-23:34:57.414579
0.7040048287490615,4421,0,1,0,0,0,0.0,0.0,2025-Jan-29-23:34:57.469619
0.7190205031455159,4422,-3,1,0,0,0,0.0,0.0,2025-Jan-29-23:34:57.514876
0.7190205031455159,4423,-3,1,0,0,0,0.0,0.0,2025-Jan-29-23:34:57.584065
0.7040048287490615,4424,0,1,0,0,0,0.0,0.0,2025-Jan-29-23:34:57.695786
0.7040048287490615,4425,0,1,0,0,0,0.0,0.0,2025-Jan-29-23:34:57.795961
0.7040048287490615,4426,0,1,0,0,0,0.0,0.0,2025-Jan-29-23:34:58.008972
0.7040048287490615,4427,0,1,0,0,0,0.0,0.0,2025-Jan-29-23:34:58.069949
0.7040048287490615,4428,0,1,0,0,0,0.0,0.0,2025-Jan-29-23:34:58.127914
0.7040048287490615,4429,0,1,0,0,0,0.0,0.0,2025-Jan-29-23:34:58.184105
0.7040048287490615,4430,0,1,0,0,0,0.0,0.0,2025-Jan-29-23:34:58.239426
0.7040048287490615,4431,0,1,0,0,0,0.0,0.0,2025-Jan-29-23:34:58.294884
0.7040048287490615,4432,0,1,0,0,0,0.0,0.0,2025-Jan-29-23:34:58.351667
0.7040048287490615,4433,0,1,0,0,0,0.0,0.0,2025-Jan-29-23:34:58.407910
0.7040048287490615,4434,0,1,0,0,0,0.0,0.0,2025-Jan-29-23:34:58.467081
0.7040048287490615,4435,0,1,0,0,0,0.0,0.0,2025-Jan-29-23:34:58.525749
0.7040048287490615,4436,0,1,0,0,0,0.0,0.0,2025-Jan-29-23:34:58.607244
0.7040048287490615,4437,0,1,0,0,0,0.0,0.0,2025-Jan-29-23:34:58.708510
0.7040048287490615,4438,0,1,0,0,0,0.0,0.0,2025-Jan-29-23:34:58.793882
0.6481450891929015,4439,-3,1,0,1,0,0.5,0.0,2025-Jan-29-23:34:58.839703
0.7040048287490615,4440,0,1,0,0,0,0.0,0.0,2025-Jan-29-23:34:58.896065
0.7190205031455159,4441,-3,1,0,0,0,0.0,0.0,2025-Jan-29-23:34:58.941424
0.7040048287490615,4442,0,1,0,0,0,0.0,0.0,2025-Jan-29-23:34:58.997247
0.7040048287490615,4443,0,1,0,0,0,0.0,0.0,2025-Jan-29-23:34:59.059540
0.7040048287490615,4444,0,1,0,0,0,0.0,0.0,2025-Jan-29-23:34:59.119702
0.7040048287490615,4445,0,1,0,0,0,0.0,0.0,2025-Jan-29-23:34:59.177734
0.7040048287490615,4446,0,1,0,0,0,0.0,0.0,2025-Jan-29-23:34:59.234525
0.7040048287490615,4447,0,1,0,0,0,0.0,0.0,2025-Jan-29-23:34:59.291564
0.7040048287490615,4448,0,1,0,0,0,0.0,0.0,2025-Jan-29-23:34:59.347720
0.7040048287490615,4449,0,1,0,0,0,0.0,0.0,2025-Jan-29-23:34:59.403352
0.7040048287490615,4450,0,1,0,0,0,0.0,0.0,2025-Jan-29-23:34:59.459277
0.7040048287490615,4451,0,1,0,0,0,0.0,0.0,2025-Jan-29-23:34:59.515048
0.7040048287490615,4452,0,1,0,0,0,0.0,0.0,2025-Jan-29-23:34:59.611630
0.7040048287490615,4453,0,1,0,0,0,0.0,0.0,2025-Jan-29-23:34:59.698649
0.7040048287490615,4454,0,1,0,0,0,0.0,0.0,2025-Jan-29-23:34:59.795728
0.7040048287490615,4455,0,1,0,0,0,0.0,0.0,2025-Jan-29-23:34:59.858287
0.7040048287490615,4456,0,1,0,0,0,0.0,0.0,2025-Jan-29-23:34:59.914248
0.7040048287490615,4457,0,1,0,0,0,0.0,0.0,2025-Jan-29-23:34:59.970145
0.7040048287490615,4458,0,1,0,0,0,0.0,0.0,2025-Jan-29-23:35:00.026377
0.7040048287490615,4459,0,1,0,0,0,0.0,0.0,2025-Jan-29-23:35:00.089275
0.7190205031455159,4460,-3,1,0,0,0,0.0,0.0,2025-Jan-29-23:35:00.136448
0.7040048287490615,4461,0,1,0,0,0,0.0,0.0,2025-Jan-29-23:35:00.196867
0.7040048287490615,4462,0,1,0,0,0,0.0,0.0,2025-Jan-29-23:35:00.260283
0.7040048287490615,4463,0,1,0,0,0,0.0,0.0,2025-Jan-29-23:35:00.320735
0.7040048287490615,4464,0,1,0,0,0,0.0,0.0,2025-Jan-29-23:35:00.382239
0.7040048287490615,4465,0,1,0,0,0,0.0,0.0,2025-Jan-29-23:35:00.438599
0.7040048287490615,4466,0,1,0,0,0,0.0,0.0,2025-Jan-29-23:35:00.496082
0.7190205031455159,4467,-3,1,0,0,0,0.0,0.0,2025-Jan-29-23:35:00.540651
0.7040048287490615,4468,0,1,0,0,0,0.0,0.0,2025-Jan-29-23:35:00.615329
0.7190205031455159,4469,-3,1,0,0,0,0.0,0.0,2025-Jan-29-23:35:00.686039
0.7040048287490615,4470,0,1,0,0,0,0.0,0.0,2025-Jan-29-23:35:00.769084
0.7040048287490615,4471,0,1,0,0,0,0.0,0.0,2025-Jan-29-23:35:00.828735
0.7040048287490615,4472,0,1,0,0,0,0.0,0.0,2025-Jan-29-23:35:00.882968
0.7190205031455159,4473,-3,1,0,0,0,0.0,0.0,2025-Jan-29-23:35:01.022648
0.7040048287490615,4474,0,1,0,0,0,0.0,0.0,2025-Jan-29-23:35:01.081247
0.7040048287490615,4475,0,1,0,0,0,0.0,0.0,2025-Jan-29-23:35:01.135886
0.7040048287490615,4476,0,1,0,0,0,0.0,0.0,2025-Jan-29-23:35:01.190265
0.7040048287490615,4477,0,1,0,0,0,0.0,0.0,2025-Jan-29-23:35:01.244945
0.7040048287490615,4478,0,1,0,0,0,0.0,0.0,2025-Jan-29-23:35:01.299573
0.7040048287490615,4479,0,1,0,0,0,0.0,0.0,2025-Jan-29-23:35:01.354555
0.7040048287490615,4480,0,1,0,0,0,0.0,0.0,2025-Jan-29-23:35:01.410237
0.7040048287490615,4481,0,1,0,0,0,0.0,0.0,2025-Jan-29-23:35:01.463140
0.7040048287490615,4482,0,1,0,0,0,0.0,0.0,2025-Jan-29-23:35:01.517039
0.7040048287490615,4483,0,1,0,0,0,0.0,0.0,2025-Jan-29-23:35:01.593540
0.7040048287490615,4484,0,1,0,0,0,0.0,0.0,2025-Jan-29-23:35:01.705030
0.7040048287490615,4485,0,1,0,0,0,0.0,0.0,2025-Jan-29-23:35:01.787185
0.7040048287490615,4486,0,1,0,0,0,0.0,0.0,2025-Jan-29-23:35:01.840546
0.7040048287490615,4487,0,1,0,0,0,0.0,0.0,2025-Jan-29-23:35:01.893079
0.7040048287490615,4488,0,1,0,0,0,0.0,0.0,2025-Jan-29-23:35:01.945090
0.7190205031455159,4489,-3,1,0,0,0,0.0,0.0,2025-Jan-29-23:35:01.986742
0.7040048287490615,4490,0,1,0,0,0,0.0,0.0,2025-Jan-29-23:35:02.040169
0.7040048287490615,4491,0,1,0,0,0,0.0,0.0,2025-Jan-29-23:35:02.098408
0.7040048287490615,4492,0,1,0,0,0,0.0,0.0,2025-Jan-29-23:35:02.153093
0.5772646672821861,4493,-3,1,0,1,0,1.0,0.0,2025-Jan-29-23:35:02.197536
0.7040048287490615,4494,0,1,0,0,0,0.0,0.0,2025-Jan-29-23:35:02.250933
0.7040048287490615,4495,0,1,0,0,0,0.0,0.0,2025-Jan-29-23:35:02.304127
0.7040048287490615,4496,0,1,0,0,0,0.0,0.0,2025-Jan-29-23:35:02.356215
0.7040048287490615,4497,0,1,0,0,0,0.0,0.0,2025-Jan-29-23:35:02.411531
0.7040048287490615,4498,0,1,0,0,0,0.0,0.0,2025-Jan-29-23:35:02.463838
0.7040048287490615,4499,0,1,0,0,0,0.0,0.0,2025-Jan-29-23:35:02.516056
0.7040048287490615,4500,0,1,0,0,0,0.0,0.0,2025-Jan-29-23:35:02.592377
0.7040048287490615,4501,0,1,0,0,0,0.0,0.0,2025-Jan-29-23:35:02.690119
0.7040048287490615,4502,0,1,0,0,0,0.0,0.0,2025-Jan-29-23:35:02.794651
0.7040048287490615,4503,0,1,0,0,0,0.0,0.0,2025-Jan-29-23:35:02.851106
0.7040048287490615,4504,0,1,0,0,0,0.0,0.0,2025-Jan-29-23:35:02.904233
0.7040048287490615,4505,0,1,0,0,0,0.0,0.0,2025-Jan-29-23:35:02.958473
0.7040048287490615,4506,0,1,0,0,0,0.0,0.0,2025-Jan-29-23:35:03.011504
0.7040048287490615,4507,0,1,0,0,0,0.0,0.0,2025-Jan-29-23:35:03.069243
0.7040048287490615,4508,0,1,0,0,0,0.0,0.0,2025-Jan-29-23:35:03.122150
0.7040048287490615,4509,0,1,0,0,0,0.0,0.0,2025-Jan-29-23:35:03.175066
0.7190205031455159,4510,-3,1,0,0,0,0.0,0.0,2025-Jan-29-23:35:03.217368
0.7040048287490615,4511,0,1,0,0,0,0.0,0.0,2025-Jan-29-23:35:03.270575
0.7040048287490615,4512,0,1,0,0,0,0.0,0.0,2025-Jan-29-23:35:03.323701
0.7040048287490615,4513,0,1,0,0,0,0.0,0.0,2025-Jan-29-23:35:03.377587
0.7040048287490615,4514,0,1,0,0,0,0.0,0.0,2025-Jan-29-23:35:03.535135
0.7040048287490615,4515,0,1,0,0,0,0.0,0.0,2025-Jan-29-23:35:03.603859
0.7040048287490615,4516,0,1,0,0,0,0.0,0.0,2025-Jan-29-23:35:03.694125
0.5772646709898425,4517,-3,1,0,1,-1,1.0,0.0,2025-Jan-29-23:35:03.771140
0.7040048287490615,4518,0,1,0,0,0,0.0,0.0,2025-Jan-29-23:35:03.826913
0.6764958527894045,4519,-3,1,0,1,0,0.30000000000000004,0.0,2025-Jan-29-23:35:03.872153
0.7040048287490615,4520,0,1,0,0,0,0.0,0.0,2025-Jan-29-23:35:03.927937
0.7040048287490615,4521,0,1,0,0,0,0.0,0.0,2025-Jan-29-23:35:03.984322
0.7040048287490615,4522,0,1,0,0,0,0.0,0.0,2025-Jan-29-23:35:04.039867
0.7190205031455159,4523,-3,1,0,0,0,0.0,0.0,2025-Jan-29-23:35:04.084367
0.7040048287490615,4524,0,1,0,0,0,0.0,0.0,2025-Jan-29-23:35:04.141419
0.7040048287490615,4525,0,1,0,0,0,0.0,0.0,2025-Jan-29-23:35:04.198150
0.7040048287490615,4526,0,1,0,0,0,0.0,0.0,2025-Jan-29-23:35:04.253973
0.7040048287490615,4527,0,1,0,0,0,0.0,0.0,2025-Jan-29-23:35:04.312955
0.7040048287490615,4528,0,1,0,0,0,0.0,0.0,2025-Jan-29-23:35:04.368611
0.7040048287490615,4529,0,1,0,0,0,0.0,0.0,2025-Jan-29-23:35:04.426267
0.7040048287490615,4530,0,1,0,0,0,0.0,0.0,2025-Jan-29-23:35:04.482595
0.7040048287490615,4531,0,1,0,0,0,0.0,0.0,2025-Jan-29-23:35:04.538459
0.7040048287490615,4532,0,1,0,0,0,0.0,0.0,2025-Jan-29-23:35:04.607334
0.7040048287490615,4533,0,1,0,0,0,0.0,0.0,2025-Jan-29-23:35:04.708137
0.7040048287490615,4534,0,1,0,0,0,0.0,0.0,2025-Jan-29-23:35:04.801472
0.7040048287490615,4535,0,1,0,0,0,0.0,0.0,2025-Jan-29-23:35:04.859286
0.7040048287490615,4536,0,1,0,0,0,0.0,0.0,2025-Jan-29-23:35:04.916101
0.7040048287490615,4537,0,1,0,0,0,0.0,0.0,2025-Jan-29-23:35:04.971810
0.7040048287490615,4538,0,1,0,0,0,0.0,0.0,2025-Jan-29-23:35:05.027223
0.6481450891929015,4539,-3,1,0,1,0,0.5,0.0,2025-Jan-29-23:35:05.072200
0.7040048287490615,4540,0,1,0,0,0,0.0,0.0,2025-Jan-29-23:35:05.127881
0.7040048287490615,4541,0,1,0,0,0,0.0,0.0,2025-Jan-29-23:35:05.182615
0.7040048287490615,4542,0,1,0,0,0,0.0,0.0,2025-Jan-29-23:35:05.238049
0.5426183696016111,4543,-3,1,0,1,0,1.4000000000000001,0.0,2025-Jan-29-23:35:05.312127
0.7040048287490615,4544,0,1,0,0,0,0.0,0.0,2025-Jan-29-23:35:05.367757
0.7040048287490615,4545,0,1,0,0,0,0.0,0.0,2025-Jan-29-23:35:05.423650
0.7040048287490615,4546,0,1,0,0,0,0.0,0.0,2025-Jan-29-23:35:05.479614
0.7040048287490615,4547,0,1,0,0,0,0.0,0.0,2025-Jan-29-23:35:05.535433
0.7040048287490615,4548,0,1,0,0,0,0.0,0.0,2025-Jan-29-23:35:05.612284
0.7040048287490615,4549,0,1,0,0,0,0.0,0.0,2025-Jan-29-23:35:05.709941
0.6481450891929015,4550,-3,1,0,1,0,0.5,0.0,2025-Jan-29-23:35:05.788276
0.7040048287490615,4551,0,1,0,0,0,0.0,0.0,2025-Jan-29-23:35:05.846155
0.7040048287490615,4552,0,1,0,0,0,0.0,0.0,2025-Jan-29-23:35:05.902716
0.7040048287490615,4553,0,1,0,0,0,0.0,0.0,2025-Jan-29-23:35:05.958385
0.7040048287490615,4554,0,1,0,0,0,0.0,0.0,2025-Jan-29-23:35:06.013901
