Cost,Sim,Switch_State_Indx,Gen1_on,Gen2_on,Batt1_mode,Batt2_mode,Batt1_power_kW,Batt2_power_kW,Timestamp
1.0740211432420042,5482,-3,1,1,0,0,0.0,0.0,2025-Jan-29-23:36:01.139762
0.7190205031455159,5483,-3,1,0,0,0,0.0,0.0,2025-Jan-29-23:36:01.183113
0.9747941520334835,5484,-3,1,1,1,1,0.7000000000000001,1.3000000000000003,2025-Jan-29-23:36:01.240569
0.9322653073956236,5485,-3,1,1,1,0,1.0,0.0,2025-Jan-29-23:36:01.283873
0.7190205063079972,5486,-3,1,0,0,-1,0.0,0.0,2025-Jan-29-23:36:01.325723
1.1113749517846028,5487,-3,1,1,-1,-1,0.0,0.0,2025-Jan-29-23:36:01.386030
0.9747941652378019,5488,-3,1,1,1,0,0.7000000000000001,0.0,2025-Jan-29-23:36:01.428458
0.7190204896855531,5489,-3,1,0,0,1,0.0,0.9,2025-Jan-29-23:36:01.482517
0.7190205063079972,5490,-3,1,0,0,-1,0.0,0.0,2025-Jan-29-23:36:01.528546
0.7190205031455159,5491,-3,1,0,0,0,0.0,0.0,2025-Jan-29-23:36:01.596216
0.719020489622653,5492,-3,1,0,0,1,0.0,1.9000000000000001,2025-Jan-29-23:36:01.700512
0.704004816275501,5493,0,1,0,1,0,1.1,0.0,2025-Jan-29-23:36:01.794901
0.8976202372078245,5494,-3,1,1,1,0,1.8000000000000003,0.0,2025-Jan-29-23:36:01.879397
0.6339694075286959,5495,-3,1,0,1,0,0.6,0.0,2025-Jan-29-23:36:01.928493
0.7190205031455159,5496,-3,1,0,0,0,0.0,0.0,2025-Jan-29-23:36:01.976729
0.7190205031455159,5497,-3,1,0,0,0,0.0,0.0,2025-Jan-29-23:36:02.026272
1.0590054548658594,5498,0,1,1,0,1,0.0,1.6,2025-Jan-29-23:36:02.091735
1.0740211432420042,5499,-3,1,1,0,0,0.0,0.0,2025-Jan-29-23:36:02.141959
0.9464417827326844,5500,-3,1,1,1,1,0.9,0.7000000000000001,2025-Jan-29-23:36:02.202180
1.0740211464044855,5501,-3,1,1,0,-1,0.0,0.0,2025-Jan-29-23:36:02.249637
1.0740211432420042,5502,-3,1,1,0,0,0.0,0.0,2025-Jan-29-23:36:02.299734
0.8976193155732469,5503,-3,1,1,1,0,1.5000000000000002,0.0,2025-Jan-29-23:36:02.384928
0.5426180642548899,5504,-3,1,0,1,0,1.3000000000000003,0.0,2025-Jan-29-23:36:02.474824
0.7190205031455159,5505,-3,1,0,0,0,0.0,0.0,2025-Jan-29-23:36:02.528137
1.1113749487582494,5506,-3,1,1,-1,0,0.0,0.0,2025-Jan-29-23:36:02.607179
1.0456715626067261,5507,-3,1,1,1,1,0.2,1.5000000000000002,2025-Jan-29-23:36:02.691763
1.0740211464044855,5508,-3,1,1,0,-1,0.0,0.0,2025-Jan-29-23:36:02.773270
1.0740211464044855,5509,-3,1,1,0,-1,0.0,0.0,2025-Jan-29-23:36:02.848866
0.7190205031455159,5510,-3,1,0,0,0,0.0,0.0,2025-Jan-29-23:36:02.898956
0.7190205031455159,5511,-3,1,0,0,0,0.0,0.0,2025-Jan-29-23:36:03.040969
0.7190205031455159,5512,-3,1,0,0,0,0.0,0.0,2025-Jan-29-23:36:03.089059
1.1113749487582494,5513,-3,1,1,-1,0,0.0,0.0,2025-Jan-29-23:36:03.145739
0.8976205455665484,5514,-3,1,1,1,0,1.9000000000000001,0.0,2025-Jan-29-23:36:03.222061
0.5426199054488166,5515,-3,1,0,1,0,1.9000000000000001,0.0,2025-Jan-29-23:36:03.303176
0.9747941652378019,5516,-3,1,1,1,0,0.7000000000000001,0.0,2025-Jan-29-23:36:03.349655
1.0740211432420042,5517,-3,1,1,0,0,0.0,0.0,2025-Jan-29-23:36:03.393576
1.1113749487582494,5518,-3,1,1,-1,0,0.0,0.0,2025-Jan-29-23:36:03.448948
0.7190205063079972,5519,-3,1,0,0,-1,0.0,0.0,2025-Jan-29-23:36:03.491477
0.7190204899612234,5520,-3,1,0,0,1,0.0,0.4,2025-Jan-29-23:36:03.546713
0.7489822891669069,5521,-3,1,0,-1,0,0.0,0.0,2025-Jan-29-23:36:03.661712
1.0740211299560924,5522,-3,1,1,0,1,0.0,0.7000000000000001,2025-Jan-29-23:36:03.756580
1.1113749517846028,5523,-3,1,1,-1,-1,0.0,0.0,2025-Jan-29-23:36:03.828286
0.7190205063079972,5524,-3,1,0,0,-1,0.0,0.0,2025-Jan-29-23:36:03.878279
1.0740211432420042,5525,-3,1,1,0,0,0.0,0.0,2025-Jan-29-23:36:03.922124
1.0740211432420042,5526,-3,1,1,0,0,0.0,0.0,2025-Jan-29-23:36:03.964829
1.0740211432420042,5527,-3,1,1,0,0,0.0,0.0,2025-Jan-29-23:36:04.006145
0.7563742951649532,5528,-3,1,0,-1,1,0.0,1.0,2025-Jan-29-23:36:04.088601
0.7190205031455159,5529,-3,1,0,0,0,0.0,0.0,2025-Jan-29-23:36:04.132452
0.7190205031455159,5530,-3,1,0,0,0,0.0,0.0,2025-Jan-29-23:36:04.174980
1.0740211297380937,5531,-3,1,1,0,1,0.0,1.5000000000000002,2025-Jan-29-23:36:04.231900
0.7190205031455159,5532,-3,1,0,0,0,0.0,0.0,2025-Jan-29-23:36:04.274926
0.7040048287490615,5533,0,1,0,0,0,0.0,0.0,2025-Jan-29-23:36:04.330181
0.7040048306826437,5534,0,1,0,-1,0,0.0,0.0,2025-Jan-29-23:36:04.386777
0.7190205031455159,5535,-3,1,0,0,0,0.0,0.0,2025-Jan-29-23:36:04.432391
1.0740211298250704,5536,-3,1,1,0,1,0.0,1.3000000000000003,2025-Jan-29-23:36:04.486659
1.1113749487582494,5537,-3,1,1,-1,0,0.0,0.0,2025-Jan-29-23:36:04.541365
0.7040048287490615,5538,0,1,0,0,0,0.0,0.0,2025-Jan-29-23:36:04.611308
0.9322653073956236,5539,-3,1,1,1,0,1.0,0.0,2025-Jan-29-23:36:04.695334
0.7190205063079972,5540,-3,1,0,0,-1,0.0,0.0,2025-Jan-29-23:36:04.763076
0.7190205031455159,5541,-3,1,0,0,0,0.0,0.0,2025-Jan-29-23:36:04.820994
0.7190205063079972,5542,-3,1,0,0,-1,0.0,0.0,2025-Jan-29-23:36:04.867293
0.8976199292347314,5543,-3,1,1,1,0,1.7000000000000002,0.0,2025-Jan-29-23:36:04.944477
0.7190205031455159,5544,-3,1,0,0,0,0.0,0.0,2025-Jan-29-23:36:04.987344
1.1113749517846028,5545,-3,1,1,-1,-1,0.0,0.0,2025-Jan-29-23:36:05.044751
0.7190205063079972,5546,-3,1,0,0,-1,0.0,0.0,2025-Jan-29-23:36:05.090081
0.7190205031455159,5547,-3,1,0,0,0,0.0,0.0,2025-Jan-29-23:36:05.136105
0.9747941652378019,5548,-3,1,1,1,0,0.7000000000000001,0.0,2025-Jan-29-23:36:05.178000
0.7489822891669069,5549,-3,1,0,-1,0,0.0,0.0,2025-Jan-29-23:36:05.234980
0.7190205031455159,5550,-3,1,0,0,0,0.0,0.0,2025-Jan-29-23:36:05.277358
0.7190204896855531,5551,-3,1,0,0,1,0.0,0.9,2025-Jan-29-23:36:05.331859
0.5426192763319855,5552,-3,1,0,1,1,1.7000000000000002,0.2,2025-Jan-29-23:36:05.413673
0.7190205031455159,5553,-3,1,0,0,0,0.0,0.0,2025-Jan-29-23:36:05.457610
0.7190205063079972,5554,-3,1,0,0,-1,0.0,0.0,2025-Jan-29-23:36:05.500352
0.7190205031455159,5555,-3,1,0,0,0,0.0,0.0,2025-Jan-29-23:36:05.666952
0.7190205031455159,5556,-3,1,0,0,0,0.0,0.0,2025-Jan-29-23:36:05.748195
0.7190205031455159,5557,-3,1,0,0,0,0.0,0.0,2025-Jan-29-23:36:05.824752
0.7190205031455159,5558,-3,1,0,0,0,0.0,0.0,2025-Jan-29-23:36:05.884311
0.7190205031455159,5559,-3,1,0,0,0,0.0,0.0,2025-Jan-29-23:36:05.926959
0.719020489622653,5560,-3,1,0,0,1,0.0,1.9000000000000001,2025-Jan-29-23:36:05.981255
1.0740211464044855,5561,-3,1,1,0,-1,0.0,0.0,2025-Jan-29-23:36:06.023550
0.7190205031455159,5562,-3,1,0,0,0,0.0,0.0,2025-Jan-29-23:36:06.068359
0.704004816275501,5563,0,1,0,1,0,1.1,0.0,2025-Jan-29-23:36:06.126378
0.7190205031455159,5564,-3,1,0,0,0,0.0,0.0,2025-Jan-29-23:36:06.172329
0.7190205031455159,5565,-3,1,0,0,0,0.0,0.0,2025-Jan-29-23:36:06.216409
0.8976202372078245,5566,-3,1,1,1,0,1.8000000000000003,0.0,2025-Jan-29-23:36:06.289206
1.1113749487582494,5567,-3,1,1,-1,0,0.0,0.0,2025-Jan-29-23:36:06.344668
0.7040048287490615,5568,0,1,0,0,0,0.0,0.0,2025-Jan-29-23:36:06.399877
0.6339694075286959,5569,-3,1,0,1,0,0.6,0.0,2025-Jan-29-23:36:06.443204
0.7040048306826437,5570,0,1,0,-1,0,0.0,0.0,2025-Jan-29-23:36:06.501419
0.7190205031455159,5571,-3,1,0,0,0,0.0,0.0,2025-Jan-29-23:36:06.544303
0.7190205031455159,5572,-3,1,0,0,0,0.0,0.0,2025-Jan-29-23:36:06.602593
0.7190205031455159,5573,-3,1,0,0,0,0.0,0.0,2025-Jan-29-23:36:06.672026
0.7190205031455159,5574,-3,1,0,0,0,0.0,0.0,2025-Jan-29-23:36:06.743549
0.7190205031455159,5575,-3,1,0,0,0,0.0,0.0,2025-Jan-29-23:36:06.809665
0.7040048306826437,5576,0,1,0,-1,0,0.0,0.0,2025-Jan-29-23:36:06.866850
0.7190205031455159,5577,-3,1,0,0,0,0.0,0.0,2025-Jan-29-23:36:06.908831
1.0590054548658594,5578,0,1,1,0,1,0.0,1.6,2025-Jan-29-23:36:06.962672
1.059005470912656,5579,0,1,1,0,-1,0.0,0.0,2025-Jan-29-23:36:07.014901
0.7190205031455159,5580,-3,1,0,0,0,0.0,0.0,2025-Jan-29-23:36:07.061102
1.0740211432420042,5581,-3,1,1,0,0,0.0,0.0,2025-Jan-29-23:36:07.104596
0.619793525129478,5582,-3,1,0,1,0,0.7000000000000001,0.0,2025-Jan-29-23:36:07.148349
0.7190205031455159,5583,-3,1,0,0,0,0.0,0.0,2025-Jan-29-23:36:07.193502
0.9464417827326844,5584,-3,1,1,1,1,0.9,0.7000000000000001,2025-Jan-29-23:36:07.249973
0.7190204898834608,5585,-3,1,0,0,1,0.0,1.1,2025-Jan-29-23:36:07.301914
0.7190205031455159,5586,-3,1,0,0,0,0.0,0.0,2025-Jan-29-23:36:07.347732
1.0740211464044855,5587,-3,1,1,0,-1,0.0,0.0,2025-Jan-29-23:36:07.391124
0.7040048151319986,5588,0,1,0,0,1,0.0,0.2,2025-Jan-29-23:36:07.444939
0.7190205031455159,5589,-3,1,0,0,0,0.0,0.0,2025-Jan-29-23:36:07.490551
1.0740211432420042,5590,-3,1,1,0,0,0.0,0.0,2025-Jan-29-23:36:07.534465
0.7190205031455159,5591,-3,1,0,0,0,0.0,0.0,2025-Jan-29-23:36:07.598844
0.7190205031455159,5592,-3,1,0,0,0,0.0,0.0,2025-Jan-29-23:36:07.673026
0.8976193155732469,5593,-3,1,1,1,0,1.5000000000000002,0.0,2025-Jan-29-23:36:07.784899
1.1113749487582494,5594,-3,1,1,-1,0,0.0,0.0,2025-Jan-29-23:36:07.848422
0.7040048287490615,5595,0,1,0,0,0,0.0,0.0,2025-Jan-29-23:36:07.907829
0.5426180642548899,5596,-3,1,0,1,0,1.3000000000000003,0.0,2025-Jan-29-23:36:07.980638
0.7190205031455159,5597,-3,1,0,0,0,0.0,0.0,2025-Jan-29-23:36:08.023123
0.7040048287490615,5598,0,1,0,0,0,0.0,0.0,2025-Jan-29-23:36:08.082530
0.7190205031455159,5599,-3,1,0,0,0,0.0,0.0,2025-Jan-29-23:36:08.125382
1.0740211432420042,5600,-3,1,1,0,0,0.0,0.0,2025-Jan-29-23:36:08.167954
0.7190205031455159,5601,-3,1,0,0,0,0.0,0.0,2025-Jan-29-23:36:08.214000
1.1113749487582494,5602,-3,1,1,-1,0,0.0,0.0,2025-Jan-29-23:36:08.270883
1.1113749487582494,5603,-3,1,1,-1,0,0.0,0.0,2025-Jan-29-23:36:08.324842
0.7190205031455159,5604,-3,1,0,0,0,0.0,0.0,2025-Jan-29-23:36:08.370803
0.7489822891669069,5605,-3,1,0,-1,0,0.0,0.0,2025-Jan-29-23:36:08.425407
1.1113749487582494,5606,-3,1,1,-1,0,0.0,0.0,2025-Jan-29-23:36:08.483670
0.7040048287490615,5607,0,1,0,0,0,0.0,0.0,2025-Jan-29-23:36:08.538740
0.7190205031455159,5608,-3,1,0,0,0,0.0,0.0,2025-Jan-29-23:36:08.602578
0.719020489622653,5609,-3,1,0,0,1,0.0,1.9000000000000001,2025-Jan-29-23:36:08.679243
0.7190205031455159,5610,-3,1,0,0,0,0.0,0.0,2025-Jan-29-23:36:08.859497
1.0740211464044855,5611,-3,1,1,0,-1,0.0,0.0,2025-Jan-29-23:36:08.922605
1.0740211464044855,5612,-3,1,1,0,-1,0.0,0.0,2025-Jan-29-23:36:08.965097
0.7040048287490615,5613,0,1,0,0,0,0.0,0.0,2025-Jan-29-23:36:09.018347
0.7190205031455159,5614,-3,1,0,0,0,0.0,0.0,2025-Jan-29-23:36:09.063270
0.704004816511651,5615,0,1,0,1,0,0.1,0.0,2025-Jan-29-23:36:09.117573
0.7190205031455159,5616,-3,1,0,0,0,0.0,0.0,2025-Jan-29-23:36:09.160471
0.7190205031455159,5617,-3,1,0,0,0,0.0,0.0,2025-Jan-29-23:36:09.207396
1.0598464609314147,5618,-3,1,1,1,0,0.1,0.0,2025-Jan-29-23:36:09.251110
0.7040048287490615,5619,0,1,0,0,0,0.0,0.0,2025-Jan-29-23:36:09.304175
0.7190205031455159,5620,-3,1,0,0,0,0.0,0.0,2025-Jan-29-23:36:09.348766
0.7489822891669069,5621,-3,1,0,-1,0,0.0,0.0,2025-Jan-29-23:36:09.405577
0.7040048287490615,5622,0,1,0,0,0,0.0,0.0,2025-Jan-29-23:36:09.460835
1.1113749487582494,5623,-3,1,1,-1,0,0.0,0.0,2025-Jan-29-23:36:09.518271
1.0740211432420042,5624,-3,1,1,0,0,0.0,0.0,2025-Jan-29-23:36:09.585837
0.7190205031455159,5625,-3,1,0,0,0,0.0,0.0,2025-Jan-29-23:36:09.656308
0.8976205455665484,5626,-3,1,1,1,0,1.9000000000000001,0.0,2025-Jan-29-23:36:09.777380
0.7190205063079972,5627,-3,1,0,0,-1,0.0,0.0,2025-Jan-29-23:36:09.821392
0.7040048287490615,5628,0,1,0,0,0,0.0,0.0,2025-Jan-29-23:36:09.876010
0.54261959709011,5629,-3,1,0,1,0,1.8000000000000003,0.0,2025-Jan-29-23:36:09.948191
0.7040048287490615,5630,0,1,0,0,0,0.0,0.0,2025-Jan-29-23:36:10.002059
0.7190205031455159,5631,-3,1,0,0,0,0.0,0.0,2025-Jan-29-23:36:10.044996
0.9747941652378019,5632,-3,1,1,1,0,0.7000000000000001,0.0,2025-Jan-29-23:36:10.093681
0.7040048306826437,5633,0,1,0,-1,0,0.0,0.0,2025-Jan-29-23:36:10.148114
0.7190205031455159,5634,-3,1,0,0,0,0.0,0.0,2025-Jan-29-23:36:10.191094
1.0740211432420042,5635,-3,1,1,0,0,0.0,0.0,2025-Jan-29-23:36:10.239548
1.05900546881293,5636,0,1,1,0,0,0.0,0.0,2025-Jan-29-23:36:10.295890
0.7190205031455159,5637,-3,1,0,0,0,0.0,0.0,2025-Jan-29-23:36:10.340215
1.1113749487582494,5638,-3,1,1,-1,0,0.0,0.0,2025-Jan-29-23:36:10.399677
0.7040048152011282,5639,0,1,0,0,1,0.0,1.7000000000000002,2025-Jan-29-23:36:10.454183
0.7190205031455159,5640,-3,1,0,0,0,0.0,0.0,2025-Jan-29-23:36:10.499061
0.7190205063079972,5641,-3,1,0,0,-1,0.0,0.0,2025-Jan-29-23:36:10.542153
0.7040048287490615,5642,0,1,0,0,0,0.0,0.0,2025-Jan-29-23:36:10.623576
0.7190205031455159,5643,-3,1,0,0,0,0.0,0.0,2025-Jan-29-23:36:10.699276
0.7190205031455159,5644,-3,1,0,0,0,0.0,0.0,2025-Jan-29-23:36:10.795499
0.7563743116923222,5645,-3,1,0,-1,-1,0.0,0.0,2025-Jan-29-23:36:10.860271
0.7190205031455159,5646,-3,1,0,0,0,0.0,0.0,2025-Jan-29-23:36:10.905324
0.7190205031455159,5647,-3,1,0,0,0,0.0,0.0,2025-Jan-29-23:36:10.948691
0.7190205031455159,5648,-3,1,0,0,0,0.0,0.0,2025-Jan-29-23:36:10.992889
0.7040048287490615,5649,0,1,0,0,0,0.0,0.0,2025-Jan-29-23:36:11.048542
1.0740211299560924,5650,-3,1,1,0,1,0.0,0.7000000000000001,2025-Jan-29-23:36:11.104110
0.7190204898405751,5651,-3,1,0,0,1,0.0,0.2,2025-Jan-29-23:36:11.159830
0.7190205031455159,5652,-3,1,0,0,0,0.0,0.0,2025-Jan-29-23:36:11.204756
1.1113749517846028,5653,-3,1,1,-1,-1,0.0,0.0,2025-Jan-29-23:36:11.263423
1.0590054574772374,5654,0,1,1,1,-1,1.4000000000000001,0.0,2025-Jan-29-23:36:11.320856
0.7040048287490615,5655,0,1,0,0,0,0.0,0.0,2025-Jan-29-23:36:11.385490
0.7190205063079972,5656,-3,1,0,0,-1,0.0,0.0,2025-Jan-29-23:36:11.432477
0.7190205063079972,5657,-3,1,0,0,-1,0.0,0.0,2025-Jan-29-23:36:11.478742
0.7040048287490615,5658,0,1,0,0,0,0.0,0.0,2025-Jan-29-23:36:11.534933
1.0740211432420042,5659,-3,1,1,0,0,0.0,0.0,2025-Jan-29-23:36:11.612845
1.0590054728462381,5660,0,1,1,-1,-1,0.0,0.0,2025-Jan-29-23:36:11.924349
0.7190205031455159,5661,-3,1,0,0,0,0.0,0.0,2025-Jan-29-23:36:12.021137
1.0740211432420042,5662,-3,1,1,0,0,0.0,0.0,2025-Jan-29-23:36:12.068293
1.0590054541165101,5663,0,1,1,0,1,0.0,1.9000000000000001,2025-Jan-29-23:36:12.126300
0.7040048287490615,5664,0,1,0,0,0,0.0,0.0,2025-Jan-29-23:36:12.183962
1.0740211432420042,5665,-3,1,1,0,0,0.0,0.0,2025-Jan-29-23:36:12.229107
1.0590054559893862,5666,0,1,1,1,0,0.5,0.0,2025-Jan-29-23:36:12.289062
0.7190205031455159,5667,-3,1,0,0,0,0.0,0.0,2025-Jan-29-23:36:12.335015
0.7563742948803054,5668,-3,1,0,-1,1,0.0,0.9,2025-Jan-29-23:36:12.416324
0.7489822748812069,5669,-3,1,0,-1,1,0.0,0.2,2025-Jan-29-23:36:12.496945
0.7040048287490615,5670,0,1,0,0,0,0.0,0.0,2025-Jan-29-23:36:12.575509
0.7190205031455159,5671,-3,1,0,0,0,0.0,0.0,2025-Jan-29-23:36:12.675775
0.7190205031455159,5672,-3,1,0,0,0,0.0,0.0,2025-Jan-29-23:36:12.780173
0.7040048287490615,5673,0,1,0,0,0,0.0,0.0,2025-Jan-29-23:36:12.862046
0.7190205031455159,5674,-3,1,0,0,0,0.0,0.0,2025-Jan-29-23:36:12.909962
1.0740211300577118,5675,-3,1,1,0,1,0.0,0.4,2025-Jan-29-23:36:12.967575
0.7190205031455159,5676,-3,1,0,0,0,0.0,0.0,2025-Jan-29-23:36:13.011096
1.0740211297380937,5677,-3,1,1,0,1,0.0,1.5000000000000002,2025-Jan-29-23:36:13.068436
0.7040048140479387,5678,0,1,0,0,1,0.0,1.4000000000000001,2025-Jan-29-23:36:13.124512
0.7190205031455159,5679,-3,1,0,0,0,0.0,0.0,2025-Jan-29-23:36:13.167368
0.7190205031455159,5680,-3,1,0,0,0,0.0,0.0,2025-Jan-29-23:36:13.209713
0.7190205031455159,5681,-3,1,0,0,0,0.0,0.0,2025-Jan-29-23:36:13.255077
0.7040048287490615,5682,0,1,0,0,0,0.0,0.0,2025-Jan-29-23:36:13.308069
0.7040048287490615,5683,0,1,0,0,0,0.0,0.0,2025-Jan-29-23:36:13.366514
0.7489822891669069,5684,-3,1,0,-1,0,0.0,0.0,2025-Jan-29-23:36:13.422611
0.7190205031455159,5685,-3,1,0,0,0,0.0,0.0,2025-Jan-29-23:36:13.469896
0.7040048287490615,5686,0,1,0,0,0,0.0,0.0,2025-Jan-29-23:36:13.523501
1.059005470912656,5687,0,1,1,0,-1,0.0,0.0,2025-Jan-29-23:36:13.590845
0.7190205031455159,5688,-3,1,0,0,0,0.0,0.0,2025-Jan-29-23:36:13.677758
0.7190205031455159,5689,-3,1,0,0,0,0.0,0.0,2025-Jan-29-23:36:13.759829
0.7190205031455159,5690,-3,1,0,0,0,0.0,0.0,2025-Jan-29-23:36:13.816748
0.7190205031455159,5691,-3,1,0,0,0,0.0,0.0,2025-Jan-29-23:36:13.858991
0.7190205031455159,5692,-3,1,0,0,0,0.0,0.0,2025-Jan-29-23:36:13.901190
0.7190205031455159,5693,-3,1,0,0,0,0.0,0.0,2025-Jan-29-23:36:13.945210
0.7190205031455159,5694,-3,1,0,0,0,0.0,0.0,2025-Jan-29-23:36:13.990713
0.7190205031455159,5695,-3,1,0,0,0,0.0,0.0,2025-Jan-29-23:36:14.035915
0.7489822891669069,5696,-3,1,0,-1,0,0.0,0.0,2025-Jan-29-23:36:14.094441
0.7190205031455159,5697,-3,1,0,0,0,0.0,0.0,2025-Jan-29-23:36:14.140385
0.7190205031455159,5698,-3,1,0,0,0,0.0,0.0,2025-Jan-29-23:36:14.185685
0.7190205031455159,5699,-3,1,0,0,0,0.0,0.0,2025-Jan-29-23:36:14.230547
0.7190205031455159,5700,-3,1,0,0,0,0.0,0.0,2025-Jan-29-23:36:14.275412
0.5426192763166415,5701,-3,1,0,1,1,1.7000000000000002,0.30000000000000004,2025-Jan-29-23:36:14.356457
0.8976205329941981,5702,-3,1,1,1,1,1.9000000000000001,0.7000000000000001,2025-Jan-29-23:36:14.437243
0.7190205031455159,5703,-3,1,0,0,0,0.0,0.0,2025-Jan-29-23:36:14.482390
0.7190205031455159,5704,-3,1,0,0,0,0.0,0.0,2025-Jan-29-23:36:14.528599
1.0740211432420042,5705,-3,1,1,0,0,0.0,0.0,2025-Jan-29-23:36:14.596583
0.7190205031455159,5706,-3,1,0,0,0,0.0,0.0,2025-Jan-29-23:36:14.676471
0.7190205031455159,5707,-3,1,0,0,0,0.0,0.0,2025-Jan-29-23:36:14.746150
0.7190205031455159,5708,-3,1,0,0,0,0.0,0.0,2025-Jan-29-23:36:14.811812
0.7040048287490615,5709,0,1,0,0,0,0.0,0.0,2025-Jan-29-23:36:14.864217
0.719020489622653,5710,-3,1,0,0,1,0.0,1.9000000000000001,2025-Jan-29-23:36:14.917029
1.0740211301463412,5711,-3,1,1,0,1,0.0,1.6,2025-Jan-29-23:36:14.969571
0.7190205031455159,5712,-3,1,0,0,0,0.0,0.0,2025-Jan-29-23:36:15.012628
0.704004816275501,5713,0,1,0,1,0,1.1,0.0,2025-Jan-29-23:36:15.069423
0.7040048162678711,5714,0,1,0,1,0,1.9000000000000001,0.0,2025-Jan-29-23:36:15.126065
0.7190205031455159,5715,-3,1,0,0,0,0.0,0.0,2025-Jan-29-23:36:15.171354
0.7190205031455159,5716,-3,1,0,0,0,0.0,0.0,2025-Jan-29-23:36:15.216385
0.7040048287490615,5717,0,1,0,0,0,0.0,0.0,2025-Jan-29-23:36:15.271985
0.7190205031455159,5718,-3,1,0,0,0,0.0,0.0,2025-Jan-29-23:36:15.317085
0.6339694075286959,5719,-3,1,0,1,0,0.6,0.0,2025-Jan-29-23:36:15.362071
0.619793525129478,5720,-3,1,0,1,0,0.7000000000000001,0.0,2025-Jan-29-23:36:15.406273
0.7190205031455159,5721,-3,1,0,0,0,0.0,0.0,2025-Jan-29-23:36:15.451161
0.7190205031455159,5722,-3,1,0,0,0,0.0,0.0,2025-Jan-29-23:36:15.496733
0.7040048287490615,5723,0,1,0,0,0,0.0,0.0,2025-Jan-29-23:36:15.732058
0.7190205031455159,5724,-3,1,0,0,0,0.0,0.0,2025-Jan-29-23:36:15.820192
0.7040048306826437,5725,0,1,0,-1,0,0.0,0.0,2025-Jan-29-23:36:15.906321
0.7040048306826437,5726,0,1,0,-1,0,0.0,0.0,2025-Jan-29-23:36:15.960832
0.7190205031455159,5727,-3,1,0,0,0,0.0,0.0,2025-Jan-29-23:36:16.002762
0.7190205031455159,5728,-3,1,0,0,0,0.0,0.0,2025-Jan-29-23:36:16.045107
0.7190205031455159,5729,-3,1,0,0,0,0.0,0.0,2025-Jan-29-23:36:16.088937
0.7190205031455159,5730,-3,1,0,0,0,0.0,0.0,2025-Jan-29-23:36:16.134021
0.619793525129478,5731,-3,1,0,1,0,0.7000000000000001,0.0,2025-Jan-29-23:36:16.178851
1.1113749487582494,5732,-3,1,1,-1,0,0.0,0.0,2025-Jan-29-23:36:16.236602
0.7040048287490615,5733,0,1,0,0,0,0.0,0.0,2025-Jan-29-23:36:16.291868
0.7190204898834608,5734,-3,1,0,0,1,0.0,1.1,2025-Jan-29-23:36:16.348930
1.0740211298809452,5735,-3,1,1,0,1,0.0,0.1,2025-Jan-29-23:36:16.405970
0.7040048287490615,5736,0,1,0,0,0,0.0,0.0,2025-Jan-29-23:36:16.462619
0.7040048151319986,5737,0,1,0,0,1,0.0,0.2,2025-Jan-29-23:36:16.522478
0.7048458208332435,5738,-3,1,0,1,0,0.1,0.0,2025-Jan-29-23:36:16.568556
0.7190205031455159,5739,-3,1,0,0,0,0.0,0.0,2025-Jan-29-23:36:16.617750
0.7190205031455159,5740,-3,1,0,0,0,0.0,0.0,2025-Jan-29-23:36:16.689975
0.7190205031455159,5741,-3,1,0,0,0,0.0,0.0,2025-Jan-29-23:36:16.779687
0.7190205031455159,5742,-3,1,0,0,0,0.0,0.0,2025-Jan-29-23:36:16.867484
0.7040048287490615,5743,0,1,0,0,0,0.0,0.0,2025-Jan-29-23:36:16.926798
0.7489822891669069,5744,-3,1,0,-1,0,0.0,0.0,2025-Jan-29-23:36:16.980743
0.7190205031455159,5745,-3,1,0,0,0,0.0,0.0,2025-Jan-29-23:36:17.022132
0.5426180642548899,5746,-3,1,0,1,0,1.3000000000000003,0.0,2025-Jan-29-23:36:17.093672
0.5426199054488166,5747,-3,1,0,1,0,1.9000000000000001,0.0,2025-Jan-29-23:36:17.167680
0.7190205031455159,5748,-3,1,0,0,0,0.0,0.0,2025-Jan-29-23:36:17.212524
0.7190205031455159,5749,-3,1,0,0,0,0.0,0.0,2025-Jan-29-23:36:17.257491
0.7040048287490615,5750,0,1,0,0,0,0.0,0.0,2025-Jan-29-23:36:17.315923
0.7190205031455159,5751,-3,1,0,0,0,0.0,0.0,2025-Jan-29-23:36:17.360850
0.7190205031455159,5752,-3,1,0,0,0,0.0,0.0,2025-Jan-29-23:36:17.405963
1.1113749487582494,5753,-3,1,1,-1,0,0.0,0.0,2025-Jan-29-23:36:17.463766
0.7190205031455159,5754,-3,1,0,0,0,0.0,0.0,2025-Jan-29-23:36:17.509121
0.7040048287490615,5755,0,1,0,0,0,0.0,0.0,2025-Jan-29-23:36:17.565242
0.7040048287490615,5756,0,1,0,0,0,0.0,0.0,2025-Jan-29-23:36:17.640239
0.7190205031455159,5757,-3,1,0,0,0,0.0,0.0,2025-Jan-29-23:36:17.730576
0.719020489622653,5758,-3,1,0,0,1,0.0,1.9000000000000001,2025-Jan-29-23:36:17.808558
0.719020489622653,5759,-3,1,0,0,1,0.0,1.9000000000000001,2025-Jan-29-23:36:17.862711
0.7190205031455159,5760,-3,1,0,0,0,0.0,0.0,2025-Jan-29-23:36:17.904544
0.7040048287490615,5761,0,1,0,0,0,0.0,0.0,2025-Jan-29-23:36:17.956883
0.7040048287490615,5762,0,1,0,0,0,0.0,0.0,2025-Jan-29-23:36:18.009571
0.7190205031455159,5763,-3,1,0,0,0,0.0,0.0,2025-Jan-29-23:36:18.051371
0.704004816511651,5764,0,1,0,1,0,0.1,0.0,2025-Jan-29-23:36:18.105926
0.7040048327823696,5765,0,1,0,-1,-1,0.0,0.0,2025-Jan-29-23:36:18.160353
0.7190205031455159,5766,-3,1,0,0,0,0.0,0.0,2025-Jan-29-23:36:18.205363
0.7040048287490615,5767,0,1,0,0,0,0.0,0.0,2025-Jan-29-23:36:18.261623
0.7040048306826437,5768,0,1,0,-1,0,0.0,0.0,2025-Jan-29-23:36:18.317226
0.7190205031455159,5769,-3,1,0,0,0,0.0,0.0,2025-Jan-29-23:36:18.361780
0.7040048287490615,5770,0,1,0,0,0,0.0,0.0,2025-Jan-29-23:36:18.418791
0.7040048287490615,5771,0,1,0,0,0,0.0,0.0,2025-Jan-29-23:36:18.474781
0.7190205031455159,5772,-3,1,0,0,0,0.0,0.0,2025-Jan-29-23:36:18.520637
0.7190205031455159,5773,-3,1,0,0,0,0.0,0.0,2025-Jan-29-23:36:18.589438
1.0740211432420042,5774,-3,1,1,0,0,0.0,0.0,2025-Jan-29-23:36:18.666289
0.7190205031455159,5775,-3,1,0,0,0,0.0,0.0,2025-Jan-29-23:36:18.859416
0.7040048287490615,5776,0,1,0,0,0,0.0,0.0,2025-Jan-29-23:36:18.927968
0.7040048287490615,5777,0,1,0,0,0,0.0,0.0,2025-Jan-29-23:36:18.979804
0.7190205031455159,5778,-3,1,0,0,0,0.0,0.0,2025-Jan-29-23:36:19.021176
0.54261959709011,5779,-3,1,0,1,0,1.8000000000000003,0.0,2025-Jan-29-23:36:19.092524
0.7190205031455159,5780,-3,1,0,0,0,0.0,0.0,2025-Jan-29-23:36:19.137549
0.7190205031455159,5781,-3,1,0,0,0,0.0,0.0,2025-Jan-29-23:36:19.181821
0.7040048306826437,5782,0,1,0,-1,0,0.0,0.0,2025-Jan-29-23:36:19.237380
0.7040048306826437,5783,0,1,0,-1,0,0.0,0.0,2025-Jan-29-23:36:19.292885
0.7190205031455159,5784,-3,1,0,0,0,0.0,0.0,2025-Jan-29-23:36:19.337401
0.7190205031455159,5785,-3,1,0,0,0,0.0,0.0,2025-Jan-29-23:36:19.385656
0.7040048287490615,5786,0,1,0,0,0,0.0,0.0,2025-Jan-29-23:36:19.441339
0.7190205031455159,5787,-3,1,0,0,0,0.0,0.0,2025-Jan-29-23:36:19.485402
0.7040048152011282,5788,0,1,0,0,1,0.0,1.7000000000000002,2025-Jan-29-23:36:19.541269
0.7040048287490615,5789,0,1,0,0,0,0.0,0.0,2025-Jan-29-23:36:19.619387
0.7040048287490615,5790,0,1,0,0,0,0.0,0.0,2025-Jan-29-23:36:19.703843
0.7040048287490615,5791,0,1,0,0,0,0.0,0.0,2025-Jan-29-23:36:19.788358
0.7040048149753934,5792,0,1,0,0,1,0.0,0.8,2025-Jan-29-23:36:19.841857
0.7190205031455159,5793,-3,1,0,0,0,0.0,0.0,2025-Jan-29-23:36:19.883733
0.7190205031455159,5794,-3,1,0,0,0,0.0,0.0,2025-Jan-29-23:36:19.925774
0.7489822891669069,5795,-3,1,0,-1,0,0.0,0.0,2025-Jan-29-23:36:19.981142
0.7190205031455159,5796,-3,1,0,0,0,0.0,0.0,2025-Jan-29-23:36:20.025478
0.7040048287490615,5797,0,1,0,0,0,0.0,0.0,2025-Jan-29-23:36:20.080895
0.7190205031455159,5798,-3,1,0,0,0,0.0,0.0,2025-Jan-29-23:36:20.126140
0.7190205031455159,5799,-3,1,0,0,0,0.0,0.0,2025-Jan-29-23:36:20.170698
0.7190204898405751,5800,-3,1,0,0,1,0.0,0.2,2025-Jan-29-23:36:20.226122
0.7190205031455159,5801,-3,1,0,0,0,0.0,0.0,2025-Jan-29-23:36:20.270579
0.7040048287490615,5802,0,1,0,0,0,0.0,0.0,2025-Jan-29-23:36:20.328263
0.7040048287490615,5803,0,1,0,0,0,0.0,0.0,2025-Jan-29-23:36:20.384173
1.05900546881293,5804,0,1,1,0,0,0.0,0.0,2025-Jan-29-23:36:20.439417
0.7190205031455159,5805,-3,1,0,0,0,0.0,0.0,2025-Jan-29-23:36:20.486546
0.7040048287490615,5806,0,1,0,0,0,0.0,0.0,2025-Jan-29-23:36:20.543573
0.7040048287490615,5807,0,1,0,0,0,0.0,0.0,2025-Jan-29-23:36:20.620771
0.7040048287490615,5808,0,1,0,0,0,0.0,0.0,2025-Jan-29-23:36:20.716236
0.7190205031455159,5809,-3,1,0,0,0,0.0,0.0,2025-Jan-29-23:36:20.806481
1.0740211432420042,5810,-3,1,1,0,0,0.0,0.0,2025-Jan-29-23:36:20.855382
0.7190205031455159,5811,-3,1,0,0,0,0.0,0.0,2025-Jan-29-23:36:20.899742
0.7040048287490615,5812,0,1,0,0,0,0.0,0.0,2025-Jan-29-23:36:20.955521
1.0740211432420042,5813,-3,1,1,0,0,0.0,0.0,2025-Jan-29-23:36:20.999718
0.7190205031455159,5814,-3,1,0,0,0,0.0,0.0,2025-Jan-29-23:36:21.044115
0.7190205031455159,5815,-3,1,0,0,0,0.0,0.0,2025-Jan-29-23:36:21.088629
0.7040048287490615,5816,0,1,0,0,0,0.0,0.0,2025-Jan-29-23:36:21.144149
0.7190205031455159,5817,-3,1,0,0,0,0.0,0.0,2025-Jan-29-23:36:21.188375
0.7040048287490615,5818,0,1,0,0,0,0.0,0.0,2025-Jan-29-23:36:21.244160
0.7040048308487874,5819,0,1,0,0,-1,0.0,0.0,2025-Jan-29-23:36:21.299548
0.7190205031455159,5820,-3,1,0,0,0,0.0,0.0,2025-Jan-29-23:36:21.343963
0.7040048287490615,5821,0,1,0,0,0,0.0,0.0,2025-Jan-29-23:36:21.400741
0.7190205031455159,5822,-3,1,0,0,0,0.0,0.0,2025-Jan-29-23:36:21.445903
0.7190205031455159,5823,-3,1,0,0,0,0.0,0.0,2025-Jan-29-23:36:21.490133
0.7190205031455159,5824,-3,1,0,0,0,0.0,0.0,2025-Jan-29-23:36:21.534841
0.7190205031455159,5825,-3,1,0,0,0,0.0,0.0,2025-Jan-29-23:36:21.601890
0.7190205031455159,5826,-3,1,0,0,0,0.0,0.0,2025-Jan-29-23:36:21.682758
0.7040048140479387,5827,0,1,0,0,1,0.0,1.4000000000000001,2025-Jan-29-23:36:21.780488
0.719020489622653,5828,-3,1,0,0,1,0.0,1.9000000000000001,2025-Jan-29-23:36:21.858693
0.7190205031455159,5829,-3,1,0,0,0,0.0,0.0,2025-Jan-29-23:36:21.904001
0.7040048287490615,5830,0,1,0,0,0,0.0,0.0,2025-Jan-29-23:36:21.959855
0.7190205031455159,5831,-3,1,0,0,0,0.0,0.0,2025-Jan-29-23:36:22.161000
0.7190205031455159,5832,-3,1,0,0,0,0.0,0.0,2025-Jan-29-23:36:22.207603
0.7040048287490615,5833,0,1,0,0,0,0.0,0.0,2025-Jan-29-23:36:22.265353
0.7190205031455159,5834,-3,1,0,0,0,0.0,0.0,2025-Jan-29-23:36:22.308943
0.7190205031455159,5835,-3,1,0,0,0,0.0,0.0,2025-Jan-29-23:36:22.353685
0.7040048287490615,5836,0,1,0,0,0,0.0,0.0,2025-Jan-29-23:36:22.409215
0.7190205031455159,5837,-3,1,0,0,0,0.0,0.0,2025-Jan-29-23:36:22.452773
0.7190205031455159,5838,-3,1,0,0,0,0.0,0.0,2025-Jan-29-23:36:22.498235
0.7190205031455159,5839,-3,1,0,0,0,0.0,0.0,2025-Jan-29-23:36:22.543017
0.7190205031455159,5840,-3,1,0,0,0,0.0,0.0,2025-Jan-29-23:36:22.606496
0.7190205031455159,5841,-3,1,0,0,0,0.0,0.0,2025-Jan-29-23:36:22.688192
0.7190205031455159,5842,-3,1,0,0,0,0.0,0.0,2025-Jan-29-23:36:22.773047
0.7190205031455159,5843,-3,1,0,0,0,0.0,0.0,2025-Jan-29-23:36:22.843533
0.7190205031455159,5844,-3,1,0,0,0,0.0,0.0,2025-Jan-29-23:36:22.889361
0.7190205031455159,5845,-3,1,0,0,0,0.0,0.0,2025-Jan-29-23:36:22.934321
0.7190205031455159,5846,-3,1,0,0,0,0.0,0.0,2025-Jan-29-23:36:22.978288
0.7190205031455159,5847,-3,1,0,0,0,0.0,0.0,2025-Jan-29-23:36:23.022379
0.7190205031455159,5848,-3,1,0,0,0,0.0,0.0,2025-Jan-29-23:36:23.067524
0.7040048287490615,5849,0,1,0,0,0,0.0,0.0,2025-Jan-29-23:36:23.122891
0.7190205031455159,5850,-3,1,0,0,0,0.0,0.0,2025-Jan-29-23:36:23.168204
0.5426186625833034,5851,-3,1,0,1,1,1.5000000000000002,0.5,2025-Jan-29-23:36:23.247755
0.5630879624978458,5852,-3,1,0,1,1,1.1,1.9000000000000001,2025-Jan-29-23:36:23.303827
0.7190205031455159,5853,-3,1,0,0,0,0.0,0.0,2025-Jan-29-23:36:23.348200
0.7190205031455159,5854,-3,1,0,0,0,0.0,0.0,2025-Jan-29-23:36:23.393428
0.7190205031455159,5855,-3,1,0,0,0,0.0,0.0,2025-Jan-29-23:36:23.437288
0.7190205031455159,5856,-3,1,0,0,0,0.0,0.0,2025-Jan-29-23:36:23.480911
0.7040048287490615,5857,0,1,0,0,0,0.0,0.0,2025-Jan-29-23:36:23.537547
0.7190204897844568,5858,-3,1,0,0,1,0.0,0.1,2025-Jan-29-23:36:23.614964
0.7190205031455159,5859,-3,1,0,0,0,0.0,0.0,2025-Jan-29-23:36:23.687859
0.719020489622653,5860,-3,1,0,0,1,0.0,1.9000000000000001,2025-Jan-29-23:36:23.773416
0.7190205031455159,5861,-3,1,0,0,0,0.0,0.0,2025-Jan-29-23:36:23.816041
0.7190205031455159,5862,-3,1,0,0,0,0.0,0.0,2025-Jan-29-23:36:23.860878
0.7040048162678711,5863,0,1,0,1,0,1.9000000000000001,0.0,2025-Jan-29-23:36:23.914433
1.05900545633174,5864,0,1,1,1,0,1.9000000000000001,0.0,2025-Jan-29-23:36:23.967660
0.7190205031455159,5865,-3,1,0,0,0,0.0,0.0,2025-Jan-29-23:36:24.008189
0.7040048287490615,5866,0,1,0,0,0,0.0,0.0,2025-Jan-29-23:36:24.062495
0.7040048308487874,5867,0,1,0,0,-1,0.0,0.0,2025-Jan-29-23:36:24.115905
0.7190205031455159,5868,-3,1,0,0,0,0.0,0.0,2025-Jan-29-23:36:24.158639
0.619793525129478,5869,-3,1,0,1,0,0.7000000000000001,0.0,2025-Jan-29-23:36:24.199396
0.7040048287490615,5870,0,1,0,0,0,0.0,0.0,2025-Jan-29-23:36:24.251909
0.7190205031455159,5871,-3,1,0,0,0,0.0,0.0,2025-Jan-29-23:36:24.294658
0.7040048287490615,5872,0,1,0,0,0,0.0,0.0,2025-Jan-29-23:36:24.350467
0.7190205031455159,5873,-3,1,0,0,0,0.0,0.0,2025-Jan-29-23:36:24.395420
0.7190205031455159,5874,-3,1,0,0,0,0.0,0.0,2025-Jan-29-23:36:24.437400
0.7040048306826437,5875,0,1,0,-1,0,0.0,0.0,2025-Jan-29-23:36:24.490183
0.7040048287490615,5876,0,1,0,0,0,0.0,0.0,2025-Jan-29-23:36:24.542103
0.7190205031455159,5877,-3,1,0,0,0,0.0,0.0,2025-Jan-29-23:36:24.604559
0.7190205031455159,5878,-3,1,0,0,0,0.0,0.0,2025-Jan-29-23:36:24.683055
0.7489822891669069,5879,-3,1,0,-1,0,0.0,0.0,2025-Jan-29-23:36:24.775621
0.7190205031455159,5880,-3,1,0,0,0,0.0,0.0,2025-Jan-29-23:36:24.819489
0.619793525129478,5881,-3,1,0,1,0,0.7000000000000001,0.0,2025-Jan-29-23:36:24.866798
0.6056174413729246,5882,-3,1,0,1,0,0.8,0.0,2025-Jan-29-23:36:24.908962
0.7040048287490615,5883,0,1,0,0,0,0.0,0.0,2025-Jan-29-23:36:24.961661
0.7040048287490615,5884,0,1,0,0,0,0.0,0.0,2025-Jan-29-23:36:25.016173
0.7190205031455159,5885,-3,1,0,0,0,0.0,0.0,2025-Jan-29-23:36:25.061694
0.7190205031455159,5886,-3,1,0,0,0,0.0,0.0,2025-Jan-29-23:36:25.104714
0.7040048151319986,5887,0,1,0,0,1,0.0,0.2,2025-Jan-29-23:36:25.159929
0.7190205031455159,5888,-3,1,0,0,0,0.0,0.0,2025-Jan-29-23:36:25.202312
0.7190205031455159,5889,-3,1,0,0,0,0.0,0.0,2025-Jan-29-23:36:25.244194
0.7190205031455159,5890,-3,1,0,0,0,0.0,0.0,2025-Jan-29-23:36:25.287386
0.7040048287490615,5891,0,1,0,0,0,0.0,0.0,2025-Jan-29-23:36:25.445790
0.7190205031455159,5892,-3,1,0,0,0,0.0,0.0,2025-Jan-29-23:36:25.489933
0.7040048287490615,5893,0,1,0,0,0,0.0,0.0,2025-Jan-29-23:36:25.543322
0.7040048287490615,5894,0,1,0,0,0,0.0,0.0,2025-Jan-29-23:36:25.631489
0.7190205031455159,5895,-3,1,0,0,0,0.0,0.0,2025-Jan-29-23:36:25.705854
0.5426180642548899,5896,-3,1,0,1,0,1.3000000000000003,0.0,2025-Jan-29-23:36:25.802887
0.7040048159089316,5897,0,1,0,1,0,1.7000000000000002,0.0,2025-Jan-29-23:36:25.859355
0.7040048287490615,5898,0,1,0,0,0,0.0,0.0,2025-Jan-29-23:36:25.914793
0.7040048287490615,5899,0,1,0,0,0,0.0,0.0,2025-Jan-29-23:36:25.969246
0.7190205063079972,5900,-3,1,0,0,-1,0.0,0.0,2025-Jan-29-23:36:26.011700
0.7190205031455159,5901,-3,1,0,0,0,0.0,0.0,2025-Jan-29-23:36:26.052656
0.7190205031455159,5902,-3,1,0,0,0,0.0,0.0,2025-Jan-29-23:36:26.097652
0.7190205031455159,5903,-3,1,0,0,0,0.0,0.0,2025-Jan-29-23:36:26.139005
0.7040048287490615,5904,0,1,0,0,0,0.0,0.0,2025-Jan-29-23:36:26.191807
0.7040048287490615,5905,0,1,0,0,0,0.0,0.0,2025-Jan-29-23:36:26.246578
0.7040048287490615,5906,0,1,0,0,0,0.0,0.0,2025-Jan-29-23:36:26.302294
0.7190205031455159,5907,-3,1,0,0,0,0.0,0.0,2025-Jan-29-23:36:26.345080
0.719020489622653,5908,-3,1,0,0,1,0.0,1.9000000000000001,2025-Jan-29-23:36:26.402472
0.7190205031455159,5909,-3,1,0,0,0,0.0,0.0,2025-Jan-29-23:36:26.444634
0.7190205031455159,5910,-3,1,0,0,0,0.0,0.0,2025-Jan-29-23:36:26.486878
0.7040048287490615,5911,0,1,0,0,0,0.0,0.0,2025-Jan-29-23:36:26.541003
0.7040048287490615,5912,0,1,0,0,0,0.0,0.0,2025-Jan-29-23:36:26.608997
0.7190205031455159,5913,-3,1,0,0,0,0.0,0.0,2025-Jan-29-23:36:26.681873
0.704004816511651,5914,0,1,0,1,0,0.1,0.0,2025-Jan-29-23:36:26.763983
0.7040048287490615,5915,0,1,0,0,0,0.0,0.0,2025-Jan-29-23:36:26.822352
0.7190205031455159,5916,-3,1,0,0,0,0.0,0.0,2025-Jan-29-23:36:26.868094
0.7040048287490615,5917,0,1,0,0,0,0.0,0.0,2025-Jan-29-23:36:26.924312
0.7040048287490615,5918,0,1,0,0,0,0.0,0.0,2025-Jan-29-23:36:26.976509
0.7190205031455159,5919,-3,1,0,0,0,0.0,0.0,2025-Jan-29-23:36:27.018341
0.7040048287490615,5920,0,1,0,0,0,0.0,0.0,2025-Jan-29-23:36:27.073832
0.7040048287490615,5921,0,1,0,0,0,0.0,0.0,2025-Jan-29-23:36:27.131379
0.7190205031455159,5922,-3,1,0,0,0,0.0,0.0,2025-Jan-29-23:36:27.173681
0.7190205031455159,5923,-3,1,0,0,0,0.0,0.0,2025-Jan-29-23:36:27.216128
1.0740211432420042,5924,-3,1,1,0,0,0.0,0.0,2025-Jan-29-23:36:27.259287
0.7190205031455159,5925,-3,1,0,0,0,0.0,0.0,2025-Jan-29-23:36:27.301843
0.7040048287490615,5926,0,1,0,0,0,0.0,0.0,2025-Jan-29-23:36:27.357621
1.05900546881293,5927,0,1,1,0,0,0.0,0.0,2025-Jan-29-23:36:27.410640
0.7190205031455159,5928,-3,1,0,0,0,0.0,0.0,2025-Jan-29-23:36:27.451724
0.5426183696016111,5929,-3,1,0,1,0,1.4000000000000001,0.0,2025-Jan-29-23:36:27.521816
1.0740211432420042,5930,-3,1,1,0,0,0.0,0.0,2025-Jan-29-23:36:27.591314
0.7190205031455159,5931,-3,1,0,0,0,0.0,0.0,2025-Jan-29-23:36:27.653901
0.7040048306826437,5932,0,1,0,-1,0,0.0,0.0,2025-Jan-29-23:36:27.744065
0.7040048306826437,5933,0,1,0,-1,0,0.0,0.0,2025-Jan-29-23:36:27.820145
0.7190205031455159,5934,-3,1,0,0,0,0.0,0.0,2025-Jan-29-23:36:27.863877
0.7040048287490615,5935,0,1,0,0,0,0.0,0.0,2025-Jan-29-23:36:27.917302
0.7040048287490615,5936,0,1,0,0,0,0.0,0.0,2025-Jan-29-23:36:27.969896
0.7190205031455159,5937,-3,1,0,0,0,0.0,0.0,2025-Jan-29-23:36:28.015726
0.7040048149789969,5938,0,1,0,0,1,0.0,1.8000000000000003,2025-Jan-29-23:36:28.074443
0.7190204891826966,5939,-3,1,0,0,1,0.0,1.8000000000000003,2025-Jan-29-23:36:28.132378
0.7190205063079972,5940,-3,1,0,0,-1,0.0,0.0,2025-Jan-29-23:36:28.173335
0.7040048149753934,5941,0,1,0,0,1,0.0,0.8,2025-Jan-29-23:36:28.226556
0.7040048287490615,5942,0,1,0,0,0,0.0,0.0,2025-Jan-29-23:36:28.282223
0.7190205031455159,5943,-3,1,0,0,0,0.0,0.0,2025-Jan-29-23:36:28.325804
0.7190205031455159,5944,-3,1,0,0,0,0.0,0.0,2025-Jan-29-23:36:28.370269
0.7190205063079972,5945,-3,1,0,0,-1,0.0,0.0,2025-Jan-29-23:36:28.416007
0.7190205031455159,5946,-3,1,0,0,0,0.0,0.0,2025-Jan-29-23:36:28.458381
0.7040048287490615,5947,0,1,0,0,0,0.0,0.0,2025-Jan-29-23:36:28.634942
0.7040048308487874,5948,0,1,0,0,-1,0.0,0.0,2025-Jan-29-23:36:28.717817
0.7190205031455159,5949,-3,1,0,0,0,0.0,0.0,2025-Jan-29-23:36:28.790465
0.7040048287490615,5950,0,1,0,0,0,0.0,0.0,2025-Jan-29-23:36:28.845242
0.7190205031455159,5951,-3,1,0,0,0,0.0,0.0,2025-Jan-29-23:36:28.888229
0.7190205031455159,5952,-3,1,0,0,0,0.0,0.0,2025-Jan-29-23:36:28.930563
0.7040048287490615,5953,0,1,0,0,0,0.0,0.0,2025-Jan-29-23:36:28.983622
0.7040048306826437,5954,0,1,0,-1,0,0.0,0.0,2025-Jan-29-23:36:29.036284
0.7190205031455159,5955,-3,1,0,0,0,0.0,0.0,2025-Jan-29-23:36:29.081620
0.7040048287490615,5956,0,1,0,0,0,0.0,0.0,2025-Jan-29-23:36:29.135217
0.7489822891669069,5957,-3,1,0,-1,0,0.0,0.0,2025-Jan-29-23:36:29.189036
0.7190205031455159,5958,-3,1,0,0,0,0.0,0.0,2025-Jan-29-23:36:29.231220
0.7190205031455159,5959,-3,1,0,0,0,0.0,0.0,2025-Jan-29-23:36:29.275839
1.1113749487582494,5960,-3,1,1,-1,0,0.0,0.0,2025-Jan-29-23:36:29.330558
0.7190205031455159,5961,-3,1,0,0,0,0.0,0.0,2025-Jan-29-23:36:29.375903
0.7040048287490615,5962,0,1,0,0,0,0.0,0.0,2025-Jan-29-23:36:29.431242
0.7040048287490615,5963,0,1,0,0,0,0.0,0.0,2025-Jan-29-23:36:29.484982
0.7190205031455159,5964,-3,1,0,0,0,0.0,0.0,2025-Jan-29-23:36:29.527482
0.7040048287490615,5965,0,1,0,0,0,0.0,0.0,2025-Jan-29-23:36:29.595837
0.7040048287490615,5966,0,1,0,0,0,0.0,0.0,2025-Jan-29-23:36:29.676422
0.7190205031455159,5967,-3,1,0,0,0,0.0,0.0,2025-Jan-29-23:36:29.744072
0.7040048287490615,5968,0,1,0,0,0,0.0,0.0,2025-Jan-29-23:36:29.813520
0.7040048287490615,5969,0,1,0,0,0,0.0,0.0,2025-Jan-29-23:36:29.869528
0.7190205031455159,5970,-3,1,0,0,0,0.0,0.0,2025-Jan-29-23:36:29.912446
0.7040048287490615,5971,0,1,0,0,0,0.0,0.0,2025-Jan-29-23:36:29.965075
0.7040048306826437,5972,0,1,0,-1,0,0.0,0.0,2025-Jan-29-23:36:30.017513
0.7190205031455159,5973,-3,1,0,0,0,0.0,0.0,2025-Jan-29-23:36:30.061639
0.7190205031455159,5974,-3,1,0,0,0,0.0,0.0,2025-Jan-29-23:36:30.105278
0.7489822891669069,5975,-3,1,0,-1,0,0.0,0.0,2025-Jan-29-23:36:30.159659
0.7040048287490615,5976,0,1,0,0,0,0.0,0.0,2025-Jan-29-23:36:30.211672
0.7040048140479387,5977,0,1,0,0,1,0.0,1.4000000000000001,2025-Jan-29-23:36:30.268017
0.7040048149678624,5978,0,1,0,0,1,0.0,0.1,2025-Jan-29-23:36:30.323789
0.7190205031455159,5979,-3,1,0,0,0,0.0,0.0,2025-Jan-29-23:36:30.368353
0.7040048287490615,5980,0,1,0,0,0,0.0,0.0,2025-Jan-29-23:36:30.425021
0.7040048287490615,5981,0,1,0,0,0,0.0,0.0,2025-Jan-29-23:36:30.477903
0.7190205031455159,5982,-3,1,0,0,0,0.0,0.0,2025-Jan-29-23:36:30.520627
0.7040048287490615,5983,0,1,0,0,0,0.0,0.0,2025-Jan-29-23:36:30.591271
0.7040048140479387,5984,0,1,0,0,1,0.0,1.4000000000000001,2025-Jan-29-23:36:30.670040
0.7190205031455159,5985,-3,1,0,0,0,0.0,0.0,2025-Jan-29-23:36:30.732031
0.7040048287490615,5986,0,1,0,0,0,0.0,0.0,2025-Jan-29-23:36:30.811323
0.7040048287490615,5987,0,1,0,0,0,0.0,0.0,2025-Jan-29-23:36:30.867160
0.7190205031455159,5988,-3,1,0,0,0,0.0,0.0,2025-Jan-29-23:36:30.912330
0.7190205031455159,5989,-3,1,0,0,0,0.0,0.0,2025-Jan-29-23:36:30.954769
0.7190205031455159,5990,-3,1,0,0,0,0.0,0.0,2025-Jan-29-23:36:30.996102
0.7190205031455159,5991,-3,1,0,0,0,0.0,0.0,2025-Jan-29-23:36:31.038367
0.7190205031455159,5992,-3,1,0,0,0,0.0,0.0,2025-Jan-29-23:36:31.085027
0.7190205031455159,5993,-3,1,0,0,0,0.0,0.0,2025-Jan-29-23:36:31.129726
0.7190205031455159,5994,-3,1,0,0,0,0.0,0.0,2025-Jan-29-23:36:31.176677
0.7190205031455159,5995,-3,1,0,0,0,0.0,0.0,2025-Jan-29-23:36:31.219905
0.7190205031455159,5996,-3,1,0,0,0,0.0,0.0,2025-Jan-29-23:36:31.265326
0.7190205031455159,5997,-3,1,0,0,0,0.0,0.0,2025-Jan-29-23:36:31.308361
0.7040048287490615,5998,0,1,0,0,0,0.0,0.0,2025-Jan-29-23:36:31.365043
0.7190205031455159,5999,-3,1,0,0,0,0.0,0.0,2025-Jan-29-23:36:31.410179
0.7190205031455159,6000,-3,1,0,0,0,0.0,0.0,2025-Jan-29-23:36:31.452224
0.5426186625833034,6001,-3,1,0,1,1,1.5000000000000002,0.5,2025-Jan-29-23:36:31.531716
0.7040048025020803,6002,0,1,0,1,1,1.1,1.6,2025-Jan-29-23:36:31.603225
0.7190205063079972,6003,-3,1,0,0,-1,0.0,0.0,2025-Jan-29-23:36:31.792790
0.7190205031455159,6004,-3,1,0,0,0,0.0,0.0,2025-Jan-29-23:36:31.879045
0.7040048287490615,6005,0,1,0,0,0,0.0,0.0,2025-Jan-29-23:36:31.963651
0.7190205031455159,6006,-3,1,0,0,0,0.0,0.0,2025-Jan-29-23:36:32.009434
0.7040048287490615,6007,0,1,0,0,0,0.0,0.0,2025-Jan-29-23:36:32.070850
1.05900546881293,6008,0,1,1,0,0,0.0,0.0,2025-Jan-29-23:36:32.125768
0.7190205031455159,6009,-3,1,0,0,0,0.0,0.0,2025-Jan-29-23:36:32.170457
0.719020489622653,6010,-3,1,0,0,1,0.0,1.9000000000000001,2025-Jan-29-23:36:32.224575
0.7190205063079972,6011,-3,1,0,0,-1,0.0,0.0,2025-Jan-29-23:36:32.268342
0.7190205031455159,6012,-3,1,0,0,0,0.0,0.0,2025-Jan-29-23:36:32.312371
0.7040048162678711,6013,0,1,0,1,0,1.9000000000000001,0.0,2025-Jan-29-23:36:32.370007
0.5630879629572711,6014,-3,1,0,1,1,1.1,1.2000000000000002,2025-Jan-29-23:36:32.423664
0.7489822891669069,6015,-3,1,0,-1,0,0.0,0.0,2025-Jan-29-23:36:32.478042
0.7190205031455159,6016,-3,1,0,0,0,0.0,0.0,2025-Jan-29-23:36:32.523089
0.7040048287490615,6017,0,1,0,0,0,0.0,0.0,2025-Jan-29-23:36:32.602389
0.7190205031455159,6018,-3,1,0,0,0,0.0,0.0,2025-Jan-29-23:36:32.681803
0.619793525129478,6019,-3,1,0,1,0,0.7000000000000001,0.0,2025-Jan-29-23:36:32.768272
0.54261959709011,6020,-3,1,0,1,0,1.8000000000000003,0.0,2025-Jan-29-23:36:32.846759
0.7190205031455159,6021,-3,1,0,0,0,0.0,0.0,2025-Jan-29-23:36:32.889826
0.7040048287490615,6022,0,1,0,0,0,0.0,0.0,2025-Jan-29-23:36:32.942531
0.7190205031455159,6023,-3,1,0,0,0,0.0,0.0,2025-Jan-29-23:36:32.984841
0.7040048287490615,6024,0,1,0,0,0,0.0,0.0,2025-Jan-29-23:36:33.042479
0.7040048287490615,6025,0,1,0,0,0,0.0,0.0,2025-Jan-29-23:36:33.104260
1.1113749487582494,6026,-3,1,1,-1,0,0.0,0.0,2025-Jan-29-23:36:33.161147
0.7040048287490615,6027,0,1,0,0,0,0.0,0.0,2025-Jan-29-23:36:33.213147
0.7190205031455159,6028,-3,1,0,0,0,0.0,0.0,2025-Jan-29-23:36:33.255198
0.7489822891669069,6029,-3,1,0,-1,0,0.0,0.0,2025-Jan-29-23:36:33.310843
0.7190205031455159,6030,-3,1,0,0,0,0.0,0.0,2025-Jan-29-23:36:33.355451
0.6056174413729246,6031,-3,1,0,1,0,0.8,0.0,2025-Jan-29-23:36:33.398772
0.6906709359502543,6032,-3,1,0,1,0,0.2,0.0,2025-Jan-29-23:36:33.439648
0.7040048287490615,6033,0,1,0,0,0,0.0,0.0,2025-Jan-29-23:36:33.493744
0.7040048287490615,6034,0,1,0,0,0,0.0,0.0,2025-Jan-29-23:36:33.546895
0.7190205031455159,6035,-3,1,0,0,0,0.0,0.0,2025-Jan-29-23:36:33.632992
0.7190205031455159,6036,-3,1,0,0,0,0.0,0.0,2025-Jan-29-23:36:33.711258
0.7040048151319986,6037,0,1,0,0,1,0.0,0.2,2025-Jan-29-23:36:33.789891
0.7190204898405751,6038,-3,1,0,0,1,0.0,0.2,2025-Jan-29-23:36:33.842964
0.7190205031455159,6039,-3,1,0,0,0,0.0,0.0,2025-Jan-29-23:36:33.886001
0.7040048287490615,6040,0,1,0,0,0,0.0,0.0,2025-Jan-29-23:36:33.941187
0.7040048287490615,6041,0,1,0,0,0,0.0,0.0,2025-Jan-29-23:36:33.993782
0.7190205031455159,6042,-3,1,0,0,0,0.0,0.0,2025-Jan-29-23:36:34.035393
0.7040048287490615,6043,0,1,0,0,0,0.0,0.0,2025-Jan-29-23:36:34.096236
0.7040048287490615,6044,0,1,0,0,0,0.0,0.0,2025-Jan-29-23:36:34.150002
0.7190205031455159,6045,-3,1,0,0,0,0.0,0.0,2025-Jan-29-23:36:34.191718
0.5426180642548899,6046,-3,1,0,1,0,1.3000000000000003,0.0,2025-Jan-29-23:36:34.260990
0.5489110802122255,6047,-3,1,0,1,0,1.2000000000000002,0.0,2025-Jan-29-23:36:34.303288
0.7190205031455159,6048,-3,1,0,0,0,0.0,0.0,2025-Jan-29-23:36:34.346919
0.7040048287490615,6049,0,1,0,0,0,0.0,0.0,2025-Jan-29-23:36:34.403128
0.7040048287490615,6050,0,1,0,0,0,0.0,0.0,2025-Jan-29-23:36:34.455781
0.7190205031455159,6051,-3,1,0,0,0,0.0,0.0,2025-Jan-29-23:36:34.501281
0.7040048287490615,6052,0,1,0,0,0,0.0,0.0,2025-Jan-29-23:36:34.573440
0.7040048308487874,6053,0,1,0,0,-1,0.0,0.0,2025-Jan-29-23:36:34.667330
0.7190205031455159,6054,-3,1,0,0,0,0.0,0.0,2025-Jan-29-23:36:34.736771
0.7040048287490615,6055,0,1,0,0,0,0.0,0.0,2025-Jan-29-23:36:34.816422
0.7040048287490615,6056,0,1,0,0,0,0.0,0.0,2025-Jan-29-23:36:34.869929
0.7190205031455159,6057,-3,1,0,0,0,0.0,0.0,2025-Jan-29-23:36:34.912766
0.719020489622653,6058,-3,1,0,0,1,0.0,1.9000000000000001,2025-Jan-29-23:36:34.966502
0.7190204891826966,6059,-3,1,0,0,1,0.0,1.8000000000000003,2025-Jan-29-23:36:35.023641
0.7190205031455159,6060,-3,1,0,0,0,0.0,0.0,2025-Jan-29-23:36:35.219159
0.7040048287490615,6061,0,1,0,0,0,0.0,0.0,2025-Jan-29-23:36:35.278188
0.7190205031455159,6062,-3,1,0,0,0,0.0,0.0,2025-Jan-29-23:36:35.324193
0.7190205031455159,6063,-3,1,0,0,0,0.0,0.0,2025-Jan-29-23:36:35.370827
0.704004816511651,6064,0,1,0,1,0,0.1,0.0,2025-Jan-29-23:36:35.428920
0.7040048161171393,6065,0,1,0,1,0,0.6,0.0,2025-Jan-29-23:36:35.486740
0.7190205031455159,6066,-3,1,0,0,0,0.0,0.0,2025-Jan-29-23:36:35.532551
0.7040048287490615,6067,0,1,0,0,0,0.0,0.0,2025-Jan-29-23:36:35.613880
0.7040048287490615,6068,0,1,0,0,0,0.0,0.0,2025-Jan-29-23:36:35.715358
0.7190205031455159,6069,-3,1,0,0,0,0.0,0.0,2025-Jan-29-23:36:35.801152
0.7040048287490615,6070,0,1,0,0,0,0.0,0.0,2025-Jan-29-23:36:35.861316
0.7190205031455159,6071,-3,1,0,0,0,0.0,0.0,2025-Jan-29-23:36:35.914119
0.7190205031455159,6072,-3,1,0,0,0,0.0,0.0,2025-Jan-29-23:36:35.961111
0.7190205031455159,6073,-3,1,0,0,0,0.0,0.0,2025-Jan-29-23:36:36.011018
0.7190205031455159,6074,-3,1,0,0,0,0.0,0.0,2025-Jan-29-23:36:36.060702
0.7190205031455159,6075,-3,1,0,0,0,0.0,0.0,2025-Jan-29-23:36:36.107912
0.7040048287490615,6076,0,1,0,0,0,0.0,0.0,2025-Jan-29-23:36:36.165210
0.7040048287490615,6077,0,1,0,0,0,0.0,0.0,2025-Jan-29-23:36:36.221435
0.7190205031455159,6078,-3,1,0,0,0,0.0,0.0,2025-Jan-29-23:36:36.266360
0.5426183696016111,6079,-3,1,0,1,0,1.4000000000000001,0.0,2025-Jan-29-23:36:36.342699
0.7190205031455159,6080,-3,1,0,0,0,0.0,0.0,2025-Jan-29-23:36:36.389010
0.7190205031455159,6081,-3,1,0,0,0,0.0,0.0,2025-Jan-29-23:36:36.433423
0.7040048306826437,6082,0,1,0,-1,0,0.0,0.0,2025-Jan-29-23:36:36.494105
0.7489822891669069,6083,-3,1,0,-1,0,0.0,0.0,2025-Jan-29-23:36:36.574458
0.7190205031455159,6084,-3,1,0,0,0,0.0,0.0,2025-Jan-29-23:36:36.668540
0.7040048287490615,6085,0,1,0,0,0,0.0,0.0,2025-Jan-29-23:36:36.761750
0.7190204897844568,6086,-3,1,0,0,1,0.0,0.1,2025-Jan-29-23:36:36.848217
0.7190205031455159,6087,-3,1,0,0,0,0.0,0.0,2025-Jan-29-23:36:36.893303
0.7040048149789969,6088,0,1,0,0,1,0.0,1.8000000000000003,2025-Jan-29-23:36:36.954216
0.7040048140526418,6089,0,1,0,0,1,0.0,1.9000000000000001,2025-Jan-29-23:36:37.011083
0.7190205031455159,6090,-3,1,0,0,0,0.0,0.0,2025-Jan-29-23:36:37.056236
0.7040048149753934,6091,0,1,0,0,1,0.0,0.8,2025-Jan-29-23:36:37.113599
0.7040048148874392,6092,0,1,0,0,1,0.0,0.6,2025-Jan-29-23:36:37.171885
0.7190205031455159,6093,-3,1,0,0,0,0.0,0.0,2025-Jan-29-23:36:37.217731
0.7190205031455159,6094,-3,1,0,0,0,0.0,0.0,2025-Jan-29-23:36:37.263589
0.7190205031455159,6095,-3,1,0,0,0,0.0,0.0,2025-Jan-29-23:36:37.309186
0.7190205031455159,6096,-3,1,0,0,0,0.0,0.0,2025-Jan-29-23:36:37.355163
0.7040048287490615,6097,0,1,0,0,0,0.0,0.0,2025-Jan-29-23:36:37.412400
0.7040048287490615,6098,0,1,0,0,0,0.0,0.0,2025-Jan-29-23:36:37.473604
0.7190205031455159,6099,-3,1,0,0,0,0.0,0.0,2025-Jan-29-23:36:37.518633
0.7040048287490615,6100,0,1,0,0,0,0.0,0.0,2025-Jan-29-23:36:37.598341
0.7040048287490615,6101,0,1,0,0,0,0.0,0.0,2025-Jan-29-23:36:37.697626
0.7040048287490615,6102,0,1,0,0,0,0.0,0.0,2025-Jan-29-23:36:37.796730
0.7040048287490615,6103,0,1,0,0,0,0.0,0.0,2025-Jan-29-23:36:37.857819
0.5426199054488166,6104,-3,1,0,1,0,1.9000000000000001,0.0,2025-Jan-29-23:36:37.926783
0.7190205031455159,6105,-3,1,0,0,0,0.0,0.0,2025-Jan-29-23:36:37.968356
0.7040048287490615,6106,0,1,0,0,0,0.0,0.0,2025-Jan-29-23:36:38.138170
0.7040048287490615,6107,0,1,0,0,0,0.0,0.0,2025-Jan-29-23:36:38.191156
0.7190205031455159,6108,-3,1,0,0,0,0.0,0.0,2025-Jan-29-23:36:38.232498
0.7190205031455159,6109,-3,1,0,0,0,0.0,0.0,2025-Jan-29-23:36:38.273843
0.7040048287490615,6110,0,1,0,0,0,0.0,0.0,2025-Jan-29-23:36:38.327922
0.7190205031455159,6111,-3,1,0,0,0,0.0,0.0,2025-Jan-29-23:36:38.375654
0.7040048287490615,6112,0,1,0,0,0,0.0,0.0,2025-Jan-29-23:36:38.427860
0.7040048287490615,6113,0,1,0,0,0,0.0,0.0,2025-Jan-29-23:36:38.479713
0.7190205031455159,6114,-3,1,0,0,0,0.0,0.0,2025-Jan-29-23:36:38.524389
0.7040048287490615,6115,0,1,0,0,0,0.0,0.0,2025-Jan-29-23:36:38.591783
0.5426199054488166,6116,-3,1,0,1,0,1.9000000000000001,0.0,2025-Jan-29-23:36:38.690258
0.7190205031455159,6117,-3,1,0,0,0,0.0,0.0,2025-Jan-29-23:36:38.763835
0.7040048287490615,6118,0,1,0,0,0,0.0,0.0,2025-Jan-29-23:36:38.820992
0.7190205031455159,6119,-3,1,0,0,0,0.0,0.0,2025-Jan-29-23:36:38.865773
0.7190205031455159,6120,-3,1,0,0,0,0.0,0.0,2025-Jan-29-23:36:38.907972
0.7040048287490615,6121,0,1,0,0,0,0.0,0.0,2025-Jan-29-23:36:38.959651
0.7489822891669069,6122,-3,1,0,-1,0,0.0,0.0,2025-Jan-29-23:36:39.014068
0.7190205031455159,6123,-3,1,0,0,0,0.0,0.0,2025-Jan-29-23:36:39.060134
0.7040048287490615,6124,0,1,0,0,0,0.0,0.0,2025-Jan-29-23:36:39.114591
0.7040048287490615,6125,0,1,0,0,0,0.0,0.0,2025-Jan-29-23:36:39.167784
0.7040048287490615,6126,0,1,0,0,0,0.0,0.0,2025-Jan-29-23:36:39.221388
0.7040048140479387,6127,0,1,0,0,1,0.0,1.4000000000000001,2025-Jan-29-23:36:39.274954
0.7040048140526418,6128,0,1,0,0,1,0.0,1.9000000000000001,2025-Jan-29-23:36:39.331442
0.7190205031455159,6129,-3,1,0,0,0,0.0,0.0,2025-Jan-29-23:36:39.376927
0.7040048287490615,6130,0,1,0,0,0,0.0,0.0,2025-Jan-29-23:36:39.430377
1.05900546881293,6131,0,1,1,0,0,0.0,0.0,2025-Jan-29-23:36:39.483771
0.7190205031455159,6132,-3,1,0,0,0,0.0,0.0,2025-Jan-29-23:36:39.526356
0.7040048140479387,6133,0,1,0,0,1,0.0,1.4000000000000001,2025-Jan-29-23:36:39.598364
0.7040048287490615,6134,0,1,0,0,0,0.0,0.0,2025-Jan-29-23:36:39.683788
0.7190205031455159,6135,-3,1,0,0,0,0.0,0.0,2025-Jan-29-23:36:39.759971
0.7040048287490615,6136,0,1,0,0,0,0.0,0.0,2025-Jan-29-23:36:39.818532
0.7190205031455159,6137,-3,1,0,0,0,0.0,0.0,2025-Jan-29-23:36:39.862963
0.7190205031455159,6138,-3,1,0,0,0,0.0,0.0,2025-Jan-29-23:36:39.910541
0.7190205031455159,6139,-3,1,0,0,0,0.0,0.0,2025-Jan-29-23:36:39.955320
1.05900546881293,6140,0,1,1,0,0,0.0,0.0,2025-Jan-29-23:36:40.007420
0.7190205031455159,6141,-3,1,0,0,0,0.0,0.0,2025-Jan-29-23:36:40.049325
0.7190205031455159,6142,-3,1,0,0,0,0.0,0.0,2025-Jan-29-23:36:40.095467
0.7190205031455159,6143,-3,1,0,0,0,0.0,0.0,2025-Jan-29-23:36:40.138620
0.7190205031455159,6144,-3,1,0,0,0,0.0,0.0,2025-Jan-29-23:36:40.180142
0.7190205031455159,6145,-3,1,0,0,0,0.0,0.0,2025-Jan-29-23:36:40.221010
1.0740211432420042,6146,-3,1,1,0,0,0.0,0.0,2025-Jan-29-23:36:40.262750
0.7190205031455159,6147,-3,1,0,0,0,0.0,0.0,2025-Jan-29-23:36:40.305731
0.7040048287490615,6148,0,1,0,0,0,0.0,0.0,2025-Jan-29-23:36:40.362508
0.7190205031455159,6149,-3,1,0,0,0,0.0,0.0,2025-Jan-29-23:36:40.405070
0.7190205031455159,6150,-3,1,0,0,0,0.0,0.0,2025-Jan-29-23:36:40.446818
0.5426186625833034,6151,-3,1,0,1,1,1.5000000000000002,0.5,2025-Jan-29-23:36:40.527909
0.5426186623347535,6152,-3,1,0,1,1,1.5000000000000002,1.3000000000000003,2025-Jan-29-23:36:40.635559
0.7190205031455159,6153,-3,1,0,0,0,0.0,0.0,2025-Jan-29-23:36:40.704328
0.7040048287490615,6154,0,1,0,0,0,0.0,0.0,2025-Jan-29-23:36:40.784003
0.7040048287490615,6155,0,1,0,0,0,0.0,0.0,2025-Jan-29-23:36:40.839410
0.7190205031455159,6156,-3,1,0,0,0,0.0,0.0,2025-Jan-29-23:36:40.987214
0.7040048287490615,6157,0,1,0,0,0,0.0,0.0,2025-Jan-29-23:36:41.040281
0.7040048287490615,6158,0,1,0,0,0,0.0,0.0,2025-Jan-29-23:36:41.096061
0.7190205031455159,6159,-3,1,0,0,0,0.0,0.0,2025-Jan-29-23:36:41.140024
0.719020489622653,6160,-3,1,0,0,1,0.0,1.9000000000000001,2025-Jan-29-23:36:41.192163
0.7489822891669069,6161,-3,1,0,-1,0,0.0,0.0,2025-Jan-29-23:36:41.246273
0.7190205031455159,6162,-3,1,0,0,0,0.0,0.0,2025-Jan-29-23:36:41.291891
0.5630879629572711,6163,-3,1,0,1,1,1.1,1.2000000000000002,2025-Jan-29-23:36:41.348299
0.7040048023558846,6164,0,1,0,1,1,0.8,0.2,2025-Jan-29-23:36:41.407773
0.7190205031455159,6165,-3,1,0,0,0,0.0,0.0,2025-Jan-29-23:36:41.451354
0.7190205031455159,6166,-3,1,0,0,0,0.0,0.0,2025-Jan-29-23:36:41.495917
0.7040048287490615,6167,0,1,0,0,0,0.0,0.0,2025-Jan-29-23:36:41.563077
0.7190205031455159,6168,-3,1,0,0,0,0.0,0.0,2025-Jan-29-23:36:41.644697
0.5426189819003882,6169,-3,1,0,1,0,1.6,0.0,2025-Jan-29-23:36:41.763683
0.5426199054488166,6170,-3,1,0,1,0,1.9000000000000001,0.0,2025-Jan-29-23:36:41.853201
0.7040048287490615,6171,0,1,0,0,0,0.0,0.0,2025-Jan-29-23:36:41.910333
0.7040048287490615,6172,0,1,0,0,0,0.0,0.0,2025-Jan-29-23:36:41.964367
0.7190205031455159,6173,-3,1,0,0,0,0.0,0.0,2025-Jan-29-23:36:42.006874
0.7190205031455159,6174,-3,1,0,0,0,0.0,0.0,2025-Jan-29-23:36:42.049818
0.7040048287490615,6175,0,1,0,0,0,0.0,0.0,2025-Jan-29-23:36:42.108872
0.7040048287490615,6176,0,1,0,0,0,0.0,0.0,2025-Jan-29-23:36:42.163787
0.7190205031455159,6177,-3,1,0,0,0,0.0,0.0,2025-Jan-29-23:36:42.208427
0.7190205031455159,6178,-3,1,0,0,0,0.0,0.0,2025-Jan-29-23:36:42.251485
0.7040048287490615,6179,0,1,0,0,0,0.0,0.0,2025-Jan-29-23:36:42.307247
0.7190205031455159,6180,-3,1,0,0,0,0.0,0.0,2025-Jan-29-23:36:42.354384
0.6056174413729246,6181,-3,1,0,1,0,0.8,0.0,2025-Jan-29-23:36:42.400079
0.5772646672821861,6182,-3,1,0,1,0,1.0,0.0,2025-Jan-29-23:36:42.444254
0.7040048306826437,6183,0,1,0,-1,0,0.0,0.0,2025-Jan-29-23:36:42.498559
0.7040048287490615,6184,0,1,0,0,0,0.0,0.0,2025-Jan-29-23:36:42.572007
0.7040048287490615,6185,0,1,0,0,0,0.0,0.0,2025-Jan-29-23:36:42.663821
0.7190205031455159,6186,-3,1,0,0,0,0.0,0.0,2025-Jan-29-23:36:42.743776
0.7040048151319986,6187,0,1,0,0,1,0.0,0.2,2025-Jan-29-23:36:42.825612
0.7040048287490615,6188,0,1,0,0,0,0.0,0.0,2025-Jan-29-23:36:42.883272
0.7190205031455159,6189,-3,1,0,0,0,0.0,0.0,2025-Jan-29-23:36:42.926767
0.7040048287490615,6190,0,1,0,0,0,0.0,0.0,2025-Jan-29-23:36:42.979768
0.7190205031455159,6191,-3,1,0,0,0,0.0,0.0,2025-Jan-29-23:36:43.026038
0.7040048287490615,6192,0,1,0,0,0,0.0,0.0,2025-Jan-29-23:36:43.084481
0.7040048287490615,6193,0,1,0,0,0,0.0,0.0,2025-Jan-29-23:36:43.139367
0.7040048306826437,6194,0,1,0,-1,0,0.0,0.0,2025-Jan-29-23:36:43.193755
0.7190205031455159,6195,-3,1,0,0,0,0.0,0.0,2025-Jan-29-23:36:43.236517
0.5426180642548899,6196,-3,1,0,1,0,1.3000000000000003,0.0,2025-Jan-29-23:36:43.309298
0.7190205031455159,6197,-3,1,0,0,0,0.0,0.0,2025-Jan-29-23:36:43.353446
0.7040048287490615,6198,0,1,0,0,0,0.0,0.0,2025-Jan-29-23:36:43.408125
0.7040048287490615,6199,0,1,0,0,0,0.0,0.0,2025-Jan-29-23:36:43.461291
0.7040048287490615,6200,0,1,0,0,0,0.0,0.0,2025-Jan-29-23:36:43.516859
0.7190205031455159,6201,-3,1,0,0,0,0.0,0.0,2025-Jan-29-23:36:43.585364
0.7040048287490615,6202,0,1,0,0,0,0.0,0.0,2025-Jan-29-23:36:43.667546
0.7040048287490615,6203,0,1,0,0,0,0.0,0.0,2025-Jan-29-23:36:43.745382
0.7190205031455159,6204,-3,1,0,0,0,0.0,0.0,2025-Jan-29-23:36:43.806026
0.7040048287490615,6205,0,1,0,0,0,0.0,0.0,2025-Jan-29-23:36:43.861615
0.7040048287490615,6206,0,1,0,0,0,0.0,0.0,2025-Jan-29-23:36:43.915974
0.7190205031455159,6207,-3,1,0,0,0,0.0,0.0,2025-Jan-29-23:36:43.958563
0.7190204891826966,6208,-3,1,0,0,1,0.0,1.8000000000000003,2025-Jan-29-23:36:44.017012
0.719020489622653,6209,-3,1,0,0,1,0.0,1.9000000000000001,2025-Jan-29-23:36:44.074379
0.7190205031455159,6210,-3,1,0,0,0,0.0,0.0,2025-Jan-29-23:36:44.121452
0.7040048287490615,6211,0,1,0,0,0,0.0,0.0,2025-Jan-29-23:36:44.175008
1.0740211464044855,6212,-3,1,1,0,-1,0.0,0.0,2025-Jan-29-23:36:44.217184
0.7190205031455159,6213,-3,1,0,0,0,0.0,0.0,2025-Jan-29-23:36:44.258999
0.7040048161171393,6214,0,1,0,1,0,0.6,0.0,2025-Jan-29-23:36:44.315403
0.7040048306826437,6215,0,1,0,-1,0,0.0,0.0,2025-Jan-29-23:36:44.373209
0.7190205031455159,6216,-3,1,0,0,0,0.0,0.0,2025-Jan-29-23:36:44.417249
0.7040048287490615,6217,0,1,0,0,0,0.0,0.0,2025-Jan-29-23:36:44.470475
0.7040048287490615,6218,0,1,0,0,0,0.0,0.0,2025-Jan-29-23:36:44.524061
0.7190205031455159,6219,-3,1,0,0,0,0.0,0.0,2025-Jan-29-23:36:44.587025
0.7040048287490615,6220,0,1,0,0,0,0.0,0.0,2025-Jan-29-23:36:44.663836
0.7040048287490615,6221,0,1,0,0,0,0.0,0.0,2025-Jan-29-23:36:44.754737
0.7190205031455159,6222,-3,1,0,0,0,0.0,0.0,2025-Jan-29-23:36:44.932366
0.7190205031455159,6223,-3,1,0,0,0,0.0,0.0,2025-Jan-29-23:36:44.975557
0.7489822891669069,6224,-3,1,0,-1,0,0.0,0.0,2025-Jan-29-23:36:45.030048
0.7190205031455159,6225,-3,1,0,0,0,0.0,0.0,2025-Jan-29-23:36:45.076800
0.7040048287490615,6226,0,1,0,0,0,0.0,0.0,2025-Jan-29-23:36:45.130611
0.7040048287490615,6227,0,1,0,0,0,0.0,0.0,2025-Jan-29-23:36:45.183205
0.7190205031455159,6228,-3,1,0,0,0,0.0,0.0,2025-Jan-29-23:36:45.225657
0.5426183696016111,6229,-3,1,0,1,0,1.4000000000000001,0.0,2025-Jan-29-23:36:45.296860
0.7040048153136429,6230,0,1,0,1,0,1.4000000000000001,0.0,2025-Jan-29-23:36:45.353097
0.7190205031455159,6231,-3,1,0,0,0,0.0,0.0,2025-Jan-29-23:36:45.398937
0.7040048306826437,6232,0,1,0,-1,0,0.0,0.0,2025-Jan-29-23:36:45.452076
0.7040048306826437,6233,0,1,0,-1,0,0.0,0.0,2025-Jan-29-23:36:45.504730
0.7190205031455159,6234,-3,1,0,0,0,0.0,0.0,2025-Jan-29-23:36:45.546601
0.7040048287490615,6235,0,1,0,0,0,0.0,0.0,2025-Jan-29-23:36:45.648324
0.7040048287490615,6236,0,1,0,0,0,0.0,0.0,2025-Jan-29-23:36:45.733501
0.7190205031455159,6237,-3,1,0,0,0,0.0,0.0,2025-Jan-29-23:36:45.803548
0.7040048140526418,6238,0,1,0,0,1,0.0,1.9000000000000001,2025-Jan-29-23:36:45.859857
0.7040048140479387,6239,0,1,0,0,1,0.0,1.4000000000000001,2025-Jan-29-23:36:45.914779
0.7190205031455159,6240,-3,1,0,0,0,0.0,0.0,2025-Jan-29-23:36:45.956989
0.7040048148874392,6241,0,1,0,0,1,0.0,0.6,2025-Jan-29-23:36:46.011367
1.0740211464044855,6242,-3,1,1,0,-1,0.0,0.0,2025-Jan-29-23:36:46.053643
0.7190205031455159,6243,-3,1,0,0,0,0.0,0.0,2025-Jan-29-23:36:46.110973
0.7190205031455159,6244,-3,1,0,0,0,0.0,0.0,2025-Jan-29-23:36:46.153939
0.719020489874709,6245,-3,1,0,0,1,0.0,0.6,2025-Jan-29-23:36:46.206894
0.7040048287490615,6246,0,1,0,0,0,0.0,0.0,2025-Jan-29-23:36:46.261673
0.7040048287490615,6247,0,1,0,0,0,0.0,0.0,2025-Jan-29-23:36:46.319127
0.7190205063079972,6248,-3,1,0,0,-1,0.0,0.0,2025-Jan-29-23:36:46.363363
0.7190205031455159,6249,-3,1,0,0,0,0.0,0.0,2025-Jan-29-23:36:46.411933
0.7040048287490615,6250,0,1,0,0,0,0.0,0.0,2025-Jan-29-23:36:46.465109
0.7040048287490615,6251,0,1,0,0,0,0.0,0.0,2025-Jan-29-23:36:46.520531
0.7190205031455159,6252,-3,1,0,0,0,0.0,0.0,2025-Jan-29-23:36:46.587050
0.5426199054488166,6253,-3,1,0,1,0,1.9000000000000001,0.0,2025-Jan-29-23:36:46.692831
0.5426192891170338,6254,-3,1,0,1,0,1.7000000000000002,0.0,2025-Jan-29-23:36:46.790244
0.7040048287490615,6255,0,1,0,0,0,0.0,0.0,2025-Jan-29-23:36:46.846393
0.7040048287490615,6256,0,1,0,0,0,0.0,0.0,2025-Jan-29-23:36:46.899909
0.7040048287490615,6257,0,1,0,0,0,0.0,0.0,2025-Jan-29-23:36:46.953623
0.7190205031455159,6258,-3,1,0,0,0,0.0,0.0,2025-Jan-29-23:36:46.995194
0.7040048287490615,6259,0,1,0,0,0,0.0,0.0,2025-Jan-29-23:36:47.048209
0.7040048140526418,6260,0,1,0,0,1,0.0,1.9000000000000001,2025-Jan-29-23:36:47.105845
0.7190205031455159,6261,-3,1,0,0,0,0.0,0.0,2025-Jan-29-23:36:47.150178
0.7040048287490615,6262,0,1,0,0,0,0.0,0.0,2025-Jan-29-23:36:47.202314
0.7040048308487874,6263,0,1,0,0,-1,0.0,0.0,2025-Jan-29-23:36:47.254508
0.7190205031455159,6264,-3,1,0,0,0,0.0,0.0,2025-Jan-29-23:36:47.298814
0.54261959709011,6265,-3,1,0,1,0,1.8000000000000003,0.0,2025-Jan-29-23:36:47.377023
0.5426189819003882,6266,-3,1,0,1,0,1.6,0.0,2025-Jan-29-23:36:47.448200
0.7190205031455159,6267,-3,1,0,0,0,0.0,0.0,2025-Jan-29-23:36:47.490597
0.7040048287490615,6268,0,1,0,0,0,0.0,0.0,2025-Jan-29-23:36:47.543212
0.7040048287490615,6269,0,1,0,0,0,0.0,0.0,2025-Jan-29-23:36:47.612004
0.7190205031455159,6270,-3,1,0,0,0,0.0,0.0,2025-Jan-29-23:36:47.684009
0.7040048287490615,6271,0,1,0,0,0,0.0,0.0,2025-Jan-29-23:36:47.787740
0.7040048287490615,6272,0,1,0,0,0,0.0,0.0,2025-Jan-29-23:36:47.842965
0.7190205031455159,6273,-3,1,0,0,0,0.0,0.0,2025-Jan-29-23:36:47.886687
0.7040048287490615,6274,0,1,0,0,0,0.0,0.0,2025-Jan-29-23:36:47.940971
0.7190205031455159,6275,-3,1,0,0,0,0.0,0.0,2025-Jan-29-23:36:47.982621
0.7190205031455159,6276,-3,1,0,0,0,0.0,0.0,2025-Jan-29-23:36:48.023379
0.7040048140479387,6277,0,1,0,0,1,0.0,1.4000000000000001,2025-Jan-29-23:36:48.079545
0.7040048140526418,6278,0,1,0,0,1,0.0,1.9000000000000001,2025-Jan-29-23:36:48.136482
0.7190205031455159,6279,-3,1,0,0,0,0.0,0.0,2025-Jan-29-23:36:48.295105
0.7040048287490615,6280,0,1,0,0,0,0.0,0.0,2025-Jan-29-23:36:48.351909
0.7190205031455159,6281,-3,1,0,0,0,0.0,0.0,2025-Jan-29-23:36:48.394215
0.7190205031455159,6282,-3,1,0,0,0,0.0,0.0,2025-Jan-29-23:36:48.436649
