Cost,Sim,Switch_State_Indx,Gen1_on,Gen2_on,Batt1_mode,Batt2_mode,Batt1_power_kW,Batt2_power_kW,Timestamp
0.5426186628180119,6283,-3,1,0,1,1,1.5000000000000002,1.2000000000000002,2025-Jan-29-23:36:48.514820
1.0740211432420042,6284,-3,1,1,0,0,0.0,0.0,2025-Jan-29-23:36:48.579141
0.9889700511242011,6285,-3,1,1,1,-1,0.6,0.0,2025-Jan-29-23:36:48.662100
0.7489822749024629,6286,-3,1,0,-1,1,0.0,0.1,2025-Jan-29-23:36:48.779958
0.7489822891669069,6287,-3,1,0,-1,0,0.0,0.0,2025-Jan-29-23:36:48.837126
1.1113749487582494,6288,-3,1,1,-1,0,0.0,0.0,2025-Jan-29-23:36:48.893834
1.0590054559728004,6289,0,1,1,1,0,1.7000000000000002,0.0,2025-Jan-29-23:36:48.947603
0.5426180513319987,6290,-3,1,0,1,1,1.3000000000000003,0.30000000000000004,2025-Jan-29-23:36:49.023179
0.7563743116923222,6291,-3,1,0,-1,-1,0.0,0.0,2025-Jan-29-23:36:49.080736
0.7190205063079972,6292,-3,1,0,0,-1,0.0,0.0,2025-Jan-29-23:36:49.127031
0.7190204893192401,6293,-3,1,0,0,1,0.0,0.8,2025-Jan-29-23:36:49.189974
1.0740211432420042,6294,-3,1,1,0,0,0.0,0.0,2025-Jan-29-23:36:49.239305
0.7190205031455159,6295,-3,1,0,0,0,0.0,0.0,2025-Jan-29-23:36:49.283954
1.1113749487582494,6296,-3,1,1,-1,0,0.0,0.0,2025-Jan-29-23:36:49.338835
1.059005470912656,6297,0,1,1,0,-1,0.0,0.0,2025-Jan-29-23:36:49.392071
1.0740211432420042,6298,-3,1,1,0,0,0.0,0.0,2025-Jan-29-23:36:49.434498
1.074021130066558,6299,-3,1,1,0,1,0.0,1.7000000000000002,2025-Jan-29-23:36:49.487850
0.9039117241464883,6300,-3,1,1,1,-1,1.2000000000000002,0.0,2025-Jan-29-23:36:49.529536
0.7563742951109366,6301,-3,1,0,-1,1,0.0,1.8000000000000003,2025-Jan-29-23:36:49.628410
1.0740211294157285,6302,-3,1,1,0,1,0.0,0.8,2025-Jan-29-23:36:49.712673
1.1039829148870606,6303,-3,1,1,-1,1,0.0,1.2000000000000002,2025-Jan-29-23:36:49.813860
0.633969411017576,6304,-3,1,0,1,-1,0.6,0.0,2025-Jan-29-23:36:49.858455
1.0740211297586115,6305,-3,1,1,0,1,0.0,1.4000000000000001,2025-Jan-29-23:36:49.918452
0.7190205031455159,6306,-3,1,0,0,0,0.0,0.0,2025-Jan-29-23:36:49.962836
0.7190204898199815,6307,-3,1,0,0,1,0.0,0.30000000000000004,2025-Jan-29-23:36:50.018792
0.7563742950992911,6308,-3,1,0,-1,1,0.0,1.1,2025-Jan-29-23:36:50.095133
0.5489110840296278,6309,-3,1,0,1,-1,1.2000000000000002,0.0,2025-Jan-29-23:36:50.139020
1.1113749487582494,6310,-3,1,1,-1,0,0.0,0.0,2025-Jan-29-23:36:50.196422
1.1113749487582494,6311,-3,1,1,-1,0,0.0,0.0,2025-Jan-29-23:36:50.255098
0.6764958527894045,6312,-3,1,0,1,0,0.30000000000000004,0.0,2025-Jan-29-23:36:50.302300
1.0740211464044855,6313,-3,1,1,0,-1,0.0,0.0,2025-Jan-29-23:36:50.350119
0.5426199054488166,6314,-3,1,0,1,0,1.9000000000000001,0.0,2025-Jan-29-23:36:50.431954
1.0740211432420042,6315,-3,1,1,0,0,0.0,0.0,2025-Jan-29-23:36:50.481569
1.0740211464044855,6316,-3,1,1,0,-1,0.0,0.0,2025-Jan-29-23:36:50.531765
0.7563743116923222,6317,-3,1,0,-1,-1,0.0,0.0,2025-Jan-29-23:36:50.643681
1.1113749487582494,6318,-3,1,1,-1,0,0.0,0.0,2025-Jan-29-23:36:50.740086
0.5426189819003882,6319,-3,1,0,1,0,1.6,0.0,2025-Jan-29-23:36:50.842580
1.0740211432420042,6320,-3,1,1,0,0,0.0,0.0,2025-Jan-29-23:36:50.889546
1.0740211432420042,6321,-3,1,1,0,0,0.0,0.0,2025-Jan-29-23:36:50.936487
0.7563743116923222,6322,-3,1,0,-1,-1,0.0,0.0,2025-Jan-29-23:36:50.996143
0.5426186754555834,6323,-3,1,0,1,0,1.5000000000000002,0.0,2025-Jan-29-23:36:51.072715
0.6056174282907758,6324,-3,1,0,1,1,0.8,0.30000000000000004,2025-Jan-29-23:36:51.131933
0.5426199092930079,6325,-3,1,0,1,-1,1.9000000000000001,0.0,2025-Jan-29-23:36:51.210146
1.0740211432420042,6326,-3,1,1,0,0,0.0,0.0,2025-Jan-29-23:36:51.256036
1.0740211432420042,6327,-3,1,1,0,0,0.0,0.0,2025-Jan-29-23:36:51.302405
0.9889700476353208,6328,-3,1,1,1,0,0.6,0.0,2025-Jan-29-23:36:51.353528
0.6056174413729246,6329,-3,1,0,1,0,0.8,0.0,2025-Jan-29-23:36:51.400645
1.0740211432420042,6330,-3,1,1,0,0,0.0,0.0,2025-Jan-29-23:36:51.454310
0.7190205031455159,6331,-3,1,0,0,0,0.0,0.0,2025-Jan-29-23:36:51.504638
0.6906709392213018,6332,-3,1,0,1,-1,0.2,0.0,2025-Jan-29-23:36:51.596077
1.1113749487582494,6333,-3,1,1,-1,0,0.0,0.0,2025-Jan-29-23:36:51.713153
1.0740211432420042,6334,-3,1,1,0,0,0.0,0.0,2025-Jan-29-23:36:51.812946
0.7190205031455159,6335,-3,1,0,0,0,0.0,0.0,2025-Jan-29-23:36:52.024224
1.0740211432420042,6336,-3,1,1,0,0,0.0,0.0,2025-Jan-29-23:36:52.073304
0.9889700511242011,6337,-3,1,1,1,-1,0.6,0.0,2025-Jan-29-23:36:52.120698
1.00314572929783,6338,-3,1,1,1,0,0.5,0.0,2025-Jan-29-23:36:52.168288
0.9889700511242011,6339,-3,1,1,1,-1,0.6,0.0,2025-Jan-29-23:36:52.215408
0.7489822749024629,6340,-3,1,0,-1,1,0.0,0.1,2025-Jan-29-23:36:52.297050
0.7190205031455159,6341,-3,1,0,0,0,0.0,0.0,2025-Jan-29-23:36:52.345304
0.7489822749024629,6342,-3,1,0,-1,1,0.0,0.1,2025-Jan-29-23:36:52.427516
0.7190205031455159,6343,-3,1,0,0,0,0.0,0.0,2025-Jan-29-23:36:52.475207
0.7489822891669069,6344,-3,1,0,-1,0,0.0,0.0,2025-Jan-29-23:36:52.533326
0.7489822891669069,6345,-3,1,0,-1,0,0.0,0.0,2025-Jan-29-23:36:52.618129
1.0740211432420042,6346,-3,1,1,0,0,0.0,0.0,2025-Jan-29-23:36:52.696167
1.1113749487582494,6347,-3,1,1,-1,0,0.0,0.0,2025-Jan-29-23:36:52.808309
1.1113749487582494,6348,-3,1,1,-1,0,0.0,0.0,2025-Jan-29-23:36:52.868892
0.7040048287490615,6349,0,1,0,0,0,0.0,0.0,2025-Jan-29-23:36:52.926351
1.0590054559728004,6350,0,1,1,1,0,1.7000000000000002,0.0,2025-Jan-29-23:36:52.984271
0.7040048306826437,6351,0,1,0,-1,0,0.0,0.0,2025-Jan-29-23:36:53.040664
0.7563743116923222,6352,-3,1,0,-1,-1,0.0,0.0,2025-Jan-29-23:36:53.101478
0.5426180513319987,6353,-3,1,0,1,1,1.3000000000000003,0.30000000000000004,2025-Jan-29-23:36:53.189559
0.7489822891669069,6354,-3,1,0,-1,0,0.0,0.0,2025-Jan-29-23:36:53.252295
0.7563743116923222,6355,-3,1,0,-1,-1,0.0,0.0,2025-Jan-29-23:36:53.310359
0.7489822891669069,6356,-3,1,0,-1,0,0.0,0.0,2025-Jan-29-23:36:53.369007
0.7563743116923222,6357,-3,1,0,-1,-1,0.0,0.0,2025-Jan-29-23:36:53.427663
0.7190205063079972,6358,-3,1,0,0,-1,0.0,0.0,2025-Jan-29-23:36:53.475144
0.7190205031455159,6359,-3,1,0,0,0,0.0,0.0,2025-Jan-29-23:36:53.521989
0.7190205063079972,6360,-3,1,0,0,-1,0.0,0.0,2025-Jan-29-23:36:53.607714
0.7190204893192401,6361,-3,1,0,0,1,0.0,0.8,2025-Jan-29-23:36:53.699475
0.7190204893192401,6362,-3,1,0,0,1,0.0,0.8,2025-Jan-29-23:36:53.800026
0.7190205031455159,6363,-3,1,0,0,0,0.0,0.0,2025-Jan-29-23:36:53.850719
1.0740211432420042,6364,-3,1,1,0,0,0.0,0.0,2025-Jan-29-23:36:53.896457
1.0740211432420042,6365,-3,1,1,0,0,0.0,0.0,2025-Jan-29-23:36:53.942498
0.7190205031455159,6366,-3,1,0,0,0,0.0,0.0,2025-Jan-29-23:36:53.988184
0.7190205031455159,6367,-3,1,0,0,0,0.0,0.0,2025-Jan-29-23:36:54.034163
0.7190205031455159,6368,-3,1,0,0,0,0.0,0.0,2025-Jan-29-23:36:54.079612
0.7190205031455159,6369,-3,1,0,0,0,0.0,0.0,2025-Jan-29-23:36:54.127983
1.1113749487582494,6370,-3,1,1,-1,0,0.0,0.0,2025-Jan-29-23:36:54.185874
1.1113749487582494,6371,-3,1,1,-1,0,0.0,0.0,2025-Jan-29-23:36:54.244906
1.1113749487582494,6372,-3,1,1,-1,0,0.0,0.0,2025-Jan-29-23:36:54.303360
0.7040048287490615,6373,0,1,0,0,0,0.0,0.0,2025-Jan-29-23:36:54.359876
1.059005470912656,6374,0,1,1,0,-1,0.0,0.0,2025-Jan-29-23:36:54.416468
1.059005470912656,6375,0,1,1,0,-1,0.0,0.0,2025-Jan-29-23:36:54.475646
0.7190205031455159,6376,-3,1,0,0,0,0.0,0.0,2025-Jan-29-23:36:54.521027
1.0740211432420042,6377,-3,1,1,0,0,0.0,0.0,2025-Jan-29-23:36:54.598434
1.0740211432420042,6378,-3,1,1,0,0,0.0,0.0,2025-Jan-29-23:36:54.845986
1.0740211464044855,6379,-3,1,1,0,-1,0.0,0.0,2025-Jan-29-23:36:54.926532
1.074021130066558,6380,-3,1,1,0,1,0.0,1.7000000000000002,2025-Jan-29-23:36:55.006047
0.7190204900498527,6381,-3,1,0,0,1,0.0,1.6,2025-Jan-29-23:36:55.063491
0.7190205031455159,6382,-3,1,0,0,0,0.0,0.0,2025-Jan-29-23:36:55.109080
0.9039117241464883,6383,-3,1,1,1,-1,1.2000000000000002,0.0,2025-Jan-29-23:36:55.154363
0.9039117241464883,6384,-3,1,1,1,-1,1.2000000000000002,0.0,2025-Jan-29-23:36:55.203294
0.7190205031455159,6385,-3,1,0,0,0,0.0,0.0,2025-Jan-29-23:36:55.249053
0.7489822891669069,6386,-3,1,0,-1,0,0.0,0.0,2025-Jan-29-23:36:55.306466
0.7563742951109366,6387,-3,1,0,-1,1,0.0,1.8000000000000003,2025-Jan-29-23:36:55.386615
1.0740211294157285,6388,-3,1,1,0,1,0.0,0.8,2025-Jan-29-23:36:55.445287
1.0740211294157285,6389,-3,1,1,0,1,0.0,0.8,2025-Jan-29-23:36:55.501900
1.0740211294157285,6390,-3,1,1,0,1,0.0,0.8,2025-Jan-29-23:36:55.575790
1.1039829148870606,6391,-3,1,1,-1,1,0.0,1.2000000000000002,2025-Jan-29-23:36:55.691099
1.1039829148870606,6392,-3,1,1,-1,1,0.0,1.2000000000000002,2025-Jan-29-23:36:55.803055
1.1039829148870606,6393,-3,1,1,-1,1,0.0,1.2000000000000002,2025-Jan-29-23:36:55.888794
0.7190205031455159,6394,-3,1,0,0,0,0.0,0.0,2025-Jan-29-23:36:55.934563
0.7190205063079972,6395,-3,1,0,0,-1,0.0,0.0,2025-Jan-29-23:36:55.979775
0.633969411017576,6396,-3,1,0,1,-1,0.6,0.0,2025-Jan-29-23:36:56.025449
0.7190205031455159,6397,-3,1,0,0,0,0.0,0.0,2025-Jan-29-23:36:56.072272
1.0740211464044855,6398,-3,1,1,0,-1,0.0,0.0,2025-Jan-29-23:36:56.116934
1.0740211297586115,6399,-3,1,1,0,1,0.0,1.4000000000000001,2025-Jan-29-23:36:56.172469
0.7190205031455159,6400,-3,1,0,0,0,0.0,0.0,2025-Jan-29-23:36:56.217343
0.7190205031455159,6401,-3,1,0,0,0,0.0,0.0,2025-Jan-29-23:36:56.269781
0.7190205031455159,6402,-3,1,0,0,0,0.0,0.0,2025-Jan-29-23:36:56.314018
0.7190205031455159,6403,-3,1,0,0,0,0.0,0.0,2025-Jan-29-23:36:56.358410
0.7190205031455159,6404,-3,1,0,0,0,0.0,0.0,2025-Jan-29-23:36:56.408114
0.7190204898199815,6405,-3,1,0,0,1,0.0,0.30000000000000004,2025-Jan-29-23:36:56.463865
0.7563742950992911,6406,-3,1,0,-1,1,0.0,1.1,2025-Jan-29-23:36:56.543376
0.7563742950992911,6407,-3,1,0,-1,1,0.0,1.1,2025-Jan-29-23:36:56.665399
0.7563742950992911,6408,-3,1,0,-1,1,0.0,1.1,2025-Jan-29-23:36:56.783946
0.5489110840296278,6409,-3,1,0,1,-1,1.2000000000000002,0.0,2025-Jan-29-23:36:56.848732
0.7563743116923222,6410,-3,1,0,-1,-1,0.0,0.0,2025-Jan-29-23:36:56.907483
0.5489110840296278,6411,-3,1,0,1,-1,1.2000000000000002,0.0,2025-Jan-29-23:36:56.951402
1.1113749487582494,6412,-3,1,1,-1,0,0.0,0.0,2025-Jan-29-23:36:57.008598
0.7190205031455159,6413,-3,1,0,0,0,0.0,0.0,2025-Jan-29-23:36:57.053061
1.1113749487582494,6414,-3,1,1,-1,0,0.0,0.0,2025-Jan-29-23:36:57.111193
1.1113749487582494,6415,-3,1,1,-1,0,0.0,0.0,2025-Jan-29-23:36:57.168651
0.7489822891669069,6416,-3,1,0,-1,0,0.0,0.0,2025-Jan-29-23:36:57.226185
1.1113749487582494,6417,-3,1,1,-1,0,0.0,0.0,2025-Jan-29-23:36:57.283413
0.7190205031455159,6418,-3,1,0,0,0,0.0,0.0,2025-Jan-29-23:36:57.328375
0.6906709359502543,6419,-3,1,0,1,0,0.2,0.0,2025-Jan-29-23:36:57.376097
0.6764958527894045,6420,-3,1,0,1,0,0.30000000000000004,0.0,2025-Jan-29-23:36:57.422048
1.0740211464044855,6421,-3,1,1,0,-1,0.0,0.0,2025-Jan-29-23:36:57.466802
1.0740211464044855,6422,-3,1,1,0,-1,0.0,0.0,2025-Jan-29-23:36:57.515319
1.0740211464044855,6423,-3,1,1,0,-1,0.0,0.0,2025-Jan-29-23:36:57.582833
0.5426199054488166,6424,-3,1,0,1,0,1.9000000000000001,0.0,2025-Jan-29-23:36:57.702158
0.7489822891669069,6425,-3,1,0,-1,0,0.0,0.0,2025-Jan-29-23:36:57.798067
0.5426199054488166,6426,-3,1,0,1,0,1.9000000000000001,0.0,2025-Jan-29-23:36:57.873711
1.0740211432420042,6427,-3,1,1,0,0,0.0,0.0,2025-Jan-29-23:36:57.920152
0.7190205031455159,6428,-3,1,0,0,0,0.0,0.0,2025-Jan-29-23:36:57.965205
1.0740211432420042,6429,-3,1,1,0,0,0.0,0.0,2025-Jan-29-23:36:58.009647
1.0740211432420042,6430,-3,1,1,0,0,0.0,0.0,2025-Jan-29-23:36:58.240267
1.0740211464044855,6431,-3,1,1,0,-1,0.0,0.0,2025-Jan-29-23:36:58.287414
0.7190205031455159,6432,-3,1,0,0,0,0.0,0.0,2025-Jan-29-23:36:58.333108
0.7040048287490615,6433,0,1,0,0,0,0.0,0.0,2025-Jan-29-23:36:58.389423
0.7489822891669069,6434,-3,1,0,-1,0,0.0,0.0,2025-Jan-29-23:36:58.447883
0.7563743116923222,6435,-3,1,0,-1,-1,0.0,0.0,2025-Jan-29-23:36:58.505696
0.7489822891669069,6436,-3,1,0,-1,0,0.0,0.0,2025-Jan-29-23:36:58.594581
0.7190205031455159,6437,-3,1,0,0,0,0.0,0.0,2025-Jan-29-23:36:58.680154
1.1113749487582494,6438,-3,1,1,-1,0,0.0,0.0,2025-Jan-29-23:36:58.784420
0.5426189819003882,6439,-3,1,0,1,0,1.6,0.0,2025-Jan-29-23:36:58.881194
0.5426189819003882,6440,-3,1,0,1,0,1.6,0.0,2025-Jan-29-23:36:58.956415
0.5426189819003882,6441,-3,1,0,1,0,1.6,0.0,2025-Jan-29-23:36:59.030418
1.05900546881293,6442,0,1,1,0,0,0.0,0.0,2025-Jan-29-23:36:59.086110
1.05900546881293,6443,0,1,1,0,0,0.0,0.0,2025-Jan-29-23:36:59.142422
1.0740211432420042,6444,-3,1,1,0,0,0.0,0.0,2025-Jan-29-23:36:59.190833
1.0740211432420042,6445,-3,1,1,0,0,0.0,0.0,2025-Jan-29-23:36:59.236317
0.7190205031455159,6446,-3,1,0,0,0,0.0,0.0,2025-Jan-29-23:36:59.281784
1.0740211432420042,6447,-3,1,1,0,0,0.0,0.0,2025-Jan-29-23:36:59.326788
0.7489822891669069,6448,-3,1,0,-1,0,0.0,0.0,2025-Jan-29-23:36:59.384480
0.7563743116923222,6449,-3,1,0,-1,-1,0.0,0.0,2025-Jan-29-23:36:59.443454
0.7489822891669069,6450,-3,1,0,-1,0,0.0,0.0,2025-Jan-29-23:36:59.503160
0.5426186754555834,6451,-3,1,0,1,0,1.5000000000000002,0.0,2025-Jan-29-23:36:59.609367
0.5426186754555834,6452,-3,1,0,1,0,1.5000000000000002,0.0,2025-Jan-29-23:36:59.725375
0.5426186754555834,6453,-3,1,0,1,0,1.5000000000000002,0.0,2025-Jan-29-23:36:59.822555
0.6056174282907758,6454,-3,1,0,1,1,0.8,0.30000000000000004,2025-Jan-29-23:36:59.881543
0.7190205031455159,6455,-3,1,0,0,0,0.0,0.0,2025-Jan-29-23:36:59.926087
0.6056174282907758,6456,-3,1,0,1,1,0.8,0.30000000000000004,2025-Jan-29-23:36:59.978620
0.7190205031455159,6457,-3,1,0,0,0,0.0,0.0,2025-Jan-29-23:37:00.022820
0.5426199092930079,6458,-3,1,0,1,-1,1.9000000000000001,0.0,2025-Jan-29-23:37:00.096893
0.7190205031455159,6459,-3,1,0,0,0,0.0,0.0,2025-Jan-29-23:37:00.138627
0.7040048287490615,6460,0,1,0,0,0,0.0,0.0,2025-Jan-29-23:37:00.191235
0.7040048287490615,6461,0,1,0,0,0,0.0,0.0,2025-Jan-29-23:37:00.244251
1.0740211432420042,6462,-3,1,1,0,0,0.0,0.0,2025-Jan-29-23:37:00.285888
1.0740211432420042,6463,-3,1,1,0,0,0.0,0.0,2025-Jan-29-23:37:00.327131
1.0740211432420042,6464,-3,1,1,0,0,0.0,0.0,2025-Jan-29-23:37:00.372616
1.0740211432420042,6465,-3,1,1,0,0,0.0,0.0,2025-Jan-29-23:37:00.417514
0.7190205031455159,6466,-3,1,0,0,0,0.0,0.0,2025-Jan-29-23:37:00.459923
0.9889700476353208,6467,-3,1,1,1,0,0.6,0.0,2025-Jan-29-23:37:00.504553
0.7489822891669069,6468,-3,1,0,-1,0,0.0,0.0,2025-Jan-29-23:37:00.591211
0.6056174413729246,6469,-3,1,0,1,0,0.8,0.0,2025-Jan-29-23:37:00.658271
0.7489822891669069,6470,-3,1,0,-1,0,0.0,0.0,2025-Jan-29-23:37:00.743209
0.6056174413729246,6471,-3,1,0,1,0,0.8,0.0,2025-Jan-29-23:37:00.796853
1.0740211432420042,6472,-3,1,1,0,0,0.0,0.0,2025-Jan-29-23:37:00.840972
1.0740211432420042,6473,-3,1,1,0,0,0.0,0.0,2025-Jan-29-23:37:00.884930
1.0740211432420042,6474,-3,1,1,0,0,0.0,0.0,2025-Jan-29-23:37:00.926330
0.7190205031455159,6475,-3,1,0,0,0,0.0,0.0,2025-Jan-29-23:37:00.967197
0.7190205031455159,6476,-3,1,0,0,0,0.0,0.0,2025-Jan-29-23:37:01.010477
0.7190205031455159,6477,-3,1,0,0,0,0.0,0.0,2025-Jan-29-23:37:01.052953
0.6906709392213018,6478,-3,1,0,1,-1,0.2,0.0,2025-Jan-29-23:37:01.095149
0.704845824049979,6479,-3,1,0,1,-1,0.1,0.0,2025-Jan-29-23:37:01.137211
0.7190205063079972,6480,-3,1,0,0,-1,0.0,0.0,2025-Jan-29-23:37:01.178100
0.7489822891669069,6481,-3,1,0,-1,0,0.0,0.0,2025-Jan-29-23:37:01.231984
0.7190205031455159,6482,-3,1,0,0,0,0.0,0.0,2025-Jan-29-23:37:01.276734
1.1113749487582494,6483,-3,1,1,-1,0,0.0,0.0,2025-Jan-29-23:37:01.333451
0.7190205063079972,6484,-3,1,0,0,-1,0.0,0.0,2025-Jan-29-23:37:01.379449
0.5426186754555834,6485,-3,1,0,1,0,1.5000000000000002,0.0,2025-Jan-29-23:37:01.450148
1.1113749487582494,6486,-3,1,1,-1,0,0.0,0.0,2025-Jan-29-23:37:01.504022
0.7190205031455159,6487,-3,1,0,0,0,0.0,0.0,2025-Jan-29-23:37:01.546485
0.9322653073956236,6488,-3,1,1,1,0,1.0,0.0,2025-Jan-29-23:37:01.633748
0.7563742950992911,6489,-3,1,0,-1,1,0.0,1.1,2025-Jan-29-23:37:01.752414
1.0740211464044855,6490,-3,1,1,0,-1,0.0,0.0,2025-Jan-29-23:37:01.808767
0.6906709392213018,6491,-3,1,0,1,-1,0.2,0.0,2025-Jan-29-23:37:01.855493
0.7190205063079972,6492,-3,1,0,0,-1,0.0,0.0,2025-Jan-29-23:37:01.901932
1.0740211432420042,6493,-3,1,1,0,0,0.0,0.0,2025-Jan-29-23:37:01.945742
0.9039117073900059,6494,-3,1,1,1,1,1.2000000000000002,0.2,2025-Jan-29-23:37:02.003848
0.7190205031455159,6495,-3,1,0,0,0,0.0,0.0,2025-Jan-29-23:37:02.047866
1.0740211432420042,6496,-3,1,1,0,0,0.0,0.0,2025-Jan-29-23:37:02.097651
1.1039829148870606,6497,-3,1,1,-1,1,0.0,1.2000000000000002,2025-Jan-29-23:37:02.174996
0.7190205063079972,6498,-3,1,0,0,-1,0.0,0.0,2025-Jan-29-23:37:02.217525
1.0740211464044855,6499,-3,1,1,0,-1,0.0,0.0,2025-Jan-29-23:37:02.259252
0.7563742950992911,6500,-3,1,0,-1,1,0.0,1.1,2025-Jan-29-23:37:02.339687
0.7190205031455159,6501,-3,1,0,0,0,0.0,0.0,2025-Jan-29-23:37:02.382755
1.0173212108444156,6502,-3,1,1,1,0,0.4,0.0,2025-Jan-29-23:37:02.429569
0.7190204898199815,6503,-3,1,0,0,1,0.0,0.30000000000000004,2025-Jan-29-23:37:02.482263
1.0740211299711975,6504,-3,1,1,0,1,0.0,0.6,2025-Jan-29-23:37:02.536600
0.7190205031455159,6505,-3,1,0,0,0,0.0,0.0,2025-Jan-29-23:37:02.593600
0.7190204897285821,6506,-3,1,0,0,1,0.0,1.3000000000000003,2025-Jan-29-23:37:02.797210
0.6056174413729246,6507,-3,1,0,1,0,0.8,0.0,2025-Jan-29-23:37:02.876734
0.7489822891669069,6508,-3,1,0,-1,0,0.0,0.0,2025-Jan-29-23:37:02.933976
1.1113749487582494,6509,-3,1,1,-1,0,0.0,0.0,2025-Jan-29-23:37:02.988374
0.7190204893192401,6510,-3,1,0,0,1,0.0,0.8,2025-Jan-29-23:37:03.040263
0.7190205063079972,6511,-3,1,0,0,-1,0.0,0.0,2025-Jan-29-23:37:03.083108
1.0740211464044855,6512,-3,1,1,0,-1,0.0,0.0,2025-Jan-29-23:37:03.129219
0.7563743116923222,6513,-3,1,0,-1,-1,0.0,0.0,2025-Jan-29-23:37:03.182372
0.7190205063079972,6514,-3,1,0,0,-1,0.0,0.0,2025-Jan-29-23:37:03.224028
0.7190205031455159,6515,-3,1,0,0,0,0.0,0.0,2025-Jan-29-23:37:03.269808
0.7190204899700696,6516,-3,1,0,0,1,0.0,1.7000000000000002,2025-Jan-29-23:37:03.322625
0.7190204896416055,6517,-3,1,0,0,1,0.0,1.5000000000000002,2025-Jan-29-23:37:03.379942
0.7040048287490615,6518,0,1,0,0,0,0.0,0.0,2025-Jan-29-23:37:03.434019
0.7190205031455159,6519,-3,1,0,0,0,0.0,0.0,2025-Jan-29-23:37:03.475439
0.7489822891669069,6520,-3,1,0,-1,0,0.0,0.0,2025-Jan-29-23:37:03.531665
0.8976196220180688,6521,-3,1,1,1,0,1.6,0.0,2025-Jan-29-23:37:03.628762
1.1113749487582494,6522,-3,1,1,-1,0,0.0,0.0,2025-Jan-29-23:37:03.719746
0.6339694075286959,6523,-3,1,0,1,0,0.6,0.0,2025-Jan-29-23:37:03.787584
0.7190205031455159,6524,-3,1,0,0,0,0.0,0.0,2025-Jan-29-23:37:03.829317
0.7190205031455159,6525,-3,1,0,0,0,0.0,0.0,2025-Jan-29-23:37:03.874114
1.0740211464044855,6526,-3,1,1,0,-1,0.0,0.0,2025-Jan-29-23:37:03.917904
1.1113749517846028,6527,-3,1,1,-1,-1,0.0,0.0,2025-Jan-29-23:37:03.970963
0.5489110840296278,6528,-3,1,0,1,-1,1.2000000000000002,0.0,2025-Jan-29-23:37:04.012343
0.7190205031455159,6529,-3,1,0,0,0,0.0,0.0,2025-Jan-29-23:37:04.054266
1.0740211464044855,6530,-3,1,1,0,-1,0.0,0.0,2025-Jan-29-23:37:04.097759
0.7190205063079972,6531,-3,1,0,0,-1,0.0,0.0,2025-Jan-29-23:37:04.140520
1.074021130066558,6532,-3,1,1,0,1,0.0,1.7000000000000002,2025-Jan-29-23:37:04.191550
0.7190205063079972,6533,-3,1,0,0,-1,0.0,0.0,2025-Jan-29-23:37:04.234946
0.5426180513519452,6534,-3,1,0,1,1,1.3000000000000003,0.2,2025-Jan-29-23:37:04.312029
0.7190205031455159,6535,-3,1,0,0,0,0.0,0.0,2025-Jan-29-23:37:04.357871
0.5426180513319987,6536,-3,1,0,1,1,1.3000000000000003,0.30000000000000004,2025-Jan-29-23:37:04.434352
0.5426180642548899,6537,-3,1,0,1,0,1.3000000000000003,0.0,2025-Jan-29-23:37:04.504161
0.5426186754555834,6538,-3,1,0,1,0,1.5000000000000002,0.0,2025-Jan-29-23:37:04.592990
0.5426186754555834,6539,-3,1,0,1,0,1.5000000000000002,0.0,2025-Jan-29-23:37:04.700553
0.5426186754555834,6540,-3,1,0,1,0,1.5000000000000002,0.0,2025-Jan-29-23:37:04.790964
0.5426186754555834,6541,-3,1,0,1,0,1.5000000000000002,0.0,2025-Jan-29-23:37:04.868085
0.5426186754555834,6542,-3,1,0,1,0,1.5000000000000002,0.0,2025-Jan-29-23:37:04.940333
0.5426186754555834,6543,-3,1,0,1,0,1.5000000000000002,0.0,2025-Jan-29-23:37:05.012189
0.5426186754555834,6544,-3,1,0,1,0,1.5000000000000002,0.0,2025-Jan-29-23:37:05.083781
0.5426186754555834,6545,-3,1,0,1,0,1.5000000000000002,0.0,2025-Jan-29-23:37:05.156429
0.5426189819003882,6546,-3,1,0,1,0,1.6,0.0,2025-Jan-29-23:37:05.226406
0.5426189819003882,6547,-3,1,0,1,0,1.6,0.0,2025-Jan-29-23:37:05.296678
0.5426189819003882,6548,-3,1,0,1,0,1.6,0.0,2025-Jan-29-23:37:05.371983
0.7190205031455159,6549,-3,1,0,0,0,0.0,0.0,2025-Jan-29-23:37:05.415370
0.7190205031455159,6550,-3,1,0,0,0,0.0,0.0,2025-Jan-29-23:37:05.457674
0.7190205031455159,6551,-3,1,0,0,0,0.0,0.0,2025-Jan-29-23:37:05.499676
0.5426199054488166,6552,-3,1,0,1,0,1.9000000000000001,0.0,2025-Jan-29-23:37:05.586021
0.7489822891669069,6553,-3,1,0,-1,0,0.0,0.0,2025-Jan-29-23:37:05.682472
0.7190205063079972,6554,-3,1,0,0,-1,0.0,0.0,2025-Jan-29-23:37:05.755698
0.5426199092930079,6555,-3,1,0,1,-1,1.9000000000000001,0.0,2025-Jan-29-23:37:05.836977
0.5426199092930079,6556,-3,1,0,1,-1,1.9000000000000001,0.0,2025-Jan-29-23:37:05.909566
0.7190205031455159,6557,-3,1,0,0,0,0.0,0.0,2025-Jan-29-23:37:05.952406
0.5489110840296278,6558,-3,1,0,1,-1,1.2000000000000002,0.0,2025-Jan-29-23:37:05.994803
0.7563743116923222,6559,-3,1,0,-1,-1,0.0,0.0,2025-Jan-29-23:37:06.048042
0.5489110840296278,6560,-3,1,0,1,-1,1.2000000000000002,0.0,2025-Jan-29-23:37:06.194283
0.5489110840296278,6561,-3,1,0,1,-1,1.2000000000000002,0.0,2025-Jan-29-23:37:06.237659
0.5489110840296278,6562,-3,1,0,1,-1,1.2000000000000002,0.0,2025-Jan-29-23:37:06.279626
0.5489110840296278,6563,-3,1,0,1,-1,1.2000000000000002,0.0,2025-Jan-29-23:37:06.325930
0.5630879794494487,6564,-3,1,0,1,-1,1.1,0.0,2025-Jan-29-23:37:06.373658
0.7190205031455159,6565,-3,1,0,0,0,0.0,0.0,2025-Jan-29-23:37:06.420500
0.6056174282907758,6566,-3,1,0,1,1,0.8,0.30000000000000004,2025-Jan-29-23:37:06.473113
0.6056174282907758,6567,-3,1,0,1,1,0.8,0.30000000000000004,2025-Jan-29-23:37:06.525667
0.6056174282907758,6568,-3,1,0,1,1,0.8,0.30000000000000004,2025-Jan-29-23:37:06.606842
0.7190205031455159,6569,-3,1,0,0,0,0.0,0.0,2025-Jan-29-23:37:06.675785
0.6056174413729246,6570,-3,1,0,1,0,0.8,0.0,2025-Jan-29-23:37:06.746648
0.7190205031455159,6571,-3,1,0,0,0,0.0,0.0,2025-Jan-29-23:37:06.803411
0.6056174413729246,6572,-3,1,0,1,0,0.8,0.0,2025-Jan-29-23:37:06.847732
0.6056174413729246,6573,-3,1,0,1,0,0.8,0.0,2025-Jan-29-23:37:06.892417
0.6056174413729246,6574,-3,1,0,1,0,0.8,0.0,2025-Jan-29-23:37:06.934786
0.7489822891669069,6575,-3,1,0,-1,0,0.0,0.0,2025-Jan-29-23:37:06.987804
0.6339694075286959,6576,-3,1,0,1,0,0.6,0.0,2025-Jan-29-23:37:07.029613
0.6339694075286959,6577,-3,1,0,1,0,0.6,0.0,2025-Jan-29-23:37:07.074834
0.7190205063079972,6578,-3,1,0,0,-1,0.0,0.0,2025-Jan-29-23:37:07.115988
0.633969411017576,6579,-3,1,0,1,-1,0.6,0.0,2025-Jan-29-23:37:07.158264
0.633969411017576,6580,-3,1,0,1,-1,0.6,0.0,2025-Jan-29-23:37:07.200338
0.7190205031455159,6581,-3,1,0,0,0,0.0,0.0,2025-Jan-29-23:37:07.242744
0.7190205031455159,6582,-3,1,0,0,0,0.0,0.0,2025-Jan-29-23:37:07.287673
0.7190205031455159,6583,-3,1,0,0,0,0.0,0.0,2025-Jan-29-23:37:07.330608
0.7190205031455159,6584,-3,1,0,0,0,0.0,0.0,2025-Jan-29-23:37:07.376762
0.7190205031455159,6585,-3,1,0,0,0,0.0,0.0,2025-Jan-29-23:37:07.423354
0.6906709392213018,6586,-3,1,0,1,-1,0.2,0.0,2025-Jan-29-23:37:07.470435
0.7190205063079972,6587,-3,1,0,0,-1,0.0,0.0,2025-Jan-29-23:37:07.513351
0.6906709392213018,6588,-3,1,0,1,-1,0.2,0.0,2025-Jan-29-23:37:07.571033
0.6906709392213018,6589,-3,1,0,1,-1,0.2,0.0,2025-Jan-29-23:37:07.647327
0.7040048287490615,6590,0,1,0,0,0,0.0,0.0,2025-Jan-29-23:37:07.736231
0.7040048287490615,6591,0,1,0,0,0,0.0,0.0,2025-Jan-29-23:37:07.802141
0.7040048287490615,6592,0,1,0,0,0,0.0,0.0,2025-Jan-29-23:37:07.858310
0.7190205031455159,6593,-3,1,0,0,0,0.0,0.0,2025-Jan-29-23:37:07.901223
0.7190204893192401,6594,-3,1,0,0,1,0.0,0.8,2025-Jan-29-23:37:07.956702
0.7190204893192401,6595,-3,1,0,0,1,0.0,0.8,2025-Jan-29-23:37:08.010436
0.7190204893192401,6596,-3,1,0,0,1,0.0,0.8,2025-Jan-29-23:37:08.066911
0.7190204893192401,6597,-3,1,0,0,1,0.0,0.8,2025-Jan-29-23:37:08.120680
0.7190204898596041,6598,-3,1,0,0,1,0.0,0.7000000000000001,2025-Jan-29-23:37:08.173671
0.7190204896416055,6599,-3,1,0,0,1,0.0,1.5000000000000002,2025-Jan-29-23:37:08.226862
0.7190204896416055,6600,-3,1,0,0,1,0.0,1.5000000000000002,2025-Jan-29-23:37:08.281356
0.7190205063079972,6601,-3,1,0,0,-1,0.0,0.0,2025-Jan-29-23:37:08.323932
0.7190204897285821,6602,-3,1,0,0,1,0.0,1.3000000000000003,2025-Jan-29-23:37:08.383869
0.7190204897285821,6603,-3,1,0,0,1,0.0,1.3000000000000003,2025-Jan-29-23:37:08.437867
0.719020490080821,6604,-3,1,0,0,1,0.0,1.2000000000000002,2025-Jan-29-23:37:08.493950
0.7190204898199815,6605,-3,1,0,0,1,0.0,0.30000000000000004,2025-Jan-29-23:37:08.666031
0.7190204898199815,6606,-3,1,0,0,1,0.0,0.30000000000000004,2025-Jan-29-23:37:08.749770
0.7190205063079972,6607,-3,1,0,0,-1,0.0,0.0,2025-Jan-29-23:37:08.829080
0.7190204898199815,6608,-3,1,0,0,1,0.0,0.30000000000000004,2025-Jan-29-23:37:08.889376
0.7190204898199815,6609,-3,1,0,0,1,0.0,0.30000000000000004,2025-Jan-29-23:37:08.945462
0.7190205063079972,6610,-3,1,0,0,-1,0.0,0.0,2025-Jan-29-23:37:08.987858
0.7190204899700696,6611,-3,1,0,0,1,0.0,1.7000000000000002,2025-Jan-29-23:37:09.040176
0.7190204899700696,6612,-3,1,0,0,1,0.0,1.7000000000000002,2025-Jan-29-23:37:09.095872
0.7190204899700696,6613,-3,1,0,0,1,0.0,1.7000000000000002,2025-Jan-29-23:37:09.150504
1.1113749487582494,6614,-3,1,1,-1,0,0.0,0.0,2025-Jan-29-23:37:09.205865
0.7190205031455159,6615,-3,1,0,0,0,0.0,0.0,2025-Jan-29-23:37:09.247795
0.7190205031455159,6616,-3,1,0,0,0,0.0,0.0,2025-Jan-29-23:37:09.288945
0.7190205031455159,6617,-3,1,0,0,0,0.0,0.0,2025-Jan-29-23:37:09.331546
0.7190205031455159,6618,-3,1,0,0,0,0.0,0.0,2025-Jan-29-23:37:09.380946
0.7190205031455159,6619,-3,1,0,0,0,0.0,0.0,2025-Jan-29-23:37:09.425080
0.7190205031455159,6620,-3,1,0,0,0,0.0,0.0,2025-Jan-29-23:37:09.467385
0.7190205031455159,6621,-3,1,0,0,0,0.0,0.0,2025-Jan-29-23:37:09.510443
0.7190205031455159,6622,-3,1,0,0,0,0.0,0.0,2025-Jan-29-23:37:09.552708
0.7190205031455159,6623,-3,1,0,0,0,0.0,0.0,2025-Jan-29-23:37:09.634150
0.7190205031455159,6624,-3,1,0,0,0,0.0,0.0,2025-Jan-29-23:37:09.707764
0.7190205031455159,6625,-3,1,0,0,0,0.0,0.0,2025-Jan-29-23:37:09.783818
0.7190205031455159,6626,-3,1,0,0,0,0.0,0.0,2025-Jan-29-23:37:09.837431
0.7190205031455159,6627,-3,1,0,0,0,0.0,0.0,2025-Jan-29-23:37:09.881846
0.7190205031455159,6628,-3,1,0,0,0,0.0,0.0,2025-Jan-29-23:37:09.925501
0.7040048287490615,6629,0,1,0,0,0,0.0,0.0,2025-Jan-29-23:37:09.979868
0.7040048287490615,6630,0,1,0,0,0,0.0,0.0,2025-Jan-29-23:37:10.032458
0.7040048287490615,6631,0,1,0,0,0,0.0,0.0,2025-Jan-29-23:37:10.091346
0.7190205031455159,6632,-3,1,0,0,0,0.0,0.0,2025-Jan-29-23:37:10.135718
0.7190205031455159,6633,-3,1,0,0,0,0.0,0.0,2025-Jan-29-23:37:10.177205
0.7190205031455159,6634,-3,1,0,0,0,0.0,0.0,2025-Jan-29-23:37:10.219318
0.7190205031455159,6635,-3,1,0,0,0,0.0,0.0,2025-Jan-29-23:37:10.259991
0.7190205031455159,6636,-3,1,0,0,0,0.0,0.0,2025-Jan-29-23:37:10.305218
0.7190205031455159,6637,-3,1,0,0,0,0.0,0.0,2025-Jan-29-23:37:10.348796
0.7190205031455159,6638,-3,1,0,0,0,0.0,0.0,2025-Jan-29-23:37:10.392356
0.7190205031455159,6639,-3,1,0,0,0,0.0,0.0,2025-Jan-29-23:37:10.437013
0.7190205031455159,6640,-3,1,0,0,0,0.0,0.0,2025-Jan-29-23:37:10.479527
0.7190205031455159,6641,-3,1,0,0,0,0.0,0.0,2025-Jan-29-23:37:10.522287
0.7190205031455159,6642,-3,1,0,0,0,0.0,0.0,2025-Jan-29-23:37:10.596070
0.6623205707411806,6643,-3,1,0,1,0,0.4,0.0,2025-Jan-29-23:37:10.666209
0.7190205031455159,6644,-3,1,0,0,0,0.0,0.0,2025-Jan-29-23:37:10.756608
0.7190205031455159,6645,-3,1,0,0,0,0.0,0.0,2025-Jan-29-23:37:10.807883
0.7190205031455159,6646,-3,1,0,0,0,0.0,0.0,2025-Jan-29-23:37:10.852451
0.7190205031455159,6647,-3,1,0,0,0,0.0,0.0,2025-Jan-29-23:37:10.899104
0.7190205031455159,6648,-3,1,0,0,0,0.0,0.0,2025-Jan-29-23:37:10.944498
0.7190205031455159,6649,-3,1,0,0,0,0.0,0.0,2025-Jan-29-23:37:10.989558
0.7190205031455159,6650,-3,1,0,0,0,0.0,0.0,2025-Jan-29-23:37:11.033974
0.7190205031455159,6651,-3,1,0,0,0,0.0,0.0,2025-Jan-29-23:37:11.078965
0.7190205031455159,6652,-3,1,0,0,0,0.0,0.0,2025-Jan-29-23:37:11.123106
0.7190205063079972,6653,-3,1,0,0,-1,0.0,0.0,2025-Jan-29-23:37:11.168646
0.7190205063079972,6654,-3,1,0,0,-1,0.0,0.0,2025-Jan-29-23:37:11.213121
0.7190205063079972,6655,-3,1,0,0,-1,0.0,0.0,2025-Jan-29-23:37:11.257988
0.7190205063079972,6656,-3,1,0,0,-1,0.0,0.0,2025-Jan-29-23:37:11.302860
0.7190205063079972,6657,-3,1,0,0,-1,0.0,0.0,2025-Jan-29-23:37:11.347626
0.7190205063079972,6658,-3,1,0,0,-1,0.0,0.0,2025-Jan-29-23:37:11.396876
0.7190205063079972,6659,-3,1,0,0,-1,0.0,0.0,2025-Jan-29-23:37:11.442845
0.7190205063079972,6660,-3,1,0,0,-1,0.0,0.0,2025-Jan-29-23:37:11.487788
0.7190205063079972,6661,-3,1,0,0,-1,0.0,0.0,2025-Jan-29-23:37:11.533188
0.7190205063079972,6662,-3,1,0,0,-1,0.0,0.0,2025-Jan-29-23:37:11.597485
0.7190205063079972,6663,-3,1,0,0,-1,0.0,0.0,2025-Jan-29-23:37:11.676972
0.7190204898834608,6664,-3,1,0,0,1,0.0,1.1,2025-Jan-29-23:37:11.771457
0.7190205063079972,6665,-3,1,0,0,-1,0.0,0.0,2025-Jan-29-23:37:11.842336
0.7190205063079972,6666,-3,1,0,0,-1,0.0,0.0,2025-Jan-29-23:37:11.889190
0.7190205031455159,6667,-3,1,0,0,0,0.0,0.0,2025-Jan-29-23:37:11.934013
0.7190205063079972,6668,-3,1,0,0,-1,0.0,0.0,2025-Jan-29-23:37:11.978642
0.7190205063079972,6669,-3,1,0,0,-1,0.0,0.0,2025-Jan-29-23:37:12.184081
0.7190205063079972,6670,-3,1,0,0,-1,0.0,0.0,2025-Jan-29-23:37:12.232065
0.7190205063079972,6671,-3,1,0,0,-1,0.0,0.0,2025-Jan-29-23:37:12.276845
0.7190205031455159,6672,-3,1,0,0,0,0.0,0.0,2025-Jan-29-23:37:12.321535
0.7190205063079972,6673,-3,1,0,0,-1,0.0,0.0,2025-Jan-29-23:37:12.366702
0.7190205063079972,6674,-3,1,0,0,-1,0.0,0.0,2025-Jan-29-23:37:12.413500
0.7190205031455159,6675,-3,1,0,0,0,0.0,0.0,2025-Jan-29-23:37:12.458216
0.7190205063079972,6676,-3,1,0,0,-1,0.0,0.0,2025-Jan-29-23:37:12.503565
0.7563743116923222,6677,-3,1,0,-1,-1,0.0,0.0,2025-Jan-29-23:37:12.592268
0.7489822749024629,6678,-3,1,0,-1,1,0.0,0.1,2025-Jan-29-23:37:12.726544
0.7489822749024629,6679,-3,1,0,-1,1,0.0,0.1,2025-Jan-29-23:37:12.829011
0.7489822891669069,6680,-3,1,0,-1,0,0.0,0.0,2025-Jan-29-23:37:12.890780
0.7190205031455159,6681,-3,1,0,0,0,0.0,0.0,2025-Jan-29-23:37:12.937943
0.7489822891669069,6682,-3,1,0,-1,0,0.0,0.0,2025-Jan-29-23:37:12.996322
0.7489822891669069,6683,-3,1,0,-1,0,0.0,0.0,2025-Jan-29-23:37:13.053808
0.7489822891669069,6684,-3,1,0,-1,0,0.0,0.0,2025-Jan-29-23:37:13.111416
0.7489822891669069,6685,-3,1,0,-1,0,0.0,0.0,2025-Jan-29-23:37:13.168828
0.7489822891669069,6686,-3,1,0,-1,0,0.0,0.0,2025-Jan-29-23:37:13.226183
0.7489822891669069,6687,-3,1,0,-1,0,0.0,0.0,2025-Jan-29-23:37:13.283334
0.7489822891669069,6688,-3,1,0,-1,0,0.0,0.0,2025-Jan-29-23:37:13.340646
0.7489822891669069,6689,-3,1,0,-1,0,0.0,0.0,2025-Jan-29-23:37:13.402428
0.7489822891669069,6690,-3,1,0,-1,0,0.0,0.0,2025-Jan-29-23:37:13.460222
0.7489822891669069,6691,-3,1,0,-1,0,0.0,0.0,2025-Jan-29-23:37:13.517670
0.7489822891669069,6692,-3,1,0,-1,0,0.0,0.0,2025-Jan-29-23:37:13.614123
0.7489822891669069,6693,-3,1,0,-1,0,0.0,0.0,2025-Jan-29-23:37:13.721849
0.7190204897285821,6694,-3,1,0,0,1,0.0,1.3000000000000003,2025-Jan-29-23:37:13.806071
0.7190205063079972,6695,-3,1,0,0,-1,0.0,0.0,2025-Jan-29-23:37:13.851572
0.7190205063079972,6696,-3,1,0,0,-1,0.0,0.0,2025-Jan-29-23:37:13.898937
0.7190205031455159,6697,-3,1,0,0,0,0.0,0.0,2025-Jan-29-23:37:13.943554
0.7190205063079972,6698,-3,1,0,0,-1,0.0,0.0,2025-Jan-29-23:37:13.989185
1.0740211432420042,6699,-3,1,1,0,0,0.0,0.0,2025-Jan-29-23:37:14.034473
0.5426183696016111,6700,-3,1,0,1,0,1.4000000000000001,0.0,2025-Jan-29-23:37:14.109356
1.1113749487582494,6701,-3,1,1,-1,0,0.0,0.0,2025-Jan-29-23:37:14.167665
0.7190205031455159,6702,-3,1,0,0,0,0.0,0.0,2025-Jan-29-23:37:14.213177
0.7190205063079972,6703,-3,1,0,0,-1,0.0,0.0,2025-Jan-29-23:37:14.257749
0.7190205031455159,6704,-3,1,0,0,0,0.0,0.0,2025-Jan-29-23:37:14.302509
0.7563743116923222,6705,-3,1,0,-1,-1,0.0,0.0,2025-Jan-29-23:37:14.360658
0.7190204897285821,6706,-3,1,0,0,1,0.0,1.3000000000000003,2025-Jan-29-23:37:14.421513
0.7190204896416055,6707,-3,1,0,0,1,0.0,1.5000000000000002,2025-Jan-29-23:37:14.478139
0.7190205031455159,6708,-3,1,0,0,0,0.0,0.0,2025-Jan-29-23:37:14.527088
0.5489110840296278,6709,-3,1,0,1,-1,1.2000000000000002,0.0,2025-Jan-29-23:37:14.599726
0.7190205031455159,6710,-3,1,0,0,0,0.0,0.0,2025-Jan-29-23:37:14.665116
0.7190205031455159,6711,-3,1,0,0,0,0.0,0.0,2025-Jan-29-23:37:14.735987
0.7190204897704602,6712,-3,1,0,0,1,0.0,1.0,2025-Jan-29-23:37:14.805882
0.7489822891669069,6713,-3,1,0,-1,0,0.0,0.0,2025-Jan-29-23:37:14.865690
0.7489822891669069,6714,-3,1,0,-1,0,0.0,0.0,2025-Jan-29-23:37:14.920534
0.7190205031455159,6715,-3,1,0,0,0,0.0,0.0,2025-Jan-29-23:37:14.964694
0.7190205031455159,6716,-3,1,0,0,0,0.0,0.0,2025-Jan-29-23:37:15.006700
0.7190205063079972,6717,-3,1,0,0,-1,0.0,0.0,2025-Jan-29-23:37:15.054664
1.0740211432420042,6718,-3,1,1,0,0,0.0,0.0,2025-Jan-29-23:37:15.103507
0.5426180680968833,6719,-3,1,0,1,-1,1.3000000000000003,0.0,2025-Jan-29-23:37:15.175499
0.6056174282907758,6720,-3,1,0,1,1,0.8,0.30000000000000004,2025-Jan-29-23:37:15.230833
0.7190205063079972,6721,-3,1,0,0,-1,0.0,0.0,2025-Jan-29-23:37:15.274580
0.5630879756869492,6722,-3,1,0,1,0,1.1,0.0,2025-Jan-29-23:37:15.316625
0.7190204898834608,6723,-3,1,0,0,1,0.0,1.1,2025-Jan-29-23:37:15.380432
0.7489822891669069,6724,-3,1,0,-1,0,0.0,0.0,2025-Jan-29-23:37:15.435171
0.7190205031455159,6725,-3,1,0,0,0,0.0,0.0,2025-Jan-29-23:37:15.617329
0.7190205031455159,6726,-3,1,0,0,0,0.0,0.0,2025-Jan-29-23:37:15.688010
0.7190205031455159,6727,-3,1,0,0,0,0.0,0.0,2025-Jan-29-23:37:15.769622
1.0740211464044855,6728,-3,1,1,0,-1,0.0,0.0,2025-Jan-29-23:37:15.814289
0.7190205031455159,6729,-3,1,0,0,0,0.0,0.0,2025-Jan-29-23:37:15.859880
0.7190205031455159,6730,-3,1,0,0,0,0.0,0.0,2025-Jan-29-23:37:15.903405
1.0740211432420042,6731,-3,1,1,0,0,0.0,0.0,2025-Jan-29-23:37:15.946617
0.7190205031455159,6732,-3,1,0,0,0,0.0,0.0,2025-Jan-29-23:37:15.989597
0.7190204898199815,6733,-3,1,0,0,1,0.0,0.30000000000000004,2025-Jan-29-23:37:16.042730
0.7190204898199815,6734,-3,1,0,0,1,0.0,0.30000000000000004,2025-Jan-29-23:37:16.099451
1.0740211432420042,6735,-3,1,1,0,0,0.0,0.0,2025-Jan-29-23:37:16.143335
0.6623205707411806,6736,-3,1,0,1,0,0.4,0.0,2025-Jan-29-23:37:16.185549
0.8976193029356754,6737,-3,1,1,1,1,1.5000000000000002,1.2000000000000002,2025-Jan-29-23:37:16.261119
0.633969411017576,6738,-3,1,0,1,-1,0.6,0.0,2025-Jan-29-23:37:16.305444
0.7190205031455159,6739,-3,1,0,0,0,0.0,0.0,2025-Jan-29-23:37:16.350901
0.633969411017576,6740,-3,1,0,1,-1,0.6,0.0,2025-Jan-29-23:37:16.396361
1.1113749487582494,6741,-3,1,1,-1,0,0.0,0.0,2025-Jan-29-23:37:16.451320
0.7489822891669069,6742,-3,1,0,-1,0,0.0,0.0,2025-Jan-29-23:37:16.512171
0.7190205063079972,6743,-3,1,0,0,-1,0.0,0.0,2025-Jan-29-23:37:16.579196
0.7190204898199815,6744,-3,1,0,0,1,0.0,0.30000000000000004,2025-Jan-29-23:37:16.663050
0.5426180513319987,6745,-3,1,0,1,1,1.3000000000000003,0.30000000000000004,2025-Jan-29-23:37:16.764227
0.7190205031455159,6746,-3,1,0,0,0,0.0,0.0,2025-Jan-29-23:37:16.805822
0.5489110802122255,6747,-3,1,0,1,0,1.2000000000000002,0.0,2025-Jan-29-23:37:16.849471
0.5426180680968833,6748,-3,1,0,1,-1,1.3000000000000003,0.0,2025-Jan-29-23:37:16.922977
0.7190205063079972,6749,-3,1,0,0,-1,0.0,0.0,2025-Jan-29-23:37:16.966652
0.5426183696016111,6750,-3,1,0,1,0,1.4000000000000001,0.0,2025-Jan-29-23:37:17.037060
0.5426183696016111,6751,-3,1,0,1,0,1.4000000000000001,0.0,2025-Jan-29-23:37:17.109423
0.5426183696016111,6752,-3,1,0,1,0,1.4000000000000001,0.0,2025-Jan-29-23:37:17.180182
0.5426183696016111,6753,-3,1,0,1,0,1.4000000000000001,0.0,2025-Jan-29-23:37:17.249984
0.5426186754555834,6754,-3,1,0,1,0,1.5000000000000002,0.0,2025-Jan-29-23:37:17.320097
0.7190205031455159,6755,-3,1,0,0,0,0.0,0.0,2025-Jan-29-23:37:17.366970
0.5426186754555834,6756,-3,1,0,1,0,1.5000000000000002,0.0,2025-Jan-29-23:37:17.438809
0.5426186754555834,6757,-3,1,0,1,0,1.5000000000000002,0.0,2025-Jan-29-23:37:17.513734
0.5426186754555834,6758,-3,1,0,1,0,1.5000000000000002,0.0,2025-Jan-29-23:37:17.620652
0.7489822891669069,6759,-3,1,0,-1,0,0.0,0.0,2025-Jan-29-23:37:17.719834
0.5426186754555834,6760,-3,1,0,1,0,1.5000000000000002,0.0,2025-Jan-29-23:37:17.811207
0.5426186754555834,6761,-3,1,0,1,0,1.5000000000000002,0.0,2025-Jan-29-23:37:17.887770
0.5426189819003882,6762,-3,1,0,1,0,1.6,0.0,2025-Jan-29-23:37:17.961826
0.7489822891669069,6763,-3,1,0,-1,0,0.0,0.0,2025-Jan-29-23:37:18.015800
0.7190205031455159,6764,-3,1,0,0,0,0.0,0.0,2025-Jan-29-23:37:18.059219
0.7190205031455159,6765,-3,1,0,0,0,0.0,0.0,2025-Jan-29-23:37:18.104323
0.7489822891669069,6766,-3,1,0,-1,0,0.0,0.0,2025-Jan-29-23:37:18.159812
0.5426199054488166,6767,-3,1,0,1,0,1.9000000000000001,0.0,2025-Jan-29-23:37:18.232160
0.7190205031455159,6768,-3,1,0,0,0,0.0,0.0,2025-Jan-29-23:37:18.275145
0.7489822891669069,6769,-3,1,0,-1,0,0.0,0.0,2025-Jan-29-23:37:18.329294
0.7190205031455159,6770,-3,1,0,0,0,0.0,0.0,2025-Jan-29-23:37:18.380424
0.5426199092930079,6771,-3,1,0,1,-1,1.9000000000000001,0.0,2025-Jan-29-23:37:18.577999
0.5426199092930079,6772,-3,1,0,1,-1,1.9000000000000001,0.0,2025-Jan-29-23:37:18.691194
0.5426199092930079,6773,-3,1,0,1,-1,1.9000000000000001,0.0,2025-Jan-29-23:37:18.789894
0.5489110840296278,6774,-3,1,0,1,-1,1.2000000000000002,0.0,2025-Jan-29-23:37:18.833018
0.5489110840296278,6775,-3,1,0,1,-1,1.2000000000000002,0.0,2025-Jan-29-23:37:18.880402
0.5630879794494487,6776,-3,1,0,1,-1,1.1,0.0,2025-Jan-29-23:37:18.922108
0.5489110840296278,6777,-3,1,0,1,-1,1.2000000000000002,0.0,2025-Jan-29-23:37:18.964133
0.7190205031455159,6778,-3,1,0,0,0,0.0,0.0,2025-Jan-29-23:37:19.006472
0.5489110840296278,6779,-3,1,0,1,-1,1.2000000000000002,0.0,2025-Jan-29-23:37:19.048602
0.5630879794494487,6780,-3,1,0,1,-1,1.1,0.0,2025-Jan-29-23:37:19.096529
0.5630879794494487,6781,-3,1,0,1,-1,1.1,0.0,2025-Jan-29-23:37:19.139565
0.7190205031455159,6782,-3,1,0,0,0,0.0,0.0,2025-Jan-29-23:37:19.180456
0.5489110840296278,6783,-3,1,0,1,-1,1.2000000000000002,0.0,2025-Jan-29-23:37:19.222257
0.7190205031455159,6784,-3,1,0,0,0,0.0,0.0,2025-Jan-29-23:37:19.263799
0.7489822891669069,6785,-3,1,0,-1,0,0.0,0.0,2025-Jan-29-23:37:19.316744
0.5630879756869492,6786,-3,1,0,1,0,1.1,0.0,2025-Jan-29-23:37:19.362747
0.5630879756869492,6787,-3,1,0,1,0,1.1,0.0,2025-Jan-29-23:37:19.406797
0.5630879625980426,6788,-3,1,0,1,1,1.1,0.9,2025-Jan-29-23:37:19.458604
0.7190205031455159,6789,-3,1,0,0,0,0.0,0.0,2025-Jan-29-23:37:19.503713
0.7190205031455159,6790,-3,1,0,0,0,0.0,0.0,2025-Jan-29-23:37:19.545803
0.6056174282907758,6791,-3,1,0,1,1,0.8,0.30000000000000004,2025-Jan-29-23:37:19.633777
0.6056174282907758,6792,-3,1,0,1,1,0.8,0.30000000000000004,2025-Jan-29-23:37:19.720779
0.7190204898199815,6793,-3,1,0,0,1,0.0,0.30000000000000004,2025-Jan-29-23:37:19.795201
0.7190204898199815,6794,-3,1,0,0,1,0.0,0.30000000000000004,2025-Jan-29-23:37:19.849398
0.6056174282907758,6795,-3,1,0,1,1,0.8,0.30000000000000004,2025-Jan-29-23:37:19.904876
0.6056174413729246,6796,-3,1,0,1,0,0.8,0.0,2025-Jan-29-23:37:19.946708
0.6056174413729246,6797,-3,1,0,1,0,0.8,0.0,2025-Jan-29-23:37:19.990403
0.6056174413729246,6798,-3,1,0,1,0,0.8,0.0,2025-Jan-29-23:37:20.032603
0.6056174413729246,6799,-3,1,0,1,0,0.8,0.0,2025-Jan-29-23:37:20.080688
0.7190205031455159,6800,-3,1,0,0,0,0.0,0.0,2025-Jan-29-23:37:20.123618
0.7489822891669069,6801,-3,1,0,-1,0,0.0,0.0,2025-Jan-29-23:37:20.177343
0.6339694075286959,6802,-3,1,0,1,0,0.6,0.0,2025-Jan-29-23:37:20.222412
0.6339694075286959,6803,-3,1,0,1,0,0.6,0.0,2025-Jan-29-23:37:20.264601
0.6339694075286959,6804,-3,1,0,1,0,0.6,0.0,2025-Jan-29-23:37:20.306696
0.633969411017576,6805,-3,1,0,1,-1,0.6,0.0,2025-Jan-29-23:37:20.351197
0.7489822891669069,6806,-3,1,0,-1,0,0.0,0.0,2025-Jan-29-23:37:20.410529
0.633969411017576,6807,-3,1,0,1,-1,0.6,0.0,2025-Jan-29-23:37:20.453683
0.633969411017576,6808,-3,1,0,1,-1,0.6,0.0,2025-Jan-29-23:37:20.497845
0.7190205031455159,6809,-3,1,0,0,0,0.0,0.0,2025-Jan-29-23:37:20.539448
0.7190205063079972,6810,-3,1,0,0,-1,0.0,0.0,2025-Jan-29-23:37:20.600501
0.633969411017576,6811,-3,1,0,1,-1,0.6,0.0,2025-Jan-29-23:37:20.680232
0.633969411017576,6812,-3,1,0,1,-1,0.6,0.0,2025-Jan-29-23:37:20.756114
0.633969411017576,6813,-3,1,0,1,-1,0.6,0.0,2025-Jan-29-23:37:20.813250
0.6623205707411806,6814,-3,1,0,1,0,0.4,0.0,2025-Jan-29-23:37:20.860536
0.6623205707411806,6815,-3,1,0,1,0,0.4,0.0,2025-Jan-29-23:37:20.905693
0.6623205707411806,6816,-3,1,0,1,0,0.4,0.0,2025-Jan-29-23:37:20.947720
0.6906709359502543,6817,-3,1,0,1,0,0.2,0.0,2025-Jan-29-23:37:20.990196
0.6764958527894045,6818,-3,1,0,1,0,0.30000000000000004,0.0,2025-Jan-29-23:37:21.032533
0.6764958527894045,6819,-3,1,0,1,0,0.30000000000000004,0.0,2025-Jan-29-23:37:21.075985
0.6906709359502543,6820,-3,1,0,1,0,0.2,0.0,2025-Jan-29-23:37:21.118159
0.6906709392213018,6821,-3,1,0,1,-1,0.2,0.0,2025-Jan-29-23:37:21.160680
0.7190205063079972,6822,-3,1,0,0,-1,0.0,0.0,2025-Jan-29-23:37:21.203929
0.7190205031455159,6823,-3,1,0,0,0,0.0,0.0,2025-Jan-29-23:37:21.246104
0.6906709392213018,6824,-3,1,0,1,-1,0.2,0.0,2025-Jan-29-23:37:21.396229
0.7190205063079972,6825,-3,1,0,0,-1,0.0,0.0,2025-Jan-29-23:37:21.439657
0.7040048287490615,6826,0,1,0,0,0,0.0,0.0,2025-Jan-29-23:37:21.493291
0.7040048287490615,6827,0,1,0,0,0,0.0,0.0,2025-Jan-29-23:37:21.545914
0.7040048287490615,6828,0,1,0,0,0,0.0,0.0,2025-Jan-29-23:37:21.644523
0.7190204893192401,6829,-3,1,0,0,1,0.0,0.8,2025-Jan-29-23:37:21.739573
0.7190204893192401,6830,-3,1,0,0,1,0.0,0.8,2025-Jan-29-23:37:21.810903
0.7190204893192401,6831,-3,1,0,0,1,0.0,0.8,2025-Jan-29-23:37:21.867501
0.7190204898596041,6832,-3,1,0,0,1,0.0,0.7000000000000001,2025-Jan-29-23:37:21.921324
0.7190205063079972,6833,-3,1,0,0,-1,0.0,0.0,2025-Jan-29-23:37:21.963499
0.7190204893192401,6834,-3,1,0,0,1,0.0,0.8,2025-Jan-29-23:37:22.017740
0.7190205031455159,6835,-3,1,0,0,0,0.0,0.0,2025-Jan-29-23:37:22.061187
0.7190204896416055,6836,-3,1,0,0,1,0.0,1.5000000000000002,2025-Jan-29-23:37:22.116348
0.7190205063079972,6837,-3,1,0,0,-1,0.0,0.0,2025-Jan-29-23:37:22.159043
0.7190205063079972,6838,-3,1,0,0,-1,0.0,0.0,2025-Jan-29-23:37:22.202710
0.7190204896416055,6839,-3,1,0,0,1,0.0,1.5000000000000002,2025-Jan-29-23:37:22.256683
0.7190204896416055,6840,-3,1,0,0,1,0.0,1.5000000000000002,2025-Jan-29-23:37:22.309440
0.7190204897285821,6841,-3,1,0,0,1,0.0,1.3000000000000003,2025-Jan-29-23:37:22.369571
0.7190204897285821,6842,-3,1,0,0,1,0.0,1.3000000000000003,2025-Jan-29-23:37:22.423898
0.7190204897285821,6843,-3,1,0,0,1,0.0,1.3000000000000003,2025-Jan-29-23:37:22.479800
0.7190204897285821,6844,-3,1,0,0,1,0.0,1.3000000000000003,2025-Jan-29-23:37:22.533836
0.7190204897285821,6845,-3,1,0,0,1,0.0,1.3000000000000003,2025-Jan-29-23:37:22.600955
0.7190204897285821,6846,-3,1,0,0,1,0.0,1.3000000000000003,2025-Jan-29-23:37:22.688641
0.7190204897285821,6847,-3,1,0,0,1,0.0,1.3000000000000003,2025-Jan-29-23:37:22.768657
0.7190204897285821,6848,-3,1,0,0,1,0.0,1.3000000000000003,2025-Jan-29-23:37:22.821418
0.7190205063079972,6849,-3,1,0,0,-1,0.0,0.0,2025-Jan-29-23:37:22.868401
0.7190204897704602,6850,-3,1,0,0,1,0.0,1.0,2025-Jan-29-23:37:22.922621
0.7190204897704602,6851,-3,1,0,0,1,0.0,1.0,2025-Jan-29-23:37:22.976249
0.7190204897704602,6852,-3,1,0,0,1,0.0,1.0,2025-Jan-29-23:37:23.031342
0.7190204898199815,6853,-3,1,0,0,1,0.0,0.30000000000000004,2025-Jan-29-23:37:23.090630
0.7190204898199815,6854,-3,1,0,0,1,0.0,0.30000000000000004,2025-Jan-29-23:37:23.145457
0.7190204898199815,6855,-3,1,0,0,1,0.0,0.30000000000000004,2025-Jan-29-23:37:23.198247
0.7190204898199815,6856,-3,1,0,0,1,0.0,0.30000000000000004,2025-Jan-29-23:37:23.259688
0.7190204898199815,6857,-3,1,0,0,1,0.0,0.30000000000000004,2025-Jan-29-23:37:23.319025
0.7190205031455159,6858,-3,1,0,0,0,0.0,0.0,2025-Jan-29-23:37:23.371262
0.7190204898199815,6859,-3,1,0,0,1,0.0,0.30000000000000004,2025-Jan-29-23:37:23.424772
0.7190204898199815,6860,-3,1,0,0,1,0.0,0.30000000000000004,2025-Jan-29-23:37:23.478592
0.7190204898199815,6861,-3,1,0,0,1,0.0,0.30000000000000004,2025-Jan-29-23:37:23.536370
0.7190205031455159,6862,-3,1,0,0,0,0.0,0.0,2025-Jan-29-23:37:23.602340
0.7190204898199815,6863,-3,1,0,0,1,0.0,0.30000000000000004,2025-Jan-29-23:37:23.678434
0.7190205063079972,6864,-3,1,0,0,-1,0.0,0.0,2025-Jan-29-23:37:23.753703
0.7190204898834608,6865,-3,1,0,0,1,0.0,1.1,2025-Jan-29-23:37:23.813817
0.7190204898834608,6866,-3,1,0,0,1,0.0,1.1,2025-Jan-29-23:37:23.871266
0.7190204898834608,6867,-3,1,0,0,1,0.0,1.1,2025-Jan-29-23:37:23.926209
0.7190204900498527,6868,-3,1,0,0,1,0.0,1.6,2025-Jan-29-23:37:23.979147
0.7190204899700696,6869,-3,1,0,0,1,0.0,1.7000000000000002,2025-Jan-29-23:37:24.034705
0.7190204899700696,6870,-3,1,0,0,1,0.0,1.7000000000000002,2025-Jan-29-23:37:24.094073
0.7190205031455159,6871,-3,1,0,0,0,0.0,0.0,2025-Jan-29-23:37:24.136760
0.7190205031455159,6872,-3,1,0,0,0,0.0,0.0,2025-Jan-29-23:37:24.179130
0.7190205031455159,6873,-3,1,0,0,0,0.0,0.0,2025-Jan-29-23:37:24.221973
0.7190205031455159,6874,-3,1,0,0,0,0.0,0.0,2025-Jan-29-23:37:24.264368
0.7190205031455159,6875,-3,1,0,0,0,0.0,0.0,2025-Jan-29-23:37:24.305901
0.7190205031455159,6876,-3,1,0,0,0,0.0,0.0,2025-Jan-29-23:37:24.352840
0.7190205031455159,6877,-3,1,0,0,0,0.0,0.0,2025-Jan-29-23:37:24.399556
0.7190205031455159,6878,-3,1,0,0,0,0.0,0.0,2025-Jan-29-23:37:24.441944
0.7190205031455159,6879,-3,1,0,0,0,0.0,0.0,2025-Jan-29-23:37:24.486510
0.7190205031455159,6880,-3,1,0,0,0,0.0,0.0,2025-Jan-29-23:37:24.528450
0.7190205031455159,6881,-3,1,0,0,0,0.0,0.0,2025-Jan-29-23:37:24.591179
0.7190205031455159,6882,-3,1,0,0,0,0.0,0.0,2025-Jan-29-23:37:24.659344
0.7190205031455159,6883,-3,1,0,0,0,0.0,0.0,2025-Jan-29-23:37:24.735835
0.7190205031455159,6884,-3,1,0,0,0,0.0,0.0,2025-Jan-29-23:37:24.798071
0.7190205031455159,6885,-3,1,0,0,0,0.0,0.0,2025-Jan-29-23:37:24.841374
0.7190205031455159,6886,-3,1,0,0,0,0.0,0.0,2025-Jan-29-23:37:24.887571
0.7190205031455159,6887,-3,1,0,0,0,0.0,0.0,2025-Jan-29-23:37:24.930637
0.7190205031455159,6888,-3,1,0,0,0,0.0,0.0,2025-Jan-29-23:37:24.973967
0.7190205031455159,6889,-3,1,0,0,0,0.0,0.0,2025-Jan-29-23:37:25.017381
0.7190205031455159,6890,-3,1,0,0,0,0.0,0.0,2025-Jan-29-23:37:25.061598
0.7190205031455159,6891,-3,1,0,0,0,0.0,0.0,2025-Jan-29-23:37:25.105058
0.7190205031455159,6892,-3,1,0,0,0,0.0,0.0,2025-Jan-29-23:37:25.147295
0.7190205031455159,6893,-3,1,0,0,0,0.0,0.0,2025-Jan-29-23:37:25.193215
0.7190205031455159,6894,-3,1,0,0,0,0.0,0.0,2025-Jan-29-23:37:25.234691
0.7190205031455159,6895,-3,1,0,0,0,0.0,0.0,2025-Jan-29-23:37:25.276868
0.7190205031455159,6896,-3,1,0,0,0,0.0,0.0,2025-Jan-29-23:37:25.318875
0.7190205031455159,6897,-3,1,0,0,0,0.0,0.0,2025-Jan-29-23:37:25.365255
0.7190205031455159,6898,-3,1,0,0,0,0.0,0.0,2025-Jan-29-23:37:25.412956
0.7190205031455159,6899,-3,1,0,0,0,0.0,0.0,2025-Jan-29-23:37:25.459070
0.7190205031455159,6900,-3,1,0,0,0,0.0,0.0,2025-Jan-29-23:37:25.502776
0.7190205031455159,6901,-3,1,0,0,0,0.0,0.0,2025-Jan-29-23:37:25.545483
0.7190205031455159,6902,-3,1,0,0,0,0.0,0.0,2025-Jan-29-23:37:25.625028
0.7190205031455159,6903,-3,1,0,0,0,0.0,0.0,2025-Jan-29-23:37:25.815291
0.7190205031455159,6904,-3,1,0,0,0,0.0,0.0,2025-Jan-29-23:37:25.883702
0.7190205031455159,6905,-3,1,0,0,0,0.0,0.0,2025-Jan-29-23:37:25.932128
0.7190205063079972,6906,-3,1,0,0,-1,0.0,0.0,2025-Jan-29-23:37:25.975857
0.7190205031455159,6907,-3,1,0,0,0,0.0,0.0,2025-Jan-29-23:37:26.018120
0.7190205031455159,6908,-3,1,0,0,0,0.0,0.0,2025-Jan-29-23:37:26.064303
0.7563743116923222,6909,-3,1,0,-1,-1,0.0,0.0,2025-Jan-29-23:37:26.120069
0.6906709392213018,6910,-3,1,0,1,-1,0.2,0.0,2025-Jan-29-23:37:26.161996
0.5426186754555834,6911,-3,1,0,1,0,1.5000000000000002,0.0,2025-Jan-29-23:37:26.233615
0.7489822891669069,6912,-3,1,0,-1,0,0.0,0.0,2025-Jan-29-23:37:26.288423
0.633969411017576,6913,-3,1,0,1,-1,0.6,0.0,2025-Jan-29-23:37:26.331849
1.0740211299164697,6914,-3,1,1,0,1,0.0,0.30000000000000004,2025-Jan-29-23:37:26.395548
0.6056174413729246,6915,-3,1,0,1,0,0.8,0.0,2025-Jan-29-23:37:26.438084
0.7489822891669069,6916,-3,1,0,-1,0,0.0,0.0,2025-Jan-29-23:37:26.496338
0.5630879756869492,6917,-3,1,0,1,0,1.1,0.0,2025-Jan-29-23:37:26.539104
0.7190205031455159,6918,-3,1,0,0,0,0.0,0.0,2025-Jan-29-23:37:26.609917
0.7190205031455159,6919,-3,1,0,0,0,0.0,0.0,2025-Jan-29-23:37:26.690704
0.8976187082145128,6920,-3,1,1,1,-1,1.3000000000000003,0.0,2025-Jan-29-23:37:26.801754
0.7190205031455159,6921,-3,1,0,0,0,0.0,0.0,2025-Jan-29-23:37:26.848420
1.1113749517846028,6922,-3,1,1,-1,-1,0.0,0.0,2025-Jan-29-23:37:26.907312
0.7190204899612234,6923,-3,1,0,0,1,0.0,0.4,2025-Jan-29-23:37:26.963356
0.7190205063079972,6924,-3,1,0,0,-1,0.0,0.0,2025-Jan-29-23:37:27.008433
0.7190205031455159,6925,-3,1,0,0,0,0.0,0.0,2025-Jan-29-23:37:27.053468
0.9180886158020971,6926,-3,1,1,1,0,1.1,0.0,2025-Jan-29-23:37:27.099698
0.7190204896621231,6927,-3,1,0,0,1,0.0,1.4000000000000001,2025-Jan-29-23:37:27.155737
0.7190205031455159,6928,-3,1,0,0,0,0.0,0.0,2025-Jan-29-23:37:27.200634
0.7190205031455159,6929,-3,1,0,0,0,0.0,0.0,2025-Jan-29-23:37:27.245732
0.9606180814829505,6930,-3,1,1,1,0,0.8,0.0,2025-Jan-29-23:37:27.290396
0.7563742951686023,6931,-3,1,0,-1,1,0.0,1.3000000000000003,2025-Jan-29-23:37:27.370973
0.5426180513319987,6932,-3,1,0,1,1,1.3000000000000003,0.30000000000000004,2025-Jan-29-23:37:27.452772
0.5426183696016111,6933,-3,1,0,1,0,1.4000000000000001,0.0,2025-Jan-29-23:37:27.526997
0.7190204900498527,6934,-3,1,0,0,1,0.0,1.6,2025-Jan-29-23:37:27.597378
0.7190205031455159,6935,-3,1,0,0,0,0.0,0.0,2025-Jan-29-23:37:27.687294
0.7190205031455159,6936,-3,1,0,0,0,0.0,0.0,2025-Jan-29-23:37:27.775705
0.8976205455665484,6937,-3,1,1,1,0,1.9000000000000001,0.0,2025-Jan-29-23:37:27.874055
1.0740211432420042,6938,-3,1,1,0,0,0.0,0.0,2025-Jan-29-23:37:27.923147
0.7190204898199815,6939,-3,1,0,0,1,0.0,0.30000000000000004,2025-Jan-29-23:37:27.980025
0.7489822891669069,6940,-3,1,0,-1,0,0.0,0.0,2025-Jan-29-23:37:28.039053
0.7190205031455159,6941,-3,1,0,0,0,0.0,0.0,2025-Jan-29-23:37:28.085029
0.7190205063079972,6942,-3,1,0,0,-1,0.0,0.0,2025-Jan-29-23:37:28.130650
0.6906709229152492,6943,-3,1,0,1,1,0.2,1.6,2025-Jan-29-23:37:28.186746
0.5489110840296278,6944,-3,1,0,1,-1,1.2000000000000002,0.0,2025-Jan-29-23:37:28.232183
0.7190205031455159,6945,-3,1,0,0,0,0.0,0.0,2025-Jan-29-23:37:28.277309
0.7190205063079972,6946,-3,1,0,0,-1,0.0,0.0,2025-Jan-29-23:37:28.322603
0.9747941687812872,6947,-3,1,1,1,-1,0.7000000000000001,0.0,2025-Jan-29-23:37:28.368135
0.6056174413729246,6948,-3,1,0,1,0,0.8,0.0,2025-Jan-29-23:37:28.418017
0.7190205031455159,6949,-3,1,0,0,0,0.0,0.0,2025-Jan-29-23:37:28.463319
0.5426199054488166,6950,-3,1,0,1,0,1.9000000000000001,0.0,2025-Jan-29-23:37:28.537434
0.7190205031455159,6951,-3,1,0,0,0,0.0,0.0,2025-Jan-29-23:37:28.611043
0.7190205031455159,6952,-3,1,0,0,0,0.0,0.0,2025-Jan-29-23:37:28.699428
0.7563743116923222,6953,-3,1,0,-1,-1,0.0,0.0,2025-Jan-29-23:37:28.804801
0.5426180513319987,6954,-3,1,0,1,1,1.3000000000000003,0.30000000000000004,2025-Jan-29-23:37:28.892005
0.5426180513319987,6955,-3,1,0,1,1,1.3000000000000003,0.30000000000000004,2025-Jan-29-23:37:28.975156
0.5426180513319987,6956,-3,1,0,1,1,1.3000000000000003,0.30000000000000004,2025-Jan-29-23:37:29.228252
0.7489822891669069,6957,-3,1,0,-1,0,0.0,0.0,2025-Jan-29-23:37:29.288007
0.5426180513319987,6958,-3,1,0,1,1,1.3000000000000003,0.30000000000000004,2025-Jan-29-23:37:29.368953
0.7563743116923222,6959,-3,1,0,-1,-1,0.0,0.0,2025-Jan-29-23:37:29.428580
0.5426180680968833,6960,-3,1,0,1,-1,1.3000000000000003,0.0,2025-Jan-29-23:37:29.504762
0.5426180680968833,6961,-3,1,0,1,-1,1.3000000000000003,0.0,2025-Jan-29-23:37:29.611374
0.7190205031455159,6962,-3,1,0,0,0,0.0,0.0,2025-Jan-29-23:37:29.692536
0.5426183696016111,6963,-3,1,0,1,0,1.4000000000000001,0.0,2025-Jan-29-23:37:29.797788
0.5426183696016111,6964,-3,1,0,1,0,1.4000000000000001,0.0,2025-Jan-29-23:37:29.876023
0.5426183696016111,6965,-3,1,0,1,0,1.4000000000000001,0.0,2025-Jan-29-23:37:29.949217
0.7190205031455159,6966,-3,1,0,0,0,0.0,0.0,2025-Jan-29-23:37:29.991923
0.5426183696016111,6967,-3,1,0,1,0,1.4000000000000001,0.0,2025-Jan-29-23:37:30.065870
0.7190205031455159,6968,-3,1,0,0,0,0.0,0.0,2025-Jan-29-23:37:30.108497
0.5426186754555834,6969,-3,1,0,1,0,1.5000000000000002,0.0,2025-Jan-29-23:37:30.180430
0.7190205031455159,6970,-3,1,0,0,0,0.0,0.0,2025-Jan-29-23:37:30.222621
0.5426186754555834,6971,-3,1,0,1,0,1.5000000000000002,0.0,2025-Jan-29-23:37:30.293276
0.5426183696016111,6972,-3,1,0,1,0,1.4000000000000001,0.0,2025-Jan-29-23:37:30.367166
0.5426186754555834,6973,-3,1,0,1,0,1.5000000000000002,0.0,2025-Jan-29-23:37:30.445441
0.5426186754555834,6974,-3,1,0,1,0,1.5000000000000002,0.0,2025-Jan-29-23:37:30.517575
0.5426186754555834,6975,-3,1,0,1,0,1.5000000000000002,0.0,2025-Jan-29-23:37:30.615856
0.7190205031455159,6976,-3,1,0,0,0,0.0,0.0,2025-Jan-29-23:37:30.677030
0.5426186754555834,6977,-3,1,0,1,0,1.5000000000000002,0.0,2025-Jan-29-23:37:30.775885
0.5426186754555834,6978,-3,1,0,1,0,1.5000000000000002,0.0,2025-Jan-29-23:37:30.851571
0.5426189819003882,6979,-3,1,0,1,0,1.6,0.0,2025-Jan-29-23:37:30.936119
0.7190205031455159,6980,-3,1,0,0,0,0.0,0.0,2025-Jan-29-23:37:30.981903
0.5426199054488166,6981,-3,1,0,1,0,1.9000000000000001,0.0,2025-Jan-29-23:37:31.055355
0.7190205031455159,6982,-3,1,0,0,0,0.0,0.0,2025-Jan-29-23:37:31.099543
0.5426199054488166,6983,-3,1,0,1,0,1.9000000000000001,0.0,2025-Jan-29-23:37:31.179105
0.5426199054488166,6984,-3,1,0,1,0,1.9000000000000001,0.0,2025-Jan-29-23:37:31.251383
0.5426199054488166,6985,-3,1,0,1,0,1.9000000000000001,0.0,2025-Jan-29-23:37:31.324459
0.5426199054488166,6986,-3,1,0,1,0,1.9000000000000001,0.0,2025-Jan-29-23:37:31.407084
0.7563743116923222,6987,-3,1,0,-1,-1,0.0,0.0,2025-Jan-29-23:37:31.462205
0.5426199092930079,6988,-3,1,0,1,-1,1.9000000000000001,0.0,2025-Jan-29-23:37:31.532233
0.54261959709011,6989,-3,1,0,1,0,1.8000000000000003,0.0,2025-Jan-29-23:37:31.626597
0.5489110840296278,6990,-3,1,0,1,-1,1.2000000000000002,0.0,2025-Jan-29-23:37:31.696316
0.5489110840296278,6991,-3,1,0,1,-1,1.2000000000000002,0.0,2025-Jan-29-23:37:31.771564
0.5489110840296278,6992,-3,1,0,1,-1,1.2000000000000002,0.0,2025-Jan-29-23:37:31.821073
0.7563743116923222,6993,-3,1,0,-1,-1,0.0,0.0,2025-Jan-29-23:37:31.886493
0.5489110802122255,6994,-3,1,0,1,0,1.2000000000000002,0.0,2025-Jan-29-23:37:31.933524
0.7489822891669069,6995,-3,1,0,-1,0,0.0,0.0,2025-Jan-29-23:37:31.994095
0.7190205031455159,6996,-3,1,0,0,0,0.0,0.0,2025-Jan-29-23:37:32.041249
0.7190205031455159,6997,-3,1,0,0,0,0.0,0.0,2025-Jan-29-23:37:32.089810
0.5489110840296278,6998,-3,1,0,1,-1,1.2000000000000002,0.0,2025-Jan-29-23:37:32.133058
0.7190205063079972,6999,-3,1,0,0,-1,0.0,0.0,2025-Jan-29-23:37:32.175866
0.5489110840296278,7000,-3,1,0,1,-1,1.2000000000000002,0.0,2025-Jan-29-23:37:32.220441
0.5489110840296278,7001,-3,1,0,1,-1,1.2000000000000002,0.0,2025-Jan-29-23:37:32.263772
0.5630879756869492,7002,-3,1,0,1,0,1.1,0.0,2025-Jan-29-23:37:32.306254
0.5630879756869492,7003,-3,1,0,1,0,1.1,0.0,2025-Jan-29-23:37:32.350641
0.5630879756869492,7004,-3,1,0,1,0,1.1,0.0,2025-Jan-29-23:37:32.399267
0.5630879756869492,7005,-3,1,0,1,0,1.1,0.0,2025-Jan-29-23:37:32.443113
0.5630879625980426,7006,-3,1,0,1,1,1.1,0.9,2025-Jan-29-23:37:32.507001
0.7190205031455159,7007,-3,1,0,0,0,0.0,0.0,2025-Jan-29-23:37:32.568610
0.7563742950600578,7008,-3,1,0,-1,1,0.0,0.30000000000000004,2025-Jan-29-23:37:32.678018
0.6056174282907758,7009,-3,1,0,1,1,0.8,0.30000000000000004,2025-Jan-29-23:37:32.771376
0.6056174282907758,7010,-3,1,0,1,1,0.8,0.30000000000000004,2025-Jan-29-23:37:32.932577
0.6056174282907758,7011,-3,1,0,1,1,0.8,0.30000000000000004,2025-Jan-29-23:37:32.986848
0.7489822748812069,7012,-3,1,0,-1,1,0.0,0.2,2025-Jan-29-23:37:33.065818
0.7190205031455159,7013,-3,1,0,0,0,0.0,0.0,2025-Jan-29-23:37:33.109125
0.6056174413729246,7014,-3,1,0,1,0,0.8,0.0,2025-Jan-29-23:37:33.151956
0.6056174413729246,7015,-3,1,0,1,0,0.8,0.0,2025-Jan-29-23:37:33.194775
0.7489822891669069,7016,-3,1,0,-1,0,0.0,0.0,2025-Jan-29-23:37:33.249737
0.6056174413729246,7017,-3,1,0,1,0,0.8,0.0,2025-Jan-29-23:37:33.292047
0.6056174413729246,7018,-3,1,0,1,0,0.8,0.0,2025-Jan-29-23:37:33.334440
0.6056174413729246,7019,-3,1,0,1,0,0.8,0.0,2025-Jan-29-23:37:33.379431
0.7489822891669069,7020,-3,1,0,-1,0,0.0,0.0,2025-Jan-29-23:37:33.434957
0.6056174413729246,7021,-3,1,0,1,0,0.8,0.0,2025-Jan-29-23:37:33.480252
0.7489822891669069,7022,-3,1,0,-1,0,0.0,0.0,2025-Jan-29-23:37:33.535771
0.7190205031455159,7023,-3,1,0,0,0,0.0,0.0,2025-Jan-29-23:37:33.590935
0.6056174413729246,7024,-3,1,0,1,0,0.8,0.0,2025-Jan-29-23:37:33.664141
0.7190205031455159,7025,-3,1,0,0,0,0.0,0.0,2025-Jan-29-23:37:33.736839
0.7489822891669069,7026,-3,1,0,-1,0,0.0,0.0,2025-Jan-29-23:37:33.810118
0.6339694075286959,7027,-3,1,0,1,0,0.6,0.0,2025-Jan-29-23:37:33.855965
0.6339694075286959,7028,-3,1,0,1,0,0.6,0.0,2025-Jan-29-23:37:33.899440
0.633969411017576,7029,-3,1,0,1,-1,0.6,0.0,2025-Jan-29-23:37:33.941648
0.7563743116923222,7030,-3,1,0,-1,-1,0.0,0.0,2025-Jan-29-23:37:33.998444
0.7489822891669069,7031,-3,1,0,-1,0,0.0,0.0,2025-Jan-29-23:37:34.056714
0.633969411017576,7032,-3,1,0,1,-1,0.6,0.0,2025-Jan-29-23:37:34.101423
0.633969411017576,7033,-3,1,0,1,-1,0.6,0.0,2025-Jan-29-23:37:34.143765
0.633969411017576,7034,-3,1,0,1,-1,0.6,0.0,2025-Jan-29-23:37:34.185829
0.7190205031455159,7035,-3,1,0,0,0,0.0,0.0,2025-Jan-29-23:37:34.227482
0.633969411017576,7036,-3,1,0,1,-1,0.6,0.0,2025-Jan-29-23:37:34.269177
0.7489822891669069,7037,-3,1,0,-1,0,0.0,0.0,2025-Jan-29-23:37:34.322951
0.7563743116923222,7038,-3,1,0,-1,-1,0.0,0.0,2025-Jan-29-23:37:34.382282
0.633969411017576,7039,-3,1,0,1,-1,0.6,0.0,2025-Jan-29-23:37:34.427245
0.633969411017576,7040,-3,1,0,1,-1,0.6,0.0,2025-Jan-29-23:37:34.469600
0.6623205707411806,7041,-3,1,0,1,0,0.4,0.0,2025-Jan-29-23:37:34.511479
0.6623205707411806,7042,-3,1,0,1,0,0.4,0.0,2025-Jan-29-23:37:34.570465
1.0173212108444156,7043,-3,1,1,1,0,0.4,0.0,2025-Jan-29-23:37:34.660333
0.6764958527894045,7044,-3,1,0,1,0,0.30000000000000004,0.0,2025-Jan-29-23:37:34.731012
0.7190205031455159,7045,-3,1,0,0,0,0.0,0.0,2025-Jan-29-23:37:34.797289
0.6764958527894045,7046,-3,1,0,1,0,0.30000000000000004,0.0,2025-Jan-29-23:37:34.843776
0.7190205031455159,7047,-3,1,0,0,0,0.0,0.0,2025-Jan-29-23:37:34.889609
0.7190205031455159,7048,-3,1,0,0,0,0.0,0.0,2025-Jan-29-23:37:34.934587
0.6764958397847576,7049,-3,1,0,1,1,0.30000000000000004,1.6,2025-Jan-29-23:37:34.990533
0.6906709392213018,7050,-3,1,0,1,-1,0.2,0.0,2025-Jan-29-23:37:35.036350
0.6906709392213018,7051,-3,1,0,1,-1,0.2,0.0,2025-Jan-29-23:37:35.081196
0.7190205063079972,7052,-3,1,0,0,-1,0.0,0.0,2025-Jan-29-23:37:35.126378
0.6906709392213018,7053,-3,1,0,1,-1,0.2,0.0,2025-Jan-29-23:37:35.171304
0.6906709392213018,7054,-3,1,0,1,-1,0.2,0.0,2025-Jan-29-23:37:35.216341
0.6906709392213018,7055,-3,1,0,1,-1,0.2,0.0,2025-Jan-29-23:37:35.260769
0.7563743116923222,7056,-3,1,0,-1,-1,0.0,0.0,2025-Jan-29-23:37:35.317998
0.6906709392213018,7057,-3,1,0,1,-1,0.2,0.0,2025-Jan-29-23:37:35.364145
0.6906709392213018,7058,-3,1,0,1,-1,0.2,0.0,2025-Jan-29-23:37:35.410754
0.7040048287490615,7059,0,1,0,0,0,0.0,0.0,2025-Jan-29-23:37:35.466634
0.7040048287490615,7060,0,1,0,0,0,0.0,0.0,2025-Jan-29-23:37:35.526160
0.7040048287490615,7061,0,1,0,0,0,0.0,0.0,2025-Jan-29-23:37:35.605936
0.7190204893192401,7062,-3,1,0,0,1,0.0,0.8,2025-Jan-29-23:37:35.694986
0.7190204893192401,7063,-3,1,0,0,1,0.0,0.8,2025-Jan-29-23:37:35.787881
0.7190204893192401,7064,-3,1,0,0,1,0.0,0.8,2025-Jan-29-23:37:35.851492
0.7190204893192401,7065,-3,1,0,0,1,0.0,0.8,2025-Jan-29-23:37:35.909588
0.7190204893192401,7066,-3,1,0,0,1,0.0,0.8,2025-Jan-29-23:37:35.967282
0.7190205031455159,7067,-3,1,0,0,0,0.0,0.0,2025-Jan-29-23:37:36.012858
0.7190205031455159,7068,-3,1,0,0,0,0.0,0.0,2025-Jan-29-23:37:36.058869
0.7190204896621231,7069,-3,1,0,0,1,0.0,1.4000000000000001,2025-Jan-29-23:37:36.117304
0.7190205031455159,7070,-3,1,0,0,0,0.0,0.0,2025-Jan-29-23:37:36.163425
0.7190205063079972,7071,-3,1,0,0,-1,0.0,0.0,2025-Jan-29-23:37:36.209740
0.7190204896416055,7072,-3,1,0,0,1,0.0,1.5000000000000002,2025-Jan-29-23:37:36.265874
0.7190204896416055,7073,-3,1,0,0,1,0.0,1.5000000000000002,2025-Jan-29-23:37:36.323819
0.7190204896621231,7074,-3,1,0,0,1,0.0,1.4000000000000001,2025-Jan-29-23:37:36.383273
0.7190204896621231,7075,-3,1,0,0,1,0.0,1.4000000000000001,2025-Jan-29-23:37:36.440909
0.7190204896621231,7076,-3,1,0,0,1,0.0,1.4000000000000001,2025-Jan-29-23:37:36.495519
0.7190204897285821,7077,-3,1,0,0,1,0.0,1.3000000000000003,2025-Jan-29-23:37:36.572143
0.719020490080821,7078,-3,1,0,0,1,0.0,1.2000000000000002,2025-Jan-29-23:37:36.668085
0.7190204897285821,7079,-3,1,0,0,1,0.0,1.3000000000000003,2025-Jan-29-23:37:36.869758
0.7190204897285821,7080,-3,1,0,0,1,0.0,1.3000000000000003,2025-Jan-29-23:37:36.939726
0.7190205063079972,7081,-3,1,0,0,-1,0.0,0.0,2025-Jan-29-23:37:36.983116
0.7190204897285821,7082,-3,1,0,0,1,0.0,1.3000000000000003,2025-Jan-29-23:37:37.038940
0.7190204897285821,7083,-3,1,0,0,1,0.0,1.3000000000000003,2025-Jan-29-23:37:37.095657
0.7190205063079972,7084,-3,1,0,0,-1,0.0,0.0,2025-Jan-29-23:37:37.141130
0.7190204897285821,7085,-3,1,0,0,1,0.0,1.3000000000000003,2025-Jan-29-23:37:37.194626
0.7190204898834608,7086,-3,1,0,0,1,0.0,1.1,2025-Jan-29-23:37:37.247590
0.7190204897704602,7087,-3,1,0,0,1,0.0,1.0,2025-Jan-29-23:37:37.304465
0.7190204897704602,7088,-3,1,0,0,1,0.0,1.0,2025-Jan-29-23:37:37.359792
0.5426183567155061,7089,-3,1,0,1,1,1.4000000000000001,0.30000000000000004,2025-Jan-29-23:37:37.444370
0.7190204898405751,7090,-3,1,0,0,1,0.0,0.2,2025-Jan-29-23:37:37.498581
0.5426183567155061,7091,-3,1,0,1,1,1.4000000000000001,0.30000000000000004,2025-Jan-29-23:37:37.595439
0.7190205031455159,7092,-3,1,0,0,0,0.0,0.0,2025-Jan-29-23:37:37.673242
0.7190204898199815,7093,-3,1,0,0,1,0.0,0.30000000000000004,2025-Jan-29-23:37:37.761567
0.7190204898199815,7094,-3,1,0,0,1,0.0,0.30000000000000004,2025-Jan-29-23:37:37.817211
0.7190205031455159,7095,-3,1,0,0,0,0.0,0.0,2025-Jan-29-23:37:37.864674
0.7190204898199815,7096,-3,1,0,0,1,0.0,0.30000000000000004,2025-Jan-29-23:37:37.920073
0.7190204898199815,7097,-3,1,0,0,1,0.0,0.30000000000000004,2025-Jan-29-23:37:37.974815
0.7190204898199815,7098,-3,1,0,0,1,0.0,0.30000000000000004,2025-Jan-29-23:37:38.031312
0.7190204898199815,7099,-3,1,0,0,1,0.0,0.30000000000000004,2025-Jan-29-23:37:38.088978
0.7190204898199815,7100,-3,1,0,0,1,0.0,0.30000000000000004,2025-Jan-29-23:37:38.142237
0.7190204898199815,7101,-3,1,0,0,1,0.0,0.30000000000000004,2025-Jan-29-23:37:38.195888
0.7190204898199815,7102,-3,1,0,0,1,0.0,0.30000000000000004,2025-Jan-29-23:37:38.249568
0.7190205031455159,7103,-3,1,0,0,0,0.0,0.0,2025-Jan-29-23:37:38.291956
0.7489822891669069,7104,-3,1,0,-1,0,0.0,0.0,2025-Jan-29-23:37:38.349518
0.7190205063079972,7105,-3,1,0,0,-1,0.0,0.0,2025-Jan-29-23:37:38.396898
0.7190205063079972,7106,-3,1,0,0,-1,0.0,0.0,2025-Jan-29-23:37:38.441099
0.7190205063079972,7107,-3,1,0,0,-1,0.0,0.0,2025-Jan-29-23:37:38.486684
0.7190204898199815,7108,-3,1,0,0,1,0.0,0.30000000000000004,2025-Jan-29-23:37:38.542378
0.7190205031455159,7109,-3,1,0,0,0,0.0,0.0,2025-Jan-29-23:37:38.605566
0.7190205063079972,7110,-3,1,0,0,-1,0.0,0.0,2025-Jan-29-23:37:38.682039
0.7190205031455159,7111,-3,1,0,0,0,0.0,0.0,2025-Jan-29-23:37:38.751699
0.7190205031455159,7112,-3,1,0,0,0,0.0,0.0,2025-Jan-29-23:37:38.814028
0.7190205031455159,7113,-3,1,0,0,0,0.0,0.0,2025-Jan-29-23:37:38.859021
0.7190205031455159,7114,-3,1,0,0,0,0.0,0.0,2025-Jan-29-23:37:38.902853
0.7563743116923222,7115,-3,1,0,-1,-1,0.0,0.0,2025-Jan-29-23:37:38.958414
0.5426183696016111,7116,-3,1,0,1,0,1.4000000000000001,0.0,2025-Jan-29-23:37:39.029220
1.0740211299164697,7117,-3,1,1,0,1,0.0,0.30000000000000004,2025-Jan-29-23:37:39.087008
0.5489110802122255,7118,-3,1,0,1,0,1.2000000000000002,0.0,2025-Jan-29-23:37:39.130870
0.5426180642548899,7119,-3,1,0,1,0,1.3000000000000003,0.0,2025-Jan-29-23:37:39.202487
0.633969411017576,7120,-3,1,0,1,-1,0.6,0.0,2025-Jan-29-23:37:39.245037
0.7190204898199815,7121,-3,1,0,0,1,0.0,0.30000000000000004,2025-Jan-29-23:37:39.298372
0.5426186754555834,7122,-3,1,0,1,0,1.5000000000000002,0.0,2025-Jan-29-23:37:39.371497
0.7190205031455159,7123,-3,1,0,0,0,0.0,0.0,2025-Jan-29-23:37:39.415957
0.7190205031455159,7124,-3,1,0,0,0,0.0,0.0,2025-Jan-29-23:37:39.458651
0.6056174413729246,7125,-3,1,0,1,0,0.8,0.0,2025-Jan-29-23:37:39.504534
0.6906709359502543,7126,-3,1,0,1,0,0.2,0.0,2025-Jan-29-23:37:39.547079
0.5489110672522474,7127,-3,1,0,1,1,1.2000000000000002,0.30000000000000004,2025-Jan-29-23:37:39.645569
0.7190205031455159,7128,-3,1,0,0,0,0.0,0.0,2025-Jan-29-23:37:39.713051
0.6056174413729246,7129,-3,1,0,1,0,0.8,0.0,2025-Jan-29-23:37:39.782535
0.7563742948803054,7130,-3,1,0,-1,1,0.0,0.9,2025-Jan-29-23:37:39.865414
0.7563743116923222,7131,-3,1,0,-1,-1,0.0,0.0,2025-Jan-29-23:37:39.923146
0.6906709225068697,7132,-3,1,0,1,1,0.2,1.5000000000000002,2025-Jan-29-23:37:39.976921
1.0740211432420042,7133,-3,1,1,0,0,0.0,0.0,2025-Jan-29-23:37:40.019832
0.6056174413729246,7134,-3,1,0,1,0,0.8,0.0,2025-Jan-29-23:37:40.066252
1.0740211432420042,7135,-3,1,1,0,0,0.0,0.0,2025-Jan-29-23:37:40.111482
0.7190205031455159,7136,-3,1,0,0,0,0.0,0.0,2025-Jan-29-23:37:40.154011
0.7190205031455159,7137,-3,1,0,0,0,0.0,0.0,2025-Jan-29-23:37:40.196528
0.7190205063079972,7138,-3,1,0,0,-1,0.0,0.0,2025-Jan-29-23:37:40.238364
0.7190204896621231,7139,-3,1,0,0,1,0.0,1.4000000000000001,2025-Jan-29-23:37:40.293027
0.6056174413729246,7140,-3,1,0,1,0,0.8,0.0,2025-Jan-29-23:37:40.338381
0.7190205031455159,7141,-3,1,0,0,0,0.0,0.0,2025-Jan-29-23:37:40.387383
0.5426186754555834,7142,-3,1,0,1,0,1.5000000000000002,0.0,2025-Jan-29-23:37:40.461058
0.7190205031455159,7143,-3,1,0,0,0,0.0,0.0,2025-Jan-29-23:37:40.506117
0.7190205063079972,7144,-3,1,0,0,-1,0.0,0.0,2025-Jan-29-23:37:40.564278
0.7190205031455159,7145,-3,1,0,0,0,0.0,0.0,2025-Jan-29-23:37:40.637011
0.7489822891669069,7146,-3,1,0,-1,0,0.0,0.0,2025-Jan-29-23:37:40.712761
0.7190204897285821,7147,-3,1,0,0,1,0.0,1.3000000000000003,2025-Jan-29-23:37:40.916253
0.7190205031455159,7148,-3,1,0,0,0,0.0,0.0,2025-Jan-29-23:37:40.959649
0.7190205031455159,7149,-3,1,0,0,0,0.0,0.0,2025-Jan-29-23:37:41.002405
0.7190205031455159,7150,-3,1,0,0,0,0.0,0.0,2025-Jan-29-23:37:41.046330
0.7190204898199815,7151,-3,1,0,0,1,0.0,0.30000000000000004,2025-Jan-29-23:37:41.103013
0.9322652942728629,7152,-3,1,1,1,1,1.0,0.9,2025-Jan-29-23:37:41.158417
0.5489110802122255,7153,-3,1,0,1,0,1.2000000000000002,0.0,2025-Jan-29-23:37:41.201361
0.5426180513319987,7154,-3,1,0,1,1,1.3000000000000003,0.30000000000000004,2025-Jan-29-23:37:41.279279
0.5426180513319987,7155,-3,1,0,1,1,1.3000000000000003,0.30000000000000004,2025-Jan-29-23:37:41.360185
0.5426180642548899,7156,-3,1,0,1,0,1.3000000000000003,0.0,2025-Jan-29-23:37:41.436965
0.7190204898199815,7157,-3,1,0,0,1,0.0,0.30000000000000004,2025-Jan-29-23:37:41.493948
0.7190204898405751,7158,-3,1,0,0,1,0.0,0.2,2025-Jan-29-23:37:41.546797
0.5426180513319987,7159,-3,1,0,1,1,1.3000000000000003,0.30000000000000004,2025-Jan-29-23:37:41.675710
0.5426180642548899,7160,-3,1,0,1,0,1.3000000000000003,0.0,2025-Jan-29-23:37:41.766855
0.5426180642548899,7161,-3,1,0,1,0,1.3000000000000003,0.0,2025-Jan-29-23:37:41.837105
0.5426180642548899,7162,-3,1,0,1,0,1.3000000000000003,0.0,2025-Jan-29-23:37:41.910061
0.5489110840296278,7163,-3,1,0,1,-1,1.2000000000000002,0.0,2025-Jan-29-23:37:41.953106
0.5426180680968833,7164,-3,1,0,1,-1,1.3000000000000003,0.0,2025-Jan-29-23:37:42.025653
0.5426180642548899,7165,-3,1,0,1,0,1.3000000000000003,0.0,2025-Jan-29-23:37:42.101318
0.5426183696016111,7166,-3,1,0,1,0,1.4000000000000001,0.0,2025-Jan-29-23:37:42.172832
0.5426183696016111,7167,-3,1,0,1,0,1.4000000000000001,0.0,2025-Jan-29-23:37:42.243614
0.5426183696016111,7168,-3,1,0,1,0,1.4000000000000001,0.0,2025-Jan-29-23:37:42.314960
0.5426183696016111,7169,-3,1,0,1,0,1.4000000000000001,0.0,2025-Jan-29-23:37:42.391817
0.5426183696016111,7170,-3,1,0,1,0,1.4000000000000001,0.0,2025-Jan-29-23:37:42.463914
0.5426183696016111,7171,-3,1,0,1,0,1.4000000000000001,0.0,2025-Jan-29-23:37:42.537431
0.5426183696016111,7172,-3,1,0,1,0,1.4000000000000001,0.0,2025-Jan-29-23:37:42.632884
0.5426183696016111,7173,-3,1,0,1,0,1.4000000000000001,0.0,2025-Jan-29-23:37:42.750888
0.5426183696016111,7174,-3,1,0,1,0,1.4000000000000001,0.0,2025-Jan-29-23:37:42.831213
0.7489822891669069,7175,-3,1,0,-1,0,0.0,0.0,2025-Jan-29-23:37:42.890130
0.5426186754555834,7176,-3,1,0,1,0,1.5000000000000002,0.0,2025-Jan-29-23:37:42.961795
0.5426186754555834,7177,-3,1,0,1,0,1.5000000000000002,0.0,2025-Jan-29-23:37:43.032579
0.7190205031455159,7178,-3,1,0,0,0,0.0,0.0,2025-Jan-29-23:37:43.079787
0.5426186754555834,7179,-3,1,0,1,0,1.5000000000000002,0.0,2025-Jan-29-23:37:43.151558
0.5426186754555834,7180,-3,1,0,1,0,1.5000000000000002,0.0,2025-Jan-29-23:37:43.222667
0.5426186754555834,7181,-3,1,0,1,0,1.5000000000000002,0.0,2025-Jan-29-23:37:43.294627
0.5426186754555834,7182,-3,1,0,1,0,1.5000000000000002,0.0,2025-Jan-29-23:37:43.369696
0.7190205031455159,7183,-3,1,0,0,0,0.0,0.0,2025-Jan-29-23:37:43.415071
0.7190205031455159,7184,-3,1,0,0,0,0.0,0.0,2025-Jan-29-23:37:43.458099
0.5426186754555834,7185,-3,1,0,1,0,1.5000000000000002,0.0,2025-Jan-29-23:37:43.532764
0.5426186754555834,7186,-3,1,0,1,0,1.5000000000000002,0.0,2025-Jan-29-23:37:43.619048
0.7489822891669069,7187,-3,1,0,-1,0,0.0,0.0,2025-Jan-29-23:37:43.707709
0.7489822891669069,7188,-3,1,0,-1,0,0.0,0.0,2025-Jan-29-23:37:43.783398
0.5426186754555834,7189,-3,1,0,1,0,1.5000000000000002,0.0,2025-Jan-29-23:37:43.857446
0.5426189819003882,7190,-3,1,0,1,0,1.6,0.0,2025-Jan-29-23:37:43.930124
0.7190205031455159,7191,-3,1,0,0,0,0.0,0.0,2025-Jan-29-23:37:43.972368
0.7489822891669069,7192,-3,1,0,-1,0,0.0,0.0,2025-Jan-29-23:37:44.026521
0.7190205031455159,7193,-3,1,0,0,0,0.0,0.0,2025-Jan-29-23:37:44.073806
0.7190205031455159,7194,-3,1,0,0,0,0.0,0.0,2025-Jan-29-23:37:44.117554
0.7190205031455159,7195,-3,1,0,0,0,0.0,0.0,2025-Jan-29-23:37:44.159472
0.5426199054488166,7196,-3,1,0,1,0,1.9000000000000001,0.0,2025-Jan-29-23:37:44.232267
0.5426199054488166,7197,-3,1,0,1,0,1.9000000000000001,0.0,2025-Jan-29-23:37:44.302559
0.5426199054488166,7198,-3,1,0,1,0,1.9000000000000001,0.0,2025-Jan-29-23:37:44.379280
0.5426196009339328,7199,-3,1,0,1,-1,1.8000000000000003,0.0,2025-Jan-29-23:37:44.452536
0.5426199092930079,7200,-3,1,0,1,-1,1.9000000000000001,0.0,2025-Jan-29-23:37:44.523145
0.7190205031455159,7201,-3,1,0,0,0,0.0,0.0,2025-Jan-29-23:37:44.592939
0.5489110672522474,7202,-3,1,0,1,1,1.2000000000000002,0.30000000000000004,2025-Jan-29-23:37:44.675471
0.5489110802122255,7203,-3,1,0,1,0,1.2000000000000002,0.0,2025-Jan-29-23:37:44.735838
0.5489110672522474,7204,-3,1,0,1,1,1.2000000000000002,0.30000000000000004,2025-Jan-29-23:37:44.803302
0.5489110802122255,7205,-3,1,0,1,0,1.2000000000000002,0.0,2025-Jan-29-23:37:44.846167
0.5489110802122255,7206,-3,1,0,1,0,1.2000000000000002,0.0,2025-Jan-29-23:37:44.895001
0.5489110802122255,7207,-3,1,0,1,0,1.2000000000000002,0.0,2025-Jan-29-23:37:45.051576
0.5489110802122255,7208,-3,1,0,1,0,1.2000000000000002,0.0,2025-Jan-29-23:37:45.097492
0.5489110802122255,7209,-3,1,0,1,0,1.2000000000000002,0.0,2025-Jan-29-23:37:45.140254
0.5489110802122255,7210,-3,1,0,1,0,1.2000000000000002,0.0,2025-Jan-29-23:37:45.182397
0.5489110840296278,7211,-3,1,0,1,-1,1.2000000000000002,0.0,2025-Jan-29-23:37:45.223937
0.5489110840296278,7212,-3,1,0,1,-1,1.2000000000000002,0.0,2025-Jan-29-23:37:45.268032
0.5489110840296278,7213,-3,1,0,1,-1,1.2000000000000002,0.0,2025-Jan-29-23:37:45.309534
0.5489110840296278,7214,-3,1,0,1,-1,1.2000000000000002,0.0,2025-Jan-29-23:37:45.356281
0.5489110840296278,7215,-3,1,0,1,-1,1.2000000000000002,0.0,2025-Jan-29-23:37:45.404328
0.5489110840296278,7216,-3,1,0,1,-1,1.2000000000000002,0.0,2025-Jan-29-23:37:45.452017
0.7563743116923222,7217,-3,1,0,-1,-1,0.0,0.0,2025-Jan-29-23:37:45.513702
0.7190205031455159,7218,-3,1,0,0,0,0.0,0.0,2025-Jan-29-23:37:45.586304
0.5489110840296278,7219,-3,1,0,1,-1,1.2000000000000002,0.0,2025-Jan-29-23:37:45.683103
0.7190205031455159,7220,-3,1,0,0,0,0.0,0.0,2025-Jan-29-23:37:45.763491
0.7190205063079972,7221,-3,1,0,0,-1,0.0,0.0,2025-Jan-29-23:37:45.831389
0.5489110840296278,7222,-3,1,0,1,-1,1.2000000000000002,0.0,2025-Jan-29-23:37:45.879691
0.7190205031455159,7223,-3,1,0,0,0,0.0,0.0,2025-Jan-29-23:37:45.930633
0.5630879756869492,7224,-3,1,0,1,0,1.1,0.0,2025-Jan-29-23:37:45.980252
0.5630879625980426,7225,-3,1,0,1,1,1.1,0.9,2025-Jan-29-23:37:46.041040
0.7190205031455159,7226,-3,1,0,0,0,0.0,0.0,2025-Jan-29-23:37:46.091145
0.5630879756869492,7227,-3,1,0,1,0,1.1,0.0,2025-Jan-29-23:37:46.140794
0.5630879756869492,7228,-3,1,0,1,0,1.1,0.0,2025-Jan-29-23:37:46.186664
0.6056174449710743,7229,-3,1,0,1,-1,0.8,0.0,2025-Jan-29-23:37:46.229423
0.6056174282907758,7230,-3,1,0,1,1,0.8,0.30000000000000004,2025-Jan-29-23:37:46.284757
0.6056174282907758,7231,-3,1,0,1,1,0.8,0.30000000000000004,2025-Jan-29-23:37:46.345756
0.6056174282907758,7232,-3,1,0,1,1,0.8,0.30000000000000004,2025-Jan-29-23:37:46.404975
0.6197935120168366,7233,-3,1,0,1,1,0.7000000000000001,0.30000000000000004,2025-Jan-29-23:37:46.462463
0.6056174282907758,7234,-3,1,0,1,1,0.8,0.30000000000000004,2025-Jan-29-23:37:46.520004
0.7190205031455159,7235,-3,1,0,0,0,0.0,0.0,2025-Jan-29-23:37:46.594761
0.7190205031455159,7236,-3,1,0,0,0,0.0,0.0,2025-Jan-29-23:37:46.689533
0.6056174413729246,7237,-3,1,0,1,0,0.8,0.0,2025-Jan-29-23:37:46.793429
0.6056174413729246,7238,-3,1,0,1,0,0.8,0.0,2025-Jan-29-23:37:46.855831
0.6056174413729246,7239,-3,1,0,1,0,0.8,0.0,2025-Jan-29-23:37:46.901574
0.6056174413729246,7240,-3,1,0,1,0,0.8,0.0,2025-Jan-29-23:37:46.949413
0.6056174413729246,7241,-3,1,0,1,0,0.8,0.0,2025-Jan-29-23:37:46.994988
0.7489822891669069,7242,-3,1,0,-1,0,0.0,0.0,2025-Jan-29-23:37:47.048787
0.7489822891669069,7243,-3,1,0,-1,0,0.0,0.0,2025-Jan-29-23:37:47.107268
0.6056174413729246,7244,-3,1,0,1,0,0.8,0.0,2025-Jan-29-23:37:47.151201
0.6056174413729246,7245,-3,1,0,1,0,0.8,0.0,2025-Jan-29-23:37:47.193535
0.619793525129478,7246,-3,1,0,1,0,0.7000000000000001,0.0,2025-Jan-29-23:37:47.240376
0.6056174413729246,7247,-3,1,0,1,0,0.8,0.0,2025-Jan-29-23:37:47.283576
0.619793525129478,7248,-3,1,0,1,0,0.7000000000000001,0.0,2025-Jan-29-23:37:47.332048
0.7489822891669069,7249,-3,1,0,-1,0,0.0,0.0,2025-Jan-29-23:37:47.391461
0.6056174413729246,7250,-3,1,0,1,0,0.8,0.0,2025-Jan-29-23:37:47.434504
0.7190205031455159,7251,-3,1,0,0,0,0.0,0.0,2025-Jan-29-23:37:47.480983
0.6056174413729246,7252,-3,1,0,1,0,0.8,0.0,2025-Jan-29-23:37:47.525322
0.7489822891669069,7253,-3,1,0,-1,0,0.0,0.0,2025-Jan-29-23:37:47.604169
0.7190205031455159,7254,-3,1,0,0,0,0.0,0.0,2025-Jan-29-23:37:47.801228
0.7190205031455159,7255,-3,1,0,0,0,0.0,0.0,2025-Jan-29-23:37:47.872450
0.7190205031455159,7256,-3,1,0,0,0,0.0,0.0,2025-Jan-29-23:37:47.937649
0.6056174413729246,7257,-3,1,0,1,0,0.8,0.0,2025-Jan-29-23:37:47.980897
0.7190205031455159,7258,-3,1,0,0,0,0.0,0.0,2025-Jan-29-23:37:48.023750
0.7489822891669069,7259,-3,1,0,-1,0,0.0,0.0,2025-Jan-29-23:37:48.079332
0.6339694075286959,7260,-3,1,0,1,0,0.6,0.0,2025-Jan-29-23:37:48.122209
0.7489822891669069,7261,-3,1,0,-1,0,0.0,0.0,2025-Jan-29-23:37:48.175744
0.633969411017576,7262,-3,1,0,1,-1,0.6,0.0,2025-Jan-29-23:37:48.217693
0.7563743116923222,7263,-3,1,0,-1,-1,0.0,0.0,2025-Jan-29-23:37:48.272208
0.633969411017576,7264,-3,1,0,1,-1,0.6,0.0,2025-Jan-29-23:37:48.315584
0.633969411017576,7265,-3,1,0,1,-1,0.6,0.0,2025-Jan-29-23:37:48.362163
0.633969411017576,7266,-3,1,0,1,-1,0.6,0.0,2025-Jan-29-23:37:48.406879
0.7190205063079972,7267,-3,1,0,0,-1,0.0,0.0,2025-Jan-29-23:37:48.452642
0.7489822891669069,7268,-3,1,0,-1,0,0.0,0.0,2025-Jan-29-23:37:48.509438
0.633969411017576,7269,-3,1,0,1,-1,0.6,0.0,2025-Jan-29-23:37:48.578936
0.633969411017576,7270,-3,1,0,1,-1,0.6,0.0,2025-Jan-29-23:37:48.661345
0.6481450926272355,7271,-3,1,0,1,-1,0.5,0.0,2025-Jan-29-23:37:48.753537
0.633969411017576,7272,-3,1,0,1,-1,0.6,0.0,2025-Jan-29-23:37:48.826246
0.633969411017576,7273,-3,1,0,1,-1,0.6,0.0,2025-Jan-29-23:37:48.874860
0.633969411017576,7274,-3,1,0,1,-1,0.6,0.0,2025-Jan-29-23:37:48.920965
0.7489822891669069,7275,-3,1,0,-1,0,0.0,0.0,2025-Jan-29-23:37:48.978951
0.7190205063079972,7276,-3,1,0,0,-1,0.0,0.0,2025-Jan-29-23:37:49.024575
0.6623205707411806,7277,-3,1,0,1,0,0.4,0.0,2025-Jan-29-23:37:49.070425
1.0173212108444156,7278,-3,1,1,1,0,0.4,0.0,2025-Jan-29-23:37:49.116562
0.6623205707411806,7279,-3,1,0,1,0,0.4,0.0,2025-Jan-29-23:37:49.161649
0.6764958527894045,7280,-3,1,0,1,0,0.30000000000000004,0.0,2025-Jan-29-23:37:49.205837
0.6764958527894045,7281,-3,1,0,1,0,0.30000000000000004,0.0,2025-Jan-29-23:37:49.250537
0.6764958527894045,7282,-3,1,0,1,0,0.30000000000000004,0.0,2025-Jan-29-23:37:49.298176
0.6906709225068697,7283,-3,1,0,1,1,0.2,1.5000000000000002,2025-Jan-29-23:37:49.355191
0.7190205031455159,7284,-3,1,0,0,0,0.0,0.0,2025-Jan-29-23:37:49.401516
0.7190205031455159,7285,-3,1,0,0,0,0.0,0.0,2025-Jan-29-23:37:49.446044
0.6906709229152492,7286,-3,1,0,1,1,0.2,1.6,2025-Jan-29-23:37:49.501121
0.6906709229152492,7287,-3,1,0,1,1,0.2,1.6,2025-Jan-29-23:37:49.572079
0.6906709229152492,7288,-3,1,0,1,1,0.2,1.6,2025-Jan-29-23:37:49.672094
0.7190205031455159,7289,-3,1,0,0,0,0.0,0.0,2025-Jan-29-23:37:49.750409
0.6764958527894045,7290,-3,1,0,1,0,0.30000000000000004,0.0,2025-Jan-29-23:37:49.825601
0.6906709359502543,7291,-3,1,0,1,0,0.2,0.0,2025-Jan-29-23:37:49.871093
0.6906709392213018,7292,-3,1,0,1,-1,0.2,0.0,2025-Jan-29-23:37:49.919359
0.6906709392213018,7293,-3,1,0,1,-1,0.2,0.0,2025-Jan-29-23:37:49.964139
0.6906709392213018,7294,-3,1,0,1,-1,0.2,0.0,2025-Jan-29-23:37:50.008427
0.6906709392213018,7295,-3,1,0,1,-1,0.2,0.0,2025-Jan-29-23:37:50.052718
0.6906709392213018,7296,-3,1,0,1,-1,0.2,0.0,2025-Jan-29-23:37:50.098020
0.7190205031455159,7297,-3,1,0,0,0,0.0,0.0,2025-Jan-29-23:37:50.143384
0.7489822891669069,7298,-3,1,0,-1,0,0.0,0.0,2025-Jan-29-23:37:50.200962
0.6906709392213018,7299,-3,1,0,1,-1,0.2,0.0,2025-Jan-29-23:37:50.245004
0.6906709392213018,7300,-3,1,0,1,-1,0.2,0.0,2025-Jan-29-23:37:50.289298
0.7040048287490615,7301,0,1,0,0,0,0.0,0.0,2025-Jan-29-23:37:50.344542
0.7040048287490615,7302,0,1,0,0,0,0.0,0.0,2025-Jan-29-23:37:50.400369
0.7040048287490615,7303,0,1,0,0,0,0.0,0.0,2025-Jan-29-23:37:50.455930
0.7190204897992981,7304,-3,1,0,0,1,0.0,0.5,2025-Jan-29-23:37:50.512346
0.7563743116923222,7305,-3,1,0,-1,-1,0.0,0.0,2025-Jan-29-23:37:50.602208
0.6906709359502543,7306,-3,1,0,1,0,0.2,0.0,2025-Jan-29-23:37:50.685786
1.0740211432420042,7307,-3,1,1,0,0,0.0,0.0,2025-Jan-29-23:37:50.788487
0.7190204898199815,7308,-3,1,0,0,1,0.0,0.30000000000000004,2025-Jan-29-23:37:50.863124
0.5426180513519452,7309,-3,1,0,1,1,1.3000000000000003,0.2,2025-Jan-29-23:37:50.945697
0.7563743116923222,7310,-3,1,0,-1,-1,0.0,0.0,2025-Jan-29-23:37:51.003356
0.5426186754555834,7311,-3,1,0,1,0,1.5000000000000002,0.0,2025-Jan-29-23:37:51.077250
0.6906709392213018,7312,-3,1,0,1,-1,0.2,0.0,2025-Jan-29-23:37:51.289180
0.7489822891669069,7313,-3,1,0,-1,0,0.0,0.0,2025-Jan-29-23:37:51.349764
0.5426186792983064,7314,-3,1,0,1,-1,1.5000000000000002,0.0,2025-Jan-29-23:37:51.424806
0.6481450759277374,7315,-3,1,0,1,1,0.5,1.3000000000000003,2025-Jan-29-23:37:51.485208
0.5630879756869492,7316,-3,1,0,1,0,1.1,0.0,2025-Jan-29-23:37:51.530364
1.1113749487582494,7317,-3,1,1,-1,0,0.0,0.0,2025-Jan-29-23:37:51.625455
1.0598464609314147,7318,-3,1,1,1,0,0.1,0.0,2025-Jan-29-23:37:51.706670
0.7190205031455159,7319,-3,1,0,0,0,0.0,0.0,2025-Jan-29-23:37:51.792407
0.7190205031455159,7320,-3,1,0,0,0,0.0,0.0,2025-Jan-29-23:37:51.855539
0.7489822891669069,7321,-3,1,0,-1,0,0.0,0.0,2025-Jan-29-23:37:51.912899
0.6764958527894045,7322,-3,1,0,1,0,0.30000000000000004,0.0,2025-Jan-29-23:37:51.957348
0.5426186754555834,7323,-3,1,0,1,0,1.5000000000000002,0.0,2025-Jan-29-23:37:52.031177
0.7190204898405751,7324,-3,1,0,0,1,0.0,0.2,2025-Jan-29-23:37:52.085873
0.5489110802122255,7325,-3,1,0,1,0,1.2000000000000002,0.0,2025-Jan-29-23:37:52.130722
1.0456715630151052,7326,-3,1,1,1,1,0.2,1.6,2025-Jan-29-23:37:52.186068
0.6056174413729246,7327,-3,1,0,1,0,0.8,0.0,2025-Jan-29-23:37:52.230266
0.6623205707411806,7328,-3,1,0,1,0,0.4,0.0,2025-Jan-29-23:37:52.278052
0.5772646709898425,7329,-3,1,0,1,-1,1.0,0.0,2025-Jan-29-23:37:52.322784
1.05900546881293,7330,0,1,1,0,0,0.0,0.0,2025-Jan-29-23:37:52.378701
0.6906709359502543,7331,-3,1,0,1,0,0.2,0.0,2025-Jan-29-23:37:52.423109
0.5489110802122255,7332,-3,1,0,1,0,1.2000000000000002,0.0,2025-Jan-29-23:37:52.469806
0.6197935286729634,7333,-3,1,0,1,-1,0.7000000000000001,0.0,2025-Jan-29-23:37:52.514892
0.6764958527894045,7334,-3,1,0,1,0,0.30000000000000004,0.0,2025-Jan-29-23:37:52.572154
0.9606180814829505,7335,-3,1,1,1,0,0.8,0.0,2025-Jan-29-23:37:52.645498
0.6056174284317271,7336,-3,1,0,1,1,0.8,0.4,2025-Jan-29-23:37:52.737078
0.5630879756869492,7337,-3,1,0,1,0,1.1,0.0,2025-Jan-29-23:37:52.821955
0.7190205063079972,7338,-3,1,0,0,-1,0.0,0.0,2025-Jan-29-23:37:52.868830
0.6056174413729246,7339,-3,1,0,1,0,0.8,0.0,2025-Jan-29-23:37:52.918427
0.7563743116923222,7340,-3,1,0,-1,-1,0.0,0.0,2025-Jan-29-23:37:52.976712
0.6906709229152492,7341,-3,1,0,1,1,0.2,1.6,2025-Jan-29-23:37:53.032606
0.5489110802122255,7342,-3,1,0,1,0,1.2000000000000002,0.0,2025-Jan-29-23:37:53.077904
0.7563742950600578,7343,-3,1,0,-1,1,0.0,0.30000000000000004,2025-Jan-29-23:37:53.158734
0.9889700476353208,7344,-3,1,1,1,0,0.6,0.0,2025-Jan-29-23:37:53.203575
1.1113749487582494,7345,-3,1,1,-1,0,0.0,0.0,2025-Jan-29-23:37:53.261192
0.5426186754555834,7346,-3,1,0,1,0,1.5000000000000002,0.0,2025-Jan-29-23:37:53.336155
1.0740211432420042,7347,-3,1,1,0,0,0.0,0.0,2025-Jan-29-23:37:53.381344
0.7190205063079972,7348,-3,1,0,0,-1,0.0,0.0,2025-Jan-29-23:37:53.429763
0.7563742953845698,7349,-3,1,0,-1,1,0.0,0.5,2025-Jan-29-23:37:53.508998
0.7489822891669069,7350,-3,1,0,-1,0,0.0,0.0,2025-Jan-29-23:37:53.602583
0.7190205063079972,7351,-3,1,0,0,-1,0.0,0.0,2025-Jan-29-23:37:53.683140
0.7190205063079972,7352,-3,1,0,0,-1,0.0,0.0,2025-Jan-29-23:37:53.764661
0.633969411017576,7353,-3,1,0,1,-1,0.6,0.0,2025-Jan-29-23:37:53.833835
