Cost,Sim,Switch_State_Indx,Gen1_on,Gen2_on,Batt1_mode,Batt2_mode,Batt1_power_kW,Batt2_power_kW,Timestamp
1.1113749517846028,7354,-3,1,1,-1,-1,0.0,0.0,2025-Jan-29-23:37:53.895098
0.5426189819003882,7355,-3,1,0,1,0,1.6,0.0,2025-Jan-29-23:37:53.972329
1.0740211432420042,7356,-3,1,1,0,0,0.0,0.0,2025-Jan-29-23:37:54.018485
0.7489822891669069,7357,-3,1,0,-1,0,0.0,0.0,2025-Jan-29-23:37:54.075570
0.7489822891669069,7358,-3,1,0,-1,0,0.0,0.0,2025-Jan-29-23:37:54.135070
1.1113749487582494,7359,-3,1,1,-1,0,0.0,0.0,2025-Jan-29-23:37:54.196502
0.7190204898834608,7360,-3,1,0,0,1,0.0,1.1,2025-Jan-29-23:37:54.256168
1.0740211432420042,7361,-3,1,1,0,0,0.0,0.0,2025-Jan-29-23:37:54.303627
1.1113749517846028,7362,-3,1,1,-1,-1,0.0,0.0,2025-Jan-29-23:37:54.361745
1.0740211432420042,7363,-3,1,1,0,0,0.0,0.0,2025-Jan-29-23:37:54.410415
0.7190205031455159,7364,-3,1,0,0,0,0.0,0.0,2025-Jan-29-23:37:54.455534
0.7190204898596041,7365,-3,1,0,0,1,0.0,0.7000000000000001,2025-Jan-29-23:37:54.510080
1.1113749517846028,7366,-3,1,1,-1,-1,0.0,0.0,2025-Jan-29-23:37:54.596260
0.719020490080821,7367,-3,1,0,0,1,0.0,1.2000000000000002,2025-Jan-29-23:37:54.692015
0.8976205455665484,7368,-3,1,1,1,0,1.9000000000000001,0.0,2025-Jan-29-23:37:54.813449
0.7190205063079972,7369,-3,1,0,0,-1,0.0,0.0,2025-Jan-29-23:37:54.861155
0.7190205063079972,7370,-3,1,0,0,-1,0.0,0.0,2025-Jan-29-23:37:54.908338
0.7190204896621231,7371,-3,1,0,0,1,0.0,1.4000000000000001,2025-Jan-29-23:37:54.967861
0.7190205031455159,7372,-3,1,0,0,0,0.0,0.0,2025-Jan-29-23:37:55.019750
1.0740211464044855,7373,-3,1,1,0,-1,0.0,0.0,2025-Jan-29-23:37:55.069551
1.0740211432420042,7374,-3,1,1,0,0,0.0,0.0,2025-Jan-29-23:37:55.119128
0.7190205031455159,7375,-3,1,0,0,0,0.0,0.0,2025-Jan-29-23:37:55.167417
0.6764958527894045,7376,-3,1,0,1,0,0.30000000000000004,0.0,2025-Jan-29-23:37:55.324510
0.7190205031455159,7377,-3,1,0,0,0,0.0,0.0,2025-Jan-29-23:37:55.373275
0.7563742953845698,7378,-3,1,0,-1,1,0.0,0.5,2025-Jan-29-23:37:55.458763
0.8976199164177595,7379,-3,1,1,1,1,1.7000000000000002,0.5,2025-Jan-29-23:37:55.542593
0.7190204899700696,7380,-3,1,0,0,1,0.0,1.7000000000000002,2025-Jan-29-23:37:55.611547
0.7190205031455159,7381,-3,1,0,0,0,0.0,0.0,2025-Jan-29-23:37:55.696572
0.7563743116923222,7382,-3,1,0,-1,-1,0.0,0.0,2025-Jan-29-23:37:55.787855
1.0740211299711975,7383,-3,1,1,0,1,0.0,0.6,2025-Jan-29-23:37:55.842712
1.0740211464044855,7384,-3,1,1,0,-1,0.0,0.0,2025-Jan-29-23:37:55.886124
1.0456715760501107,7385,-3,1,1,1,0,0.2,0.0,2025-Jan-29-23:37:55.928535
0.7190205031455159,7386,-3,1,0,0,0,0.0,0.0,2025-Jan-29-23:37:55.971570
0.9039117071895088,7387,-3,1,1,1,1,1.2000000000000002,1.5000000000000002,2025-Jan-29-23:37:56.027077
0.7190205031455159,7388,-3,1,0,0,0,0.0,0.0,2025-Jan-29-23:37:56.071804
1.0740211432420042,7389,-3,1,1,0,0,0.0,0.0,2025-Jan-29-23:37:56.115604
0.7489822891669069,7390,-3,1,0,-1,0,0.0,0.0,2025-Jan-29-23:37:56.169840
0.5426180680968833,7391,-3,1,0,1,-1,1.3000000000000003,0.0,2025-Jan-29-23:37:56.241855
1.1113749487582494,7392,-3,1,1,-1,0,0.0,0.0,2025-Jan-29-23:37:56.300597
0.7563742951686023,7393,-3,1,0,-1,1,0.0,1.3000000000000003,2025-Jan-29-23:37:56.381516
1.0598464609314147,7394,-3,1,1,1,0,0.1,0.0,2025-Jan-29-23:37:56.428538
0.7190204896621231,7395,-3,1,0,0,1,0.0,1.4000000000000001,2025-Jan-29-23:37:56.481772
0.719020490080821,7396,-3,1,0,0,1,0.0,1.2000000000000002,2025-Jan-29-23:37:56.537919
1.1113749487582494,7397,-3,1,1,-1,0,0.0,0.0,2025-Jan-29-23:37:56.630649
1.1113749353933677,7398,-3,1,1,-1,1,0.0,0.7000000000000001,2025-Jan-29-23:37:56.757296
1.031496492890949,7399,-3,1,1,1,0,0.30000000000000004,0.0,2025-Jan-29-23:37:56.819151
0.7190205031455159,7400,-3,1,0,0,0,0.0,0.0,2025-Jan-29-23:37:56.865179
0.8976205329787861,7401,-3,1,1,1,1,1.9000000000000001,1.2000000000000002,2025-Jan-29-23:37:56.945261
0.7489822891669069,7402,-3,1,0,-1,0,0.0,0.0,2025-Jan-29-23:37:57.001667
0.7563743116923222,7403,-3,1,0,-1,-1,0.0,0.0,2025-Jan-29-23:37:57.056471
0.7563742950992911,7404,-3,1,0,-1,1,0.0,1.1,2025-Jan-29-23:37:57.140735
0.5426199054488166,7405,-3,1,0,1,0,1.9000000000000001,0.0,2025-Jan-29-23:37:57.219450
0.5426183696016111,7406,-3,1,0,1,0,1.4000000000000001,0.0,2025-Jan-29-23:37:57.294470
1.0740211432420042,7407,-3,1,1,0,0,0.0,0.0,2025-Jan-29-23:37:57.336928
0.7190205031455159,7408,-3,1,0,0,0,0.0,0.0,2025-Jan-29-23:37:57.378713
0.7489822891669069,7409,-3,1,0,-1,0,0.0,0.0,2025-Jan-29-23:37:57.436224
0.7489822891669069,7410,-3,1,0,-1,0,0.0,0.0,2025-Jan-29-23:37:57.491479
0.7489822891669069,7411,-3,1,0,-1,0,0.0,0.0,2025-Jan-29-23:37:57.546241
0.7489822891669069,7412,-3,1,0,-1,0,0.0,0.0,2025-Jan-29-23:37:57.637376
1.1113749487582494,7413,-3,1,1,-1,0,0.0,0.0,2025-Jan-29-23:37:57.731152
0.7489822891669069,7414,-3,1,0,-1,0,0.0,0.0,2025-Jan-29-23:37:57.821366
0.719020490080821,7415,-3,1,0,0,1,0.0,1.2000000000000002,2025-Jan-29-23:37:57.875391
0.7040048140479387,7416,0,1,0,0,1,0.0,1.4000000000000001,2025-Jan-29-23:37:57.928527
1.0740211432420042,7417,-3,1,1,0,0,0.0,0.0,2025-Jan-29-23:37:57.972005
1.05900546881293,7418,0,1,1,0,0,0.0,0.0,2025-Jan-29-23:37:58.023912
1.1113749517846028,7419,-3,1,1,-1,-1,0.0,0.0,2025-Jan-29-23:37:58.084383
0.7489822891669069,7420,-3,1,0,-1,0,0.0,0.0,2025-Jan-29-23:37:58.141774
1.0740211432420042,7421,-3,1,1,0,0,0.0,0.0,2025-Jan-29-23:37:58.182786
1.0740211432420042,7422,-3,1,1,0,0,0.0,0.0,2025-Jan-29-23:37:58.227719
0.7190205031455159,7423,-3,1,0,0,0,0.0,0.0,2025-Jan-29-23:37:58.269478
0.7190205031455159,7424,-3,1,0,0,0,0.0,0.0,2025-Jan-29-23:37:58.310480
0.7190204898596041,7425,-3,1,0,0,1,0.0,0.7000000000000001,2025-Jan-29-23:37:58.362867
0.7040048149678624,7426,0,1,0,0,1,0.0,0.1,2025-Jan-29-23:37:58.418547
1.1113749517846028,7427,-3,1,1,-1,-1,0.0,0.0,2025-Jan-29-23:37:58.474218
0.7563743116923222,7428,-3,1,0,-1,-1,0.0,0.0,2025-Jan-29-23:37:58.527680
0.719020490080821,7429,-3,1,0,0,1,0.0,1.2000000000000002,2025-Jan-29-23:37:58.603404
0.7190204898596041,7430,-3,1,0,0,1,0.0,0.7000000000000001,2025-Jan-29-23:37:58.687296
0.8976205455665484,7431,-3,1,1,1,0,1.9000000000000001,0.0,2025-Jan-29-23:37:58.784770
0.7190205031455159,7432,-3,1,0,0,0,0.0,0.0,2025-Jan-29-23:37:58.949660
0.7190205063079972,7433,-3,1,0,0,-1,0.0,0.0,2025-Jan-29-23:37:58.995794
0.7190205063079972,7434,-3,1,0,0,-1,0.0,0.0,2025-Jan-29-23:37:59.044030
0.7190205063079972,7435,-3,1,0,0,-1,0.0,0.0,2025-Jan-29-23:37:59.095217
0.7190205031455159,7436,-3,1,0,0,0,0.0,0.0,2025-Jan-29-23:37:59.145337
0.7190204899700696,7437,-3,1,0,0,1,0.0,1.7000000000000002,2025-Jan-29-23:37:59.208066
0.7190204891826966,7438,-3,1,0,0,1,0.0,1.8000000000000003,2025-Jan-29-23:37:59.265536
0.7190205031455159,7439,-3,1,0,0,0,0.0,0.0,2025-Jan-29-23:37:59.312830
0.7190205031455159,7440,-3,1,0,0,0,0.0,0.0,2025-Jan-29-23:37:59.360062
1.0740211464044855,7441,-3,1,1,0,-1,0.0,0.0,2025-Jan-29-23:37:59.406468
0.7190205031455159,7442,-3,1,0,0,0,0.0,0.0,2025-Jan-29-23:37:59.453363
1.0740211432420042,7443,-3,1,1,0,0,0.0,0.0,2025-Jan-29-23:37:59.504629
1.0740211432420042,7444,-3,1,1,0,0,0.0,0.0,2025-Jan-29-23:37:59.575419
0.7190205031455159,7445,-3,1,0,0,0,0.0,0.0,2025-Jan-29-23:37:59.668043
0.7040048287490615,7446,0,1,0,0,0,0.0,0.0,2025-Jan-29-23:37:59.763055
0.6764958527894045,7447,-3,1,0,1,0,0.30000000000000004,0.0,2025-Jan-29-23:37:59.825280
0.7048458208332435,7448,-3,1,0,1,0,0.1,0.0,2025-Jan-29-23:37:59.872492
0.7190205031455159,7449,-3,1,0,0,0,0.0,0.0,2025-Jan-29-23:37:59.918686
0.7190205031455159,7450,-3,1,0,0,0,0.0,0.0,2025-Jan-29-23:37:59.972605
0.7563742953845698,7451,-3,1,0,-1,1,0.0,0.5,2025-Jan-29-23:38:00.052497
0.7563742950600578,7452,-3,1,0,-1,1,0.0,0.30000000000000004,2025-Jan-29-23:38:00.138061
0.8976205327930501,7453,-3,1,1,1,1,1.9000000000000001,0.5,2025-Jan-29-23:38:00.224432
0.8976199165370707,7454,-3,1,1,1,1,1.7000000000000002,0.4,2025-Jan-29-23:38:00.311377
0.719020489622653,7455,-3,1,0,0,1,0.0,1.9000000000000001,2025-Jan-29-23:38:00.374133
0.719020489622653,7456,-3,1,0,0,1,0.0,1.9000000000000001,2025-Jan-29-23:38:00.433039
0.7190205031455159,7457,-3,1,0,0,0,0.0,0.0,2025-Jan-29-23:38:00.485614
0.7190205031455159,7458,-3,1,0,0,0,0.0,0.0,2025-Jan-29-23:38:00.536036
0.7563743116923222,7459,-3,1,0,-1,-1,0.0,0.0,2025-Jan-29-23:38:00.634980
0.7040048327823696,7460,0,1,0,-1,-1,0.0,0.0,2025-Jan-29-23:38:00.740000
1.0740211299560924,7461,-3,1,1,0,1,0.0,0.7000000000000001,2025-Jan-29-23:38:00.832390
0.719020490080821,7462,-3,1,0,0,1,0.0,1.2000000000000002,2025-Jan-29-23:38:00.893733
1.0740211464044855,7463,-3,1,1,0,-1,0.0,0.0,2025-Jan-29-23:38:00.942679
0.7190205031455159,7464,-3,1,0,0,0,0.0,0.0,2025-Jan-29-23:38:00.988534
1.0456715760501107,7465,-3,1,1,1,0,0.2,0.0,2025-Jan-29-23:38:01.034202
0.7190205031455159,7466,-3,1,0,0,0,0.0,0.0,2025-Jan-29-23:38:01.084323
0.7190205031455159,7467,-3,1,0,0,0,0.0,0.0,2025-Jan-29-23:38:01.131743
0.7190205031455159,7468,-3,1,0,0,0,0.0,0.0,2025-Jan-29-23:38:01.180818
0.9039117075985542,7469,-3,1,1,1,1,1.2000000000000002,1.6,2025-Jan-29-23:38:01.240256
0.7190205031455159,7470,-3,1,0,0,0,0.0,0.0,2025-Jan-29-23:38:01.292502
0.7190205031455159,7471,-3,1,0,0,0,0.0,0.0,2025-Jan-29-23:38:01.338264
0.7190205031455159,7472,-3,1,0,0,0,0.0,0.0,2025-Jan-29-23:38:01.385551
1.0740211432420042,7473,-3,1,1,0,0,0.0,0.0,2025-Jan-29-23:38:01.644875
0.7190205031455159,7474,-3,1,0,0,0,0.0,0.0,2025-Jan-29-23:38:01.733463
0.7489822891669069,7475,-3,1,0,-1,0,0.0,0.0,2025-Jan-29-23:38:01.857891
0.7040048287490615,7476,0,1,0,0,0,0.0,0.0,2025-Jan-29-23:38:01.932566
0.5426186792983064,7477,-3,1,0,1,-1,1.5000000000000002,0.0,2025-Jan-29-23:38:02.013440
0.5489110840296278,7478,-3,1,0,1,-1,1.2000000000000002,0.0,2025-Jan-29-23:38:02.066504
1.1113749487582494,7479,-3,1,1,-1,0,0.0,0.0,2025-Jan-29-23:38:02.126369
0.7040048287490615,7480,0,1,0,0,0,0.0,0.0,2025-Jan-29-23:38:02.184813
0.7563742951686023,7481,-3,1,0,-1,1,0.0,1.3000000000000003,2025-Jan-29-23:38:02.276041
0.7190205031455159,7482,-3,1,0,0,0,0.0,0.0,2025-Jan-29-23:38:02.324110
1.0598464609314147,7483,-3,1,1,1,0,0.1,0.0,2025-Jan-29-23:38:02.368654
0.6056174413729246,7484,-3,1,0,1,0,0.8,0.0,2025-Jan-29-23:38:02.418295
0.7190204899700696,7485,-3,1,0,0,1,0.0,1.7000000000000002,2025-Jan-29-23:38:02.484230
0.7040048287490615,7486,0,1,0,0,0,0.0,0.0,2025-Jan-29-23:38:02.541278
0.7190204896416055,7487,-3,1,0,0,1,0.0,1.5000000000000002,2025-Jan-29-23:38:02.614444
0.704004814848255,7488,0,1,0,0,1,0.0,1.3000000000000003,2025-Jan-29-23:38:02.729227
1.1113749487582494,7489,-3,1,1,-1,0,0.0,0.0,2025-Jan-29-23:38:02.819517
0.7489822891669069,7490,-3,1,0,-1,0,0.0,0.0,2025-Jan-29-23:38:02.882565
1.1113749353933677,7491,-3,1,1,-1,1,0.0,0.7000000000000001,2025-Jan-29-23:38:02.972706
1.1113749351915718,7492,-3,1,1,-1,1,0.0,1.1,2025-Jan-29-23:38:03.062319
1.031496492890949,7493,-3,1,1,1,0,0.30000000000000004,0.0,2025-Jan-29-23:38:03.108390
0.7190205031455159,7494,-3,1,0,0,0,0.0,0.0,2025-Jan-29-23:38:03.157506
0.7190205031455159,7495,-3,1,0,0,0,0.0,0.0,2025-Jan-29-23:38:03.205848
0.7190205031455159,7496,-3,1,0,0,0,0.0,0.0,2025-Jan-29-23:38:03.251612
0.8976205331666754,7497,-3,1,1,1,1,1.9000000000000001,1.3000000000000003,2025-Jan-29-23:38:03.332675
0.7190205031455159,7498,-3,1,0,0,0,0.0,0.0,2025-Jan-29-23:38:03.380000
0.7489822891669069,7499,-3,1,0,-1,0,0.0,0.0,2025-Jan-29-23:38:03.444618
0.7190205031455159,7500,-3,1,0,0,0,0.0,0.0,2025-Jan-29-23:38:03.491655
0.7563743116923222,7501,-3,1,0,-1,-1,0.0,0.0,2025-Jan-29-23:38:03.555104
0.7563743116923222,7502,-3,1,0,-1,-1,0.0,0.0,2025-Jan-29-23:38:03.655515
0.7563742950992911,7503,-3,1,0,-1,1,0.0,1.1,2025-Jan-29-23:38:03.789111
0.7489822891669069,7504,-3,1,0,-1,0,0.0,0.0,2025-Jan-29-23:38:03.869930
0.5426189819003882,7505,-3,1,0,1,0,1.6,0.0,2025-Jan-29-23:38:03.946808
0.5426186754555834,7506,-3,1,0,1,0,1.5000000000000002,0.0,2025-Jan-29-23:38:04.021665
0.7190205031455159,7507,-3,1,0,0,0,0.0,0.0,2025-Jan-29-23:38:04.065997
0.719020489874709,7508,-3,1,0,0,1,0.0,0.6,2025-Jan-29-23:38:04.122592
0.7489822891669069,7509,-3,1,0,-1,0,0.0,0.0,2025-Jan-29-23:38:04.181528
0.7190205031455159,7510,-3,1,0,0,0,0.0,0.0,2025-Jan-29-23:38:04.226681
0.7489822891669069,7511,-3,1,0,-1,0,0.0,0.0,2025-Jan-29-23:38:04.284086
0.7190205031455159,7512,-3,1,0,0,0,0.0,0.0,2025-Jan-29-23:38:04.329692
0.7489822891669069,7513,-3,1,0,-1,0,0.0,0.0,2025-Jan-29-23:38:04.388361
0.7190205031455159,7514,-3,1,0,0,0,0.0,0.0,2025-Jan-29-23:38:04.433980
0.7040048143043725,7515,0,1,0,0,1,0.0,1.5000000000000002,2025-Jan-29-23:38:04.490519
0.7040048140526418,7516,0,1,0,0,1,0.0,1.9000000000000001,2025-Jan-29-23:38:04.548769
1.05900546881293,7517,0,1,1,0,0,0.0,0.0,2025-Jan-29-23:38:04.655507
0.7040048287490615,7518,0,1,0,0,0,0.0,0.0,2025-Jan-29-23:38:04.756006
0.7489822891669069,7519,-3,1,0,-1,0,0.0,0.0,2025-Jan-29-23:38:04.837890
0.7489822891669069,7520,-3,1,0,-1,0,0.0,0.0,2025-Jan-29-23:38:04.901783
1.0740211432420042,7521,-3,1,1,0,0,0.0,0.0,2025-Jan-29-23:38:04.949403
0.7190205031455159,7522,-3,1,0,0,0,0.0,0.0,2025-Jan-29-23:38:04.996727
0.7190205031455159,7523,-3,1,0,0,0,0.0,0.0,2025-Jan-29-23:38:05.042325
0.7190205031455159,7524,-3,1,0,0,0,0.0,0.0,2025-Jan-29-23:38:05.090957
0.7040048149678624,7525,0,1,0,0,1,0.0,0.1,2025-Jan-29-23:38:05.151657
0.6906709359502543,7526,-3,1,0,1,0,0.2,0.0,2025-Jan-29-23:38:05.198724
0.7563743116923222,7527,-3,1,0,-1,-1,0.0,0.0,2025-Jan-29-23:38:05.256927
0.7190205063079972,7528,-3,1,0,0,-1,0.0,0.0,2025-Jan-29-23:38:05.533365
0.7190204898596041,7529,-3,1,0,0,1,0.0,0.7000000000000001,2025-Jan-29-23:38:05.614428
0.7190204897992981,7530,-3,1,0,0,1,0.0,0.5,2025-Jan-29-23:38:05.712060
0.7190205031455159,7531,-3,1,0,0,0,0.0,0.0,2025-Jan-29-23:38:05.803871
0.8976205455665484,7532,-3,1,1,1,0,1.9000000000000001,0.0,2025-Jan-29-23:38:05.895798
0.7190205063079972,7533,-3,1,0,0,-1,0.0,0.0,2025-Jan-29-23:38:05.941829
0.7190205031455159,7534,-3,1,0,0,0,0.0,0.0,2025-Jan-29-23:38:05.986249
0.7190205031455159,7535,-3,1,0,0,0,0.0,0.0,2025-Jan-29-23:38:06.030163
0.7190205031455159,7536,-3,1,0,0,0,0.0,0.0,2025-Jan-29-23:38:06.075012
0.719020489622653,7537,-3,1,0,0,1,0.0,1.9000000000000001,2025-Jan-29-23:38:06.130660
0.7190205031455159,7538,-3,1,0,0,0,0.0,0.0,2025-Jan-29-23:38:06.175125
0.7190205031455159,7539,-3,1,0,0,0,0.0,0.0,2025-Jan-29-23:38:06.219886
0.7190205031455159,7540,-3,1,0,0,0,0.0,0.0,2025-Jan-29-23:38:06.264539
0.7190205031455159,7541,-3,1,0,0,0,0.0,0.0,2025-Jan-29-23:38:06.308756
0.7190205031455159,7542,-3,1,0,0,0,0.0,0.0,2025-Jan-29-23:38:06.353774
1.0740211432420042,7543,-3,1,1,0,0,0.0,0.0,2025-Jan-29-23:38:06.402080
0.7190205031455159,7544,-3,1,0,0,0,0.0,0.0,2025-Jan-29-23:38:06.446992
0.7040048287490615,7545,0,1,0,0,0,0.0,0.0,2025-Jan-29-23:38:06.502850
0.7040048287490615,7546,0,1,0,0,0,0.0,0.0,2025-Jan-29-23:38:06.577933
0.6764958527894045,7547,-3,1,0,1,0,0.30000000000000004,0.0,2025-Jan-29-23:38:06.656728
0.7048458208332435,7548,-3,1,0,1,0,0.1,0.0,2025-Jan-29-23:38:06.739466
0.7190205031455159,7549,-3,1,0,0,0,0.0,0.0,2025-Jan-29-23:38:06.822805
0.7040048287490615,7550,0,1,0,0,0,0.0,0.0,2025-Jan-29-23:38:06.880476
0.7563742952492334,7551,-3,1,0,-1,1,0.0,0.4,2025-Jan-29-23:38:06.959617
0.7563742950600578,7552,-3,1,0,-1,1,0.0,0.30000000000000004,2025-Jan-29-23:38:07.039772
0.8976202241380888,7553,-3,1,1,1,1,1.8000000000000003,0.5,2025-Jan-29-23:38:07.122480
0.7190205031455159,7554,-3,1,0,0,0,0.0,0.0,2025-Jan-29-23:38:07.169376
0.719020489622653,7555,-3,1,0,0,1,0.0,1.9000000000000001,2025-Jan-29-23:38:07.226107
0.719020489622653,7556,-3,1,0,0,1,0.0,1.9000000000000001,2025-Jan-29-23:38:07.284151
0.7190205031455159,7557,-3,1,0,0,0,0.0,0.0,2025-Jan-29-23:38:07.330507
0.7040048287490615,7558,0,1,0,0,0,0.0,0.0,2025-Jan-29-23:38:07.386235
0.7040048327823696,7559,0,1,0,-1,-1,0.0,0.0,2025-Jan-29-23:38:07.441876
0.7040048327823696,7560,0,1,0,-1,-1,0.0,0.0,2025-Jan-29-23:38:07.498868
0.7563742951686023,7561,-3,1,0,-1,1,0.0,1.3000000000000003,2025-Jan-29-23:38:07.611466
0.7190204896855531,7562,-3,1,0,0,1,0.0,0.9,2025-Jan-29-23:38:07.716402
0.7190205031455159,7563,-3,1,0,0,0,0.0,0.0,2025-Jan-29-23:38:07.798224
1.059005470912656,7564,0,1,1,0,-1,0.0,0.0,2025-Jan-29-23:38:07.853824
0.7190205031455159,7565,-3,1,0,0,0,0.0,0.0,2025-Jan-29-23:38:07.899859
0.7190205031455159,7566,-3,1,0,0,0,0.0,0.0,2025-Jan-29-23:38:07.944404
0.7190205031455159,7567,-3,1,0,0,0,0.0,0.0,2025-Jan-29-23:38:07.989007
0.7190205031455159,7568,-3,1,0,0,0,0.0,0.0,2025-Jan-29-23:38:08.033879
0.7190204900498527,7569,-3,1,0,0,1,0.0,1.6,2025-Jan-29-23:38:08.089860
0.5426180507189522,7570,-3,1,0,1,1,1.3000000000000003,1.8000000000000003,2025-Jan-29-23:38:08.170101
0.7190205031455159,7571,-3,1,0,0,0,0.0,0.0,2025-Jan-29-23:38:08.214943
0.7190205031455159,7572,-3,1,0,0,0,0.0,0.0,2025-Jan-29-23:38:08.259084
0.7190205031455159,7573,-3,1,0,0,0,0.0,0.0,2025-Jan-29-23:38:08.302805
0.7048458208332435,7574,-3,1,0,1,0,0.1,0.0,2025-Jan-29-23:38:08.347604
0.7040048149678624,7575,0,1,0,0,1,0.0,0.1,2025-Jan-29-23:38:08.404080
0.7040048149678624,7576,0,1,0,0,1,0.0,0.1,2025-Jan-29-23:38:08.462485
0.5426186792983064,7577,-3,1,0,1,-1,1.5000000000000002,0.0,2025-Jan-29-23:38:08.536308
0.5426199092930079,7578,-3,1,0,1,-1,1.9000000000000001,0.0,2025-Jan-29-23:38:08.631979
0.7040048287490615,7579,0,1,0,0,0,0.0,0.0,2025-Jan-29-23:38:08.728939
0.7040048287490615,7580,0,1,0,0,0,0.0,0.0,2025-Jan-29-23:38:08.813802
0.7190205031455159,7581,-3,1,0,0,0,0.0,0.0,2025-Jan-29-23:38:08.859322
0.7190205031455159,7582,-3,1,0,0,0,0.0,0.0,2025-Jan-29-23:38:08.904594
0.5914411556334509,7583,-3,1,0,1,0,0.9,0.0,2025-Jan-29-23:38:08.949192
0.5914411556334509,7584,-3,1,0,1,0,0.9,0.0,2025-Jan-29-23:38:08.994242
0.7040048287490615,7585,0,1,0,0,0,0.0,0.0,2025-Jan-29-23:38:09.049251
0.7040048287490615,7586,0,1,0,0,0,0.0,0.0,2025-Jan-29-23:38:09.108899
0.704004814848255,7587,0,1,0,0,1,0.0,1.3000000000000003,2025-Jan-29-23:38:09.164594
0.704004815196791,7588,0,1,0,0,1,0.0,1.1,2025-Jan-29-23:38:09.217691
0.7489822891669069,7589,-3,1,0,-1,0,0.0,0.0,2025-Jan-29-23:38:09.274636
0.7190205031455159,7590,-3,1,0,0,0,0.0,0.0,2025-Jan-29-23:38:09.317049
1.1039829148308842,7591,-3,1,1,-1,1,0.0,1.3000000000000003,2025-Jan-29-23:38:09.396517
0.7190205031455159,7592,-3,1,0,0,0,0.0,0.0,2025-Jan-29-23:38:09.439309
0.7190205031455159,7593,-3,1,0,0,0,0.0,0.0,2025-Jan-29-23:38:09.482436
0.7190205031455159,7594,-3,1,0,0,0,0.0,0.0,2025-Jan-29-23:38:09.531456
0.7190205031455159,7595,-3,1,0,0,0,0.0,0.0,2025-Jan-29-23:38:09.587437
0.7190205031455159,7596,-3,1,0,0,0,0.0,0.0,2025-Jan-29-23:38:09.667795
0.7190205031455159,7597,-3,1,0,0,0,0.0,0.0,2025-Jan-29-23:38:09.748511
0.7190205031455159,7598,-3,1,0,0,0,0.0,0.0,2025-Jan-29-23:38:09.814129
0.7190205031455159,7599,-3,1,0,0,0,0.0,0.0,2025-Jan-29-23:38:09.858966
0.7190205031455159,7600,-3,1,0,0,0,0.0,0.0,2025-Jan-29-23:38:09.904229
0.7563743116923222,7601,-3,1,0,-1,-1,0.0,0.0,2025-Jan-29-23:38:09.961362
0.7190204896621231,7602,-3,1,0,0,1,0.0,1.4000000000000001,2025-Jan-29-23:38:10.018616
0.7489822891669069,7603,-3,1,0,-1,0,0.0,0.0,2025-Jan-29-23:38:10.077142
0.7190205031455159,7604,-3,1,0,0,0,0.0,0.0,2025-Jan-29-23:38:10.349366
0.5426189819003882,7605,-3,1,0,1,0,1.6,0.0,2025-Jan-29-23:38:10.427361
0.5426199054488166,7606,-3,1,0,1,0,1.9000000000000001,0.0,2025-Jan-29-23:38:10.505650
0.7190204898596041,7607,-3,1,0,0,1,0.0,0.7000000000000001,2025-Jan-29-23:38:10.599469
0.719020489874709,7608,-3,1,0,0,1,0.0,0.6,2025-Jan-29-23:38:10.693181
0.7190205031455159,7609,-3,1,0,0,0,0.0,0.0,2025-Jan-29-23:38:10.781744
0.7190205031455159,7610,-3,1,0,0,0,0.0,0.0,2025-Jan-29-23:38:10.849304
0.7190205031455159,7611,-3,1,0,0,0,0.0,0.0,2025-Jan-29-23:38:10.898061
0.7190205031455159,7612,-3,1,0,0,0,0.0,0.0,2025-Jan-29-23:38:10.947407
0.7190205031455159,7613,-3,1,0,0,0,0.0,0.0,2025-Jan-29-23:38:10.992438
0.7190205031455159,7614,-3,1,0,0,0,0.0,0.0,2025-Jan-29-23:38:11.037874
0.7040048148019908,7615,0,1,0,0,1,0.0,1.6,2025-Jan-29-23:38:11.094947
0.7040048287490615,7616,0,1,0,0,0,0.0,0.0,2025-Jan-29-23:38:11.151264
0.7040048287490615,7617,0,1,0,0,0,0.0,0.0,2025-Jan-29-23:38:11.207770
0.7190205031455159,7618,-3,1,0,0,0,0.0,0.0,2025-Jan-29-23:38:11.253871
0.7489822891669069,7619,-3,1,0,-1,0,0.0,0.0,2025-Jan-29-23:38:11.312300
0.7040048287490615,7620,0,1,0,0,0,0.0,0.0,2025-Jan-29-23:38:11.369696
0.7190205031455159,7621,-3,1,0,0,0,0.0,0.0,2025-Jan-29-23:38:11.414055
0.7190205031455159,7622,-3,1,0,0,0,0.0,0.0,2025-Jan-29-23:38:11.458921
0.7190205031455159,7623,-3,1,0,0,0,0.0,0.0,2025-Jan-29-23:38:11.504175
0.7190205031455159,7624,-3,1,0,0,0,0.0,0.0,2025-Jan-29-23:38:11.572834
0.6906709359502543,7625,-3,1,0,1,0,0.2,0.0,2025-Jan-29-23:38:11.643887
0.7048458208332435,7626,-3,1,0,1,0,0.1,0.0,2025-Jan-29-23:38:11.732039
0.7190205063079972,7627,-3,1,0,0,-1,0.0,0.0,2025-Jan-29-23:38:11.813710
0.7190205031455159,7628,-3,1,0,0,0,0.0,0.0,2025-Jan-29-23:38:11.864312
0.719020489874709,7629,-3,1,0,0,1,0.0,0.6,2025-Jan-29-23:38:11.919673
0.7190204893192401,7630,-3,1,0,0,1,0.0,0.8,2025-Jan-29-23:38:11.975690
0.7190205031455159,7631,-3,1,0,0,0,0.0,0.0,2025-Jan-29-23:38:12.020136
0.7190205031455159,7632,-3,1,0,0,0,0.0,0.0,2025-Jan-29-23:38:12.068713
0.7190205031455159,7633,-3,1,0,0,0,0.0,0.0,2025-Jan-29-23:38:12.114571
0.7190205031455159,7634,-3,1,0,0,0,0.0,0.0,2025-Jan-29-23:38:12.160755
0.7190205031455159,7635,-3,1,0,0,0,0.0,0.0,2025-Jan-29-23:38:12.204610
0.7190205031455159,7636,-3,1,0,0,0,0.0,0.0,2025-Jan-29-23:38:12.249801
0.719020489622653,7637,-3,1,0,0,1,0.0,1.9000000000000001,2025-Jan-29-23:38:12.305922
0.704004816511651,7638,0,1,0,1,0,0.1,0.0,2025-Jan-29-23:38:12.368200
0.7190205031455159,7639,-3,1,0,0,0,0.0,0.0,2025-Jan-29-23:38:12.413576
0.7190205031455159,7640,-3,1,0,0,0,0.0,0.0,2025-Jan-29-23:38:12.458372
0.7190205031455159,7641,-3,1,0,0,0,0.0,0.0,2025-Jan-29-23:38:12.503182
0.7040048287490615,7642,0,1,0,0,0,0.0,0.0,2025-Jan-29-23:38:12.600237
0.7190205031455159,7643,-3,1,0,0,0,0.0,0.0,2025-Jan-29-23:38:12.686718
0.7040048308487874,7644,0,1,0,0,-1,0.0,0.0,2025-Jan-29-23:38:12.795521
0.7040048287490615,7645,0,1,0,0,0,0.0,0.0,2025-Jan-29-23:38:12.869394
0.7040048287490615,7646,0,1,0,0,0,0.0,0.0,2025-Jan-29-23:38:12.926710
0.6764958527894045,7647,-3,1,0,1,0,0.30000000000000004,0.0,2025-Jan-29-23:38:12.972796
0.7190205031455159,7648,-3,1,0,0,0,0.0,0.0,2025-Jan-29-23:38:13.018062
0.7040048287490615,7649,0,1,0,0,0,0.0,0.0,2025-Jan-29-23:38:13.074631
0.7040048287490615,7650,0,1,0,0,0,0.0,0.0,2025-Jan-29-23:38:13.131406
0.7563742952492334,7651,-3,1,0,-1,1,0.0,0.4,2025-Jan-29-23:38:13.211091
0.7190205031455159,7652,-3,1,0,0,0,0.0,0.0,2025-Jan-29-23:38:13.255506
0.7190205031455159,7653,-3,1,0,0,0,0.0,0.0,2025-Jan-29-23:38:13.299669
0.7190204898596041,7654,-3,1,0,0,1,0.0,0.7000000000000001,2025-Jan-29-23:38:13.355498
0.719020489622653,7655,-3,1,0,0,1,0.0,1.9000000000000001,2025-Jan-29-23:38:13.410787
0.719020489622653,7656,-3,1,0,0,1,0.0,1.9000000000000001,2025-Jan-29-23:38:13.467892
0.7040048287490615,7657,0,1,0,0,0,0.0,0.0,2025-Jan-29-23:38:13.524743
0.7040048287490615,7658,0,1,0,0,0,0.0,0.0,2025-Jan-29-23:38:13.610937
0.7040048327823696,7659,0,1,0,-1,-1,0.0,0.0,2025-Jan-29-23:38:13.718423
0.704004815196791,7660,0,1,0,0,1,0.0,1.1,2025-Jan-29-23:38:13.806292
0.7190204897704602,7661,-3,1,0,0,1,0.0,1.0,2025-Jan-29-23:38:13.862959
0.7190205031455159,7662,-3,1,0,0,0,0.0,0.0,2025-Jan-29-23:38:13.907539
1.0740211464044855,7663,-3,1,1,0,-1,0.0,0.0,2025-Jan-29-23:38:14.181484
0.7040048287490615,7664,0,1,0,0,0,0.0,0.0,2025-Jan-29-23:38:14.239703
0.7190205031455159,7665,-3,1,0,0,0,0.0,0.0,2025-Jan-29-23:38:14.286025
0.7190205031455159,7666,-3,1,0,0,0,0.0,0.0,2025-Jan-29-23:38:14.331473
0.7190205031455159,7667,-3,1,0,0,0,0.0,0.0,2025-Jan-29-23:38:14.379247
0.7190204897844568,7668,-3,1,0,0,1,0.0,0.1,2025-Jan-29-23:38:14.434504
0.8976189962638811,7669,-3,1,1,1,1,1.4000000000000001,1.8000000000000003,2025-Jan-29-23:38:14.514496
1.1113749354501392,7670,-3,1,1,-1,1,0.0,1.9000000000000001,2025-Jan-29-23:38:14.612972
0.7190205031455159,7671,-3,1,0,0,0,0.0,0.0,2025-Jan-29-23:38:14.689884
0.7190205031455159,7672,-3,1,0,0,0,0.0,0.0,2025-Jan-29-23:38:14.779153
0.7048458208332435,7673,-3,1,0,1,0,0.1,0.0,2025-Jan-29-23:38:14.841459
0.704004816511651,7674,0,1,0,1,0,0.1,0.0,2025-Jan-29-23:38:14.898188
0.7040048149678624,7675,0,1,0,0,1,0.0,0.1,2025-Jan-29-23:38:14.954818
0.7040048149678624,7676,0,1,0,0,1,0.0,0.1,2025-Jan-29-23:38:15.011753
0.5426183734439688,7677,-3,1,0,1,-1,1.4000000000000001,0.0,2025-Jan-29-23:38:15.086454
0.5426180680968833,7678,-3,1,0,1,-1,1.3000000000000003,0.0,2025-Jan-29-23:38:15.161005
0.7040048287490615,7679,0,1,0,0,0,0.0,0.0,2025-Jan-29-23:38:15.220320
0.7040048287490615,7680,0,1,0,0,0,0.0,0.0,2025-Jan-29-23:38:15.285824
0.7190205031455159,7681,-3,1,0,0,0,0.0,0.0,2025-Jan-29-23:38:15.335827
0.7190205031455159,7682,-3,1,0,0,0,0.0,0.0,2025-Jan-29-23:38:15.381091
0.5914411556334509,7683,-3,1,0,1,0,0.9,0.0,2025-Jan-29-23:38:15.427292
0.8976187043725193,7684,-3,1,1,1,0,1.3000000000000003,0.0,2025-Jan-29-23:38:15.509466
0.7040048287490615,7685,0,1,0,0,0,0.0,0.0,2025-Jan-29-23:38:15.592835
0.7040048287490615,7686,0,1,0,0,0,0.0,0.0,2025-Jan-29-23:38:15.684061
0.7040048140479387,7687,0,1,0,0,1,0.0,1.4000000000000001,2025-Jan-29-23:38:15.776780
0.7040048140526418,7688,0,1,0,0,1,0.0,1.9000000000000001,2025-Jan-29-23:38:15.836832
0.7190205031455159,7689,-3,1,0,0,0,0.0,0.0,2025-Jan-29-23:38:15.881064
0.7040048287490615,7690,0,1,0,0,0,0.0,0.0,2025-Jan-29-23:38:15.945789
0.7190205031455159,7691,-3,1,0,0,0,0.0,0.0,2025-Jan-29-23:38:15.992699
0.7190205031455159,7692,-3,1,0,0,0,0.0,0.0,2025-Jan-29-23:38:16.042944
0.7190205031455159,7693,-3,1,0,0,0,0.0,0.0,2025-Jan-29-23:38:16.090614
0.7190205031455159,7694,-3,1,0,0,0,0.0,0.0,2025-Jan-29-23:38:16.135955
0.7190205031455159,7695,-3,1,0,0,0,0.0,0.0,2025-Jan-29-23:38:16.181223
0.7190205031455159,7696,-3,1,0,0,0,0.0,0.0,2025-Jan-29-23:38:16.224597
0.7190205031455159,7697,-3,1,0,0,0,0.0,0.0,2025-Jan-29-23:38:16.265636
0.7190205031455159,7698,-3,1,0,0,0,0.0,0.0,2025-Jan-29-23:38:16.309333
0.7190205031455159,7699,-3,1,0,0,0,0.0,0.0,2025-Jan-29-23:38:16.353735
0.7040048287490615,7700,0,1,0,0,0,0.0,0.0,2025-Jan-29-23:38:16.407766
0.7190204900498527,7701,-3,1,0,0,1,0.0,1.6,2025-Jan-29-23:38:16.461547
0.7190205031455159,7702,-3,1,0,0,0,0.0,0.0,2025-Jan-29-23:38:16.515675
0.7190205031455159,7703,-3,1,0,0,0,0.0,0.0,2025-Jan-29-23:38:16.587373
0.7190205031455159,7704,-3,1,0,0,0,0.0,0.0,2025-Jan-29-23:38:16.664034
0.5426186754555834,7705,-3,1,0,1,0,1.5000000000000002,0.0,2025-Jan-29-23:38:16.806977
0.5426189819003882,7706,-3,1,0,1,0,1.6,0.0,2025-Jan-29-23:38:16.896393
0.7190204898596041,7707,-3,1,0,0,1,0.0,0.7000000000000001,2025-Jan-29-23:38:16.958127
0.7190205063079972,7708,-3,1,0,0,-1,0.0,0.0,2025-Jan-29-23:38:17.006754
0.7190205031455159,7709,-3,1,0,0,0,0.0,0.0,2025-Jan-29-23:38:17.051980
0.7190205031455159,7710,-3,1,0,0,0,0.0,0.0,2025-Jan-29-23:38:17.101919
0.7190205031455159,7711,-3,1,0,0,0,0.0,0.0,2025-Jan-29-23:38:17.152980
0.7040048287490615,7712,0,1,0,0,0,0.0,0.0,2025-Jan-29-23:38:17.218884
0.7190205031455159,7713,-3,1,0,0,0,0.0,0.0,2025-Jan-29-23:38:17.267133
0.7190205031455159,7714,-3,1,0,0,0,0.0,0.0,2025-Jan-29-23:38:17.470729
0.7040048143043725,7715,0,1,0,0,1,0.0,1.5000000000000002,2025-Jan-29-23:38:17.536088
0.7040048140479387,7716,0,1,0,0,1,0.0,1.4000000000000001,2025-Jan-29-23:38:17.619060
0.7040048287490615,7717,0,1,0,0,0,0.0,0.0,2025-Jan-29-23:38:17.713057
0.7040048287490615,7718,0,1,0,0,0,0.0,0.0,2025-Jan-29-23:38:17.795259
0.7040048287490615,7719,0,1,0,0,0,0.0,0.0,2025-Jan-29-23:38:17.852371
0.7190205031455159,7720,-3,1,0,0,0,0.0,0.0,2025-Jan-29-23:38:17.897237
0.7190205031455159,7721,-3,1,0,0,0,0.0,0.0,2025-Jan-29-23:38:17.945276
0.7190205031455159,7722,-3,1,0,0,0,0.0,0.0,2025-Jan-29-23:38:17.991454
0.7190205031455159,7723,-3,1,0,0,0,0.0,0.0,2025-Jan-29-23:38:18.041123
0.6481450891929015,7724,-3,1,0,1,0,0.5,0.0,2025-Jan-29-23:38:18.088628
0.6906709359502543,7725,-3,1,0,1,0,0.2,0.0,2025-Jan-29-23:38:18.136083
0.6764958527894045,7726,-3,1,0,1,0,0.30000000000000004,0.0,2025-Jan-29-23:38:18.184478
0.7190205031455159,7727,-3,1,0,0,0,0.0,0.0,2025-Jan-29-23:38:18.233441
0.7190205063079972,7728,-3,1,0,0,-1,0.0,0.0,2025-Jan-29-23:38:18.280812
0.7190204896855531,7729,-3,1,0,0,1,0.0,0.9,2025-Jan-29-23:38:18.338822
0.7040048287490615,7730,0,1,0,0,0,0.0,0.0,2025-Jan-29-23:38:18.393592
0.7190205031455159,7731,-3,1,0,0,0,0.0,0.0,2025-Jan-29-23:38:18.439216
0.7190205031455159,7732,-3,1,0,0,0,0.0,0.0,2025-Jan-29-23:38:18.486948
0.7190205031455159,7733,-3,1,0,0,0,0.0,0.0,2025-Jan-29-23:38:18.535153
0.7190205031455159,7734,-3,1,0,0,0,0.0,0.0,2025-Jan-29-23:38:18.606829
0.7190205031455159,7735,-3,1,0,0,0,0.0,0.0,2025-Jan-29-23:38:18.686506
0.7190205031455159,7736,-3,1,0,0,0,0.0,0.0,2025-Jan-29-23:38:18.757428
0.704004816511651,7737,0,1,0,1,0,0.1,0.0,2025-Jan-29-23:38:18.827460
0.704004816511651,7738,0,1,0,1,0,0.1,0.0,2025-Jan-29-23:38:18.882170
0.7190205031455159,7739,-3,1,0,0,0,0.0,0.0,2025-Jan-29-23:38:18.930624
0.7040048287490615,7740,0,1,0,0,0,0.0,0.0,2025-Jan-29-23:38:18.984247
0.7040048287490615,7741,0,1,0,0,0,0.0,0.0,2025-Jan-29-23:38:19.046580
0.7040048308487874,7742,0,1,0,0,-1,0.0,0.0,2025-Jan-29-23:38:19.103337
0.7040048308487874,7743,0,1,0,0,-1,0.0,0.0,2025-Jan-29-23:38:19.157923
0.7040048308487874,7744,0,1,0,0,-1,0.0,0.0,2025-Jan-29-23:38:19.211064
0.7040048287490615,7745,0,1,0,0,0,0.0,0.0,2025-Jan-29-23:38:19.265589
0.7040048287490615,7746,0,1,0,0,0,0.0,0.0,2025-Jan-29-23:38:19.320354
0.6764958527894045,7747,-3,1,0,1,0,0.30000000000000004,0.0,2025-Jan-29-23:38:19.363088
0.6764958527894045,7748,-3,1,0,1,0,0.30000000000000004,0.0,2025-Jan-29-23:38:19.410567
0.7040048287490615,7749,0,1,0,0,0,0.0,0.0,2025-Jan-29-23:38:19.465084
0.7040048287490615,7750,0,1,0,0,0,0.0,0.0,2025-Jan-29-23:38:19.522264
0.7190205031455159,7751,-3,1,0,0,0,0.0,0.0,2025-Jan-29-23:38:19.592040
0.7190205031455159,7752,-3,1,0,0,0,0.0,0.0,2025-Jan-29-23:38:19.666222
0.7190204898596041,7753,-3,1,0,0,1,0.0,0.7000000000000001,2025-Jan-29-23:38:19.748515
1.0740211300577118,7754,-3,1,1,0,1,0.0,0.4,2025-Jan-29-23:38:19.815534
0.719020489622653,7755,-3,1,0,0,1,0.0,1.9000000000000001,2025-Jan-29-23:38:19.868787
0.7190205031455159,7756,-3,1,0,0,0,0.0,0.0,2025-Jan-29-23:38:19.914313
0.7040048287490615,7757,0,1,0,0,0,0.0,0.0,2025-Jan-29-23:38:19.973777
0.7040048287490615,7758,0,1,0,0,0,0.0,0.0,2025-Jan-29-23:38:20.030770
0.7040048150857845,7759,0,1,0,0,1,0.0,1.2000000000000002,2025-Jan-29-23:38:20.090833
0.7040048148019908,7760,0,1,0,0,1,0.0,1.6,2025-Jan-29-23:38:20.151518
0.7190204897704602,7761,-3,1,0,0,1,0.0,1.0,2025-Jan-29-23:38:20.204505
0.7040048167355732,7762,0,1,0,-1,1,0.0,1.6,2025-Jan-29-23:38:20.259883
0.7040048287490615,7763,0,1,0,0,0,0.0,0.0,2025-Jan-29-23:38:20.317680
0.7040048287490615,7764,0,1,0,0,0,0.0,0.0,2025-Jan-29-23:38:20.375013
0.7190205031455159,7765,-3,1,0,0,0,0.0,0.0,2025-Jan-29-23:38:20.422057
0.7190205031455159,7766,-3,1,0,0,0,0.0,0.0,2025-Jan-29-23:38:20.464950
0.7190204897844568,7767,-3,1,0,0,1,0.0,0.1,2025-Jan-29-23:38:20.528145
0.7190204897844568,7768,-3,1,0,0,1,0.0,0.1,2025-Jan-29-23:38:20.609650
0.5426180507189522,7769,-3,1,0,1,1,1.3000000000000003,1.8000000000000003,2025-Jan-29-23:38:20.725961
0.9322652941760794,7770,-3,1,1,1,1,1.0,1.9000000000000001,2025-Jan-29-23:38:20.949547
0.7190205031455159,7771,-3,1,0,0,0,0.0,0.0,2025-Jan-29-23:38:20.999053
0.7190205031455159,7772,-3,1,0,0,0,0.0,0.0,2025-Jan-29-23:38:21.044350
0.704004816511651,7773,0,1,0,1,0,0.1,0.0,2025-Jan-29-23:38:21.106687
0.704004816511651,7774,0,1,0,1,0,0.1,0.0,2025-Jan-29-23:38:21.167014
0.7040048149678624,7775,0,1,0,0,1,0.0,0.1,2025-Jan-29-23:38:21.223897
0.7040048287490615,7776,0,1,0,0,0,0.0,0.0,2025-Jan-29-23:38:21.281431
0.5426180680968833,7777,-3,1,0,1,-1,1.3000000000000003,0.0,2025-Jan-29-23:38:21.358094
0.5426183734439688,7778,-3,1,0,1,-1,1.4000000000000001,0.0,2025-Jan-29-23:38:21.435902
0.7040048287490615,7779,0,1,0,0,0,0.0,0.0,2025-Jan-29-23:38:21.501301
0.7040048287490615,7780,0,1,0,0,0,0.0,0.0,2025-Jan-29-23:38:21.582675
0.7190205031455159,7781,-3,1,0,0,0,0.0,0.0,2025-Jan-29-23:38:21.678226
0.6056174413729246,7782,-3,1,0,1,0,0.8,0.0,2025-Jan-29-23:38:21.795847
0.5772646672821861,7783,-3,1,0,1,0,1.0,0.0,2025-Jan-29-23:38:21.859728
0.8976199292347314,7784,-3,1,1,1,0,1.7000000000000002,0.0,2025-Jan-29-23:38:21.935090
0.7040048287490615,7785,0,1,0,0,0,0.0,0.0,2025-Jan-29-23:38:21.995487
0.7040048287490615,7786,0,1,0,0,0,0.0,0.0,2025-Jan-29-23:38:22.054429
0.7040048140479387,7787,0,1,0,0,1,0.0,1.4000000000000001,2025-Jan-29-23:38:22.118931
0.7040048144357116,7788,0,1,0,0,1,0.0,1.0,2025-Jan-29-23:38:22.182051
0.7040048287490615,7789,0,1,0,0,0,0.0,0.0,2025-Jan-29-23:38:22.240585
0.7040048287490615,7790,0,1,0,0,0,0.0,0.0,2025-Jan-29-23:38:22.299161
0.7190205031455159,7791,-3,1,0,0,0,0.0,0.0,2025-Jan-29-23:38:22.348619
0.7048458208332435,7792,-3,1,0,1,0,0.1,0.0,2025-Jan-29-23:38:22.398703
0.7190205031455159,7793,-3,1,0,0,0,0.0,0.0,2025-Jan-29-23:38:22.447855
0.7190205031455159,7794,-3,1,0,0,0,0.0,0.0,2025-Jan-29-23:38:22.497745
0.7190205031455159,7795,-3,1,0,0,0,0.0,0.0,2025-Jan-29-23:38:22.545154
0.7190205031455159,7796,-3,1,0,0,0,0.0,0.0,2025-Jan-29-23:38:22.611826
0.7190205031455159,7797,-3,1,0,0,0,0.0,0.0,2025-Jan-29-23:38:22.685335
0.7190205031455159,7798,-3,1,0,0,0,0.0,0.0,2025-Jan-29-23:38:22.764478
0.7040048287490615,7799,0,1,0,0,0,0.0,0.0,2025-Jan-29-23:38:22.835877
0.704004816511651,7800,0,1,0,1,0,0.1,0.0,2025-Jan-29-23:38:22.890254
0.7190204896416055,7801,-3,1,0,0,1,0.0,1.5000000000000002,2025-Jan-29-23:38:22.949078
0.719020489622653,7802,-3,1,0,0,1,0.0,1.9000000000000001,2025-Jan-29-23:38:23.006519
0.7190205031455159,7803,-3,1,0,0,0,0.0,0.0,2025-Jan-29-23:38:23.051372
0.7040048287490615,7804,0,1,0,0,0,0.0,0.0,2025-Jan-29-23:38:23.106681
0.5426183696016111,7805,-3,1,0,1,0,1.4000000000000001,0.0,2025-Jan-29-23:38:23.179532
0.5426199054488166,7806,-3,1,0,1,0,1.9000000000000001,0.0,2025-Jan-29-23:38:23.259359
0.7190204898596041,7807,-3,1,0,0,1,0.0,0.7000000000000001,2025-Jan-29-23:38:23.315141
0.719020489874709,7808,-3,1,0,0,1,0.0,0.6,2025-Jan-29-23:38:23.369291
0.7190205031455159,7809,-3,1,0,0,0,0.0,0.0,2025-Jan-29-23:38:23.413996
0.7489822891669069,7810,-3,1,0,-1,0,0.0,0.0,2025-Jan-29-23:38:23.468539
0.7040048287490615,7811,0,1,0,0,0,0.0,0.0,2025-Jan-29-23:38:23.526440
0.7040048287490615,7812,0,1,0,0,0,0.0,0.0,2025-Jan-29-23:38:23.600057
0.7190205031455159,7813,-3,1,0,0,0,0.0,0.0,2025-Jan-29-23:38:23.673569
0.7190205031455159,7814,-3,1,0,0,0,0.0,0.0,2025-Jan-29-23:38:23.748161
0.7040048140479387,7815,0,1,0,0,1,0.0,1.4000000000000001,2025-Jan-29-23:38:23.824255
0.7040048140526418,7816,0,1,0,0,1,0.0,1.9000000000000001,2025-Jan-29-23:38:23.993554
0.7040048287490615,7817,0,1,0,0,0,0.0,0.0,2025-Jan-29-23:38:24.051489
0.704004816511651,7818,0,1,0,1,0,0.1,0.0,2025-Jan-29-23:38:24.109541
0.7040048287490615,7819,0,1,0,0,0,0.0,0.0,2025-Jan-29-23:38:24.164017
0.7040048287490615,7820,0,1,0,0,0,0.0,0.0,2025-Jan-29-23:38:24.220737
0.7190205031455159,7821,-3,1,0,0,0,0.0,0.0,2025-Jan-29-23:38:24.266351
0.7190205031455159,7822,-3,1,0,0,0,0.0,0.0,2025-Jan-29-23:38:24.309466
0.6481450891929015,7823,-3,1,0,1,0,0.5,0.0,2025-Jan-29-23:38:24.352534
0.6623205707411806,7824,-3,1,0,1,0,0.4,0.0,2025-Jan-29-23:38:24.395675
0.6764958527894045,7825,-3,1,0,1,0,0.30000000000000004,0.0,2025-Jan-29-23:38:24.438577
0.6764958527894045,7826,-3,1,0,1,0,0.30000000000000004,0.0,2025-Jan-29-23:38:24.481176
0.7190205031455159,7827,-3,1,0,0,0,0.0,0.0,2025-Jan-29-23:38:24.525137
0.7190205063079972,7828,-3,1,0,0,-1,0.0,0.0,2025-Jan-29-23:38:24.585805
0.7040048287490615,7829,0,1,0,0,0,0.0,0.0,2025-Jan-29-23:38:24.671040
0.7190205031455159,7830,-3,1,0,0,0,0.0,0.0,2025-Jan-29-23:38:24.739768
0.7190205031455159,7831,-3,1,0,0,0,0.0,0.0,2025-Jan-29-23:38:24.807946
0.7190205031455159,7832,-3,1,0,0,0,0.0,0.0,2025-Jan-29-23:38:24.850127
0.7190205031455159,7833,-3,1,0,0,0,0.0,0.0,2025-Jan-29-23:38:24.892247
0.7040048287490615,7834,0,1,0,0,0,0.0,0.0,2025-Jan-29-23:38:24.944285
0.7190205031455159,7835,-3,1,0,0,0,0.0,0.0,2025-Jan-29-23:38:24.986554
0.7190205031455159,7836,-3,1,0,0,0,0.0,0.0,2025-Jan-29-23:38:25.030636
0.704004816511651,7837,0,1,0,1,0,0.1,0.0,2025-Jan-29-23:38:25.088360
0.704004816511651,7838,0,1,0,1,0,0.1,0.0,2025-Jan-29-23:38:25.144755
0.7040048287490615,7839,0,1,0,0,0,0.0,0.0,2025-Jan-29-23:38:25.205713
0.7040048287490615,7840,0,1,0,0,0,0.0,0.0,2025-Jan-29-23:38:25.264174
0.7040048287490615,7841,0,1,0,0,0,0.0,0.0,2025-Jan-29-23:38:25.319325
0.7040048287490615,7842,0,1,0,0,0,0.0,0.0,2025-Jan-29-23:38:25.379889
0.7040048308487874,7843,0,1,0,0,-1,0.0,0.0,2025-Jan-29-23:38:25.436584
0.7489822891669069,7844,-3,1,0,-1,0,0.0,0.0,2025-Jan-29-23:38:25.494120
0.7040048287490615,7845,0,1,0,0,0,0.0,0.0,2025-Jan-29-23:38:25.567993
0.7040048287490615,7846,0,1,0,0,0,0.0,0.0,2025-Jan-29-23:38:25.680911
0.6764958527894045,7847,-3,1,0,1,0,0.30000000000000004,0.0,2025-Jan-29-23:38:25.759832
0.7489822891669069,7848,-3,1,0,-1,0,0.0,0.0,2025-Jan-29-23:38:25.837811
0.7040048287490615,7849,0,1,0,0,0,0.0,0.0,2025-Jan-29-23:38:25.899090
0.7040048287490615,7850,0,1,0,0,0,0.0,0.0,2025-Jan-29-23:38:25.953024
0.7190205031455159,7851,-3,1,0,0,0,0.0,0.0,2025-Jan-29-23:38:25.997529
0.7190205031455159,7852,-3,1,0,0,0,0.0,0.0,2025-Jan-29-23:38:26.047854
0.7190204898596041,7853,-3,1,0,0,1,0.0,0.7000000000000001,2025-Jan-29-23:38:26.117756
0.7190205031455159,7854,-3,1,0,0,0,0.0,0.0,2025-Jan-29-23:38:26.165876
0.719020489622653,7855,-3,1,0,0,1,0.0,1.9000000000000001,2025-Jan-29-23:38:26.225170
0.7190205031455159,7856,-3,1,0,0,0,0.0,0.0,2025-Jan-29-23:38:26.273058
0.7040048287490615,7857,0,1,0,0,0,0.0,0.0,2025-Jan-29-23:38:26.331981
0.7190205031455159,7858,-3,1,0,0,0,0.0,0.0,2025-Jan-29-23:38:26.384617
0.7040048148019908,7859,0,1,0,0,1,0.0,1.6,2025-Jan-29-23:38:26.451649
0.7040048143043725,7860,0,1,0,0,1,0.0,1.5000000000000002,2025-Jan-29-23:38:26.514639
0.7040048167355732,7861,0,1,0,-1,1,0.0,1.6,2025-Jan-29-23:38:26.597487
0.7040048171347106,7862,0,1,0,-1,1,0.0,1.7000000000000002,2025-Jan-29-23:38:26.691333
0.7040048287490615,7863,0,1,0,0,0,0.0,0.0,2025-Jan-29-23:38:26.789542
0.7040048287490615,7864,0,1,0,0,0,0.0,0.0,2025-Jan-29-23:38:26.849139
0.7190205031455159,7865,-3,1,0,0,0,0.0,0.0,2025-Jan-29-23:38:26.892277
0.7190205031455159,7866,-3,1,0,0,0,0.0,0.0,2025-Jan-29-23:38:26.937470
0.7190204897844568,7867,-3,1,0,0,1,0.0,0.1,2025-Jan-29-23:38:26.994839
0.7040048287490615,7868,0,1,0,0,0,0.0,0.0,2025-Jan-29-23:38:27.052090
0.5426180507189522,7869,-3,1,0,1,1,1.3000000000000003,1.8000000000000003,2025-Jan-29-23:38:27.137609
0.8976202239440232,7870,-3,1,1,1,1,1.8000000000000003,1.9000000000000001,2025-Jan-29-23:38:27.229275
0.7190205031455159,7871,-3,1,0,0,0,0.0,0.0,2025-Jan-29-23:38:27.280585
0.7190205031455159,7872,-3,1,0,0,0,0.0,0.0,2025-Jan-29-23:38:27.327255
0.704004816511651,7873,0,1,0,1,0,0.1,0.0,2025-Jan-29-23:38:27.385713
0.704004816511651,7874,0,1,0,1,0,0.1,0.0,2025-Jan-29-23:38:27.446199
0.7040048149678624,7875,0,1,0,0,1,0.0,0.1,2025-Jan-29-23:38:27.505598
0.7040048149887539,7876,0,1,0,0,1,0.0,0.7000000000000001,2025-Jan-29-23:38:27.596090
0.5426180680968833,7877,-3,1,0,1,-1,1.3000000000000003,0.0,2025-Jan-29-23:38:27.722805
0.5426199092930079,7878,-3,1,0,1,-1,1.9000000000000001,0.0,2025-Jan-29-23:38:28.012803
0.7040048287490615,7879,0,1,0,0,0,0.0,0.0,2025-Jan-29-23:38:28.078256
0.7040048287490615,7880,0,1,0,0,0,0.0,0.0,2025-Jan-29-23:38:28.146638
0.6056174413729246,7881,-3,1,0,1,0,0.8,0.0,2025-Jan-29-23:38:28.191347
0.5772646672821861,7882,-3,1,0,1,0,1.0,0.0,2025-Jan-29-23:38:28.240034
0.5772646672821861,7883,-3,1,0,1,0,1.0,0.0,2025-Jan-29-23:38:28.289224
0.5489110802122255,7884,-3,1,0,1,0,1.2000000000000002,0.0,2025-Jan-29-23:38:28.336853
0.7040048287490615,7885,0,1,0,0,0,0.0,0.0,2025-Jan-29-23:38:28.398409
0.7040048287490615,7886,0,1,0,0,0,0.0,0.0,2025-Jan-29-23:38:28.456259
0.7040048140479387,7887,0,1,0,0,1,0.0,1.4000000000000001,2025-Jan-29-23:38:28.519128
0.6906709359502543,7888,-3,1,0,1,0,0.2,0.0,2025-Jan-29-23:38:28.593163
0.7040048287490615,7889,0,1,0,0,0,0.0,0.0,2025-Jan-29-23:38:28.688449
0.7040048287490615,7890,0,1,0,0,0,0.0,0.0,2025-Jan-29-23:38:28.788507
0.7048458208332435,7891,-3,1,0,1,0,0.1,0.0,2025-Jan-29-23:38:28.833292
0.7048458208332435,7892,-3,1,0,1,0,0.1,0.0,2025-Jan-29-23:38:28.878393
0.7190205031455159,7893,-3,1,0,0,0,0.0,0.0,2025-Jan-29-23:38:28.926828
0.7190205031455159,7894,-3,1,0,0,0,0.0,0.0,2025-Jan-29-23:38:28.978571
0.7190205031455159,7895,-3,1,0,0,0,0.0,0.0,2025-Jan-29-23:38:29.028225
0.7048458208332435,7896,-3,1,0,1,0,0.1,0.0,2025-Jan-29-23:38:29.082455
0.7190205031455159,7897,-3,1,0,0,0,0.0,0.0,2025-Jan-29-23:38:29.130584
0.7190205031455159,7898,-3,1,0,0,0,0.0,0.0,2025-Jan-29-23:38:29.181351
0.704004816511651,7899,0,1,0,1,0,0.1,0.0,2025-Jan-29-23:38:29.245759
0.7040048287490615,7900,0,1,0,0,0,0.0,0.0,2025-Jan-29-23:38:29.309310
0.719020489622653,7901,-3,1,0,0,1,0.0,1.9000000000000001,2025-Jan-29-23:38:29.374078
0.719020489622653,7902,-3,1,0,0,1,0.0,1.9000000000000001,2025-Jan-29-23:38:29.436881
0.7040048287490615,7903,0,1,0,0,0,0.0,0.0,2025-Jan-29-23:38:29.497210
0.7190205031455159,7904,-3,1,0,0,0,0.0,0.0,2025-Jan-29-23:38:29.562832
