Cost,Sim,Switch_State_Indx,Gen1_on,Gen2_on,Batt1_mode,Batt2_mode,Batt1_power_kW,Batt2_power_kW,Timestamp
1.2260787269075122,1561,10,1,0,-1,0,0.0,0.0,2025-Jan-29-17:04:41.501314
1.4169072898171686,1562,8,1,1,0,1,0.0,1.3000000000000003,2025-Jan-29-17:04:41.603810
0.7182729372290622,1563,19,1,0,0,0,0.0,0.0,2025-Jan-29-17:04:41.673171
0.7182729372290622,1564,19,1,0,0,0,0.0,0.0,2025-Jan-29-17:04:41.748195
1.1882472948363416,1565,8,1,0,0,0,0.0,0.0,2025-Jan-29-17:04:41.819225
1.0769169097609872,1566,9,1,0,1,1,1.5000000000000002,1.5000000000000002,2025-Jan-29-17:04:41.897464
1.5582575482556265,1567,6,1,1,0,0,0.0,0.0,2025-Jan-29-17:04:41.952306
1.0732828067797704,1568,2,1,1,-1,0,0.0,0.0,2025-Jan-29-17:04:42.000733
1.4959039135536059,1569,14,1,1,-1,1,0.0,0.6,2025-Jan-29-17:04:42.088247
1.0732735773183826,1570,19,1,1,0,0,0.0,0.0,2025-Jan-29-17:04:42.139283
1.1882472948240612,1571,5,1,0,0,0,0.0,0.0,2025-Jan-29-17:04:42.196308
1.54324790740581,1572,4,1,1,1,1,0.5,1.9000000000000001,2025-Jan-29-17:04:42.253020
0.7410823665309835,1573,13,1,0,-1,1,0.0,1.3000000000000003,2025-Jan-29-17:04:42.330712
1.145799018754965,1574,15,1,1,0,-1,0.0,0.0,2025-Jan-29-17:04:42.407514
1.2032569102654214,1575,6,1,0,-1,0,0.0,0.0,2025-Jan-29-17:04:42.461843
1.0732735773183826,1576,19,1,1,0,0,0.0,0.0,2025-Jan-29-17:04:42.508513
0.7561023661056487,1577,21,1,0,-1,0,0.0,0.0,2025-Jan-29-17:04:42.589914
1.060660109861025,1578,11,1,0,1,1,0.9,1.3000000000000003,2025-Jan-29-17:04:42.776841
1.188247294787923,1579,17,1,0,0,0,0.0,0.0,2025-Jan-29-17:04:42.861310
1.5432479260570595,1580,11,1,1,0,1,0.0,0.5,2025-Jan-29-17:04:42.921032
1.0582524556889323,1581,15,1,1,0,0,0.0,0.0,2025-Jan-29-17:04:42.981440
1.5432479348432389,1582,14,1,1,0,0,0.0,0.0,2025-Jan-29-17:04:43.044937
1.0582554707465124,1583,0,1,1,-1,0,0.0,0.0,2025-Jan-29-17:04:43.107599
0.7032518165836577,1584,13,1,0,0,0,0.0,0.0,2025-Jan-29-17:04:43.167359
0.7182729372290622,1585,19,1,0,0,0,0.0,0.0,2025-Jan-29-17:04:43.217258
1.0732711298809452,1586,23,1,1,0,1,0.0,0.1,2025-Jan-29-17:04:43.277605
1.5582575482556265,1587,6,1,1,0,0,0.0,0.0,2025-Jan-29-17:04:43.336958
1.5917969327061021,1588,12,1,1,-1,0,0.0,0.0,2025-Jan-29-17:04:43.419772
1.3885580184932291,1589,14,1,1,1,1,0.2,1.2000000000000002,2025-Jan-29-17:04:43.502414
0.9730434062653938,1590,18,1,1,0,1,0.0,0.6,2025-Jan-29-17:04:43.578504
1.2032568945524118,1591,9,1,0,1,0,0.5,0.0,2025-Jan-29-17:04:43.682210
1.5582598088982227,1592,20,1,1,0,0,0.0,0.0,2025-Jan-29-17:04:43.780661
0.8051942119211196,1593,21,1,1,1,1,1.0,1.0,2025-Jan-29-17:04:43.876284
1.2032563923704165,1594,22,1,0,0,1,0.0,0.30000000000000004,2025-Jan-29-17:04:43.936774
1.058255470912656,1595,0,1,1,0,-1,0.0,0.0,2025-Jan-29-17:04:43.994072
1.5432479348660704,1596,8,1,1,0,0,0.0,0.0,2025-Jan-29-17:04:44.050547
1.2489819404013758,1597,7,1,0,0,-1,0.0,0.0,2025-Jan-29-17:04:44.107095
1.3823274595684358,1598,12,1,1,1,0,1.3000000000000003,0.0,2025-Jan-29-17:04:44.187831
1.543247934857496,1599,11,1,1,0,0,0.0,0.0,2025-Jan-29-17:04:44.246506
0.9469352021227748,1600,21,1,1,0,1,0.0,1.7000000000000002,2025-Jan-29-17:04:44.321002
0.7182704891826965,1601,23,1,0,0,1,0.0,1.8000000000000003,2025-Jan-29-17:04:44.377825
0.7410823775192706,1602,13,1,0,-1,0,0.0,0.0,2025-Jan-29-17:04:44.457478
1.558257031215192,1603,22,1,1,0,1,0.0,1.9000000000000001,2025-Jan-29-17:04:44.513041
1.3286400585175115,1604,20,1,0,-1,-1,0.0,0.0,2025-Jan-29-17:04:44.658493
1.1111030061933418,1605,21,1,1,-1,0,0.0,0.0,2025-Jan-29-17:04:44.756653
1.096083017820758,1606,16,1,1,-1,0,0.0,0.0,2025-Jan-29-17:04:44.849731
1.203256914380677,1607,6,1,0,-1,-1,0.0,0.0,2025-Jan-29-17:04:44.908250
0.7032518165899636,1608,16,1,0,0,0,0.0,0.0,2025-Jan-29-17:04:44.965927
1.5432479359287443,1609,7,1,1,-1,0,0.0,0.0,2025-Jan-29-17:04:45.023769
1.558257550300683,1610,9,1,1,-1,0,0.0,0.0,2025-Jan-29-17:04:45.081067
1.6458036696021932,1611,24,1,1,0,-1,0.0,0.0,2025-Jan-29-17:04:45.161096
1.5582575482556265,1612,6,1,1,0,0,0.0,0.0,2025-Jan-29-17:04:45.217592
1.1882472947756426,1613,11,1,0,0,0,0.0,0.0,2025-Jan-29-17:04:45.274841
0.718270503145516,1614,23,1,0,0,0,0.0,0.0,2025-Jan-29-17:04:45.319883
1.1882472948240612,1615,5,1,0,0,0,0.0,0.0,2025-Jan-29-17:04:45.376633
1.1882472806061117,1616,8,1,0,1,0,1.5000000000000002,0.0,2025-Jan-29-17:04:45.434377
1.0582554687157577,1617,1,1,1,0,0,0.0,0.0,2025-Jan-29-17:04:45.489741
1.0582554707465124,1618,0,1,1,-1,0,0.0,0.0,2025-Jan-29-17:04:45.546784
1.058252456597701,1619,13,1,1,0,0,0.0,0.0,2025-Jan-29-17:04:45.642243
1.0582524556889323,1620,15,1,1,0,0,0.0,0.0,2025-Jan-29-17:04:45.733898
1.1882472949645337,1621,7,1,0,0,0,0.0,0.0,2025-Jan-29-17:04:45.817877
1.416912390253133,1622,8,1,1,0,1,0.0,1.0,2025-Jan-29-17:04:46.046196
1.2260787318258766,1623,10,1,0,-1,-1,0.0,0.0,2025-Jan-29-17:04:46.129060
0.7032518199523472,1624,13,1,0,0,-1,0.0,0.0,2025-Jan-29-17:04:46.186364
1.1882472946247935,1625,4,1,0,0,0,0.0,0.0,2025-Jan-29-17:04:46.244164
1.0582524564983662,1626,18,1,1,0,0,0.0,0.0,2025-Jan-29-17:04:46.299089
0.7410823775192706,1627,13,1,0,-1,0,0.0,0.0,2025-Jan-29-17:04:46.378087
1.2260787269075122,1628,10,1,0,-1,0,0.0,0.0,2025-Jan-29-17:04:46.458528
1.188247294787923,1629,17,1,0,0,0,0.0,0.0,2025-Jan-29-17:04:46.515016
1.6039825796951659,1630,8,1,1,0,-1,0.0,0.0,2025-Jan-29-17:04:46.587038
1.5582598088982227,1631,20,1,1,0,0,0.0,0.0,2025-Jan-29-17:04:46.682454
1.5432479348176518,1632,17,1,1,0,0,0.0,0.0,2025-Jan-29-17:04:46.779604
1.2032591688841716,1633,12,1,0,0,0,0.0,0.0,2025-Jan-29-17:04:46.837691
1.1882472947756426,1634,11,1,0,0,0,0.0,0.0,2025-Jan-29-17:04:46.896524
1.188247294787923,1635,17,1,0,0,0,0.0,0.0,2025-Jan-29-17:04:46.955579
1.0732711430969912,1636,25,1,1,0,0,0.0,0.0,2025-Jan-29-17:04:47.001151
1.5582575482120697,1637,9,1,1,0,0,0.0,0.0,2025-Jan-29-17:04:47.057549
1.5810793670700924,1638,14,1,1,-1,0,0.0,0.0,2025-Jan-29-17:04:47.137358
0.8752189349569144,1639,15,1,1,1,1,0.4,1.1,2025-Jan-29-17:04:47.216881
1.0732711299799491,1640,23,1,1,0,1,0.0,1.1,2025-Jan-29-17:04:47.272778
1.1882472958734285,1641,8,1,0,-1,0,0.0,0.0,2025-Jan-29-17:04:47.328859
1.5582575482556265,1642,6,1,1,0,0,0.0,0.0,2025-Jan-29-17:04:47.384705
1.331236655858223,1643,20,1,1,1,1,0.9,0.7000000000000001,2025-Jan-29-17:04:47.439996
1.2032563928916167,1644,22,1,0,0,1,0.0,0.1,2025-Jan-29-17:04:47.494947
1.543247934780537,1645,4,1,1,0,0,0.0,0.0,2025-Jan-29-17:04:47.569764
1.5432479347321184,1646,10,1,1,0,0,0.0,0.0,2025-Jan-29-17:04:47.662650
0.7182821669329108,1647,2,1,0,0,-1,0.0,0.0,2025-Jan-29-17:04:47.753197
1.0582554688129302,1648,0,1,1,0,0,0.0,0.0,2025-Jan-29-17:04:47.833410
0.7032518165836577,1649,13,1,0,0,0,0.0,0.0,2025-Jan-29-17:04:47.892914
1.5432479348432389,1650,14,1,1,0,0,0.0,0.0,2025-Jan-29-17:04:47.951840
1.0769183989328392,1651,24,1,0,0,1,0.0,1.4000000000000001,2025-Jan-29-17:04:48.032716
1.2260787271081437,1652,14,1,0,-1,0,0.0,0.0,2025-Jan-29-17:04:48.113174
1.5432479260562637,1653,11,1,1,0,1,0.0,1.9000000000000001,2025-Jan-29-17:04:48.170654
0.8247332670051751,1654,15,1,0,-1,-1,0.0,0.0,2025-Jan-29-17:04:48.274023
1.5582570463223062,1655,22,1,1,0,0,0.0,0.0,2025-Jan-29-17:04:48.331052
1.5917969327061021,1656,12,1,1,-1,0,0.0,0.0,2025-Jan-29-17:04:48.411948
1.2908039091728067,1657,9,1,0,0,-1,0.0,0.0,2025-Jan-29-17:04:48.492524
0.7032518164381372,1658,18,1,0,0,0,0.0,0.0,2025-Jan-29-17:04:48.548144
1.5432479348660704,1659,8,1,1,0,0,0.0,0.0,2025-Jan-29-17:04:48.644461
1.2248933161499889,1660,17,1,0,-1,0,0.0,0.0,2025-Jan-29-17:04:48.772750
1.5432479400704557,1661,10,1,1,0,-1,0.0,0.0,2025-Jan-29-17:04:48.839736
1.0582554707465124,1662,0,1,1,-1,0,0.0,0.0,2025-Jan-29-17:04:48.895080
0.7410823776243158,1663,18,1,0,-1,0,0.0,0.0,2025-Jan-29-17:04:48.972006
1.188247294787923,1664,17,1,0,0,0,0.0,0.0,2025-Jan-29-17:04:49.026875
0.8247332670051751,1665,15,1,0,-1,-1,0.0,0.0,2025-Jan-29-17:04:49.126440
0.7032518156813519,1666,15,1,0,0,0,0.0,0.0,2025-Jan-29-17:04:49.180255
1.1037329291610902,1667,25,1,1,-1,0,0.0,0.0,2025-Jan-29-17:04:49.235337
1.2032591688378944,1668,20,1,0,0,0,0.0,0.0,2025-Jan-29-17:04:49.289214
0.7032518156813519,1669,15,1,0,0,0,0.0,0.0,2025-Jan-29-17:04:49.342868
1.2032591688841716,1670,12,1,0,0,0,0.0,0.0,2025-Jan-29-17:04:49.396727
0.7182729372290622,1671,19,1,0,0,0,0.0,0.0,2025-Jan-29-17:04:49.440362
1.188247294787923,1672,17,1,0,0,0,0.0,0.0,2025-Jan-29-17:04:49.494963
0.5769209197580205,1673,15,1,0,0,1,0.0,1.0,2025-Jan-29-17:04:49.587575
1.5582570463223062,1674,22,1,1,0,0,0.0,0.0,2025-Jan-29-17:04:49.759332
0.7410823776243158,1675,18,1,0,-1,0,0.0,0.0,2025-Jan-29-17:04:49.871320
1.2032564062589408,1676,22,1,0,0,0,0.0,0.0,2025-Jan-29-17:04:49.929013
1.0440730026803293,1677,15,1,1,0,1,0.0,0.1,2025-Jan-29-17:04:49.983671
1.4169140930382738,1678,8,1,1,0,1,0.0,0.9,2025-Jan-29-17:04:50.062670
1.279061084743914,1679,17,1,0,-1,-1,0.0,0.0,2025-Jan-29-17:04:50.142061
0.7032548167818373,1680,0,1,0,-1,1,0.0,1.3000000000000003,2025-Jan-29-17:04:50.197184
1.1882472949161151,1681,14,1,0,0,0,0.0,0.0,2025-Jan-29-17:04:50.252959
0.9303948353444125,1682,15,1,1,1,1,0.1,0.8,2025-Jan-29-17:04:50.307474
0.7032518164381372,1683,18,1,0,0,0,0.0,0.0,2025-Jan-29-17:04:50.360978
1.0582554687157577,1684,1,1,1,0,0,0.0,0.0,2025-Jan-29-17:04:50.415822
1.2260787309971342,1685,11,1,0,-1,-1,0.0,0.0,2025-Jan-29-17:04:50.493804
1.5918162101421558,1686,22,1,1,-1,0,0.0,0.0,2025-Jan-29-17:04:50.586672
0.7182705030005031,1687,25,1,0,0,0,0.0,0.0,2025-Jan-29-17:04:50.666066
0.7032518190940896,1688,16,1,0,0,-1,0.0,0.0,2025-Jan-29-17:04:50.752341
1.0732711430969912,1689,25,1,1,0,0,0.0,0.0,2025-Jan-29-17:04:50.799417
0.7032548153136429,1690,0,1,0,1,0,1.4000000000000001,0.0,2025-Jan-29-17:04:50.860440
1.0732735773183826,1691,19,1,1,0,0,0.0,0.0,2025-Jan-29-17:04:50.913005
1.203256908176808,1692,6,1,0,0,0,0.0,0.0,2025-Jan-29-17:04:50.969543
1.5582598089635473,1693,12,1,1,0,0,0.0,0.0,2025-Jan-29-17:04:51.025940
1.0732735800408597,1694,19,1,1,0,-1,0.0,0.0,2025-Jan-29-17:04:51.069516
1.0582554688129302,1695,0,1,1,0,0,0.0,0.0,2025-Jan-29-17:04:51.124069
1.2489819404873708,1696,8,1,0,-1,-1,0.0,0.0,2025-Jan-29-17:04:51.178422
1.5582575389525601,1697,6,1,1,0,1,0.0,1.9000000000000001,2025-Jan-29-17:04:51.232742
0.7410823776243158,1698,18,1,0,-1,0,0.0,0.0,2025-Jan-29-17:04:51.309588
1.1882472949645337,1699,7,1,0,0,0,0.0,0.0,2025-Jan-29-17:04:51.364775
0.7032518036121057,1700,16,1,0,0,1,0.0,0.6,2025-Jan-29-17:04:51.418453
0.718270503145516,1701,23,1,0,0,0,0.0,0.0,2025-Jan-29-17:04:51.462202
1.188247294787923,1702,17,1,0,0,0,0.0,0.0,2025-Jan-29-17:04:51.516641
1.558257552279544,1703,6,1,1,0,-1,0.0,0.0,2025-Jan-29-17:04:51.587802
1.5582570463223062,1704,22,1,1,0,0,0.0,0.0,2025-Jan-29-17:04:51.680297
1.1882472985320298,1705,5,1,0,0,-1,0.0,0.0,2025-Jan-29-17:04:51.762689
1.058252456597701,1706,13,1,1,0,0,0.0,0.0,2025-Jan-29-17:04:51.818390
1.0582554688129302,1707,0,1,1,0,0,0.0,0.0,2025-Jan-29-17:04:51.873291
1.5432479348916575,1708,7,1,1,0,0,0.0,0.0,2025-Jan-29-17:04:51.928177
1.0769235073240622,1709,24,1,0,0,1,0.0,1.1,2025-Jan-29-17:04:52.005354
1.188247295861148,1710,5,1,0,-1,0,0.0,0.0,2025-Jan-29-17:04:52.060137
1.543247934857496,1711,11,1,1,0,0,0.0,0.0,2025-Jan-29-17:04:52.115653
1.073273564992999,1712,19,1,1,0,1,0.0,1.2000000000000002,2025-Jan-29-17:04:52.171365
0.7182729370721538,1713,21,1,0,0,0,0.0,0.0,2025-Jan-29-17:04:52.214227
1.1882472948240612,1714,5,1,0,0,0,0.0,0.0,2025-Jan-29-17:04:52.268605
0.7032548287490616,1715,0,1,0,0,0,0.0,0.0,2025-Jan-29-17:04:52.322212
0.7032548183660938,1716,0,1,0,1,-1,1.3000000000000003,0.0,2025-Jan-29-17:04:52.376461
1.0732827911530407,1717,2,1,1,1,0,0.1,0.0,2025-Jan-29-17:04:52.430487
1.543247935817624,1718,4,1,1,-1,0,0.0,0.0,2025-Jan-29-17:04:52.491127
0.7032518156813519,1719,15,1,0,0,0,0.0,0.0,2025-Jan-29-17:04:52.546283
1.5582598088982227,1720,20,1,1,0,0,0.0,0.0,2025-Jan-29-17:04:52.649149
1.1882472948363416,1721,8,1,0,0,0,0.0,0.0,2025-Jan-29-17:04:52.739730
1.0582554688129302,1722,0,1,1,0,0,0.0,0.0,2025-Jan-29-17:04:52.813807
1.2032591688841716,1723,12,1,0,0,0,0.0,0.0,2025-Jan-29-17:04:52.869246
0.7182705030005031,1724,25,1,0,0,0,0.0,0.0,2025-Jan-29-17:04:52.917848
1.1882472946247935,1725,4,1,0,0,0,0.0,0.0,2025-Jan-29-17:04:52.972880
1.558257046225748,1726,24,1,1,0,0,0.0,0.0,2025-Jan-29-17:04:53.026989
0.7410823775192706,1727,13,1,0,-1,0,0.0,0.0,2025-Jan-29-17:04:53.103643
1.290803910947752,1728,9,1,0,-1,-1,0.0,0.0,2025-Jan-29-17:04:53.181239
1.188247294787923,1729,17,1,0,0,0,0.0,0.0,2025-Jan-29-17:04:53.323294
1.6458067962220135,1730,20,1,1,0,-1,0.0,0.0,2025-Jan-29-17:04:53.401952
1.2032591688841716,1731,12,1,0,0,0,0.0,0.0,2025-Jan-29-17:04:53.455976
0.7182705030005031,1732,25,1,0,0,0,0.0,0.0,2025-Jan-29-17:04:53.499725
1.0582524564983662,1733,18,1,1,0,0,0.0,0.0,2025-Jan-29-17:04:53.576966
0.7032518156813519,1734,15,1,0,0,0,0.0,0.0,2025-Jan-29-17:04:53.668620
0.7032518156813519,1735,15,1,0,0,0,0.0,0.0,2025-Jan-29-17:04:53.749114
1.0732711298809452,1736,23,1,1,0,1,0.0,0.1,2025-Jan-29-17:04:53.821126
1.058252456597701,1737,13,1,1,0,0,0.0,0.0,2025-Jan-29-17:04:53.875833
1.5810793670700924,1738,14,1,1,-1,0,0.0,0.0,2025-Jan-29-17:04:53.953295
1.0732828038461912,1739,2,1,1,0,0,0.0,0.0,2025-Jan-29-17:04:53.996128
1.058252459835037,1740,13,1,1,0,-1,0.0,0.0,2025-Jan-29-17:04:54.049786
0.718270503145516,1741,23,1,0,0,0,0.0,0.0,2025-Jan-29-17:04:54.094740
0.7032548287490616,1742,0,1,0,0,0,0.0,0.0,2025-Jan-29-17:04:54.151169
1.5432479348660704,1743,8,1,1,0,0,0.0,0.0,2025-Jan-29-17:04:54.205367
0.6606904647037948,1744,1,1,0,0,1,0.0,0.30000000000000004,2025-Jan-29-17:04:54.259577
1.0582554688129302,1745,0,1,1,0,0,0.0,0.0,2025-Jan-29-17:04:54.313245
1.0582524556889323,1746,15,1,1,0,0,0.0,0.0,2025-Jan-29-17:04:54.367713
0.7032548308487874,1747,0,1,0,0,-1,0.0,0.0,2025-Jan-29-17:04:54.425530
1.058255470912656,1748,0,1,1,0,-1,0.0,0.0,2025-Jan-29-17:04:54.480804
1.248981940207102,1749,14,1,0,0,-1,0.0,0.0,2025-Jan-29-17:04:54.535671
1.0582524566575031,1750,16,1,1,0,0,0.0,0.0,2025-Jan-29-17:04:54.603395
0.7032518045843748,1751,16,1,0,0,1,0.0,1.0,2025-Jan-29-17:04:54.683786
1.2260787273316933,1752,11,1,0,-1,0,0.0,0.0,2025-Jan-29-17:04:54.790309
1.2032569081518871,1753,9,1,0,0,0,0.0,0.0,2025-Jan-29-17:04:54.846381
0.7561023689068226,1754,19,1,0,-1,-1,0.0,0.0,2025-Jan-29-17:04:54.902094
1.2032564061623827,1755,24,1,0,0,0,0.0,0.0,2025-Jan-29-17:04:54.956520
1.2032564061623827,1756,24,1,0,0,0,0.0,0.0,2025-Jan-29-17:04:55.010910
1.203259173061556,1757,12,1,0,0,-1,0.0,0.0,2025-Jan-29-17:04:55.065115
1.1882472948240612,1758,5,1,0,0,0,0.0,0.0,2025-Jan-29-17:04:55.120327
1.5582598089635473,1759,12,1,1,0,0,0.0,0.0,2025-Jan-29-17:04:55.174652
1.1882472958734285,1760,8,1,0,-1,0,0.0,0.0,2025-Jan-29-17:04:55.228652
1.058252459835037,1761,13,1,1,0,-1,0.0,0.0,2025-Jan-29-17:04:55.282533
1.1882472985320298,1762,5,1,0,0,-1,0.0,0.0,2025-Jan-29-17:04:55.337167
1.5432479349059145,1763,5,1,1,0,0,0.0,0.0,2025-Jan-29-17:04:55.391329
1.2032591688841716,1764,12,1,0,0,0,0.0,0.0,2025-Jan-29-17:04:55.538738
0.7032548287490616,1765,0,1,0,0,0,0.0,0.0,2025-Jan-29-17:04:55.613740
1.2260787269075122,1766,10,1,0,-1,0,0.0,0.0,2025-Jan-29-17:04:55.743330
0.7032518051134298,1767,13,1,0,0,1,0.0,1.3000000000000003,2025-Jan-29-17:04:55.808676
1.058252456597701,1768,13,1,1,0,0,0.0,0.0,2025-Jan-29-17:04:55.863071
0.7032548287490616,1769,0,1,0,0,0,0.0,0.0,2025-Jan-29-17:04:55.919585
1.1882472960016206,1770,7,1,0,-1,0,0.0,0.0,2025-Jan-29-17:04:55.974546
0.7032548287490616,1771,0,1,0,0,0,0.0,0.0,2025-Jan-29-17:04:56.031628
0.7032518164381372,1772,18,1,0,0,0,0.0,0.0,2025-Jan-29-17:04:56.086698
1.1608124689801373,1773,21,1,1,0,-1,0.0,0.0,2025-Jan-29-17:04:56.143044
0.7032548287490616,1774,0,1,0,0,0,0.0,0.0,2025-Jan-29-17:04:56.197271
0.7182821636027037,1775,3,1,0,0,0,0.0,0.0,2025-Jan-29-17:04:56.240706
1.1882472949161151,1776,14,1,0,0,0,0.0,0.0,2025-Jan-29-17:04:56.295053
0.7182705030005031,1777,25,1,0,0,0,0.0,0.0,2025-Jan-29-17:04:56.339737
0.7032548308487874,1778,0,1,0,0,-1,0.0,0.0,2025-Jan-29-17:04:56.393509
1.0732735771638882,1779,21,1,1,0,0,0.0,0.0,2025-Jan-29-17:04:56.437275
0.7182729370721538,1780,21,1,0,0,0,0.0,0.0,2025-Jan-29-17:04:56.480570
1.0888023230991275,1781,14,1,0,0,1,0.0,0.7000000000000001,2025-Jan-29-17:04:56.534797
1.57748317000024,1782,24,1,1,-1,1,0.0,0.1,2025-Jan-29-17:04:56.631978
1.1457990194326042,1783,18,1,1,0,-1,0.0,0.0,2025-Jan-29-17:04:56.741122
0.7907983793815168,1784,18,1,0,0,-1,0.0,0.0,2025-Jan-29-17:04:56.821746
0.7561023689068226,1785,19,1,0,-1,-1,0.0,0.0,2025-Jan-29-17:04:56.878419
0.7032548287490616,1786,0,1,0,0,0,0.0,0.0,2025-Jan-29-17:04:56.935025
1.2032591688841716,1787,12,1,0,0,0,0.0,0.0,2025-Jan-29-17:04:56.990440
0.7182705030005031,1788,25,1,0,0,0,0.0,0.0,2025-Jan-29-17:04:57.034475
0.5919389056670682,1789,25,1,0,0,1,0.0,1.3000000000000003,2025-Jan-29-17:04:57.105825
0.7032548287490616,1790,0,1,0,0,0,0.0,0.0,2025-Jan-29-17:04:57.159807
1.0732735773183826,1791,19,1,1,0,0,0.0,0.0,2025-Jan-29-17:04:57.202945
0.7561023689068226,1792,19,1,0,-1,-1,0.0,0.0,2025-Jan-29-17:04:57.258700
0.7182729370721538,1793,21,1,0,0,0,0.0,0.0,2025-Jan-29-17:04:57.301580
0.7032518165899636,1794,16,1,0,0,0,0.0,0.0,2025-Jan-29-17:04:57.355335
1.2032591688378944,1795,20,1,0,0,0,0.0,0.0,2025-Jan-29-17:04:57.408832
0.7032548287490616,1796,0,1,0,0,0,0.0,0.0,2025-Jan-29-17:04:57.462777
1.1882472946247935,1797,4,1,0,0,0,0.0,0.0,2025-Jan-29-17:04:57.517801
0.7182821669329108,1798,2,1,0,0,-1,0.0,0.0,2025-Jan-29-17:04:57.587200
1.073273564533924,1799,19,1,1,0,1,0.0,1.3000000000000003,2025-Jan-29-17:04:57.673426
0.7032518165836577,1800,13,1,0,0,0,0.0,0.0,2025-Jan-29-17:04:57.756741
0.7032518156813519,1801,15,1,0,0,0,0.0,0.0,2025-Jan-29-17:04:57.814255
0.7182705030005031,1802,25,1,0,0,0,0.0,0.0,2025-Jan-29-17:04:57.858090
1.0732735771638882,1803,21,1,1,0,0,0.0,0.0,2025-Jan-29-17:04:57.901151
1.058252459835037,1804,13,1,1,0,-1,0.0,0.0,2025-Jan-29-17:04:57.958600
1.5432479348432389,1805,14,1,1,0,0,0.0,0.0,2025-Jan-29-17:04:58.013805
1.188247294787923,1806,17,1,0,0,0,0.0,0.0,2025-Jan-29-17:04:58.068763
0.7032548153136429,1807,0,1,0,1,0,1.4000000000000001,0.0,2025-Jan-29-17:04:58.123292
1.1882472948363416,1808,8,1,0,0,0,0.0,0.0,2025-Jan-29-17:04:58.178698
1.5918162101421558,1809,22,1,1,-1,0,0.0,0.0,2025-Jan-29-17:04:58.255667
1.1882472795815482,1810,8,1,0,1,0,1.8000000000000003,0.0,2025-Jan-29-17:04:58.310616
0.7182705030005031,1811,25,1,0,0,0,0.0,0.0,2025-Jan-29-17:04:58.353842
0.9469463337925523,1812,25,1,1,0,1,0.0,0.9,2025-Jan-29-17:04:58.501097
0.7907983793815168,1813,18,1,0,0,-1,0.0,0.0,2025-Jan-29-17:04:58.598794
0.7182705030005031,1814,25,1,0,0,0,0.0,0.0,2025-Jan-29-17:04:58.679584
0.7182821637487402,1815,2,1,0,0,0,0.0,0.0,2025-Jan-29-17:04:58.757313
0.7032548287490616,1816,0,1,0,0,0,0.0,0.0,2025-Jan-29-17:04:58.815610
1.0582554688129302,1817,0,1,1,0,0,0.0,0.0,2025-Jan-29-17:04:58.871001
1.5432479359287443,1818,7,1,1,-1,0,0.0,0.0,2025-Jan-29-17:04:58.927843
0.7032518164381372,1819,18,1,0,0,0,0.0,0.0,2025-Jan-29-17:04:58.982206
0.7182729372290622,1820,19,1,0,0,0,0.0,0.0,2025-Jan-29-17:04:59.026120
0.7032548287490616,1821,0,1,0,0,0,0.0,0.0,2025-Jan-29-17:04:59.079799
1.0582554688129302,1822,0,1,1,0,0,0.0,0.0,2025-Jan-29-17:04:59.133943
0.5769090910053553,1823,15,1,0,0,1,0.0,1.7000000000000002,2025-Jan-29-17:04:59.211817
1.1882472947756426,1824,11,1,0,0,0,0.0,0.0,2025-Jan-29-17:04:59.266917
0.7032548287490616,1825,0,1,0,0,0,0.0,0.0,2025-Jan-29-17:04:59.320972
0.7032518156813519,1826,15,1,0,0,0,0.0,0.0,2025-Jan-29-17:04:59.375020
0.7032518165836577,1827,13,1,0,0,0,0.0,0.0,2025-Jan-29-17:04:59.428639
0.5769124645983642,1828,18,1,0,0,1,0.0,1.5000000000000002,2025-Jan-29-17:04:59.506005
0.7032518165899636,1829,16,1,0,0,0,0.0,0.0,2025-Jan-29-17:04:59.568640
1.4445743266459,1830,9,1,1,0,1,0.0,0.8,2025-Jan-29-17:04:59.659859
1.5810793673530297,1831,17,1,1,-1,0,0.0,0.0,2025-Jan-29-17:04:59.770782
0.7182705030005031,1832,25,1,0,0,0,0.0,0.0,2025-Jan-29-17:04:59.814936
1.0582524566575031,1833,16,1,1,0,0,0.0,0.0,2025-Jan-29-17:04:59.868927
0.7032518165836577,1834,13,1,0,0,0,0.0,0.0,2025-Jan-29-17:04:59.925552
0.7032518164381372,1835,18,1,0,0,0,0.0,0.0,2025-Jan-29-17:04:59.980518
1.0732711432420041,1836,23,1,1,0,0,0.0,0.0,2025-Jan-29-17:05:00.028524
0.8823196628303751,1837,13,1,1,1,0,1.5000000000000002,0.0,2025-Jan-29-17:05:00.106023
1.1111007934145072,1838,23,1,1,-1,0,0.0,0.0,2025-Jan-29-17:05:00.164302
0.7032518051134298,1839,13,1,0,0,1,0.0,1.3000000000000003,2025-Jan-29-17:05:00.219001
1.1608097877885277,1840,25,1,1,0,-1,0.0,0.0,2025-Jan-29-17:05:00.275657
0.7032518164381372,1841,18,1,0,0,0,0.0,0.0,2025-Jan-29-17:05:00.329462
0.7032518165899636,1842,16,1,0,0,0,0.0,0.0,2025-Jan-29-17:05:00.383344
1.1037329291610902,1843,25,1,1,-1,0,0.0,0.0,2025-Jan-29-17:05:00.438782
0.6748874072225595,1844,1,1,0,0,1,0.0,0.2,2025-Jan-29-17:05:00.493608
1.203256908176808,1845,6,1,0,0,0,0.0,0.0,2025-Jan-29-17:05:00.547865
1.0582524566575031,1846,16,1,1,0,0,0.0,0.0,2025-Jan-29-17:05:00.642235
1.1882472948363416,1847,8,1,0,0,0,0.0,0.0,2025-Jan-29-17:05:00.726477
1.1882472946247935,1848,4,1,0,0,0,0.0,0.0,2025-Jan-29-17:05:00.807011
1.0582524566575031,1849,16,1,1,0,0,0.0,0.0,2025-Jan-29-17:05:00.865150
0.5919312110431749,1850,21,1,0,0,1,0.0,1.9000000000000001,2025-Jan-29-17:05:00.937979
0.5769209197580205,1851,15,1,0,0,1,0.0,1.0,2025-Jan-29-17:05:01.019421
1.2260787271081437,1852,14,1,0,-1,0,0.0,0.0,2025-Jan-29-17:05:01.099099
0.7182821636027037,1853,3,1,0,0,0,0.0,0.0,2025-Jan-29-17:05:01.147450
0.843646600794894,1854,21,1,0,-1,-1,0.0,0.0,2025-Jan-29-17:05:01.224426
0.7410823775192706,1855,13,1,0,-1,0,0.0,0.0,2025-Jan-29-17:05:01.314243
1.5582570484090077,1856,22,1,1,0,-1,0.0,0.0,2025-Jan-29-17:05:01.373671
0.7032548308487874,1857,0,1,0,0,-1,0.0,0.0,2025-Jan-29-17:05:01.434870
1.2032591688378944,1858,20,1,0,0,0,0.0,0.0,2025-Jan-29-17:05:01.497321
1.2032569081518871,1859,9,1,0,0,0,0.0,0.0,2025-Jan-29-17:05:01.567633
1.2367962926340237,1860,12,1,0,-1,0,0.0,0.0,2025-Jan-29-17:05:01.691831
1.5432479348916575,1861,7,1,1,0,0,0.0,0.0,2025-Jan-29-17:05:01.787565
1.2757299910984834,1862,14,1,0,-1,-1,0.0,0.0,2025-Jan-29-17:05:01.873956
1.2032569081518871,1863,9,1,0,0,0,0.0,0.0,2025-Jan-29-17:05:01.929708
0.7410823775192706,1864,13,1,0,-1,0,0.0,0.0,2025-Jan-29-17:05:02.006688
0.7032548287490616,1865,0,1,0,0,0,0.0,0.0,2025-Jan-29-17:05:02.061426
0.7182705030005031,1866,25,1,0,0,0,0.0,0.0,2025-Jan-29-17:05:02.106038
0.7032548287490616,1867,0,1,0,0,0,0.0,0.0,2025-Jan-29-17:05:02.162038
1.188247282676115,1868,10,1,0,0,1,0.0,1.7000000000000002,2025-Jan-29-17:05:02.217205
0.7032548287490616,1869,0,1,0,0,0,0.0,0.0,2025-Jan-29-17:05:02.347235
0.7182729241253188,1870,19,1,0,0,1,0.0,1.8000000000000003,2025-Jan-29-17:05:02.402178
1.3286400585175115,1871,20,1,0,-1,-1,0.0,0.0,2025-Jan-29-17:05:02.505539
0.7032518165836577,1872,13,1,0,0,0,0.0,0.0,2025-Jan-29-17:05:02.567745
1.2032591688378944,1873,20,1,0,0,0,0.0,0.0,2025-Jan-29-17:05:02.662954
0.7032518165899636,1874,16,1,0,0,0,0.0,0.0,2025-Jan-29-17:05:02.743817
0.7032548287490616,1875,0,1,0,0,0,0.0,0.0,2025-Jan-29-17:05:02.814544
1.1882472949645337,1876,7,1,0,0,0,0.0,0.0,2025-Jan-29-17:05:02.877798
1.0732828066337339,1877,3,1,1,-1,0,0.0,0.0,2025-Jan-29-17:05:02.923570
0.7032548287490616,1878,0,1,0,0,0,0.0,0.0,2025-Jan-29-17:05:02.977961
0.7561023535215876,1879,19,1,0,-1,1,0.0,1.0,2025-Jan-29-17:05:03.054561
1.558259797639884,1880,12,1,1,0,1,0.0,1.4000000000000001,2025-Jan-29-17:05:03.109454
0.7410823776243158,1881,18,1,0,-1,0,0.0,0.0,2025-Jan-29-17:05:03.186541
0.7032518190940896,1882,16,1,0,0,-1,0.0,0.0,2025-Jan-29-17:05:03.240707
1.188247294787923,1883,17,1,0,0,0,0.0,0.0,2025-Jan-29-17:05:03.294936
0.9880649786861867,1884,25,1,1,0,1,0.0,0.6,2025-Jan-29-17:05:03.338415
0.7032518165899636,1885,16,1,0,0,0,0.0,0.0,2025-Jan-29-17:05:03.392330
1.2260787269075122,1886,10,1,0,-1,0,0.0,0.0,2025-Jan-29-17:05:03.472755
0.7032548287490616,1887,0,1,0,0,0,0.0,0.0,2025-Jan-29-17:05:03.528356
1.058255470912656,1888,0,1,1,0,-1,0.0,0.0,2025-Jan-29-17:05:03.603745
1.3673095217176519,1889,14,1,1,1,0,1.5000000000000002,0.0,2025-Jan-29-17:05:03.724026
1.2489819404013758,1890,7,1,0,0,-1,0.0,0.0,2025-Jan-29-17:05:03.806516
1.1882472949161151,1891,14,1,0,0,0,0.0,0.0,2025-Jan-29-17:05:03.862272
1.0582554688129302,1892,0,1,1,0,0,0.0,0.0,2025-Jan-29-17:05:03.916145
1.188247294787923,1893,17,1,0,0,0,0.0,0.0,2025-Jan-29-17:05:03.974964
0.7182729400006294,1894,19,1,0,0,-1,0.0,0.0,2025-Jan-29-17:05:04.018849
1.543247934857496,1895,11,1,1,0,0,0.0,0.0,2025-Jan-29-17:05:04.074687
0.7032548308487874,1896,0,1,0,0,-1,0.0,0.0,2025-Jan-29-17:05:04.129794
0.7032548287490616,1897,0,1,0,0,0,0.0,0.0,2025-Jan-29-17:05:04.184217
0.7032548308487874,1898,0,1,0,0,-1,0.0,0.0,2025-Jan-29-17:05:04.238643
0.7032518165899636,1899,16,1,0,0,0,0.0,0.0,2025-Jan-29-17:05:04.292939
0.7182729370721538,1900,21,1,0,0,0,0.0,0.0,2025-Jan-29-17:05:04.336542
0.7032518164381372,1901,18,1,0,0,0,0.0,0.0,2025-Jan-29-17:05:04.391791
1.2032564061623827,1902,24,1,0,0,0,0.0,0.0,2025-Jan-29-17:05:04.445832
0.7040958206858111,1903,25,1,0,1,0,0.1,0.0,2025-Jan-29-17:05:04.489670
0.7032548287490616,1904,0,1,0,0,0,0.0,0.0,2025-Jan-29-17:05:04.544302
1.6340617247158589,1905,17,1,1,-1,-1,0.0,0.0,2025-Jan-29-17:05:04.751519
0.7032518164381372,1906,18,1,0,0,0,0.0,0.0,2025-Jan-29-17:05:04.836901
1.1882472947756426,1907,11,1,0,0,0,0.0,0.0,2025-Jan-29-17:05:04.896908
1.2032569102654214,1908,6,1,0,-1,0,0.0,0.0,2025-Jan-29-17:05:04.953428
1.188247294576375,1909,10,1,0,0,0,0.0,0.0,2025-Jan-29-17:05:05.008508
1.6458067962220135,1910,20,1,1,0,-1,0.0,0.0,2025-Jan-29-17:05:05.086371
0.7032518164381372,1911,18,1,0,0,0,0.0,0.0,2025-Jan-29-17:05:05.140999
0.7182729247338491,1912,19,1,0,0,1,0.0,0.8,2025-Jan-29-17:05:05.195920
1.188247294787923,1913,17,1,0,0,0,0.0,0.0,2025-Jan-29-17:05:05.251126
0.718270503145516,1914,23,1,0,0,0,0.0,0.0,2025-Jan-29-17:05:05.294450
0.7032548287490616,1915,0,1,0,0,0,0.0,0.0,2025-Jan-29-17:05:05.348746
0.7032548287490616,1916,0,1,0,0,0,0.0,0.0,2025-Jan-29-17:05:05.402979
1.0582554688129302,1917,0,1,1,0,0,0.0,0.0,2025-Jan-29-17:05:05.456926
0.7032548306826437,1918,0,1,0,-1,0,0.0,0.0,2025-Jan-29-17:05:05.513440
1.188247294787923,1919,17,1,0,0,0,0.0,0.0,2025-Jan-29-17:05:05.588870
0.7032518164381372,1920,18,1,0,0,0,0.0,0.0,2025-Jan-29-17:05:05.675958
0.7032548287490616,1921,0,1,0,0,0,0.0,0.0,2025-Jan-29-17:05:05.763431
0.7032548287490616,1922,0,1,0,0,0,0.0,0.0,2025-Jan-29-17:05:05.818008
1.203259173061556,1923,12,1,0,0,-1,0.0,0.0,2025-Jan-29-17:05:05.873267
0.7182705030005031,1924,25,1,0,0,0,0.0,0.0,2025-Jan-29-17:05:05.916651
0.7032548287490616,1925,0,1,0,0,0,0.0,0.0,2025-Jan-29-17:05:05.970465
1.1882472949161151,1926,14,1,0,0,0,0.0,0.0,2025-Jan-29-17:05:06.029152
0.7182729372290622,1927,19,1,0,0,0,0.0,0.0,2025-Jan-29-17:05:06.074116
0.6298800685035555,1928,21,1,0,1,-1,1.7000000000000002,0.0,2025-Jan-29-17:05:06.159062
1.2248933161499889,1929,17,1,0,-1,0,0.0,0.0,2025-Jan-29-17:05:06.237446
1.5432479377484252,1930,11,1,1,0,-1,0.0,0.0,2025-Jan-29-17:05:06.292535
0.7032518165899636,1931,16,1,0,0,0,0.0,0.0,2025-Jan-29-17:05:06.347621
0.7182705030005031,1932,25,1,0,0,0,0.0,0.0,2025-Jan-29-17:05:06.390974
0.7032518156813519,1933,15,1,0,0,0,0.0,0.0,2025-Jan-29-17:05:06.445053
1.1882472947756426,1934,11,1,0,0,0,0.0,0.0,2025-Jan-29-17:05:06.499673
1.188247294787923,1935,17,1,0,0,0,0.0,0.0,2025-Jan-29-17:05:06.566739
1.5290679680373185,1936,17,1,1,0,1,0.0,0.1,2025-Jan-29-17:05:06.654028
1.5798939559241476,1937,10,1,1,-1,0,0.0,0.0,2025-Jan-29-17:05:06.760438
0.7561001531834526,1938,25,1,0,-1,0,0.0,0.0,2025-Jan-29-17:05:06.818854
1.1182058874083993,1939,12,1,0,1,-1,0.6,0.0,2025-Jan-29-17:05:06.873457
0.8058118288977956,1940,21,1,0,0,-1,0.0,0.0,2025-Jan-29-17:05:06.931929
1.188247294787923,1941,17,1,0,0,0,0.0,0.0,2025-Jan-29-17:05:06.986842
1.0464827941795374,1942,14,1,0,1,0,1.0,0.0,2025-Jan-29-17:05:07.041782
1.0732711430969912,1943,25,1,1,0,0,0.0,0.0,2025-Jan-29-17:05:07.085351
1.18907738480896,1944,9,1,0,0,1,0.0,0.1,2025-Jan-29-17:05:07.139576
0.7032548287490616,1945,0,1,0,0,0,0.0,0.0,2025-Jan-29-17:05:07.193472
1.1882472949161151,1946,14,1,0,0,0,0.0,0.0,2025-Jan-29-17:05:07.248164
0.7032548287490616,1947,0,1,0,0,0,0.0,0.0,2025-Jan-29-17:05:07.301832
0.7032548287490616,1948,0,1,0,0,0,0.0,0.0,2025-Jan-29-17:05:07.356424
1.096083017947357,1949,13,1,1,-1,0,0.0,0.0,2025-Jan-29-17:05:07.432731
1.2032563911518268,1950,22,1,0,0,1,0.0,1.9000000000000001,2025-Jan-29-17:05:07.487400
0.7032518046213128,1951,16,1,0,0,1,0.0,0.7000000000000001,2025-Jan-29-17:05:07.544270
0.7182729372290622,1952,19,1,0,0,0,0.0,0.0,2025-Jan-29-17:05:07.702770
0.7032548287490616,1953,0,1,0,0,0,0.0,0.0,2025-Jan-29-17:05:07.790077
0.8247332674916161,1954,18,1,0,-1,-1,0.0,0.0,2025-Jan-29-17:05:07.916359
1.5917969327061021,1955,12,1,1,-1,0,0.0,0.0,2025-Jan-29-17:05:07.995718
1.0732711430969912,1956,25,1,1,0,0,0.0,0.0,2025-Jan-29-17:05:08.040305
0.7032548327823697,1957,0,1,0,-1,-1,0.0,0.0,2025-Jan-29-17:05:08.094995
0.7182729372290622,1958,19,1,0,0,0,0.0,0.0,2025-Jan-29-17:05:08.138981
1.2032569122920638,1959,6,1,0,0,-1,0.0,0.0,2025-Jan-29-17:05:08.193133
1.2032591688841716,1960,12,1,0,0,0,0.0,0.0,2025-Jan-29-17:05:08.247204
1.248981940207102,1961,14,1,0,0,-1,0.0,0.0,2025-Jan-29-17:05:08.302643
0.6472897861963146,1962,21,1,0,0,1,0.0,0.5,2025-Jan-29-17:05:08.346461
1.0582554688129302,1963,0,1,1,0,0,0.0,0.0,2025-Jan-29-17:05:08.400440
0.7182705030005031,1964,25,1,0,0,0,0.0,0.0,2025-Jan-29-17:05:08.443513
0.7032548287490616,1965,0,1,0,0,0,0.0,0.0,2025-Jan-29-17:05:08.497766
1.2032563911518268,1966,22,1,0,0,1,0.0,1.9000000000000001,2025-Jan-29-17:05:08.567869
1.1882472947756426,1967,11,1,0,0,0,0.0,0.0,2025-Jan-29-17:05:08.657066
0.7182729372290622,1968,19,1,0,0,0,0.0,0.0,2025-Jan-29-17:05:08.728824
0.7032518165899636,1969,16,1,0,0,0,0.0,0.0,2025-Jan-29-17:05:08.797349
0.7032548287490616,1970,0,1,0,0,0,0.0,0.0,2025-Jan-29-17:05:08.853990
0.8058091477019476,1971,25,1,0,0,-1,0.0,0.0,2025-Jan-29-17:05:08.910942
0.7182821637487402,1972,2,1,0,0,0,0.0,0.0,2025-Jan-29-17:05:08.954478
0.7032548287490616,1973,0,1,0,0,0,0.0,0.0,2025-Jan-29-17:05:09.008843
0.7182705030005031,1974,25,1,0,0,0,0.0,0.0,2025-Jan-29-17:05:09.052075
0.7032548287490616,1975,0,1,0,0,0,0.0,0.0,2025-Jan-29-17:05:09.106135
0.7032548287490616,1976,0,1,0,0,0,0.0,0.0,2025-Jan-29-17:05:09.160459
0.7032548306826437,1977,0,1,0,-1,0,0.0,0.0,2025-Jan-29-17:05:09.214678
0.9469463337925523,1978,25,1,1,0,1,0.0,0.9,2025-Jan-29-17:05:09.285962
0.6899037582968622,1979,25,1,0,0,1,0.0,0.2,2025-Jan-29-17:05:09.329547
1.0769270773314557,1980,9,1,0,0,1,0.0,0.9,2025-Jan-29-17:05:09.407145
0.7182821636027037,1981,3,1,0,0,0,0.0,0.0,2025-Jan-29-17:05:09.450819
1.6039825795008924,1982,17,1,1,0,-1,0.0,0.0,2025-Jan-29-17:05:09.505794
1.189079647702151,1983,20,1,0,0,1,0.0,0.1,2025-Jan-29-17:05:09.573851
1.0769135493200386,1984,9,1,0,0,1,0.0,1.7000000000000002,2025-Jan-29-17:05:09.689853
1.2908030295484636,1985,24,1,0,0,-1,0.0,0.0,2025-Jan-29-17:05:09.799957
0.7182705030005031,1986,25,1,0,0,0,0.0,0.0,2025-Jan-29-17:05:09.845838
1.5432479348432389,1987,14,1,1,0,0,0.0,0.0,2025-Jan-29-17:05:09.904742
0.7182729372290622,1988,19,1,0,0,0,0.0,0.0,2025-Jan-29-17:05:09.948909
0.7032548287490616,1989,0,1,0,0,0,0.0,0.0,2025-Jan-29-17:05:10.003086
0.7032548287490616,1990,0,1,0,0,0,0.0,0.0,2025-Jan-29-17:05:10.057272
0.7032518165836577,1991,13,1,0,0,0,0.0,0.0,2025-Jan-29-17:05:10.112820
1.061901561743895,1992,17,1,0,0,1,0.0,1.6,2025-Jan-29-17:05:10.190617
1.2032591688378944,1993,20,1,0,0,0,0.0,0.0,2025-Jan-29-17:05:10.245108
0.7032518165899636,1994,16,1,0,0,0,0.0,0.0,2025-Jan-29-17:05:10.299212
0.6188324106788893,1995,25,1,0,0,1,0.0,0.7000000000000001,2025-Jan-29-17:05:10.342941
0.7032548286518892,1996,1,1,0,0,0,0.0,0.0,2025-Jan-29-17:05:10.396926
0.7561001531834526,1997,25,1,0,-1,0,0.0,0.0,2025-Jan-29-17:05:10.529495
1.2032591688378944,1998,20,1,0,0,0,0.0,0.0,2025-Jan-29-17:05:10.598588
1.6039825795008924,1999,17,1,1,0,-1,0.0,0.0,2025-Jan-29-17:05:10.684787
0.8058091477019476,2000,25,1,0,0,-1,0.0,0.0,2025-Jan-29-17:05:10.766575
0.7032548287490616,2001,0,1,0,0,0,0.0,0.0,2025-Jan-29-17:05:10.822525
0.7182729370721538,2002,21,1,0,0,0,0.0,0.0,2025-Jan-29-17:05:10.867666
0.7032518165836577,2003,13,1,0,0,0,0.0,0.0,2025-Jan-29-17:05:10.922923
0.7032518156813519,2004,15,1,0,0,0,0.0,0.0,2025-Jan-29-17:05:10.979813
1.2260787318258766,2005,10,1,0,-1,-1,0.0,0.0,2025-Jan-29-17:05:11.059147
0.7032548308487874,2006,0,1,0,0,-1,0.0,0.0,2025-Jan-29-17:05:11.113098
0.7182729400006294,2007,19,1,0,0,-1,0.0,0.0,2025-Jan-29-17:05:11.156847
0.7032548287490616,2008,0,1,0,0,0,0.0,0.0,2025-Jan-29-17:05:11.210872
1.2032591688841716,2009,12,1,0,0,0,0.0,0.0,2025-Jan-29-17:05:11.265084
0.7032518199523472,2010,13,1,0,0,-1,0.0,0.0,2025-Jan-29-17:05:11.319220
0.7032518156813519,2011,15,1,0,0,0,0.0,0.0,2025-Jan-29-17:05:11.373383
0.7182729372290622,2012,19,1,0,0,0,0.0,0.0,2025-Jan-29-17:05:11.417506
1.2489819395329602,2013,17,1,0,0,-1,0.0,0.0,2025-Jan-29-17:05:11.471497
0.7182705030005031,2014,25,1,0,0,0,0.0,0.0,2025-Jan-29-17:05:11.515255
1.1882472948240612,2015,5,1,0,0,0,0.0,0.0,2025-Jan-29-17:05:11.586183
1.1882472801930768,2016,5,1,0,1,0,1.4000000000000001,0.0,2025-Jan-29-17:05:11.670940
1.188247294576375,2017,10,1,0,0,0,0.0,0.0,2025-Jan-29-17:05:11.752993
0.7032548287490616,2018,0,1,0,0,0,0.0,0.0,2025-Jan-29-17:05:11.810651
0.7032518165836577,2019,13,1,0,0,0,0.0,0.0,2025-Jan-29-17:05:11.864802
1.1882472949161151,2020,14,1,0,0,0,0.0,0.0,2025-Jan-29-17:05:11.921616
0.7032548287490616,2021,0,1,0,0,0,0.0,0.0,2025-Jan-29-17:05:11.976524
1.188247294576375,2022,10,1,0,0,0,0.0,0.0,2025-Jan-29-17:05:12.031056
0.5769090910053553,2023,15,1,0,0,1,0.0,1.7000000000000002,2025-Jan-29-17:05:12.108174
1.188247294576375,2024,10,1,0,0,0,0.0,0.0,2025-Jan-29-17:05:12.163132
0.7182821637487402,2025,2,1,0,0,0,0.0,0.0,2025-Jan-29-17:05:12.206583
1.0582524566575031,2026,16,1,1,0,0,0.0,0.0,2025-Jan-29-17:05:12.260229
1.2260787271081437,2027,14,1,0,-1,0,0.0,0.0,2025-Jan-29-17:05:12.336984
0.7182705030005031,2028,25,1,0,0,0,0.0,0.0,2025-Jan-29-17:05:12.380033
0.7032518164381372,2029,18,1,0,0,0,0.0,0.0,2025-Jan-29-17:05:12.433567
1.5432479260564151,2030,11,1,1,0,1,0.0,1.3000000000000003,2025-Jan-29-17:05:12.488343
0.7032518165899636,2031,16,1,0,0,0,0.0,0.0,2025-Jan-29-17:05:12.541912
0.7032518165899636,2032,16,1,0,0,0,0.0,0.0,2025-Jan-29-17:05:12.622699
1.2260787271081437,2033,14,1,0,-1,0,0.0,0.0,2025-Jan-29-17:05:12.745971
0.7032518156813519,2034,15,1,0,0,0,0.0,0.0,2025-Jan-29-17:05:12.810166
1.188247294787923,2035,17,1,0,0,0,0.0,0.0,2025-Jan-29-17:05:12.867641
1.5432479377484252,2036,11,1,1,0,-1,0.0,0.0,2025-Jan-29-17:05:12.924147
0.7182705030005031,2037,25,1,0,0,0,0.0,0.0,2025-Jan-29-17:05:12.969264
0.5423447386502132,2038,25,1,0,1,0,1.9000000000000001,0.0,2025-Jan-29-17:05:13.041290
1.1040261470088772,2039,22,1,0,1,-1,0.7000000000000001,0.0,2025-Jan-29-17:05:13.095447
0.7032518165836577,2040,13,1,0,0,0,0.0,0.0,2025-Jan-29-17:05:13.149736
0.7182821637487402,2041,2,1,0,0,0,0.0,0.0,2025-Jan-29-17:05:13.193334
0.7032518165899636,2042,16,1,0,0,0,0.0,0.0,2025-Jan-29-17:05:13.246648
0.718270503145516,2043,23,1,0,0,0,0.0,0.0,2025-Jan-29-17:05:13.289900
0.7182821504903927,2044,2,1,0,0,1,0.0,0.6,2025-Jan-29-17:05:13.344245
0.7032548308487874,2045,0,1,0,0,-1,0.0,0.0,2025-Jan-29-17:05:13.398332
1.0732711430969912,2046,25,1,1,0,0,0.0,0.0,2025-Jan-29-17:05:13.446206
1.203256908176808,2047,6,1,0,0,0,0.0,0.0,2025-Jan-29-17:05:13.616433
0.7032548308487874,2048,0,1,0,0,-1,0.0,0.0,2025-Jan-29-17:05:13.700325
1.5432479349059145,2049,5,1,1,0,0,0.0,0.0,2025-Jan-29-17:05:13.775257
0.5769236047469903,2050,1,1,0,1,1,1.2000000000000002,1.1,2025-Jan-29-17:05:13.853915
0.7032518156813519,2051,15,1,0,0,0,0.0,0.0,2025-Jan-29-17:05:13.907963
1.2032591688378944,2052,20,1,0,0,0,0.0,0.0,2025-Jan-29-17:05:13.961994
0.7032548287490616,2053,0,1,0,0,0,0.0,0.0,2025-Jan-29-17:05:14.015651
0.8346185337565968,2054,25,1,0,-1,-1,0.0,0.0,2025-Jan-29-17:05:14.083616
0.7032518165899636,2055,16,1,0,0,0,0.0,0.0,2025-Jan-29-17:05:14.137374
1.0732711430969912,2056,25,1,1,0,0,0.0,0.0,2025-Jan-29-17:05:14.181575
1.1882472949645337,2057,7,1,0,0,0,0.0,0.0,2025-Jan-29-17:05:14.235845
0.7182705030005031,2058,25,1,0,0,0,0.0,0.0,2025-Jan-29-17:05:14.279073
1.188247295861148,2059,5,1,0,-1,0,0.0,0.0,2025-Jan-29-17:05:14.334516
0.7182821637487402,2060,2,1,0,0,0,0.0,0.0,2025-Jan-29-17:05:14.377957
0.7907983787624983,2061,15,1,0,0,-1,0.0,0.0,2025-Jan-29-17:05:14.454590
1.1882472948240612,2062,5,1,0,0,0,0.0,0.0,2025-Jan-29-17:05:14.509301
1.2489819395329602,2063,17,1,0,0,-1,0.0,0.0,2025-Jan-29-17:05:14.572944
1.2489819395329602,2064,17,1,0,0,-1,0.0,0.0,2025-Jan-29-17:05:14.666535
1.2410870128463722,2065,22,1,0,-1,0,0.0,0.0,2025-Jan-29-17:05:14.784404
0.7032518165836577,2066,13,1,0,0,0,0.0,0.0,2025-Jan-29-17:05:14.841335
0.7032518190940896,2067,16,1,0,0,-1,0.0,0.0,2025-Jan-29-17:05:14.896936
0.7368074535047114,2068,15,1,0,-1,0,0.0,0.0,2025-Jan-29-17:05:14.978495
0.7032548287490616,2069,0,1,0,0,0,0.0,0.0,2025-Jan-29-17:05:15.033183
0.8058091477019476,2070,25,1,0,0,-1,0.0,0.0,2025-Jan-29-17:05:15.089107
1.058252443290875,2071,16,1,1,0,1,0.0,1.3000000000000003,2025-Jan-29-17:05:15.143585
0.7032548286518892,2072,1,1,0,0,0,0.0,0.0,2025-Jan-29-17:05:15.198201
0.7032518165836577,2073,13,1,0,0,0,0.0,0.0,2025-Jan-29-17:05:15.252375
0.5919422969140918,2074,25,1,0,0,1,0.0,1.1,2025-Jan-29-17:05:15.323961
0.7410823776243158,2075,18,1,0,-1,0,0.0,0.0,2025-Jan-29-17:05:15.400531
0.5423447386502132,2076,25,1,0,1,0,1.9000000000000001,0.0,2025-Jan-29-17:05:15.472268
0.7032518156813519,2077,15,1,0,0,0,0.0,0.0,2025-Jan-29-17:05:15.526375
0.7032518058344874,2078,13,1,0,0,1,0.0,0.1,2025-Jan-29-17:05:15.603203
1.2248933161499889,2079,17,1,0,-1,0,0.0,0.0,2025-Jan-29-17:05:15.720062
0.7032518164381372,2080,18,1,0,0,0,0.0,0.0,2025-Jan-29-17:05:15.797671
1.2032591688378944,2081,20,1,0,0,0,0.0,0.0,2025-Jan-29-17:05:15.853664
1.2248933161499889,2082,17,1,0,-1,0,0.0,0.0,2025-Jan-29-17:05:15.934036
0.5423441239770993,2083,25,1,0,1,0,1.7000000000000002,0.0,2025-Jan-29-17:05:16.008416
0.7032548287490616,2084,0,1,0,0,0,0.0,0.0,2025-Jan-29-17:05:16.062962
0.7032518156813519,2085,15,1,0,0,0,0.0,0.0,2025-Jan-29-17:05:16.117696
0.7182821669329108,2086,2,1,0,0,-1,0.0,0.0,2025-Jan-29-17:05:16.162566
0.7032518164381372,2087,18,1,0,0,0,0.0,0.0,2025-Jan-29-17:05:16.216535
0.7032548150857845,2088,0,1,0,0,1,0.0,1.2000000000000002,2025-Jan-29-17:05:16.271978
1.1608097877885277,2089,25,1,1,0,-1,0.0,0.0,2025-Jan-29-17:05:16.327540
0.718270503145516,2090,23,1,0,0,0,0.0,0.0,2025-Jan-29-17:05:16.370821
0.718270503145516,2091,23,1,0,0,0,0.0,0.0,2025-Jan-29-17:05:16.414201
1.0619049522511388,2092,14,1,0,0,1,0.0,1.4000000000000001,2025-Jan-29-17:05:16.588757
0.703251805113603,2093,13,1,0,0,1,0.0,1.2000000000000002,2025-Jan-29-17:05:16.676605
1.0732711298809452,2094,23,1,1,0,1,0.0,0.1,2025-Jan-29-17:05:16.785516
0.7032518165836577,2095,13,1,0,0,0,0.0,0.0,2025-Jan-29-17:05:16.847152
0.7032548162132735,2096,0,1,0,1,0,1.6,0.0,2025-Jan-29-17:05:16.902856
1.058252456597701,2097,13,1,1,0,0,0.0,0.0,2025-Jan-29-17:05:16.956955
0.7032548287490616,2098,0,1,0,0,0,0.0,0.0,2025-Jan-29-17:05:17.011677
1.0618964857467421,2099,7,1,0,0,1,0.0,1.9000000000000001,2025-Jan-29-17:05:17.089652
0.5919439946935843,2100,25,1,0,0,1,0.0,1.0,2025-Jan-29-17:05:17.161194
1.2032564061623827,2101,24,1,0,0,0,0.0,0.0,2025-Jan-29-17:05:17.215990
1.1882472947756426,2102,11,1,0,0,0,0.0,0.0,2025-Jan-29-17:05:17.272611
1.2032569102405002,2103,9,1,0,-1,0,0.0,0.0,2025-Jan-29-17:05:17.326441
1.0123100312478786,2104,14,1,0,1,0,1.9000000000000001,0.0,2025-Jan-29-17:05:17.404914
0.5769057238829082,2105,15,1,0,0,1,0.0,1.9000000000000001,2025-Jan-29-17:05:17.482018
1.2908030295484636,2106,24,1,0,0,-1,0.0,0.0,2025-Jan-29-17:05:17.571705
0.7182705030005031,2107,25,1,0,0,0,0.0,0.0,2025-Jan-29-17:05:17.652409
1.1882472949161151,2108,14,1,0,0,0,0.0,0.0,2025-Jan-29-17:05:17.738836
0.7182705030005031,2109,25,1,0,0,0,0.0,0.0,2025-Jan-29-17:05:17.807335
0.7032548287490616,2110,0,1,0,0,0,0.0,0.0,2025-Jan-29-17:05:17.862392
1.2367962962853813,2111,12,1,0,-1,-1,0.0,0.0,2025-Jan-29-17:05:17.940665
