Cost,Sim,Switch_State_Indx,Gen1_on,Gen2_on,Batt1_mode,Batt2_mode,Batt1_power_kW,Batt2_power_kW,Timestamp
1.2032569102654214,2112,6,1,0,-1,0,0.0,0.0,2025-Jan-29-17:05:17.996523
1.2248933161499889,2113,17,1,0,-1,0,0.0,0.0,2025-Jan-29-17:05:18.075448
1.5582575348462848,2114,9,1,1,1,0,0.1,0.0,2025-Jan-29-17:05:18.129894
1.2908030295484636,2115,24,1,0,0,-1,0.0,0.0,2025-Jan-29-17:05:18.208060
1.2908039091728067,2116,9,1,0,0,-1,0.0,0.0,2025-Jan-29-17:05:18.284422
1.1882472785017406,2117,4,1,0,1,0,1.9000000000000001,0.0,2025-Jan-29-17:05:18.339940
1.1465545656498268,2118,22,1,0,1,1,0.4,0.7000000000000001,2025-Jan-29-17:05:18.400288
1.5432479348176518,2119,17,1,1,0,0,0.0,0.0,2025-Jan-29-17:05:18.462134
1.2759940330114155,2120,20,1,1,1,1,1.1,1.0,2025-Jan-29-17:05:18.546010
1.0732735771638882,2121,21,1,1,0,0,0.0,0.0,2025-Jan-29-17:05:18.644641
1.0582554688129302,2122,0,1,1,0,0,0.0,0.0,2025-Jan-29-17:05:18.744546
0.591937918906545,2123,21,1,0,0,1,0.0,1.5000000000000002,2025-Jan-29-17:05:18.837324
1.012308311569419,2124,11,1,0,1,0,1.3000000000000003,0.0,2025-Jan-29-17:05:18.927085
1.6039825796951659,2125,8,1,1,0,-1,0.0,0.0,2025-Jan-29-17:05:18.990555
1.2410870147976323,2126,22,1,0,-1,-1,0.0,0.0,2025-Jan-29-17:05:19.078345
1.489861849347942,2127,24,1,1,1,-1,1.1,0.0,2025-Jan-29-17:05:19.167967
1.1882472960016206,2128,7,1,0,-1,0,0.0,0.0,2025-Jan-29-17:05:19.230672
1.2908030295484636,2129,24,1,0,0,-1,0.0,0.0,2025-Jan-29-17:05:19.318790
1.4306735035979918,2130,22,1,1,1,0,0.9,0.0,2025-Jan-29-17:05:19.381640
0.7561023662558681,2131,19,1,0,-1,0,0.0,0.0,2025-Jan-29-17:05:19.446445
0.5898452028375047,2132,16,1,0,1,-1,0.8,0.0,2025-Jan-29-17:05:19.508377
0.7182821538900526,2133,2,1,0,1,-1,1.8000000000000003,0.0,2025-Jan-29-17:05:19.589162
1.0732711430969912,2134,25,1,1,0,0,0.0,0.0,2025-Jan-29-17:05:19.665004
1.2032563928111888,2135,22,1,0,0,1,0.0,1.5000000000000002,2025-Jan-29-17:05:19.747813
1.0582554687157577,2136,1,1,1,0,0,0.0,0.0,2025-Jan-29-17:05:19.820359
0.6757197033093253,2137,3,1,0,-1,1,0.0,0.30000000000000004,2025-Jan-29-17:05:19.867912
0.9847717556804588,2138,25,1,1,-1,1,0.0,1.7000000000000002,2025-Jan-29-17:05:19.952804
1.5810793585394978,2139,10,1,1,-1,1,0.0,1.7000000000000002,2025-Jan-29-17:05:20.127970
1.0769141453087943,2140,20,1,0,0,1,0.0,1.8000000000000003,2025-Jan-29-17:05:20.207501
1.0582524446307704,2141,13,1,1,0,1,0.0,1.1,2025-Jan-29-17:05:20.263409
0.7182821637487402,2142,2,1,0,0,0,0.0,0.0,2025-Jan-29-17:05:20.306748
1.2032591688841716,2143,12,1,0,0,0,0.0,0.0,2025-Jan-29-17:05:20.360830
1.1882472946247935,2144,4,1,0,0,0,0.0,0.0,2025-Jan-29-17:05:20.415256
1.543247934780537,2145,4,1,1,0,0,0.0,0.0,2025-Jan-29-17:05:20.470204
1.2260787269075122,2146,10,1,0,-1,0,0.0,0.0,2025-Jan-29-17:05:20.548137
0.5769253107260323,2147,1,1,0,0,1,0.0,1.0,2025-Jan-29-17:05:20.671778
1.096083017947357,2148,13,1,1,-1,0,0.0,0.0,2025-Jan-29-17:05:20.781402
1.5432479229379357,2149,4,1,1,1,-1,1.1,0.0,2025-Jan-29-17:05:20.838337
1.0732827905124247,2150,2,1,1,0,1,0.0,0.5,2025-Jan-29-17:05:20.894493
1.1882472956618804,2151,4,1,0,-1,0,0.0,0.0,2025-Jan-29-17:05:20.948820
1.188247298483611,2152,11,1,0,0,-1,0.0,0.0,2025-Jan-29-17:05:21.003604
1.058252459835037,2153,13,1,1,0,-1,0.0,0.0,2025-Jan-29-17:05:21.057005
1.0582524566575031,2154,16,1,1,0,0,0.0,0.0,2025-Jan-29-17:05:21.110356
1.159895941279951,2155,14,1,0,1,0,0.2,0.0,2025-Jan-29-17:05:21.164560
0.7182821666823194,2156,2,1,0,-1,0,0.0,0.0,2025-Jan-29-17:05:21.207092
1.1608197316602218,2157,3,1,1,0,-1,0.0,0.0,2025-Jan-29-17:05:21.263032
1.0582554707465124,2158,0,1,1,-1,0,0.0,0.0,2025-Jan-29-17:05:21.319487
1.5810793670700924,2159,14,1,1,-1,0,0.0,0.0,2025-Jan-29-17:05:21.397932
0.8058190942097962,2160,3,1,0,-1,-1,0.0,0.0,2025-Jan-29-17:05:21.453469
0.6332194073691619,2161,25,1,0,1,0,0.6,0.0,2025-Jan-29-17:05:21.496461
1.3823292443044792,2162,12,1,1,1,1,1.9000000000000001,0.30000000000000004,2025-Jan-29-17:05:21.596059
1.058252459123321,2163,16,1,1,0,-1,0.0,0.0,2025-Jan-29-17:05:21.685790
0.9327549559987146,2164,25,1,1,1,1,0.1,1.9000000000000001,2025-Jan-29-17:05:21.783114
1.1882472995691167,2165,5,1,0,-1,-1,0.0,0.0,2025-Jan-29-17:05:21.842435
0.8058118288977956,2166,21,1,0,0,-1,0.0,0.0,2025-Jan-29-17:05:21.900221
0.7182821636027037,2167,3,1,0,0,0,0.0,0.0,2025-Jan-29-17:05:21.943057
0.7032548327823697,2168,0,1,0,-1,-1,0.0,0.0,2025-Jan-29-17:05:21.996366
0.7182729370721538,2169,21,1,0,0,0,0.0,0.0,2025-Jan-29-17:05:22.039403
1.2260787269075122,2170,10,1,0,-1,0,0.0,0.0,2025-Jan-29-17:05:22.119398
0.7182821636027037,2171,3,1,0,0,0,0.0,0.0,2025-Jan-29-17:05:22.163485
1.1882472946247935,2172,4,1,0,0,0,0.0,0.0,2025-Jan-29-17:05:22.217890
0.5919422969140918,2173,25,1,0,0,1,0.0,1.1,2025-Jan-29-17:05:22.289768
0.7032548287490616,2174,0,1,0,0,0,0.0,0.0,2025-Jan-29-17:05:22.343270
0.7032518165836577,2175,13,1,0,0,0,0.0,0.0,2025-Jan-29-17:05:22.397258
1.0732735773183826,2176,19,1,1,0,0,0.0,0.0,2025-Jan-29-17:05:22.440401
1.5432479347321184,2177,10,1,1,0,0,0.0,0.0,2025-Jan-29-17:05:22.496039
1.0582554707465124,2178,0,1,1,-1,0,0.0,0.0,2025-Jan-29-17:05:22.659861
0.7182821636027037,2179,3,1,0,0,0,0.0,0.0,2025-Jan-29-17:05:22.731791
1.0273286139075628,2180,20,1,0,1,0,1.9000000000000001,0.0,2025-Jan-29-17:05:22.838287
1.1882472947756426,2181,11,1,0,0,0,0.0,0.0,2025-Jan-29-17:05:22.896998
1.1882472947756426,2182,11,1,0,0,0,0.0,0.0,2025-Jan-29-17:05:22.953305
1.1882472946247935,2183,4,1,0,0,0,0.0,0.0,2025-Jan-29-17:05:23.008487
1.058252456597701,2184,13,1,1,0,0,0.0,0.0,2025-Jan-29-17:05:23.062491
0.7032548306826437,2185,0,1,0,-1,0,0.0,0.0,2025-Jan-29-17:05:23.116522
0.718270503145516,2186,23,1,0,0,0,0.0,0.0,2025-Jan-29-17:05:23.160978
1.5432479349059145,2187,5,1,1,0,0,0.0,0.0,2025-Jan-29-17:05:23.216015
1.543247934857496,2188,11,1,1,0,0,0.0,0.0,2025-Jan-29-17:05:23.273270
0.7032518156813519,2189,15,1,0,0,0,0.0,0.0,2025-Jan-29-17:05:23.327530
0.7182729372290622,2190,19,1,0,0,0,0.0,0.0,2025-Jan-29-17:05:23.371095
0.7908004349144597,2191,1,1,0,0,-1,0.0,0.0,2025-Jan-29-17:05:23.448452
1.188247295861148,2192,5,1,0,-1,0,0.0,0.0,2025-Jan-29-17:05:23.503986
1.5582570463223062,2193,22,1,1,0,0,0.0,0.0,2025-Jan-29-17:05:23.569598
1.2032564062589408,2194,22,1,0,0,0,0.0,0.0,2025-Jan-29-17:05:23.655731
1.290803910947752,2195,9,1,0,-1,-1,0.0,0.0,2025-Jan-29-17:05:23.776916
1.188247294787923,2196,17,1,0,0,0,0.0,0.0,2025-Jan-29-17:05:23.833614
0.7032548287490616,2197,0,1,0,0,0,0.0,0.0,2025-Jan-29-17:05:23.888327
1.5432479401188743,2198,4,1,1,0,-1,0.0,0.0,2025-Jan-29-17:05:23.945366
1.5432479348916575,2199,7,1,1,0,0,0.0,0.0,2025-Jan-29-17:05:24.001925
1.1882472948363416,2200,8,1,0,0,0,0.0,0.0,2025-Jan-29-17:05:24.058712
1.0732711430969912,2201,25,1,1,0,0,0.0,0.0,2025-Jan-29-17:05:24.104766
1.1882472956618804,2202,4,1,0,-1,0,0.0,0.0,2025-Jan-29-17:05:24.162778
1.1882472882062245,2203,4,1,0,-1,1,0.0,0.9,2025-Jan-29-17:05:24.220257
1.188247295861148,2204,5,1,0,-1,0,0.0,0.0,2025-Jan-29-17:05:24.277423
1.6039825796636742,2205,7,1,1,0,-1,0.0,0.0,2025-Jan-29-17:05:24.334293
1.0582554687157577,2206,1,1,1,0,0,0.0,0.0,2025-Jan-29-17:05:24.390548
0.7032548287490616,2207,0,1,0,0,0,0.0,0.0,2025-Jan-29-17:05:24.446590
0.7487322891669068,2208,23,1,0,-1,0,0.0,0.0,2025-Jan-29-17:05:24.503944
0.7032548287490616,2209,0,1,0,0,0,0.0,0.0,2025-Jan-29-17:05:24.578262
1.1037329291610902,2210,25,1,1,-1,0,0.0,0.0,2025-Jan-29-17:05:24.679848
1.2032591688378944,2211,20,1,0,0,0,0.0,0.0,2025-Jan-29-17:05:24.777078
1.0732735800408597,2212,19,1,1,0,-1,0.0,0.0,2025-Jan-29-17:05:24.842295
1.5582575482120697,2213,9,1,1,0,0,0.0,0.0,2025-Jan-29-17:05:24.901875
1.5810793670700924,2214,14,1,1,-1,0,0.0,0.0,2025-Jan-29-17:05:24.986821
1.401483434167531,2215,11,1,1,1,0,1.0,0.0,2025-Jan-29-17:05:25.046777
1.0732711430969912,2216,25,1,1,0,0,0.0,0.0,2025-Jan-29-17:05:25.093411
1.0582554541165101,2217,0,1,1,0,1,0.0,1.9000000000000001,2025-Jan-29-17:05:25.150668
1.0732735771638882,2218,21,1,1,0,0,0.0,0.0,2025-Jan-29-17:05:25.196705
1.203256908176808,2219,6,1,0,0,0,0.0,0.0,2025-Jan-29-17:05:25.253504
0.7182705030005031,2220,25,1,0,0,0,0.0,0.0,2025-Jan-29-17:05:25.299636
0.7182729370721538,2221,21,1,0,0,0,0.0,0.0,2025-Jan-29-17:05:25.345097
1.188247294576375,2222,10,1,0,0,0,0.0,0.0,2025-Jan-29-17:05:25.401878
0.718270503145516,2223,23,1,0,0,0,0.0,0.0,2025-Jan-29-17:05:25.447262
0.7182705030005031,2224,25,1,0,0,0,0.0,0.0,2025-Jan-29-17:05:25.494226
0.8058190915727348,2225,3,1,0,0,-1,0.0,0.0,2025-Jan-29-17:05:25.569619
0.7032518199523472,2226,13,1,0,0,-1,0.0,0.0,2025-Jan-29-17:05:25.654924
0.7182729370721538,2227,21,1,0,0,0,0.0,0.0,2025-Jan-29-17:05:25.741462
1.0582554688129302,2228,0,1,1,0,0,0.0,0.0,2025-Jan-29-17:05:25.829557
1.1882472949645337,2229,7,1,0,0,0,0.0,0.0,2025-Jan-29-17:05:25.889004
1.1882472800631794,2230,7,1,0,1,0,0.30000000000000004,0.0,2025-Jan-29-17:05:25.948248
1.1882472958734285,2231,8,1,0,-1,0,0.0,0.0,2025-Jan-29-17:05:26.006897
0.6188324106788893,2232,25,1,0,0,1,0.0,0.7000000000000001,2025-Jan-29-17:05:26.173244
1.1882472948240612,2233,5,1,0,0,0,0.0,0.0,2025-Jan-29-17:05:26.233391
0.7032548287490616,2234,0,1,0,0,0,0.0,0.0,2025-Jan-29-17:05:26.290357
0.5919372125289517,2235,25,1,0,0,1,0.0,1.4000000000000001,2025-Jan-29-17:05:26.365001
1.0732711430969912,2236,25,1,1,0,0,0.0,0.0,2025-Jan-29-17:05:26.410950
0.7032548327823697,2237,0,1,0,-1,-1,0.0,0.0,2025-Jan-29-17:05:26.467598
0.5423474787853543,2238,19,1,0,1,0,1.6,0.0,2025-Jan-29-17:05:26.544197
1.2032564062589408,2239,22,1,0,0,0,0.0,0.0,2025-Jan-29-17:05:26.646955
0.7032548306826437,2240,0,1,0,-1,0,0.0,0.0,2025-Jan-29-17:05:26.744290
0.7182821637487402,2241,2,1,0,0,0,0.0,0.0,2025-Jan-29-17:05:26.817170
1.1882472949645337,2242,7,1,0,0,0,0.0,0.0,2025-Jan-29-17:05:26.876804
1.2032568943953021,2243,9,1,0,1,0,0.8,0.0,2025-Jan-29-17:05:26.936587
0.7182729370721538,2244,21,1,0,0,0,0.0,0.0,2025-Jan-29-17:05:26.982009
1.6039825796636742,2245,7,1,1,0,-1,0.0,0.0,2025-Jan-29-17:05:27.039376
0.7032548287490616,2246,0,1,0,0,0,0.0,0.0,2025-Jan-29-17:05:27.094442
1.058255470912656,2247,0,1,1,0,-1,0.0,0.0,2025-Jan-29-17:05:27.150545
1.096083017820758,2248,16,1,1,-1,0,0.0,0.0,2025-Jan-29-17:05:27.229276
0.7182705030005031,2249,25,1,0,0,0,0.0,0.0,2025-Jan-29-17:05:27.273995
1.0582554688129302,2250,0,1,1,0,0,0.0,0.0,2025-Jan-29-17:05:27.329538
0.7032518165899636,2251,16,1,0,0,0,0.0,0.0,2025-Jan-29-17:05:27.385785
1.2260787271081437,2252,14,1,0,-1,0,0.0,0.0,2025-Jan-29-17:05:27.465435
0.7032518156813519,2253,15,1,0,0,0,0.0,0.0,2025-Jan-29-17:05:27.521183
0.7032548287490616,2254,0,1,0,0,0,0.0,0.0,2025-Jan-29-17:05:27.592970
1.2032569102405002,2255,9,1,0,-1,0,0.0,0.0,2025-Jan-29-17:05:27.691027
0.7032548160199668,2256,1,1,0,1,0,0.6,0.0,2025-Jan-29-17:05:27.775658
1.0582524564983662,2257,18,1,1,0,0,0.0,0.0,2025-Jan-29-17:05:27.851765
0.7032548287490616,2258,0,1,0,0,0,0.0,0.0,2025-Jan-29-17:05:27.909230
1.203256908176808,2259,6,1,0,0,0,0.0,0.0,2025-Jan-29-17:05:27.966037
0.7032518199523472,2260,13,1,0,0,-1,0.0,0.0,2025-Jan-29-17:05:28.022959
0.718270503145516,2261,23,1,0,0,0,0.0,0.0,2025-Jan-29-17:05:28.068839
0.7182729372290622,2262,19,1,0,0,0,0.0,0.0,2025-Jan-29-17:05:28.114139
0.8058091477019476,2263,25,1,0,0,-1,0.0,0.0,2025-Jan-29-17:05:28.174377
1.188247294787923,2264,17,1,0,0,0,0.0,0.0,2025-Jan-29-17:05:28.231753
0.7907983787624983,2265,15,1,0,0,-1,0.0,0.0,2025-Jan-29-17:05:28.311143
0.7032548308487874,2266,0,1,0,0,-1,0.0,0.0,2025-Jan-29-17:05:28.367686
0.718270503145516,2267,23,1,0,0,0,0.0,0.0,2025-Jan-29-17:05:28.413337
0.7182705030005031,2268,25,1,0,0,0,0.0,0.0,2025-Jan-29-17:05:28.458435
1.2032569122920638,2269,6,1,0,0,-1,0.0,0.0,2025-Jan-29-17:05:28.514680
1.558257046225748,2270,24,1,1,0,0,0.0,0.0,2025-Jan-29-17:05:28.591032
0.7032548287490616,2271,0,1,0,0,0,0.0,0.0,2025-Jan-29-17:05:28.685533
0.7032548287490616,2272,0,1,0,0,0,0.0,0.0,2025-Jan-29-17:05:28.877993
0.7182705030005031,2273,25,1,0,0,0,0.0,0.0,2025-Jan-29-17:05:28.922886
0.7182821666823194,2274,2,1,0,-1,0,0.0,0.0,2025-Jan-29-17:05:28.966818
1.2248933161499889,2275,17,1,0,-1,0,0.0,0.0,2025-Jan-29-17:05:29.046860
0.8346185337565968,2276,25,1,0,-1,-1,0.0,0.0,2025-Jan-29-17:05:29.114389
1.1882472947756426,2277,11,1,0,0,0,0.0,0.0,2025-Jan-29-17:05:29.171353
1.1882472999269158,2278,10,1,0,0,-1,0.0,0.0,2025-Jan-29-17:05:29.225915
1.1882472999753344,2279,4,1,0,0,-1,0.0,0.0,2025-Jan-29-17:05:29.281719
0.8058091477019476,2280,25,1,0,0,-1,0.0,0.0,2025-Jan-29-17:05:29.337236
0.7032548306826437,2281,0,1,0,-1,0,0.0,0.0,2025-Jan-29-17:05:29.390754
0.7032548287490616,2282,0,1,0,0,0,0.0,0.0,2025-Jan-29-17:05:29.444327
1.0582554707465124,2283,0,1,1,-1,0,0.0,0.0,2025-Jan-29-17:05:29.497718
0.7561001531834526,2284,25,1,0,-1,0,0.0,0.0,2025-Jan-29-17:05:29.572467
1.1882472949161151,2285,14,1,0,0,0,0.0,0.0,2025-Jan-29-17:05:29.664079
1.1882472946247935,2286,4,1,0,0,0,0.0,0.0,2025-Jan-29-17:05:29.754352
0.7182705030005031,2287,25,1,0,0,0,0.0,0.0,2025-Jan-29-17:05:29.807845
