Cost,Sim,Switch_State_Indx,Gen1_on,Gen2_on,Batt1_mode,Batt2_mode,Batt1_power_kW,Batt2_power_kW,Timestamp
1.6458036696021932,2288,24,1,1,0,-1,0.0,0.0,2025-Jan-29-17:05:29.886649
1.058255470912656,2289,0,1,1,0,-1,0.0,0.0,2025-Jan-29-17:05:29.940963
1.0582554687157577,2290,1,1,1,0,0,0.0,0.0,2025-Jan-29-17:05:29.995012
1.5918162101421558,2291,22,1,1,-1,0,0.0,0.0,2025-Jan-29-17:05:30.072490
0.635695063747657,2292,25,1,0,1,-1,1.2000000000000002,0.0,2025-Jan-29-17:05:30.128333
0.7561023662558681,2293,19,1,0,-1,0,0.0,0.0,2025-Jan-29-17:05:30.185481
1.1882472948363416,2294,8,1,0,0,0,0.0,0.0,2025-Jan-29-17:05:30.246541
1.188247295861148,2295,5,1,0,-1,0,0.0,0.0,2025-Jan-29-17:05:30.308968
1.1608197316602218,2296,3,1,1,0,-1,0.0,0.0,2025-Jan-29-17:05:30.367529
1.5432479348916575,2297,7,1,1,0,0,0.0,0.0,2025-Jan-29-17:05:30.421974
1.6340617247158589,2298,17,1,1,-1,-1,0.0,0.0,2025-Jan-29-17:05:30.498152
0.7032518165899636,2299,16,1,0,0,0,0.0,0.0,2025-Jan-29-17:05:30.574449
1.096083017820758,2300,16,1,1,-1,0,0.0,0.0,2025-Jan-29-17:05:30.687921
0.6607258054821132,2301,18,1,0,1,0,0.30000000000000004,0.0,2025-Jan-29-17:05:30.771724
1.0273280135832878,2302,12,1,0,1,0,1.7000000000000002,0.0,2025-Jan-29-17:05:30.857291
1.1882472948240612,2303,5,1,0,0,0,0.0,0.0,2025-Jan-29-17:05:30.918816
0.6181980330528966,2304,13,1,0,1,0,0.6,0.0,2025-Jan-29-17:05:30.978129
1.05825244580347,2305,13,1,1,0,1,0.0,1.4000000000000001,2025-Jan-29-17:05:31.039758
1.0582554688129302,2306,0,1,1,0,0,0.0,0.0,2025-Jan-29-17:05:31.104485
1.401483434098567,2307,17,1,1,1,0,1.0,0.0,2025-Jan-29-17:05:31.169966
1.0732735773183826,2308,19,1,1,0,0,0.0,0.0,2025-Jan-29-17:05:31.222487
0.5481610802122254,2309,23,1,0,1,0,1.2000000000000002,0.0,2025-Jan-29-17:05:31.274355
1.174067313630611,2310,8,1,0,1,1,0.1,0.1,2025-Jan-29-17:05:31.339977
1.073282807030362,2311,2,1,1,0,-1,0.0,0.0,2025-Jan-29-17:05:31.393521
0.7032548161783285,2312,1,1,0,1,0,1.1,0.0,2025-Jan-29-17:05:31.450024
1.2032591595294948,2313,12,1,0,0,1,0.0,0.5,2025-Jan-29-17:05:31.510053
1.6458036696021932,2314,24,1,1,0,-1,0.0,0.0,2025-Jan-29-17:05:31.615980
1.6458036696021932,2315,24,1,1,0,-1,0.0,0.0,2025-Jan-29-17:05:31.745114
1.518216683957788,2316,24,1,1,1,-1,0.9,0.0,2025-Jan-29-17:05:31.853637
0.7032518164381372,2317,18,1,0,0,0,0.0,0.0,2025-Jan-29-17:05:31.915494
1.241089522048855,2318,20,1,0,-1,0,0.0,0.0,2025-Jan-29-17:05:31.997366
1.145799018754965,2319,15,1,1,0,-1,0.0,0.0,2025-Jan-29-17:05:32.078948
1.558257046225748,2320,24,1,1,0,0,0.0,0.0,2025-Jan-29-17:05:32.135990
0.8247332674916161,2321,18,1,0,-1,-1,0.0,0.0,2025-Jan-29-17:05:32.370469
0.7032548286518892,2322,1,1,0,0,0,0.0,0.0,2025-Jan-29-17:05:32.428318
1.5582575543681574,2323,6,1,1,-1,-1,0.0,0.0,2025-Jan-29-17:05:32.485169
1.2367962926340237,2324,12,1,0,-1,0,0.0,0.0,2025-Jan-29-17:05:32.592869
1.1608197316602218,2325,3,1,1,0,-1,0.0,0.0,2025-Jan-29-17:05:32.710518
1.0582554687157577,2326,1,1,1,0,0,0.0,0.0,2025-Jan-29-17:05:32.794678
1.160819734297283,2327,3,1,1,-1,-1,0.0,0.0,2025-Jan-29-17:05:32.853504
1.058252456597701,2328,13,1,1,0,0,0.0,0.0,2025-Jan-29-17:05:32.911315
1.0582524566575031,2329,16,1,1,0,0,0.0,0.0,2025-Jan-29-17:05:32.967671
0.7032548287490616,2330,0,1,0,0,0,0.0,0.0,2025-Jan-29-17:05:33.024722
1.1882472949645337,2331,7,1,0,0,0,0.0,0.0,2025-Jan-29-17:05:33.082481
1.5582575339259832,2332,6,1,1,1,0,0.5,0.0,2025-Jan-29-17:05:33.140040
1.0582554707465124,2333,0,1,1,-1,0,0.0,0.0,2025-Jan-29-17:05:33.196698
1.5432479260571987,2334,11,1,1,0,1,0.0,0.4,2025-Jan-29-17:05:33.254690
1.5917969327061021,2335,12,1,1,-1,0,0.0,0.0,2025-Jan-29-17:05:33.335101
1.2032591688841716,2336,12,1,0,0,0,0.0,0.0,2025-Jan-29-17:05:33.391404
1.6836406985647965,2337,20,1,1,-1,-1,0.0,0.0,2025-Jan-29-17:05:33.494864
1.1037329291610902,2338,25,1,1,-1,0,0.0,0.0,2025-Jan-29-17:05:33.569434
0.7032548287490616,2339,0,1,0,0,0,0.0,0.0,2025-Jan-29-17:05:33.659886
0.7032548287490616,2340,0,1,0,0,0,0.0,0.0,2025-Jan-29-17:05:33.756567
1.2032564061623827,2341,24,1,0,0,0,0.0,0.0,2025-Jan-29-17:05:33.828054
0.7182705030005031,2342,25,1,0,0,0,0.0,0.0,2025-Jan-29-17:05:33.876104
0.7032548287490616,2343,0,1,0,0,0,0.0,0.0,2025-Jan-29-17:05:33.935409
0.7182821637487402,2344,2,1,0,0,0,0.0,0.0,2025-Jan-29-17:05:33.982102
0.7032548287490616,2345,0,1,0,0,0,0.0,0.0,2025-Jan-29-17:05:34.040200
0.7032548287490616,2346,0,1,0,0,0,0.0,0.0,2025-Jan-29-17:05:34.098163
1.058252456597701,2347,13,1,1,0,0,0.0,0.0,2025-Jan-29-17:05:34.155192
0.7032548287490616,2348,0,1,0,0,0,0.0,0.0,2025-Jan-29-17:05:34.211613
0.7032518165836577,2349,13,1,0,0,0,0.0,0.0,2025-Jan-29-17:05:34.268632
0.7032548287490616,2350,0,1,0,0,0,0.0,0.0,2025-Jan-29-17:05:34.325827
0.7182705030005031,2351,25,1,0,0,0,0.0,0.0,2025-Jan-29-17:05:34.372166
0.5273202172351048,2352,18,1,0,1,0,1.9000000000000001,0.0,2025-Jan-29-17:05:34.450606
0.7032548287490616,2353,0,1,0,0,0,0.0,0.0,2025-Jan-29-17:05:34.508235
1.2032591688841716,2354,12,1,0,0,0,0.0,0.0,2025-Jan-29-17:05:34.575711
1.188247282678186,2355,10,1,0,0,1,0.0,1.9000000000000001,2025-Jan-29-17:05:34.664303
1.543247934857496,2356,11,1,1,0,0,0.0,0.0,2025-Jan-29-17:05:34.755660
0.7032548287490616,2357,0,1,0,0,0,0.0,0.0,2025-Jan-29-17:05:34.835175
0.7032548287490616,2358,0,1,0,0,0,0.0,0.0,2025-Jan-29-17:05:34.900234
0.7561001531834526,2359,25,1,0,-1,0,0.0,0.0,2025-Jan-29-17:05:34.959817
0.7032548287490616,2360,0,1,0,0,0,0.0,0.0,2025-Jan-29-17:05:35.015380
0.7032548287490616,2361,0,1,0,0,0,0.0,0.0,2025-Jan-29-17:05:35.071255
0.7032548306826437,2362,0,1,0,-1,0,0.0,0.0,2025-Jan-29-17:05:35.126753
0.7182729370721538,2363,21,1,0,0,0,0.0,0.0,2025-Jan-29-17:05:35.290410
0.7032548287490616,2364,0,1,0,0,0,0.0,0.0,2025-Jan-29-17:05:35.348190
1.6458045492238536,2365,9,1,1,0,-1,0.0,0.0,2025-Jan-29-17:05:35.427345
0.7032548287490616,2366,0,1,0,0,0,0.0,0.0,2025-Jan-29-17:05:35.481760
0.7032518165836577,2367,13,1,0,0,0,0.0,0.0,2025-Jan-29-17:05:35.536954
1.1882472949161151,2368,14,1,0,0,0,0.0,0.0,2025-Jan-29-17:05:35.612564
0.7032548287490616,2369,0,1,0,0,0,0.0,0.0,2025-Jan-29-17:05:35.703767
0.7182821637487402,2370,2,1,0,0,0,0.0,0.0,2025-Jan-29-17:05:35.780342
1.203256908176808,2371,6,1,0,0,0,0.0,0.0,2025-Jan-29-17:05:35.856234
0.7032548287490616,2372,0,1,0,0,0,0.0,0.0,2025-Jan-29-17:05:35.915996
1.2032568836436857,2373,6,1,0,1,1,1.4000000000000001,1.7000000000000002,2025-Jan-29-17:05:35.975206
0.7182821637487402,2374,2,1,0,0,0,0.0,0.0,2025-Jan-29-17:05:36.021357
0.7032548287490616,2375,0,1,0,0,0,0.0,0.0,2025-Jan-29-17:05:36.077867
0.7032548287490616,2376,0,1,0,0,0,0.0,0.0,2025-Jan-29-17:05:36.135018
1.1458010749686394,2377,1,1,1,0,-1,0.0,0.0,2025-Jan-29-17:05:36.213694
1.1882472949645337,2378,7,1,0,0,0,0.0,0.0,2025-Jan-29-17:05:36.272128
1.1882472947756426,2379,11,1,0,0,0,0.0,0.0,2025-Jan-29-17:05:36.329246
0.7032548287490616,2380,0,1,0,0,0,0.0,0.0,2025-Jan-29-17:05:36.385152
0.7032548287490616,2381,0,1,0,0,0,0.0,0.0,2025-Jan-29-17:05:36.440507
0.7032548287490616,2382,0,1,0,0,0,0.0,0.0,2025-Jan-29-17:05:36.497123
1.0582554688129302,2383,0,1,1,0,0,0.0,0.0,2025-Jan-29-17:05:36.568501
1.2032591688841716,2384,12,1,0,0,0,0.0,0.0,2025-Jan-29-17:05:36.655358
1.2032569081518871,2385,9,1,0,0,0,0.0,0.0,2025-Jan-29-17:05:36.748737
0.7032548287490616,2386,0,1,0,0,0,0.0,0.0,2025-Jan-29-17:05:36.829929
0.7032548287490616,2387,0,1,0,0,0,0.0,0.0,2025-Jan-29-17:05:36.888013
1.382325110897666,2388,24,1,1,1,0,1.9000000000000001,0.0,2025-Jan-29-17:05:36.969608
0.7032548287490616,2389,0,1,0,0,0,0.0,0.0,2025-Jan-29-17:05:37.025900
0.7032548287490616,2390,0,1,0,0,0,0.0,0.0,2025-Jan-29-17:05:37.080865
0.7182705030005031,2391,25,1,0,0,0,0.0,0.0,2025-Jan-29-17:05:37.125049
0.8058091477019476,2392,25,1,0,0,-1,0.0,0.0,2025-Jan-29-17:05:37.181981
0.7032548287490616,2393,0,1,0,0,0,0.0,0.0,2025-Jan-29-17:05:37.237579
0.7032548287490616,2394,0,1,0,0,0,0.0,0.0,2025-Jan-29-17:05:37.292319
0.7032548287490616,2395,0,1,0,0,0,0.0,0.0,2025-Jan-29-17:05:37.347793
0.7032548287490616,2396,0,1,0,0,0,0.0,0.0,2025-Jan-29-17:05:37.403158
1.0582554688129302,2397,0,1,1,0,0,0.0,0.0,2025-Jan-29-17:05:37.457560
0.7032548287490616,2398,0,1,0,0,0,0.0,0.0,2025-Jan-29-17:05:37.512155
0.7032548287490616,2399,0,1,0,0,0,0.0,0.0,2025-Jan-29-17:05:37.599271
0.7032548287490616,2400,0,1,0,0,0,0.0,0.0,2025-Jan-29-17:05:37.698127
1.2032591688841716,2401,12,1,0,0,0,0.0,0.0,2025-Jan-29-17:05:37.797202
0.5273202172351048,2402,18,1,0,1,0,1.9000000000000001,0.0,2025-Jan-29-17:05:37.881009
0.7032548287490616,2403,0,1,0,0,0,0.0,0.0,2025-Jan-29-17:05:37.938822
0.7032548287490616,2404,0,1,0,0,0,0.0,0.0,2025-Jan-29-17:05:37.994835
1.0582554541165101,2405,0,1,1,0,1,0.0,1.9000000000000001,2025-Jan-29-17:05:38.050890
1.0582554688129302,2406,0,1,1,0,0,0.0,0.0,2025-Jan-29-17:05:38.106391
0.7032548287490616,2407,0,1,0,0,0,0.0,0.0,2025-Jan-29-17:05:38.162983
0.7032548287490616,2408,0,1,0,0,0,0.0,0.0,2025-Jan-29-17:05:38.218180
0.7182705030005031,2409,25,1,0,0,0,0.0,0.0,2025-Jan-29-17:05:38.262125
0.7032548287490616,2410,0,1,0,0,0,0.0,0.0,2025-Jan-29-17:05:38.316913
0.7032548287490616,2411,0,1,0,0,0,0.0,0.0,2025-Jan-29-17:05:38.372580
0.7032548287490616,2412,0,1,0,0,0,0.0,0.0,2025-Jan-29-17:05:38.427108
0.7182705030005031,2413,25,1,0,0,0,0.0,0.0,2025-Jan-29-17:05:38.471561
0.7032548287490616,2414,0,1,0,0,0,0.0,0.0,2025-Jan-29-17:05:38.526430
1.1608097877885277,2415,25,1,1,0,-1,0.0,0.0,2025-Jan-29-17:05:38.606694
0.7032548287490616,2416,0,1,0,0,0,0.0,0.0,2025-Jan-29-17:05:38.710210
1.2032591688841716,2417,12,1,0,0,0,0.0,0.0,2025-Jan-29-17:05:38.794878
0.7032548287490616,2418,0,1,0,0,0,0.0,0.0,2025-Jan-29-17:05:38.854350
0.7032548287490616,2419,0,1,0,0,0,0.0,0.0,2025-Jan-29-17:05:39.049526
0.7032548287490616,2420,0,1,0,0,0,0.0,0.0,2025-Jan-29-17:05:39.106653
1.203259173061556,2421,12,1,0,0,-1,0.0,0.0,2025-Jan-29-17:05:39.163515
0.7032548287490616,2422,0,1,0,0,0,0.0,0.0,2025-Jan-29-17:05:39.220062
0.7032548014846927,2423,0,1,0,1,1,0.1,1.9000000000000001,2025-Jan-29-17:05:39.277260
0.7032548287490616,2424,0,1,0,0,0,0.0,0.0,2025-Jan-29-17:05:39.333159
0.7032548287490616,2425,0,1,0,0,0,0.0,0.0,2025-Jan-29-17:05:39.389081
0.7032548287490616,2426,0,1,0,0,0,0.0,0.0,2025-Jan-29-17:05:39.445806
1.058255470912656,2427,0,1,1,0,-1,0.0,0.0,2025-Jan-29-17:05:39.500734
1.0582554688129302,2428,0,1,1,0,0,0.0,0.0,2025-Jan-29-17:05:39.570016
1.0582554688129302,2429,0,1,1,0,0,0.0,0.0,2025-Jan-29-17:05:39.661159
0.7032548287490616,2430,0,1,0,0,0,0.0,0.0,2025-Jan-29-17:05:39.744228
0.7032548287490616,2431,0,1,0,0,0,0.0,0.0,2025-Jan-29-17:05:39.813203
0.7032548287490616,2432,0,1,0,0,0,0.0,0.0,2025-Jan-29-17:05:39.870793
1.0582554688129302,2433,0,1,1,0,0,0.0,0.0,2025-Jan-29-17:05:39.925575
0.7032548287490616,2434,0,1,0,0,0,0.0,0.0,2025-Jan-29-17:05:39.979831
0.7032548287490616,2435,0,1,0,0,0,0.0,0.0,2025-Jan-29-17:05:40.033734
0.7032548287490616,2436,0,1,0,0,0,0.0,0.0,2025-Jan-29-17:05:40.088116
0.7032548287490616,2437,0,1,0,0,0,0.0,0.0,2025-Jan-29-17:05:40.141783
1.0732711430969912,2438,25,1,1,0,0,0.0,0.0,2025-Jan-29-17:05:40.184611
0.7032548287490616,2439,0,1,0,0,0,0.0,0.0,2025-Jan-29-17:05:40.239179
0.7032548287490616,2440,0,1,0,0,0,0.0,0.0,2025-Jan-29-17:05:40.292979
0.7182821637487402,2441,2,1,0,0,0,0.0,0.0,2025-Jan-29-17:05:40.335708
0.7032548287490616,2442,0,1,0,0,0,0.0,0.0,2025-Jan-29-17:05:40.389002
0.7032548287490616,2443,0,1,0,0,0,0.0,0.0,2025-Jan-29-17:05:40.442181
1.1882472704459774,2444,4,1,0,1,1,0.2,0.6,2025-Jan-29-17:05:40.497097
0.7032548287490616,2445,0,1,0,0,0,0.0,0.0,2025-Jan-29-17:05:40.567331
0.7032548287490616,2446,0,1,0,0,0,0.0,0.0,2025-Jan-29-17:05:40.657056
1.0732711432420041,2447,23,1,1,0,0,0.0,0.0,2025-Jan-29-17:05:40.722287
1.0582554688129302,2448,0,1,1,0,0,0.0,0.0,2025-Jan-29-17:05:40.798456
1.1882472946247935,2449,4,1,0,0,0,0.0,0.0,2025-Jan-29-17:05:40.856165
0.7032548287490616,2450,0,1,0,0,0,0.0,0.0,2025-Jan-29-17:05:40.912722
0.7032548287490616,2451,0,1,0,0,0,0.0,0.0,2025-Jan-29-17:05:40.966819
1.0993100364218547,2452,17,1,0,1,-1,1.7000000000000002,0.0,2025-Jan-29-17:05:41.067568
0.7032548287490616,2453,0,1,0,0,0,0.0,0.0,2025-Jan-29-17:05:41.121238
0.7032548287490616,2454,0,1,0,0,0,0.0,0.0,2025-Jan-29-17:05:41.174591
0.7182821637487402,2455,2,1,0,0,0,0.0,0.0,2025-Jan-29-17:05:41.218294
0.7032548287490616,2456,0,1,0,0,0,0.0,0.0,2025-Jan-29-17:05:41.272246
0.7032548287490616,2457,0,1,0,0,0,0.0,0.0,2025-Jan-29-17:05:41.326436
0.7032548287490616,2458,0,1,0,0,0,0.0,0.0,2025-Jan-29-17:05:41.457493
0.7032548287490616,2459,0,1,0,0,0,0.0,0.0,2025-Jan-29-17:05:41.511978
1.203256908176808,2460,6,1,0,0,0,0.0,0.0,2025-Jan-29-17:05:41.587925
0.7032548287490616,2461,0,1,0,0,0,0.0,0.0,2025-Jan-29-17:05:41.672911
0.7032548159089316,2462,0,1,0,1,0,1.7000000000000002,0.0,2025-Jan-29-17:05:41.764951
0.5919287662199604,2463,25,1,0,0,1,0.0,1.9000000000000001,2025-Jan-29-17:05:41.839281
0.7032548287490616,2464,0,1,0,0,0,0.0,0.0,2025-Jan-29-17:05:41.895350
0.7032548287490616,2465,0,1,0,0,0,0.0,0.0,2025-Jan-29-17:05:41.951451
0.7032548287490616,2466,0,1,0,0,0,0.0,0.0,2025-Jan-29-17:05:42.007149
0.7032548287490616,2467,0,1,0,0,0,0.0,0.0,2025-Jan-29-17:05:42.063474
0.7032548287490616,2468,0,1,0,0,0,0.0,0.0,2025-Jan-29-17:05:42.120594
1.203256908176808,2469,6,1,0,0,0,0.0,0.0,2025-Jan-29-17:05:42.177766
0.7032548287490616,2470,0,1,0,0,0,0.0,0.0,2025-Jan-29-17:05:42.234579
0.7182821636027037,2471,3,1,0,0,0,0.0,0.0,2025-Jan-29-17:05:42.280914
0.7032548287490616,2472,0,1,0,0,0,0.0,0.0,2025-Jan-29-17:05:42.337548
0.7032548014846927,2473,0,1,0,1,1,0.1,1.9000000000000001,2025-Jan-29-17:05:42.395582
0.7032548287490616,2474,0,1,0,0,0,0.0,0.0,2025-Jan-29-17:05:42.453246
0.7032548308487874,2475,0,1,0,0,-1,0.0,0.0,2025-Jan-29-17:05:42.510195
0.7032548287490616,2476,0,1,0,0,0,0.0,0.0,2025-Jan-29-17:05:42.592635
0.7032548287490616,2477,0,1,0,0,0,0.0,0.0,2025-Jan-29-17:05:42.688129
1.0732711430969912,2478,25,1,1,0,0,0.0,0.0,2025-Jan-29-17:05:42.771879
1.5432479348176518,2479,17,1,1,0,0,0.0,0.0,2025-Jan-29-17:05:42.847813
1.1882472949645337,2480,7,1,0,0,0,0.0,0.0,2025-Jan-29-17:05:42.908659
1.1882472946247935,2481,4,1,0,0,0,0.0,0.0,2025-Jan-29-17:05:42.968879
0.7032548287490616,2482,0,1,0,0,0,0.0,0.0,2025-Jan-29-17:05:43.025889
0.7032548287490616,2483,0,1,0,0,0,0.0,0.0,2025-Jan-29-17:05:43.081145
0.7032548287490616,2484,0,1,0,0,0,0.0,0.0,2025-Jan-29-17:05:43.137904
0.7032548287490616,2485,0,1,0,0,0,0.0,0.0,2025-Jan-29-17:05:43.195009
0.7032548287490616,2486,0,1,0,0,0,0.0,0.0,2025-Jan-29-17:05:43.254419
1.0732828037001547,2487,3,1,1,0,0,0.0,0.0,2025-Jan-29-17:05:43.300389
0.7032548287490616,2488,0,1,0,0,0,0.0,0.0,2025-Jan-29-17:05:43.357183
0.7032548287490616,2489,0,1,0,0,0,0.0,0.0,2025-Jan-29-17:05:43.415366
0.7032548287490616,2490,0,1,0,0,0,0.0,0.0,2025-Jan-29-17:05:43.471578
0.7182705030005031,2491,25,1,0,0,0,0.0,0.0,2025-Jan-29-17:05:43.518068
0.8058091477019476,2492,25,1,0,0,-1,0.0,0.0,2025-Jan-29-17:05:43.605949
0.7032548287490616,2493,0,1,0,0,0,0.0,0.0,2025-Jan-29-17:05:43.706163
0.7032548287490616,2494,0,1,0,0,0,0.0,0.0,2025-Jan-29-17:05:43.800933
0.7032548287490616,2495,0,1,0,0,0,0.0,0.0,2025-Jan-29-17:05:43.863627
0.7032548287490616,2496,0,1,0,0,0,0.0,0.0,2025-Jan-29-17:05:43.921458
1.543247934780537,2497,4,1,1,0,0,0.0,0.0,2025-Jan-29-17:05:43.978583
0.7032548287490616,2498,0,1,0,0,0,0.0,0.0,2025-Jan-29-17:05:44.172251
1.1882472946247935,2499,4,1,0,0,0,0.0,0.0,2025-Jan-29-17:05:44.230613
0.7032548287490616,2500,0,1,0,0,0,0.0,0.0,2025-Jan-29-17:05:44.285862
0.7032518165899636,2501,16,1,0,0,0,0.0,0.0,2025-Jan-29-17:05:44.339766
0.5273202172351048,2502,18,1,0,1,0,1.9000000000000001,0.0,2025-Jan-29-17:05:44.415869
0.7032548287490616,2503,0,1,0,0,0,0.0,0.0,2025-Jan-29-17:05:44.469489
0.7182821636027037,2504,3,1,0,0,0,0.0,0.0,2025-Jan-29-17:05:44.511886
0.7032548287490616,2505,0,1,0,0,0,0.0,0.0,2025-Jan-29-17:05:44.588029
0.7032548287490616,2506,0,1,0,0,0,0.0,0.0,2025-Jan-29-17:05:44.675656
0.7032548287490616,2507,0,1,0,0,0,0.0,0.0,2025-Jan-29-17:05:44.756232
0.7032548287490616,2508,0,1,0,0,0,0.0,0.0,2025-Jan-29-17:05:44.812664
0.7182705030005031,2509,25,1,0,0,0,0.0,0.0,2025-Jan-29-17:05:44.859030
0.7032548287490616,2510,0,1,0,0,0,0.0,0.0,2025-Jan-29-17:05:44.913103
0.7032548287490616,2511,0,1,0,0,0,0.0,0.0,2025-Jan-29-17:05:44.967082
0.7032548160259531,2512,0,1,0,1,0,1.5000000000000002,0.0,2025-Jan-29-17:05:45.021009
0.5919287662199604,2513,25,1,0,0,1,0.0,1.9000000000000001,2025-Jan-29-17:05:45.091811
0.7032548287490616,2514,0,1,0,0,0,0.0,0.0,2025-Jan-29-17:05:45.144968
0.7032548287490616,2515,0,1,0,0,0,0.0,0.0,2025-Jan-29-17:05:45.199092
0.7032548287490616,2516,0,1,0,0,0,0.0,0.0,2025-Jan-29-17:05:45.253587
0.7032518165899636,2517,16,1,0,0,0,0.0,0.0,2025-Jan-29-17:05:45.306708
0.7032548287490616,2518,0,1,0,0,0,0.0,0.0,2025-Jan-29-17:05:45.361420
0.7032548287490616,2519,0,1,0,0,0,0.0,0.0,2025-Jan-29-17:05:45.415724
0.7032548287490616,2520,0,1,0,0,0,0.0,0.0,2025-Jan-29-17:05:45.469051
0.7032548287490616,2521,0,1,0,0,0,0.0,0.0,2025-Jan-29-17:05:45.522384
0.7032548287490616,2522,0,1,0,0,0,0.0,0.0,2025-Jan-29-17:05:45.585586
0.7032548014846927,2523,0,1,0,1,1,0.1,1.9000000000000001,2025-Jan-29-17:05:45.668887
0.7032548287490616,2524,0,1,0,0,0,0.0,0.0,2025-Jan-29-17:05:45.755728
0.7032548287490616,2525,0,1,0,0,0,0.0,0.0,2025-Jan-29-17:05:45.816253
0.7032548287490616,2526,0,1,0,0,0,0.0,0.0,2025-Jan-29-17:05:45.873585
0.7032548287490616,2527,0,1,0,0,0,0.0,0.0,2025-Jan-29-17:05:45.928139
1.0732828037001547,2528,3,1,1,0,0,0.0,0.0,2025-Jan-29-17:05:45.971396
1.543247934857496,2529,11,1,1,0,0,0.0,0.0,2025-Jan-29-17:05:46.027546
0.7032548287490616,2530,0,1,0,0,0,0.0,0.0,2025-Jan-29-17:05:46.081559
0.7032548287490616,2531,0,1,0,0,0,0.0,0.0,2025-Jan-29-17:05:46.135689
0.7032548287490616,2532,0,1,0,0,0,0.0,0.0,2025-Jan-29-17:05:46.189319
0.7032548287490616,2533,0,1,0,0,0,0.0,0.0,2025-Jan-29-17:05:46.242638
0.7032548287490616,2534,0,1,0,0,0,0.0,0.0,2025-Jan-29-17:05:46.296561
0.7032548287490616,2535,0,1,0,0,0,0.0,0.0,2025-Jan-29-17:05:46.349908
0.7032548287490616,2536,0,1,0,0,0,0.0,0.0,2025-Jan-29-17:05:46.403506
0.7032548287490616,2537,0,1,0,0,0,0.0,0.0,2025-Jan-29-17:05:46.457127
0.7032548287490616,2538,0,1,0,0,0,0.0,0.0,2025-Jan-29-17:05:46.510992
0.7032548287490616,2539,0,1,0,0,0,0.0,0.0,2025-Jan-29-17:05:46.586587
0.7032548287490616,2540,0,1,0,0,0,0.0,0.0,2025-Jan-29-17:05:46.680443
1.1882472949645337,2541,7,1,0,0,0,0.0,0.0,2025-Jan-29-17:05:46.770774
0.7032548287490616,2542,0,1,0,0,0,0.0,0.0,2025-Jan-29-17:05:46.830210
0.7032548286518892,2543,1,1,0,0,0,0.0,0.0,2025-Jan-29-17:05:46.887555
1.2032568981165355,2544,6,1,0,0,1,0.0,0.30000000000000004,2025-Jan-29-17:05:46.957088
0.7032548287490616,2545,0,1,0,0,0,0.0,0.0,2025-Jan-29-17:05:47.014760
0.7032548287490616,2546,0,1,0,0,0,0.0,0.0,2025-Jan-29-17:05:47.071767
0.7032548287490616,2547,0,1,0,0,0,0.0,0.0,2025-Jan-29-17:05:47.128289
0.7032548287490616,2548,0,1,0,0,0,0.0,0.0,2025-Jan-29-17:05:47.185571
0.7032548287490616,2549,0,1,0,0,0,0.0,0.0,2025-Jan-29-17:05:47.241673
0.7032548287490616,2550,0,1,0,0,0,0.0,0.0,2025-Jan-29-17:05:47.298672
1.188247294787923,2551,17,1,0,0,0,0.0,0.0,2025-Jan-29-17:05:47.355484
0.7032548287490616,2552,0,1,0,0,0,0.0,0.0,2025-Jan-29-17:05:47.411770
0.7032548287490616,2553,0,1,0,0,0,0.0,0.0,2025-Jan-29-17:05:47.468423
1.1882472947756426,2554,11,1,0,0,0,0.0,0.0,2025-Jan-29-17:05:47.525794
0.7032548287490616,2555,0,1,0,0,0,0.0,0.0,2025-Jan-29-17:05:47.604751
0.7032548287490616,2556,0,1,0,0,0,0.0,0.0,2025-Jan-29-17:05:47.824228
0.7032548287490616,2557,0,1,0,0,0,0.0,0.0,2025-Jan-29-17:05:47.915100
0.7032548287490616,2558,0,1,0,0,0,0.0,0.0,2025-Jan-29-17:05:47.975874
0.7032548287490616,2559,0,1,0,0,0,0.0,0.0,2025-Jan-29-17:05:48.035691
0.7032548287490616,2560,0,1,0,0,0,0.0,0.0,2025-Jan-29-17:05:48.092748
0.7032548287490616,2561,0,1,0,0,0,0.0,0.0,2025-Jan-29-17:05:48.148676
0.7032548287490616,2562,0,1,0,0,0,0.0,0.0,2025-Jan-29-17:05:48.205744
0.7032548287490616,2563,0,1,0,0,0,0.0,0.0,2025-Jan-29-17:05:48.261910
0.7032548287490616,2564,0,1,0,0,0,0.0,0.0,2025-Jan-29-17:05:48.318820
0.7032548287490616,2565,0,1,0,0,0,0.0,0.0,2025-Jan-29-17:05:48.376790
0.7032548287490616,2566,0,1,0,0,0,0.0,0.0,2025-Jan-29-17:05:48.432720
1.1882472946247935,2567,4,1,0,0,0,0.0,0.0,2025-Jan-29-17:05:48.490004
0.7032548287490616,2568,0,1,0,0,0,0.0,0.0,2025-Jan-29-17:05:48.545227
0.7032548287490616,2569,0,1,0,0,0,0.0,0.0,2025-Jan-29-17:05:48.659925
0.7032548287490616,2570,0,1,0,0,0,0.0,0.0,2025-Jan-29-17:05:48.756205
0.7032548287490616,2571,0,1,0,0,0,0.0,0.0,2025-Jan-29-17:05:48.836468
0.7032548286518892,2572,1,1,0,0,0,0.0,0.0,2025-Jan-29-17:05:48.896446
0.7032548287490616,2573,0,1,0,0,0,0.0,0.0,2025-Jan-29-17:05:48.953810
0.7032548287490616,2574,0,1,0,0,0,0.0,0.0,2025-Jan-29-17:05:49.009673
0.7032548287490616,2575,0,1,0,0,0,0.0,0.0,2025-Jan-29-17:05:49.066294
1.2032569081518871,2576,9,1,0,0,0,0.0,0.0,2025-Jan-29-17:05:49.123600
0.7032548287490616,2577,0,1,0,0,0,0.0,0.0,2025-Jan-29-17:05:49.180084
1.0582554688129302,2578,0,1,1,0,0,0.0,0.0,2025-Jan-29-17:05:49.235852
1.1882472949645337,2579,7,1,0,0,0,0.0,0.0,2025-Jan-29-17:05:49.294133
0.7032548287490616,2580,0,1,0,0,0,0.0,0.0,2025-Jan-29-17:05:49.351385
1.2032569081518871,2581,9,1,0,0,0,0.0,0.0,2025-Jan-29-17:05:49.408348
1.1882472948363416,2582,8,1,0,0,0,0.0,0.0,2025-Jan-29-17:05:49.464107
0.7032548287490616,2583,0,1,0,0,0,0.0,0.0,2025-Jan-29-17:05:49.519937
0.7032548287490616,2584,0,1,0,0,0,0.0,0.0,2025-Jan-29-17:05:49.592384
1.203256908176808,2585,6,1,0,0,0,0.0,0.0,2025-Jan-29-17:05:49.690923
0.7032548287490616,2586,0,1,0,0,0,0.0,0.0,2025-Jan-29-17:05:49.787072
0.7032548287490616,2587,0,1,0,0,0,0.0,0.0,2025-Jan-29-17:05:49.848471
0.7032548287490616,2588,0,1,0,0,0,0.0,0.0,2025-Jan-29-17:05:49.905853
0.9848764437363399,2589,25,1,1,1,-1,1.9000000000000001,0.0,2025-Jan-29-17:05:49.995744
0.7032548287490616,2590,0,1,0,0,0,0.0,0.0,2025-Jan-29-17:05:50.051656
1.3286400585175115,2591,20,1,0,-1,-1,0.0,0.0,2025-Jan-29-17:05:50.160964
1.0273286139075628,2592,20,1,0,1,0,1.9000000000000001,0.0,2025-Jan-29-17:05:50.240300
0.7032548287490616,2593,0,1,0,0,0,0.0,0.0,2025-Jan-29-17:05:50.295262
1.1037329291610902,2594,25,1,1,-1,0,0.0,0.0,2025-Jan-29-17:05:50.351539
1.0040350488074719,2595,15,1,1,1,-1,1.0,0.0,2025-Jan-29-17:05:50.429752
0.8346185337565968,2596,25,1,0,-1,-1,0.0,0.0,2025-Jan-29-17:05:50.498726
0.9848764437363399,2597,25,1,1,1,-1,1.9000000000000001,0.0,2025-Jan-29-17:05:50.601695
0.5423441239770993,2598,25,1,0,1,0,1.7000000000000002,0.0,2025-Jan-29-17:05:50.731337
0.5273199176731277,2599,18,1,0,1,0,1.8000000000000003,0.0,2025-Jan-29-17:05:50.828054
0.5273202172351048,2600,18,1,0,1,0,1.9000000000000001,0.0,2025-Jan-29-17:05:50.908382
0.8973490594043655,2601,19,1,1,1,-1,1.9000000000000001,0.0,2025-Jan-29-17:05:50.980267
0.5273202172351048,2602,18,1,0,1,0,1.9000000000000001,0.0,2025-Jan-29-17:05:51.058666
0.9848764437363399,2603,25,1,1,1,-1,1.9000000000000001,0.0,2025-Jan-29-17:05:51.141651
1.0464827941795374,2604,14,1,0,1,0,1.0,0.0,2025-Jan-29-17:05:51.195453
1.096083017947357,2605,13,1,1,-1,0,0.0,0.0,2025-Jan-29-17:05:51.271993
0.5423447426676429,2606,23,1,0,1,-1,1.9000000000000001,0.0,2025-Jan-29-17:05:51.343120
1.2260787273316933,2607,11,1,0,-1,0,0.0,0.0,2025-Jan-29-17:05:51.420584
0.9848764437363399,2608,25,1,1,1,-1,1.9000000000000001,0.0,2025-Jan-29-17:05:51.503864
1.2410870127559925,2609,24,1,0,-1,0,0.0,0.0,2025-Jan-29-17:05:51.601431
0.9848764437363399,2610,25,1,1,1,-1,1.9000000000000001,0.0,2025-Jan-29-17:05:51.849215
0.7032548287490616,2611,0,1,0,0,0,0.0,0.0,2025-Jan-29-17:05:51.929607
1.1942054706654686,2612,25,1,1,-1,-1,0.0,0.0,2025-Jan-29-17:05:52.001399
0.8823208564456678,2613,15,1,1,1,0,1.9000000000000001,0.0,2025-Jan-29-17:05:52.079579
1.1037329291610902,2614,25,1,1,-1,0,0.0,0.0,2025-Jan-29-17:05:52.136162
0.9848764437363399,2615,25,1,1,1,-1,1.9000000000000001,0.0,2025-Jan-29-17:05:52.221360
0.9848764437363399,2616,25,1,1,1,-1,1.9000000000000001,0.0,2025-Jan-29-17:05:52.306426
0.8247332674916161,2617,18,1,0,-1,-1,0.0,0.0,2025-Jan-29-17:05:52.406749
0.7032548287490616,2618,0,1,0,0,0,0.0,0.0,2025-Jan-29-17:05:52.462275
1.2260787271081437,2619,14,1,0,-1,0,0.0,0.0,2025-Jan-29-17:05:52.541150
1.1882472946247935,2620,4,1,0,0,0,0.0,0.0,2025-Jan-29-17:05:52.611732
1.1882472985320298,2621,5,1,0,0,-1,0.0,0.0,2025-Jan-29-17:05:52.710315
0.8973453827853174,2622,23,1,1,1,-1,1.9000000000000001,0.0,2025-Jan-29-17:05:52.810505
1.0582554565755196,2623,0,1,1,1,0,0.1,0.0,2025-Jan-29-17:05:52.867574
1.1608097877885277,2624,25,1,1,0,-1,0.0,0.0,2025-Jan-29-17:05:52.925562
1.0732827911530407,2625,2,1,1,1,0,0.1,0.0,2025-Jan-29-17:05:52.980127
1.012310031240362,2626,17,1,0,1,0,1.9000000000000001,0.0,2025-Jan-29-17:05:53.059588
0.7032548287490616,2627,0,1,0,0,0,0.0,0.0,2025-Jan-29-17:05:53.114087
1.1890812470593757,2628,22,1,0,1,-1,0.1,0.0,2025-Jan-29-17:05:53.169230
1.1148636612605536,2629,24,1,0,1,-1,1.9000000000000001,0.0,2025-Jan-29-17:05:53.272376
0.9848764437363399,2630,25,1,1,1,-1,1.9000000000000001,0.0,2025-Jan-29-17:05:53.358752
0.7368074535047114,2631,15,1,0,-1,0,0.0,0.0,2025-Jan-29-17:05:53.438107
1.0590964607839823,2632,25,1,1,1,0,0.1,0.0,2025-Jan-29-17:05:53.481459
0.7040983473997404,2633,19,1,0,1,0,0.1,0.0,2025-Jan-29-17:05:53.524722
0.9848764437363399,2634,25,1,1,1,-1,1.9000000000000001,0.0,2025-Jan-29-17:05:53.641613
0.9848764437363399,2635,25,1,1,1,-1,1.9000000000000001,0.0,2025-Jan-29-17:05:53.766303
0.7032548162678711,2636,0,1,0,1,0,1.9000000000000001,0.0,2025-Jan-29-17:05:53.823614
1.027324473693187,2637,22,1,0,1,-1,1.9000000000000001,0.0,2025-Jan-29-17:05:53.903766
0.8823199598665834,2638,15,1,1,1,0,1.6,0.0,2025-Jan-29-17:05:53.982956
0.7032548287490616,2639,0,1,0,0,0,0.0,0.0,2025-Jan-29-17:05:54.039479
0.7032548287490616,2640,0,1,0,0,0,0.0,0.0,2025-Jan-29-17:05:54.094673
0.7182705030005031,2641,25,1,0,0,0,0.0,0.0,2025-Jan-29-17:05:54.138247
0.7182705030005031,2642,25,1,0,0,0,0.0,0.0,2025-Jan-29-17:05:54.180300
0.7032548287490616,2643,0,1,0,0,0,0.0,0.0,2025-Jan-29-17:05:54.232983
0.7032548287490616,2644,0,1,0,0,0,0.0,0.0,2025-Jan-29-17:05:54.285782
0.7032548287490616,2645,0,1,0,0,0,0.0,0.0,2025-Jan-29-17:05:54.338640
0.7032548287490616,2646,0,1,0,0,0,0.0,0.0,2025-Jan-29-17:05:54.391830
0.7032548287490616,2647,0,1,0,0,0,0.0,0.0,2025-Jan-29-17:05:54.446521
0.5423435119681252,2648,25,1,0,1,0,1.5000000000000002,0.0,2025-Jan-29-17:05:54.518114
1.1882472948240612,2649,5,1,0,0,0,0.0,0.0,2025-Jan-29-17:05:54.587692
0.7032548287490616,2650,0,1,0,0,0,0.0,0.0,2025-Jan-29-17:05:54.665316
0.7032548287490616,2651,0,1,0,0,0,0.0,0.0,2025-Jan-29-17:05:54.747799
0.5423484159887797,2652,19,1,0,1,0,1.9000000000000001,0.0,2025-Jan-29-17:05:54.834038
0.7032548287490616,2653,0,1,0,0,0,0.0,0.0,2025-Jan-29-17:05:54.889330
0.6181980321367266,2654,15,1,0,1,0,0.6,0.0,2025-Jan-29-17:05:54.944920
0.7032548287490616,2655,0,1,0,0,0,0.0,0.0,2025-Jan-29-17:05:55.001535
0.9848764437363399,2656,25,1,1,1,-1,1.9000000000000001,0.0,2025-Jan-29-17:05:55.088575
1.0582554688129302,2657,0,1,1,0,0,0.0,0.0,2025-Jan-29-17:05:55.145611
0.7032548287490616,2658,0,1,0,0,0,0.0,0.0,2025-Jan-29-17:05:55.202683
0.7032548287490616,2659,0,1,0,0,0,0.0,0.0,2025-Jan-29-17:05:55.371657
0.7032548287490616,2660,0,1,0,0,0,0.0,0.0,2025-Jan-29-17:05:55.429776
0.7032548287490616,2661,0,1,0,0,0,0.0,0.0,2025-Jan-29-17:05:55.487492
0.7032548287490616,2662,0,1,0,0,0,0.0,0.0,2025-Jan-29-17:05:55.545100
0.5919287662199604,2663,25,1,0,0,1,0.0,1.9000000000000001,2025-Jan-29-17:05:55.674424
0.7032548287490616,2664,0,1,0,0,0,0.0,0.0,2025-Jan-29-17:05:55.767823
0.7032548286518892,2665,1,1,0,0,0,0.0,0.0,2025-Jan-29-17:05:55.842309
0.7032548287490616,2666,0,1,0,0,0,0.0,0.0,2025-Jan-29-17:05:55.898916
1.2032564061623827,2667,24,1,0,0,0,0.0,0.0,2025-Jan-29-17:05:55.955512
0.7032548287490616,2668,0,1,0,0,0,0.0,0.0,2025-Jan-29-17:05:56.011778
0.7032548287490616,2669,0,1,0,0,0,0.0,0.0,2025-Jan-29-17:05:56.067215
0.7032548287490616,2670,0,1,0,0,0,0.0,0.0,2025-Jan-29-17:05:56.123319
0.7032548287490616,2671,0,1,0,0,0,0.0,0.0,2025-Jan-29-17:05:56.179747
0.7032548287490616,2672,0,1,0,0,0,0.0,0.0,2025-Jan-29-17:05:56.235032
0.7032548287490616,2673,0,1,0,0,0,0.0,0.0,2025-Jan-29-17:05:56.290572
0.7032548287490616,2674,0,1,0,0,0,0.0,0.0,2025-Jan-29-17:05:56.346254
0.7032548308487874,2675,0,1,0,0,-1,0.0,0.0,2025-Jan-29-17:05:56.403337
0.7032548287490616,2676,0,1,0,0,0,0.0,0.0,2025-Jan-29-17:05:56.459461
0.7032548287490616,2677,0,1,0,0,0,0.0,0.0,2025-Jan-29-17:05:56.515219
1.558257046225748,2678,24,1,1,0,0,0.0,0.0,2025-Jan-29-17:05:56.591642
0.7032548287490616,2679,0,1,0,0,0,0.0,0.0,2025-Jan-29-17:05:56.696506
0.7032548287490616,2680,0,1,0,0,0,0.0,0.0,2025-Jan-29-17:05:56.792077
0.7032548287490616,2681,0,1,0,0,0,0.0,0.0,2025-Jan-29-17:05:56.851536
0.7032548287490616,2682,0,1,0,0,0,0.0,0.0,2025-Jan-29-17:05:56.908279
0.7032548287490616,2683,0,1,0,0,0,0.0,0.0,2025-Jan-29-17:05:56.964704
0.7032548287490616,2684,0,1,0,0,0,0.0,0.0,2025-Jan-29-17:05:57.020479
0.7032548287490616,2685,0,1,0,0,0,0.0,0.0,2025-Jan-29-17:05:57.076863
0.7032548162678711,2686,0,1,0,1,0,1.9000000000000001,0.0,2025-Jan-29-17:05:57.132620
1.0582554688129302,2687,0,1,1,0,0,0.0,0.0,2025-Jan-29-17:05:57.189200
0.7032548287490616,2688,0,1,0,0,0,0.0,0.0,2025-Jan-29-17:05:57.246269
1.0123088817467578,2689,14,1,0,1,0,1.5000000000000002,0.0,2025-Jan-29-17:05:57.327123
0.7040958206858111,2690,25,1,0,1,0,0.1,0.0,2025-Jan-29-17:05:57.372579
1.2032564062589408,2691,22,1,0,0,0,0.0,0.0,2025-Jan-29-17:05:57.428007
1.05825545633174,2692,0,1,1,1,0,1.9000000000000001,0.0,2025-Jan-29-17:05:57.483807
0.5423484159887797,2693,19,1,0,1,0,1.9000000000000001,0.0,2025-Jan-29-17:05:57.569925
1.0273286139075628,2694,20,1,0,1,0,1.9000000000000001,0.0,2025-Jan-29-17:05:57.700862
0.7410823775192706,2695,13,1,0,-1,0,0.0,0.0,2025-Jan-29-17:05:57.831340
1.1740717182565212,2696,11,1,0,1,-1,0.1,0.0,2025-Jan-29-17:05:57.893070
1.0590964607839823,2697,25,1,1,1,0,0.1,0.0,2025-Jan-29-17:05:57.940068
1.2248933161499889,2698,17,1,0,-1,0,0.0,0.0,2025-Jan-29-17:05:58.021137
0.5273199176731277,2699,18,1,0,1,0,1.8000000000000003,0.0,2025-Jan-29-17:05:58.226687
0.5273196186512292,2700,18,1,0,1,0,1.7000000000000002,0.0,2025-Jan-29-17:05:58.310309
0.5481646776086939,2701,19,1,0,1,0,1.2000000000000002,0.0,2025-Jan-29-17:05:58.357443
0.5273202172351048,2702,18,1,0,1,0,1.9000000000000001,0.0,2025-Jan-29-17:05:58.437004
0.9848764437363399,2703,25,1,1,1,-1,1.9000000000000001,0.0,2025-Jan-29-17:05:58.524888
0.5423484159887797,2704,19,1,0,1,0,1.9000000000000001,0.0,2025-Jan-29-17:05:58.629707
0.7182729400006294,2705,19,1,0,0,-1,0.0,0.0,2025-Jan-29-17:05:58.715761
0.9848764437363399,2706,25,1,1,1,-1,1.9000000000000001,0.0,2025-Jan-29-17:05:58.834326
1.0582554688129302,2707,0,1,1,0,0,0.0,0.0,2025-Jan-29-17:05:58.894651
0.9848764437363399,2708,25,1,1,1,-1,1.9000000000000001,0.0,2025-Jan-29-17:05:58.983567
1.027327713914336,2709,20,1,0,1,0,1.6,0.0,2025-Jan-29-17:05:59.065266
0.5423471676231595,2710,21,1,0,1,0,1.5000000000000002,0.0,2025-Jan-29-17:05:59.140208
0.9848764437363399,2711,25,1,1,1,-1,1.9000000000000001,0.0,2025-Jan-29-17:05:59.228057
0.6498723425041403,2712,25,1,0,1,-1,1.1,0.0,2025-Jan-29-17:05:59.287436
0.5273199176731277,2713,18,1,0,1,0,1.8000000000000003,0.0,2025-Jan-29-17:05:59.367719
0.7040958206858111,2714,25,1,0,1,0,0.1,0.0,2025-Jan-29-17:05:59.413613
1.0732711430969912,2715,25,1,1,0,0,0.0,0.0,2025-Jan-29-17:05:59.460137
1.5810793670700924,2716,14,1,1,-1,0,0.0,0.0,2025-Jan-29-17:05:59.541639
0.8973490594043655,2717,19,1,1,1,-1,1.9000000000000001,0.0,2025-Jan-29-17:05:59.631435
0.7032548327823697,2718,0,1,0,-1,-1,0.0,0.0,2025-Jan-29-17:05:59.734859
0.9848764437363399,2719,25,1,1,1,-1,1.9000000000000001,0.0,2025-Jan-29-17:05:59.847657
0.6298758036288455,2720,25,1,0,1,-1,1.9000000000000001,0.0,2025-Jan-29-17:05:59.941515
1.0582554563302362,2721,0,1,1,1,0,1.3000000000000003,0.0,2025-Jan-29-17:06:00.000194
0.5423471711776704,2722,19,1,0,1,-1,1.5000000000000002,0.0,2025-Jan-29-17:06:00.079625
1.0582554560500927,2723,0,1,1,-1,1,0.0,1.9000000000000001,2025-Jan-29-17:06:00.144359
1.0273244709403335,2724,22,1,0,1,0,1.9000000000000001,0.0,2025-Jan-29-17:06:00.226196
1.05825545633174,2725,0,1,1,1,0,1.9000000000000001,0.0,2025-Jan-29-17:06:00.285951
0.8973453787678878,2726,25,1,1,1,0,1.9000000000000001,0.0,2025-Jan-29-17:06:00.361950
1.0273244709403335,2727,22,1,0,1,0,1.9000000000000001,0.0,2025-Jan-29-17:06:00.442761
0.7040958206858111,2728,25,1,0,1,0,0.1,0.0,2025-Jan-29-17:06:00.488130
0.5273202172351048,2729,18,1,0,1,0,1.9000000000000001,0.0,2025-Jan-29-17:06:00.586398
1.058255472846238,2730,0,1,1,-1,-1,0.0,0.0,2025-Jan-29-17:06:00.682355
0.542347790542004,2731,19,1,0,1,0,1.7000000000000002,0.0,2025-Jan-29-17:06:00.795875
1.1882472948240612,2732,5,1,0,0,0,0.0,0.0,2025-Jan-29-17:06:00.856998
0.5423447386502132,2733,25,1,0,1,0,1.9000000000000001,0.0,2025-Jan-29-17:06:00.935720
0.7182705030005031,2734,25,1,0,0,0,0.0,0.0,2025-Jan-29-17:06:00.982550
0.9848764437363399,2735,25,1,1,1,-1,1.9000000000000001,0.0,2025-Jan-29-17:06:01.070454
1.1942054706654686,2736,25,1,1,-1,-1,0.0,0.0,2025-Jan-29-17:06:01.142210
1.2032569081518871,2737,9,1,0,0,0,0.0,0.0,2025-Jan-29-17:06:01.201117
1.0582554707465124,2738,0,1,1,-1,0,0.0,0.0,2025-Jan-29-17:06:01.260176
0.7182821636027037,2739,3,1,0,0,0,0.0,0.0,2025-Jan-29-17:06:01.308808
0.7032548287490616,2740,0,1,0,0,0,0.0,0.0,2025-Jan-29-17:06:01.365424
0.5473144603845459,2741,15,1,0,1,0,1.1,0.0,2025-Jan-29-17:06:01.423391
1.1882472948240612,2742,5,1,0,0,0,0.0,0.0,2025-Jan-29-17:06:01.481340
0.9848764437363399,2743,25,1,1,1,-1,1.9000000000000001,0.0,2025-Jan-29-17:06:01.587962
0.7032548287490616,2744,0,1,0,0,0,0.0,0.0,2025-Jan-29-17:06:01.685252
0.7032548287490616,2745,0,1,0,0,0,0.0,0.0,2025-Jan-29-17:06:01.785543
0.7032548287490616,2746,0,1,0,0,0,0.0,0.0,2025-Jan-29-17:06:01.846987
0.7032548287490616,2747,0,1,0,0,0,0.0,0.0,2025-Jan-29-17:06:01.904201
0.5423441239770993,2748,25,1,0,1,0,1.7000000000000002,0.0,2025-Jan-29-17:06:01.978559
1.5917969327061021,2749,12,1,1,-1,0,0.0,0.0,2025-Jan-29-17:06:02.059176
0.7032548287490616,2750,0,1,0,0,0,0.0,0.0,2025-Jan-29-17:06:02.115343
0.7032548287490616,2751,0,1,0,0,0,0.0,0.0,2025-Jan-29-17:06:02.171098
0.7032548287490616,2752,0,1,0,0,0,0.0,0.0,2025-Jan-29-17:06:02.226824
0.7032548287490616,2753,0,1,0,0,0,0.0,0.0,2025-Jan-29-17:06:02.282552
0.7032548287490616,2754,0,1,0,0,0,0.0,0.0,2025-Jan-29-17:06:02.338224
1.1882472948240612,2755,5,1,0,0,0,0.0,0.0,2025-Jan-29-17:06:02.395576
0.7032548287490616,2756,0,1,0,0,0,0.0,0.0,2025-Jan-29-17:06:02.451353
1.0582554688129302,2757,0,1,1,0,0,0.0,0.0,2025-Jan-29-17:06:02.507408
1.2032569081518871,2758,9,1,0,0,0,0.0,0.0,2025-Jan-29-17:06:02.592054
1.2032564062589408,2759,22,1,0,0,0,0.0,0.0,2025-Jan-29-17:06:02.807439
1.0273230009278367,2760,22,1,0,1,0,1.4000000000000001,0.0,2025-Jan-29-17:06:02.928288
0.7032548287490616,2761,0,1,0,0,0,0.0,0.0,2025-Jan-29-17:06:02.987218
1.1882472948363416,2762,8,1,0,0,0,0.0,0.0,2025-Jan-29-17:06:03.045409
0.5273199176731277,2763,18,1,0,1,0,1.8000000000000003,0.0,2025-Jan-29-17:06:03.124646
1.0582554688129302,2764,0,1,1,0,0,0.0,0.0,2025-Jan-29-17:06:03.180560
0.7182821637487402,2765,2,1,0,0,0,0.0,0.0,2025-Jan-29-17:06:03.225587
0.7032548287490616,2766,0,1,0,0,0,0.0,0.0,2025-Jan-29-17:06:03.281366
1.2032591688841716,2767,12,1,0,0,0,0.0,0.0,2025-Jan-29-17:06:03.337969
0.7032548287490616,2768,0,1,0,0,0,0.0,0.0,2025-Jan-29-17:06:03.394551
0.7032548287490616,2769,0,1,0,0,0,0.0,0.0,2025-Jan-29-17:06:03.450463
0.7032548287490616,2770,0,1,0,0,0,0.0,0.0,2025-Jan-29-17:06:03.506731
1.1882472946247935,2771,4,1,0,0,0,0.0,0.0,2025-Jan-29-17:06:03.575872
1.2032569081518871,2772,9,1,0,0,0,0.0,0.0,2025-Jan-29-17:06:03.659842
0.7032548287490616,2773,0,1,0,0,0,0.0,0.0,2025-Jan-29-17:06:03.751693
0.7032548287490616,2774,0,1,0,0,0,0.0,0.0,2025-Jan-29-17:06:03.829148
0.7032548308487874,2775,0,1,0,0,-1,0.0,0.0,2025-Jan-29-17:06:03.887785
0.7032548287490616,2776,0,1,0,0,0,0.0,0.0,2025-Jan-29-17:06:03.946393
0.7032548287490616,2777,0,1,0,0,0,0.0,0.0,2025-Jan-29-17:06:04.002591
0.7032548287490616,2778,0,1,0,0,0,0.0,0.0,2025-Jan-29-17:06:04.060019
0.7032548287490616,2779,0,1,0,0,0,0.0,0.0,2025-Jan-29-17:06:04.117858
0.7032548287490616,2780,0,1,0,0,0,0.0,0.0,2025-Jan-29-17:06:04.174558
1.0582554687157577,2781,1,1,1,0,0,0.0,0.0,2025-Jan-29-17:06:04.230701
0.7032548287490616,2782,0,1,0,0,0,0.0,0.0,2025-Jan-29-17:06:04.286608
0.7032548287490616,2783,0,1,0,0,0,0.0,0.0,2025-Jan-29-17:06:04.342694
0.7032548287490616,2784,0,1,0,0,0,0.0,0.0,2025-Jan-29-17:06:04.398591
0.7032548287490616,2785,0,1,0,0,0,0.0,0.0,2025-Jan-29-17:06:04.455544
0.7032548162678711,2786,0,1,0,1,0,1.9000000000000001,0.0,2025-Jan-29-17:06:04.512696
1.1882472948240612,2787,5,1,0,0,0,0.0,0.0,2025-Jan-29-17:06:04.591283
1.1882472949645337,2788,7,1,0,0,0,0.0,0.0,2025-Jan-29-17:06:04.691973
0.9848764437363399,2789,25,1,1,1,-1,1.9000000000000001,0.0,2025-Jan-29-17:06:04.819255
0.6148595261007885,2790,15,1,0,1,-1,1.9000000000000001,0.0,2025-Jan-29-17:06:04.926947
0.5273196186512292,2791,18,1,0,1,0,1.7000000000000002,0.0,2025-Jan-29-17:06:05.008573
1.0732735773183826,2792,19,1,1,0,0,0.0,0.0,2025-Jan-29-17:06:05.053854
0.5273196186512292,2793,18,1,0,1,0,1.7000000000000002,0.0,2025-Jan-29-17:06:05.133845
0.7032548287490616,2794,0,1,0,0,0,0.0,0.0,2025-Jan-29-17:06:05.188628
0.9848764437363399,2795,25,1,1,1,-1,1.9000000000000001,0.0,2025-Jan-29-17:06:05.274645
0.7032548186113771,2796,0,1,0,1,-1,0.1,0.0,2025-Jan-29-17:06:05.331666
1.2489819404873708,2797,8,1,0,-1,-1,0.0,0.0,2025-Jan-29-17:06:05.387001
0.6148596128926311,2798,15,1,0,1,-1,1.8000000000000003,0.0,2025-Jan-29-17:06:05.488375
0.5273196186512292,2799,18,1,0,1,0,1.7000000000000002,0.0,2025-Jan-29-17:06:05.587416
0.5273196186512292,2800,18,1,0,1,0,1.7000000000000002,0.0,2025-Jan-29-17:06:05.701081
0.7182729370721538,2801,21,1,0,0,0,0.0,0.0,2025-Jan-29-17:06:05.768394
0.5273202172351048,2802,18,1,0,1,0,1.9000000000000001,0.0,2025-Jan-29-17:06:05.848327
0.7032548287490616,2803,0,1,0,0,0,0.0,0.0,2025-Jan-29-17:06:05.903266
0.5273196186512292,2804,18,1,0,1,0,1.7000000000000002,0.0,2025-Jan-29-17:06:05.980957
0.7182821637487402,2805,2,1,0,0,0,0.0,0.0,2025-Jan-29-17:06:06.023690
0.5273193207526491,2806,16,1,0,1,0,1.6,0.0,2025-Jan-29-17:06:06.100886
1.1882472960016206,2807,7,1,0,-1,0,0.0,0.0,2025-Jan-29-17:06:06.155615
0.5423447386502132,2808,25,1,0,1,0,1.9000000000000001,0.0,2025-Jan-29-17:06:06.227019
0.5273187256044027,2809,18,1,0,1,0,1.4000000000000001,0.0,2025-Jan-29-17:06:06.304475
0.542347790542004,2810,19,1,0,1,0,1.7000000000000002,0.0,2025-Jan-29-17:06:06.375902
0.7032548287490616,2811,0,1,0,0,0,0.0,0.0,2025-Jan-29-17:06:06.429448
0.604021714451508,2812,15,1,0,1,0,0.7000000000000001,0.0,2025-Jan-29-17:06:06.483580
0.5273199176731277,2813,18,1,0,1,0,1.8000000000000003,0.0,2025-Jan-29-17:06:06.571407
1.2260787271081437,2814,14,1,0,-1,0,0.0,0.0,2025-Jan-29-17:06:06.686088
0.9848764437363399,2815,25,1,1,1,-1,1.9000000000000001,0.0,2025-Jan-29-17:06:06.812117
0.7032548185381582,2816,0,1,0,1,-1,0.8,0.0,2025-Jan-29-17:06:06.867100
0.8973484339569295,2817,19,1,1,1,-1,1.7000000000000002,0.0,2025-Jan-29-17:06:06.938015
0.9848764437363399,2818,25,1,1,1,-1,1.9000000000000001,0.0,2025-Jan-29-17:06:07.103165
0.7032548287490616,2819,0,1,0,0,0,0.0,0.0,2025-Jan-29-17:06:07.157922
0.5423481028783832,2820,21,1,0,1,0,1.8000000000000003,0.0,2025-Jan-29-17:06:07.229254
1.0273286139075628,2821,20,1,0,1,0,1.9000000000000001,0.0,2025-Jan-29-17:06:07.306805
0.6148597877036834,2822,18,1,0,1,-1,1.6,0.0,2025-Jan-29-17:06:07.406329
1.5918162101421558,2823,22,1,1,-1,0,0.0,0.0,2025-Jan-29-17:06:07.483711
1.1037329291610902,2824,25,1,1,-1,0,0.0,0.0,2025-Jan-29-17:06:07.538835
1.0273244708137592,2825,24,1,0,1,0,1.9000000000000001,0.0,2025-Jan-29-17:06:07.634001
0.9848764437363399,2826,25,1,1,1,-1,1.9000000000000001,0.0,2025-Jan-29-17:06:07.759310
1.0582554688129302,2827,0,1,1,0,0,0.0,0.0,2025-Jan-29-17:06:07.815852
0.7032548306826437,2828,0,1,0,-1,0,0.0,0.0,2025-Jan-29-17:06:07.874785
1.149043016249068,2829,20,1,0,1,-1,1.0,0.0,2025-Jan-29-17:06:07.955986
0.5423481028783832,2830,21,1,0,1,0,1.8000000000000003,0.0,2025-Jan-29-17:06:08.030762
0.542347790542004,2831,19,1,0,1,0,1.7000000000000002,0.0,2025-Jan-29-17:06:08.105023
0.9848764437363399,2832,25,1,1,1,-1,1.9000000000000001,0.0,2025-Jan-29-17:06:08.191864
1.290803910947752,2833,9,1,0,-1,-1,0.0,0.0,2025-Jan-29-17:06:08.270379
0.7182705030005031,2834,25,1,0,0,0,0.0,0.0,2025-Jan-29-17:06:08.314284
0.7032548306826437,2835,0,1,0,-1,0,0.0,0.0,2025-Jan-29-17:06:08.369525
0.8973450712401916,2836,25,1,1,1,0,1.8000000000000003,0.0,2025-Jan-29-17:06:08.443036
0.7368074535047114,2837,15,1,0,-1,0,0.0,0.0,2025-Jan-29-17:06:08.523572
1.558257550300683,2838,9,1,1,-1,0,0.0,0.0,2025-Jan-29-17:06:08.597795
