Cost,Sim,Switch_State_Indx,Gen1_on,Gen2_on,Batt1_mode,Batt2_mode,Batt1_power_kW,Batt2_power_kW,Timestamp
1.1457990194326042,15390,18,1,1,0,-1,0.0,0.0,2025-Jan-29-17:22:26.610072
0.542344431122534,15391,25,1,0,1,0,1.8000000000000003,0.0,2025-Jan-29-17:22:26.736080
0.9847803991717576,15392,21,1,1,-1,1,0.0,1.2000000000000002,2025-Jan-29-17:22:26.851107
1.5582575543681574,15393,6,1,1,-1,-1,0.0,0.0,2025-Jan-29-17:22:26.909098
1.2489819312222266,15394,8,1,0,1,-1,1.4000000000000001,0.0,2025-Jan-29-17:22:26.966652
1.6307306306095737,15395,14,1,1,-1,-1,0.0,0.0,2025-Jan-29-17:22:27.046203
0.7908004349144597,15396,1,1,0,0,-1,0.0,0.0,2025-Jan-29-17:22:27.129809
0.9872707543338233,15397,1,1,1,0,1,0.0,0.5,2025-Jan-29-17:22:27.194248
0.6038103756730808,15398,15,1,0,0,1,0.0,0.7000000000000001,2025-Jan-29-17:22:27.254411
0.7561023661056487,15399,21,1,0,-1,0,0.0,0.0,2025-Jan-29-17:22:27.312172
1.1882472841097123,15400,4,1,0,0,1,0.0,0.1,2025-Jan-29-17:22:27.367686
1.5810793673530297,15401,17,1,1,-1,0,0.0,0.0,2025-Jan-29-17:22:27.443932
1.1882472999753344,15402,4,1,0,0,-1,0.0,0.0,2025-Jan-29-17:22:27.496361
1.0993104433733127,15403,17,1,0,1,-1,1.9000000000000001,0.0,2025-Jan-29-17:22:27.630719
1.2410870128463722,15404,22,1,0,-1,0,0.0,0.0,2025-Jan-29-17:22:27.759292
1.0756765868431017,15405,20,1,0,1,0,0.9,0.0,2025-Jan-29-17:22:27.825813
1.2032564062589408,15406,22,1,0,0,0,0.0,0.0,2025-Jan-29-17:22:27.886422
1.5432479247045463,15407,4,1,1,0,1,0.0,1.2000000000000002,2025-Jan-29-17:22:27.947836
1.6039825804553012,15408,8,1,1,-1,-1,0.0,0.0,2025-Jan-29-17:22:28.008207
1.5960876528152106,15409,24,1,1,-1,0,0.0,0.0,2025-Jan-29-17:22:28.097571
1.188247294787923,15410,17,1,0,0,0,0.0,0.0,2025-Jan-29-17:22:28.159209
1.3823233515313333,15411,22,1,1,1,-1,1.3000000000000003,0.0,2025-Jan-29-17:22:28.400587
1.1882472805466822,15412,5,1,0,1,0,0.2,0.0,2025-Jan-29-17:22:28.454461
0.8058190942097962,15413,3,1,0,-1,-1,0.0,0.0,2025-Jan-29-17:22:28.508123
1.2260787271081437,15414,14,1,0,-1,0,0.0,0.0,2025-Jan-29-17:22:28.614906
0.7032518041279996,15415,16,1,0,0,1,0.0,1.4000000000000001,2025-Jan-29-17:22:28.707197
1.5432479196791866,15416,7,1,1,1,0,0.2,0.0,2025-Jan-29-17:22:28.781826
1.0582554687157577,15417,1,1,1,0,0,0.0,0.0,2025-Jan-29-17:22:28.833452
1.6458067962220135,15418,20,1,1,0,-1,0.0,0.0,2025-Jan-29-17:22:28.907922
1.5432479260484486,15419,4,1,1,0,1,0.0,0.8,2025-Jan-29-17:22:28.960527
1.0732711464044855,15420,23,1,1,0,-1,0.0,0.0,2025-Jan-29-17:22:29.002483
1.5582575397051501,15421,6,1,1,-1,1,0.0,1.8000000000000003,2025-Jan-29-17:22:29.055713
1.2410870127559925,15422,24,1,0,-1,0,0.0,0.0,2025-Jan-29-17:22:29.132033
1.0732828037001547,15423,3,1,1,0,0,0.0,0.0,2025-Jan-29-17:22:29.173505
1.1882472958734285,15424,8,1,0,-1,0,0.0,0.0,2025-Jan-29-17:22:29.226733
1.0732711301773095,15425,23,1,1,0,1,0.0,1.2000000000000002,2025-Jan-29-17:22:29.279544
1.0732735771638882,15426,21,1,1,0,0,0.0,0.0,2025-Jan-29-17:22:29.320552
1.0022904262960672,15427,21,1,1,0,1,0.0,0.5,2025-Jan-29-17:22:29.361313
1.058255472846238,15428,0,1,1,-1,-1,0.0,0.0,2025-Jan-29-17:22:29.413561
0.7182729372290622,15429,19,1,0,0,0,0.0,0.0,2025-Jan-29-17:22:29.454280
1.5432479202845903,15430,4,1,1,1,0,0.2,0.0,2025-Jan-29-17:22:29.507237
1.5432479377968438,15431,5,1,1,0,-1,0.0,0.0,2025-Jan-29-17:22:29.575132
0.7182821665362829,15432,3,1,0,-1,0,0.0,0.0,2025-Jan-29-17:22:29.661057
1.489861849347942,15433,24,1,1,1,-1,1.1,0.0,2025-Jan-29-17:22:29.763848
1.2410870127559925,15434,24,1,0,-1,0,0.0,0.0,2025-Jan-29-17:22:29.838698
1.0732711299711974,15435,23,1,1,0,1,0.0,0.6,2025-Jan-29-17:22:29.891038
0.7032518031715003,15436,16,1,0,0,1,0.0,1.7000000000000002,2025-Jan-29-17:22:29.943871
1.1606918574948342,15437,9,1,0,1,1,0.8,0.30000000000000004,2025-Jan-29-17:22:29.995544
1.1882472958734285,15438,8,1,0,-1,0,0.0,0.0,2025-Jan-29-17:22:30.049590
1.5432479227944889,15439,4,1,1,1,-1,0.5,0.0,2025-Jan-29-17:22:30.103690
1.1836331120974133,15440,15,1,1,-1,-1,0.0,0.0,2025-Jan-29-17:22:30.200772
1.058255470912656,15441,0,1,1,0,-1,0.0,0.0,2025-Jan-29-17:22:30.254353
1.1882472946247935,15442,4,1,0,0,0,0.0,0.0,2025-Jan-29-17:22:30.307654
0.7182729372290622,15443,19,1,0,0,0,0.0,0.0,2025-Jan-29-17:22:30.348563
1.5432479348176518,15444,17,1,1,0,0,0.0,0.0,2025-Jan-29-17:22:30.400879
1.1882472947756426,15445,11,1,0,0,0,0.0,0.0,2025-Jan-29-17:22:30.453434
1.3823245211023871,15446,24,1,1,1,0,1.7000000000000002,0.0,2025-Jan-29-17:22:30.528662
1.2410870127559925,15447,24,1,0,-1,0,0.0,0.0,2025-Jan-29-17:22:30.631851
1.5798939559241476,15448,10,1,1,-1,0,0.0,0.0,2025-Jan-29-17:22:30.740147
1.5432479401188743,15449,4,1,1,0,-1,0.0,0.0,2025-Jan-29-17:22:30.794964
1.1111030061933418,15450,21,1,1,-1,0,0.0,0.0,2025-Jan-29-17:22:30.850587
1.0888023230378612,15451,8,1,0,0,1,0.0,0.7000000000000001,2025-Jan-29-17:22:30.903511
1.1111030061933418,15452,21,1,1,-1,0,0.0,0.0,2025-Jan-29-17:22:30.957300
1.5432479348660704,15453,8,1,1,0,0,0.0,0.0,2025-Jan-29-17:22:31.010781
0.9469489637737246,15454,3,1,1,0,1,0.0,1.6,2025-Jan-29-17:22:31.093167
1.5432479377968438,15455,5,1,1,0,-1,0.0,0.0,2025-Jan-29-17:22:31.153986
0.9880784597077733,15456,3,1,1,-1,1,0.0,0.6,2025-Jan-29-17:22:31.200062
0.7561023661056487,15457,21,1,0,-1,0,0.0,0.0,2025-Jan-29-17:22:31.264151
1.188247294787923,15458,17,1,0,0,0,0.0,0.0,2025-Jan-29-17:22:31.325709
0.7908004349144597,15459,1,1,0,0,-1,0.0,0.0,2025-Jan-29-17:22:31.408938
1.41691067495819,15460,8,1,1,1,1,1.4000000000000001,1.1,2025-Jan-29-17:22:31.489772
0.7182821636027037,15461,3,1,0,0,0,0.0,0.0,2025-Jan-29-17:22:31.534409
1.6458067962220135,15462,20,1,1,0,-1,0.0,0.0,2025-Jan-29-17:22:31.640876
1.5582570463223062,15463,22,1,1,0,0,0.0,0.0,2025-Jan-29-17:22:31.727258
1.5432479251920612,15464,11,1,1,0,1,0.0,0.1,2025-Jan-29-17:22:31.804137
1.558257534765822,15465,9,1,1,1,0,1.5000000000000002,0.0,2025-Jan-29-17:22:31.869853
0.6322663311524015,15466,18,1,0,0,1,0.0,0.5,2025-Jan-29-17:22:31.924557
1.1147602646847117,15467,24,1,0,-1,1,0.0,1.1,2025-Jan-29-17:22:32.022461
1.188247295861148,15468,5,1,0,-1,0,0.0,0.0,2025-Jan-29-17:22:32.077126
0.7561023661056487,15469,21,1,0,-1,0,0.0,0.0,2025-Jan-29-17:22:32.131271
0.7182821517569806,15470,2,1,0,1,0,1.4000000000000001,0.0,2025-Jan-29-17:22:32.183404
0.7182729372290622,15471,19,1,0,0,0,0.0,0.0,2025-Jan-29-17:22:32.224265
1.1458010749686394,15472,1,1,1,0,-1,0.0,0.0,2025-Jan-29-17:22:32.451037
1.1607303327602292,15473,22,1,0,1,-1,0.30000000000000004,0.0,2025-Jan-29-17:22:32.503879
1.458035849109229,15474,17,1,1,0,1,0.0,0.6,2025-Jan-29-17:22:32.566644
0.7182821666823194,15475,2,1,0,-1,0,0.0,0.0,2025-Jan-29-17:22:32.642746
1.1882472853785042,15476,4,1,0,-1,1,0.0,0.5,2025-Jan-29-17:22:32.730492
1.1882472956618804,15477,4,1,0,-1,0,0.0,0.0,2025-Jan-29-17:22:32.800638
0.7182705030005031,15478,25,1,0,0,0,0.0,0.0,2025-Jan-29-17:22:32.840718
1.5582575376235108,15479,6,1,1,1,-1,1.9000000000000001,0.0,2025-Jan-29-17:22:32.892660
0.6188347447996182,15480,21,1,0,0,1,0.0,0.7000000000000001,2025-Jan-29-17:22:32.933356
1.241089522048855,15481,20,1,0,-1,0,0.0,0.0,2025-Jan-29-17:22:33.009133
1.5582570327672542,15482,22,1,1,0,1,0.0,0.9,2025-Jan-29-17:22:33.061508
0.7032548286518892,15483,1,1,0,0,0,0.0,0.0,2025-Jan-29-17:22:33.112893
1.0440761693625245,15484,1,1,1,0,1,0.0,0.1,2025-Jan-29-17:22:33.164104
0.7182821666823194,15485,2,1,0,-1,0,0.0,0.0,2025-Jan-29-17:22:33.204530
1.558257550300683,15486,9,1,1,-1,0,0.0,0.0,2025-Jan-29-17:22:33.255925
1.0582524566575031,15487,16,1,1,0,0,0.0,0.0,2025-Jan-29-17:22:33.306829
1.6039825795008924,15488,17,1,1,0,-1,0.0,0.0,2025-Jan-29-17:22:33.358326
0.7182729370721538,15489,21,1,0,0,0,0.0,0.0,2025-Jan-29-17:22:33.398733
1.188247294576375,15490,10,1,0,0,0,0.0,0.0,2025-Jan-29-17:22:33.450637
1.058255472846238,15491,0,1,1,-1,-1,0.0,0.0,2025-Jan-29-17:22:33.502720
0.703254816511651,15492,0,1,0,1,0,0.1,0.0,2025-Jan-29-17:22:33.572750
0.7032548327823697,15493,0,1,0,-1,-1,0.0,0.0,2025-Jan-29-17:22:33.667189
1.5432479359287443,15494,7,1,1,-1,0,0.0,0.0,2025-Jan-29-17:22:33.756737
0.7182729370721538,15495,21,1,0,0,0,0.0,0.0,2025-Jan-29-17:22:33.806323
0.7032518049893812,15496,16,1,0,0,1,0.0,1.8000000000000003,2025-Jan-29-17:22:33.858438
1.1882472960016206,15497,7,1,0,-1,0,0.0,0.0,2025-Jan-29-17:22:33.910201
0.9598680814829504,15498,23,1,1,1,0,0.8,0.0,2025-Jan-29-17:22:33.950832
0.7908004365571513,15499,1,1,0,-1,-1,0.0,0.0,2025-Jan-29-17:22:34.025021
0.7032518164381372,15500,18,1,0,0,0,0.0,0.0,2025-Jan-29-17:22:34.079526
0.7182729400006294,15501,19,1,0,0,-1,0.0,0.0,2025-Jan-29-17:22:34.122665
1.058252456597701,15502,13,1,1,0,0,0.0,0.0,2025-Jan-29-17:22:34.174214
1.0732828038461912,15503,2,1,1,0,0,0.0,0.0,2025-Jan-29-17:22:34.214951
1.0582554688129302,15504,0,1,1,0,0,0.0,0.0,2025-Jan-29-17:22:34.265956
1.2032564083456423,15505,22,1,0,0,-1,0.0,0.0,2025-Jan-29-17:22:34.317279
1.5432479349059145,15506,5,1,1,0,0,0.0,0.0,2025-Jan-29-17:22:34.369139
0.6890723634276741,15507,18,1,0,0,1,0.0,0.1,2025-Jan-29-17:22:34.419951
1.203256896900743,15508,6,1,0,0,1,0.0,1.4000000000000001,2025-Jan-29-17:22:34.471766
1.4448538447242814,15509,12,1,1,1,1,0.8,1.6,2025-Jan-29-17:22:34.524586
1.1882472947756426,15510,11,1,0,0,0,0.0,0.0,2025-Jan-29-17:22:34.587953
0.7032518164381372,15511,18,1,0,0,0,0.0,0.0,2025-Jan-29-17:22:34.664610
0.8247332670051751,15512,15,1,0,-1,-1,0.0,0.0,2025-Jan-29-17:22:34.788293
1.0732735773183826,15513,19,1,1,0,0,0.0,0.0,2025-Jan-29-17:22:34.829475
1.1882472849021797,15514,11,1,0,0,1,0.0,1.3000000000000003,2025-Jan-29-17:22:34.882434
1.0582554707465124,15515,0,1,1,-1,0,0.0,0.0,2025-Jan-29-17:22:34.933393
1.027327713914336,15516,20,1,0,1,0,1.6,0.0,2025-Jan-29-17:22:35.008118
0.7561001563468996,15517,23,1,0,-1,-1,0.0,0.0,2025-Jan-29-17:22:35.061168
1.1882472958734285,15518,8,1,0,-1,0,0.0,0.0,2025-Jan-29-17:22:35.114225
1.2032569102654214,15519,6,1,0,-1,0,0.0,0.0,2025-Jan-29-17:22:35.165660
1.1882472948240612,15520,5,1,0,0,0,0.0,0.0,2025-Jan-29-17:22:35.217975
1.1882472958734285,15521,8,1,0,-1,0,0.0,0.0,2025-Jan-29-17:22:35.270236
0.7032518165899636,15522,16,1,0,0,0,0.0,0.0,2025-Jan-29-17:22:35.321241
0.614859874747683,15523,18,1,0,1,-1,1.5000000000000002,0.0,2025-Jan-29-17:22:35.417447
0.9164922165409107,15524,16,1,1,1,-1,1.0,0.0,2025-Jan-29-17:22:35.468611
0.7182729370721538,15525,21,1,0,0,0,0.0,0.0,2025-Jan-29-17:22:35.509131
1.076920892450421,15526,20,1,0,0,1,0.0,1.4000000000000001,2025-Jan-29-17:22:35.604413
0.7182821512101355,15527,2,1,0,1,0,0.5,0.0,2025-Jan-29-17:22:35.686538
1.2908039091728067,15528,9,1,0,0,-1,0.0,0.0,2025-Jan-29-17:22:35.783607
1.1111030061933418,15529,21,1,1,-1,0,0.0,0.0,2025-Jan-29-17:22:35.840503
1.5798939562119503,15530,11,1,1,-1,0,0.0,0.0,2025-Jan-29-17:22:35.933150
1.0732735773183826,15531,19,1,1,0,0,0.0,0.0,2025-Jan-29-17:22:35.979025
0.718270503145516,15532,23,1,0,0,0,0.0,0.0,2025-Jan-29-17:22:36.021683
1.1457199757600138,15533,17,1,0,1,0,0.30000000000000004,0.0,2025-Jan-29-17:22:36.076788
0.5769151765118085,15534,1,1,0,-1,1,0.0,1.6,2025-Jan-29-17:22:36.152225
1.203256908176808,15535,6,1,0,0,0,0.0,0.0,2025-Jan-29-17:22:36.203740
1.0732828037001547,15536,3,1,1,0,0,0.0,0.0,2025-Jan-29-17:22:36.245067
1.5007206157203423,15537,10,1,1,1,0,0.30000000000000004,0.0,2025-Jan-29-17:22:36.299546
1.188247283024029,15538,11,1,0,0,1,0.0,1.1,2025-Jan-29-17:22:36.353821
1.188247294787923,15539,17,1,0,0,0,0.0,0.0,2025-Jan-29-17:22:36.406288
1.1882472948363416,15540,8,1,0,0,0,0.0,0.0,2025-Jan-29-17:22:36.458739
1.1882472949645337,15541,7,1,0,0,0,0.0,0.0,2025-Jan-29-17:22:36.512171
1.5432479348432389,15542,14,1,1,0,0,0.0,0.0,2025-Jan-29-17:22:36.588101
1.2032564062589408,15543,22,1,0,0,0,0.0,0.0,2025-Jan-29-17:22:36.677532
1.2260787269075122,15544,10,1,0,-1,0,0.0,0.0,2025-Jan-29-17:22:36.785145
1.0123100324151464,15545,11,1,0,1,0,1.9000000000000001,0.0,2025-Jan-29-17:22:36.861471
1.2410870147976323,15546,22,1,0,-1,-1,0.0,0.0,2025-Jan-29-17:22:36.936995
0.7032548287490616,15547,0,1,0,0,0,0.0,0.0,2025-Jan-29-17:22:37.168483
1.0582554688129302,15548,0,1,1,0,0,0.0,0.0,2025-Jan-29-17:22:37.222077
1.1882472948363416,15549,8,1,0,0,0,0.0,0.0,2025-Jan-29-17:22:37.274944
1.1882472949161151,15550,14,1,0,0,0,0.0,0.0,2025-Jan-29-17:22:37.327214
0.7032548308487874,15551,0,1,0,0,-1,0.0,0.0,2025-Jan-29-17:22:37.378437
1.2032569102654214,15552,6,1,0,-1,0,0.0,0.0,2025-Jan-29-17:22:37.429805
0.7182821637487402,15553,2,1,0,0,0,0.0,0.0,2025-Jan-29-17:22:37.471124
1.5432479411559614,15554,4,1,1,-1,-1,0.0,0.0,2025-Jan-29-17:22:37.524270
0.7032548287490616,15555,0,1,0,0,0,0.0,0.0,2025-Jan-29-17:22:37.594288
1.5432479377968438,15556,5,1,1,0,-1,0.0,0.0,2025-Jan-29-17:22:37.670942
0.7032548308487874,15557,0,1,0,0,-1,0.0,0.0,2025-Jan-29-17:22:37.755207
0.7032548305854713,15558,1,1,0,-1,0,0.0,0.0,2025-Jan-29-17:22:37.808223
0.7487322891669068,15559,23,1,0,-1,0,0.0,0.0,2025-Jan-29-17:22:37.860882
1.5290679680881456,15560,8,1,1,0,1,0.0,0.1,2025-Jan-29-17:22:37.913533
0.7032548287490616,15561,0,1,0,0,0,0.0,0.0,2025-Jan-29-17:22:37.965960
0.7561023661056487,15562,21,1,0,-1,0,0.0,0.0,2025-Jan-29-17:22:38.019590
1.0582554688129302,15563,0,1,1,0,0,0.0,0.0,2025-Jan-29-17:22:38.072885
1.1882472803138964,15564,8,1,0,1,0,0.1,0.0,2025-Jan-29-17:22:38.123266
0.7032518165836577,15565,13,1,0,0,0,0.0,0.0,2025-Jan-29-17:22:38.175345
0.7032548287490616,15566,0,1,0,0,0,0.0,0.0,2025-Jan-29-17:22:38.227570
1.0582554688129302,15567,0,1,1,0,0,0.0,0.0,2025-Jan-29-17:22:38.279392
0.7032548287490616,15568,0,1,0,0,0,0.0,0.0,2025-Jan-29-17:22:38.332516
0.7032548287490616,15569,0,1,0,0,0,0.0,0.0,2025-Jan-29-17:22:38.384119
1.1882472949645337,15570,7,1,0,0,0,0.0,0.0,2025-Jan-29-17:22:38.436391
0.7182821666823194,15571,2,1,0,-1,0,0.0,0.0,2025-Jan-29-17:22:38.477549
0.7032548327823697,15572,0,1,0,-1,-1,0.0,0.0,2025-Jan-29-17:22:38.529932
1.058255470912656,15573,0,1,1,0,-1,0.0,0.0,2025-Jan-29-17:22:38.599661
1.5582575482556265,15574,6,1,1,0,0,0.0,0.0,2025-Jan-29-17:22:38.691379
0.7032548286518892,15575,1,1,0,0,0,0.0,0.0,2025-Jan-29-17:22:38.769512
1.1882472949645337,15576,7,1,0,0,0,0.0,0.0,2025-Jan-29-17:22:38.821649
1.1882472948363416,15577,8,1,0,0,0,0.0,0.0,2025-Jan-29-17:22:38.874054
0.7032548287490616,15578,0,1,0,0,0,0.0,0.0,2025-Jan-29-17:22:38.925810
0.7032548287490616,15579,0,1,0,0,0,0.0,0.0,2025-Jan-29-17:22:38.977453
0.7032548286518892,15580,1,1,0,0,0,0.0,0.0,2025-Jan-29-17:22:39.029420
0.7032548327823697,15581,0,1,0,-1,-1,0.0,0.0,2025-Jan-29-17:22:39.081318
0.7032548287490616,15582,0,1,0,0,0,0.0,0.0,2025-Jan-29-17:22:39.134221
0.7032548287490616,15583,0,1,0,0,0,0.0,0.0,2025-Jan-29-17:22:39.186875
1.5432479349059145,15584,5,1,1,0,0,0.0,0.0,2025-Jan-29-17:22:39.239141
0.7032548287490616,15585,0,1,0,0,0,0.0,0.0,2025-Jan-29-17:22:39.291184
1.0582554688129302,15586,0,1,1,0,0,0.0,0.0,2025-Jan-29-17:22:39.342877
0.7182821637487402,15587,2,1,0,0,0,0.0,0.0,2025-Jan-29-17:22:39.384210
1.1882472960016206,15588,7,1,0,-1,0,0.0,0.0,2025-Jan-29-17:22:39.436454
0.703254816511651,15589,0,1,0,1,0,0.1,0.0,2025-Jan-29-17:22:39.489858
1.203256908176808,15590,6,1,0,0,0,0.0,0.0,2025-Jan-29-17:22:39.541458
0.5423438177619394,15591,23,1,0,1,0,1.6,0.0,2025-Jan-29-17:22:39.631960
1.558257032257843,15592,22,1,1,0,1,0.0,0.7000000000000001,2025-Jan-29-17:22:39.726487
1.5582570463223062,15593,22,1,1,0,0,0.0,0.0,2025-Jan-29-17:22:39.800470
1.0582524446307704,15594,13,1,1,0,1,0.0,1.1,2025-Jan-29-17:22:39.852145
0.9319208783179889,15595,1,1,1,-1,1,0.0,1.3000000000000003,2025-Jan-29-17:22:39.939125
1.5582575503442397,15596,6,1,1,-1,0,0.0,0.0,2025-Jan-29-17:22:39.994842
1.1111007964391266,15597,23,1,1,-1,-1,0.0,0.0,2025-Jan-29-17:22:40.057399
0.7032548308487874,15598,0,1,0,0,-1,0.0,0.0,2025-Jan-29-17:22:40.117258
1.0732735771638882,15599,21,1,1,0,0,0.0,0.0,2025-Jan-29-17:22:40.163614
1.5432479411559614,15600,4,1,1,-1,-1,0.0,0.0,2025-Jan-29-17:22:40.221308
1.0165712108444156,15601,23,1,1,1,0,0.4,0.0,2025-Jan-29-17:22:40.266172
1.2908038949809248,15602,9,1,0,1,-1,0.7000000000000001,0.0,2025-Jan-29-17:22:40.346119
0.7710144849814135,15603,21,1,1,1,1,1.8000000000000003,1.7000000000000002,2025-Jan-29-17:22:40.446789
1.241089522048855,15604,20,1,0,-1,0,0.0,0.0,2025-Jan-29-17:22:40.534549
1.1111007799346275,15605,23,1,1,-1,1,0.0,0.8,2025-Jan-29-17:22:40.650476
1.2032591688378944,15606,20,1,0,0,0,0.0,0.0,2025-Jan-29-17:22:40.755515
1.543247919377877,15607,4,1,1,1,0,1.7000000000000002,0.0,2025-Jan-29-17:22:40.840930
0.9469352021227748,15608,21,1,1,0,1,0.0,1.7000000000000002,2025-Jan-29-17:22:40.921173
1.0582554549513077,15609,0,1,1,0,1,0.0,0.6,2025-Jan-29-17:22:40.982660
1.3823286583577654,15610,12,1,1,1,-1,1.7000000000000002,0.0,2025-Jan-29-17:22:41.066868
1.5432479411559614,15611,4,1,1,-1,-1,0.0,0.0,2025-Jan-29-17:22:41.128850
1.073282807030362,15612,2,1,1,0,-1,0.0,0.0,2025-Jan-29-17:22:41.177782
0.5481610840296278,15613,23,1,0,1,-1,1.2000000000000002,0.0,2025-Jan-29-17:22:41.226609
1.015687630009943,15614,15,1,1,0,1,0.0,0.30000000000000004,2025-Jan-29-17:22:41.284690
1.3673103736211645,15615,10,1,1,1,1,1.8000000000000003,1.6,2025-Jan-29-17:22:41.367887
1.5432479206381564,15616,5,1,1,1,0,0.1,0.0,2025-Jan-29-17:22:41.425010
1.0582554688129302,15617,0,1,1,0,0,0.0,0.0,2025-Jan-29-17:22:41.754831
1.1111007795556689,15618,23,1,1,-1,1,0.0,1.4000000000000001,2025-Jan-29-17:22:41.876886
1.382324818578706,15619,22,1,1,1,-1,1.8000000000000003,0.0,2025-Jan-29-17:22:41.959078
1.1608124689801373,15620,21,1,1,0,-1,0.0,0.0,2025-Jan-29-17:22:42.012622
1.5432479263829522,15621,4,1,1,-1,1,0.0,1.7000000000000002,2025-Jan-29-17:22:42.065427
1.558257521445876,15622,6,1,1,1,1,1.4000000000000001,1.3000000000000003,2025-Jan-29-17:22:42.120405
1.5432479349059145,15623,5,1,1,0,0,0.0,0.0,2025-Jan-29-17:22:42.173973
1.1882472949645337,15624,7,1,0,0,0,0.0,0.0,2025-Jan-29-17:22:42.226853
0.9848806271494736,15625,21,1,1,1,-1,1.8000000000000003,0.0,2025-Jan-29-17:22:42.308882
1.0732827912148974,15626,3,1,1,1,0,0.30000000000000004,0.0,2025-Jan-29-17:22:42.360201
1.1608124689801373,15627,21,1,1,0,-1,0.0,0.0,2025-Jan-29-17:22:42.414010
0.8973438340589359,15628,23,1,1,1,1,1.4000000000000001,1.0,2025-Jan-29-17:22:42.489972
1.5960876394137866,15629,22,1,1,-1,1,0.0,1.8000000000000003,2025-Jan-29-17:22:42.565569
1.0732827911530407,15630,2,1,1,1,0,0.1,0.0,2025-Jan-29-17:22:42.616761
1.0732711432420041,15631,23,1,1,0,0,0.0,0.0,2025-Jan-29-17:22:42.682421
1.5960876391684702,15632,22,1,1,-1,1,0.0,0.5,2025-Jan-29-17:22:42.803473
1.430673506165285,15633,22,1,1,1,-1,0.9,0.0,2025-Jan-29-17:22:42.873512
0.7182729370721538,15634,21,1,0,0,0,0.0,0.0,2025-Jan-29-17:22:42.914877
1.5960876548568501,15635,22,1,1,-1,-1,0.0,0.0,2025-Jan-29-17:22:42.989282
0.6473950761691493,15636,23,1,0,1,1,0.5,1.7000000000000002,2025-Jan-29-17:22:43.045853
1.4698689837021521,15637,20,1,1,1,-1,1.9000000000000001,0.0,2025-Jan-29-17:22:43.143972
1.5798939562119503,15638,11,1,1,-1,0,0.0,0.0,2025-Jan-29-17:22:43.221615
1.558257032954982,15639,22,1,1,0,1,0.0,0.1,2025-Jan-29-17:22:43.274306
1.0960830206785597,15640,13,1,1,-1,-1,0.0,0.0,2025-Jan-29-17:22:43.350346
0.5273184291001904,15641,18,1,0,1,0,1.3000000000000003,0.0,2025-Jan-29-17:22:43.426649
1.0047584107261496,15642,20,1,0,1,1,1.1,0.30000000000000004,2025-Jan-29-17:22:43.478688
1.5432479377484252,15643,11,1,1,0,-1,0.0,0.0,2025-Jan-29-17:22:43.532010
1.5148791680473805,15644,7,1,1,1,1,0.5,0.2,2025-Jan-29-17:22:43.598110
0.7032548286518892,15645,1,1,0,0,0,0.0,0.0,2025-Jan-29-17:22:43.683527
0.6332224085871853,15646,19,1,0,1,0,0.6,0.0,2025-Jan-29-17:22:43.755738
0.9873747936788104,15647,16,1,1,1,0,0.5,0.0,2025-Jan-29-17:22:43.830930
0.7032548287490616,15648,0,1,0,0,0,0.0,0.0,2025-Jan-29-17:22:43.883399
1.2032569081518871,15649,9,1,0,0,0,0.0,0.0,2025-Jan-29-17:22:43.936738
1.1882472948363416,15650,8,1,0,0,0,0.0,0.0,2025-Jan-29-17:22:43.989670
0.7032548286518892,15651,1,1,0,0,0,0.0,0.0,2025-Jan-29-17:22:44.041839
1.1835202997196423,15652,14,1,0,-1,1,0.0,0.30000000000000004,2025-Jan-29-17:22:44.118985
1.1882472948363416,15653,8,1,0,0,0,0.0,0.0,2025-Jan-29-17:22:44.171574
0.7368074535047114,15654,15,1,0,-1,0,0.0,0.0,2025-Jan-29-17:22:44.246457
1.6039825795008924,15655,17,1,1,0,-1,0.0,0.0,2025-Jan-29-17:22:44.298924
1.1882472949645337,15656,7,1,0,0,0,0.0,0.0,2025-Jan-29-17:22:44.351803
1.1882472949645337,15657,7,1,0,0,0,0.0,0.0,2025-Jan-29-17:22:44.404739
1.2032569081518871,15658,9,1,0,0,0,0.0,0.0,2025-Jan-29-17:22:44.456790
1.1882472948363416,15659,8,1,0,0,0,0.0,0.0,2025-Jan-29-17:22:44.509874
1.1882472949645337,15660,7,1,0,0,0,0.0,0.0,2025-Jan-29-17:22:44.586123
1.0732735771638882,15661,21,1,1,0,0,0.0,0.0,2025-Jan-29-17:22:44.656744
0.5769074075049321,15662,18,1,0,0,1,0.0,1.8000000000000003,2025-Jan-29-17:22:44.756943
1.1882472949645337,15663,7,1,0,0,0,0.0,0.0,2025-Jan-29-17:22:44.810867
1.1882472948240612,15664,5,1,0,0,0,0.0,0.0,2025-Jan-29-17:22:44.864453
1.5432479249828408,15665,11,1,1,0,1,0.0,1.2000000000000002,2025-Jan-29-17:22:44.918062
0.7182729370721538,15666,21,1,0,0,0,0.0,0.0,2025-Jan-29-17:22:44.960689
1.058255472846238,15667,0,1,1,-1,-1,0.0,0.0,2025-Jan-29-17:22:45.012452
0.5769226150553254,15668,15,1,0,0,1,0.0,0.9,2025-Jan-29-17:22:45.088440
0.7561023661056487,15669,21,1,0,-1,0,0.0,0.0,2025-Jan-29-17:22:45.143335
1.1111030089452605,15670,19,1,1,-1,-1,0.0,0.0,2025-Jan-29-17:22:45.198243
0.7032548287490616,15671,0,1,0,0,0,0.0,0.0,2025-Jan-29-17:22:45.252130
0.7032548287490616,15672,0,1,0,0,0,0.0,0.0,2025-Jan-29-17:22:45.305087
1.0960830201502407,15673,16,1,1,-1,-1,0.0,0.0,2025-Jan-29-17:22:45.380160
0.7032548286518892,15674,1,1,0,0,0,0.0,0.0,2025-Jan-29-17:22:45.431880
1.279061084743914,15675,17,1,0,-1,-1,0.0,0.0,2025-Jan-29-17:22:45.506753
1.5432479347321184,15676,10,1,1,0,0,0.0,0.0,2025-Jan-29-17:22:45.572652
1.2032564062589408,15677,22,1,0,0,0,0.0,0.0,2025-Jan-29-17:22:45.655731
1.4298378803300906,15678,10,1,1,1,1,0.8,0.8,2025-Jan-29-17:22:45.741751
0.7182821636027037,15679,3,1,0,0,0,0.0,0.0,2025-Jan-29-17:22:45.798825
0.7032518165836577,15680,13,1,0,0,0,0.0,0.0,2025-Jan-29-17:22:45.851352
1.0582524556889323,15681,15,1,1,0,0,0.0,0.0,2025-Jan-29-17:22:45.904358
1.1882472946247935,15682,4,1,0,0,0,0.0,0.0,2025-Jan-29-17:22:45.958136
1.2032564061623827,15683,24,1,0,0,0,0.0,0.0,2025-Jan-29-17:22:46.010848
1.2032569081518871,15684,9,1,0,0,0,0.0,0.0,2025-Jan-29-17:22:46.064079
1.0960830201502407,15685,16,1,1,-1,-1,0.0,0.0,2025-Jan-29-17:22:46.139494
0.5060290833704763,15686,18,1,0,1,1,0.5,1.9000000000000001,2025-Jan-29-17:22:46.215129
1.1882472801549764,15687,7,1,0,1,0,1.2000000000000002,0.0,2025-Jan-29-17:22:46.268089
0.7182821637487402,15688,2,1,0,0,0,0.0,0.0,2025-Jan-29-17:22:46.309366
1.0582524566575031,15689,16,1,1,0,0,0.0,0.0,2025-Jan-29-17:22:46.361647
1.6822961517898325,15690,24,1,1,-1,-1,0.0,0.0,2025-Jan-29-17:22:46.460266
0.5273187256044027,15691,18,1,0,1,0,1.4000000000000001,0.0,2025-Jan-29-17:22:46.536308
0.5060290833704763,15692,18,1,0,1,1,0.5,1.9000000000000001,2025-Jan-29-17:22:46.653236
1.0619100486744062,15693,14,1,0,0,1,0.0,1.1,2025-Jan-29-17:22:46.938782
1.061901561743895,15694,17,1,0,0,1,0.0,1.6,2025-Jan-29-17:22:47.016919
1.061901561116962,15695,14,1,0,0,1,0.0,1.6,2025-Jan-29-17:22:47.093408
0.843646600794894,15696,21,1,0,-1,-1,0.0,0.0,2025-Jan-29-17:22:47.159474
1.103814759402328,15697,24,1,0,0,1,0.0,0.7000000000000001,2025-Jan-29-17:22:47.212040
1.1882472947756426,15698,11,1,0,0,0,0.0,0.0,2025-Jan-29-17:22:47.265731
1.033548901652815,15699,14,1,0,1,1,0.2,1.7000000000000002,2025-Jan-29-17:22:47.341632
0.7032518031715003,15700,16,1,0,0,1,0.0,1.7000000000000002,2025-Jan-29-17:22:47.393475
1.241086998992257,15701,22,1,0,-1,1,0.0,0.8,2025-Jan-29-17:22:47.469288
1.5917969362681887,15702,12,1,1,-1,-1,0.0,0.0,2025-Jan-29-17:22:47.544558
0.6890723634276741,15703,18,1,0,0,1,0.0,0.1,2025-Jan-29-17:22:47.625410
1.2248933161499889,15704,17,1,0,-1,0,0.0,0.0,2025-Jan-29-17:22:47.743917
0.506890363171004,15705,21,1,0,1,1,0.6,1.4000000000000001,2025-Jan-29-17:22:47.822418
0.5769057247632919,15706,18,1,0,0,1,0.0,1.9000000000000001,2025-Jan-29-17:22:47.896992
0.7032518165899636,15707,16,1,0,0,0,0.0,0.0,2025-Jan-29-17:22:47.948432
0.9469335261363033,15708,21,1,1,0,1,0.0,1.8000000000000003,2025-Jan-29-17:22:48.016991
1.203259160309437,15709,12,1,0,0,1,0.0,1.5000000000000002,2025-Jan-29-17:22:48.069683
1.4547344217351572,15710,17,1,1,-1,1,0.0,1.8000000000000003,2025-Jan-29-17:22:48.167577
0.7182729241253188,15711,19,1,0,0,1,0.0,1.8000000000000003,2025-Jan-29-17:22:48.219731
0.5769057247632919,15712,18,1,0,0,1,0.0,1.9000000000000001,2025-Jan-29-17:22:48.294336
0.576914152672721,15713,18,1,0,0,1,0.0,1.4000000000000001,2025-Jan-29-17:22:48.368364
0.7032518047437686,15714,16,1,0,0,1,0.0,1.1,2025-Jan-29-17:22:48.420131
0.5769057247632919,15715,18,1,0,0,1,0.0,1.9000000000000001,2025-Jan-29-17:22:48.494960
1.2032591688378944,15716,20,1,0,0,0,0.0,0.0,2025-Jan-29-17:22:48.546363
1.2367962962853813,15717,12,1,0,-1,-1,0.0,0.0,2025-Jan-29-17:22:48.665535
0.9456917828344594,15718,23,1,1,1,1,0.9,0.4,2025-Jan-29-17:22:48.751312
0.5898451883974858,15719,16,1,0,1,1,0.8,0.30000000000000004,2025-Jan-29-17:22:48.808371
1.5432479348176518,15720,17,1,1,0,0,0.0,0.0,2025-Jan-29-17:22:48.861438
1.0756113412842343,15721,20,1,0,1,1,0.5,0.4,2025-Jan-29-17:22:48.913809
1.2032569081518871,15722,9,1,0,0,0,0.0,0.0,2025-Jan-29-17:22:48.965258
1.2032591688378944,15723,20,1,0,0,0,0.0,0.0,2025-Jan-29-17:22:49.016868
1.1040261470088772,15724,22,1,0,1,-1,0.7000000000000001,0.0,2025-Jan-29-17:22:49.068533
0.6322663311524015,15725,18,1,0,0,1,0.0,0.5,2025-Jan-29-17:22:49.120188
1.0052005445609773,15726,14,1,0,1,1,0.4,1.5000000000000002,2025-Jan-29-17:22:49.196697
0.7182729248747517,15727,19,1,0,0,1,0.0,1.9000000000000001,2025-Jan-29-17:22:49.247460
1.4722599131069147,15728,17,1,1,0,1,0.0,0.5,2025-Jan-29-17:22:49.300225
1.1882472948240612,15729,5,1,0,0,0,0.0,0.0,2025-Jan-29-17:22:49.354517
0.6615733673234381,15730,19,1,0,1,1,0.4,1.9000000000000001,2025-Jan-29-17:22:49.406696
1.016574007856738,15731,19,1,1,1,1,0.4,0.6,2025-Jan-29-17:22:49.457510
1.0060446571236552,15732,20,1,0,1,1,0.5,1.4000000000000001,2025-Jan-29-17:22:49.533584
1.2032564062589408,15733,22,1,0,0,0,0.0,0.0,2025-Jan-29-17:22:49.597461
1.2032568992275656,15734,6,1,0,1,-1,0.2,0.0,2025-Jan-29-17:22:49.691832
1.0732735800408597,15735,19,1,1,0,-1,0.0,0.0,2025-Jan-29-17:22:49.759929
0.5060290833704763,15736,18,1,0,1,1,0.5,1.9000000000000001,2025-Jan-29-17:22:49.835027
0.991020997457155,15737,17,1,0,1,1,0.5,1.7000000000000002,2025-Jan-29-17:22:49.909983
0.7182821636027037,15738,3,1,0,0,0,0.0,0.0,2025-Jan-29-17:22:49.950630
1.0618981763364475,15739,17,1,0,0,1,0.0,1.8000000000000003,2025-Jan-29-17:22:50.025324
1.0732735771638882,15740,21,1,1,0,0,0.0,0.0,2025-Jan-29-17:22:50.067239
1.5432479377968438,15741,5,1,1,0,-1,0.0,0.0,2025-Jan-29-17:22:50.121977
1.5432479349059145,15742,5,1,1,0,0,0.0,0.0,2025-Jan-29-17:22:50.173809
1.5432479210827221,15743,8,1,1,1,0,1.2000000000000002,0.0,2025-Jan-29-17:22:50.227999
1.2260787269075122,15744,10,1,0,-1,0,0.0,0.0,2025-Jan-29-17:22:50.310150
1.0273230009278367,15745,22,1,0,1,0,1.4000000000000001,0.0,2025-Jan-29-17:22:50.385660
0.9469573624444324,15746,3,1,1,0,1,0.0,1.1,2025-Jan-29-17:22:50.455681
1.1598785426301905,15747,7,1,0,0,1,0.0,0.2,2025-Jan-29-17:22:50.513728
0.897344138695689,15748,23,1,1,1,1,1.5000000000000002,1.8000000000000003,2025-Jan-29-17:22:50.631119
1.5582575482120697,15749,9,1,1,0,0,0.0,0.0,2025-Jan-29-17:22:50.709196
1.5582575482556265,15750,6,1,1,0,0,0.0,0.0,2025-Jan-29-17:22:50.783589
1.382324802524474,15751,22,1,1,1,1,1.8000000000000003,1.8000000000000003,2025-Jan-29-17:22:50.868128
1.2032569081518871,15752,9,1,0,0,0,0.0,0.0,2025-Jan-29-17:22:50.930890
1.5432479359430014,15753,5,1,1,-1,0,0.0,0.0,2025-Jan-29-17:22:50.987025
1.4168971258425112,15754,8,1,1,0,1,0.0,1.9000000000000001,2025-Jan-29-17:22:51.073885
0.7182821637487402,15755,2,1,0,0,0,0.0,0.0,2025-Jan-29-17:22:51.122625
1.5432479349059145,15756,5,1,1,0,0,0.0,0.0,2025-Jan-29-17:22:51.183938
1.6039825804238093,15757,7,1,1,-1,-1,0.0,0.0,2025-Jan-29-17:22:51.240476
0.7182821666823194,15758,2,1,0,-1,0,0.0,0.0,2025-Jan-29-17:22:51.283823
1.2410870127559925,15759,24,1,0,-1,0,0.0,0.0,2025-Jan-29-17:22:51.364485
0.8823199479309972,15760,16,1,1,1,1,1.6,1.7000000000000002,2025-Jan-29-17:22:51.446957
1.543247935817624,15761,4,1,1,-1,0,0.0,0.0,2025-Jan-29-17:22:51.509298
1.5432479359430014,15762,5,1,1,-1,0,0.0,0.0,2025-Jan-29-17:22:51.600386
1.0582554688129302,15763,0,1,1,0,0,0.0,0.0,2025-Jan-29-17:22:51.702416
1.5432479359287443,15764,7,1,1,-1,0,0.0,0.0,2025-Jan-29-17:22:51.795007
1.543247934780537,15765,4,1,1,0,0,0.0,0.0,2025-Jan-29-17:22:51.850793
1.073282793417186,15766,2,1,1,-1,1,0.0,1.0,2025-Jan-29-17:22:51.906175
1.325284397684237,15767,24,1,0,-1,-1,0.0,0.0,2025-Jan-29-17:22:52.008768
1.5432479200741587,15768,8,1,1,1,0,1.0,0.0,2025-Jan-29-17:22:52.068105
1.5432479348916575,15769,7,1,1,0,0,0.0,0.0,2025-Jan-29-17:22:52.364646
1.1882472946247935,15770,4,1,0,0,0,0.0,0.0,2025-Jan-29-17:22:52.422618
0.897344751234295,15771,23,1,1,1,1,1.7000000000000002,1.6,2025-Jan-29-17:22:52.502025
0.8973444452564324,15772,23,1,1,1,1,1.6,1.2000000000000002,2025-Jan-29-17:22:52.604361
1.1882472949645337,15773,7,1,0,0,0,0.0,0.0,2025-Jan-29-17:22:52.694798
1.3823242136849887,15774,22,1,1,1,1,1.6,1.7000000000000002,2025-Jan-29-17:22:52.812676
1.5432479359430014,15775,5,1,1,-1,0,0.0,0.0,2025-Jan-29-17:22:52.870643
1.5582575482120697,15776,9,1,1,0,0,0.0,0.0,2025-Jan-29-17:22:52.926153
1.543247935817624,15777,4,1,1,-1,0,0.0,0.0,2025-Jan-29-17:22:52.982228
0.7032548287490616,15778,0,1,0,0,0,0.0,0.0,2025-Jan-29-17:22:53.038008
1.255989593659205,15779,20,1,1,1,1,1.5000000000000002,1.6,2025-Jan-29-17:22:53.141569
1.543247934780537,15780,4,1,1,0,0,0.0,0.0,2025-Jan-29-17:22:53.198128
1.1882472946247935,15781,4,1,0,0,0,0.0,0.0,2025-Jan-29-17:22:53.255058
1.0732828038461912,15782,2,1,1,0,0,0.0,0.0,2025-Jan-29-17:22:53.299606
1.0582554418394396,15783,0,1,1,1,1,1.6,1.4000000000000001,2025-Jan-29-17:22:53.356278
0.7182821535991242,15784,2,1,0,-1,1,0.0,1.6,2025-Jan-29-17:22:53.411416
1.1882472956618804,15785,4,1,0,-1,0,0.0,0.0,2025-Jan-29-17:22:53.467390
1.5432479349059145,15786,5,1,1,0,0,0.0,0.0,2025-Jan-29-17:22:53.523248
1.5582575482556265,15787,6,1,1,0,0,0.0,0.0,2025-Jan-29-17:22:53.596449
1.6836406985647965,15788,20,1,1,-1,-1,0.0,0.0,2025-Jan-29-17:22:53.752954
1.2489819411615124,15789,7,1,0,-1,-1,0.0,0.0,2025-Jan-29-17:22:53.826860
0.7182821666823194,15790,2,1,0,-1,0,0.0,0.0,2025-Jan-29-17:22:53.871474
0.7182821637487402,15791,2,1,0,0,0,0.0,0.0,2025-Jan-29-17:22:53.917054
0.9882200474757868,15792,25,1,1,1,0,0.6,0.0,2025-Jan-29-17:22:53.961842
0.7032548287490616,15793,0,1,0,0,0,0.0,0.0,2025-Jan-29-17:22:54.017276
1.2032569102405002,15794,9,1,0,-1,0,0.0,0.0,2025-Jan-29-17:22:54.072556
1.0614959238986614,15795,22,1,0,1,0,1.0,0.0,2025-Jan-29-17:22:54.127477
1.0614997474746226,15796,12,1,0,1,1,1.0,0.8,2025-Jan-29-17:22:54.183956
0.7032548308487874,15797,0,1,0,0,-1,0.0,0.0,2025-Jan-29-17:22:54.239947
1.0582554688129302,15798,0,1,1,0,0,0.0,0.0,2025-Jan-29-17:22:54.295205
1.3823289533983223,15799,12,1,1,1,0,1.8000000000000003,0.0,2025-Jan-29-17:22:54.375029
1.5432479348916575,15800,7,1,1,0,0,0.0,0.0,2025-Jan-29-17:22:54.429947
1.1458010749686394,15801,1,1,1,0,-1,0.0,0.0,2025-Jan-29-17:22:54.507187
1.1882472948363416,15802,8,1,0,0,0,0.0,0.0,2025-Jan-29-17:22:54.573638
0.7182729372290622,15803,19,1,0,0,0,0.0,0.0,2025-Jan-29-17:22:54.647201
1.5582575482120697,15804,9,1,1,0,0,0.0,0.0,2025-Jan-29-17:22:54.727745
1.1882472854318942,15805,5,1,0,0,1,0.0,0.7000000000000001,2025-Jan-29-17:22:54.802674
0.7032548286518892,15806,1,1,0,0,0,0.0,0.0,2025-Jan-29-17:22:54.855212
1.0732828066337339,15807,3,1,1,-1,0,0.0,0.0,2025-Jan-29-17:22:54.897072
1.2367962926340237,15808,12,1,0,-1,0,0.0,0.0,2025-Jan-29-17:22:54.972768
1.075672863401533,15809,24,1,0,1,0,0.9,0.0,2025-Jan-29-17:22:55.025199
0.6188461895808319,15810,3,1,0,1,1,1.5000000000000002,0.7000000000000001,2025-Jan-29-17:22:55.077469
1.5432479348916575,15811,7,1,1,0,0,0.0,0.0,2025-Jan-29-17:22:55.130016
0.7032548287490616,15812,0,1,0,0,0,0.0,0.0,2025-Jan-29-17:22:55.182195
1.0732735642414735,15813,19,1,1,0,1,0.0,1.6,2025-Jan-29-17:22:55.234425
1.430677231479574,15814,12,1,1,1,-1,0.9,0.0,2025-Jan-29-17:22:55.287241
1.0582554687157577,15815,1,1,1,0,0,0.0,0.0,2025-Jan-29-17:22:55.339554
0.7032548287490616,15816,0,1,0,0,0,0.0,0.0,2025-Jan-29-17:22:55.391706
0.7182821637487402,15817,2,1,0,0,0,0.0,0.0,2025-Jan-29-17:22:55.432956
1.1882472946247935,15818,4,1,0,0,0,0.0,0.0,2025-Jan-29-17:22:55.485607
1.0732828038461912,15819,2,1,1,0,0,0.0,0.0,2025-Jan-29-17:22:55.526804
0.7032548287490616,15820,0,1,0,0,0,0.0,0.0,2025-Jan-29-17:22:55.599784
0.8973447514017009,15821,23,1,1,1,1,1.7000000000000002,1.3000000000000003,2025-Jan-29-17:22:55.712547
0.897347485794151,15822,19,1,1,1,1,1.4000000000000001,0.8,2025-Jan-29-17:22:55.808861
0.7032548287490616,15823,0,1,0,0,0,0.0,0.0,2025-Jan-29-17:22:55.862592
0.7032548286518892,15824,1,1,0,0,0,0.0,0.0,2025-Jan-29-17:22:55.914182
1.543247934780537,15825,4,1,1,0,0,0.0,0.0,2025-Jan-29-17:22:55.966686
0.7182821637487402,15826,2,1,0,0,0,0.0,0.0,2025-Jan-29-17:22:56.008193
1.5432479359287443,15827,7,1,1,-1,0,0.0,0.0,2025-Jan-29-17:22:56.060089
1.203256908176808,15828,6,1,0,0,0,0.0,0.0,2025-Jan-29-17:22:56.112099
0.7032548287490616,15829,0,1,0,0,0,0.0,0.0,2025-Jan-29-17:22:56.163988
0.7032548160259531,15830,0,1,0,1,0,1.5000000000000002,0.0,2025-Jan-29-17:22:56.216659
1.1882472948240612,15831,5,1,0,0,0,0.0,0.0,2025-Jan-29-17:22:56.270793
1.2260787271081437,15832,14,1,0,-1,0,0.0,0.0,2025-Jan-29-17:22:56.346430
1.5810793670700924,15833,14,1,1,-1,0,0.0,0.0,2025-Jan-29-17:22:56.421326
1.2260787169693577,15834,10,1,0,-1,1,0.0,1.2000000000000002,2025-Jan-29-17:22:56.496933
0.7908004349144597,15835,1,1,0,0,-1,0.0,0.0,2025-Jan-29-17:22:56.591377
0.5273199176731277,15836,18,1,0,1,0,1.8000000000000003,0.0,2025-Jan-29-17:22:56.697514
1.4590302888224942,15837,12,1,1,1,0,0.7000000000000001,0.0,2025-Jan-29-17:22:56.942686
1.2032569081518871,15838,9,1,0,0,0,0.0,0.0,2025-Jan-29-17:22:56.995693
0.8058190942097962,15839,3,1,0,-1,-1,0.0,0.0,2025-Jan-29-17:22:57.050714
1.1882472949161151,15840,14,1,0,0,0,0.0,0.0,2025-Jan-29-17:22:57.103806
1.5432479401188743,15841,4,1,1,0,-1,0.0,0.0,2025-Jan-29-17:22:57.157712
1.5432479377484252,15842,11,1,1,0,-1,0.0,0.0,2025-Jan-29-17:22:57.210948
1.188247294787923,15843,17,1,0,0,0,0.0,0.0,2025-Jan-29-17:22:57.264354
1.0606601195460543,15844,14,1,0,1,0,0.9,0.0,2025-Jan-29-17:22:57.318048
0.6190466112392574,15845,19,1,0,1,1,0.7000000000000001,1.7000000000000002,2025-Jan-29-17:22:57.369791
1.4169072897294481,15846,7,1,1,0,1,0.0,1.3000000000000003,2025-Jan-29-17:22:57.445381
1.0060396001493377,15847,20,1,0,1,1,0.5,1.7000000000000002,2025-Jan-29-17:22:57.521374
1.0619134531170606,15848,14,1,0,0,1,0.0,0.9,2025-Jan-29-17:22:57.613676
1.1056776866852613,15849,14,1,0,1,-1,1.2000000000000002,0.0,2025-Jan-29-17:22:57.731152
1.5582575482120697,15850,9,1,1,0,0,0.0,0.0,2025-Jan-29-17:22:57.794554
1.4589632937137262,15851,20,1,1,1,1,0.30000000000000004,0.4,2025-Jan-29-17:22:57.857390
0.6465500662701782,15852,13,1,0,1,1,0.4,0.8,2025-Jan-29-17:22:57.910901
0.7182729372290622,15853,19,1,0,0,0,0.0,0.0,2025-Jan-29-17:22:57.952981
1.073282807030362,15854,2,1,1,0,-1,0.0,0.0,2025-Jan-29-17:22:57.995890
1.5432479377968438,15855,5,1,1,0,-1,0.0,0.0,2025-Jan-29-17:22:58.052076
1.645804534944323,15856,9,1,1,1,-1,1.7000000000000002,0.0,2025-Jan-29-17:22:58.132006
0.7182704897844568,15857,23,1,0,0,1,0.0,0.1,2025-Jan-29-17:22:58.187206
0.6323741416252335,15858,16,1,0,1,1,0.5,1.6,2025-Jan-29-17:22:58.243563
0.7032518045843748,15859,16,1,0,0,1,0.0,1.0,2025-Jan-29-17:22:58.300019
0.5898451878297886,15860,13,1,0,1,1,0.8,1.4000000000000001,2025-Jan-29-17:22:58.356386
1.1598959449249717,15861,11,1,0,1,-1,0.2,0.0,2025-Jan-29-17:22:58.412705
0.5060290833704763,15862,18,1,0,1,1,0.5,1.9000000000000001,2025-Jan-29-17:22:58.492081
1.1147508583057917,15863,20,1,0,-1,1,0.0,1.9000000000000001,2025-Jan-29-17:22:58.622998
1.5582575482120697,15864,9,1,1,0,0,0.0,0.0,2025-Jan-29-17:22:58.724154
0.7032548287490616,15865,0,1,0,0,0,0.0,0.0,2025-Jan-29-17:22:58.804175
1.1882472947756426,15866,11,1,0,0,0,0.0,0.0,2025-Jan-29-17:22:58.860856
0.7561001531834526,15867,25,1,0,-1,0,0.0,0.0,2025-Jan-29-17:22:58.918478
1.061899868326436,15868,17,1,0,0,1,0.0,1.7000000000000002,2025-Jan-29-17:22:58.998316
1.0618998697491042,15869,7,1,0,-1,1,0.0,1.7000000000000002,2025-Jan-29-17:22:59.078924
1.0732828037001547,15870,3,1,1,0,0,0.0,0.0,2025-Jan-29-17:22:59.123743
0.5060290833704763,15871,18,1,0,1,1,0.5,1.9000000000000001,2025-Jan-29-17:22:59.202828
0.9872669712204136,15872,18,1,1,0,1,0.0,0.5,2025-Jan-29-17:22:59.258578
0.974047263626283,15873,19,1,1,1,0,0.7000000000000001,0.0,2025-Jan-29-17:22:59.303501
1.1882472860094087,15874,5,1,0,0,1,0.0,0.30000000000000004,2025-Jan-29-17:22:59.359978
1.0328752516483106,15875,20,1,0,1,1,0.4,0.8,2025-Jan-29-17:22:59.415830
1.2032568939684745,15876,9,1,0,1,0,1.7000000000000002,0.0,2025-Jan-29-17:22:59.471257
1.103817249592224,15877,20,1,0,0,1,0.0,0.7000000000000001,2025-Jan-29-17:22:59.527113
1.203256908176808,15878,6,1,0,0,0,0.0,0.0,2025-Jan-29-17:22:59.596445
0.6338997842214361,15879,21,1,0,-1,1,0.0,0.8,2025-Jan-29-17:22:59.699904
1.0582524438821848,15880,13,1,1,0,1,0.0,1.6,2025-Jan-29-17:22:59.791726
1.5928391900478296,15881,17,1,1,1,-1,0.1,0.0,2025-Jan-29-17:22:59.843677
0.718270503145516,15882,23,1,0,0,0,0.0,0.0,2025-Jan-29-17:22:59.888283
1.515694778515694,15883,20,1,1,0,1,0.0,0.30000000000000004,2025-Jan-29-17:22:59.944488
1.4319122473216166,15884,24,1,1,0,1,0.0,1.8000000000000003,2025-Jan-29-17:23:00.024937
1.2908039091728067,15885,9,1,0,0,-1,0.0,0.0,2025-Jan-29-17:23:00.104845
0.5273202172351048,15886,18,1,0,1,0,1.9000000000000001,0.0,2025-Jan-29-17:23:00.186327
1.2032563924503987,15887,22,1,0,0,1,0.0,0.4,2025-Jan-29-17:23:00.243099
0.5769134891163512,15888,1,1,0,0,1,0.0,1.7000000000000002,2025-Jan-29-17:23:00.323885
0.5060307643658726,15889,18,1,0,1,1,0.5,1.8000000000000003,2025-Jan-29-17:23:00.405872
1.5432479359031575,15890,8,1,1,-1,0,0.0,0.0,2025-Jan-29-17:23:00.462434
1.444850230086858,15891,22,1,1,1,1,0.8,1.6,2025-Jan-29-17:23:00.521435
0.7032548308487874,15892,0,1,0,0,-1,0.0,0.0,2025-Jan-29-17:23:00.599562
1.2559835494751859,15893,24,1,1,1,1,1.7000000000000002,1.8000000000000003,2025-Jan-29-17:23:01.005605
1.5432479400704557,15894,10,1,1,0,-1,0.0,0.0,2025-Jan-29-17:23:01.090519
1.5432479349059145,15895,5,1,1,0,0,0.0,0.0,2025-Jan-29-17:23:01.149740
1.1040296486671168,15896,20,1,0,1,0,0.7000000000000001,0.0,2025-Jan-29-17:23:01.207927
0.8973447640947397,15897,25,1,1,1,0,1.7000000000000002,0.0,2025-Jan-29-17:23:01.288878
0.7032548287490616,15898,0,1,0,0,0,0.0,0.0,2025-Jan-29-17:23:01.346383
1.5582575482120697,15899,9,1,1,0,0,0.0,0.0,2025-Jan-29-17:23:01.406189
0.9626663976583133,15900,17,1,0,1,1,0.7000000000000001,1.8000000000000003,2025-Jan-29-17:23:01.493935
0.7040958208332435,15901,23,1,0,1,0,0.1,0.0,2025-Jan-29-17:23:01.545369
1.543247934857496,15902,11,1,1,0,0,0.0,0.0,2025-Jan-29-17:23:01.661894
1.5432479411559614,15903,4,1,1,-1,-1,0.0,0.0,2025-Jan-29-17:23:01.763830
1.2410870128463722,15904,22,1,0,-1,0,0.0,0.0,2025-Jan-29-17:23:01.868312
1.2410869989076112,15905,22,1,0,-1,1,0.0,1.4000000000000001,2025-Jan-29-17:23:01.955668
1.0732711298250703,15906,23,1,1,0,1,0.0,1.3000000000000003,2025-Jan-29-17:23:02.016174
1.0582554687157577,15907,1,1,1,0,0,0.0,0.0,2025-Jan-29-17:23:02.075825
1.5432479348660704,15908,8,1,1,0,0,0.0,0.0,2025-Jan-29-17:23:02.136342
1.5432479348660704,15909,8,1,1,0,0,0.0,0.0,2025-Jan-29-17:23:02.195954
1.543247934857496,15910,11,1,1,0,0,0.0,0.0,2025-Jan-29-17:23:02.253519
0.7032518165836577,15911,13,1,0,0,0,0.0,0.0,2025-Jan-29-17:23:02.310057
1.5432479349059145,15912,5,1,1,0,0,0.0,0.0,2025-Jan-29-17:23:02.368321
1.1148642666330273,15913,24,1,0,1,-1,1.3000000000000003,0.0,2025-Jan-29-17:23:02.475530
1.1882472947756426,15914,11,1,0,0,0,0.0,0.0,2025-Jan-29-17:23:02.533355
1.4023061419807394,15915,24,1,1,1,1,0.9,0.2,2025-Jan-29-17:23:02.600205
1.2559853574045192,15916,24,1,1,1,1,1.4000000000000001,1.6,2025-Jan-29-17:23:02.753372
1.3881420698156028,15917,22,1,1,1,1,1.2000000000000002,1.7000000000000002,2025-Jan-29-17:23:02.828069
1.5432479359287443,15918,7,1,1,-1,0,0.0,0.0,2025-Jan-29-17:23:02.884786
1.5432479348176518,15919,17,1,1,0,0,0.0,0.0,2025-Jan-29-17:23:02.941176
1.0757563449791854,15920,25,1,1,1,-1,0.6,0.0,2025-Jan-29-17:23:02.997986
1.5432479349059145,15921,5,1,1,0,0,0.0,0.0,2025-Jan-29-17:23:03.054705
0.7032548286518892,15922,1,1,0,0,0,0.0,0.0,2025-Jan-29-17:23:03.110514
0.6297812468287491,15923,25,1,0,-1,1,0.0,0.9,2025-Jan-29-17:23:03.197366
0.8973450578114038,15924,23,1,1,1,1,1.8000000000000003,1.8000000000000003,2025-Jan-29-17:23:03.277163
1.543247934780537,15925,4,1,1,0,0,0.0,0.0,2025-Jan-29-17:23:03.332831
1.402319410263889,15926,22,1,1,1,1,1.1,1.2000000000000002,2025-Jan-29-17:23:03.388817
1.543247934780537,15927,4,1,1,0,0,0.0,0.0,2025-Jan-29-17:23:03.445037
1.2559963789995878,15928,24,1,1,1,1,1.5000000000000002,1.0,2025-Jan-29-17:23:03.564429
1.0732828038461912,15929,2,1,1,0,0,0.0,0.0,2025-Jan-29-17:23:03.641450
0.9469327804567094,15930,25,1,1,0,1,0.0,1.7000000000000002,2025-Jan-29-17:23:03.767869
1.402173752717378,15931,20,1,1,1,1,0.5,0.6,2025-Jan-29-17:23:03.840754
0.9319225685159506,15932,1,1,1,-1,1,0.0,1.2000000000000002,2025-Jan-29-17:23:03.920296
0.7182705030005031,15933,25,1,0,0,0,0.0,0.0,2025-Jan-29-17:23:03.964417
1.2032564062589408,15934,22,1,0,0,0,0.0,0.0,2025-Jan-29-17:23:04.020220
0.8973450714152632,15935,23,1,1,1,0,1.8000000000000003,0.0,2025-Jan-29-17:23:04.094023
1.5582575389525601,15936,6,1,1,0,1,0.0,1.9000000000000001,2025-Jan-29-17:23:04.149183
1.0732828067797704,15937,2,1,1,-1,0,0.0,0.0,2025-Jan-29-17:23:04.194639
0.9882200476353209,15938,23,1,1,1,0,0.6,0.0,2025-Jan-29-17:23:04.239401
1.5582575482556265,15939,6,1,1,0,0,0.0,0.0,2025-Jan-29-17:23:04.294655
1.0732735771638882,15940,21,1,1,0,0,0.0,0.0,2025-Jan-29-17:23:04.339147
0.7182821637487402,15941,2,1,0,0,0,0.0,0.0,2025-Jan-29-17:23:04.384417
1.1882472820681906,15942,4,1,0,0,1,0.0,1.5000000000000002,2025-Jan-29-17:23:04.440369
1.1882472735096263,15943,4,1,0,1,1,0.5,0.4,2025-Jan-29-17:23:04.497840
1.015687630009943,15944,15,1,1,0,1,0.0,0.30000000000000004,2025-Jan-29-17:23:04.575166
0.7032548308487874,15945,0,1,0,0,-1,0.0,0.0,2025-Jan-29-17:23:04.660796
1.279061084743914,15946,17,1,0,-1,-1,0.0,0.0,2025-Jan-29-17:23:04.783172
0.7032518165899636,15947,16,1,0,0,0,0.0,0.0,2025-Jan-29-17:23:04.844774
1.1882472946247935,15948,4,1,0,0,0,0.0,0.0,2025-Jan-29-17:23:04.901605
1.4547380016551161,15949,14,1,1,-1,1,0.0,1.6,2025-Jan-29-17:23:05.005770
1.4169005082296724,15950,7,1,1,0,1,0.0,1.7000000000000002,2025-Jan-29-17:23:05.085988
1.5582598088982227,15951,20,1,1,0,0,0.0,0.0,2025-Jan-29-17:23:05.142458
1.5582575482120697,15952,9,1,1,0,0,0.0,0.0,2025-Jan-29-17:23:05.198064
1.073282809963941,15953,2,1,1,-1,-1,0.0,0.0,2025-Jan-29-17:23:05.243332
1.1882472956618804,15954,4,1,0,-1,0,0.0,0.0,2025-Jan-29-17:23:05.300032
0.7032548287490616,15955,0,1,0,0,0,0.0,0.0,2025-Jan-29-17:23:05.355972
0.7032548306826437,15956,0,1,0,-1,0,0.0,0.0,2025-Jan-29-17:23:05.411758
0.7032548287490616,15957,0,1,0,0,0,0.0,0.0,2025-Jan-29-17:23:05.468352
1.2609707070392442,15958,14,1,1,1,1,1.1,1.1,2025-Jan-29-17:23:05.552090
1.0732735773183826,15959,19,1,1,0,0,0.0,0.0,2025-Jan-29-17:23:05.858323
0.7032548306826437,15960,0,1,0,-1,0,0.0,0.0,2025-Jan-29-17:23:05.953930
1.2032564062589408,15961,22,1,0,0,0,0.0,0.0,2025-Jan-29-17:23:06.027972
1.1606918711287677,15962,9,1,0,0,1,0.0,0.30000000000000004,2025-Jan-29-17:23:06.080858
1.0582524556889323,15963,15,1,1,0,0,0.0,0.0,2025-Jan-29-17:23:06.134665
0.7032548286518892,15964,1,1,0,0,0,0.0,0.0,2025-Jan-29-17:23:06.186543
1.3453482875647804,15965,20,1,1,1,1,0.7000000000000001,0.8,2025-Jan-29-17:23:06.238580
0.7182821535991242,15966,2,1,0,-1,1,0.0,1.6,2025-Jan-29-17:23:06.290716
1.0582554687157577,15967,1,1,1,0,0,0.0,0.0,2025-Jan-29-17:23:06.343547
0.7057423486820205,15968,18,1,0,1,-1,0.6,0.0,2025-Jan-29-17:23:06.417975
1.0582524566575031,15969,16,1,1,0,0,0.0,0.0,2025-Jan-29-17:23:06.469998
1.5432479348176518,15970,17,1,1,0,0,0.0,0.0,2025-Jan-29-17:23:06.521864
0.7032548159255179,15971,0,1,0,1,0,0.5,0.0,2025-Jan-29-17:23:06.595620
0.7032548287490616,15972,0,1,0,0,0,0.0,0.0,2025-Jan-29-17:23:06.681927
0.7182821535991242,15973,2,1,0,-1,1,0.0,1.6,2025-Jan-29-17:23:06.762637
1.1882472948240612,15974,5,1,0,0,0,0.0,0.0,2025-Jan-29-17:23:06.816703
0.7182821637487402,15975,2,1,0,0,0,0.0,0.0,2025-Jan-29-17:23:06.865810
0.5423441279937917,15976,23,1,0,1,-1,1.7000000000000002,0.0,2025-Jan-29-17:23:06.937339
1.0582554688129302,15977,0,1,1,0,0,0.0,0.0,2025-Jan-29-17:23:06.989118
1.058252456597701,15978,13,1,1,0,0,0.0,0.0,2025-Jan-29-17:23:07.042134
0.7032518199523472,15979,13,1,0,0,-1,0.0,0.0,2025-Jan-29-17:23:07.093731
1.4169038966438285,15980,8,1,1,0,1,0.0,1.5000000000000002,2025-Jan-29-17:23:07.170982
1.1882472947756426,15981,11,1,0,0,0,0.0,0.0,2025-Jan-29-17:23:07.223265
1.5432479348432389,15982,14,1,1,0,0,0.0,0.0,2025-Jan-29-17:23:07.276730
1.2032564061623827,15983,24,1,0,0,0,0.0,0.0,2025-Jan-29-17:23:07.329754
1.5007206158428925,15984,11,1,1,1,0,0.30000000000000004,0.0,2025-Jan-29-17:23:07.382090
1.2032564062589408,15985,22,1,0,0,0,0.0,0.0,2025-Jan-29-17:23:07.434234
1.4169005081598787,15986,14,1,1,0,1,0.0,1.7000000000000002,2025-Jan-29-17:23:07.509803
1.0732827939875036,15987,2,1,1,1,-1,1.8000000000000003,0.0,2025-Jan-29-17:23:07.580505
1.591796932501842,15988,20,1,1,-1,0,0.0,0.0,2025-Jan-29-17:23:07.692049
1.0582554688129302,15989,0,1,1,0,0,0.0,0.0,2025-Jan-29-17:23:07.766736
1.2032591688841716,15990,12,1,0,0,0,0.0,0.0,2025-Jan-29-17:23:07.819922
0.5769057247632919,15991,18,1,0,0,1,0.0,1.9000000000000001,2025-Jan-29-17:23:07.894489
1.0732827904417326,15992,2,1,1,0,1,0.0,1.3000000000000003,2025-Jan-29-17:23:07.947447
1.0732711297380937,15993,23,1,1,0,1,0.0,1.5000000000000002,2025-Jan-29-17:23:07.999797
1.4035648849499751,15994,20,1,1,1,1,0.2,1.8000000000000003,2025-Jan-29-17:23:08.077402
1.0732735773183826,15995,19,1,1,0,0,0.0,0.0,2025-Jan-29-17:23:08.120146
0.6332224085871853,15996,19,1,0,1,0,0.6,0.0,2025-Jan-29-17:23:08.162888
0.7032518164381372,15997,18,1,0,0,0,0.0,0.0,2025-Jan-29-17:23:08.214950
0.7182821636027037,15998,3,1,0,0,0,0.0,0.0,2025-Jan-29-17:23:08.256603
1.431926607686159,15999,20,1,1,0,1,0.0,1.1,2025-Jan-29-17:23:08.331603
0.7182729248747517,16000,19,1,0,0,1,0.0,1.9000000000000001,2025-Jan-29-17:23:08.385359
1.0619049523946964,16001,17,1,0,0,1,0.0,1.4000000000000001,2025-Jan-29-17:23:08.462891
1.403580090784879,16002,20,1,1,1,1,0.2,0.9,2025-Jan-29-17:23:08.537895
0.7182729250241631,16003,19,1,0,0,1,0.0,0.9,2025-Jan-29-17:23:08.615394
0.7182821636027037,16004,3,1,0,0,0,0.0,0.0,2025-Jan-29-17:23:08.695513
1.325284397684237,16005,24,1,0,-1,-1,0.0,0.0,2025-Jan-29-17:23:08.820775
0.5060307643658726,16006,18,1,0,1,1,0.5,1.8000000000000003,2025-Jan-29-17:23:08.898065
0.7040915455753285,16007,25,1,0,0,1,0.0,0.1,2025-Jan-29-17:23:08.940311
1.558257032954982,16008,22,1,1,0,1,0.0,0.1,2025-Jan-29-17:23:08.992416
0.861043210656962,16009,18,1,1,1,1,0.5,1.1,2025-Jan-29-17:23:09.067906
1.3596454305777075,16010,20,1,1,1,1,0.8,0.6,2025-Jan-29-17:23:09.120830
0.5769057247632919,16011,18,1,0,0,1,0.0,1.9000000000000001,2025-Jan-29-17:23:09.195466
1.1180957416322275,16012,24,1,0,1,1,0.1,0.5,2025-Jan-29-17:23:09.248201
0.7561001563468996,16013,23,1,0,-1,-1,0.0,0.0,2025-Jan-29-17:23:09.302501
0.7032518044355027,16014,16,1,0,0,1,0.0,1.6,2025-Jan-29-17:23:09.355766
0.576922615795266,16015,18,1,0,0,1,0.0,0.9,2025-Jan-29-17:23:09.430384
0.7032518156813519,16016,15,1,0,0,0,0.0,0.0,2025-Jan-29-17:23:09.482732
1.416496563857732,16017,24,1,1,1,0,1.0,0.0,2025-Jan-29-17:23:09.535300
0.7182729372290622,16018,19,1,0,0,0,0.0,0.0,2025-Jan-29-17:23:09.594980
0.5769074075049321,16019,18,1,0,0,1,0.0,1.8000000000000003,2025-Jan-29-17:23:09.704489
1.0060379175274918,16020,20,1,0,1,1,0.5,1.8000000000000003,2025-Jan-29-17:23:09.797345
0.6323741421622345,16021,16,1,0,1,1,0.5,1.8000000000000003,2025-Jan-29-17:23:09.850900
1.1882472948363416,16022,8,1,0,0,0,0.0,0.0,2025-Jan-29-17:23:09.903030
0.4643613567078605,16023,21,1,0,1,1,0.9,1.5000000000000002,2025-Jan-29-17:23:09.972049
1.5810793565695316,16024,11,1,1,-1,1,0.0,1.6,2025-Jan-29-17:23:10.049267
0.8058091477019476,16025,25,1,0,0,-1,0.0,0.0,2025-Jan-29-17:23:10.106248
0.5423435159840838,16026,23,1,0,1,-1,1.5000000000000002,0.0,2025-Jan-29-17:23:10.177002
1.0470479796943186,16027,24,1,0,1,1,0.30000000000000004,0.8,2025-Jan-29-17:23:10.229141
0.9847623170880732,16028,24,1,0,1,1,1.5000000000000002,0.30000000000000004,2025-Jan-29-17:23:10.304527
1.0618964857294584,16029,17,1,0,0,1,0.0,1.9000000000000001,2025-Jan-29-17:23:10.381060
1.5432479348660704,16030,8,1,1,0,0,0.0,0.0,2025-Jan-29-17:23:10.433212
1.1882472846867946,16031,5,1,0,0,1,0.0,1.5000000000000002,2025-Jan-29-17:23:10.685075
0.5060290833704763,16032,18,1,0,1,1,0.5,1.9000000000000001,2025-Jan-29-17:23:10.791738
0.7032518164381372,16033,18,1,0,0,0,0.0,0.0,2025-Jan-29-17:23:10.859087
1.0732711464044855,16034,23,1,1,0,-1,0.0,0.0,2025-Jan-29-17:23:10.901296
0.7032518047481502,16035,16,1,0,0,1,0.0,0.30000000000000004,2025-Jan-29-17:23:10.954772
0.7032518049893812,16036,16,1,0,0,1,0.0,1.8000000000000003,2025-Jan-29-17:23:11.007304
0.9768412616174804,16037,17,1,0,1,1,0.6,1.9000000000000001,2025-Jan-29-17:23:11.082577
0.7032518035489745,16038,13,1,0,0,1,0.0,1.5000000000000002,2025-Jan-29-17:23:11.136547
1.5299065116669623,16039,22,1,1,1,1,0.2,1.8000000000000003,2025-Jan-29-17:23:11.189684
0.9306044874481093,16040,18,1,1,1,1,0.5,0.4,2025-Jan-29-17:23:11.242046
1.5582575482556265,16041,6,1,1,0,0,0.0,0.0,2025-Jan-29-17:23:11.295650
1.002395729140717,16042,25,1,1,1,0,0.5,0.0,2025-Jan-29-17:23:11.339024
0.7032548286518892,16043,1,1,0,0,0,0.0,0.0,2025-Jan-29-17:23:11.398621
1.2032569102405002,16044,9,1,0,-1,0,0.0,0.0,2025-Jan-29-17:23:11.451127
1.5960876528152106,16045,24,1,1,-1,0,0.0,0.0,2025-Jan-29-17:23:11.527324
1.5432479401188743,16046,4,1,1,0,-1,0.0,0.0,2025-Jan-29-17:23:11.609308
1.558257552279544,16047,6,1,1,0,-1,0.0,0.0,2025-Jan-29-17:23:11.689155
0.8973435291701032,16048,23,1,1,1,1,1.3000000000000003,1.8000000000000003,2025-Jan-29-17:23:11.805531
1.1882472946247935,16049,4,1,0,0,0,0.0,0.0,2025-Jan-29-17:23:11.860900
1.5432479349059145,16050,5,1,1,0,0,0.0,0.0,2025-Jan-29-17:23:11.914896
1.1458010749686394,16051,1,1,1,0,-1,0.0,0.0,2025-Jan-29-17:23:11.990102
1.1882472946247935,16052,4,1,0,0,0,0.0,0.0,2025-Jan-29-17:23:12.043354
1.5432479349059145,16053,5,1,1,0,0,0.0,0.0,2025-Jan-29-17:23:12.100534
1.194218754795211,16054,21,1,1,-1,-1,0.0,0.0,2025-Jan-29-17:23:12.177232
1.2559835494751859,16055,24,1,1,1,1,1.7000000000000002,1.8000000000000003,2025-Jan-29-17:23:12.293542
1.5582575482556265,16056,6,1,1,0,0,0.0,0.0,2025-Jan-29-17:23:12.354492
1.255981334947186,16057,24,1,1,1,1,1.6,1.9000000000000001,2025-Jan-29-17:23:12.470030
1.188247294576375,16058,10,1,0,0,0,0.0,0.0,2025-Jan-29-17:23:12.531841
1.203256908176808,16059,6,1,0,0,0,0.0,0.0,2025-Jan-29-17:23:12.603473
1.0732711292791848,16060,23,1,1,0,1,0.0,1.8000000000000003,2025-Jan-29-17:23:12.693504
1.5432479349059145,16061,5,1,1,0,0,0.0,0.0,2025-Jan-29-17:23:12.792279
1.0582554688129302,16062,0,1,1,0,0,0.0,0.0,2025-Jan-29-17:23:12.853216
1.0582554687157577,16063,1,1,1,0,0,0.0,0.0,2025-Jan-29-17:23:12.911698
1.5432479348660704,16064,8,1,1,0,0,0.0,0.0,2025-Jan-29-17:23:12.966374
1.5582575482556265,16065,6,1,1,0,0,0.0,0.0,2025-Jan-29-17:23:13.018906
1.645804535001089,16066,9,1,1,1,-1,0.2,0.0,2025-Jan-29-17:23:13.094851
1.0273241784948155,16067,22,1,0,1,-1,1.8000000000000003,0.0,2025-Jan-29-17:23:13.173720
1.5582575482556265,16068,6,1,1,0,0,0.0,0.0,2025-Jan-29-17:23:13.227735
1.5582575482556265,16069,6,1,1,0,0,0.0,0.0,2025-Jan-29-17:23:13.280407
1.0732828037001547,16070,3,1,1,0,0,0.0,0.0,2025-Jan-29-17:23:13.321974
1.5432479348916575,16071,7,1,1,0,0,0.0,0.0,2025-Jan-29-17:23:13.376630
0.8973438345767292,16072,23,1,1,1,1,1.4000000000000001,1.2000000000000002,2025-Jan-29-17:23:13.452032
1.0732828037001547,16073,3,1,1,0,0,0.0,0.0,2025-Jan-29-17:23:13.493519
0.7032548286518892,16074,1,1,0,0,0,0.0,0.0,2025-Jan-29-17:23:13.546125
0.7710122976382764,16075,21,1,1,1,1,1.4000000000000001,1.7000000000000002,2025-Jan-29-17:23:13.691343
1.0582554687157577,16076,1,1,1,0,0,0.0,0.0,2025-Jan-29-17:23:13.764942
1.0582554688129302,16077,0,1,1,0,0,0.0,0.0,2025-Jan-29-17:23:13.817501
1.0582554688129302,16078,0,1,1,0,0,0.0,0.0,2025-Jan-29-17:23:13.869910
1.543247934857496,16079,11,1,1,0,0,0.0,0.0,2025-Jan-29-17:23:13.923589
0.7032548153136429,16080,0,1,0,1,0,1.4000000000000001,0.0,2025-Jan-29-17:23:13.975863
0.9031653177167904,16081,19,1,1,1,0,1.2000000000000002,0.0,2025-Jan-29-17:23:14.017561
1.5582575482556265,16082,6,1,1,0,0,0.0,0.0,2025-Jan-29-17:23:14.073200
1.5432479388339306,16083,5,1,1,-1,-1,0.0,0.0,2025-Jan-29-17:23:14.128181
0.7032548305854713,16084,1,1,0,-1,0,0.0,0.0,2025-Jan-29-17:23:14.180107
1.5432479359031575,16085,8,1,1,-1,0,0.0,0.0,2025-Jan-29-17:23:14.234017
1.5432479359031575,16086,8,1,1,-1,0,0.0,0.0,2025-Jan-29-17:23:14.288211
1.5432479348916575,16087,7,1,1,0,0,0.0,0.0,2025-Jan-29-17:23:14.341037
1.5798939559241476,16088,10,1,1,-1,0,0.0,0.0,2025-Jan-29-17:23:14.418076
0.8058091477019476,16089,25,1,0,0,-1,0.0,0.0,2025-Jan-29-17:23:14.472982
1.203256908176808,16090,6,1,0,0,0,0.0,0.0,2025-Jan-29-17:23:14.525290
0.7032548286518892,16091,1,1,0,0,0,0.0,0.0,2025-Jan-29-17:23:14.598099
1.0582554688129302,16092,0,1,1,0,0,0.0,0.0,2025-Jan-29-17:23:14.693865
1.543247934780537,16093,4,1,1,0,0,0.0,0.0,2025-Jan-29-17:23:14.768990
1.558257550300683,16094,9,1,1,-1,0,0.0,0.0,2025-Jan-29-17:23:14.821630
1.6039825795008924,16095,17,1,1,0,-1,0.0,0.0,2025-Jan-29-17:23:14.874458
0.5769236178334318,16096,1,1,0,0,1,0.0,1.1,2025-Jan-29-17:23:14.952108
1.5582570463223062,16097,22,1,1,0,0,0.0,0.0,2025-Jan-29-17:23:15.004203
0.8973435291701032,16098,23,1,1,1,1,1.3000000000000003,1.8000000000000003,2025-Jan-29-17:23:15.080418
1.203259173061556,16099,12,1,0,0,-1,0.0,0.0,2025-Jan-29-17:23:15.134328
1.188247294576375,16100,10,1,0,0,0,0.0,0.0,2025-Jan-29-17:23:15.187725
0.7182821637487402,16101,2,1,0,0,0,0.0,0.0,2025-Jan-29-17:23:15.229260
0.7182821636027037,16102,3,1,0,0,0,0.0,0.0,2025-Jan-29-17:23:15.271121
0.7182821636027037,16103,3,1,0,0,0,0.0,0.0,2025-Jan-29-17:23:15.313131
0.7032548287490616,16104,0,1,0,0,0,0.0,0.0,2025-Jan-29-17:23:15.365076
1.2248933054781985,16105,11,1,0,-1,1,0.0,0.1,2025-Jan-29-17:23:15.442192
1.5432479348916575,16106,7,1,1,0,0,0.0,0.0,2025-Jan-29-17:23:15.495161
1.255981334947186,16107,24,1,1,1,1,1.6,1.9000000000000001,2025-Jan-29-17:23:15.611410
0.7182821637487402,16108,2,1,0,0,0,0.0,0.0,2025-Jan-29-17:23:15.686387
0.7182821636027037,16109,3,1,0,0,0,0.0,0.0,2025-Jan-29-17:23:15.757596
1.1882472847083103,16110,4,1,0,0,1,0.0,1.8000000000000003,2025-Jan-29-17:23:15.965928
0.7182821636027037,16111,3,1,0,0,0,0.0,0.0,2025-Jan-29-17:23:16.011972
0.7032548287490616,16112,0,1,0,0,0,0.0,0.0,2025-Jan-29-17:23:16.067130
1.027323883897246,16113,22,1,0,1,-1,1.7000000000000002,0.0,2025-Jan-29-17:23:16.144459
1.5810793710160038,16114,11,1,1,-1,-1,0.0,0.0,2025-Jan-29-17:23:16.220602
1.5432479348916575,16115,7,1,1,0,0,0.0,0.0,2025-Jan-29-17:23:16.273314
1.5432479227944889,16116,4,1,1,1,-1,0.5,0.0,2025-Jan-29-17:23:16.327256
0.7032548286518892,16117,1,1,0,0,0,0.0,0.0,2025-Jan-29-17:23:16.379856
1.0582554687157577,16118,1,1,1,0,0,0.0,0.0,2025-Jan-29-17:23:16.431638
1.6039825804238093,16119,7,1,1,-1,-1,0.0,0.0,2025-Jan-29-17:23:16.483094
0.7032548287490616,16120,0,1,0,0,0,0.0,0.0,2025-Jan-29-17:23:16.534530
0.7182821637487402,16121,2,1,0,0,0,0.0,0.0,2025-Jan-29-17:23:16.593462
0.8973441396228322,16122,23,1,1,1,1,1.5000000000000002,1.2000000000000002,2025-Jan-29-17:23:16.700935
0.7032548286518892,16123,1,1,0,0,0,0.0,0.0,2025-Jan-29-17:23:16.781258
1.0732735773183826,16124,19,1,1,0,0,0.0,0.0,2025-Jan-29-17:23:16.832251
0.7032548287490616,16125,0,1,0,0,0,0.0,0.0,2025-Jan-29-17:23:16.893106
1.5432479348660704,16126,8,1,1,0,0,0.0,0.0,2025-Jan-29-17:23:16.947134
1.1882472949645337,16127,7,1,0,0,0,0.0,0.0,2025-Jan-29-17:23:17.000224
1.5432479349059145,16128,5,1,1,0,0,0.0,0.0,2025-Jan-29-17:23:17.053317
1.275144657683188,16129,17,1,1,1,1,1.0,1.3000000000000003,2025-Jan-29-17:23:17.130624
0.7182821637487402,16130,2,1,0,0,0,0.0,0.0,2025-Jan-29-17:23:17.172704
1.469864704734948,16131,24,1,1,1,-1,1.5000000000000002,0.0,2025-Jan-29-17:23:17.272214
1.5582598088982227,16132,20,1,1,0,0,0.0,0.0,2025-Jan-29-17:23:17.324649
1.5432479262775671,16133,5,1,1,-1,1,0.0,0.1,2025-Jan-29-17:23:17.377111
0.7368074537788192,16134,16,1,0,-1,0,0.0,0.0,2025-Jan-29-17:23:17.452150
0.7032548287490616,16135,0,1,0,0,0,0.0,0.0,2025-Jan-29-17:23:17.504962
0.7182821636027037,16136,3,1,0,0,0,0.0,0.0,2025-Jan-29-17:23:17.561915
1.1882472949645337,16137,7,1,0,0,0,0.0,0.0,2025-Jan-29-17:23:17.654668
0.7032548287490616,16138,0,1,0,0,0,0.0,0.0,2025-Jan-29-17:23:17.748120
0.7032548287490616,16139,0,1,0,0,0,0.0,0.0,2025-Jan-29-17:23:17.816095
1.203256908176808,16140,6,1,0,0,0,0.0,0.0,2025-Jan-29-17:23:17.868028
0.7032518032838144,16141,16,1,0,0,1,0.0,1.2000000000000002,2025-Jan-29-17:23:17.921079
1.0156876308184501,16142,18,1,1,0,1,0.0,0.30000000000000004,2025-Jan-29-17:23:17.974071
1.1882472949645337,16143,7,1,0,0,0,0.0,0.0,2025-Jan-29-17:23:18.027143
1.0756728504380537,16144,22,1,0,1,1,0.9,1.5000000000000002,2025-Jan-29-17:23:18.083357
1.0582524564983662,16145,18,1,1,0,0,0.0,0.0,2025-Jan-29-17:23:18.137082
0.5919432903628749,16146,3,1,0,1,1,0.7000000000000001,1.9000000000000001,2025-Jan-29-17:23:18.213021
1.0732735800408597,16147,19,1,1,0,-1,0.0,0.0,2025-Jan-29-17:23:18.254793
1.0619083486791738,16148,17,1,0,0,1,0.0,1.2000000000000002,2025-Jan-29-17:23:18.330005
1.1882472949645337,16149,7,1,0,0,0,0.0,0.0,2025-Jan-29-17:23:18.383059
0.7032548026860631,16150,0,1,0,1,1,1.0,1.8000000000000003,2025-Jan-29-17:23:18.435774
1.0619049523946964,16151,17,1,0,0,1,0.0,1.4000000000000001,2025-Jan-29-17:23:18.511389
1.1882472947756426,16152,11,1,0,0,0,0.0,0.0,2025-Jan-29-17:23:18.583722
0.4643596811381058,16153,21,1,0,1,1,0.9,1.6,2025-Jan-29-17:23:18.692922
1.558257539478571,16154,6,1,1,0,1,0.0,1.5000000000000002,2025-Jan-29-17:23:18.770833
0.6147559740341527,16155,18,1,0,-1,1,0.0,1.1,2025-Jan-29-17:23:18.868397
1.0732828037001547,16156,3,1,1,0,0,0.0,0.0,2025-Jan-29-17:23:18.909590
0.7032518164381372,16157,18,1,0,0,0,0.0,0.0,2025-Jan-29-17:23:18.963165
1.5432479211720525,16158,5,1,1,1,0,0.30000000000000004,0.0,2025-Jan-29-17:23:19.015996
0.590694439369573,16159,19,1,0,1,1,0.9,1.5000000000000002,2025-Jan-29-17:23:19.068104
1.5810793670700924,16160,14,1,1,-1,0,0.0,0.0,2025-Jan-29-17:23:19.143891
0.4643596811381058,16161,21,1,0,1,1,0.9,1.6,2025-Jan-29-17:23:19.213834
1.5156921472918596,16162,24,1,1,0,1,0.0,0.30000000000000004,2025-Jan-29-17:23:19.266328
1.3286400585175115,16163,20,1,0,-1,-1,0.0,0.0,2025-Jan-29-17:23:19.364132
1.0997441500498657,16164,17,1,0,-1,1,0.0,1.2000000000000002,2025-Jan-29-17:23:19.462271
1.188247295861148,16165,5,1,0,-1,0,0.0,0.0,2025-Jan-29-17:23:19.515904
1.4440148267578392,16166,11,1,1,1,-1,0.7000000000000001,0.0,2025-Jan-29-17:23:19.583459
1.1882472949645337,16167,7,1,0,0,0,0.0,0.0,2025-Jan-29-17:23:19.664807
0.8058190915727348,16168,3,1,0,0,-1,0.0,0.0,2025-Jan-29-17:23:19.754379
1.5432479348660704,16169,8,1,1,0,0,0.0,0.0,2025-Jan-29-17:23:19.811691
0.9898575684580162,16170,15,1,1,1,-1,1.1,0.0,2025-Jan-29-17:23:19.887324
1.0449215793211581,16171,23,1,1,1,-1,0.2,0.0,2025-Jan-29-17:23:19.928644
1.0732735642659228,16172,19,1,1,0,1,0.0,1.8000000000000003,2025-Jan-29-17:23:19.981299
0.9493384254432027,16173,20,1,0,1,1,0.9,1.5000000000000002,2025-Jan-29-17:23:20.057981
0.9209782296293374,16174,20,1,0,1,1,1.1,1.9000000000000001,2025-Jan-29-17:23:20.137217
1.2032591688378944,16175,20,1,0,0,0,0.0,0.0,2025-Jan-29-17:23:20.189883
0.9493384254432027,16176,20,1,0,1,1,0.9,1.5000000000000002,2025-Jan-29-17:23:20.265731
1.0582554550652912,16177,0,1,1,0,1,0.0,0.4,2025-Jan-29-17:23:20.318188
0.6147488881696193,16178,18,1,0,-1,1,0.0,1.6,2025-Jan-29-17:23:20.418613
0.4643596811381058,16179,21,1,0,1,1,0.9,1.6,2025-Jan-29-17:23:20.494542
0.9493384254432027,16180,20,1,0,1,1,0.9,1.5000000000000002,2025-Jan-29-17:23:20.586655
1.5582570324199687,16181,22,1,1,0,1,0.0,1.8000000000000003,2025-Jan-29-17:23:20.677751
0.8058190788686653,16182,3,1,0,1,-1,0.5,0.0,2025-Jan-29-17:23:20.782111
0.5919500006839454,16183,3,1,0,0,1,0.0,1.5000000000000002,2025-Jan-29-17:23:20.851524
0.7182821665362829,16184,3,1,0,-1,0,0.0,0.0,2025-Jan-29-17:23:20.894220
1.0619066497041223,16185,17,1,0,0,1,0.0,1.3000000000000003,2025-Jan-29-17:23:20.971004
0.590694439369573,16186,19,1,0,1,1,0.9,1.5000000000000002,2025-Jan-29-17:23:21.024366
0.9493384254432027,16187,20,1,0,1,1,0.9,1.5000000000000002,2025-Jan-29-17:23:21.101115
0.7032548286518892,16188,1,1,0,0,0,0.0,0.0,2025-Jan-29-17:23:21.154089
0.9493384254432027,16189,20,1,0,1,1,0.9,1.5000000000000002,2025-Jan-29-17:23:21.229434
0.47853426007385436,16190,25,1,0,1,1,0.8,1.5000000000000002,2025-Jan-29-17:23:21.300156
