Cost,Sim,Switch_State_Indx,Gen1_on,Gen2_on,Batt1_mode,Batt2_mode,Batt1_power_kW,Batt2_power_kW,Timestamp
1.5582575482120697,1260,9,1,1,0,0,0.0,0.0,2025-Jan-29-17:04:19.520383
1.2908061561708264,1261,20,1,0,0,-1,0.0,0.0,2025-Jan-29-17:04:19.626024
1.5582575259889708,1262,6,1,1,1,1,1.0,0.8,2025-Jan-29-17:04:19.715908
1.0582554707465124,1263,0,1,1,-1,0,0.0,0.0,2025-Jan-29-17:04:19.797153
1.5918162101421558,1264,22,1,1,-1,0,0.0,0.0,2025-Jan-29-17:04:19.880644
1.2032568931605185,1265,6,1,0,1,0,1.5000000000000002,0.0,2025-Jan-29-17:04:19.943840
1.5432479347321184,1266,10,1,1,0,0,0.0,0.0,2025-Jan-29-17:04:20.006824
0.7032518165836577,1267,13,1,0,0,0,0.0,0.0,2025-Jan-29-17:04:20.062226
0.5919429649206704,1268,21,1,0,0,1,0.0,1.2000000000000002,2025-Jan-29-17:04:20.133846
1.5582575413455881,1269,6,1,1,-1,1,0.0,1.7000000000000002,2025-Jan-29-17:04:20.270756
1.6458045351612152,1270,9,1,1,1,-1,0.30000000000000004,0.0,2025-Jan-29-17:04:20.351122
1.2410870128463722,1271,22,1,0,-1,0,0.0,0.0,2025-Jan-29-17:04:20.436915
1.0895736890880547,1272,9,1,0,-1,1,0.0,0.8,2025-Jan-29-17:04:20.497257
1.203256908176808,1273,6,1,0,0,0,0.0,0.0,2025-Jan-29-17:04:20.573201
1.558259800309076,1274,12,1,1,0,1,0.0,1.5000000000000002,2025-Jan-29-17:04:20.667077
1.0165740194999526,1275,21,1,1,1,0,0.4,0.0,2025-Jan-29-17:04:20.738036
1.0732828037001547,1276,3,1,1,0,0,0.0,0.0,2025-Jan-29-17:04:20.810177
1.0732827905124247,1277,2,1,1,0,1,0.0,0.5,2025-Jan-29-17:04:20.871053
1.2032591688378944,1278,20,1,0,0,0,0.0,0.0,2025-Jan-29-17:04:20.931595
0.7032548286518892,1279,1,1,0,0,0,0.0,0.0,2025-Jan-29-17:04:20.992770
0.8312290323185082,1280,15,1,1,1,1,0.9,0.7000000000000001,2025-Jan-29-17:04:21.054552
0.9469395457786765,1281,25,1,1,0,1,0.0,1.3000000000000003,2025-Jan-29-17:04:21.135606
1.1182024738476575,1282,22,1,0,1,1,0.6,0.9,2025-Jan-29-17:04:21.195842
1.188247294787923,1283,17,1,0,0,0,0.0,0.0,2025-Jan-29-17:04:21.250848
1.454739750844622,1284,14,1,1,-1,1,0.0,1.5000000000000002,2025-Jan-29-17:04:21.357831
1.0732828037001547,1285,3,1,1,0,0,0.0,0.0,2025-Jan-29-17:04:21.403038
0.8973438340589359,1286,23,1,1,1,1,1.4000000000000001,1.0,2025-Jan-29-17:04:21.480588
1.0732828067797704,1287,2,1,1,-1,0,0.0,0.0,2025-Jan-29-17:04:21.523779
1.2410870127559925,1288,24,1,0,-1,0,0.0,0.0,2025-Jan-29-17:04:21.620290
1.2908039091728067,1289,9,1,0,0,-1,0.0,0.0,2025-Jan-29-17:04:21.729216
1.2032564061623827,1290,24,1,0,0,0,0.0,0.0,2025-Jan-29-17:04:21.800727
0.6899235556332182,1291,21,1,0,1,0,0.2,0.0,2025-Jan-29-17:04:21.844830
0.5919406007968006,1292,25,1,0,0,1,0.0,1.2000000000000002,2025-Jan-29-17:04:21.916441
1.203256908176808,1293,6,1,0,0,0,0.0,0.0,2025-Jan-29-17:04:21.970180
1.05825547064934,1294,1,1,1,-1,0,0.0,0.0,2025-Jan-29-17:04:22.023887
1.0582554688129302,1295,0,1,1,0,0,0.0,0.0,2025-Jan-29-17:04:22.078481
1.0123086013097673,1296,10,1,0,1,-1,1.4000000000000001,0.0,2025-Jan-29-17:04:22.159216
0.7182729241253188,1297,19,1,0,0,1,0.0,1.8000000000000003,2025-Jan-29-17:04:22.213017
1.2032569122920638,1298,6,1,0,0,-1,0.0,0.0,2025-Jan-29-17:04:22.266655
1.1882472985320298,1299,5,1,0,0,-1,0.0,0.0,2025-Jan-29-17:04:22.321530
1.5582575375390344,1300,6,1,1,0,1,0.0,0.4,2025-Jan-29-17:04:22.375251
1.1749088558433263,1301,20,1,0,1,0,0.2,0.0,2025-Jan-29-17:04:22.429123
0.5423441239770993,1302,25,1,0,1,0,1.7000000000000002,0.0,2025-Jan-29-17:04:22.500180
1.2489819404013758,1303,7,1,0,0,-1,0.0,0.0,2025-Jan-29-17:04:22.573740
1.2032591596822584,1304,12,1,0,0,1,0.0,0.2,2025-Jan-29-17:04:22.659042
1.2410870128463722,1305,22,1,0,-1,0,0.0,0.0,2025-Jan-29-17:04:22.760267
1.3673103736211645,1306,10,1,1,1,1,1.8000000000000003,1.6,2025-Jan-29-17:04:22.841522
1.0732735773183826,1307,19,1,1,0,0,0.0,0.0,2025-Jan-29-17:04:22.885275
0.6206792501259454,1308,18,1,0,1,-1,1.2000000000000002,0.0,2025-Jan-29-17:04:23.050195
1.203256908176808,1309,6,1,0,0,0,0.0,0.0,2025-Jan-29-17:04:23.104936
1.2908030295484636,1310,24,1,0,0,-1,0.0,0.0,2025-Jan-29-17:04:23.184262
0.5423447386502132,1311,25,1,0,1,0,1.9000000000000001,0.0,2025-Jan-29-17:04:23.256859
0.7561001531834526,1312,25,1,0,-1,0,0.0,0.0,2025-Jan-29-17:04:23.312118
1.0273232937400198,1313,22,1,0,1,0,1.5000000000000002,0.0,2025-Jan-29-17:04:23.389365
1.2032564062589408,1314,22,1,0,0,0,0.0,0.0,2025-Jan-29-17:04:23.442868
0.5423447386502132,1315,25,1,0,1,0,1.9000000000000001,0.0,2025-Jan-29-17:04:23.514293
0.7561001531834526,1316,25,1,0,-1,0,0.0,0.0,2025-Jan-29-17:04:23.599436
0.7182705030005031,1317,25,1,0,0,0,0.0,0.0,2025-Jan-29-17:04:23.670010
0.7561001531834526,1318,25,1,0,-1,0,0.0,0.0,2025-Jan-29-17:04:23.750535
0.7182705030005031,1319,25,1,0,0,0,0.0,0.0,2025-Jan-29-17:04:23.797567
0.7182705030005031,1320,25,1,0,0,0,0.0,0.0,2025-Jan-29-17:04:23.843406
0.7561001531834526,1321,25,1,0,-1,0,0.0,0.0,2025-Jan-29-17:04:23.898728
0.7182705030005031,1322,25,1,0,0,0,0.0,0.0,2025-Jan-29-17:04:23.941711
0.7182705030005031,1323,25,1,0,0,0,0.0,0.0,2025-Jan-29-17:04:23.984922
0.7182705030005031,1324,25,1,0,0,0,0.0,0.0,2025-Jan-29-17:04:24.027331
0.7182705030005031,1325,25,1,0,0,0,0.0,0.0,2025-Jan-29-17:04:24.070342
0.7182705030005031,1326,25,1,0,0,0,0.0,0.0,2025-Jan-29-17:04:24.113477
0.7182705030005031,1327,25,1,0,0,0,0.0,0.0,2025-Jan-29-17:04:24.156257
0.7561001531834526,1328,25,1,0,-1,0,0.0,0.0,2025-Jan-29-17:04:24.211393
0.7561001531834526,1329,25,1,0,-1,0,0.0,0.0,2025-Jan-29-17:04:24.266322
0.5423435119681252,1330,25,1,0,1,0,1.5000000000000002,0.0,2025-Jan-29-17:04:24.337749
0.7182705030005031,1331,25,1,0,0,0,0.0,0.0,2025-Jan-29-17:04:24.380324
1.0273244709403335,1332,22,1,0,1,0,1.9000000000000001,0.0,2025-Jan-29-17:04:24.457055
0.7182705030005031,1333,25,1,0,0,0,0.0,0.0,2025-Jan-29-17:04:24.499766
0.542344431122534,1334,25,1,0,1,0,1.8000000000000003,0.0,2025-Jan-29-17:04:24.581284
0.7182705030005031,1335,25,1,0,0,0,0.0,0.0,2025-Jan-29-17:04:24.651249
0.7561001531834526,1336,25,1,0,-1,0,0.0,0.0,2025-Jan-29-17:04:24.738930
0.7182705030005031,1337,25,1,0,0,0,0.0,0.0,2025-Jan-29-17:04:24.798641
0.7561001531834526,1338,25,1,0,-1,0,0.0,0.0,2025-Jan-29-17:04:24.859537
0.7561001531834526,1339,25,1,0,-1,0,0.0,0.0,2025-Jan-29-17:04:24.916881
0.7561001531834526,1340,25,1,0,-1,0,0.0,0.0,2025-Jan-29-17:04:24.972295
1.2410870128463722,1341,22,1,0,-1,0,0.0,0.0,2025-Jan-29-17:04:25.049347
0.7561001531834526,1342,25,1,0,-1,0,0.0,0.0,2025-Jan-29-17:04:25.105879
0.7561001531834526,1343,25,1,0,-1,0,0.0,0.0,2025-Jan-29-17:04:25.161915
0.5423435119681252,1344,25,1,0,1,0,1.5000000000000002,0.0,2025-Jan-29-17:04:25.233975
0.7182705030005031,1345,25,1,0,0,0,0.0,0.0,2025-Jan-29-17:04:25.277648
0.7561001531834526,1346,25,1,0,-1,0,0.0,0.0,2025-Jan-29-17:04:25.333427
0.7561001531834526,1347,25,1,0,-1,0,0.0,0.0,2025-Jan-29-17:04:25.389092
0.7182705030005031,1348,25,1,0,0,0,0.0,0.0,2025-Jan-29-17:04:25.432737
0.7182705030005031,1349,25,1,0,0,0,0.0,0.0,2025-Jan-29-17:04:25.475731
0.5423447386502132,1350,25,1,0,1,0,1.9000000000000001,0.0,2025-Jan-29-17:04:25.547471
0.7182705030005031,1351,25,1,0,0,0,0.0,0.0,2025-Jan-29-17:04:25.631319
0.7182705030005031,1352,25,1,0,0,0,0.0,0.0,2025-Jan-29-17:04:25.704641
0.7182705030005031,1353,25,1,0,0,0,0.0,0.0,2025-Jan-29-17:04:25.777483
0.542344431122534,1354,25,1,0,1,0,1.8000000000000003,0.0,2025-Jan-29-17:04:25.852136
0.5423447386502132,1355,25,1,0,1,0,1.9000000000000001,0.0,2025-Jan-29-17:04:25.924950
0.7561001531834526,1356,25,1,0,-1,0,0.0,0.0,2025-Jan-29-17:04:25.983337
0.7182705030005031,1357,25,1,0,0,0,0.0,0.0,2025-Jan-29-17:04:26.026553
0.7182705030005031,1358,25,1,0,0,0,0.0,0.0,2025-Jan-29-17:04:26.069946
0.7561001531834526,1359,25,1,0,-1,0,0.0,0.0,2025-Jan-29-17:04:26.126489
0.7561001531834526,1360,25,1,0,-1,0,0.0,0.0,2025-Jan-29-17:04:26.183891
0.5423438175868711,1361,25,1,0,1,0,1.6,0.0,2025-Jan-29-17:04:26.256603
0.7182705030005031,1362,25,1,0,0,0,0.0,0.0,2025-Jan-29-17:04:26.371141
0.7561001531834526,1363,25,1,0,-1,0,0.0,0.0,2025-Jan-29-17:04:26.427465
0.7561001531834526,1364,25,1,0,-1,0,0.0,0.0,2025-Jan-29-17:04:26.483389
0.5423447386502132,1365,25,1,0,1,0,1.9000000000000001,0.0,2025-Jan-29-17:04:26.573810
0.7182705030005031,1366,25,1,0,0,0,0.0,0.0,2025-Jan-29-17:04:26.653089
1.02732300080127,1367,24,1,0,1,0,1.4000000000000001,0.0,2025-Jan-29-17:04:26.763741
0.7561001531834526,1368,25,1,0,-1,0,0.0,0.0,2025-Jan-29-17:04:26.823832
0.7182705030005031,1369,25,1,0,0,0,0.0,0.0,2025-Jan-29-17:04:26.867894
0.5423447386502132,1370,25,1,0,1,0,1.9000000000000001,0.0,2025-Jan-29-17:04:26.940093
0.7182705030005031,1371,25,1,0,0,0,0.0,0.0,2025-Jan-29-17:04:26.983166
0.7561001531834526,1372,25,1,0,-1,0,0.0,0.0,2025-Jan-29-17:04:27.038088
1.2410870127559925,1373,24,1,0,-1,0,0.0,0.0,2025-Jan-29-17:04:27.114813
0.7561001531834526,1374,25,1,0,-1,0,0.0,0.0,2025-Jan-29-17:04:27.170215
0.7182705030005031,1375,25,1,0,0,0,0.0,0.0,2025-Jan-29-17:04:27.214384
1.2410870127559925,1376,24,1,0,-1,0,0.0,0.0,2025-Jan-29-17:04:27.291755
0.7561001531834526,1377,25,1,0,-1,0,0.0,0.0,2025-Jan-29-17:04:27.346781
1.0273235870188995,1378,24,1,0,1,0,1.6,0.0,2025-Jan-29-17:04:27.423962
0.7182705030005031,1379,25,1,0,0,0,0.0,0.0,2025-Jan-29-17:04:27.466992
0.7561001531834526,1380,25,1,0,-1,0,0.0,0.0,2025-Jan-29-17:04:27.521937
0.5423438175868711,1381,25,1,0,1,0,1.6,0.0,2025-Jan-29-17:04:27.614785
0.5423432069386988,1382,25,1,0,1,0,1.4000000000000001,0.0,2025-Jan-29-17:04:27.727548
1.0273227085701688,1383,24,1,0,1,0,1.3000000000000003,0.0,2025-Jan-29-17:04:27.824084
0.7182705030005031,1384,25,1,0,0,0,0.0,0.0,2025-Jan-29-17:04:27.870866
0.7182705030005031,1385,25,1,0,0,0,0.0,0.0,2025-Jan-29-17:04:27.914850
0.5423447386502132,1386,25,1,0,1,0,1.9000000000000001,0.0,2025-Jan-29-17:04:27.986613
1.2032564061623827,1387,24,1,0,0,0,0.0,0.0,2025-Jan-29-17:04:28.040876
0.5423447386502132,1388,25,1,0,1,0,1.9000000000000001,0.0,2025-Jan-29-17:04:28.113524
1.2410870127559925,1389,24,1,0,-1,0,0.0,0.0,2025-Jan-29-17:04:28.190621
0.7561001531834526,1390,25,1,0,-1,0,0.0,0.0,2025-Jan-29-17:04:28.247006
0.5423429024113815,1391,25,1,0,1,0,1.3000000000000003,0.0,2025-Jan-29-17:04:28.319602
0.7182705030005031,1392,25,1,0,0,0,0.0,0.0,2025-Jan-29-17:04:28.362988
1.2032564061623827,1393,24,1,0,0,0,0.0,0.0,2025-Jan-29-17:04:28.417627
0.7561001531834526,1394,25,1,0,-1,0,0.0,0.0,2025-Jan-29-17:04:28.472670
1.2032564061623827,1395,24,1,0,0,0,0.0,0.0,2025-Jan-29-17:04:28.526796
0.5423429024113815,1396,25,1,0,1,0,1.3000000000000003,0.0,2025-Jan-29-17:04:28.614975
1.0273244708137592,1397,24,1,0,1,0,1.9000000000000001,0.0,2025-Jan-29-17:04:28.726769
0.5423429024113815,1398,25,1,0,1,0,1.3000000000000003,0.0,2025-Jan-29-17:04:28.815675
0.5423429024113815,1399,25,1,0,1,0,1.3000000000000003,0.0,2025-Jan-29-17:04:28.888191
0.5423432069386988,1400,25,1,0,1,0,1.4000000000000001,0.0,2025-Jan-29-17:04:28.962071
0.7182705030005031,1401,25,1,0,0,0,0.0,0.0,2025-Jan-29-17:04:29.006343
0.5423429024113815,1402,25,1,0,1,0,1.3000000000000003,0.0,2025-Jan-29-17:04:29.077411
0.7561001531834526,1403,25,1,0,-1,0,0.0,0.0,2025-Jan-29-17:04:29.132896
0.7561001531834526,1404,25,1,0,-1,0,0.0,0.0,2025-Jan-29-17:04:29.188324
0.7561001531834526,1405,25,1,0,-1,0,0.0,0.0,2025-Jan-29-17:04:29.244267
1.2032564061623827,1406,24,1,0,0,0,0.0,0.0,2025-Jan-29-17:04:29.298115
0.5423447386502132,1407,25,1,0,1,0,1.9000000000000001,0.0,2025-Jan-29-17:04:29.369753
0.7182705030005031,1408,25,1,0,0,0,0.0,0.0,2025-Jan-29-17:04:29.413159
0.5423438175868711,1409,25,1,0,1,0,1.6,0.0,2025-Jan-29-17:04:29.483785
0.7182705030005031,1410,25,1,0,0,0,0.0,0.0,2025-Jan-29-17:04:29.526479
0.5423429024113815,1411,25,1,0,1,0,1.3000000000000003,0.0,2025-Jan-29-17:04:29.618899
0.6473950890357884,1412,25,1,0,1,0,0.5,0.0,2025-Jan-29-17:04:29.694609
0.5423447386502132,1413,25,1,0,1,0,1.9000000000000001,0.0,2025-Jan-29-17:04:29.796598
1.2032564061623827,1414,24,1,0,0,0,0.0,0.0,2025-Jan-29-17:04:29.925983
0.7561001531834526,1415,25,1,0,-1,0,0.0,0.0,2025-Jan-29-17:04:29.982315
0.7410823775192706,1416,13,1,0,-1,0,0.0,0.0,2025-Jan-29-17:04:30.058836
0.5423432069386988,1417,25,1,0,1,0,1.4000000000000001,0.0,2025-Jan-29-17:04:30.130551
1.2032564061623827,1418,24,1,0,0,0,0.0,0.0,2025-Jan-29-17:04:30.184801
0.6473950890357884,1419,25,1,0,1,0,0.5,0.0,2025-Jan-29-17:04:30.230476
1.2410870127559925,1420,24,1,0,-1,0,0.0,0.0,2025-Jan-29-17:04:30.308402
1.2032564061623827,1421,24,1,0,0,0,0.0,0.0,2025-Jan-29-17:04:30.362029
0.7032518165836577,1422,13,1,0,0,0,0.0,0.0,2025-Jan-29-17:04:30.416024
0.7561001531834526,1423,25,1,0,-1,0,0.0,0.0,2025-Jan-29-17:04:30.471219
1.1323786318519116,1424,24,1,0,1,0,0.5,0.0,2025-Jan-29-17:04:30.525729
0.5273187257290142,1425,13,1,0,1,0,1.4000000000000001,0.0,2025-Jan-29-17:04:30.630894
0.7182705030005031,1426,25,1,0,0,0,0.0,0.0,2025-Jan-29-17:04:30.705074
0.5423432069386988,1427,25,1,0,1,0,1.4000000000000001,0.0,2025-Jan-29-17:04:30.803870
1.02732300080127,1428,24,1,0,1,0,1.4000000000000001,0.0,2025-Jan-29-17:04:30.886918
0.5423447386502132,1429,25,1,0,1,0,1.9000000000000001,0.0,2025-Jan-29-17:04:30.958848
1.2032564061623827,1430,24,1,0,0,0,0.0,0.0,2025-Jan-29-17:04:31.017203
0.7182705030005031,1431,25,1,0,0,0,0.0,0.0,2025-Jan-29-17:04:31.064779
1.2032564061623827,1432,24,1,0,0,0,0.0,0.0,2025-Jan-29-17:04:31.125447
0.5273187257290142,1433,13,1,0,1,0,1.4000000000000001,0.0,2025-Jan-29-17:04:31.207322
0.5423429024113815,1434,25,1,0,1,0,1.3000000000000003,0.0,2025-Jan-29-17:04:31.282502
1.0273244708137592,1435,24,1,0,1,0,1.9000000000000001,0.0,2025-Jan-29-17:04:31.363761
0.5423429024113815,1436,25,1,0,1,0,1.3000000000000003,0.0,2025-Jan-29-17:04:31.439850
0.6473950890357884,1437,25,1,0,1,0,0.5,0.0,2025-Jan-29-17:04:31.486997
1.2032564061623827,1438,24,1,0,0,0,0.0,0.0,2025-Jan-29-17:04:31.544365
0.7182705030005031,1439,25,1,0,0,0,0.0,0.0,2025-Jan-29-17:04:31.619913
0.7182705030005031,1440,25,1,0,0,0,0.0,0.0,2025-Jan-29-17:04:31.694277
1.1323786318519116,1441,24,1,0,1,0,0.5,0.0,2025-Jan-29-17:04:31.785744
0.7561001531834526,1442,25,1,0,-1,0,0.0,0.0,2025-Jan-29-17:04:31.851209
0.7182705030005031,1443,25,1,0,0,0,0.0,0.0,2025-Jan-29-17:04:31.896008
0.5273187257290142,1444,13,1,0,1,0,1.4000000000000001,0.0,2025-Jan-29-17:04:31.975473
0.5423432069386988,1445,25,1,0,1,0,1.4000000000000001,0.0,2025-Jan-29-17:04:32.047576
0.7410823775192706,1446,13,1,0,-1,0,0.0,0.0,2025-Jan-29-17:04:32.124988
1.2410870127559925,1447,24,1,0,-1,0,0.0,0.0,2025-Jan-29-17:04:32.202332
0.5423447386502132,1448,25,1,0,1,0,1.9000000000000001,0.0,2025-Jan-29-17:04:32.274735
0.5273202172837694,1449,13,1,0,1,0,1.9000000000000001,0.0,2025-Jan-29-17:04:32.352905
1.0273227085701688,1450,24,1,0,1,0,1.3000000000000003,0.0,2025-Jan-29-17:04:32.430832
1.0273244708137592,1451,24,1,0,1,0,1.9000000000000001,0.0,2025-Jan-29-17:04:32.508925
1.02732300080127,1452,24,1,0,1,0,1.4000000000000001,0.0,2025-Jan-29-17:04:32.618425
0.5273187257290142,1453,13,1,0,1,0,1.4000000000000001,0.0,2025-Jan-29-17:04:32.738081
0.5273184292742644,1454,13,1,0,1,0,1.3000000000000003,0.0,2025-Jan-29-17:04:32.830693
0.5423447386502132,1455,25,1,0,1,0,1.9000000000000001,0.0,2025-Jan-29-17:04:32.903639
1.0273244708137592,1456,24,1,0,1,0,1.9000000000000001,0.0,2025-Jan-29-17:04:32.982470
0.5423429024113815,1457,25,1,0,1,0,1.3000000000000003,0.0,2025-Jan-29-17:04:33.054611
1.0273227085701688,1458,24,1,0,1,0,1.3000000000000003,0.0,2025-Jan-29-17:04:33.132843
0.7032518165836577,1459,13,1,0,0,0,0.0,0.0,2025-Jan-29-17:04:33.186316
1.0273227085701688,1460,24,1,0,1,0,1.3000000000000003,0.0,2025-Jan-29-17:04:33.274392
0.6890766761829328,1461,13,1,0,1,0,0.1,0.0,2025-Jan-29-17:04:33.329669
0.5423429024113815,1462,25,1,0,1,0,1.3000000000000003,0.0,2025-Jan-29-17:04:33.402737
0.5273184292742644,1463,13,1,0,1,0,1.3000000000000003,0.0,2025-Jan-29-17:04:33.483403
0.7032518165836577,1464,13,1,0,0,0,0.0,0.0,2025-Jan-29-17:04:33.541308
0.5273184292742644,1465,13,1,0,1,0,1.3000000000000003,0.0,2025-Jan-29-17:04:33.652646
0.7410823775192706,1466,13,1,0,-1,0,0.0,0.0,2025-Jan-29-17:04:33.910650
0.5423429024113815,1467,25,1,0,1,0,1.3000000000000003,0.0,2025-Jan-29-17:04:33.992915
0.7410823775192706,1468,13,1,0,-1,0,0.0,0.0,2025-Jan-29-17:04:34.076047
0.5273184292742644,1469,13,1,0,1,0,1.3000000000000003,0.0,2025-Jan-29-17:04:34.157710
0.5273184292742644,1470,13,1,0,1,0,1.3000000000000003,0.0,2025-Jan-29-17:04:34.240408
0.7410823775192706,1471,13,1,0,-1,0,0.0,0.0,2025-Jan-29-17:04:34.323278
0.7561001531834526,1472,25,1,0,-1,0,0.0,0.0,2025-Jan-29-17:04:34.383675
0.5423429024113815,1473,25,1,0,1,0,1.3000000000000003,0.0,2025-Jan-29-17:04:34.458818
0.7032518165836577,1474,13,1,0,0,0,0.0,0.0,2025-Jan-29-17:04:34.516761
0.5273184292742644,1475,13,1,0,1,0,1.3000000000000003,0.0,2025-Jan-29-17:04:34.627034
0.5273184292742644,1476,13,1,0,1,0,1.3000000000000003,0.0,2025-Jan-29-17:04:34.761817
0.6890766761829328,1477,13,1,0,1,0,0.1,0.0,2025-Jan-29-17:04:34.839073
0.7032518165836577,1478,13,1,0,0,0,0.0,0.0,2025-Jan-29-17:04:34.897981
0.6890766761829328,1479,13,1,0,1,0,0.1,0.0,2025-Jan-29-17:04:34.955861
0.5273184292742644,1480,13,1,0,1,0,1.3000000000000003,0.0,2025-Jan-29-17:04:35.037296
0.7410823775192706,1481,13,1,0,-1,0,0.0,0.0,2025-Jan-29-17:04:35.118242
0.5273184292742644,1482,13,1,0,1,0,1.3000000000000003,0.0,2025-Jan-29-17:04:35.200062
0.7032548306826437,1483,0,1,0,-1,0,0.0,0.0,2025-Jan-29-17:04:35.259534
0.5273184292742644,1484,13,1,0,1,0,1.3000000000000003,0.0,2025-Jan-29-17:04:35.341612
0.7032518165836577,1485,13,1,0,0,0,0.0,0.0,2025-Jan-29-17:04:35.397867
0.5273202172837694,1486,13,1,0,1,0,1.9000000000000001,0.0,2025-Jan-29-17:04:35.478885
0.5273184292742644,1487,13,1,0,1,0,1.3000000000000003,0.0,2025-Jan-29-17:04:35.576569
0.5273184292742644,1488,13,1,0,1,0,1.3000000000000003,0.0,2025-Jan-29-17:04:35.699909
0.5273202172837694,1489,13,1,0,1,0,1.9000000000000001,0.0,2025-Jan-29-17:04:35.818400
0.5273184292742644,1490,13,1,0,1,0,1.3000000000000003,0.0,2025-Jan-29-17:04:35.902178
0.5273184292742644,1491,13,1,0,1,0,1.3000000000000003,0.0,2025-Jan-29-17:04:35.986224
0.5273184292742644,1492,13,1,0,1,0,1.3000000000000003,0.0,2025-Jan-29-17:04:36.065929
0.7410823775192706,1493,13,1,0,-1,0,0.0,0.0,2025-Jan-29-17:04:36.145504
0.5423429024113815,1494,25,1,0,1,0,1.3000000000000003,0.0,2025-Jan-29-17:04:36.222057
0.5273184292742644,1495,13,1,0,1,0,1.3000000000000003,0.0,2025-Jan-29-17:04:36.302577
0.6890766761829328,1496,13,1,0,1,0,0.1,0.0,2025-Jan-29-17:04:36.358784
0.5273184292742644,1497,13,1,0,1,0,1.3000000000000003,0.0,2025-Jan-29-17:04:36.438416
0.5273184292742644,1498,13,1,0,1,0,1.3000000000000003,0.0,2025-Jan-29-17:04:36.519094
0.5273184292742644,1499,13,1,0,1,0,1.3000000000000003,0.0,2025-Jan-29-17:04:36.623662
0.6890766761829328,1500,13,1,0,1,0,0.1,0.0,2025-Jan-29-17:04:36.722409
0.7032548287490616,1501,0,1,0,0,0,0.0,0.0,2025-Jan-29-17:04:36.807772
0.6890766761829328,1502,13,1,0,1,0,0.1,0.0,2025-Jan-29-17:04:36.868422
0.5273184292742644,1503,13,1,0,1,0,1.3000000000000003,0.0,2025-Jan-29-17:04:36.951149
0.5273184292742644,1504,13,1,0,1,0,1.3000000000000003,0.0,2025-Jan-29-17:04:37.032167
0.5273184292742644,1505,13,1,0,1,0,1.3000000000000003,0.0,2025-Jan-29-17:04:37.113044
0.7032548162663678,1506,0,1,0,1,0,1.3000000000000003,0.0,2025-Jan-29-17:04:37.171252
0.5273184292742644,1507,13,1,0,1,0,1.3000000000000003,0.0,2025-Jan-29-17:04:37.384832
0.7032548287490616,1508,0,1,0,0,0,0.0,0.0,2025-Jan-29-17:04:37.444160
0.6890766761829328,1509,13,1,0,1,0,0.1,0.0,2025-Jan-29-17:04:37.503154
0.7561001531834526,1510,25,1,0,-1,0,0.0,0.0,2025-Jan-29-17:04:37.591962
1.0123083105816981,1511,14,1,0,1,0,1.3000000000000003,0.0,2025-Jan-29-17:04:37.734178
0.7032548287490616,1512,0,1,0,0,0,0.0,0.0,2025-Jan-29-17:04:37.815376
0.7032518165836577,1513,13,1,0,0,0,0.0,0.0,2025-Jan-29-17:04:37.874498
0.5273184292742644,1514,13,1,0,1,0,1.3000000000000003,0.0,2025-Jan-29-17:04:37.956457
0.5273184292742644,1515,13,1,0,1,0,1.3000000000000003,0.0,2025-Jan-29-17:04:38.037355
1.0123083105816981,1516,14,1,0,1,0,1.3000000000000003,0.0,2025-Jan-29-17:04:38.119056
0.5273184292742644,1517,13,1,0,1,0,1.3000000000000003,0.0,2025-Jan-29-17:04:38.199081
0.5273184292742644,1518,13,1,0,1,0,1.3000000000000003,0.0,2025-Jan-29-17:04:38.279851
1.1882472949161151,1519,14,1,0,0,0,0.0,0.0,2025-Jan-29-17:04:38.337580
1.0123083105816981,1520,14,1,0,1,0,1.3000000000000003,0.0,2025-Jan-29-17:04:38.419381
1.2260787271081437,1521,14,1,0,-1,0,0.0,0.0,2025-Jan-29-17:04:38.499697
1.0181275531384781,1522,14,1,0,1,0,1.2000000000000002,0.0,2025-Jan-29-17:04:38.575462
0.5273184292742644,1523,13,1,0,1,0,1.3000000000000003,0.0,2025-Jan-29-17:04:38.698387
0.703254814907601,1524,0,1,0,1,0,1.2000000000000002,0.0,2025-Jan-29-17:04:38.786850
0.703254814907601,1525,0,1,0,1,0,1.2000000000000002,0.0,2025-Jan-29-17:04:38.848325
0.5273184292742644,1526,13,1,0,1,0,1.3000000000000003,0.0,2025-Jan-29-17:04:38.930791
0.533137148954184,1527,13,1,0,1,0,1.2000000000000002,0.0,2025-Jan-29-17:04:38.987608
1.1740717146503123,1528,14,1,0,1,0,0.1,0.0,2025-Jan-29-17:04:39.045063
1.0123083105816981,1529,14,1,0,1,0,1.3000000000000003,0.0,2025-Jan-29-17:04:39.127530
1.1882472949161151,1530,14,1,0,0,0,0.0,0.0,2025-Jan-29-17:04:39.184239
1.0123083105816981,1531,14,1,0,1,0,1.3000000000000003,0.0,2025-Jan-29-17:04:39.265447
1.1740717146503123,1532,14,1,0,1,0,0.1,0.0,2025-Jan-29-17:04:39.322317
0.533137148954184,1533,13,1,0,1,0,1.2000000000000002,0.0,2025-Jan-29-17:04:39.378758
0.533137148954184,1534,13,1,0,1,0,1.2000000000000002,0.0,2025-Jan-29-17:04:39.435061
1.0123083105816981,1535,14,1,0,1,0,1.3000000000000003,0.0,2025-Jan-29-17:04:39.516306
0.5273184292742644,1536,13,1,0,1,0,1.3000000000000003,0.0,2025-Jan-29-17:04:39.615800
0.5273184292742644,1537,13,1,0,1,0,1.3000000000000003,0.0,2025-Jan-29-17:04:39.738673
0.5273184292742644,1538,13,1,0,1,0,1.3000000000000003,0.0,2025-Jan-29-17:04:39.827572
0.5273184292742644,1539,13,1,0,1,0,1.3000000000000003,0.0,2025-Jan-29-17:04:39.905844
0.703254814907601,1540,0,1,0,1,0,1.2000000000000002,0.0,2025-Jan-29-17:04:39.960593
1.0181275531384781,1541,14,1,0,1,0,1.2000000000000002,0.0,2025-Jan-29-17:04:40.015135
1.0181275531384781,1542,14,1,0,1,0,1.2000000000000002,0.0,2025-Jan-29-17:04:40.070051
1.0123083105816981,1543,14,1,0,1,0,1.3000000000000003,0.0,2025-Jan-29-17:04:40.223436
1.0181275531384781,1544,14,1,0,1,0,1.2000000000000002,0.0,2025-Jan-29-17:04:40.279285
0.533137148954184,1545,13,1,0,1,0,1.2000000000000002,0.0,2025-Jan-29-17:04:40.333551
0.5273184292742644,1546,13,1,0,1,0,1.3000000000000003,0.0,2025-Jan-29-17:04:40.410149
0.5273184292742644,1547,13,1,0,1,0,1.3000000000000003,0.0,2025-Jan-29-17:04:40.486662
1.0181275531384781,1548,14,1,0,1,0,1.2000000000000002,0.0,2025-Jan-29-17:04:40.541059
1.0181275531384781,1549,14,1,0,1,0,1.2000000000000002,0.0,2025-Jan-29-17:04:40.624048
0.6890766761829328,1550,13,1,0,1,0,0.1,0.0,2025-Jan-29-17:04:40.703702
0.7032548162663678,1551,0,1,0,1,0,1.3000000000000003,0.0,2025-Jan-29-17:04:40.779371
0.5273184292742644,1552,13,1,0,1,0,1.3000000000000003,0.0,2025-Jan-29-17:04:40.862007
0.533137148954184,1553,13,1,0,1,0,1.2000000000000002,0.0,2025-Jan-29-17:04:40.918489
1.0123083105816981,1554,14,1,0,1,0,1.3000000000000003,0.0,2025-Jan-29-17:04:40.999423
1.0123083105816981,1555,14,1,0,1,0,1.3000000000000003,0.0,2025-Jan-29-17:04:41.077807
0.6890766761829328,1556,13,1,0,1,0,0.1,0.0,2025-Jan-29-17:04:41.136349
1.0123083105816981,1557,14,1,0,1,0,1.3000000000000003,0.0,2025-Jan-29-17:04:41.214411
0.5273184292742644,1558,13,1,0,1,0,1.3000000000000003,0.0,2025-Jan-29-17:04:41.290956
0.7032548306826437,1559,0,1,0,-1,0,0.0,0.0,2025-Jan-29-17:04:41.344993
0.5273184292742644,1560,13,1,0,1,0,1.3000000000000003,0.0,2025-Jan-29-17:04:41.421761
