Cost,Sim,Switch_State_Indx,Gen1_on,Gen2_on,Batt1_mode,Batt2_mode,Batt1_power_kW,Batt2_power_kW,Timestamp
1.058252443295311,17414,16,1,1,0,1,0.0,1.7000000000000002,2025-Jan-29-17:24:50.907354
1.1882472960016206,17415,7,1,0,-1,0,0.0,0.0,2025-Jan-29-17:24:50.970831
0.6190435120800686,17416,23,1,0,1,1,0.7000000000000001,1.1,2025-Jan-29-17:24:51.032353
0.974044165237802,17417,23,1,1,1,0,0.7000000000000001,0.0,2025-Jan-29-17:24:51.080120
1.0123085862075882,17418,10,1,0,1,1,1.4000000000000001,0.7000000000000001,2025-Jan-29-17:24:51.161519
1.5432479229259406,17419,4,1,1,1,-1,1.3000000000000003,0.0,2025-Jan-29-17:24:51.216395
1.160819734297283,17420,3,1,1,-1,-1,0.0,0.0,2025-Jan-29-17:24:51.280946
0.7182704898199814,17421,23,1,0,0,1,0.0,0.30000000000000004,2025-Jan-29-17:24:51.341816
1.6039825701468335,17422,8,1,1,1,-1,1.1,0.0,2025-Jan-29-17:24:51.400533
1.2260787269075122,17423,10,1,0,-1,0,0.0,0.0,2025-Jan-29-17:24:51.483376
1.0582554687157577,17424,1,1,1,0,0,0.0,0.0,2025-Jan-29-17:24:51.742785
0.7182821666823194,17425,2,1,0,-1,0,0.0,0.0,2025-Jan-29-17:24:51.838956
1.0299019783804928,17426,16,1,1,1,0,0.2,0.0,2025-Jan-29-17:24:51.922987
0.7032518164381372,17427,18,1,0,0,0,0.0,0.0,2025-Jan-29-17:24:51.983101
1.0273235871454691,17428,22,1,0,1,0,1.6,0.0,2025-Jan-29-17:24:52.068296
1.058252456597701,17429,13,1,1,0,0,0.0,0.0,2025-Jan-29-17:24:52.128695
0.6147559740341527,17430,18,1,0,-1,1,0.0,1.1,2025-Jan-29-17:24:52.232717
0.9882230516888272,17431,19,1,1,1,-1,0.6,0.0,2025-Jan-29-17:24:52.277527
1.004035049242154,17432,18,1,1,1,-1,1.0,0.0,2025-Jan-29-17:24:52.357037
1.0732828038461912,17433,2,1,1,0,0,0.0,0.0,2025-Jan-29-17:24:52.402298
1.012308881977404,17434,17,1,0,1,0,1.5000000000000002,0.0,2025-Jan-29-17:24:52.482567
1.058252443285706,17435,13,1,1,0,1,0.0,0.5,2025-Jan-29-17:24:52.539183
0.8326844145107867,17436,18,1,1,1,1,0.7000000000000001,1.5000000000000002,2025-Jan-29-17:24:52.617449
1.1882472985320298,17437,5,1,0,0,-1,0.0,0.0,2025-Jan-29-17:24:52.695408
1.0582554582807338,17438,0,1,1,1,-1,0.6,0.0,2025-Jan-29-17:24:52.795580
1.558257046225748,17439,24,1,1,0,0,0.0,0.0,2025-Jan-29-17:24:52.881034
1.145799018754965,17440,15,1,1,0,-1,0.0,0.0,2025-Jan-29-17:24:52.959575
1.096083017947357,17441,13,1,1,-1,0,0.0,0.0,2025-Jan-29-17:24:53.038391
1.0732828067797704,17442,2,1,1,-1,0,0.0,0.0,2025-Jan-29-17:24:53.082894
1.1882472947756426,17443,11,1,0,0,0,0.0,0.0,2025-Jan-29-17:24:53.139215
1.5917969327061021,17444,12,1,1,-1,0,0.0,0.0,2025-Jan-29-17:24:53.219067
0.7032518039358485,17445,16,1,0,0,1,0.0,1.5000000000000002,2025-Jan-29-17:24:53.275066
0.7032518044016711,17446,13,1,0,0,1,0.0,1.6,2025-Jan-29-17:24:53.330872
1.5432479349059145,17447,5,1,1,0,0,0.0,0.0,2025-Jan-29-17:24:53.386617
1.0449043983967272,17448,25,1,1,0,1,0.0,0.2,2025-Jan-29-17:24:53.430967
0.7182729372290622,17449,19,1,0,0,0,0.0,0.0,2025-Jan-29-17:24:53.475361
0.9697524754869116,17450,15,1,1,-1,1,0.0,1.4000000000000001,2025-Jan-29-17:24:53.592750
1.0307492066527897,17451,21,1,1,1,0,0.30000000000000004,0.0,2025-Jan-29-17:24:53.683241
1.5582598089635473,17452,12,1,1,0,0,0.0,0.0,2025-Jan-29-17:24:53.780847
1.01812755717222,17453,11,1,0,1,-1,1.2000000000000002,0.0,2025-Jan-29-17:24:53.857957
1.5432479349059145,17454,5,1,1,0,0,0.0,0.0,2025-Jan-29-17:24:53.915688
1.5582598088982227,17455,20,1,1,0,0,0.0,0.0,2025-Jan-29-17:24:53.970999
1.0732711297586115,17456,23,1,1,0,1,0.0,1.4000000000000001,2025-Jan-29-17:24:54.026419
1.248981930505805,17457,8,1,0,1,-1,1.5000000000000002,0.0,2025-Jan-29-17:24:54.083367
0.5273202172351048,17458,18,1,0,1,0,1.9000000000000001,0.0,2025-Jan-29-17:24:54.162039
1.5582575482556265,17459,6,1,1,0,0,0.0,0.0,2025-Jan-29-17:24:54.217747
1.4168988164494989,17460,8,1,1,0,1,0.0,1.8000000000000003,2025-Jan-29-17:24:54.297256
1.0582524564983662,17461,18,1,1,0,0,0.0,0.0,2025-Jan-29-17:24:54.352210
1.4873825602172714,17462,20,1,1,1,0,0.5,0.0,2025-Jan-29-17:24:54.407708
1.4438029630129066,17463,17,1,1,0,1,0.0,0.7000000000000001,2025-Jan-29-17:24:54.462428
1.0582524441798418,17464,13,1,1,0,1,0.0,0.2,2025-Jan-29-17:24:54.518891
1.1882472985320298,17465,5,1,0,0,-1,0.0,0.0,2025-Jan-29-17:24:54.590601
1.145799018754965,17466,15,1,1,0,-1,0.0,0.0,2025-Jan-29-17:24:54.716469
0.9456917955783832,17467,25,1,1,1,0,0.9,0.0,2025-Jan-29-17:24:54.788504
1.472368106760344,17468,11,1,1,1,0,0.5,0.0,2025-Jan-29-17:24:54.845575
1.0590989873335448,17469,21,1,1,1,0,0.1,0.0,2025-Jan-29-17:24:54.890870
1.1037329291610902,17470,25,1,1,-1,0,0.0,0.0,2025-Jan-29-17:24:54.948289
0.7032518164381372,17471,18,1,0,0,0,0.0,0.0,2025-Jan-29-17:24:55.003813
0.9023151050837622,17472,13,1,1,1,-1,1.1,0.0,2025-Jan-29-17:24:55.059534
0.7032548308487874,17473,0,1,0,0,-1,0.0,0.0,2025-Jan-29-17:24:55.113791
0.7032548308487874,17474,0,1,0,0,-1,0.0,0.0,2025-Jan-29-17:24:55.168586
0.7182821666823194,17475,2,1,0,-1,0,0.0,0.0,2025-Jan-29-17:24:55.210462
1.5582598089635473,17476,12,1,1,0,0,0.0,0.0,2025-Jan-29-17:24:55.264317
0.7032518164381372,17477,18,1,0,0,0,0.0,0.0,2025-Jan-29-17:24:55.317299
1.1882472960016206,17478,7,1,0,-1,0,0.0,0.0,2025-Jan-29-17:24:55.369977
1.0732828038461912,17479,2,1,1,0,0,0.0,0.0,2025-Jan-29-17:24:55.411247
0.6147559740341527,17480,18,1,0,-1,1,0.0,1.1,2025-Jan-29-17:24:55.510859
1.0474036038175933,17481,25,1,1,1,-1,0.8,0.0,2025-Jan-29-17:24:55.589046
1.5432479348916575,17482,7,1,1,0,0,0.0,0.0,2025-Jan-29-17:24:55.675030
1.0582554707465124,17483,0,1,1,-1,0,0.0,0.0,2025-Jan-29-17:24:55.759706
1.188247294787923,17484,17,1,0,0,0,0.0,0.0,2025-Jan-29-17:24:55.814541
1.0440773162582908,17485,16,1,1,1,0,0.1,0.0,2025-Jan-29-17:24:55.867304
1.2248933161499889,17486,17,1,0,-1,0,0.0,0.0,2025-Jan-29-17:24:55.941885
0.8477107634119062,17487,25,1,1,1,1,0.7000000000000001,1.5000000000000002,2025-Jan-29-17:24:56.011390
0.7032548308487874,17488,0,1,0,0,-1,0.0,0.0,2025-Jan-29-17:24:56.064085
1.558257046225748,17489,24,1,1,0,0,0.0,0.0,2025-Jan-29-17:24:56.117594
1.1608124689801373,17490,21,1,1,0,-1,0.0,0.0,2025-Jan-29-17:24:56.173271
0.7032518164381372,17491,18,1,0,0,0,0.0,0.0,2025-Jan-29-17:24:56.224634
1.1111030061933418,17492,21,1,1,-1,0,0.0,0.0,2025-Jan-29-17:24:56.278203
1.1882472947756426,17493,11,1,0,0,0,0.0,0.0,2025-Jan-29-17:24:56.330861
1.145799018754965,17494,15,1,1,0,-1,0.0,0.0,2025-Jan-29-17:24:56.407259
1.0732711430969912,17495,25,1,1,0,0,0.0,0.0,2025-Jan-29-17:24:56.447885
0.5919287662199604,17496,25,1,0,0,1,0.0,1.9000000000000001,2025-Jan-29-17:24:56.516973
1.188247284638376,17497,11,1,0,0,1,0.0,1.5000000000000002,2025-Jan-29-17:24:56.586380
1.0449043983967272,17498,25,1,1,0,1,0.0,0.2,2025-Jan-29-17:24:56.856396
0.7182729372290622,17499,19,1,0,0,0,0.0,0.0,2025-Jan-29-17:24:56.940041
0.9847690273560706,17500,25,1,1,-1,1,0.0,1.9000000000000001,2025-Jan-29-17:24:57.029560
1.1037329291610902,17501,25,1,1,-1,0,0.0,0.0,2025-Jan-29-17:24:57.084035
1.558257046225748,17502,24,1,1,0,0,0.0,0.0,2025-Jan-29-17:24:57.136778
1.0123088860625928,17503,11,1,0,1,-1,1.5000000000000002,0.0,2025-Jan-29-17:24:57.214403
1.0998577914922336,17504,14,1,0,1,-1,1.5000000000000002,0.0,2025-Jan-29-17:24:57.312460
0.7032518190940896,17505,16,1,0,0,-1,0.0,0.0,2025-Jan-29-17:24:57.365350
0.7182705063079972,17506,23,1,0,0,-1,0.0,0.0,2025-Jan-29-17:24:57.406743
1.145799018754965,17507,15,1,1,0,-1,0.0,0.0,2025-Jan-29-17:24:57.484324
0.7032518164381372,17508,18,1,0,0,0,0.0,0.0,2025-Jan-29-17:24:57.537483
0.7032548287490616,17509,0,1,0,0,0,0.0,0.0,2025-Jan-29-17:24:57.603896
1.0582554707465124,17510,0,1,1,-1,0,0.0,0.0,2025-Jan-29-17:24:57.689331
1.0582524564983662,17511,18,1,1,0,0,0.0,0.0,2025-Jan-29-17:24:57.760879
0.9882230485159164,17512,21,1,1,1,0,0.6,0.0,2025-Jan-29-17:24:57.803132
1.4438029630129066,17513,17,1,1,0,1,0.0,0.7000000000000001,2025-Jan-29-17:24:57.855450
1.0299019663551277,17514,16,1,1,1,1,0.2,1.9000000000000001,2025-Jan-29-17:24:57.907609
0.7182821665362829,17515,3,1,0,-1,0,0.0,0.0,2025-Jan-29-17:24:57.949299
0.9598712811241854,17516,19,1,1,1,-1,0.8,0.0,2025-Jan-29-17:24:57.990513
0.9456917955783832,17517,25,1,1,1,0,0.9,0.0,2025-Jan-29-17:24:58.032165
1.0123088729766783,17518,11,1,0,1,1,1.5000000000000002,0.7000000000000001,2025-Jan-29-17:24:58.111237
0.7032518165836577,17519,13,1,0,0,0,0.0,0.0,2025-Jan-29-17:24:58.163453
1.2032591688841716,17520,12,1,0,0,0,0.0,0.0,2025-Jan-29-17:24:58.228012
0.7032518164381372,17521,18,1,0,0,0,0.0,0.0,2025-Jan-29-17:24:58.290708
0.7182821637487402,17522,2,1,0,0,0,0.0,0.0,2025-Jan-29-17:24:58.339314
1.0582524556889323,17523,15,1,1,0,0,0.0,0.0,2025-Jan-29-17:24:58.394035
0.7032548308487874,17524,0,1,0,0,-1,0.0,0.0,2025-Jan-29-17:24:58.449995
0.7182821666823194,17525,2,1,0,-1,0,0.0,0.0,2025-Jan-29-17:24:58.501244
0.7032518165836577,17526,13,1,0,0,0,0.0,0.0,2025-Jan-29-17:24:58.590903
0.5423468574419313,17527,19,1,0,1,0,1.4000000000000001,0.0,2025-Jan-29-17:24:58.702516
1.0273244709403335,17528,22,1,0,1,0,1.9000000000000001,0.0,2025-Jan-29-17:24:58.811049
1.012308881604228,17529,10,1,0,1,0,1.5000000000000002,0.0,2025-Jan-29-17:24:58.899017
0.7032518164381372,17530,18,1,0,0,0,0.0,0.0,2025-Jan-29-17:24:58.961181
0.9882230486858502,17531,19,1,1,1,0,0.6,0.0,2025-Jan-29-17:24:59.012537
1.183633112612482,17532,18,1,1,-1,-1,0.0,0.0,2025-Jan-29-17:24:59.121838
0.7032548287490616,17533,0,1,0,0,0,0.0,0.0,2025-Jan-29-17:24:59.184674
0.6890766761892446,17534,16,1,0,1,0,0.1,0.0,2025-Jan-29-17:24:59.246076
1.1882472948363416,17535,8,1,0,0,0,0.0,0.0,2025-Jan-29-17:24:59.306667
0.8477137510488592,17536,21,1,1,1,1,0.7000000000000001,1.5000000000000002,2025-Jan-29-17:24:59.384591
0.6190435251294781,17537,23,1,0,1,0,0.7000000000000001,0.0,2025-Jan-29-17:24:59.434750
0.8058091477019476,17538,25,1,0,0,-1,0.0,0.0,2025-Jan-29-17:24:59.498322
0.7032548308487874,17539,0,1,0,0,-1,0.0,0.0,2025-Jan-29-17:24:59.577430
1.0732828038461912,17540,2,1,1,0,0,0.0,0.0,2025-Jan-29-17:24:59.666558
0.7182705030005031,17541,25,1,0,0,0,0.0,0.0,2025-Jan-29-17:24:59.757621
1.0732828067797704,17542,2,1,1,-1,0,0.0,0.0,2025-Jan-29-17:24:59.827972
1.1882472947756426,17543,11,1,0,0,0,0.0,0.0,2025-Jan-29-17:24:59.885563
0.7182729372290622,17544,19,1,0,0,0,0.0,0.0,2025-Jan-29-17:24:59.929712
0.5919287662199604,17545,25,1,0,0,1,0.0,1.9000000000000001,2025-Jan-29-17:25:00.002894
0.5919287662199604,17546,25,1,0,0,1,0.0,1.9000000000000001,2025-Jan-29-17:25:00.082164
1.1882472947756426,17547,11,1,0,0,0,0.0,0.0,2025-Jan-29-17:25:00.143961
1.0769101838961417,17548,9,1,0,-1,1,0.0,1.9000000000000001,2025-Jan-29-17:25:00.224297
0.7182729372290622,17549,19,1,0,0,0,0.0,0.0,2025-Jan-29-17:25:00.269978
1.4547431465508864,17550,14,1,1,-1,1,0.0,1.3000000000000003,2025-Jan-29-17:25:00.375637
0.9697449544306403,17551,15,1,1,-1,1,0.0,1.9000000000000001,2025-Jan-29-17:25:00.478622
0.7032548287490616,17552,0,1,0,0,0,0.0,0.0,2025-Jan-29-17:25:00.537847
1.0123086000885118,17553,11,1,0,1,-1,1.4000000000000001,0.0,2025-Jan-29-17:25:00.641659
0.7032548287490616,17554,0,1,0,0,0,0.0,0.0,2025-Jan-29-17:25:00.731044
0.7040958206858111,17555,25,1,0,1,0,0.1,0.0,2025-Jan-29-17:25:00.803024
0.7182705063079972,17556,23,1,0,0,-1,0.0,0.0,2025-Jan-29-17:25:00.849114
1.5006815788000525,17557,17,1,1,0,1,0.0,0.30000000000000004,2025-Jan-29-17:25:00.906493
0.7032518164381372,17558,18,1,0,0,0,0.0,0.0,2025-Jan-29-17:25:00.962126
0.6298762860453999,17559,25,1,0,1,-1,1.4000000000000001,0.0,2025-Jan-29-17:25:01.048493
1.0582554707465124,17560,0,1,1,-1,0,0.0,0.0,2025-Jan-29-17:25:01.103300
0.7032548306826437,17561,0,1,0,-1,0,0.0,0.0,2025-Jan-29-17:25:01.161566
1.1037329291610902,17562,25,1,1,-1,0,0.0,0.0,2025-Jan-29-17:25:01.222834
1.0590921856735038,17563,25,1,1,0,1,0.0,0.1,2025-Jan-29-17:25:01.270143
1.2032591688378944,17564,20,1,0,0,0,0.0,0.0,2025-Jan-29-17:25:01.328398
0.7182821636027037,17565,3,1,0,0,0,0.0,0.0,2025-Jan-29-17:25:01.378575
0.6190435120800686,17566,23,1,0,1,1,0.7000000000000001,1.1,2025-Jan-29-17:25:01.437079
0.7182705030005031,17567,25,1,0,0,0,0.0,0.0,2025-Jan-29-17:25:01.896272
0.7410823776243158,17568,18,1,0,-1,0,0.0,0.0,2025-Jan-29-17:25:02.016363
1.188247294787923,17569,17,1,0,0,0,0.0,0.0,2025-Jan-29-17:25:02.117621
1.1037329291610902,17570,25,1,1,-1,0,0.0,0.0,2025-Jan-29-17:25:02.182572
0.7182705030005031,17571,25,1,0,0,0,0.0,0.0,2025-Jan-29-17:25:02.230880
0.7032548287490616,17572,0,1,0,0,0,0.0,0.0,2025-Jan-29-17:25:02.291168
0.7032548308487874,17573,0,1,0,0,-1,0.0,0.0,2025-Jan-29-17:25:02.350560
1.1608097877885277,17574,25,1,1,0,-1,0.0,0.0,2025-Jan-29-17:25:02.414881
0.7182821666823194,17575,2,1,0,-1,0,0.0,0.0,2025-Jan-29-17:25:02.464707
0.7032518165899636,17576,16,1,0,0,0,0.0,0.0,2025-Jan-29-17:25:02.525132
0.5423468574419313,17577,19,1,0,1,0,1.4000000000000001,0.0,2025-Jan-29-17:25:02.604031
0.7182729370721538,17578,21,1,0,0,0,0.0,0.0,2025-Jan-29-17:25:02.655349
1.36731067129312,17579,10,1,1,1,0,1.9000000000000001,0.0,2025-Jan-29-17:25:02.741152
0.7182821636027037,17580,3,1,0,0,0,0.0,0.0,2025-Jan-29-17:25:02.791743
1.5015552196188708,17581,22,1,1,1,0,0.4,0.0,2025-Jan-29-17:25:02.851632
1.4298378943592611,17582,10,1,1,1,-1,0.8,0.0,2025-Jan-29-17:25:02.934926
0.7032548287490616,17583,0,1,0,0,0,0.0,0.0,2025-Jan-29-17:25:03.040981
0.7182821636027037,17584,3,1,0,0,0,0.0,0.0,2025-Jan-29-17:25:03.128305
0.6048674281320199,17585,23,1,0,1,1,0.8,1.4000000000000001,2025-Jan-29-17:25:03.184361
0.7032548287490616,17586,0,1,0,0,0,0.0,0.0,2025-Jan-29-17:25:03.238375
0.6473950891929016,17587,23,1,0,1,0,0.5,0.0,2025-Jan-29-17:25:03.280629
0.7032548308487874,17588,0,1,0,0,-1,0.0,0.0,2025-Jan-29-17:25:03.332523
0.7032548308487874,17589,0,1,0,0,-1,0.0,0.0,2025-Jan-29-17:25:03.387969
1.0732828037001547,17590,3,1,1,0,0,0.0,0.0,2025-Jan-29-17:25:03.430858
0.7907983793815168,17591,18,1,0,0,-1,0.0,0.0,2025-Jan-29-17:25:03.505673
0.7032548305854713,17592,1,1,0,-1,0,0.0,0.0,2025-Jan-29-17:25:03.557532
1.1882472947756426,17593,11,1,0,0,0,0.0,0.0,2025-Jan-29-17:25:03.611321
0.718270503145516,17594,23,1,0,0,0,0.0,0.0,2025-Jan-29-17:25:03.652721
1.1882472999269158,17595,10,1,0,0,-1,0.0,0.0,2025-Jan-29-17:25:03.705551
0.7032518165899636,17596,16,1,0,0,0,0.0,0.0,2025-Jan-29-17:25:03.758806
1.2032564062589408,17597,22,1,0,0,0,0.0,0.0,2025-Jan-29-17:25:03.811466
1.0449043983967272,17598,25,1,1,0,1,0.0,0.2,2025-Jan-29-17:25:03.852451
0.8058091477019476,17599,25,1,0,0,-1,0.0,0.0,2025-Jan-29-17:25:03.906371
0.7410823648559178,17600,16,1,0,-1,1,0.0,1.5000000000000002,2025-Jan-29-17:25:04.005011
0.9847690273560706,17601,25,1,1,-1,1,0.0,1.9000000000000001,2025-Jan-29-17:25:04.125237
0.7032548287490616,17602,0,1,0,0,0,0.0,0.0,2025-Jan-29-17:25:04.179129
1.0123086000885118,17603,11,1,0,1,-1,1.4000000000000001,0.0,2025-Jan-29-17:25:04.256279
0.7032548287490616,17604,0,1,0,0,0,0.0,0.0,2025-Jan-29-17:25:04.309070
0.7032548308487874,17605,0,1,0,0,-1,0.0,0.0,2025-Jan-29-17:25:04.361513
0.8058091477019476,17606,25,1,0,0,-1,0.0,0.0,2025-Jan-29-17:25:04.416290
0.7419248508240062,17607,21,1,0,-1,1,0.0,0.1,2025-Jan-29-17:25:04.470208
1.0590921856735038,17608,25,1,1,0,1,0.0,0.1,2025-Jan-29-17:25:04.510988
0.7368074570981904,17609,13,1,0,-1,-1,0.0,0.0,2025-Jan-29-17:25:04.586589
1.1882472843030716,17610,11,1,0,0,1,0.0,0.2,2025-Jan-29-17:25:04.639841
0.7908004349144597,17611,1,1,0,0,-1,0.0,0.0,2025-Jan-29-17:25:04.714800
0.7032548287490616,17612,0,1,0,0,0,0.0,0.0,2025-Jan-29-17:25:04.766676
0.5919287662199604,17613,25,1,0,0,1,0.0,1.9000000000000001,2025-Jan-29-17:25:04.836848
1.0440773152874794,17614,15,1,1,1,0,0.1,0.0,2025-Jan-29-17:25:04.887869
0.7182821637487402,17615,2,1,0,0,0,0.0,0.0,2025-Jan-29-17:25:04.930144
1.1882472985320298,17616,5,1,0,0,-1,0.0,0.0,2025-Jan-29-17:25:04.991735
0.7182705030005031,17617,25,1,0,0,0,0.0,0.0,2025-Jan-29-17:25:05.076130
1.1882472948363416,17618,8,1,0,0,0,0.0,0.0,2025-Jan-29-17:25:05.175419
0.7032518165836577,17619,13,1,0,0,0,0.0,0.0,2025-Jan-29-17:25:05.252267
1.1037329291610902,17620,25,1,1,-1,0,0.0,0.0,2025-Jan-29-17:25:05.308762
1.188247294787923,17621,17,1,0,0,0,0.0,0.0,2025-Jan-29-17:25:05.361351
0.7032548287490616,17622,0,1,0,0,0,0.0,0.0,2025-Jan-29-17:25:05.421971
0.7032548308487874,17623,0,1,0,0,-1,0.0,0.0,2025-Jan-29-17:25:05.483720
0.7032548308487874,17624,0,1,0,0,-1,0.0,0.0,2025-Jan-29-17:25:05.539583
0.7182821666823194,17625,2,1,0,-1,0,0.0,0.0,2025-Jan-29-17:25:05.581153
1.2032569081518871,17626,9,1,0,0,0,0.0,0.0,2025-Jan-29-17:25:05.638263
0.5423468574419313,17627,19,1,0,1,0,1.4000000000000001,0.0,2025-Jan-29-17:25:05.719508
0.542348415799361,17628,21,1,0,1,0,1.9000000000000001,0.0,2025-Jan-29-17:25:05.800161
1.2032569102654214,17629,6,1,0,-1,0,0.0,0.0,2025-Jan-29-17:25:05.857391
0.6297785122739266,17630,21,1,0,-1,1,0.0,1.3000000000000003,2025-Jan-29-17:25:05.952648
1.188247294787923,17631,17,1,0,0,0,0.0,0.0,2025-Jan-29-17:25:06.016677
1.489034289367498,17632,17,1,1,1,-1,1.0,0.0,2025-Jan-29-17:25:06.135886
0.7032548287490616,17633,0,1,0,0,0,0.0,0.0,2025-Jan-29-17:25:06.247277
0.6890766761892446,17634,16,1,0,1,0,0.1,0.0,2025-Jan-29-17:25:06.306838
0.7768226732604727,17635,25,1,1,1,1,1.2000000000000002,1.9000000000000001,2025-Jan-29-17:25:06.384923
0.7032548287490616,17636,0,1,0,0,0,0.0,0.0,2025-Jan-29-17:25:06.446224
1.089014182866189,17637,14,1,0,1,0,0.7000000000000001,0.0,2025-Jan-29-17:25:06.507839
0.7032548308487874,17638,0,1,0,0,-1,0.0,0.0,2025-Jan-29-17:25:06.567251
0.7908004349144597,17639,1,1,0,0,-1,0.0,0.0,2025-Jan-29-17:25:06.650858
1.0732828037001547,17640,3,1,1,0,0,0.0,0.0,2025-Jan-29-17:25:06.700215
1.1882472949645337,17641,7,1,0,0,0,0.0,0.0,2025-Jan-29-17:25:06.756043
0.7182821666823194,17642,2,1,0,-1,0,0.0,0.0,2025-Jan-29-17:25:06.801021
1.1882472947756426,17643,11,1,0,0,0,0.0,0.0,2025-Jan-29-17:25:06.856508
1.1882472948363416,17644,8,1,0,0,0,0.0,0.0,2025-Jan-29-17:25:07.282783
0.7182705030005031,17645,25,1,0,0,0,0.0,0.0,2025-Jan-29-17:25:07.370477
0.5919287662199604,17646,25,1,0,0,1,0.0,1.9000000000000001,2025-Jan-29-17:25:07.479539
1.188247294576375,17647,10,1,0,0,0,0.0,0.0,2025-Jan-29-17:25:07.536698
1.0449043983967272,17648,25,1,1,0,1,0.0,0.2,2025-Jan-29-17:25:07.582103
0.7182729372290622,17649,19,1,0,0,0,0.0,0.0,2025-Jan-29-17:25:07.626444
0.7032518039358485,17650,16,1,0,0,1,0.0,1.5000000000000002,2025-Jan-29-17:25:07.682405
0.9697449544306403,17651,15,1,1,-1,1,0.0,1.9000000000000001,2025-Jan-29-17:25:07.784341
0.7032548287490616,17652,0,1,0,0,0,0.0,0.0,2025-Jan-29-17:25:07.839613
1.1882472948240612,17653,5,1,0,0,0,0.0,0.0,2025-Jan-29-17:25:07.896013
0.7032548287490616,17654,0,1,0,0,0,0.0,0.0,2025-Jan-29-17:25:07.951102
0.7032518190940896,17655,16,1,0,0,-1,0.0,0.0,2025-Jan-29-17:25:08.006139
0.7182705063079972,17656,23,1,0,0,-1,0.0,0.0,2025-Jan-29-17:25:08.051036
0.7419248508240062,17657,21,1,0,-1,1,0.0,0.1,2025-Jan-29-17:25:08.108058
0.7410823776243158,17658,18,1,0,-1,0,0.0,0.0,2025-Jan-29-17:25:08.195670
0.6924029637175885,17659,25,1,0,1,-1,0.8,0.0,2025-Jan-29-17:25:08.307613
0.7032548306826437,17660,0,1,0,-1,0,0.0,0.0,2025-Jan-29-17:25:08.395047
0.7032548306826437,17661,0,1,0,-1,0,0.0,0.0,2025-Jan-29-17:25:08.469108
0.7032548287490616,17662,0,1,0,0,0,0.0,0.0,2025-Jan-29-17:25:08.524630
0.5919287662199604,17663,25,1,0,0,1,0.0,1.9000000000000001,2025-Jan-29-17:25:08.597969
0.6147458503405225,17664,15,1,0,-1,1,0.0,1.8000000000000003,2025-Jan-29-17:25:08.700726
0.7182821636027037,17665,3,1,0,0,0,0.0,0.0,2025-Jan-29-17:25:08.746947
0.6190435120800686,17666,23,1,0,1,1,0.7000000000000001,1.1,2025-Jan-29-17:25:08.802484
0.7182705030005031,17667,25,1,0,0,0,0.0,0.0,2025-Jan-29-17:25:08.847080
0.7410823776243158,17668,18,1,0,-1,0,0.0,0.0,2025-Jan-29-17:25:08.926313
0.7032518165836577,17669,13,1,0,0,0,0.0,0.0,2025-Jan-29-17:25:08.984096
1.1037329291610902,17670,25,1,1,-1,0,0.0,0.0,2025-Jan-29-17:25:09.045069
0.7032518164381372,17671,18,1,0,0,0,0.0,0.0,2025-Jan-29-17:25:09.102569
0.7032548287490616,17672,0,1,0,0,0,0.0,0.0,2025-Jan-29-17:25:09.171525
0.7032548308487874,17673,0,1,0,0,-1,0.0,0.0,2025-Jan-29-17:25:09.293173
0.7032548308487874,17674,0,1,0,0,-1,0.0,0.0,2025-Jan-29-17:25:09.389468
0.7182821666823194,17675,2,1,0,-1,0,0.0,0.0,2025-Jan-29-17:25:09.436284
0.7032518165836577,17676,13,1,0,0,0,0.0,0.0,2025-Jan-29-17:25:09.494186
0.5423468574419313,17677,19,1,0,1,0,1.4000000000000001,0.0,2025-Jan-29-17:25:09.569163
0.542348415799361,17678,21,1,0,1,0,1.9000000000000001,0.0,2025-Jan-29-17:25:09.644212
1.012308881604228,17679,10,1,0,1,0,1.5000000000000002,0.0,2025-Jan-29-17:25:09.725803
0.6147559740341527,17680,18,1,0,-1,1,0.0,1.1,2025-Jan-29-17:25:09.829254
0.9882230486858502,17681,19,1,1,1,0,0.6,0.0,2025-Jan-29-17:25:09.874155
1.004035049242154,17682,18,1,1,1,-1,1.0,0.0,2025-Jan-29-17:25:09.952846
0.7032548287490616,17683,0,1,0,0,0,0.0,0.0,2025-Jan-29-17:25:10.008808
0.6890766761892446,17684,16,1,0,1,0,0.1,0.0,2025-Jan-29-17:25:10.064530
0.6048674281320199,17685,23,1,0,1,1,0.8,1.4000000000000001,2025-Jan-29-17:25:10.144037
0.7032548287490616,17686,0,1,0,0,0,0.0,0.0,2025-Jan-29-17:25:10.247237
0.6190435251294781,17687,23,1,0,1,0,0.7000000000000001,0.0,2025-Jan-29-17:25:10.327660
0.7032548308487874,17688,0,1,0,0,-1,0.0,0.0,2025-Jan-29-17:25:10.390349
0.7032548308487874,17689,0,1,0,0,-1,0.0,0.0,2025-Jan-29-17:25:10.447206
1.0732828037001547,17690,3,1,1,0,0,0.0,0.0,2025-Jan-29-17:25:10.493563
0.7032518164381372,17691,18,1,0,0,0,0.0,0.0,2025-Jan-29-17:25:10.549074
0.7032548305854713,17692,1,1,0,-1,0,0.0,0.0,2025-Jan-29-17:25:10.605434
1.1882472947756426,17693,11,1,0,0,0,0.0,0.0,2025-Jan-29-17:25:10.662540
0.718270503145516,17694,23,1,0,0,0,0.0,0.0,2025-Jan-29-17:25:10.713073
0.5919287662199604,17695,25,1,0,0,1,0.0,1.9000000000000001,2025-Jan-29-17:25:10.798346
0.5919287662199604,17696,25,1,0,0,1,0.0,1.9000000000000001,2025-Jan-29-17:25:10.879410
1.188247284638376,17697,11,1,0,0,1,0.0,1.5000000000000002,2025-Jan-29-17:25:10.938828
1.0449043983967272,17698,25,1,1,0,1,0.0,0.2,2025-Jan-29-17:25:10.984580
0.7182729372290622,17699,19,1,0,0,0,0.0,0.0,2025-Jan-29-17:25:11.029957
0.7032518039358485,17700,16,1,0,0,1,0.0,1.5000000000000002,2025-Jan-29-17:25:11.103976
0.9697449544306403,17701,15,1,1,-1,1,0.0,1.9000000000000001,2025-Jan-29-17:25:11.256349
0.7032548287490616,17702,0,1,0,0,0,0.0,0.0,2025-Jan-29-17:25:11.331019
1.0123086000885118,17703,11,1,0,1,-1,1.4000000000000001,0.0,2025-Jan-29-17:25:11.413146
0.7032548287490616,17704,0,1,0,0,0,0.0,0.0,2025-Jan-29-17:25:11.469231
0.7032518190940896,17705,16,1,0,0,-1,0.0,0.0,2025-Jan-29-17:25:11.525030
0.7182705063079972,17706,23,1,0,0,-1,0.0,0.0,2025-Jan-29-17:25:11.569964
0.7419248508240062,17707,21,1,0,-1,1,0.0,0.1,2025-Jan-29-17:25:11.628083
0.5273202172351048,17708,18,1,0,1,0,1.9000000000000001,0.0,2025-Jan-29-17:25:11.707943
0.6298762860453999,17709,25,1,0,1,-1,1.4000000000000001,0.0,2025-Jan-29-17:25:11.794485
0.7032548306826437,17710,0,1,0,-1,0,0.0,0.0,2025-Jan-29-17:25:11.850690
0.7032548306826437,17711,0,1,0,-1,0,0.0,0.0,2025-Jan-29-17:25:11.906661
0.7032548287490616,17712,0,1,0,0,0,0.0,0.0,2025-Jan-29-17:25:11.962881
0.5919287662199604,17713,25,1,0,0,1,0.0,1.9000000000000001,2025-Jan-29-17:25:12.037532
0.6147458503405225,17714,15,1,0,-1,1,0.0,1.8000000000000003,2025-Jan-29-17:25:12.180424
