Cost,Sim,Switch_State_Indx,Gen1_on,Gen2_on,Batt1_mode,Batt2_mode,Batt1_power_kW,Batt2_power_kW,Timestamp
0.7182705030005031,17715,25,1,0,0,0,0.0,0.0,2025-Jan-29-17:25:12.280982
0.843646600794894,17716,21,1,0,-1,-1,0.0,0.0,2025-Jan-29-17:25:12.356803
1.145799018754965,17717,15,1,1,0,-1,0.0,0.0,2025-Jan-29-17:25:12.441201
1.203256914380677,17718,6,1,0,-1,-1,0.0,0.0,2025-Jan-29-17:25:12.505157
1.5156925134416381,17719,9,1,1,-1,1,0.0,0.30000000000000004,2025-Jan-29-17:25:12.565395
0.7487322891669068,17720,23,1,0,-1,0,0.0,0.0,2025-Jan-29-17:25:12.624894
1.0819048461386895,17721,18,1,1,-1,1,0.0,0.1,2025-Jan-29-17:25:12.707814
0.5769124645983642,17722,18,1,0,0,1,0.0,1.5000000000000002,2025-Jan-29-17:25:12.792410
0.7032518199523472,17723,13,1,0,0,-1,0.0,0.0,2025-Jan-29-17:25:12.849152
1.543247934780537,17724,4,1,1,0,0,0.0,0.0,2025-Jan-29-17:25:12.906177
0.969755275833863,17725,18,1,1,-1,1,0.0,1.2000000000000002,2025-Jan-29-17:25:13.010662
1.4169005084394866,17726,8,1,1,0,1,0.0,1.7000000000000002,2025-Jan-29-17:25:13.125684
0.9469436050267223,17727,21,1,1,0,1,0.0,1.2000000000000002,2025-Jan-29-17:25:13.636355
1.558257046225748,17728,24,1,1,0,0,0.0,0.0,2025-Jan-29-17:25:13.713282
1.058252459835037,17729,13,1,1,0,-1,0.0,0.0,2025-Jan-29-17:25:13.774578
1.0582554688129302,17730,0,1,1,0,0,0.0,0.0,2025-Jan-29-17:25:13.835550
0.7182821383711547,17731,2,1,0,1,1,1.0,1.2000000000000002,2025-Jan-29-17:25:13.898389
0.7182705030005031,17732,25,1,0,0,0,0.0,0.0,2025-Jan-29-17:25:13.948018
0.7032548286518892,17733,1,1,0,0,0,0.0,0.0,2025-Jan-29-17:25:14.006473
1.0582524556889323,17734,15,1,1,0,0,0.0,0.0,2025-Jan-29-17:25:14.101932
1.5917969362681887,17735,12,1,1,-1,-1,0.0,0.0,2025-Jan-29-17:25:14.241451
0.9469590465487123,17736,3,1,1,0,1,0.0,1.0,2025-Jan-29-17:25:14.338659
1.0732827906832072,17737,2,1,1,0,1,0.0,1.7000000000000002,2025-Jan-29-17:25:14.395721
1.0960830058902444,17738,16,1,1,-1,1,0.0,0.8,2025-Jan-29-17:25:14.474239
0.9456950910877023,17739,21,1,1,1,0,0.9,0.0,2025-Jan-29-17:25:14.518613
1.0732735771638882,17740,21,1,1,0,0,0.0,0.0,2025-Jan-29-17:25:14.562774
1.6307306306095737,17741,14,1,1,-1,-1,0.0,0.0,2025-Jan-29-17:25:14.641822
0.5423429024113815,17742,25,1,0,1,0,1.3000000000000003,0.0,2025-Jan-29-17:25:14.715360
0.7182821665362829,17743,3,1,0,-1,0,0.0,0.0,2025-Jan-29-17:25:14.759697
0.7032518156813519,17744,15,1,0,0,0,0.0,0.0,2025-Jan-29-17:25:14.814756
1.5582598089635473,17745,12,1,1,0,0,0.0,0.0,2025-Jan-29-17:25:14.870464
0.7032548287490616,17746,0,1,0,0,0,0.0,0.0,2025-Jan-29-17:25:14.926226
1.5432479401188743,17747,4,1,1,0,-1,0.0,0.0,2025-Jan-29-17:25:14.981801
0.7032518165899636,17748,16,1,0,0,0,0.0,0.0,2025-Jan-29-17:25:15.037248
0.8247332670051751,17749,15,1,0,-1,-1,0.0,0.0,2025-Jan-29-17:25:15.180058
0.5769101244986601,17750,1,1,0,0,1,0.0,1.9000000000000001,2025-Jan-29-17:25:15.289988
0.7182821666823194,17751,2,1,0,-1,0,0.0,0.0,2025-Jan-29-17:25:15.335876
1.248981940207102,17752,14,1,0,0,-1,0.0,0.0,2025-Jan-29-17:25:15.392375
1.1458010622127983,17753,1,1,1,1,-1,1.6,0.0,2025-Jan-29-17:25:15.471767
1.5582575482120697,17754,9,1,1,0,0,0.0,0.0,2025-Jan-29-17:25:15.527493
1.1882472948240612,17755,5,1,0,0,0,0.0,0.0,2025-Jan-29-17:25:15.584160
1.5917969362681887,17756,12,1,1,-1,-1,0.0,0.0,2025-Jan-29-17:25:15.664248
0.7032548305854713,17757,1,1,0,-1,0,0.0,0.0,2025-Jan-29-17:25:15.719606
0.7032518164381372,17758,18,1,0,0,0,0.0,0.0,2025-Jan-29-17:25:15.775208
1.4824962059285074,17759,24,1,1,-1,1,0.0,0.8,2025-Jan-29-17:25:15.855158
1.0193748200036201,17760,17,1,0,1,1,0.30000000000000004,1.6,2025-Jan-29-17:25:15.935535
1.0582554687157577,17761,1,1,1,0,0,0.0,0.0,2025-Jan-29-17:25:15.990855
1.02732300080127,17762,24,1,0,1,0,1.4000000000000001,0.0,2025-Jan-29-17:25:16.085422
1.6340617247158589,17763,17,1,1,-1,-1,0.0,0.0,2025-Jan-29-17:25:16.216825
1.0732711430969912,17764,25,1,1,0,0,0.0,0.0,2025-Jan-29-17:25:16.295700
0.5765180626086608,17765,19,1,0,1,0,1.0,0.0,2025-Jan-29-17:25:16.340412
0.7182705030005031,17766,25,1,0,0,0,0.0,0.0,2025-Jan-29-17:25:16.385483
1.2032564061623827,17767,24,1,0,0,0,0.0,0.0,2025-Jan-29-17:25:16.440918
1.2032569081518871,17768,9,1,0,0,0,0.0,0.0,2025-Jan-29-17:25:16.496227
0.7032548287490616,17769,0,1,0,0,0,0.0,0.0,2025-Jan-29-17:25:16.551649
0.5423429024113815,17770,25,1,0,1,0,1.3000000000000003,0.0,2025-Jan-29-17:25:16.624881
0.5481610800381617,17771,25,1,0,1,0,1.2000000000000002,0.0,2025-Jan-29-17:25:16.669140
0.7182705030005031,17772,25,1,0,0,0,0.0,0.0,2025-Jan-29-17:25:16.713396
0.7182729372290622,17773,19,1,0,0,0,0.0,0.0,2025-Jan-29-17:25:16.757963
1.2410870127559925,17774,24,1,0,-1,0,0.0,0.0,2025-Jan-29-17:25:16.839913
1.0331414432899138,17775,24,1,0,1,0,1.2000000000000002,0.0,2025-Jan-29-17:25:16.898993
1.1882472803138964,17776,8,1,0,1,0,0.1,0.0,2025-Jan-29-17:25:16.951484
0.7710143850627671,17777,25,1,1,1,1,1.8000000000000003,1.5000000000000002,2025-Jan-29-17:25:17.049073
0.7182705030005031,17778,25,1,0,0,0,0.0,0.0,2025-Jan-29-17:25:17.147996
0.770916372072973,17779,25,1,1,1,1,1.9000000000000001,1.8000000000000003,2025-Jan-29-17:25:17.298017
1.3313387198899451,17780,20,1,1,1,1,1.1,0.5,2025-Jan-29-17:25:17.355055
0.41600757936428767,17781,25,1,0,1,1,1.9000000000000001,1.9000000000000001,2025-Jan-29-17:25:17.453072
0.7182705030005031,17782,25,1,0,0,0,0.0,0.0,2025-Jan-29-17:25:17.497772
0.7032548287490616,17783,0,1,0,0,0,0.0,0.0,2025-Jan-29-17:25:17.553505
1.1882472949161151,17784,14,1,0,0,0,0.0,0.0,2025-Jan-29-17:25:17.609522
0.9848764437363399,17785,25,1,1,1,-1,1.9000000000000001,0.0,2025-Jan-29-17:25:17.695951
0.7182729370721538,17786,21,1,0,0,0,0.0,0.0,2025-Jan-29-17:25:17.740932
0.7561023661056487,17787,21,1,0,-1,0,0.0,0.0,2025-Jan-29-17:25:17.799450
0.5481610800381617,17788,25,1,0,1,0,1.2000000000000002,0.0,2025-Jan-29-17:25:17.847122
1.203256908176808,17789,6,1,0,0,0,0.0,0.0,2025-Jan-29-17:25:17.912329
1.2032564061623827,17790,24,1,0,0,0,0.0,0.0,2025-Jan-29-17:25:17.969219
0.8121651427739283,17791,25,1,1,1,1,1.9000000000000001,0.6,2025-Jan-29-17:25:18.040747
0.7182729372290622,17792,19,1,0,0,0,0.0,0.0,2025-Jan-29-17:25:18.099501
0.5423429024113815,17793,25,1,0,1,0,1.3000000000000003,0.0,2025-Jan-29-17:25:18.203887
0.5623414714496776,17794,21,1,0,1,0,1.1,0.0,2025-Jan-29-17:25:18.278618
0.7032548287490616,17795,0,1,0,0,0,0.0,0.0,2025-Jan-29-17:25:18.332358
0.7561001531834526,17796,25,1,0,-1,0,0.0,0.0,2025-Jan-29-17:25:18.386524
0.718270503145516,17797,23,1,0,0,0,0.0,0.0,2025-Jan-29-17:25:18.428282
0.771013278655482,17798,25,1,1,1,1,1.6,1.5000000000000002,2025-Jan-29-17:25:18.521827
0.7032548287490616,17799,0,1,0,0,0,0.0,0.0,2025-Jan-29-17:25:18.573480
0.6190435251294781,17800,23,1,0,1,0,0.7000000000000001,0.0,2025-Jan-29-17:25:18.615843
0.5273184291001904,17801,18,1,0,1,0,1.3000000000000003,0.0,2025-Jan-29-17:25:18.691573
1.2410870127559925,17802,24,1,0,-1,0,0.0,0.0,2025-Jan-29-17:25:18.774683
0.9848764437363399,17803,25,1,1,1,-1,1.9000000000000001,0.0,2025-Jan-29-17:25:18.873007
0.8973453787678878,17804,25,1,1,1,0,1.9000000000000001,0.0,2025-Jan-29-17:25:18.954117
1.0123085959247633,17805,17,1,0,1,0,1.4000000000000001,0.0,2025-Jan-29-17:25:19.042716
0.7561001531834526,17806,25,1,0,-1,0,0.0,0.0,2025-Jan-29-17:25:19.122473
0.7710082194975936,17807,25,1,1,1,1,1.9000000000000001,1.9000000000000001,2025-Jan-29-17:25:19.283163
0.7182705030005031,17808,25,1,0,0,0,0.0,0.0,2025-Jan-29-17:25:19.330938
1.2032591688841716,17809,12,1,0,0,0,0.0,0.0,2025-Jan-29-17:25:19.644556
0.7182705030005031,17810,25,1,0,0,0,0.0,0.0,2025-Jan-29-17:25:19.691743
0.8973435425289542,17811,25,1,1,1,0,1.3000000000000003,0.0,2025-Jan-29-17:25:19.766668
1.2032569081518871,17812,9,1,0,0,0,0.0,0.0,2025-Jan-29-17:25:19.826441
0.9848764437363399,17813,25,1,1,1,-1,1.9000000000000001,0.0,2025-Jan-29-17:25:19.914482
0.5623414714496776,17814,21,1,0,1,0,1.1,0.0,2025-Jan-29-17:25:19.960229
0.770916372072973,17815,25,1,1,1,1,1.9000000000000001,1.8000000000000003,2025-Jan-29-17:25:20.077557
0.41600757936428767,17816,25,1,0,1,1,1.9000000000000001,1.9000000000000001,2025-Jan-29-17:25:20.228534
1.188247279508582,17817,7,1,0,1,0,1.1,0.0,2025-Jan-29-17:25:20.311588
0.7032548287490616,17818,0,1,0,0,0,0.0,0.0,2025-Jan-29-17:25:20.373677
1.2367962926340237,17819,12,1,0,-1,0,0.0,0.0,2025-Jan-29-17:25:20.458668
0.7032548016120715,17820,0,1,0,1,1,1.2000000000000002,1.9000000000000001,2025-Jan-29-17:25:20.518491
0.7032518165836577,17821,13,1,0,0,0,0.0,0.0,2025-Jan-29-17:25:20.578339
0.41600757936428767,17822,25,1,0,1,1,1.9000000000000001,1.9000000000000001,2025-Jan-29-17:25:20.686354
0.5423471676231595,17823,21,1,0,1,0,1.5000000000000002,0.0,2025-Jan-29-17:25:20.766246
1.2032564061623827,17824,24,1,0,0,0,0.0,0.0,2025-Jan-29-17:25:20.827969
0.4160092574697545,17825,25,1,0,1,1,1.9000000000000001,1.8000000000000003,2025-Jan-29-17:25:20.932898
1.012308311569419,17826,11,1,0,1,0,1.3000000000000003,0.0,2025-Jan-29-17:25:21.020992
0.7710082194975936,17827,25,1,1,1,1,1.9000000000000001,1.9000000000000001,2025-Jan-29-17:25:21.165932
0.7032548022123184,17828,0,1,0,1,1,1.8000000000000003,1.9000000000000001,2025-Jan-29-17:25:21.276119
0.41600757936428767,17829,25,1,0,1,1,1.9000000000000001,1.9000000000000001,2025-Jan-29-17:25:21.387660
0.4160070218500005,17830,25,1,0,1,1,1.8000000000000003,1.9000000000000001,2025-Jan-29-17:25:21.493884
0.7032548287490616,17831,0,1,0,0,0,0.0,0.0,2025-Jan-29-17:25:21.555961
1.0273235871454691,17832,22,1,0,1,0,1.6,0.0,2025-Jan-29-17:25:21.641837
0.41600757936428767,17833,25,1,0,1,1,1.9000000000000001,1.9000000000000001,2025-Jan-29-17:25:21.751854
0.5473144613122608,17834,13,1,0,1,0,1.1,0.0,2025-Jan-29-17:25:21.816404
0.41600757936428767,17835,25,1,0,1,1,1.9000000000000001,1.9000000000000001,2025-Jan-29-17:25:21.912466
1.2032591688378944,17836,20,1,0,0,0,0.0,0.0,2025-Jan-29-17:25:21.964968
0.5273184291001904,17837,18,1,0,1,0,1.3000000000000003,0.0,2025-Jan-29-17:25:22.039271
0.5423474785959411,17838,21,1,0,1,0,1.6,0.0,2025-Jan-29-17:25:22.142151
0.4160059117025894,17839,25,1,0,1,1,1.6,1.9000000000000001,2025-Jan-29-17:25:22.279593
0.41601093733021766,17840,25,1,0,1,1,1.9000000000000001,1.7000000000000002,2025-Jan-29-17:25:22.373898
0.7032518156813519,17841,15,1,0,0,0,0.0,0.0,2025-Jan-29-17:25:22.426750
0.7710082194975936,17842,25,1,1,1,1,1.9000000000000001,1.9000000000000001,2025-Jan-29-17:25:22.519494
0.41600757936428767,17843,25,1,0,1,1,1.9000000000000001,1.9000000000000001,2025-Jan-29-17:25:22.612569
0.5423447386502132,17844,25,1,0,1,0,1.9000000000000001,0.0,2025-Jan-29-17:25:22.682203
0.7032548287490616,17845,0,1,0,0,0,0.0,0.0,2025-Jan-29-17:25:22.735163
1.2032564062589408,17846,22,1,0,0,0,0.0,0.0,2025-Jan-29-17:25:22.787504
1.2032564062589408,17847,22,1,0,0,0,0.0,0.0,2025-Jan-29-17:25:22.840708
0.8823193656840405,17848,18,1,1,1,0,1.4000000000000001,0.0,2025-Jan-29-17:25:22.914994
0.7710082194975936,17849,25,1,1,1,1,1.9000000000000001,1.9000000000000001,2025-Jan-29-17:25:23.007456
0.5423471676231595,17850,21,1,0,1,0,1.5000000000000002,0.0,2025-Jan-29-17:25:23.101144
0.41600757936428767,17851,25,1,0,1,1,1.9000000000000001,1.9000000000000001,2025-Jan-29-17:25:23.243978
1.2410870128463722,17852,22,1,0,-1,0,0.0,0.0,2025-Jan-29-17:25:23.323159
0.5273184291001904,17853,18,1,0,1,0,1.3000000000000003,0.0,2025-Jan-29-17:25:23.398313
0.41600757936428767,17854,25,1,0,1,1,1.9000000000000001,1.9000000000000001,2025-Jan-29-17:25:23.491639
0.5423474785959411,17855,21,1,0,1,0,1.6,0.0,2025-Jan-29-17:25:23.562176
0.5423471676231595,17856,21,1,0,1,0,1.5000000000000002,0.0,2025-Jan-29-17:25:23.631114
0.5423474785959411,17857,21,1,0,1,0,1.6,0.0,2025-Jan-29-17:25:23.700037
1.2032564062589408,17858,22,1,0,0,0,0.0,0.0,2025-Jan-29-17:25:23.752530
0.5769101124635552,17859,1,1,0,1,1,1.9000000000000001,1.9000000000000001,2025-Jan-29-17:25:23.837141
0.5273184291001904,17860,18,1,0,1,0,1.3000000000000003,0.0,2025-Jan-29-17:25:23.916587
0.7032518165836577,17861,13,1,0,0,0,0.0,0.0,2025-Jan-29-17:25:23.968480
0.4160230448769332,17862,25,1,0,1,1,1.8000000000000003,1.0,2025-Jan-29-17:25:24.068823
0.7710082194975936,17863,25,1,1,1,1,1.9000000000000001,1.9000000000000001,2025-Jan-29-17:25:24.211093
0.5423447386502132,17864,25,1,0,1,0,1.9000000000000001,0.0,2025-Jan-29-17:25:24.303513
0.7032548023043705,17865,0,1,0,1,1,1.9000000000000001,1.9000000000000001,2025-Jan-29-17:25:24.356427
0.4160059117025894,17866,25,1,0,1,1,1.6,1.9000000000000001,2025-Jan-29-17:25:24.450773
0.41600757936428767,17867,25,1,0,1,1,1.9000000000000001,1.9000000000000001,2025-Jan-29-17:25:24.553651
0.4160059117025894,17868,25,1,0,1,1,1.6,1.9000000000000001,2025-Jan-29-17:25:24.656298
0.4160059117025894,17869,25,1,0,1,1,1.6,1.9000000000000001,2025-Jan-29-17:25:24.753597
0.41600646611948977,17870,25,1,0,1,1,1.7000000000000002,1.9000000000000001,2025-Jan-29-17:25:24.866642
0.7032548287490616,17871,0,1,0,0,0,0.0,0.0,2025-Jan-29-17:25:24.930804
0.41600757936428767,17872,25,1,0,1,1,1.9000000000000001,1.9000000000000001,2025-Jan-29-17:25:25.038389
0.41600646611948977,17873,25,1,0,1,1,1.7000000000000002,1.9000000000000001,2025-Jan-29-17:25:25.171403
0.41600646611948977,17874,25,1,0,1,1,1.7000000000000002,1.9000000000000001,2025-Jan-29-17:25:25.317244
0.6298759963242001,17875,25,1,0,1,-1,1.7000000000000002,0.0,2025-Jan-29-17:25:25.413582
0.9009823830726815,17876,24,1,0,1,1,1.6,1.8000000000000003,2025-Jan-29-17:25:25.528949
0.7032548162678711,17877,0,1,0,1,0,1.9000000000000001,0.0,2025-Jan-29-17:25:25.590001
0.7032518165899636,17878,16,1,0,0,0,0.0,0.0,2025-Jan-29-17:25:25.649078
0.4160059117025894,17879,25,1,0,1,1,1.6,1.9000000000000001,2025-Jan-29-17:25:25.743441
0.7032548016035156,17880,0,1,0,1,1,1.1,0.5,2025-Jan-29-17:25:26.003141
0.41600757936428767,17881,25,1,0,1,1,1.9000000000000001,1.9000000000000001,2025-Jan-29-17:25:26.124870
0.5423447386502132,17882,25,1,0,1,0,1.9000000000000001,0.0,2025-Jan-29-17:25:26.238163
0.5423465473963687,17883,21,1,0,1,0,1.3000000000000003,0.0,2025-Jan-29-17:25:26.314121
0.41600535919721143,17884,25,1,0,1,1,1.5000000000000002,1.9000000000000001,2025-Jan-29-17:25:26.411628
0.41600757936428767,17885,25,1,0,1,1,1.9000000000000001,1.9000000000000001,2025-Jan-29-17:25:26.521185
0.7032548014625204,17886,0,1,0,1,1,0.30000000000000004,1.9000000000000001,2025-Jan-29-17:25:26.583867
0.6210235841620219,17887,25,1,0,-1,1,0.0,1.9000000000000001,2025-Jan-29-17:25:26.679876
0.7032548287490616,17888,0,1,0,0,0,0.0,0.0,2025-Jan-29-17:25:26.740798
0.420978981679458,17889,18,1,0,1,1,1.1,1.4000000000000001,2025-Jan-29-17:25:26.826555
0.4160059117025894,17890,25,1,0,1,1,1.6,1.9000000000000001,2025-Jan-29-17:25:26.934027
0.41600646611948977,17891,25,1,0,1,1,1.7000000000000002,1.9000000000000001,2025-Jan-29-17:25:27.042798
0.41600535919721143,17892,25,1,0,1,1,1.5000000000000002,1.9000000000000001,2025-Jan-29-17:25:27.200879
0.41600757936428767,17893,25,1,0,1,1,1.9000000000000001,1.9000000000000001,2025-Jan-29-17:25:27.325615
0.5423447386502132,17894,25,1,0,1,0,1.9000000000000001,0.0,2025-Jan-29-17:25:27.401842
1.2410895127534118,17895,12,1,0,-1,1,0.0,0.6,2025-Jan-29-17:25:27.487255
1.2032564061623827,17896,24,1,0,0,0,0.0,0.0,2025-Jan-29-17:25:27.545298
0.41600646611948977,17897,25,1,0,1,1,1.7000000000000002,1.9000000000000001,2025-Jan-29-17:25:27.651016
1.0582554688129302,17898,0,1,1,0,0,0.0,0.0,2025-Jan-29-17:25:27.703595
1.0582554688129302,17899,0,1,1,0,0,0.0,0.0,2025-Jan-29-17:25:27.755121
0.5423435119681252,17900,25,1,0,1,0,1.5000000000000002,0.0,2025-Jan-29-17:25:27.824059
0.7032548287490616,17901,0,1,0,0,0,0.0,0.0,2025-Jan-29-17:25:27.875983
0.4160059117025894,17902,25,1,0,1,1,1.6,1.9000000000000001,2025-Jan-29-17:25:27.968889
0.5423438175868711,17903,25,1,0,1,0,1.6,0.0,2025-Jan-29-17:25:28.041770
0.41600757936428767,17904,25,1,0,1,1,1.9000000000000001,1.9000000000000001,2025-Jan-29-17:25:28.198956
1.2032568943444417,17905,9,1,0,1,0,0.4,0.0,2025-Jan-29-17:25:28.301493
0.5423438177619394,17906,23,1,0,1,0,1.6,0.0,2025-Jan-29-17:25:28.380766
1.203256908176808,17907,6,1,0,0,0,0.0,0.0,2025-Jan-29-17:25:28.441783
0.5423447386502132,17908,25,1,0,1,0,1.9000000000000001,0.0,2025-Jan-29-17:25:28.522039
0.5423447259358989,17909,23,1,0,1,1,1.9000000000000001,1.9000000000000001,2025-Jan-29-17:25:28.611057
0.7032548287490616,17910,0,1,0,0,0,0.0,0.0,2025-Jan-29-17:25:28.672246
0.7032548023043705,17911,0,1,0,1,1,1.9000000000000001,1.9000000000000001,2025-Jan-29-17:25:28.732206
0.7032548287490616,17912,0,1,0,0,0,0.0,0.0,2025-Jan-29-17:25:28.793819
0.41600535919721143,17913,25,1,0,1,1,1.5000000000000002,1.9000000000000001,2025-Jan-29-17:25:28.893329
0.5423438175868711,17914,25,1,0,1,0,1.6,0.0,2025-Jan-29-17:25:28.973270
0.7710076619832643,17915,25,1,1,1,1,1.8000000000000003,1.9000000000000001,2025-Jan-29-17:25:29.103730
0.4160059117025894,17916,25,1,0,1,1,1.6,1.9000000000000001,2025-Jan-29-17:25:29.259385
0.41600535919721143,17917,25,1,0,1,1,1.5000000000000002,1.9000000000000001,2025-Jan-29-17:25:29.365185
0.5423435119681252,17918,25,1,0,1,0,1.5000000000000002,0.0,2025-Jan-29-17:25:29.442368
0.41600535919721143,17919,25,1,0,1,1,1.5000000000000002,1.9000000000000001,2025-Jan-29-17:25:29.541558
1.2410870127559925,17920,24,1,0,-1,0,0.0,0.0,2025-Jan-29-17:25:29.625278
0.7032548287490616,17921,0,1,0,0,0,0.0,0.0,2025-Jan-29-17:25:29.686795
0.7032548287490616,17922,0,1,0,0,0,0.0,0.0,2025-Jan-29-17:25:29.747870
0.7032548023043705,17923,0,1,0,1,1,1.9000000000000001,1.9000000000000001,2025-Jan-29-17:25:29.808214
0.5423438175868711,17924,25,1,0,1,0,1.6,0.0,2025-Jan-29-17:25:29.887192
0.5423435119681252,17925,25,1,0,1,0,1.5000000000000002,0.0,2025-Jan-29-17:25:29.964498
0.41600535919721143,17926,25,1,0,1,1,1.5000000000000002,1.9000000000000001,2025-Jan-29-17:25:30.077309
0.4643514539439697,17927,25,1,0,1,1,0.9,1.9000000000000001,2025-Jan-29-17:25:30.213512
0.9009840731251462,17928,24,1,0,1,1,1.6,1.7000000000000002,2025-Jan-29-17:25:30.357747
0.41600535919721143,17929,25,1,0,1,1,1.5000000000000002,1.9000000000000001,2025-Jan-29-17:25:30.460932
0.41600985401592894,17930,25,1,0,1,1,1.4000000000000001,1.6,2025-Jan-29-17:25:30.565233
0.4160059117025894,17931,25,1,0,1,1,1.6,1.9000000000000001,2025-Jan-29-17:25:30.670322
0.5423435119681252,17932,25,1,0,1,0,1.5000000000000002,0.0,2025-Jan-29-17:25:30.751085
0.41600535919721143,17933,25,1,0,1,1,1.5000000000000002,1.9000000000000001,2025-Jan-29-17:25:30.856117
0.41600535919721143,17934,25,1,0,1,1,1.5000000000000002,1.9000000000000001,2025-Jan-29-17:25:30.959501
0.7032548023802558,17935,0,1,0,1,1,0.4,0.5,2025-Jan-29-17:25:31.019664
0.4160070218500005,17936,25,1,0,1,1,1.8000000000000003,1.9000000000000001,2025-Jan-29-17:25:31.157436
0.5423435119681252,17937,25,1,0,1,0,1.5000000000000002,0.0,2025-Jan-29-17:25:31.281555
0.5423435119681252,17938,25,1,0,1,0,1.5000000000000002,0.0,2025-Jan-29-17:25:31.360646
0.5423444176937464,17939,23,1,0,1,1,1.8000000000000003,1.8000000000000003,2025-Jan-29-17:25:31.442341
0.41600535919721143,17940,25,1,0,1,1,1.5000000000000002,1.9000000000000001,2025-Jan-29-17:25:31.540526
0.5423435119681252,17941,25,1,0,1,0,1.5000000000000002,0.0,2025-Jan-29-17:25:31.614374
0.41600535919721143,17942,25,1,0,1,1,1.5000000000000002,1.9000000000000001,2025-Jan-29-17:25:31.713280
0.41600535919721143,17943,25,1,0,1,1,1.5000000000000002,1.9000000000000001,2025-Jan-29-17:25:31.811938
0.5423432069386988,17944,25,1,0,1,0,1.4000000000000001,0.0,2025-Jan-29-17:25:31.887040
0.4160059117025894,17945,25,1,0,1,1,1.6,1.9000000000000001,2025-Jan-29-17:25:31.990749
0.5423435119681252,17946,25,1,0,1,0,1.5000000000000002,0.0,2025-Jan-29-17:25:32.100741
0.41600535919721143,17947,25,1,0,1,1,1.5000000000000002,1.9000000000000001,2025-Jan-29-17:25:32.259959
0.577757689153405,17948,25,1,0,1,1,0.1,1.7000000000000002,2025-Jan-29-17:25:32.348964
0.5273202173404905,17949,16,1,0,1,0,1.9000000000000001,0.0,2025-Jan-29-17:25:32.429670
0.5423435119681252,17950,25,1,0,1,0,1.5000000000000002,0.0,2025-Jan-29-17:25:32.509856
0.41600535919721143,17951,25,1,0,1,1,1.5000000000000002,1.9000000000000001,2025-Jan-29-17:25:32.617232
0.41600535919721143,17952,25,1,0,1,1,1.5000000000000002,1.9000000000000001,2025-Jan-29-17:25:32.721674
0.41600535919721143,17953,25,1,0,1,1,1.5000000000000002,1.9000000000000001,2025-Jan-29-17:25:32.823330
0.5423447257765212,17954,23,1,0,1,1,1.9000000000000001,1.7000000000000002,2025-Jan-29-17:25:32.904206
0.7040958206858111,17955,25,1,0,1,0,0.1,0.0,2025-Jan-29-17:25:32.951453
0.5423435121431919,17956,23,1,0,1,0,1.5000000000000002,0.0,2025-Jan-29-17:25:33.405835
0.5919287662199604,17957,25,1,0,0,1,0.0,1.9000000000000001,2025-Jan-29-17:25:33.508230
0.41600425950147124,17958,25,1,0,1,1,1.3000000000000003,1.9000000000000001,2025-Jan-29-17:25:33.611779
0.4160059117025894,17959,25,1,0,1,1,1.6,1.9000000000000001,2025-Jan-29-17:25:33.708075
0.40097822013528645,17960,18,1,0,1,1,1.9000000000000001,1.9000000000000001,2025-Jan-29-17:25:33.811844
0.41600535919721143,17961,25,1,0,1,1,1.5000000000000002,1.9000000000000001,2025-Jan-29-17:25:33.910443
0.41600941043343703,17962,21,1,0,1,1,1.6,1.9000000000000001,2025-Jan-29-17:25:34.008441
0.41600535919721143,17963,25,1,0,1,1,1.5000000000000002,1.9000000000000001,2025-Jan-29-17:25:34.107533
0.5423435119681252,17964,25,1,0,1,0,1.5000000000000002,0.0,2025-Jan-29-17:25:34.181753
0.41600535919721143,17965,25,1,0,1,1,1.5000000000000002,1.9000000000000001,2025-Jan-29-17:25:34.300728
0.41600941043343703,17966,21,1,0,1,1,1.6,1.9000000000000001,2025-Jan-29-17:25:34.455978
0.40097822013528645,17967,18,1,0,1,1,1.9000000000000001,1.9000000000000001,2025-Jan-29-17:25:34.561178
0.40097822013528645,17968,18,1,0,1,1,1.9000000000000001,1.9000000000000001,2025-Jan-29-17:25:34.666438
0.41600941043343703,17969,21,1,0,1,1,1.6,1.9000000000000001,2025-Jan-29-17:25:34.768660
0.40097822013528645,17970,18,1,0,1,1,1.9000000000000001,1.9000000000000001,2025-Jan-29-17:25:34.881106
0.40097822013528645,17971,18,1,0,1,1,1.9000000000000001,1.9000000000000001,2025-Jan-29-17:25:34.992651
0.40097822013528645,17972,18,1,0,1,1,1.9000000000000001,1.9000000000000001,2025-Jan-29-17:25:35.104048
0.40097822013528645,17973,18,1,0,1,1,1.9000000000000001,1.9000000000000001,2025-Jan-29-17:25:35.231955
0.40097822013528645,17974,18,1,0,1,1,1.9000000000000001,1.9000000000000001,2025-Jan-29-17:25:35.408589
0.40097822013528645,17975,18,1,0,1,1,1.9000000000000001,1.9000000000000001,2025-Jan-29-17:25:35.527962
0.41600425950147124,17976,25,1,0,1,1,1.3000000000000003,1.9000000000000001,2025-Jan-29-17:25:35.634009
0.40097822013528645,17977,18,1,0,1,1,1.9000000000000001,1.9000000000000001,2025-Jan-29-17:25:35.743472
0.41600941043343703,17978,21,1,0,1,1,1.6,1.9000000000000001,2025-Jan-29-17:25:35.847943
0.40097822013528645,17979,18,1,0,1,1,1.9000000000000001,1.9000000000000001,2025-Jan-29-17:25:35.957693
0.40097822013528645,17980,18,1,0,1,1,1.9000000000000001,1.9000000000000001,2025-Jan-29-17:25:36.068491
0.40097822013528645,17981,18,1,0,1,1,1.9000000000000001,1.9000000000000001,2025-Jan-29-17:25:36.201863
0.5423474785959411,17982,21,1,0,1,0,1.6,0.0,2025-Jan-29-17:25:36.314875
0.41600425950147124,17983,25,1,0,1,1,1.3000000000000003,1.9000000000000001,2025-Jan-29-17:25:36.431858
0.40097822013528645,17984,18,1,0,1,1,1.9000000000000001,1.9000000000000001,2025-Jan-29-17:25:36.535705
0.41600941043343703,17985,21,1,0,1,1,1.6,1.9000000000000001,2025-Jan-29-17:25:36.638852
0.40097822013528645,17986,18,1,0,1,1,1.9000000000000001,1.9000000000000001,2025-Jan-29-17:25:36.744578
0.40097822013528645,17987,18,1,0,1,1,1.9000000000000001,1.9000000000000001,2025-Jan-29-17:25:36.851521
0.5423474785959411,17988,21,1,0,1,0,1.6,0.0,2025-Jan-29-17:25:36.923719
0.40097822013528645,17989,18,1,0,1,1,1.9000000000000001,1.9000000000000001,2025-Jan-29-17:25:37.022461
0.40097822013528645,17990,18,1,0,1,1,1.9000000000000001,1.9000000000000001,2025-Jan-29-17:25:37.157461
0.40097822013528645,17991,18,1,0,1,1,1.9000000000000001,1.9000000000000001,2025-Jan-29-17:25:37.303560
0.40097822013528645,17992,18,1,0,1,1,1.9000000000000001,1.9000000000000001,2025-Jan-29-17:25:37.415886
0.40097822013528645,17993,18,1,0,1,1,1.9000000000000001,1.9000000000000001,2025-Jan-29-17:25:37.516707
0.5423429024113815,17994,25,1,0,1,0,1.3000000000000003,0.0,2025-Jan-29-17:25:37.588357
0.40097822013528645,17995,18,1,0,1,1,1.9000000000000001,1.9000000000000001,2025-Jan-29-17:25:37.687770
0.5273202172351048,17996,18,1,0,1,0,1.9000000000000001,0.0,2025-Jan-29-17:25:37.762235
0.41600941043343703,17997,21,1,0,1,1,1.6,1.9000000000000001,2025-Jan-29-17:25:37.854655
0.40097822013528645,17998,18,1,0,1,1,1.9000000000000001,1.9000000000000001,2025-Jan-29-17:25:37.952225
0.41600425950147124,17999,25,1,0,1,1,1.3000000000000003,1.9000000000000001,2025-Jan-29-17:25:38.044186
0.5423474785959411,18000,21,1,0,1,0,1.6,0.0,2025-Jan-29-17:25:38.138278
0.41600941043343703,18001,21,1,0,1,1,1.6,1.9000000000000001,2025-Jan-29-17:25:38.266045
0.40097822013528645,18002,18,1,0,1,1,1.9000000000000001,1.9000000000000001,2025-Jan-29-17:25:38.368104
0.40097822013528645,18003,18,1,0,1,1,1.9000000000000001,1.9000000000000001,2025-Jan-29-17:25:38.466731
0.41600941043343703,18004,21,1,0,1,1,1.6,1.9000000000000001,2025-Jan-29-17:25:38.558815
0.5273202172351048,18005,18,1,0,1,0,1.9000000000000001,0.0,2025-Jan-29-17:25:38.634059
0.5423474785959411,18006,21,1,0,1,0,1.6,0.0,2025-Jan-29-17:25:38.703147
0.40097822013528645,18007,18,1,0,1,1,1.9000000000000001,1.9000000000000001,2025-Jan-29-17:25:38.800641
0.40097822013528645,18008,18,1,0,1,1,1.9000000000000001,1.9000000000000001,2025-Jan-29-17:25:38.899581
0.40097822013528645,18009,18,1,0,1,1,1.9000000000000001,1.9000000000000001,2025-Jan-29-17:25:38.997865
0.40097822013528645,18010,18,1,0,1,1,1.9000000000000001,1.9000000000000001,2025-Jan-29-17:25:39.115854
0.41600425950147124,18011,25,1,0,1,1,1.3000000000000003,1.9000000000000001,2025-Jan-29-17:25:39.244750
0.41600941043343703,18012,21,1,0,1,1,1.6,1.9000000000000001,2025-Jan-29-17:25:39.337852
0.41600941043343703,18013,21,1,0,1,1,1.6,1.9000000000000001,2025-Jan-29-17:25:39.430031
0.5423474785959411,18014,21,1,0,1,0,1.6,0.0,2025-Jan-29-17:25:39.499848
0.40097822013528645,18015,18,1,0,1,1,1.9000000000000001,1.9000000000000001,2025-Jan-29-17:25:39.596894
