Cost,Sim,Switch_State_Indx,Gen1_on,Gen2_on,Batt1_mode,Batt2_mode,Batt1_power_kW,Batt2_power_kW,Timestamp
1.203256908176808,18016,6,1,0,0,0,0.0,0.0,2025-Jan-29-17:25:39.650257
1.0732828038461912,18017,2,1,1,0,0,0.0,0.0,2025-Jan-29-17:25:39.692827
1.6458067962220135,18018,20,1,1,0,-1,0.0,0.0,2025-Jan-29-17:25:39.769678
0.7368074535047114,18019,15,1,0,-1,0,0.0,0.0,2025-Jan-29-17:25:39.854721
1.5432479348432389,18020,14,1,1,0,0,0.0,0.0,2025-Jan-29-17:25:39.917712
1.6458036696021932,18021,24,1,1,0,-1,0.0,0.0,2025-Jan-29-17:25:39.996166
1.1882472999269158,18022,10,1,0,0,-1,0.0,0.0,2025-Jan-29-17:25:40.066871
1.0732828038461912,18023,2,1,1,0,0,0.0,0.0,2025-Jan-29-17:25:40.146476
1.1882472949161151,18024,14,1,0,0,0,0.0,0.0,2025-Jan-29-17:25:40.433990
1.6340617247158589,18025,17,1,1,-1,-1,0.0,0.0,2025-Jan-29-17:25:40.534196
1.4169106733522736,18026,7,1,1,1,1,1.5000000000000002,1.1,2025-Jan-29-17:25:40.617954
0.7032548305854713,18027,1,1,0,-1,0,0.0,0.0,2025-Jan-29-17:25:40.673454
1.2489819404873708,18028,8,1,0,-1,-1,0.0,0.0,2025-Jan-29-17:25:40.730590
0.7032548014653685,18029,0,1,0,1,1,1.8000000000000003,1.5000000000000002,2025-Jan-29-17:25:40.788670
1.058252456597701,18030,13,1,1,0,0,0.0,0.0,2025-Jan-29-17:25:40.844200
0.7410823801238079,18031,16,1,0,-1,-1,0.0,0.0,2025-Jan-29-17:25:40.924313
1.5432479348660704,18032,8,1,1,0,0,0.0,0.0,2025-Jan-29-17:25:40.981193
1.1037329291610902,18033,25,1,1,-1,0,0.0,0.0,2025-Jan-29-17:25:41.038764
1.0732828038461912,18034,2,1,1,0,0,0.0,0.0,2025-Jan-29-17:25:41.104673
1.5440818848855187,18035,24,1,1,1,0,0.1,0.0,2025-Jan-29-17:25:41.200868
1.1882472800631794,18036,7,1,0,1,0,0.30000000000000004,0.0,2025-Jan-29-17:25:41.308588
1.5582575503442397,18037,6,1,1,-1,0,0.0,0.0,2025-Jan-29-17:25:41.373490
1.4872717124655341,18038,9,1,1,-1,1,0.0,0.5,2025-Jan-29-17:25:41.434133
1.0582554688129302,18039,0,1,1,0,0,0.0,0.0,2025-Jan-29-17:25:41.491467
1.183633112612482,18040,18,1,1,-1,-1,0.0,0.0,2025-Jan-29-17:25:41.594455
0.8263678090204668,18041,25,1,1,1,1,1.4000000000000001,0.5,2025-Jan-29-17:25:41.669243
0.9730434062653938,18042,18,1,1,0,1,0.0,0.6,2025-Jan-29-17:25:41.725106
1.07328279416407,18043,2,1,1,1,-1,1.5000000000000002,0.0,2025-Jan-29-17:25:41.781018
0.7032548306826437,18044,0,1,0,-1,0,0.0,0.0,2025-Jan-29-17:25:41.840381
0.647287436222497,18045,25,1,0,0,1,0.0,0.5,2025-Jan-29-17:25:41.887542
1.2908061561708264,18046,20,1,0,0,-1,0.0,0.0,2025-Jan-29-17:25:41.967153
0.7182705063079972,18047,23,1,0,0,-1,0.0,0.0,2025-Jan-29-17:25:42.013209
0.7032518165836577,18048,13,1,0,0,0,0.0,0.0,2025-Jan-29-17:25:42.088753
1.5432479377484252,18049,11,1,1,0,-1,0.0,0.0,2025-Jan-29-17:25:42.214655
1.1457199757600138,18050,17,1,0,1,0,0.30000000000000004,0.0,2025-Jan-29-17:25:42.298903
1.0440773152874794,18051,15,1,1,1,0,0.1,0.0,2025-Jan-29-17:25:42.357467
1.1882472853785042,18052,4,1,0,-1,1,0.0,0.5,2025-Jan-29-17:25:42.416710
1.203256908176808,18053,6,1,0,0,0,0.0,0.0,2025-Jan-29-17:25:42.476000
1.073282791652702,18054,3,1,1,1,0,0.7000000000000001,0.0,2025-Jan-29-17:25:42.534080
1.145799018754965,18055,15,1,1,0,-1,0.0,0.0,2025-Jan-29-17:25:42.615034
0.7032548306826437,18056,0,1,0,-1,0,0.0,0.0,2025-Jan-29-17:25:42.673336
1.5432479359031575,18057,8,1,1,-1,0,0.0,0.0,2025-Jan-29-17:25:42.732593
1.543247934857496,18058,11,1,1,0,0,0.0,0.0,2025-Jan-29-17:25:42.790849
1.5582570324199687,18059,22,1,1,0,1,0.0,1.8000000000000003,2025-Jan-29-17:25:42.848276
1.0732735771638882,18060,21,1,1,0,0,0.0,0.0,2025-Jan-29-17:25:42.893192
1.5798939562119503,18061,11,1,1,-1,0,0.0,0.0,2025-Jan-29-17:25:42.975061
0.7182821637487402,18062,2,1,0,0,0,0.0,0.0,2025-Jan-29-17:25:43.020521
1.2032568985554066,18063,6,1,0,1,-1,0.4,0.0,2025-Jan-29-17:25:43.089630
1.5582598089635473,18064,12,1,1,0,0,0.0,0.0,2025-Jan-29-17:25:43.176612
1.2410870128463722,18065,22,1,0,-1,0,0.0,0.0,2025-Jan-29-17:25:43.293436
0.5919466517378452,18066,3,1,0,-1,1,0.0,1.7000000000000002,2025-Jan-29-17:25:43.368143
1.5582575482556265,18067,6,1,1,0,0,0.0,0.0,2025-Jan-29-17:25:43.424437
1.1608124689801373,18068,21,1,1,0,-1,0.0,0.0,2025-Jan-29-17:25:43.481724
0.6709502061407221,18069,25,1,0,-1,1,0.0,0.6,2025-Jan-29-17:25:43.539056
1.375212515315336,18070,20,1,1,1,1,0.4,1.9000000000000001,2025-Jan-29-17:25:43.618384
1.1608097877885277,18071,25,1,1,0,-1,0.0,0.0,2025-Jan-29-17:25:43.675657
1.1942054706654686,18072,25,1,1,-1,-1,0.0,0.0,2025-Jan-29-17:25:43.745859
1.4168971258425112,18073,8,1,1,0,1,0.0,1.9000000000000001,2025-Jan-29-17:25:43.828313
0.9469294063316155,18074,25,1,1,0,1,0.0,1.9000000000000001,2025-Jan-29-17:25:43.904564
0.826384349432047,18075,21,1,1,1,1,1.9000000000000001,0.5,2025-Jan-29-17:25:43.983921
1.4168971115357518,18076,7,1,1,1,1,1.9000000000000001,1.9000000000000001,2025-Jan-29-17:25:44.091178
1.0273286140860804,18077,12,1,0,1,0,1.9000000000000001,0.0,2025-Jan-29-17:25:44.217687
1.0332305581996832,18078,21,1,1,1,-1,0.9,0.0,2025-Jan-29-17:25:44.306515
1.1882472688313592,18079,5,1,0,1,1,1.9000000000000001,1.9000000000000001,2025-Jan-29-17:25:44.364474
0.8823208459695109,18080,13,1,1,1,1,1.9000000000000001,0.8,2025-Jan-29-17:25:44.446612
0.4009849295831529,18081,18,1,0,1,1,1.9000000000000001,1.5000000000000002,2025-Jan-29-17:25:44.550690
1.5432479213165018,18082,8,1,1,1,0,0.2,0.0,2025-Jan-29-17:25:44.607928
0.9847690273560706,18083,25,1,1,-1,1,0.0,1.9000000000000001,2025-Jan-29-17:25:44.694544
1.5582575482120697,18084,9,1,1,0,0,0.0,0.0,2025-Jan-29-17:25:44.750576
0.7710076619832643,18085,25,1,1,1,1,1.8000000000000003,1.9000000000000001,2025-Jan-29-17:25:44.848930
1.0449215759002581,18086,25,1,1,1,0,0.2,0.0,2025-Jan-29-17:25:44.893763
1.5432479209051637,18087,8,1,1,1,0,1.9000000000000001,0.0,2025-Jan-29-17:25:44.950258
1.3673097997064751,18088,11,1,1,1,1,1.6,0.6,2025-Jan-29-17:25:45.030882
1.0582524556889323,18089,15,1,1,0,0,0.0,0.0,2025-Jan-29-17:25:45.358491
0.9847690273560706,18090,25,1,1,-1,1,0.0,1.9000000000000001,2025-Jan-29-17:25:45.484103
0.7710149406684673,18091,25,1,1,1,1,1.9000000000000001,1.5000000000000002,2025-Jan-29-17:25:45.579651
0.9469412409084009,18092,25,1,1,0,1,0.0,1.2000000000000002,2025-Jan-29-17:25:45.649439
1.3823286445008773,18093,12,1,1,1,1,1.7000000000000002,1.9000000000000001,2025-Jan-29-17:25:45.725445
0.9009861136609609,18094,20,1,0,1,1,1.6,1.8000000000000003,2025-Jan-29-17:25:45.826180
0.946936160422454,18095,25,1,1,0,1,0.0,1.5000000000000002,2025-Jan-29-17:25:45.897958
1.6458067962220135,18096,20,1,1,0,-1,0.0,0.0,2025-Jan-29-17:25:45.975046
0.8973441561016903,18097,23,1,1,1,-1,1.5000000000000002,0.0,2025-Jan-29-17:25:46.047427
0.5423447386502132,18098,25,1,0,1,0,1.9000000000000001,0.0,2025-Jan-29-17:25:46.120288
1.058252459123321,18099,16,1,1,0,-1,0.0,0.0,2025-Jan-29-17:25:46.171851
0.5331371487776685,18100,18,1,0,1,0,1.2000000000000002,0.0,2025-Jan-29-17:25:46.224272
1.1466374945943003,18101,21,1,1,1,-1,0.1,0.0,2025-Jan-29-17:25:46.300989
1.1111007802450086,18102,23,1,1,-1,1,0.0,0.6,2025-Jan-29-17:25:46.416898
0.5919466517378452,18103,3,1,0,-1,1,0.0,1.7000000000000002,2025-Jan-29-17:25:46.501425
1.4164965506316718,18104,22,1,1,1,1,1.0,0.8,2025-Jan-29-17:25:46.553716
1.058252443295311,18105,16,1,1,0,1,0.0,1.7000000000000002,2025-Jan-29-17:25:46.606302
1.543247935817624,18106,4,1,1,-1,0,0.0,0.0,2025-Jan-29-17:25:46.659319
0.5919466517378452,18107,3,1,0,-1,1,0.0,1.7000000000000002,2025-Jan-29-17:25:46.728733
0.7768226732604727,18108,25,1,1,1,1,1.2000000000000002,1.9000000000000001,2025-Jan-29-17:25:46.805344
0.9847690273560706,18109,25,1,1,-1,1,0.0,1.9000000000000001,2025-Jan-29-17:25:46.900776
0.9469294063316155,18110,25,1,1,0,1,0.0,1.9000000000000001,2025-Jan-29-17:25:46.971947
0.9848764437363399,18111,25,1,1,1,-1,1.9000000000000001,0.0,2025-Jan-29-17:25:47.058146
1.5432479200700464,18112,4,1,1,1,0,0.9,0.0,2025-Jan-29-17:25:47.113213
1.1182839595825618,18113,25,1,1,1,-1,0.30000000000000004,0.0,2025-Jan-29-17:25:47.166984
1.0732735649597374,18114,19,1,1,0,1,0.0,1.9000000000000001,2025-Jan-29-17:25:47.239724
0.7561001531834526,18115,25,1,0,-1,0,0.0,0.0,2025-Jan-29-17:25:47.333009
1.4168971273452002,18116,8,1,1,-1,1,0.0,1.9000000000000001,2025-Jan-29-17:25:47.432804
1.5582575482556265,18117,6,1,1,0,0,0.0,0.0,2025-Jan-29-17:25:47.487173
0.8973453827853174,18118,23,1,1,1,-1,1.9000000000000001,0.0,2025-Jan-29-17:25:47.557123
0.7710260422815584,18119,25,1,1,1,1,1.9000000000000001,0.9,2025-Jan-29-17:25:47.662580
0.8335281589346585,18120,25,1,1,1,1,0.8,1.9000000000000001,2025-Jan-29-17:25:47.744965
0.9469294063316155,18121,25,1,1,0,1,0.0,1.9000000000000001,2025-Jan-29-17:25:47.816643
1.1942054706654686,18122,25,1,1,-1,-1,0.0,0.0,2025-Jan-29-17:25:47.888752
1.4168971258425112,18123,8,1,1,0,1,0.0,1.9000000000000001,2025-Jan-29-17:25:47.977389
0.7710076619832643,18124,25,1,1,1,1,1.8000000000000003,1.9000000000000001,2025-Jan-29-17:25:48.086869
0.8121651427739283,18125,25,1,1,1,1,1.9000000000000001,0.6,2025-Jan-29-17:25:48.203324
1.4168971115357518,18126,7,1,1,1,1,1.9000000000000001,1.9000000000000001,2025-Jan-29-17:25:48.337875
1.0273286140860804,18127,12,1,0,1,0,1.9000000000000001,0.0,2025-Jan-29-17:25:48.429176
0.9906957038544394,18128,25,1,1,1,-1,1.2000000000000002,0.0,2025-Jan-29-17:25:48.490475
1.1882472688313592,18129,5,1,0,1,1,1.9000000000000001,1.9000000000000001,2025-Jan-29-17:25:48.552099
0.8823208459695109,18130,13,1,1,1,1,1.9000000000000001,0.8,2025-Jan-29-17:25:48.639341
0.9009860049917866,18131,20,1,0,1,1,1.9000000000000001,1.9000000000000001,2025-Jan-29-17:25:48.753188
1.4168971125187382,18132,8,1,1,1,1,0.2,1.9000000000000001,2025-Jan-29-17:25:48.839915
0.7710082194975936,18133,25,1,1,1,1,1.9000000000000001,1.9000000000000001,2025-Jan-29-17:25:48.948241
1.5582575482120697,18134,9,1,1,0,0,0.0,0.0,2025-Jan-29-17:25:49.008869
0.7710082194975936,18135,25,1,1,1,1,1.9000000000000001,1.9000000000000001,2025-Jan-29-17:25:49.136861
0.9185803011182164,18136,25,1,1,1,1,0.2,1.9000000000000001,2025-Jan-29-17:25:49.267453
1.3673106610227626,18137,11,1,1,1,1,1.9000000000000001,1.9000000000000001,2025-Jan-29-17:25:49.377236
1.2679001501344611,18138,14,1,1,1,1,1.9000000000000001,0.7000000000000001,2025-Jan-29-17:25:49.459708
1.0732711430969912,18139,25,1,1,0,0,0.0,0.0,2025-Jan-29-17:25:49.504361
0.9847690273560706,18140,25,1,1,-1,1,0.0,1.9000000000000001,2025-Jan-29-17:25:49.606290
0.7710082194975936,18141,25,1,1,1,1,1.9000000000000001,1.9000000000000001,2025-Jan-29-17:25:49.708530
0.9469294063316155,18142,25,1,1,0,1,0.0,1.9000000000000001,2025-Jan-29-17:25:49.786625
1.3823286445008773,18143,12,1,1,1,1,1.7000000000000002,1.9000000000000001,2025-Jan-29-17:25:49.869838
0.9009861136609609,18144,20,1,0,1,1,1.6,1.8000000000000003,2025-Jan-29-17:25:49.975345
0.946936160422454,18145,25,1,1,0,1,0.0,1.5000000000000002,2025-Jan-29-17:25:50.064009
1.6458067962220135,18146,20,1,1,0,-1,0.0,0.0,2025-Jan-29-17:25:50.195848
0.8973441561016903,18147,23,1,1,1,-1,1.5000000000000002,0.0,2025-Jan-29-17:25:50.316248
0.5423447386502132,18148,25,1,0,1,0,1.9000000000000001,0.0,2025-Jan-29-17:25:50.392134
1.058252459123321,18149,16,1,1,0,-1,0.0,0.0,2025-Jan-29-17:25:50.447497
0.542348403950808,18150,19,1,0,1,1,1.9000000000000001,1.3000000000000003,2025-Jan-29-17:25:50.527280
0.4009849295831529,18151,18,1,0,1,1,1.9000000000000001,1.5000000000000002,2025-Jan-29-17:25:50.631323
0.7979293072870267,18152,25,1,1,1,1,1.6,0.7000000000000001,2025-Jan-29-17:25:50.705023
0.6297733756372901,18153,21,1,0,-1,1,0.0,1.7000000000000002,2025-Jan-29-17:25:50.790783
1.4164965506316718,18154,22,1,1,1,1,1.0,0.8,2025-Jan-29-17:25:50.847641
0.4009849295831529,18155,18,1,0,1,1,1.9000000000000001,1.5000000000000002,2025-Jan-29-17:25:50.952909
1.543247935817624,18156,4,1,1,-1,0,0.0,0.0,2025-Jan-29-17:25:51.013317
1.2559866450859447,18157,20,1,1,1,1,1.9000000000000001,1.9000000000000001,2025-Jan-29-17:25:51.160461
0.7768226732604727,18158,25,1,1,1,1,1.2000000000000002,1.9000000000000001,2025-Jan-29-17:25:51.279769
0.9847690273560706,18159,25,1,1,-1,1,0.0,1.9000000000000001,2025-Jan-29-17:25:51.367521
0.7710082194975936,18160,25,1,1,1,1,1.9000000000000001,1.9000000000000001,2025-Jan-29-17:25:51.466775
0.9848764437363399,18161,25,1,1,1,-1,1.9000000000000001,0.0,2025-Jan-29-17:25:51.555718
1.5432479200700464,18162,4,1,1,1,0,0.9,0.0,2025-Jan-29-17:25:51.614357
0.9044172725998213,18163,25,1,1,1,1,0.30000000000000004,1.2000000000000002,2025-Jan-29-17:25:51.687259
0.7710048996345256,18164,25,1,1,1,1,1.3000000000000003,1.9000000000000001,2025-Jan-29-17:25:51.785924
1.1037329291610902,18165,25,1,1,-1,0,0.0,0.0,2025-Jan-29-17:25:51.842851
1.4168971273452002,18166,8,1,1,-1,1,0.0,1.9000000000000001,2025-Jan-29-17:25:51.924900
1.5582575482556265,18167,6,1,1,0,0,0.0,0.0,2025-Jan-29-17:25:51.982425
1.2559829197818573,18168,24,1,1,1,1,1.9000000000000001,1.9000000000000001,2025-Jan-29-17:25:52.105303
0.7710260422815584,18169,25,1,1,1,1,1.9000000000000001,0.9,2025-Jan-29-17:25:52.257085
0.8335281589346585,18170,25,1,1,1,1,0.8,1.9000000000000001,2025-Jan-29-17:25:52.354034
0.7710082194975936,18171,25,1,1,1,1,1.9000000000000001,1.9000000000000001,2025-Jan-29-17:25:52.459932
1.1942054706654686,18172,25,1,1,-1,-1,0.0,0.0,2025-Jan-29-17:25:52.539295
1.4168971258425112,18173,8,1,1,0,1,0.0,1.9000000000000001,2025-Jan-29-17:25:52.905431
0.7710082194975936,18174,25,1,1,1,1,1.9000000000000001,1.9000000000000001,2025-Jan-29-17:25:53.007391
0.7979420981286184,18175,25,1,1,1,1,1.9000000000000001,0.7000000000000001,2025-Jan-29-17:25:53.124776
1.41689711236322,18176,8,1,1,1,1,1.9000000000000001,1.9000000000000001,2025-Jan-29-17:25:53.282483
1.0273286140860804,18177,12,1,0,1,0,1.9000000000000001,0.0,2025-Jan-29-17:25:53.376361
0.9848768294976302,18178,25,1,1,1,-1,1.5000000000000002,0.0,2025-Jan-29-17:25:53.468592
0.4009849295831529,18179,18,1,0,1,1,1.9000000000000001,1.5000000000000002,2025-Jan-29-17:25:53.575745
0.8823208459695109,18180,13,1,1,1,1,1.9000000000000001,0.8,2025-Jan-29-17:25:53.656854
0.9009860049917866,18181,20,1,0,1,1,1.9000000000000001,1.9000000000000001,2025-Jan-29-17:25:53.762261
1.431910808375188,18182,9,1,1,1,1,0.30000000000000004,1.9000000000000001,2025-Jan-29-17:25:53.845804
0.7710082194975936,18183,25,1,1,1,1,1.9000000000000001,1.9000000000000001,2025-Jan-29-17:25:53.948536
1.5582575482120697,18184,9,1,1,0,0,0.0,0.0,2025-Jan-29-17:25:54.012996
0.7710082194975936,18185,25,1,1,1,1,1.9000000000000001,1.9000000000000001,2025-Jan-29-17:25:54.157627
0.9327549559987146,18186,25,1,1,1,1,0.1,1.9000000000000001,2025-Jan-29-17:25:54.276493
0.8823208454271804,18187,13,1,1,1,1,1.9000000000000001,1.9000000000000001,2025-Jan-29-17:25:54.357989
1.253668281877246,18188,17,1,1,1,1,1.9000000000000001,0.8,2025-Jan-29-17:25:54.439017
1.0732711430969912,18189,25,1,1,0,0,0.0,0.0,2025-Jan-29-17:25:54.486036
0.9847690273560706,18190,25,1,1,-1,1,0.0,1.9000000000000001,2025-Jan-29-17:25:54.577147
0.7710082194975936,18191,25,1,1,1,1,1.9000000000000001,1.9000000000000001,2025-Jan-29-17:25:54.675426
0.9469294063316155,18192,25,1,1,0,1,0.0,1.9000000000000001,2025-Jan-29-17:25:54.748645
1.3823286445008773,18193,12,1,1,1,1,1.7000000000000002,1.9000000000000001,2025-Jan-29-17:25:54.828753
0.9009861136609609,18194,20,1,0,1,1,1.6,1.8000000000000003,2025-Jan-29-17:25:54.932233
0.946936160422454,18195,25,1,1,0,1,0.0,1.5000000000000002,2025-Jan-29-17:25:55.007133
1.6458067962220135,18196,20,1,1,0,-1,0.0,0.0,2025-Jan-29-17:25:55.120237
0.8973441561016903,18197,23,1,1,1,-1,1.5000000000000002,0.0,2025-Jan-29-17:25:55.234866
0.5423447386502132,18198,25,1,0,1,0,1.9000000000000001,0.0,2025-Jan-29-17:25:55.341529
1.058252459123321,18199,16,1,1,0,-1,0.0,0.0,2025-Jan-29-17:25:55.402589
0.542348403950808,18200,19,1,0,1,1,1.9000000000000001,1.3000000000000003,2025-Jan-29-17:25:55.488563
1.1466374945943003,18201,21,1,1,1,-1,0.1,0.0,2025-Jan-29-17:25:55.551261
0.7837112303899821,18202,25,1,1,1,1,1.9000000000000001,0.8,2025-Jan-29-17:25:55.626645
0.6297733756372901,18203,21,1,0,-1,1,0.0,1.7000000000000002,2025-Jan-29-17:25:55.714116
1.4164965506316718,18204,22,1,1,1,1,1.0,0.8,2025-Jan-29-17:25:55.770822
0.5423484042465156,18205,19,1,0,1,1,1.9000000000000001,1.9000000000000001,2025-Jan-29-17:25:55.851441
1.543247935817624,18206,4,1,1,-1,0,0.0,0.0,2025-Jan-29-17:25:55.908048
1.2559866450859447,18207,20,1,1,1,1,1.9000000000000001,1.9000000000000001,2025-Jan-29-17:25:56.013849
0.7768226732604727,18208,25,1,1,1,1,1.2000000000000002,1.9000000000000001,2025-Jan-29-17:25:56.127548
0.9847690273560706,18209,25,1,1,-1,1,0.0,1.9000000000000001,2025-Jan-29-17:25:56.263567
0.7710082194975936,18210,25,1,1,1,1,1.9000000000000001,1.9000000000000001,2025-Jan-29-17:25:56.382159
0.9848764437363399,18211,25,1,1,1,-1,1.9000000000000001,0.0,2025-Jan-29-17:25:56.475175
1.5432479200700464,18212,4,1,1,1,0,0.9,0.0,2025-Jan-29-17:25:56.537250
0.9044155786798987,18213,25,1,1,1,1,0.30000000000000004,1.3000000000000003,2025-Jan-29-17:25:56.614708
0.7710048996345256,18214,25,1,1,1,1,1.3000000000000003,1.9000000000000001,2025-Jan-29-17:25:56.716968
1.1037329291610902,18215,25,1,1,-1,0,0.0,0.0,2025-Jan-29-17:25:56.778197
1.4168971273452002,18216,8,1,1,-1,1,0.0,1.9000000000000001,2025-Jan-29-17:25:56.860630
1.5582575482556265,18217,6,1,1,0,0,0.0,0.0,2025-Jan-29-17:25:56.917846
1.2559829197818573,18218,24,1,1,1,1,1.9000000000000001,1.9000000000000001,2025-Jan-29-17:25:57.022747
0.7710260422815584,18219,25,1,1,1,1,1.9000000000000001,0.9,2025-Jan-29-17:25:57.143523
0.8335281589346585,18220,25,1,1,1,1,0.8,1.9000000000000001,2025-Jan-29-17:25:57.250334
0.7710082194975936,18221,25,1,1,1,1,1.9000000000000001,1.9000000000000001,2025-Jan-29-17:25:57.352712
1.1942054706654686,18222,25,1,1,-1,-1,0.0,0.0,2025-Jan-29-17:25:57.428989
1.4168971258425112,18223,8,1,1,0,1,0.0,1.9000000000000001,2025-Jan-29-17:25:57.516474
0.7710082194975936,18224,25,1,1,1,1,1.9000000000000001,1.9000000000000001,2025-Jan-29-17:25:57.623466
0.7837112303899821,18225,25,1,1,1,1,1.9000000000000001,0.8,2025-Jan-29-17:25:57.703285
1.41689711236322,18226,8,1,1,1,1,1.9000000000000001,1.9000000000000001,2025-Jan-29-17:25:57.787852
1.0273286140860804,18227,12,1,0,1,0,1.9000000000000001,0.0,2025-Jan-29-17:25:57.873197
0.9848765401810569,18228,25,1,1,1,-1,1.8000000000000003,0.0,2025-Jan-29-17:25:57.966917
0.5423447259358989,18229,23,1,0,1,1,1.9000000000000001,1.9000000000000001,2025-Jan-29-17:25:58.069091
0.8823208459695109,18230,13,1,1,1,1,1.9000000000000001,0.8,2025-Jan-29-17:25:58.208976
0.9009860049917866,18231,20,1,0,1,1,1.9000000000000001,1.9000000000000001,2025-Jan-29-17:25:58.336752
1.431910808375188,18232,9,1,1,1,1,0.30000000000000004,1.9000000000000001,2025-Jan-29-17:25:58.423388
0.7710082194975936,18233,25,1,1,1,1,1.9000000000000001,1.9000000000000001,2025-Jan-29-17:25:58.524723
1.5582575482120697,18234,9,1,1,0,0,0.0,0.0,2025-Jan-29-17:25:58.584545
0.7710082194975936,18235,25,1,1,1,1,1.9000000000000001,1.9000000000000001,2025-Jan-29-17:25:58.688332
0.9327549559987146,18236,25,1,1,1,1,0.1,1.9000000000000001,2025-Jan-29-17:25:58.768460
0.882320845781066,18237,16,1,1,1,1,1.9000000000000001,1.9000000000000001,2025-Jan-29-17:25:58.852219
1.256004601401116,18238,20,1,1,1,1,1.9000000000000001,0.9,2025-Jan-29-17:25:59.266559
1.0732711430969912,18239,25,1,1,0,0,0.0,0.0,2025-Jan-29-17:25:59.347566
0.9847690273560706,18240,25,1,1,-1,1,0.0,1.9000000000000001,2025-Jan-29-17:25:59.447895
0.7710082194975936,18241,25,1,1,1,1,1.9000000000000001,1.9000000000000001,2025-Jan-29-17:25:59.547214
0.9469294063316155,18242,25,1,1,0,1,0.0,1.9000000000000001,2025-Jan-29-17:25:59.619925
1.3823286445008773,18243,12,1,1,1,1,1.7000000000000002,1.9000000000000001,2025-Jan-29-17:25:59.702023
0.9009861136609609,18244,20,1,0,1,1,1.6,1.8000000000000003,2025-Jan-29-17:25:59.811927
0.946936160422454,18245,25,1,1,0,1,0.0,1.5000000000000002,2025-Jan-29-17:25:59.889231
1.6458067962220135,18246,20,1,1,0,-1,0.0,0.0,2025-Jan-29-17:25:59.979723
0.8973441561016903,18247,23,1,1,1,-1,1.5000000000000002,0.0,2025-Jan-29-17:26:00.060601
0.5423447386502132,18248,25,1,0,1,0,1.9000000000000001,0.0,2025-Jan-29-17:26:00.178932
1.5582570484090077,18249,22,1,1,0,-1,0.0,0.0,2025-Jan-29-17:26:00.287415
0.542348403950808,18250,19,1,0,1,1,1.9000000000000001,1.3000000000000003,2025-Jan-29-17:26:00.388777
1.1466374945943003,18251,21,1,1,1,-1,0.1,0.0,2025-Jan-29-17:26:00.453595
0.7710260422815584,18252,25,1,1,1,1,1.9000000000000001,0.9,2025-Jan-29-17:26:00.558082
0.6297733756372901,18253,21,1,0,-1,1,0.0,1.7000000000000002,2025-Jan-29-17:26:00.652006
1.4164965506316718,18254,22,1,1,1,1,1.0,0.8,2025-Jan-29-17:26:00.710556
0.5423484042465156,18255,19,1,0,1,1,1.9000000000000001,1.9000000000000001,2025-Jan-29-17:26:00.794118
1.543247935817624,18256,4,1,1,-1,0,0.0,0.0,2025-Jan-29-17:26:00.853705
1.2559866450859447,18257,20,1,1,1,1,1.9000000000000001,1.9000000000000001,2025-Jan-29-17:26:00.961246
0.7710054489375378,18258,25,1,1,1,1,1.4000000000000001,1.9000000000000001,2025-Jan-29-17:26:01.072008
0.9847690273560706,18259,25,1,1,-1,1,0.0,1.9000000000000001,2025-Jan-29-17:26:01.235457
0.7710082194975936,18260,25,1,1,1,1,1.9000000000000001,1.9000000000000001,2025-Jan-29-17:26:01.359895
0.9848764437363399,18261,25,1,1,1,-1,1.9000000000000001,0.0,2025-Jan-29-17:26:01.451389
1.5432479200700464,18262,4,1,1,1,0,0.9,0.0,2025-Jan-29-17:26:01.509230
0.9044138867559598,18263,25,1,1,1,1,0.30000000000000004,1.4000000000000001,2025-Jan-29-17:26:01.584579
0.7710048996345256,18264,25,1,1,1,1,1.3000000000000003,1.9000000000000001,2025-Jan-29-17:26:01.688769
1.1037329291610902,18265,25,1,1,-1,0,0.0,0.0,2025-Jan-29-17:26:01.752107
1.4168971273452002,18266,8,1,1,-1,1,0.0,1.9000000000000001,2025-Jan-29-17:26:01.839567
1.5582575482556265,18267,6,1,1,0,0,0.0,0.0,2025-Jan-29-17:26:01.903544
1.2559829197818573,18268,24,1,1,1,1,1.9000000000000001,1.9000000000000001,2025-Jan-29-17:26:02.010682
0.7710260422815584,18269,25,1,1,1,1,1.9000000000000001,0.9,2025-Jan-29-17:26:02.143140
0.7768226732604727,18270,25,1,1,1,1,1.2000000000000002,1.9000000000000001,2025-Jan-29-17:26:02.264970
0.7710082194975936,18271,25,1,1,1,1,1.9000000000000001,1.9000000000000001,2025-Jan-29-17:26:02.380370
1.1942054706654686,18272,25,1,1,-1,-1,0.0,0.0,2025-Jan-29-17:26:02.456890
1.4168971258425112,18273,8,1,1,0,1,0.0,1.9000000000000001,2025-Jan-29-17:26:02.542644
0.7710082194975936,18274,25,1,1,1,1,1.9000000000000001,1.9000000000000001,2025-Jan-29-17:26:02.647912
0.7837112303899821,18275,25,1,1,1,1,1.9000000000000001,0.8,2025-Jan-29-17:26:02.729484
1.41689711236322,18276,8,1,1,1,1,1.9000000000000001,1.9000000000000001,2025-Jan-29-17:26:02.816730
1.0273286140860804,18277,12,1,0,1,0,1.9000000000000001,0.0,2025-Jan-29-17:26:02.902076
0.9848764437363399,18278,25,1,1,1,-1,1.9000000000000001,0.0,2025-Jan-29-17:26:02.992947
0.5423447259358989,18279,23,1,0,1,1,1.9000000000000001,1.9000000000000001,2025-Jan-29-17:26:03.103503
0.8823208459695109,18280,13,1,1,1,1,1.9000000000000001,0.8,2025-Jan-29-17:26:03.248217
0.9009860049917866,18281,20,1,0,1,1,1.9000000000000001,1.9000000000000001,2025-Jan-29-17:26:03.391833
1.431910808375188,18282,9,1,1,1,1,0.30000000000000004,1.9000000000000001,2025-Jan-29-17:26:03.486032
0.7710082194975936,18283,25,1,1,1,1,1.9000000000000001,1.9000000000000001,2025-Jan-29-17:26:03.593118
1.5582575482120697,18284,9,1,1,0,0,0.0,0.0,2025-Jan-29-17:26:03.652058
0.7710082194975936,18285,25,1,1,1,1,1.9000000000000001,1.9000000000000001,2025-Jan-29-17:26:03.758780
0.9327549559987146,18286,25,1,1,1,1,0.1,1.9000000000000001,2025-Jan-29-17:26:03.839439
0.882320845781066,18287,16,1,1,1,1,1.9000000000000001,1.9000000000000001,2025-Jan-29-17:26:03.921615
1.256004601401116,18288,20,1,1,1,1,1.9000000000000001,0.9,2025-Jan-29-17:26:04.026774
1.0732711430969912,18289,25,1,1,0,0,0.0,0.0,2025-Jan-29-17:26:04.089414
0.9847690273560706,18290,25,1,1,-1,1,0.0,1.9000000000000001,2025-Jan-29-17:26:04.230003
0.7710082194975936,18291,25,1,1,1,1,1.9000000000000001,1.9000000000000001,2025-Jan-29-17:26:04.354892
0.9469294063316155,18292,25,1,1,0,1,0.0,1.9000000000000001,2025-Jan-29-17:26:04.432745
1.3823286445008773,18293,12,1,1,1,1,1.7000000000000002,1.9000000000000001,2025-Jan-29-17:26:04.518743
0.9009861136609609,18294,20,1,0,1,1,1.6,1.8000000000000003,2025-Jan-29-17:26:04.631706
0.4009849295831529,18295,18,1,0,1,1,1.9000000000000001,1.5000000000000002,2025-Jan-29-17:26:04.747142
1.6458067962220135,18296,20,1,1,0,-1,0.0,0.0,2025-Jan-29-17:26:04.832933
0.8973441561016903,18297,23,1,1,1,-1,1.5000000000000002,0.0,2025-Jan-29-17:26:04.915585
0.5423447386502132,18298,25,1,0,1,0,1.9000000000000001,0.0,2025-Jan-29-17:26:04.993590
1.5582570484090077,18299,22,1,1,0,-1,0.0,0.0,2025-Jan-29-17:26:05.066907
0.542348403950808,18300,19,1,0,1,1,1.9000000000000001,1.3000000000000003,2025-Jan-29-17:26:05.200526
1.1466374945943003,18301,21,1,1,1,-1,0.1,0.0,2025-Jan-29-17:26:05.304361
0.7710243071078609,18302,25,1,1,1,1,1.9000000000000001,1.0,2025-Jan-29-17:26:05.427706
0.6297733756372901,18303,21,1,0,-1,1,0.0,1.7000000000000002,2025-Jan-29-17:26:05.518801
0.4009849295831529,18304,18,1,0,1,1,1.9000000000000001,1.5000000000000002,2025-Jan-29-17:26:05.622622
0.5423484042465156,18305,19,1,0,1,1,1.9000000000000001,1.9000000000000001,2025-Jan-29-17:26:05.703131
1.543247935817624,18306,4,1,1,-1,0,0.0,0.0,2025-Jan-29-17:26:05.766701
1.2559866450859447,18307,20,1,1,1,1,1.9000000000000001,1.9000000000000001,2025-Jan-29-17:26:05.874119
0.7710054489375378,18308,25,1,1,1,1,1.4000000000000001,1.9000000000000001,2025-Jan-29-17:26:05.978286
0.9847690273560706,18309,25,1,1,-1,1,0.0,1.9000000000000001,2025-Jan-29-17:26:06.075952
0.4009849295831529,18310,18,1,0,1,1,1.9000000000000001,1.5000000000000002,2025-Jan-29-17:26:06.226156
0.9848764437363399,18311,25,1,1,1,-1,1.9000000000000001,0.0,2025-Jan-29-17:26:06.685310
1.5432479200700464,18312,4,1,1,1,0,0.9,0.0,2025-Jan-29-17:26:06.751650
0.9185870518544557,18313,25,1,1,1,1,0.2,1.5000000000000002,2025-Jan-29-17:26:06.827261
0.7710048996345256,18314,25,1,1,1,1,1.3000000000000003,1.9000000000000001,2025-Jan-29-17:26:06.930044
1.1037329291610902,18315,25,1,1,-1,0,0.0,0.0,2025-Jan-29-17:26:06.989713
1.4168971273452002,18316,8,1,1,-1,1,0.0,1.9000000000000001,2025-Jan-29-17:26:07.083623
