Cost,Sim,Switch_State_Indx,Gen1_on,Gen2_on,Batt1_mode,Batt2_mode,Batt1_power_kW,Batt2_power_kW,Timestamp
1.3730275144499355,18317,14,1,1,1,1,0.7000000000000001,0.5,2025-Jan-29-17:26:07.191848
1.558257046225748,18318,24,1,1,0,0,0.0,0.0,2025-Jan-29-17:26:07.296108
1.0165151922275233,18319,3,1,1,1,1,1.9000000000000001,0.4,2025-Jan-29-17:26:07.368396
0.6322663311524015,18320,18,1,0,0,1,0.0,0.5,2025-Jan-29-17:26:07.446632
0.7032548158283454,18321,1,1,0,1,0,0.5,0.0,2025-Jan-29-17:26:07.505405
0.9740472519674949,18322,19,1,1,1,1,0.7000000000000001,0.9,2025-Jan-29-17:26:07.562377
1.5582575482556265,18323,6,1,1,0,0,0.0,0.0,2025-Jan-29-17:26:07.622314
1.2032568943953021,18324,9,1,0,1,0,0.8,0.0,2025-Jan-29-17:26:07.684618
0.6890723634276741,18325,18,1,0,0,1,0.0,0.1,2025-Jan-29-17:26:07.743431
1.4169106887037919,18326,7,1,1,0,1,0.0,1.1,2025-Jan-29-17:26:07.827255
1.1882472830724475,18327,5,1,0,0,1,0.0,1.1,2025-Jan-29-17:26:07.891064
1.0023986367824125,18328,19,1,1,1,-1,0.5,0.0,2025-Jan-29-17:26:07.941310
0.5423432069386988,18329,25,1,0,1,0,1.4000000000000001,0.0,2025-Jan-29-17:26:08.019630
0.6465500774394126,18330,18,1,0,1,0,0.4,0.0,2025-Jan-29-17:26:08.101693
1.4169038965740244,18331,17,1,1,0,1,0.0,1.5000000000000002,2025-Jan-29-17:26:08.242935
1.5582598089635473,18332,12,1,1,0,0,0.0,0.0,2025-Jan-29-17:26:08.329358
1.0732735800408597,18333,19,1,1,0,-1,0.0,0.0,2025-Jan-29-17:26:08.379437
0.7199188414771764,18334,18,1,0,1,-1,0.5,0.0,2025-Jan-29-17:26:08.463790
1.5810793673530297,18335,17,1,1,-1,0,0.0,0.0,2025-Jan-29-17:26:08.549191
1.4295612538811886,18336,8,1,1,0,1,0.0,0.8,2025-Jan-29-17:26:08.610705
0.7908004221812623,18337,1,1,0,1,-1,1.7000000000000002,0.0,2025-Jan-29-17:26:08.699079
1.1608124689801373,18338,21,1,1,0,-1,0.0,0.0,2025-Jan-29-17:26:08.758711
0.8058118288977956,18339,21,1,0,0,-1,0.0,0.0,2025-Jan-29-17:26:08.825193
1.2032569081518871,18340,9,1,0,0,0,0.0,0.0,2025-Jan-29-17:26:08.880812
0.7182821509245818,18341,2,1,0,1,0,0.6,0.0,2025-Jan-29-17:26:08.938443
0.9469378526405676,18342,25,1,1,0,1,0.0,1.4000000000000001,2025-Jan-29-17:26:09.015802
1.044077319481348,18343,13,1,1,1,-1,0.1,0.0,2025-Jan-29-17:26:09.093061
1.5582575482556265,18344,6,1,1,0,0,0.0,0.0,2025-Jan-29-17:26:09.180196
1.558257046225748,18345,24,1,1,0,0,0.0,0.0,2025-Jan-29-17:26:09.276808
1.0769253814498536,18346,9,1,0,0,1,0.0,1.0,2025-Jan-29-17:26:09.375090
0.6607258047261404,18347,15,1,0,1,0,0.30000000000000004,0.0,2025-Jan-29-17:26:09.434220
1.0582554549513077,18348,0,1,1,0,1,0.0,0.6,2025-Jan-29-17:26:09.491649
1.188247295861148,18349,5,1,0,-1,0,0.0,0.0,2025-Jan-29-17:26:09.550471
0.7032518037865185,18350,13,1,0,0,1,0.0,1.9000000000000001,2025-Jan-29-17:26:09.609828
1.2032569122920638,18351,6,1,0,0,-1,0.0,0.0,2025-Jan-29-17:26:09.666814
1.2032568999582245,18352,6,1,0,-1,1,0.0,1.0,2025-Jan-29-17:26:09.723096
1.1882472960016206,18353,7,1,0,-1,0,0.0,0.0,2025-Jan-29-17:26:09.780285
1.5432479347321184,18354,10,1,1,0,0,0.0,0.0,2025-Jan-29-17:26:09.836114
1.5432479359430014,18355,5,1,1,-1,0,0.0,0.0,2025-Jan-29-17:26:09.893285
0.8058091477019476,18356,25,1,0,0,-1,0.0,0.0,2025-Jan-29-17:26:09.952137
1.5432479262484788,18357,5,1,1,0,1,0.0,0.2,2025-Jan-29-17:26:10.009489
1.0023957292978303,18358,23,1,1,1,0,0.5,0.0,2025-Jan-29-17:26:10.068345
1.224893306264248,18359,11,1,0,-1,1,0.0,0.8,2025-Jan-29-17:26:10.196112
1.1882472956618804,18360,4,1,0,-1,0,0.0,0.0,2025-Jan-29-17:26:10.286765
1.2908030295484636,18361,24,1,0,0,-1,0.0,0.0,2025-Jan-29-17:26:10.370286
1.0582524442956558,18362,13,1,1,0,1,0.0,1.5000000000000002,2025-Jan-29-17:26:10.429250
1.203256908176808,18363,6,1,0,0,0,0.0,0.0,2025-Jan-29-17:26:10.487181
0.9469436050267223,18364,21,1,1,0,1,0.0,1.2000000000000002,2025-Jan-29-17:26:10.560909
1.0022904262960672,18365,21,1,1,0,1,0.0,0.5,2025-Jan-29-17:26:10.607668
0.7032548286518892,18366,1,1,0,0,0,0.0,0.0,2025-Jan-29-17:26:10.663086
1.188247286403628,18367,4,1,0,-1,1,0.0,0.30000000000000004,2025-Jan-29-17:26:10.720883
1.2032564061623827,18368,24,1,0,0,0,0.0,0.0,2025-Jan-29-17:26:10.777937
1.0582554424963522,18369,0,1,1,1,1,1.9000000000000001,0.1,2025-Jan-29-17:26:10.835902
1.058255455031731,18370,0,1,1,0,1,0.0,0.1,2025-Jan-29-17:26:10.893270
0.771016100870408,18371,25,1,1,1,1,1.5000000000000002,1.3000000000000003,2025-Jan-29-17:26:10.992154
0.718270503145516,18372,23,1,0,0,0,0.0,0.0,2025-Jan-29-17:26:11.040017
1.2032564062589408,18373,22,1,0,0,0,0.0,0.0,2025-Jan-29-17:26:11.115256
0.718270503145516,18374,23,1,0,0,0,0.0,0.0,2025-Jan-29-17:26:11.197363
0.5423447386502132,18375,25,1,0,1,0,1.9000000000000001,0.0,2025-Jan-29-17:26:11.310427
0.9319141291949918,18376,1,1,1,0,1,0.0,1.7000000000000002,2025-Jan-29-17:26:11.395770
0.8973453787678878,18377,25,1,1,1,0,1.9000000000000001,0.0,2025-Jan-29-17:26:11.473945
1.0582554586752455,18378,0,1,1,1,-1,0.1,0.0,2025-Jan-29-17:26:11.531308
0.7182729370721538,18379,21,1,0,0,0,0.0,0.0,2025-Jan-29-17:26:11.575456
1.0582554565755196,18380,0,1,1,1,0,0.1,0.0,2025-Jan-29-17:26:11.631378
1.0582554541165101,18381,0,1,1,0,1,0.0,1.9000000000000001,2025-Jan-29-17:26:11.687887
1.0582554688129302,18382,0,1,1,0,0,0.0,0.0,2025-Jan-29-17:26:11.743606
1.058255470912656,18383,0,1,1,0,-1,0.0,0.0,2025-Jan-29-17:26:11.798859
1.2032564062589408,18384,22,1,0,0,0,0.0,0.0,2025-Jan-29-17:26:11.855082
1.0582554560500927,18385,0,1,1,-1,1,0.0,1.9000000000000001,2025-Jan-29-17:26:11.911375
0.5423447386502132,18386,25,1,0,1,0,1.9000000000000001,0.0,2025-Jan-29-17:26:11.984347
0.8973441520857318,18387,25,1,1,1,0,1.5000000000000002,0.0,2025-Jan-29-17:26:12.076283
1.058255470912656,18388,0,1,1,0,-1,0.0,0.0,2025-Jan-29-17:26:12.172372
1.5582598130480905,18389,12,1,1,0,-1,0.0,0.0,2025-Jan-29-17:26:12.271942
1.058255470912656,18390,0,1,1,0,-1,0.0,0.0,2025-Jan-29-17:26:12.351658
1.2032564062589408,18391,22,1,0,0,0,0.0,0.0,2025-Jan-29-17:26:12.408431
0.9469294063316155,18392,25,1,1,0,1,0.0,1.9000000000000001,2025-Jan-29-17:26:12.481857
0.718270503145516,18393,23,1,0,0,0,0.0,0.0,2025-Jan-29-17:26:12.526859
1.0582554688129302,18394,0,1,1,0,0,0.0,0.0,2025-Jan-29-17:26:12.582587
1.2032564061623827,18395,24,1,0,0,0,0.0,0.0,2025-Jan-29-17:26:12.638531
0.7032548148744859,18396,0,1,0,0,1,0.0,0.30000000000000004,2025-Jan-29-17:26:12.695101
1.2032564061623827,18397,24,1,0,0,0,0.0,0.0,2025-Jan-29-17:26:12.750680
1.058255455031731,18398,0,1,1,0,1,0.0,0.1,2025-Jan-29-17:26:12.807520
1.2032564061623827,18399,24,1,0,0,0,0.0,0.0,2025-Jan-29-17:26:12.862350
1.2032564062589408,18400,22,1,0,0,0,0.0,0.0,2025-Jan-29-17:26:12.917241
0.7032548308487874,18401,0,1,0,0,-1,0.0,0.0,2025-Jan-29-17:26:12.972558
1.058255457194242,18402,0,1,1,-1,1,0.0,1.1,2025-Jan-29-17:26:13.028815
0.41600757936428767,18403,25,1,0,1,1,1.9000000000000001,1.9000000000000001,2025-Jan-29-17:26:13.161698
0.41601093733021766,18404,25,1,0,1,1,1.9000000000000001,1.7000000000000002,2025-Jan-29-17:26:13.291529
0.5423447386502132,18405,25,1,0,1,0,1.9000000000000001,0.0,2025-Jan-29-17:26:13.666076
0.8058091477019476,18406,25,1,0,0,-1,0.0,0.0,2025-Jan-29-17:26:13.725674
1.2032564061623827,18407,24,1,0,0,0,0.0,0.0,2025-Jan-29-17:26:13.786353
0.41600757936428767,18408,25,1,0,1,1,1.9000000000000001,1.9000000000000001,2025-Jan-29-17:26:13.884654
1.5810793575991025,18409,10,1,1,-1,1,0.0,0.6,2025-Jan-29-17:26:13.964931
1.2032568846474372,18410,6,1,0,1,1,1.9000000000000001,1.9000000000000001,2025-Jan-29-17:26:14.022573
0.59193214034507,18411,25,1,0,0,1,0.0,1.7000000000000002,2025-Jan-29-17:26:14.124834
1.0582554541165101,18412,0,1,1,0,1,0.0,1.9000000000000001,2025-Jan-29-17:26:14.213475
1.058255470912656,18413,0,1,1,0,-1,0.0,0.0,2025-Jan-29-17:26:14.293744
1.4319173390025,18414,24,1,1,0,1,0.0,1.5000000000000002,2025-Jan-29-17:26:14.371976
1.058255455031731,18415,0,1,1,0,1,0.0,0.1,2025-Jan-29-17:26:14.426465
0.8973453787678878,18416,25,1,1,1,0,1.9000000000000001,0.0,2025-Jan-29-17:26:14.498302
0.718270503145516,18417,23,1,0,0,0,0.0,0.0,2025-Jan-29-17:26:14.549122
1.2032564061623827,18418,24,1,0,0,0,0.0,0.0,2025-Jan-29-17:26:14.605940
1.0582554688129302,18419,0,1,1,0,0,0.0,0.0,2025-Jan-29-17:26:14.660992
0.7032548287490616,18420,0,1,0,0,0,0.0,0.0,2025-Jan-29-17:26:14.725603
0.7032548287490616,18421,0,1,0,0,0,0.0,0.0,2025-Jan-29-17:26:14.788189
0.718270503145516,18422,23,1,0,0,0,0.0,0.0,2025-Jan-29-17:26:14.837828
1.2032564061623827,18423,24,1,0,0,0,0.0,0.0,2025-Jan-29-17:26:14.893781
0.41600757936428767,18424,25,1,0,1,1,1.9000000000000001,1.9000000000000001,2025-Jan-29-17:26:15.001194
0.8973453787678878,18425,25,1,1,1,0,1.9000000000000001,0.0,2025-Jan-29-17:26:15.108795
0.41600757936428767,18426,25,1,0,1,1,1.9000000000000001,1.9000000000000001,2025-Jan-29-17:26:15.263103
0.41600757936428767,18427,25,1,0,1,1,1.9000000000000001,1.9000000000000001,2025-Jan-29-17:26:15.373440
1.0582554688129302,18428,0,1,1,0,0,0.0,0.0,2025-Jan-29-17:26:15.435744
1.2032564061623827,18429,24,1,0,0,0,0.0,0.0,2025-Jan-29-17:26:15.499047
0.7710082194975936,18430,25,1,1,1,1,1.9000000000000001,1.9000000000000001,2025-Jan-29-17:26:15.611551
0.41600757936428767,18431,25,1,0,1,1,1.9000000000000001,1.9000000000000001,2025-Jan-29-17:26:15.720207
0.718270503145516,18432,23,1,0,0,0,0.0,0.0,2025-Jan-29-17:26:15.772834
0.41600757936428767,18433,25,1,0,1,1,1.9000000000000001,1.9000000000000001,2025-Jan-29-17:26:15.871677
0.7032548287490616,18434,0,1,0,0,0,0.0,0.0,2025-Jan-29-17:26:15.930392
1.0582554707465124,18435,0,1,1,-1,0,0.0,0.0,2025-Jan-29-17:26:15.989182
1.2032564062589408,18436,22,1,0,0,0,0.0,0.0,2025-Jan-29-17:26:16.048695
0.7032548287490616,18437,0,1,0,0,0,0.0,0.0,2025-Jan-29-17:26:16.139865
0.7710082194975936,18438,25,1,1,1,1,1.9000000000000001,1.9000000000000001,2025-Jan-29-17:26:16.297270
0.7710082194975936,18439,25,1,1,1,1,1.9000000000000001,1.9000000000000001,2025-Jan-29-17:26:16.403833
0.9009834372032821,18440,24,1,0,1,1,1.8000000000000003,1.8000000000000003,2025-Jan-29-17:26:16.515381
0.7032548287490616,18441,0,1,0,0,0,0.0,0.0,2025-Jan-29-17:26:16.572415
1.1608097877885277,18442,25,1,1,0,-1,0.0,0.0,2025-Jan-29-17:26:16.631826
0.7032518156813519,18443,15,1,0,0,0,0.0,0.0,2025-Jan-29-17:26:16.688708
1.0582554688129302,18444,0,1,1,0,0,0.0,0.0,2025-Jan-29-17:26:16.745165
1.2032564062589408,18445,22,1,0,0,0,0.0,0.0,2025-Jan-29-17:26:16.802500
1.2032564062589408,18446,22,1,0,0,0,0.0,0.0,2025-Jan-29-17:26:16.863584
0.718270503145516,18447,23,1,0,0,0,0.0,0.0,2025-Jan-29-17:26:16.910479
0.7710082194975936,18448,25,1,1,1,1,1.9000000000000001,1.9000000000000001,2025-Jan-29-17:26:17.008933
0.41600757936428767,18449,25,1,0,1,1,1.9000000000000001,1.9000000000000001,2025-Jan-29-17:26:17.145855
0.9009834372032821,18450,24,1,0,1,1,1.8000000000000003,1.8000000000000003,2025-Jan-29-17:26:17.301973
0.7710082194975936,18451,25,1,1,1,1,1.9000000000000001,1.9000000000000001,2025-Jan-29-17:26:17.411966
1.058255456965313,18452,0,1,1,-1,1,0.0,0.1,2025-Jan-29-17:26:17.469807
1.2032564061623827,18453,24,1,0,0,0,0.0,0.0,2025-Jan-29-17:26:17.526812
0.41600757936428767,18454,25,1,0,1,1,1.9000000000000001,1.9000000000000001,2025-Jan-29-17:26:17.626553
0.5423447386502132,18455,25,1,0,1,0,1.9000000000000001,0.0,2025-Jan-29-17:26:17.701365
0.7182705030005031,18456,25,1,0,0,0,0.0,0.0,2025-Jan-29-17:26:17.747334
0.718270503145516,18457,23,1,0,0,0,0.0,0.0,2025-Jan-29-17:26:17.793295
0.5919287662199604,18458,25,1,0,0,1,0.0,1.9000000000000001,2025-Jan-29-17:26:17.868041
0.7032548287490616,18459,0,1,0,0,0,0.0,0.0,2025-Jan-29-17:26:17.925896
0.5423447259358989,18460,23,1,0,1,1,1.9000000000000001,1.9000000000000001,2025-Jan-29-17:26:18.014841
0.9009834372032821,18461,24,1,0,1,1,1.8000000000000003,1.8000000000000003,2025-Jan-29-17:26:18.160206
1.2032564062589408,18462,22,1,0,0,0,0.0,0.0,2025-Jan-29-17:26:18.269235
1.2032564061623827,18463,24,1,0,0,0,0.0,0.0,2025-Jan-29-17:26:18.331511
1.2032564061623827,18464,24,1,0,0,0,0.0,0.0,2025-Jan-29-17:26:18.386943
1.2032564062589408,18465,22,1,0,0,0,0.0,0.0,2025-Jan-29-17:26:18.441028
0.718270503145516,18466,23,1,0,0,0,0.0,0.0,2025-Jan-29-17:26:18.484278
0.41600757936428767,18467,25,1,0,1,1,1.9000000000000001,1.9000000000000001,2025-Jan-29-17:26:18.579624
0.41600757936428767,18468,25,1,0,1,1,1.9000000000000001,1.9000000000000001,2025-Jan-29-17:26:18.675754
0.41600757936428767,18469,25,1,0,1,1,1.9000000000000001,1.9000000000000001,2025-Jan-29-17:26:18.782571
0.7032548287490616,18470,0,1,0,0,0,0.0,0.0,2025-Jan-29-17:26:18.843856
0.718270503145516,18471,23,1,0,0,0,0.0,0.0,2025-Jan-29-17:26:18.892990
0.7710082194975936,18472,25,1,1,1,1,1.9000000000000001,1.9000000000000001,2025-Jan-29-17:26:18.998644
1.2032564062589408,18473,22,1,0,0,0,0.0,0.0,2025-Jan-29-17:26:19.074576
0.41600757936428767,18474,25,1,0,1,1,1.9000000000000001,1.9000000000000001,2025-Jan-29-17:26:19.232248
1.2032564061623827,18475,24,1,0,0,0,0.0,0.0,2025-Jan-29-17:26:19.315666
0.41600757936428767,18476,25,1,0,1,1,1.9000000000000001,1.9000000000000001,2025-Jan-29-17:26:19.426947
0.718270503145516,18477,23,1,0,0,0,0.0,0.0,2025-Jan-29-17:26:19.474226
0.41600757936428767,18478,25,1,0,1,1,1.9000000000000001,1.9000000000000001,2025-Jan-29-17:26:19.574335
1.2032564062589408,18479,22,1,0,0,0,0.0,0.0,2025-Jan-29-17:26:19.631264
0.7710082194975936,18480,25,1,1,1,1,1.9000000000000001,1.9000000000000001,2025-Jan-29-17:26:19.728594
1.2032564061623827,18481,24,1,0,0,0,0.0,0.0,2025-Jan-29-17:26:19.791621
0.7182705030005031,18482,25,1,0,0,0,0.0,0.0,2025-Jan-29-17:26:19.842097
1.2032564062589408,18483,22,1,0,0,0,0.0,0.0,2025-Jan-29-17:26:19.902401
0.7559805353396024,18484,18,1,1,1,1,1.9000000000000001,1.8000000000000003,2025-Jan-29-17:26:20.018262
1.0582554707465124,18485,0,1,1,-1,0,0.0,0.0,2025-Jan-29-17:26:20.097855
0.7710082194975936,18486,25,1,1,1,1,1.9000000000000001,1.9000000000000001,2025-Jan-29-17:26:20.255414
1.2032564061623827,18487,24,1,0,0,0,0.0,0.0,2025-Jan-29-17:26:20.611199
0.7710082194975936,18488,25,1,1,1,1,1.9000000000000001,1.9000000000000001,2025-Jan-29-17:26:20.712801
0.7710082194975936,18489,25,1,1,1,1,1.9000000000000001,1.9000000000000001,2025-Jan-29-17:26:20.813444
0.9009834372032821,18490,24,1,0,1,1,1.8000000000000003,1.8000000000000003,2025-Jan-29-17:26:20.919006
0.7032548287490616,18491,0,1,0,0,0,0.0,0.0,2025-Jan-29-17:26:20.976249
1.2032564062589408,18492,22,1,0,0,0,0.0,0.0,2025-Jan-29-17:26:21.033041
1.2032564062589408,18493,22,1,0,0,0,0.0,0.0,2025-Jan-29-17:26:21.114093
0.41600757936428767,18494,25,1,0,1,1,1.9000000000000001,1.9000000000000001,2025-Jan-29-17:26:21.275827
0.7032518156813519,18495,15,1,0,0,0,0.0,0.0,2025-Jan-29-17:26:21.336478
0.41600757936428767,18496,25,1,0,1,1,1.9000000000000001,1.9000000000000001,2025-Jan-29-17:26:21.435752
0.7032548306826437,18497,0,1,0,-1,0,0.0,0.0,2025-Jan-29-17:26:21.492364
1.027324175615735,18498,24,1,0,1,0,1.8000000000000003,0.0,2025-Jan-29-17:26:21.574355
0.9009834372032821,18499,24,1,0,1,1,1.8000000000000003,1.8000000000000003,2025-Jan-29-17:26:21.688443
0.7032548287490616,18500,0,1,0,0,0,0.0,0.0,2025-Jan-29-17:26:21.747534
1.2032564062589408,18501,22,1,0,0,0,0.0,0.0,2025-Jan-29-17:26:21.803862
1.2032564062589408,18502,22,1,0,0,0,0.0,0.0,2025-Jan-29-17:26:21.859890
0.718270503145516,18503,23,1,0,0,0,0.0,0.0,2025-Jan-29-17:26:21.905320
1.2032564062589408,18504,22,1,0,0,0,0.0,0.0,2025-Jan-29-17:26:21.961325
1.027324175615735,18505,24,1,0,1,0,1.8000000000000003,0.0,2025-Jan-29-17:26:22.042269
0.718270503145516,18506,23,1,0,0,0,0.0,0.0,2025-Jan-29-17:26:22.113327
0.718270503145516,18507,23,1,0,0,0,0.0,0.0,2025-Jan-29-17:26:22.193447
0.41600757936428767,18508,25,1,0,1,1,1.9000000000000001,1.9000000000000001,2025-Jan-29-17:26:22.329957
0.7032548287490616,18509,0,1,0,0,0,0.0,0.0,2025-Jan-29-17:26:22.394602
0.7182729370721538,18510,21,1,0,0,0,0.0,0.0,2025-Jan-29-17:26:22.441009
0.8058091477019476,18511,25,1,0,0,-1,0.0,0.0,2025-Jan-29-17:26:22.498957
0.41600757936428767,18512,25,1,0,1,1,1.9000000000000001,1.9000000000000001,2025-Jan-29-17:26:22.596197
0.718270503145516,18513,23,1,0,0,0,0.0,0.0,2025-Jan-29-17:26:22.641361
0.41600757936428767,18514,25,1,0,1,1,1.9000000000000001,1.9000000000000001,2025-Jan-29-17:26:22.736345
1.0582554688129302,18515,0,1,1,0,0,0.0,0.0,2025-Jan-29-17:26:22.789987
0.7032548287490616,18516,0,1,0,0,0,0.0,0.0,2025-Jan-29-17:26:22.843446
0.41600757936428767,18517,25,1,0,1,1,1.9000000000000001,1.9000000000000001,2025-Jan-29-17:26:22.937863
1.2032564061623827,18518,24,1,0,0,0,0.0,0.0,2025-Jan-29-17:26:22.993569
0.9009834372032821,18519,24,1,0,1,1,1.8000000000000003,1.8000000000000003,2025-Jan-29-17:26:23.112766
0.7032548287490616,18520,0,1,0,0,0,0.0,0.0,2025-Jan-29-17:26:23.220630
0.41600757936428767,18521,25,1,0,1,1,1.9000000000000001,1.9000000000000001,2025-Jan-29-17:26:23.350855
0.7182705030005031,18522,25,1,0,0,0,0.0,0.0,2025-Jan-29-17:26:23.401021
0.41600757936428767,18523,25,1,0,1,1,1.9000000000000001,1.9000000000000001,2025-Jan-29-17:26:23.510220
1.2032564061623827,18524,24,1,0,0,0,0.0,0.0,2025-Jan-29-17:26:23.569775
0.8973453787678878,18525,25,1,1,1,0,1.9000000000000001,0.0,2025-Jan-29-17:26:23.660733
0.7710082194975936,18526,25,1,1,1,1,1.9000000000000001,1.9000000000000001,2025-Jan-29-17:26:23.771076
1.2032564061623827,18527,24,1,0,0,0,0.0,0.0,2025-Jan-29-17:26:23.833375
0.41600757936428767,18528,25,1,0,1,1,1.9000000000000001,1.9000000000000001,2025-Jan-29-17:26:23.940370
0.718270503145516,18529,23,1,0,0,0,0.0,0.0,2025-Jan-29-17:26:23.990497
0.7710082194975936,18530,25,1,1,1,1,1.9000000000000001,1.9000000000000001,2025-Jan-29-17:26:24.118763
1.027324175615735,18531,24,1,0,1,0,1.8000000000000003,0.0,2025-Jan-29-17:26:24.237206
0.7182729370721538,18532,21,1,0,0,0,0.0,0.0,2025-Jan-29-17:26:24.309834
0.718270503145516,18533,23,1,0,0,0,0.0,0.0,2025-Jan-29-17:26:24.359898
0.7032548287490616,18534,0,1,0,0,0,0.0,0.0,2025-Jan-29-17:26:24.420627
1.0582554707465124,18535,0,1,1,-1,0,0.0,0.0,2025-Jan-29-17:26:24.476218
0.8973453787678878,18536,25,1,1,1,0,1.9000000000000001,0.0,2025-Jan-29-17:26:24.548276
1.5432479198465858,18537,5,1,1,1,0,1.5000000000000002,0.0,2025-Jan-29-17:26:24.603967
0.41600757936428767,18538,25,1,0,1,1,1.9000000000000001,1.9000000000000001,2025-Jan-29-17:26:24.698630
0.7710082194975936,18539,25,1,1,1,1,1.9000000000000001,1.9000000000000001,2025-Jan-29-17:26:24.792750
0.41600757936428767,18540,25,1,0,1,1,1.9000000000000001,1.9000000000000001,2025-Jan-29-17:26:24.891020
0.7032548287490616,18541,0,1,0,0,0,0.0,0.0,2025-Jan-29-17:26:24.947415
0.7710082194975936,18542,25,1,1,1,1,1.9000000000000001,1.9000000000000001,2025-Jan-29-17:26:25.042699
0.718270503145516,18543,23,1,0,0,0,0.0,0.0,2025-Jan-29-17:26:25.105956
0.7710082194975936,18544,25,1,1,1,1,1.9000000000000001,1.9000000000000001,2025-Jan-29-17:26:25.236219
0.41600757936428767,18545,25,1,0,1,1,1.9000000000000001,1.9000000000000001,2025-Jan-29-17:26:25.346903
0.41600757936428767,18546,25,1,0,1,1,1.9000000000000001,1.9000000000000001,2025-Jan-29-17:26:25.446774
1.027324175615735,18547,24,1,0,1,0,1.8000000000000003,0.0,2025-Jan-29-17:26:25.526001
0.7710082194975936,18548,25,1,1,1,1,1.9000000000000001,1.9000000000000001,2025-Jan-29-17:26:25.621367
1.2032564062589408,18549,22,1,0,0,0,0.0,0.0,2025-Jan-29-17:26:25.675648
0.7032548287490616,18550,0,1,0,0,0,0.0,0.0,2025-Jan-29-17:26:25.729411
0.718270503145516,18551,23,1,0,0,0,0.0,0.0,2025-Jan-29-17:26:25.772250
1.2032564062589408,18552,22,1,0,0,0,0.0,0.0,2025-Jan-29-17:26:26.031868
0.718270503145516,18553,23,1,0,0,0,0.0,0.0,2025-Jan-29-17:26:26.088473
1.2032564061623827,18554,24,1,0,0,0,0.0,0.0,2025-Jan-29-17:26:26.174266
0.7182705030005031,18555,25,1,0,0,0,0.0,0.0,2025-Jan-29-17:26:26.247159
0.770916372072973,18556,25,1,1,1,1,1.9000000000000001,1.8000000000000003,2025-Jan-29-17:26:26.355525
1.2032591688378944,18557,20,1,0,0,0,0.0,0.0,2025-Jan-29-17:26:26.410429
0.5919287662199604,18558,25,1,0,0,1,0.0,1.9000000000000001,2025-Jan-29-17:26:26.483433
0.718270503145516,18559,23,1,0,0,0,0.0,0.0,2025-Jan-29-17:26:26.529331
0.9469294063316155,18560,25,1,1,0,1,0.0,1.9000000000000001,2025-Jan-29-17:26:26.603108
1.2032564062589408,18561,22,1,0,0,0,0.0,0.0,2025-Jan-29-17:26:26.657551
0.41600757936428767,18562,25,1,0,1,1,1.9000000000000001,1.9000000000000001,2025-Jan-29-17:26:26.752410
1.2032564061623827,18563,24,1,0,0,0,0.0,0.0,2025-Jan-29-17:26:26.807906
0.9009834372032821,18564,24,1,0,1,1,1.8000000000000003,1.8000000000000003,2025-Jan-29-17:26:26.909116
1.0582554688129302,18565,0,1,1,0,0,0.0,0.0,2025-Jan-29-17:26:26.965914
1.3823292541791943,18566,12,1,1,1,0,1.9000000000000001,0.0,2025-Jan-29-17:26:27.044571
1.2032564061623827,18567,24,1,0,0,0,0.0,0.0,2025-Jan-29-17:26:27.127731
1.2032564062589408,18568,22,1,0,0,0,0.0,0.0,2025-Jan-29-17:26:27.217281
0.718270503145516,18569,23,1,0,0,0,0.0,0.0,2025-Jan-29-17:26:27.278818
0.7710082194975936,18570,25,1,1,1,1,1.9000000000000001,1.9000000000000001,2025-Jan-29-17:26:27.385550
0.7710082194975936,18571,25,1,1,1,1,1.9000000000000001,1.9000000000000001,2025-Jan-29-17:26:27.491768
0.41600757936428767,18572,25,1,0,1,1,1.9000000000000001,1.9000000000000001,2025-Jan-29-17:26:27.595947
1.2032564061623827,18573,24,1,0,0,0,0.0,0.0,2025-Jan-29-17:26:27.656737
0.8058091477019476,18574,25,1,0,0,-1,0.0,0.0,2025-Jan-29-17:26:27.716790
0.41600757936428767,18575,25,1,0,1,1,1.9000000000000001,1.9000000000000001,2025-Jan-29-17:26:27.812647
1.027324175615735,18576,24,1,0,1,0,1.8000000000000003,0.0,2025-Jan-29-17:26:27.902727
1.2032564061623827,18577,24,1,0,0,0,0.0,0.0,2025-Jan-29-17:26:27.966394
0.41600757936428767,18578,25,1,0,1,1,1.9000000000000001,1.9000000000000001,2025-Jan-29-17:26:28.089244
0.7710082194975936,18579,25,1,1,1,1,1.9000000000000001,1.9000000000000001,2025-Jan-29-17:26:28.263847
0.9009834372032821,18580,24,1,0,1,1,1.8000000000000003,1.8000000000000003,2025-Jan-29-17:26:28.387386
0.41600757936428767,18581,25,1,0,1,1,1.9000000000000001,1.9000000000000001,2025-Jan-29-17:26:28.498073
0.7182705030005031,18582,25,1,0,0,0,0.0,0.0,2025-Jan-29-17:26:28.548405
0.718270503145516,18583,23,1,0,0,0,0.0,0.0,2025-Jan-29-17:26:28.598088
0.41600757936428767,18584,25,1,0,1,1,1.9000000000000001,1.9000000000000001,2025-Jan-29-17:26:28.697339
0.718270503145516,18585,23,1,0,0,0,0.0,0.0,2025-Jan-29-17:26:28.741246
0.718270503145516,18586,23,1,0,0,0,0.0,0.0,2025-Jan-29-17:26:28.784728
0.7032548287490616,18587,0,1,0,0,0,0.0,0.0,2025-Jan-29-17:26:28.839338
0.7710082194975936,18588,25,1,1,1,1,1.9000000000000001,1.9000000000000001,2025-Jan-29-17:26:28.934065
0.7710082194975936,18589,25,1,1,1,1,1.9000000000000001,1.9000000000000001,2025-Jan-29-17:26:29.034006
0.7710082194975936,18590,25,1,1,1,1,1.9000000000000001,1.9000000000000001,2025-Jan-29-17:26:29.174188
1.2032564062589408,18591,22,1,0,0,0,0.0,0.0,2025-Jan-29-17:26:29.258001
0.41600757936428767,18592,25,1,0,1,1,1.9000000000000001,1.9000000000000001,2025-Jan-29-17:26:29.356147
1.2032564061623827,18593,24,1,0,0,0,0.0,0.0,2025-Jan-29-17:26:29.410859
0.718270503145516,18594,23,1,0,0,0,0.0,0.0,2025-Jan-29-17:26:29.456349
0.7710082194975936,18595,25,1,1,1,1,1.9000000000000001,1.9000000000000001,2025-Jan-29-17:26:29.551395
1.027324175615735,18596,24,1,0,1,0,1.8000000000000003,0.0,2025-Jan-29-17:26:29.632817
0.7032548287490616,18597,0,1,0,0,0,0.0,0.0,2025-Jan-29-17:26:29.687118
0.7182729370721538,18598,21,1,0,0,0,0.0,0.0,2025-Jan-29-17:26:29.730305
0.7710082194975936,18599,25,1,1,1,1,1.9000000000000001,1.9000000000000001,2025-Jan-29-17:26:29.824760
0.7710082194975936,18600,25,1,1,1,1,1.9000000000000001,1.9000000000000001,2025-Jan-29-17:26:29.919399
0.41600757936428767,18601,25,1,0,1,1,1.9000000000000001,1.9000000000000001,2025-Jan-29-17:26:30.014787
1.058255456965313,18602,0,1,1,-1,1,0.0,0.1,2025-Jan-29-17:26:30.087411
0.7710082194975936,18603,25,1,1,1,1,1.9000000000000001,1.9000000000000001,2025-Jan-29-17:26:30.225946
1.027324175615735,18604,24,1,0,1,0,1.8000000000000003,0.0,2025-Jan-29-17:26:30.322389
1.2032564061623827,18605,24,1,0,0,0,0.0,0.0,2025-Jan-29-17:26:30.377450
0.7182705030005031,18606,25,1,0,0,0,0.0,0.0,2025-Jan-29-17:26:30.421148
0.7710082194975936,18607,25,1,1,1,1,1.9000000000000001,1.9000000000000001,2025-Jan-29-17:26:30.516046
0.41600757936428767,18608,25,1,0,1,1,1.9000000000000001,1.9000000000000001,2025-Jan-29-17:26:30.611444
0.7032548287490616,18609,0,1,0,0,0,0.0,0.0,2025-Jan-29-17:26:30.665531
0.41600757936428767,18610,25,1,0,1,1,1.9000000000000001,1.9000000000000001,2025-Jan-29-17:26:30.761292
0.8058091477019476,18611,25,1,0,0,-1,0.0,0.0,2025-Jan-29-17:26:30.817835
0.7710082194975936,18612,25,1,1,1,1,1.9000000000000001,1.9000000000000001,2025-Jan-29-17:26:30.913198
1.2032564061623827,18613,24,1,0,0,0,0.0,0.0,2025-Jan-29-17:26:30.968219
0.7710082194975936,18614,25,1,1,1,1,1.9000000000000001,1.9000000000000001,2025-Jan-29-17:26:31.087430
1.543247934857496,18615,11,1,1,0,0,0.0,0.0,2025-Jan-29-17:26:31.185000
1.2032564062589408,18616,22,1,0,0,0,0.0,0.0,2025-Jan-29-17:26:31.289779
0.41600757936428767,18617,25,1,0,1,1,1.9000000000000001,1.9000000000000001,2025-Jan-29-17:26:31.401139
