Cost,Sim,Switch_State_Indx,Gen1_on,Gen2_on,Batt1_mode,Batt2_mode,Batt1_power_kW,Batt2_power_kW,Timestamp
0.7032548306826437,19327,0,1,0,-1,0,0.0,0.0,2025-Jan-29-17:27:22.290680
1.1882472999753344,19328,4,1,0,0,-1,0.0,0.0,2025-Jan-29-17:27:22.345565
0.6298803139743462,19329,21,1,0,1,-1,1.4000000000000001,0.0,2025-Jan-29-17:27:22.431888
1.1037329291610902,19330,25,1,1,-1,0,0.0,0.0,2025-Jan-29-17:27:22.486801
1.2032568987783945,19331,6,1,0,1,-1,1.8000000000000003,0.0,2025-Jan-29-17:27:22.540789
1.2032569102405002,19332,9,1,0,-1,0,0.0,0.0,2025-Jan-29-17:27:22.593453
0.7182821665362829,19333,3,1,0,-1,0,0.0,0.0,2025-Jan-29-17:27:22.635279
1.5432479349059145,19334,5,1,1,0,0,0.0,0.0,2025-Jan-29-17:27:22.687709
1.1882472948240612,19335,5,1,0,0,0,0.0,0.0,2025-Jan-29-17:27:22.741140
1.1882472995691167,19336,5,1,0,-1,-1,0.0,0.0,2025-Jan-29-17:27:22.794681
1.0582554688129302,19337,0,1,1,0,0,0.0,0.0,2025-Jan-29-17:27:22.847010
1.6458036696021932,19338,24,1,1,0,-1,0.0,0.0,2025-Jan-29-17:27:22.922864
1.558257046225748,19339,24,1,1,0,0,0.0,0.0,2025-Jan-29-17:27:22.976696
1.2032569122920638,19340,6,1,0,0,-1,0.0,0.0,2025-Jan-29-17:27:23.029491
1.5582598130480905,19341,12,1,1,0,-1,0.0,0.0,2025-Jan-29-17:27:23.093356
1.0732735800408597,19342,19,1,1,0,-1,0.0,0.0,2025-Jan-29-17:27:23.172854
0.703254816511651,19343,0,1,0,1,0,0.1,0.0,2025-Jan-29-17:27:23.250544
0.7182705030005031,19344,25,1,0,0,0,0.0,0.0,2025-Jan-29-17:27:23.297547
1.0582524564983662,19345,18,1,1,0,0,0.0,0.0,2025-Jan-29-17:27:23.350605
1.6039825701468335,19346,8,1,1,1,-1,1.1,0.0,2025-Jan-29-17:27:23.404478
1.2032569102654214,19347,6,1,0,-1,0,0.0,0.0,2025-Jan-29-17:27:23.457300
1.0307464928909489,19348,23,1,1,1,0,0.30000000000000004,0.0,2025-Jan-29-17:27:23.498818
0.7908004349144597,19349,1,1,0,0,-1,0.0,0.0,2025-Jan-29-17:27:23.576321
0.5423471676231595,19350,21,1,0,1,0,1.5000000000000002,0.0,2025-Jan-29-17:27:23.646240
1.4306745115330253,19351,20,1,1,1,1,0.8,0.1,2025-Jan-29-17:27:23.700737
1.0582524556889323,19352,15,1,1,0,0,0.0,0.0,2025-Jan-29-17:27:23.753899
1.1882472801394095,19353,7,1,0,1,0,1.3000000000000003,0.0,2025-Jan-29-17:27:23.806897
0.7032548160318982,19354,0,1,0,1,0,1.0,0.0,2025-Jan-29-17:27:23.860453
1.0732735773183826,19355,19,1,1,0,0,0.0,0.0,2025-Jan-29-17:27:23.902193
1.5535373446090883,19356,20,1,1,-1,1,0.0,0.30000000000000004,2025-Jan-29-17:27:23.978034
0.7487322891669068,19357,23,1,0,-1,0,0.0,0.0,2025-Jan-29-17:27:24.032794
1.486544445838416,19358,10,1,1,1,1,0.4,1.9000000000000001,2025-Jan-29-17:27:24.109984
1.0732711430969912,19359,25,1,1,0,0,0.0,0.0,2025-Jan-29-17:27:24.189459
1.1882472946247935,19360,4,1,0,0,0,0.0,0.0,2025-Jan-29-17:27:24.271195
1.2032569081518871,19361,9,1,0,0,0,0.0,0.0,2025-Jan-29-17:27:24.324038
1.2032591688378944,19362,20,1,0,0,0,0.0,0.0,2025-Jan-29-17:27:24.376250
1.5432479237737304,19363,11,1,1,0,1,0.0,1.7000000000000002,2025-Jan-29-17:27:24.430441
1.5432479348660704,19364,8,1,1,0,0,0.0,0.0,2025-Jan-29-17:27:24.485286
1.1882472946247935,19365,4,1,0,0,0,0.0,0.0,2025-Jan-29-17:27:24.539158
1.1465545658592264,19366,22,1,0,1,1,0.4,0.4,2025-Jan-29-17:27:24.593004
1.1882472949161151,19367,14,1,0,0,0,0.0,0.0,2025-Jan-29-17:27:24.648744
1.1882472947756426,19368,11,1,0,0,0,0.0,0.0,2025-Jan-29-17:27:24.701924
0.7182821665362829,19369,3,1,0,-1,0,0.0,0.0,2025-Jan-29-17:27:24.744123
1.0960830176806091,19370,18,1,1,-1,0,0.0,0.0,2025-Jan-29-17:27:24.819171
0.7561023661056487,19371,21,1,0,-1,0,0.0,0.0,2025-Jan-29-17:27:24.876335
0.7561023662558681,19372,19,1,0,-1,0,0.0,0.0,2025-Jan-29-17:27:24.930274
1.1882472854318942,19373,5,1,0,0,1,0.0,0.7000000000000001,2025-Jan-29-17:27:24.984124
1.5582598089635473,19374,12,1,1,0,0,0.0,0.0,2025-Jan-29-17:27:25.037272
1.0582554688129302,19375,0,1,1,0,0,0.0,0.0,2025-Jan-29-17:27:25.108061
1.4722599131673793,19376,8,1,1,0,1,0.0,0.5,2025-Jan-29-17:27:25.195445
1.0732711432420041,19377,23,1,1,0,0,0.0,0.0,2025-Jan-29-17:27:25.266825
0.5423471676231595,19378,21,1,0,1,0,1.5000000000000002,0.0,2025-Jan-29-17:27:25.338257
0.5423471676231595,19379,21,1,0,1,0,1.5000000000000002,0.0,2025-Jan-29-17:27:25.410186
0.5423471676231595,19380,21,1,0,1,0,1.5000000000000002,0.0,2025-Jan-29-17:27:25.479769
0.5423471676231595,19381,21,1,0,1,0,1.5000000000000002,0.0,2025-Jan-29-17:27:25.549116
0.5423471676231595,19382,21,1,0,1,0,1.5000000000000002,0.0,2025-Jan-29-17:27:25.619175
0.5423471676231595,19383,21,1,0,1,0,1.5000000000000002,0.0,2025-Jan-29-17:27:25.880428
0.5423471676231595,19384,21,1,0,1,0,1.5000000000000002,0.0,2025-Jan-29-17:27:25.950672
0.5423471676231595,19385,21,1,0,1,0,1.5000000000000002,0.0,2025-Jan-29-17:27:26.021381
0.5423471676231595,19386,21,1,0,1,0,1.5000000000000002,0.0,2025-Jan-29-17:27:26.116191
0.5423471676231595,19387,21,1,0,1,0,1.5000000000000002,0.0,2025-Jan-29-17:27:26.230968
0.6298803139743462,19388,21,1,0,1,-1,1.4000000000000001,0.0,2025-Jan-29-17:27:26.325746
0.6298803139743462,19389,21,1,0,1,-1,1.4000000000000001,0.0,2025-Jan-29-17:27:26.408251
0.6298803139743462,19390,21,1,0,1,-1,1.4000000000000001,0.0,2025-Jan-29-17:27:26.489994
0.5423468572525219,19391,21,1,0,1,0,1.4000000000000001,0.0,2025-Jan-29-17:27:26.559771
0.7561023661056487,19392,21,1,0,-1,0,0.0,0.0,2025-Jan-29-17:27:26.614398
0.7561023661056487,19393,21,1,0,-1,0,0.0,0.0,2025-Jan-29-17:27:26.668146
0.7561023661056487,19394,21,1,0,-1,0,0.0,0.0,2025-Jan-29-17:27:26.721680
0.7561023661056487,19395,21,1,0,-1,0,0.0,0.0,2025-Jan-29-17:27:26.777741
0.7561023661056487,19396,21,1,0,-1,0,0.0,0.0,2025-Jan-29-17:27:26.834109
0.7561023661056487,19397,21,1,0,-1,0,0.0,0.0,2025-Jan-29-17:27:26.888027
0.7032548161666292,19398,0,1,0,1,0,0.9,0.0,2025-Jan-29-17:27:26.941301
0.7032548160318982,19399,0,1,0,1,0,1.0,0.0,2025-Jan-29-17:27:27.002373
0.7032548160318982,19400,0,1,0,1,0,1.0,0.0,2025-Jan-29-17:27:27.076321
0.7032548287490616,19401,0,1,0,0,0,0.0,0.0,2025-Jan-29-17:27:27.174347
0.7032548287490616,19402,0,1,0,0,0,0.0,0.0,2025-Jan-29-17:27:27.258845
0.7032548287490616,19403,0,1,0,0,0,0.0,0.0,2025-Jan-29-17:27:27.331319
0.7032548287490616,19404,0,1,0,0,0,0.0,0.0,2025-Jan-29-17:27:27.388495
0.7032548287490616,19405,0,1,0,0,0,0.0,0.0,2025-Jan-29-17:27:27.441310
0.7032548287490616,19406,0,1,0,0,0,0.0,0.0,2025-Jan-29-17:27:27.493842
0.7032548287490616,19407,0,1,0,0,0,0.0,0.0,2025-Jan-29-17:27:27.545216
0.703254816511651,19408,0,1,0,1,0,0.1,0.0,2025-Jan-29-17:27:27.598347
0.703254816511651,19409,0,1,0,1,0,0.1,0.0,2025-Jan-29-17:27:27.651802
0.703254816511651,19410,0,1,0,1,0,0.1,0.0,2025-Jan-29-17:27:27.705446
0.703254816511651,19411,0,1,0,1,0,0.1,0.0,2025-Jan-29-17:27:27.757724
0.703254816511651,19412,0,1,0,1,0,0.1,0.0,2025-Jan-29-17:27:27.810725
0.703254816511651,19413,0,1,0,1,0,0.1,0.0,2025-Jan-29-17:27:27.863743
0.703254816511651,19414,0,1,0,1,0,0.1,0.0,2025-Jan-29-17:27:27.916308
0.703254816511651,19415,0,1,0,1,0,0.1,0.0,2025-Jan-29-17:27:27.968820
0.703254816511651,19416,0,1,0,1,0,0.1,0.0,2025-Jan-29-17:27:28.022301
0.703254816511651,19417,0,1,0,1,0,0.1,0.0,2025-Jan-29-17:27:28.095760
0.7182705030005031,19418,25,1,0,0,0,0.0,0.0,2025-Jan-29-17:27:28.166319
0.7182705030005031,19419,25,1,0,0,0,0.0,0.0,2025-Jan-29-17:27:28.242077
0.7182705030005031,19420,25,1,0,0,0,0.0,0.0,2025-Jan-29-17:27:28.303408
0.7182705030005031,19421,25,1,0,0,0,0.0,0.0,2025-Jan-29-17:27:28.344756
0.7182705030005031,19422,25,1,0,0,0,0.0,0.0,2025-Jan-29-17:27:28.386179
0.7182705030005031,19423,25,1,0,0,0,0.0,0.0,2025-Jan-29-17:27:28.427621
0.7182705030005031,19424,25,1,0,0,0,0.0,0.0,2025-Jan-29-17:27:28.468590
0.7182705030005031,19425,25,1,0,0,0,0.0,0.0,2025-Jan-29-17:27:28.510368
0.7182705030005031,19426,25,1,0,0,0,0.0,0.0,2025-Jan-29-17:27:28.551523
0.7182705030005031,19427,25,1,0,0,0,0.0,0.0,2025-Jan-29-17:27:28.594670
0.7182821665362829,19428,3,1,0,-1,0,0.0,0.0,2025-Jan-29-17:27:28.636359
0.7182821665362829,19429,3,1,0,-1,0,0.0,0.0,2025-Jan-29-17:27:28.678370
0.7182821665362829,19430,3,1,0,-1,0,0.0,0.0,2025-Jan-29-17:27:28.720092
0.7182821636027037,19431,3,1,0,0,0,0.0,0.0,2025-Jan-29-17:27:28.761703
0.7182821636027037,19432,3,1,0,0,0,0.0,0.0,2025-Jan-29-17:27:28.803429
0.7182821636027037,19433,3,1,0,0,0,0.0,0.0,2025-Jan-29-17:27:28.845108
0.7182821636027037,19434,3,1,0,0,0,0.0,0.0,2025-Jan-29-17:27:28.887277
0.7182821636027037,19435,3,1,0,0,0,0.0,0.0,2025-Jan-29-17:27:28.928028
0.7182821636027037,19436,3,1,0,0,0,0.0,0.0,2025-Jan-29-17:27:28.969665
0.7182821636027037,19437,3,1,0,0,0,0.0,0.0,2025-Jan-29-17:27:29.010805
0.7182821665362829,19438,3,1,0,-1,0,0.0,0.0,2025-Jan-29-17:27:29.069566
0.7182821665362829,19439,3,1,0,-1,0,0.0,0.0,2025-Jan-29-17:27:29.147344
0.7182821665362829,19440,3,1,0,-1,0,0.0,0.0,2025-Jan-29-17:27:29.217553
0.7182821665362829,19441,3,1,0,-1,0,0.0,0.0,2025-Jan-29-17:27:29.280403
0.7182821636027037,19442,3,1,0,0,0,0.0,0.0,2025-Jan-29-17:27:29.321338
0.7182821636027037,19443,3,1,0,0,0,0.0,0.0,2025-Jan-29-17:27:29.364112
0.7182821636027037,19444,3,1,0,0,0,0.0,0.0,2025-Jan-29-17:27:29.405925
0.7182821636027037,19445,3,1,0,0,0,0.0,0.0,2025-Jan-29-17:27:29.447959
0.7182821636027037,19446,3,1,0,0,0,0.0,0.0,2025-Jan-29-17:27:29.490109
0.7182821636027037,19447,3,1,0,0,0,0.0,0.0,2025-Jan-29-17:27:29.531766
0.7487322891669068,19448,23,1,0,-1,0,0.0,0.0,2025-Jan-29-17:27:29.585922
0.7487322891669068,19449,23,1,0,-1,0,0.0,0.0,2025-Jan-29-17:27:29.639773
0.7487322891669068,19450,23,1,0,-1,0,0.0,0.0,2025-Jan-29-17:27:29.694793
0.7487322891669068,19451,23,1,0,-1,0,0.0,0.0,2025-Jan-29-17:27:29.748955
0.7487322891669068,19452,23,1,0,-1,0,0.0,0.0,2025-Jan-29-17:27:29.803421
0.7487322891669068,19453,23,1,0,-1,0,0.0,0.0,2025-Jan-29-17:27:29.856420
0.718270503145516,19454,23,1,0,0,0,0.0,0.0,2025-Jan-29-17:27:29.898430
0.718270503145516,19455,23,1,0,0,0,0.0,0.0,2025-Jan-29-17:27:29.940288
0.718270503145516,19456,23,1,0,0,0,0.0,0.0,2025-Jan-29-17:27:29.982546
0.718270503145516,19457,23,1,0,0,0,0.0,0.0,2025-Jan-29-17:27:30.222924
0.7561023661056487,19458,21,1,0,-1,0,0.0,0.0,2025-Jan-29-17:27:30.311331
1.241089522048855,19459,20,1,0,-1,0,0.0,0.0,2025-Jan-29-17:27:30.414166
1.2032591688378944,19460,20,1,0,0,0,0.0,0.0,2025-Jan-29-17:27:30.466031
1.2032591688378944,19461,20,1,0,0,0,0.0,0.0,2025-Jan-29-17:27:30.518632
1.2032591688378944,19462,20,1,0,0,0,0.0,0.0,2025-Jan-29-17:27:30.571940
1.2032591688378944,19463,20,1,0,0,0,0.0,0.0,2025-Jan-29-17:27:30.624676
1.2032591688378944,19464,20,1,0,0,0,0.0,0.0,2025-Jan-29-17:27:30.677413
1.2032591688378944,19465,20,1,0,0,0,0.0,0.0,2025-Jan-29-17:27:30.729969
1.2032591688378944,19466,20,1,0,0,0,0.0,0.0,2025-Jan-29-17:27:30.782654
1.2032591688378944,19467,20,1,0,0,0,0.0,0.0,2025-Jan-29-17:27:30.837090
0.7561023662558681,19468,19,1,0,-1,0,0.0,0.0,2025-Jan-29-17:27:30.904747
0.7182729372290622,19469,19,1,0,0,0,0.0,0.0,2025-Jan-29-17:27:30.951789
0.7182729372290622,19470,19,1,0,0,0,0.0,0.0,2025-Jan-29-17:27:30.995431
0.7182729372290622,19471,19,1,0,0,0,0.0,0.0,2025-Jan-29-17:27:31.044615
0.7182729372290622,19472,19,1,0,0,0,0.0,0.0,2025-Jan-29-17:27:31.094967
0.7182729372290622,19473,19,1,0,0,0,0.0,0.0,2025-Jan-29-17:27:31.165842
0.7182729372290622,19474,19,1,0,0,0,0.0,0.0,2025-Jan-29-17:27:31.249992
0.7182729372290622,19475,19,1,0,0,0,0.0,0.0,2025-Jan-29-17:27:31.328601
0.7182729372290622,19476,19,1,0,0,0,0.0,0.0,2025-Jan-29-17:27:31.395389
0.7182729372290622,19477,19,1,0,0,0,0.0,0.0,2025-Jan-29-17:27:31.445163
0.7032548286518892,19478,1,1,0,0,0,0.0,0.0,2025-Jan-29-17:27:31.507499
0.7032548286518892,19479,1,1,0,0,0,0.0,0.0,2025-Jan-29-17:27:31.571689
0.7032548286518892,19480,1,1,0,0,0,0.0,0.0,2025-Jan-29-17:27:31.634641
0.7032548286518892,19481,1,1,0,0,0,0.0,0.0,2025-Jan-29-17:27:31.695474
0.7032548287490616,19482,0,1,0,0,0,0.0,0.0,2025-Jan-29-17:27:31.748296
1.0307464928909489,19483,23,1,1,1,0,0.30000000000000004,0.0,2025-Jan-29-17:27:31.793982
1.0307464928909489,19484,23,1,1,1,0,0.30000000000000004,0.0,2025-Jan-29-17:27:31.845121
1.0307464928909489,19485,23,1,1,1,0,0.30000000000000004,0.0,2025-Jan-29-17:27:31.893518
1.0307464928909489,19486,23,1,1,1,0,0.30000000000000004,0.0,2025-Jan-29-17:27:31.935439
1.515730970582097,19487,22,1,1,1,0,0.30000000000000004,0.0,2025-Jan-29-17:27:31.987345
0.7032518156813519,19488,15,1,0,0,0,0.0,0.0,2025-Jan-29-17:27:32.039996
0.7032518156813519,19489,15,1,0,0,0,0.0,0.0,2025-Jan-29-17:27:32.103816
0.7032518156813519,19490,15,1,0,0,0,0.0,0.0,2025-Jan-29-17:27:32.183148
0.7032518156813519,19491,15,1,0,0,0,0.0,0.0,2025-Jan-29-17:27:32.268988
0.7032518156813519,19492,15,1,0,0,0,0.0,0.0,2025-Jan-29-17:27:32.325671
0.7032518164381372,19493,18,1,0,0,0,0.0,0.0,2025-Jan-29-17:27:32.378888
0.7032518164381372,19494,18,1,0,0,0,0.0,0.0,2025-Jan-29-17:27:32.430376
0.7032518164381372,19495,18,1,0,0,0,0.0,0.0,2025-Jan-29-17:27:32.481887
1.188247294787923,19496,17,1,0,0,0,0.0,0.0,2025-Jan-29-17:27:32.534907
1.188247294787923,19497,17,1,0,0,0,0.0,0.0,2025-Jan-29-17:27:32.588369
1.0582554688129302,19498,0,1,1,0,0,0.0,0.0,2025-Jan-29-17:27:32.639796
1.0582554688129302,19499,0,1,1,0,0,0.0,0.0,2025-Jan-29-17:27:32.691920
1.0582554688129302,19500,0,1,1,0,0,0.0,0.0,2025-Jan-29-17:27:32.743949
1.0582554688129302,19501,0,1,1,0,0,0.0,0.0,2025-Jan-29-17:27:32.796713
1.0582554688129302,19502,0,1,1,0,0,0.0,0.0,2025-Jan-29-17:27:32.848832
1.0582554688129302,19503,0,1,1,0,0,0.0,0.0,2025-Jan-29-17:27:32.901096
1.0582554688129302,19504,0,1,1,0,0,0.0,0.0,2025-Jan-29-17:27:32.952834
1.0582554688129302,19505,0,1,1,0,0,0.0,0.0,2025-Jan-29-17:27:33.005377
1.0582554688129302,19506,0,1,1,0,0,0.0,0.0,2025-Jan-29-17:27:33.073044
1.0582554688129302,19507,0,1,1,0,0,0.0,0.0,2025-Jan-29-17:27:33.166215
0.7182705030005031,19508,25,1,0,0,0,0.0,0.0,2025-Jan-29-17:27:33.238014
0.7182705030005031,19509,25,1,0,0,0,0.0,0.0,2025-Jan-29-17:27:33.301323
0.7182705030005031,19510,25,1,0,0,0,0.0,0.0,2025-Jan-29-17:27:33.343335
0.7182705030005031,19511,25,1,0,0,0,0.0,0.0,2025-Jan-29-17:27:33.385545
0.7182705030005031,19512,25,1,0,0,0,0.0,0.0,2025-Jan-29-17:27:33.426594
1.0732711432420041,19513,23,1,1,0,0,0.0,0.0,2025-Jan-29-17:27:33.467807
1.0732711432420041,19514,23,1,1,0,0,0.0,0.0,2025-Jan-29-17:27:33.508818
1.0732711432420041,19515,23,1,1,0,0,0.0,0.0,2025-Jan-29-17:27:33.550489
1.0732711432420041,19516,23,1,1,0,0,0.0,0.0,2025-Jan-29-17:27:33.592134
1.0732711432420041,19517,23,1,1,0,0,0.0,0.0,2025-Jan-29-17:27:33.633204
0.7182729372290622,19518,19,1,0,0,0,0.0,0.0,2025-Jan-29-17:27:33.674416
0.7182729372290622,19519,19,1,0,0,0,0.0,0.0,2025-Jan-29-17:27:33.716161
0.7182729372290622,19520,19,1,0,0,0,0.0,0.0,2025-Jan-29-17:27:33.756894
0.7182729372290622,19521,19,1,0,0,0,0.0,0.0,2025-Jan-29-17:27:33.797846
0.7182729372290622,19522,19,1,0,0,0,0.0,0.0,2025-Jan-29-17:27:33.838688
1.0732735800408597,19523,19,1,1,0,-1,0.0,0.0,2025-Jan-29-17:27:33.879790
1.0732735800408597,19524,19,1,1,0,-1,0.0,0.0,2025-Jan-29-17:27:33.921628
1.0732735800408597,19525,19,1,1,0,-1,0.0,0.0,2025-Jan-29-17:27:33.962528
1.0732735800408597,19526,19,1,1,0,-1,0.0,0.0,2025-Jan-29-17:27:34.004264
1.0732735800408597,19527,19,1,1,0,-1,0.0,0.0,2025-Jan-29-17:27:34.046895
1.0960830176806091,19528,18,1,1,-1,0,0.0,0.0,2025-Jan-29-17:27:34.180765
1.0960830176806091,19529,18,1,1,-1,0,0.0,0.0,2025-Jan-29-17:27:34.290519
1.0960830176806091,19530,18,1,1,-1,0,0.0,0.0,2025-Jan-29-17:27:34.366022
1.0960830176806091,19531,18,1,1,-1,0,0.0,0.0,2025-Jan-29-17:27:34.440930
1.0960830176806091,19532,18,1,1,-1,0,0.0,0.0,2025-Jan-29-17:27:34.514405
1.1037329291610902,19533,25,1,1,-1,0,0.0,0.0,2025-Jan-29-17:27:34.570146
1.1037329291610902,19534,25,1,1,-1,0,0.0,0.0,2025-Jan-29-17:27:34.624684
1.0732711430969912,19535,25,1,1,0,0,0.0,0.0,2025-Jan-29-17:27:34.858026
1.0732711430969912,19536,25,1,1,0,0,0.0,0.0,2025-Jan-29-17:27:34.904852
1.558257046225748,19537,24,1,1,0,0,0.0,0.0,2025-Jan-29-17:27:34.958998
1.1465545658592264,19538,22,1,0,1,1,0.4,0.4,2025-Jan-29-17:27:35.012173
1.1465545658592264,19539,22,1,0,1,1,0.4,0.4,2025-Jan-29-17:27:35.087790
1.1465545658592264,19540,22,1,0,1,1,0.4,0.4,2025-Jan-29-17:27:35.182426
1.1465545658592264,19541,22,1,0,1,1,0.4,0.4,2025-Jan-29-17:27:35.268566
1.2032563924503987,19542,22,1,0,0,1,0.0,0.4,2025-Jan-29-17:27:35.320833
1.1882472801394095,19543,7,1,0,1,0,1.3000000000000003,0.0,2025-Jan-29-17:27:35.374302
1.1882472801394095,19544,7,1,0,1,0,1.3000000000000003,0.0,2025-Jan-29-17:27:35.428954
1.1882472801394095,19545,7,1,0,1,0,1.3000000000000003,0.0,2025-Jan-29-17:27:35.482429
1.1882472801394095,19546,7,1,0,1,0,1.3000000000000003,0.0,2025-Jan-29-17:27:35.534963
1.1882472801394095,19547,7,1,0,1,0,1.3000000000000003,0.0,2025-Jan-29-17:27:35.588389
1.1882472948240612,19548,5,1,0,0,0,0.0,0.0,2025-Jan-29-17:27:35.642210
1.1882472948240612,19549,5,1,0,0,0,0.0,0.0,2025-Jan-29-17:27:35.695740
1.1882472948240612,19550,5,1,0,0,0,0.0,0.0,2025-Jan-29-17:27:35.748327
1.1882472948240612,19551,5,1,0,0,0,0.0,0.0,2025-Jan-29-17:27:35.805108
1.1882472948240612,19552,5,1,0,0,0,0.0,0.0,2025-Jan-29-17:27:35.865474
1.0732828067797704,19553,2,1,1,-1,0,0.0,0.0,2025-Jan-29-17:27:35.916734
0.7032518165836577,19554,13,1,0,0,0,0.0,0.0,2025-Jan-29-17:27:35.978155
1.2032591688378944,19555,20,1,0,0,0,0.0,0.0,2025-Jan-29-17:27:36.034216
0.8823205578104175,19556,16,1,1,1,0,1.8000000000000003,0.0,2025-Jan-29-17:27:36.134534
1.0732711430969912,19557,25,1,1,0,0,0.0,0.0,2025-Jan-29-17:27:36.213704
1.1458010766113311,19558,1,1,1,-1,-1,0.0,0.0,2025-Jan-29-17:27:36.314249
1.1458010624310038,19559,1,1,1,1,-1,0.1,0.0,2025-Jan-29-17:27:36.390331
0.8058190792053648,19560,3,1,0,1,-1,0.7000000000000001,0.0,2025-Jan-29-17:27:36.465666
1.0732828067797704,19561,2,1,1,-1,0,0.0,0.0,2025-Jan-29-17:27:36.507614
1.0748372489163138,19562,14,1,0,1,0,0.8,0.0,2025-Jan-29-17:27:36.560583
1.0582524566575031,19563,16,1,1,0,0,0.0,0.0,2025-Jan-29-17:27:36.612671
0.7032548305854713,19564,1,1,0,-1,0,0.0,0.0,2025-Jan-29-17:27:36.665240
0.7368074537788192,19565,16,1,0,-1,0,0.0,0.0,2025-Jan-29-17:27:36.739932
1.0732735800408597,19566,19,1,1,0,-1,0.0,0.0,2025-Jan-29-17:27:36.781729
0.7032548286518892,19567,1,1,0,0,0,0.0,0.0,2025-Jan-29-17:27:36.836455
0.6148597869983037,19568,15,1,0,1,-1,1.6,0.0,2025-Jan-29-17:27:36.938091
0.7182705063079972,19569,23,1,0,0,-1,0.0,0.0,2025-Jan-29-17:27:36.979715
1.5582598089635473,19570,12,1,1,0,0,0.0,0.0,2025-Jan-29-17:27:37.031503
1.0732827911491278,19571,3,1,1,1,0,0.4,0.0,2025-Jan-29-17:27:37.101423
1.1180474365717976,19572,9,1,0,-1,1,0.0,0.6,2025-Jan-29-17:27:37.184537
0.9872707565140574,19573,1,1,1,-1,1,0.0,0.5,2025-Jan-29-17:27:37.261529
0.7032548158283454,19574,1,1,0,1,0,0.5,0.0,2025-Jan-29-17:27:37.314413
1.4014834242458896,19575,10,1,1,1,1,1.0,1.2000000000000002,2025-Jan-29-17:27:37.367436
1.1836331120974133,19576,15,1,1,-1,-1,0.0,0.0,2025-Jan-29-17:27:37.466059
1.558257032714121,19577,22,1,1,0,1,0.0,0.5,2025-Jan-29-17:27:37.519206
0.7561023661056487,19578,21,1,0,-1,0,0.0,0.0,2025-Jan-29-17:27:37.573959
0.7561023661056487,19579,21,1,0,-1,0,0.0,0.0,2025-Jan-29-17:27:37.630866
0.7561023661056487,19580,21,1,0,-1,0,0.0,0.0,2025-Jan-29-17:27:37.684520
0.7561023661056487,19581,21,1,0,-1,0,0.0,0.0,2025-Jan-29-17:27:37.737692
0.7182729370721538,19582,21,1,0,0,0,0.0,0.0,2025-Jan-29-17:27:37.779295
0.7182729370721538,19583,21,1,0,0,0,0.0,0.0,2025-Jan-29-17:27:37.820805
0.7182729370721538,19584,21,1,0,0,0,0.0,0.0,2025-Jan-29-17:27:37.863123
0.7182729370721538,19585,21,1,0,0,0,0.0,0.0,2025-Jan-29-17:27:37.905172
0.7182729370721538,19586,21,1,0,0,0,0.0,0.0,2025-Jan-29-17:27:37.947137
0.7182729370721538,19587,21,1,0,0,0,0.0,0.0,2025-Jan-29-17:27:37.988277
0.5423471676231595,19588,21,1,0,1,0,1.5000000000000002,0.0,2025-Jan-29-17:27:38.070221
0.5423471676231595,19589,21,1,0,1,0,1.5000000000000002,0.0,2025-Jan-29-17:27:38.188156
0.5423471676231595,19590,21,1,0,1,0,1.5000000000000002,0.0,2025-Jan-29-17:27:38.288045
0.5423471676231595,19591,21,1,0,1,0,1.5000000000000002,0.0,2025-Jan-29-17:27:38.357980
0.5423471676231595,19592,21,1,0,1,0,1.5000000000000002,0.0,2025-Jan-29-17:27:38.428800
0.5423471676231595,19593,21,1,0,1,0,1.5000000000000002,0.0,2025-Jan-29-17:27:38.498423
0.5423471676231595,19594,21,1,0,1,0,1.5000000000000002,0.0,2025-Jan-29-17:27:38.567536
1.02732741513405,19595,20,1,0,1,0,1.5000000000000002,0.0,2025-Jan-29-17:27:38.644186
0.5423471676231595,19596,21,1,0,1,0,1.5000000000000002,0.0,2025-Jan-29-17:27:38.713776
0.5423471676231595,19597,21,1,0,1,0,1.5000000000000002,0.0,2025-Jan-29-17:27:38.782875
0.7907983787624983,19598,15,1,0,0,-1,0.0,0.0,2025-Jan-29-17:27:38.857859
0.7907983787624983,19599,15,1,0,0,-1,0.0,0.0,2025-Jan-29-17:27:38.932711
0.7907983787624983,19600,15,1,0,0,-1,0.0,0.0,2025-Jan-29-17:27:39.007258
0.7907983787624983,19601,15,1,0,0,-1,0.0,0.0,2025-Jan-29-17:27:39.098632
0.7032518156813519,19602,15,1,0,0,0,0.0,0.0,2025-Jan-29-17:27:39.187936
0.7032518156813519,19603,15,1,0,0,0,0.0,0.0,2025-Jan-29-17:27:39.271543
0.7032518156813519,19604,15,1,0,0,0,0.0,0.0,2025-Jan-29-17:27:39.324333
1.1882472949161151,19605,14,1,0,0,0,0.0,0.0,2025-Jan-29-17:27:39.377162
1.1882472949161151,19606,14,1,0,0,0,0.0,0.0,2025-Jan-29-17:27:39.429658
1.1882472949161151,19607,14,1,0,0,0,0.0,0.0,2025-Jan-29-17:27:39.482808
1.1882472949161151,19608,14,1,0,0,0,0.0,0.0,2025-Jan-29-17:27:39.535861
1.1882472949161151,19609,14,1,0,0,0,0.0,0.0,2025-Jan-29-17:27:39.588748
1.5432479348432389,19610,14,1,1,0,0,0.0,0.0,2025-Jan-29-17:27:39.643827
1.5432479348432389,19611,14,1,1,0,0,0.0,0.0,2025-Jan-29-17:27:39.698444
1.5432479348432389,19612,14,1,1,0,0,0.0,0.0,2025-Jan-29-17:27:39.751301
1.5432479348432389,19613,14,1,1,0,0,0.0,0.0,2025-Jan-29-17:27:39.807322
1.5432479348432389,19614,14,1,1,0,0,0.0,0.0,2025-Jan-29-17:27:39.860341
1.5432479348432389,19615,14,1,1,0,0,0.0,0.0,2025-Jan-29-17:27:39.913310
1.5432479348432389,19616,14,1,1,0,0,0.0,0.0,2025-Jan-29-17:27:39.967416
1.5432479348432389,19617,14,1,1,0,0,0.0,0.0,2025-Jan-29-17:27:40.021163
1.188247294787923,19618,17,1,0,0,0,0.0,0.0,2025-Jan-29-17:27:40.098927
1.188247294787923,19619,17,1,0,0,0,0.0,0.0,2025-Jan-29-17:27:40.183665
1.188247294787923,19620,17,1,0,0,0,0.0,0.0,2025-Jan-29-17:27:40.264346
1.188247294787923,19621,17,1,0,0,0,0.0,0.0,2025-Jan-29-17:27:40.319356
1.188247294787923,19622,17,1,0,0,0,0.0,0.0,2025-Jan-29-17:27:40.372477
1.188247294787923,19623,17,1,0,0,0,0.0,0.0,2025-Jan-29-17:27:40.671462
1.188247294787923,19624,17,1,0,0,0,0.0,0.0,2025-Jan-29-17:27:40.726149
1.188247294787923,19625,17,1,0,0,0,0.0,0.0,2025-Jan-29-17:27:40.779880
1.188247294787923,19626,17,1,0,0,0,0.0,0.0,2025-Jan-29-17:27:40.832210
1.188247294787923,19627,17,1,0,0,0,0.0,0.0,2025-Jan-29-17:27:40.884833
0.7032518165836577,19628,13,1,0,0,0,0.0,0.0,2025-Jan-29-17:27:40.937198
0.7032518165836577,19629,13,1,0,0,0,0.0,0.0,2025-Jan-29-17:27:40.990576
0.7032518165836577,19630,13,1,0,0,0,0.0,0.0,2025-Jan-29-17:27:41.042071
0.7032518165836577,19631,13,1,0,0,0,0.0,0.0,2025-Jan-29-17:27:41.116345
0.7032518165836577,19632,13,1,0,0,0,0.0,0.0,2025-Jan-29-17:27:41.206083
0.7032518165836577,19633,13,1,0,0,0,0.0,0.0,2025-Jan-29-17:27:41.273621
0.7032518165836577,19634,13,1,0,0,0,0.0,0.0,2025-Jan-29-17:27:41.326735
0.7032518165836577,19635,13,1,0,0,0,0.0,0.0,2025-Jan-29-17:27:41.378920
1.2032591688841716,19636,12,1,0,0,0,0.0,0.0,2025-Jan-29-17:27:41.431126
1.2032591688841716,19637,12,1,0,0,0,0.0,0.0,2025-Jan-29-17:27:41.483580
0.7032548158283454,19638,1,1,0,1,0,0.5,0.0,2025-Jan-29-17:27:41.535915
0.7032548159255179,19639,0,1,0,1,0,0.5,0.0,2025-Jan-29-17:27:41.589375
0.7032548159255179,19640,0,1,0,1,0,0.5,0.0,2025-Jan-29-17:27:41.642505
0.7032548159255179,19641,0,1,0,1,0,0.5,0.0,2025-Jan-29-17:27:41.696276
0.7032548159255179,19642,0,1,0,1,0,0.5,0.0,2025-Jan-29-17:27:41.749455
0.7032548306826437,19643,0,1,0,-1,0,0.0,0.0,2025-Jan-29-17:27:41.802594
0.7032548306826437,19644,0,1,0,-1,0,0.0,0.0,2025-Jan-29-17:27:41.855202
0.7032548306826437,19645,0,1,0,-1,0,0.0,0.0,2025-Jan-29-17:27:41.908087
0.7032548306826437,19646,0,1,0,-1,0,0.0,0.0,2025-Jan-29-17:27:41.961925
0.7032548306826437,19647,0,1,0,-1,0,0.0,0.0,2025-Jan-29-17:27:42.015203
0.7032548287490616,19648,0,1,0,0,0,0.0,0.0,2025-Jan-29-17:27:42.088814
0.7032548287490616,19649,0,1,0,0,0,0.0,0.0,2025-Jan-29-17:27:42.173826
0.7032548287490616,19650,0,1,0,0,0,0.0,0.0,2025-Jan-29-17:27:42.260090
0.7032548287490616,19651,0,1,0,0,0,0.0,0.0,2025-Jan-29-17:27:42.313921
0.7032548287490616,19652,0,1,0,0,0,0.0,0.0,2025-Jan-29-17:27:42.366712
0.7032548287490616,19653,0,1,0,0,0,0.0,0.0,2025-Jan-29-17:27:42.418405
0.7032548287490616,19654,0,1,0,0,0,0.0,0.0,2025-Jan-29-17:27:42.470890
0.7032548287490616,19655,0,1,0,0,0,0.0,0.0,2025-Jan-29-17:27:42.523610
0.7032548287490616,19656,0,1,0,0,0,0.0,0.0,2025-Jan-29-17:27:42.576353
0.7032548287490616,19657,0,1,0,0,0,0.0,0.0,2025-Jan-29-17:27:42.629026
0.703254816511651,19658,0,1,0,1,0,0.1,0.0,2025-Jan-29-17:27:42.682574
0.703254816511651,19659,0,1,0,1,0,0.1,0.0,2025-Jan-29-17:27:42.735392
0.703254816511651,19660,0,1,0,1,0,0.1,0.0,2025-Jan-29-17:27:42.788443
0.703254816511651,19661,0,1,0,1,0,0.1,0.0,2025-Jan-29-17:27:42.840756
0.703254816511651,19662,0,1,0,1,0,0.1,0.0,2025-Jan-29-17:27:42.893612
0.703254816511651,19663,0,1,0,1,0,0.1,0.0,2025-Jan-29-17:27:42.946585
0.703254816511651,19664,0,1,0,1,0,0.1,0.0,2025-Jan-29-17:27:43.001418
0.703254816511651,19665,0,1,0,1,0,0.1,0.0,2025-Jan-29-17:27:43.073973
0.703254816511651,19666,0,1,0,1,0,0.1,0.0,2025-Jan-29-17:27:43.160695
0.703254816511651,19667,0,1,0,1,0,0.1,0.0,2025-Jan-29-17:27:43.240993
0.7032548286518892,19668,1,1,0,0,0,0.0,0.0,2025-Jan-29-17:27:43.307095
0.7032548286518892,19669,1,1,0,0,0,0.0,0.0,2025-Jan-29-17:27:43.359021
0.7032548286518892,19670,1,1,0,0,0,0.0,0.0,2025-Jan-29-17:27:43.411883
0.7032548286518892,19671,1,1,0,0,0,0.0,0.0,2025-Jan-29-17:27:43.463408
0.7032548286518892,19672,1,1,0,0,0,0.0,0.0,2025-Jan-29-17:27:43.515915
0.7032548286518892,19673,1,1,0,0,0,0.0,0.0,2025-Jan-29-17:27:43.567875
0.7032548286518892,19674,1,1,0,0,0,0.0,0.0,2025-Jan-29-17:27:43.621629
0.7032548286518892,19675,1,1,0,0,0,0.0,0.0,2025-Jan-29-17:27:43.674984
0.7032548286518892,19676,1,1,0,0,0,0.0,0.0,2025-Jan-29-17:27:43.728462
0.7032548286518892,19677,1,1,0,0,0,0.0,0.0,2025-Jan-29-17:27:43.780346
0.7032548286518892,19678,1,1,0,0,0,0.0,0.0,2025-Jan-29-17:27:43.832518
0.7032548286518892,19679,1,1,0,0,0,0.0,0.0,2025-Jan-29-17:27:43.884011
0.7032548286518892,19680,1,1,0,0,0,0.0,0.0,2025-Jan-29-17:27:43.935318
0.7032548286518892,19681,1,1,0,0,0,0.0,0.0,2025-Jan-29-17:27:43.988890
0.7032548286518892,19682,1,1,0,0,0,0.0,0.0,2025-Jan-29-17:27:44.041840
0.7032548306826437,19683,0,1,0,-1,0,0.0,0.0,2025-Jan-29-17:27:44.113774
0.7032548306826437,19684,0,1,0,-1,0,0.0,0.0,2025-Jan-29-17:27:44.200533
0.7032548306826437,19685,0,1,0,-1,0,0.0,0.0,2025-Jan-29-17:27:44.278951
0.7032548306826437,19686,0,1,0,-1,0,0.0,0.0,2025-Jan-29-17:27:44.331483
0.7032548306826437,19687,0,1,0,-1,0,0.0,0.0,2025-Jan-29-17:27:44.383007
0.7182705030005031,19688,25,1,0,0,0,0.0,0.0,2025-Jan-29-17:27:44.424205
0.7182705030005031,19689,25,1,0,0,0,0.0,0.0,2025-Jan-29-17:27:44.465677
0.7182705030005031,19690,25,1,0,0,0,0.0,0.0,2025-Jan-29-17:27:44.507569
0.7182705030005031,19691,25,1,0,0,0,0.0,0.0,2025-Jan-29-17:27:44.549048
0.7182705030005031,19692,25,1,0,0,0,0.0,0.0,2025-Jan-29-17:27:44.591036
0.7182705030005031,19693,25,1,0,0,0,0.0,0.0,2025-Jan-29-17:27:44.637037
0.7182705030005031,19694,25,1,0,0,0,0.0,0.0,2025-Jan-29-17:27:44.681034
0.7182705030005031,19695,25,1,0,0,0,0.0,0.0,2025-Jan-29-17:27:44.723387
0.7182705030005031,19696,25,1,0,0,0,0.0,0.0,2025-Jan-29-17:27:44.764426
0.7182705030005031,19697,25,1,0,0,0,0.0,0.0,2025-Jan-29-17:27:44.805180
0.718270503145516,19698,23,1,0,0,0,0.0,0.0,2025-Jan-29-17:27:44.846658
0.718270503145516,19699,23,1,0,0,0,0.0,0.0,2025-Jan-29-17:27:44.887676
0.718270503145516,19700,23,1,0,0,0,0.0,0.0,2025-Jan-29-17:27:44.928459
0.718270503145516,19701,23,1,0,0,0,0.0,0.0,2025-Jan-29-17:27:44.970890
0.718270503145516,19702,23,1,0,0,0,0.0,0.0,2025-Jan-29-17:27:45.012753
0.7182705063079972,19703,23,1,0,0,-1,0.0,0.0,2025-Jan-29-17:27:45.073697
0.7182705063079972,19704,23,1,0,0,-1,0.0,0.0,2025-Jan-29-17:27:45.149278
0.7182705063079972,19705,23,1,0,0,-1,0.0,0.0,2025-Jan-29-17:27:45.216699
0.718270503145516,19706,23,1,0,0,0,0.0,0.0,2025-Jan-29-17:27:45.283788
0.718270503145516,19707,23,1,0,0,0,0.0,0.0,2025-Jan-29-17:27:45.527595
0.7182729372290622,19708,19,1,0,0,0,0.0,0.0,2025-Jan-29-17:27:45.569814
0.7032518164381372,19709,18,1,0,0,0,0.0,0.0,2025-Jan-29-17:27:45.621498
0.7032518164381372,19710,18,1,0,0,0,0.0,0.0,2025-Jan-29-17:27:45.674035
0.7032518164381372,19711,18,1,0,0,0,0.0,0.0,2025-Jan-29-17:27:45.727370
0.7032518164381372,19712,18,1,0,0,0,0.0,0.0,2025-Jan-29-17:27:45.779240
0.7182729372290622,19713,19,1,0,0,0,0.0,0.0,2025-Jan-29-17:27:45.821322
0.7182729372290622,19714,19,1,0,0,0,0.0,0.0,2025-Jan-29-17:27:45.863681
0.7182729372290622,19715,19,1,0,0,0,0.0,0.0,2025-Jan-29-17:27:45.904537
0.7182729372290622,19716,19,1,0,0,0,0.0,0.0,2025-Jan-29-17:27:45.945552
0.7182729372290622,19717,19,1,0,0,0,0.0,0.0,2025-Jan-29-17:27:45.988072
0.7182821636027037,19718,3,1,0,0,0,0.0,0.0,2025-Jan-29-17:27:46.029225
0.7182821636027037,19719,3,1,0,0,0,0.0,0.0,2025-Jan-29-17:27:46.088142
0.7182821636027037,19720,3,1,0,0,0,0.0,0.0,2025-Jan-29-17:27:46.165056
0.7182821636027037,19721,3,1,0,0,0,0.0,0.0,2025-Jan-29-17:27:46.241244
0.7182821636027037,19722,3,1,0,0,0,0.0,0.0,2025-Jan-29-17:27:46.300697
0.7182821636027037,19723,3,1,0,0,0,0.0,0.0,2025-Jan-29-17:27:46.342147
0.7182821636027037,19724,3,1,0,0,0,0.0,0.0,2025-Jan-29-17:27:46.383850
0.7182821636027037,19725,3,1,0,0,0,0.0,0.0,2025-Jan-29-17:27:46.425900
0.7182821636027037,19726,3,1,0,0,0,0.0,0.0,2025-Jan-29-17:27:46.467027
0.7182821637487402,19727,2,1,0,0,0,0.0,0.0,2025-Jan-29-17:27:46.508592
0.7368074537788192,19728,16,1,0,-1,0,0.0,0.0,2025-Jan-29-17:27:46.585370
0.7032518165899636,19729,16,1,0,0,0,0.0,0.0,2025-Jan-29-17:27:46.636964
0.7032518165899636,19730,16,1,0,0,0,0.0,0.0,2025-Jan-29-17:27:46.688599
0.7032518165899636,19731,16,1,0,0,0,0.0,0.0,2025-Jan-29-17:27:46.741279
0.7032518165899636,19732,16,1,0,0,0,0.0,0.0,2025-Jan-29-17:27:46.796330
1.241089522048855,19733,20,1,0,-1,0,0.0,0.0,2025-Jan-29-17:27:46.887261
1.241089522048855,19734,20,1,0,-1,0,0.0,0.0,2025-Jan-29-17:27:46.964637
1.241089522048855,19735,20,1,0,-1,0,0.0,0.0,2025-Jan-29-17:27:47.040524
1.241089522048855,19736,20,1,0,-1,0,0.0,0.0,2025-Jan-29-17:27:47.156256
1.241089522048855,19737,20,1,0,-1,0,0.0,0.0,2025-Jan-29-17:27:47.261305
0.7182821548854581,19738,2,1,0,1,-1,0.7000000000000001,0.0,2025-Jan-29-17:27:47.313909
0.7182821548854581,19739,2,1,0,1,-1,0.7000000000000001,0.0,2025-Jan-29-17:27:47.366372
0.7182821548854581,19740,2,1,0,1,-1,0.7000000000000001,0.0,2025-Jan-29-17:27:47.419286
0.7182821669329108,19741,2,1,0,0,-1,0.0,0.0,2025-Jan-29-17:27:47.461717
0.7182821669329108,19742,2,1,0,0,-1,0.0,0.0,2025-Jan-29-17:27:47.504469
0.5273199177243248,19743,16,1,0,1,0,1.8000000000000003,0.0,2025-Jan-29-17:27:47.580320
0.8823205578104175,19744,16,1,1,1,0,1.8000000000000003,0.0,2025-Jan-29-17:27:47.656367
0.8823205578104175,19745,16,1,1,1,0,1.8000000000000003,0.0,2025-Jan-29-17:27:47.733451
0.8823205578104175,19746,16,1,1,1,0,1.8000000000000003,0.0,2025-Jan-29-17:27:47.808812
0.8823205578104175,19747,16,1,1,1,0,1.8000000000000003,0.0,2025-Jan-29-17:27:47.884402
0.9872707565140574,19748,1,1,1,-1,1,0.0,0.5,2025-Jan-29-17:27:47.936555
0.6322701164419364,19749,1,1,0,-1,1,0.0,0.5,2025-Jan-29-17:27:47.989469
0.6322701164419364,19750,1,1,0,-1,1,0.0,0.5,2025-Jan-29-17:27:48.043786
0.6464847028547867,19751,1,1,0,-1,1,0.0,0.4,2025-Jan-29-17:27:48.123506
0.6322701164419364,19752,1,1,0,-1,1,0.0,0.5,2025-Jan-29-17:27:48.209477
1.159895940948966,19753,10,1,0,1,0,0.2,0.0,2025-Jan-29-17:27:48.279445
1.188247294787923,19754,17,1,0,0,0,0.0,0.0,2025-Jan-29-17:27:48.332937
1.0273230036789678,19755,22,1,0,1,-1,1.4000000000000001,0.0,2025-Jan-29-17:27:48.412854
1.0582524564983662,19756,18,1,1,0,0,0.0,0.0,2025-Jan-29-17:27:48.465179
1.2032568944627569,19757,6,1,0,1,0,0.1,0.0,2025-Jan-29-17:27:48.517964
0.9319232550776316,19758,15,1,1,0,1,0.0,0.9,2025-Jan-29-17:27:48.592637
1.4306735034796794,19759,24,1,1,1,0,0.9,0.0,2025-Jan-29-17:27:48.645156
1.3286400585175115,19760,20,1,0,-1,-1,0.0,0.0,2025-Jan-29-17:27:48.745020
1.4319224431478172,19761,24,1,1,0,1,0.0,1.2000000000000002,2025-Jan-29-17:27:48.820996
0.9469452896908003,19762,21,1,1,0,1,0.0,1.1,2025-Jan-29-17:27:48.890136
1.5432479359287443,19763,7,1,1,-1,0,0.0,0.0,2025-Jan-29-17:27:48.943676
0.8058190915727348,19764,3,1,0,0,-1,0.0,0.0,2025-Jan-29-17:27:48.998719
1.5582598089635473,19765,12,1,1,0,0,0.0,0.0,2025-Jan-29-17:27:49.069097
1.1464858820222257,19766,9,1,0,0,1,0.0,0.4,2025-Jan-29-17:27:49.145947
0.5423471562293718,19767,19,1,0,1,1,1.5000000000000002,0.7000000000000001,2025-Jan-29-17:27:49.256166
1.3823248156996257,19768,24,1,1,1,0,1.8000000000000003,0.0,2025-Jan-29-17:27:49.334674
1.0582554688129302,19769,0,1,1,0,0,0.0,0.0,2025-Jan-29-17:27:49.386426
0.6206792494623231,19770,15,1,0,1,-1,1.2000000000000002,0.0,2025-Jan-29-17:27:49.461660
1.2409687647295669,19771,14,1,1,1,1,1.9000000000000001,1.6,2025-Jan-29-17:27:49.561992
1.1882472948240612,19772,5,1,0,0,0,0.0,0.0,2025-Jan-29-17:27:49.614708
0.718270503145516,19773,23,1,0,0,0,0.0,0.0,2025-Jan-29-17:27:49.656271
1.058252459123321,19774,16,1,1,0,-1,0.0,0.0,2025-Jan-29-17:27:49.708544
1.0732711464044855,19775,23,1,1,0,-1,0.0,0.0,2025-Jan-29-17:27:49.750104
0.7907983793815168,19776,18,1,0,0,-1,0.0,0.0,2025-Jan-29-17:27:49.825313
1.3823239336972943,19777,24,1,1,1,0,1.5000000000000002,0.0,2025-Jan-29-17:27:49.900540
0.7368074537788192,19778,16,1,0,-1,0,0.0,0.0,2025-Jan-29-17:27:49.975982
0.7368074537788192,19779,16,1,0,-1,0,0.0,0.0,2025-Jan-29-17:27:50.074627
0.5273199177243248,19780,16,1,0,1,0,1.8000000000000003,0.0,2025-Jan-29-17:27:50.193914
0.5273199177243248,19781,16,1,0,1,0,1.8000000000000003,0.0,2025-Jan-29-17:27:50.290403
0.8823205578104175,19782,16,1,1,1,0,1.8000000000000003,0.0,2025-Jan-29-17:27:50.366231
0.8823205578104175,19783,16,1,1,1,0,1.8000000000000003,0.0,2025-Jan-29-17:27:50.440789
0.8823202589167137,19784,16,1,1,1,0,1.7000000000000002,0.0,2025-Jan-29-17:27:50.694123
0.8823202589167137,19785,16,1,1,1,0,1.7000000000000002,0.0,2025-Jan-29-17:27:50.770743
1.096083017820758,19786,16,1,1,-1,0,0.0,0.0,2025-Jan-29-17:27:50.845790
1.0960830171985942,19787,15,1,1,-1,0,0.0,0.0,2025-Jan-29-17:27:50.922505
0.7182729370721538,19788,21,1,0,0,0,0.0,0.0,2025-Jan-29-17:27:50.964562
0.7182729370721538,19789,21,1,0,0,0,0.0,0.0,2025-Jan-29-17:27:51.005641
0.7182729370721538,19790,21,1,0,0,0,0.0,0.0,2025-Jan-29-17:27:51.047953
0.7182729370721538,19791,21,1,0,0,0,0.0,0.0,2025-Jan-29-17:27:51.138302
0.7182729370721538,19792,21,1,0,0,0,0.0,0.0,2025-Jan-29-17:27:51.207303
0.7182729370721538,19793,21,1,0,0,0,0.0,0.0,2025-Jan-29-17:27:51.276873
0.7182729370721538,19794,21,1,0,0,0,0.0,0.0,2025-Jan-29-17:27:51.318320
0.7182729370721538,19795,21,1,0,0,0,0.0,0.0,2025-Jan-29-17:27:51.359338
0.7182729370721538,19796,21,1,0,0,0,0.0,0.0,2025-Jan-29-17:27:51.400945
0.7182729370721538,19797,21,1,0,0,0,0.0,0.0,2025-Jan-29-17:27:51.441722
0.7182729241643628,19798,19,1,0,0,1,0.0,0.7000000000000001,2025-Jan-29-17:27:51.493898
0.7182729241643628,19799,19,1,0,0,1,0.0,0.7000000000000001,2025-Jan-29-17:27:51.545692
0.7182729241643628,19800,19,1,0,0,1,0.0,0.7000000000000001,2025-Jan-29-17:27:51.597866
0.6038103764279443,19801,18,1,0,0,1,0.0,0.7000000000000001,2025-Jan-29-17:27:51.649337
0.7182729241643628,19802,19,1,0,0,1,0.0,0.7000000000000001,2025-Jan-29-17:27:51.701281
0.7182729400006294,19803,19,1,0,0,-1,0.0,0.0,2025-Jan-29-17:27:51.743380
0.7182729400006294,19804,19,1,0,0,-1,0.0,0.0,2025-Jan-29-17:27:51.784779
0.7182729400006294,19805,19,1,0,0,-1,0.0,0.0,2025-Jan-29-17:27:51.829307
0.7182729400006294,19806,19,1,0,0,-1,0.0,0.0,2025-Jan-29-17:27:51.871284
0.7182729400006294,19807,19,1,0,0,-1,0.0,0.0,2025-Jan-29-17:27:51.915114
0.5423471676231595,19808,21,1,0,1,0,1.5000000000000002,0.0,2025-Jan-29-17:27:51.985659
0.5423471676231595,19809,21,1,0,1,0,1.5000000000000002,0.0,2025-Jan-29-17:27:52.075778
0.5423471676231595,19810,21,1,0,1,0,1.5000000000000002,0.0,2025-Jan-29-17:27:52.184804
0.5423471676231595,19811,21,1,0,1,0,1.5000000000000002,0.0,2025-Jan-29-17:27:52.286197
0.5423471676231595,19812,21,1,0,1,0,1.5000000000000002,0.0,2025-Jan-29-17:27:52.356750
0.5423471676231595,19813,21,1,0,1,0,1.5000000000000002,0.0,2025-Jan-29-17:27:52.426032
0.5423471676231595,19814,21,1,0,1,0,1.5000000000000002,0.0,2025-Jan-29-17:27:52.494796
0.5423471676231595,19815,21,1,0,1,0,1.5000000000000002,0.0,2025-Jan-29-17:27:52.563944
0.5423471676231595,19816,21,1,0,1,0,1.5000000000000002,0.0,2025-Jan-29-17:27:52.632764
0.5423471676231595,19817,21,1,0,1,0,1.5000000000000002,0.0,2025-Jan-29-17:27:52.702091
1.1882472949161151,19818,14,1,0,0,0,0.0,0.0,2025-Jan-29-17:27:52.754522
1.1882472949161151,19819,14,1,0,0,0,0.0,0.0,2025-Jan-29-17:27:52.808453
1.1882472949161151,19820,14,1,0,0,0,0.0,0.0,2025-Jan-29-17:27:52.861384
1.1882472949161151,19821,14,1,0,0,0,0.0,0.0,2025-Jan-29-17:27:52.913846
1.1882472949161151,19822,14,1,0,0,0,0.0,0.0,2025-Jan-29-17:27:52.965511
1.1882472949161151,19823,14,1,0,0,0,0.0,0.0,2025-Jan-29-17:27:53.019987
1.1882472949161151,19824,14,1,0,0,0,0.0,0.0,2025-Jan-29-17:27:53.097523
1.1882472949161151,19825,14,1,0,0,0,0.0,0.0,2025-Jan-29-17:27:53.183454
1.1882472949161151,19826,14,1,0,0,0,0.0,0.0,2025-Jan-29-17:27:53.262081
1.1882472949161151,19827,14,1,0,0,0,0.0,0.0,2025-Jan-29-17:27:53.314605
0.6206792494623231,19828,15,1,0,1,-1,1.2000000000000002,0.0,2025-Jan-29-17:27:53.389043
0.6206792494623231,19829,15,1,0,1,-1,1.2000000000000002,0.0,2025-Jan-29-17:27:53.464231
0.6206792494623231,19830,15,1,0,1,-1,1.2000000000000002,0.0,2025-Jan-29-17:27:53.538280
0.6206792494623231,19831,15,1,0,1,-1,1.2000000000000002,0.0,2025-Jan-29-17:27:53.612825
1.1056776866852613,19832,14,1,0,1,-1,1.2000000000000002,0.0,2025-Jan-29-17:27:53.687809
1.1056776866852613,19833,14,1,0,1,-1,1.2000000000000002,0.0,2025-Jan-29-17:27:53.764041
1.248981940207102,19834,14,1,0,0,-1,0.0,0.0,2025-Jan-29-17:27:53.816508
1.248981940207102,19835,14,1,0,0,-1,0.0,0.0,2025-Jan-29-17:27:53.869655
1.248981940207102,19836,14,1,0,0,-1,0.0,0.0,2025-Jan-29-17:27:53.921905
1.248981940207102,19837,14,1,0,0,-1,0.0,0.0,2025-Jan-29-17:27:53.974000
0.6322701164419364,19838,1,1,0,-1,1,0.0,0.5,2025-Jan-29-17:27:54.025458
0.6322701164419364,19839,1,1,0,-1,1,0.0,0.5,2025-Jan-29-17:27:54.100227
0.7032548169605006,19840,0,1,0,-1,1,0.0,0.5,2025-Jan-29-17:27:54.194714
0.7032548169605006,19841,0,1,0,-1,1,0.0,0.5,2025-Jan-29-17:27:54.273575
0.7032548169605006,19842,0,1,0,-1,1,0.0,0.5,2025-Jan-29-17:27:54.327582
0.7032548169605006,19843,0,1,0,-1,1,0.0,0.5,2025-Jan-29-17:27:54.380517
0.7032548169605006,19844,0,1,0,-1,1,0.0,0.5,2025-Jan-29-17:27:54.432450
0.7032548169605006,19845,0,1,0,-1,1,0.0,0.5,2025-Jan-29-17:27:54.484895
0.7032548169605006,19846,0,1,0,-1,1,0.0,0.5,2025-Jan-29-17:27:54.537553
0.7032548169350048,19847,0,1,0,-1,1,0.0,0.4,2025-Jan-29-17:27:54.591139
1.5432479348432389,19848,14,1,1,0,0,0.0,0.0,2025-Jan-29-17:27:54.644827
1.5432479348432389,19849,14,1,1,0,0,0.0,0.0,2025-Jan-29-17:27:54.697320
1.5432479348432389,19850,14,1,1,0,0,0.0,0.0,2025-Jan-29-17:27:54.750992
1.5432479348432389,19851,14,1,1,0,0,0.0,0.0,2025-Jan-29-17:27:54.803266
1.5432479348432389,19852,14,1,1,0,0,0.0,0.0,2025-Jan-29-17:27:54.855758
1.5432479348432389,19853,14,1,1,0,0,0.0,0.0,2025-Jan-29-17:27:54.909118
1.5432479348432389,19854,14,1,1,0,0,0.0,0.0,2025-Jan-29-17:27:54.961572
1.1882472949161151,19855,14,1,0,0,0,0.0,0.0,2025-Jan-29-17:27:55.015622
1.1882472949161151,19856,14,1,0,0,0,0.0,0.0,2025-Jan-29-17:27:55.092077
1.1882472949161151,19857,14,1,0,0,0,0.0,0.0,2025-Jan-29-17:27:55.176347
1.188247294787923,19858,17,1,0,0,0,0.0,0.0,2025-Jan-29-17:27:55.251825
1.188247294787923,19859,17,1,0,0,0,0.0,0.0,2025-Jan-29-17:27:55.313511
1.188247294787923,19860,17,1,0,0,0,0.0,0.0,2025-Jan-29-17:27:55.366166
1.188247294787923,19861,17,1,0,0,0,0.0,0.0,2025-Jan-29-17:27:55.418506
1.188247294787923,19862,17,1,0,0,0,0.0,0.0,2025-Jan-29-17:27:55.471560
1.5432479348176518,19863,17,1,1,0,0,0.0,0.0,2025-Jan-29-17:27:55.523754
1.5432479348176518,19864,17,1,1,0,0,0.0,0.0,2025-Jan-29-17:27:55.576274
1.188247294787923,19865,17,1,0,0,0,0.0,0.0,2025-Jan-29-17:27:55.629398
1.188247294787923,19866,17,1,0,0,0,0.0,0.0,2025-Jan-29-17:27:55.681316
1.188247294787923,19867,17,1,0,0,0,0.0,0.0,2025-Jan-29-17:27:55.735234
0.7032518164381372,19868,18,1,0,0,0,0.0,0.0,2025-Jan-29-17:27:55.787836
0.7410823776243158,19869,18,1,0,-1,0,0.0,0.0,2025-Jan-29-17:27:55.864084
0.7561023662558681,19870,19,1,0,-1,0,0.0,0.0,2025-Jan-29-17:27:55.917834
0.7561023662558681,19871,19,1,0,-1,0,0.0,0.0,2025-Jan-29-17:27:55.970946
0.7561023662558681,19872,19,1,0,-1,0,0.0,0.0,2025-Jan-29-17:27:56.024064
0.7561023662558681,19873,19,1,0,-1,0,0.0,0.0,2025-Jan-29-17:27:56.101796
0.7561023662558681,19874,19,1,0,-1,0,0.0,0.0,2025-Jan-29-17:27:56.198134
0.7561023662558681,19875,19,1,0,-1,0,0.0,0.0,2025-Jan-29-17:27:56.510545
0.7561023662558681,19876,19,1,0,-1,0,0.0,0.0,2025-Jan-29-17:27:56.566466
0.7561023662558681,19877,19,1,0,-1,0,0.0,0.0,2025-Jan-29-17:27:56.621250
1.2032591688841716,19878,12,1,0,0,0,0.0,0.0,2025-Jan-29-17:27:56.673700
1.2032591688841716,19879,12,1,0,0,0,0.0,0.0,2025-Jan-29-17:27:56.725723
1.2032591688841716,19880,12,1,0,0,0,0.0,0.0,2025-Jan-29-17:27:56.777768
1.2032591688841716,19881,12,1,0,0,0,0.0,0.0,2025-Jan-29-17:27:56.831853
1.2032591688841716,19882,12,1,0,0,0,0.0,0.0,2025-Jan-29-17:27:56.884514
0.7032518165899636,19883,16,1,0,0,0,0.0,0.0,2025-Jan-29-17:27:56.935243
0.7032518165899636,19884,16,1,0,0,0,0.0,0.0,2025-Jan-29-17:27:56.986539
0.7032518165899636,19885,16,1,0,0,0,0.0,0.0,2025-Jan-29-17:27:57.038958
0.7032518165899636,19886,16,1,0,0,0,0.0,0.0,2025-Jan-29-17:27:57.106205
0.7032518165899636,19887,16,1,0,0,0,0.0,0.0,2025-Jan-29-17:27:57.187267
0.7032548306826437,19888,0,1,0,-1,0,0.0,0.0,2025-Jan-29-17:27:57.266018
0.7032548306826437,19889,0,1,0,-1,0,0.0,0.0,2025-Jan-29-17:27:57.317337
0.7032548306826437,19890,0,1,0,-1,0,0.0,0.0,2025-Jan-29-17:27:57.369805
0.7032548306826437,19891,0,1,0,-1,0,0.0,0.0,2025-Jan-29-17:27:57.421111
0.7032548306826437,19892,0,1,0,-1,0,0.0,0.0,2025-Jan-29-17:27:57.472465
0.7032548287490616,19893,0,1,0,0,0,0.0,0.0,2025-Jan-29-17:27:57.523873
0.7032548287490616,19894,0,1,0,0,0,0.0,0.0,2025-Jan-29-17:27:57.574752
0.7032548287490616,19895,0,1,0,0,0,0.0,0.0,2025-Jan-29-17:27:57.626755
0.7032548287490616,19896,0,1,0,0,0,0.0,0.0,2025-Jan-29-17:27:57.678324
0.7032548287490616,19897,0,1,0,0,0,0.0,0.0,2025-Jan-29-17:27:57.729935
0.7032548306826437,19898,0,1,0,-1,0,0.0,0.0,2025-Jan-29-17:27:57.781211
0.7032548306826437,19899,0,1,0,-1,0,0.0,0.0,2025-Jan-29-17:27:57.833387
0.7032548306826437,19900,0,1,0,-1,0,0.0,0.0,2025-Jan-29-17:27:57.884453
0.7032548287490616,19901,0,1,0,0,0,0.0,0.0,2025-Jan-29-17:27:57.936026
0.7032548287490616,19902,0,1,0,0,0,0.0,0.0,2025-Jan-29-17:27:57.987625
0.7032548286518892,19903,1,1,0,0,0,0.0,0.0,2025-Jan-29-17:27:58.038864
0.7032548286518892,19904,1,1,0,0,0,0.0,0.0,2025-Jan-29-17:27:58.108847
0.7032548286518892,19905,1,1,0,0,0,0.0,0.0,2025-Jan-29-17:27:58.187176
0.7032548286518892,19906,1,1,0,0,0,0.0,0.0,2025-Jan-29-17:27:58.270292
0.7032548286518892,19907,1,1,0,0,0,0.0,0.0,2025-Jan-29-17:27:58.322926
0.7032548286518892,19908,1,1,0,0,0,0.0,0.0,2025-Jan-29-17:27:58.375983
0.7032548286518892,19909,1,1,0,0,0,0.0,0.0,2025-Jan-29-17:27:58.427667
0.7032548286518892,19910,1,1,0,0,0,0.0,0.0,2025-Jan-29-17:27:58.479098
0.7032548286518892,19911,1,1,0,0,0,0.0,0.0,2025-Jan-29-17:27:58.531059
0.7032548286518892,19912,1,1,0,0,0,0.0,0.0,2025-Jan-29-17:27:58.582710
0.7032548287490616,19913,0,1,0,0,0,0.0,0.0,2025-Jan-29-17:27:58.635223
0.7032548287490616,19914,0,1,0,0,0,0.0,0.0,2025-Jan-29-17:27:58.686336
0.7032548287490616,19915,0,1,0,0,0,0.0,0.0,2025-Jan-29-17:27:58.738233
0.7032548287490616,19916,0,1,0,0,0,0.0,0.0,2025-Jan-29-17:27:58.789964
0.7032548287490616,19917,0,1,0,0,0,0.0,0.0,2025-Jan-29-17:27:58.842138
0.7182705030005031,19918,25,1,0,0,0,0.0,0.0,2025-Jan-29-17:27:58.883041
0.7182705030005031,19919,25,1,0,0,0,0.0,0.0,2025-Jan-29-17:27:58.923742
0.7182705030005031,19920,25,1,0,0,0,0.0,0.0,2025-Jan-29-17:27:58.964983
0.7182705030005031,19921,25,1,0,0,0,0.0,0.0,2025-Jan-29-17:27:59.008412
0.7182705030005031,19922,25,1,0,0,0,0.0,0.0,2025-Jan-29-17:27:59.055910
0.7182705030005031,19923,25,1,0,0,0,0.0,0.0,2025-Jan-29-17:27:59.151338
0.7182705030005031,19924,25,1,0,0,0,0.0,0.0,2025-Jan-29-17:27:59.223465
0.7182705030005031,19925,25,1,0,0,0,0.0,0.0,2025-Jan-29-17:27:59.298816
0.7182705030005031,19926,25,1,0,0,0,0.0,0.0,2025-Jan-29-17:27:59.343347
0.7182705030005031,19927,25,1,0,0,0,0.0,0.0,2025-Jan-29-17:27:59.387720
0.718270503145516,19928,23,1,0,0,0,0.0,0.0,2025-Jan-29-17:27:59.432566
0.718270503145516,19929,23,1,0,0,0,0.0,0.0,2025-Jan-29-17:27:59.477102
0.718270503145516,19930,23,1,0,0,0,0.0,0.0,2025-Jan-29-17:27:59.521796
0.718270503145516,19931,23,1,0,0,0,0.0,0.0,2025-Jan-29-17:27:59.566343
0.718270503145516,19932,23,1,0,0,0,0.0,0.0,2025-Jan-29-17:27:59.610919
0.718270503145516,19933,23,1,0,0,0,0.0,0.0,2025-Jan-29-17:27:59.655224
0.718270503145516,19934,23,1,0,0,0,0.0,0.0,2025-Jan-29-17:27:59.701151
0.718270503145516,19935,23,1,0,0,0,0.0,0.0,2025-Jan-29-17:27:59.745947
0.718270503145516,19936,23,1,0,0,0,0.0,0.0,2025-Jan-29-17:27:59.790690
0.718270503145516,19937,23,1,0,0,0,0.0,0.0,2025-Jan-29-17:27:59.835287
0.718270503145516,19938,23,1,0,0,0,0.0,0.0,2025-Jan-29-17:27:59.879459
0.718270503145516,19939,23,1,0,0,0,0.0,0.0,2025-Jan-29-17:27:59.923645
0.718270503145516,19940,23,1,0,0,0,0.0,0.0,2025-Jan-29-17:27:59.967951
0.718270503145516,19941,23,1,0,0,0,0.0,0.0,2025-Jan-29-17:28:00.014637
0.718270503145516,19942,23,1,0,0,0,0.0,0.0,2025-Jan-29-17:28:00.093475
0.7182729372290622,19943,19,1,0,0,0,0.0,0.0,2025-Jan-29-17:28:00.214635
0.7182729372290622,19944,19,1,0,0,0,0.0,0.0,2025-Jan-29-17:28:00.299450
0.7182729372290622,19945,19,1,0,0,0,0.0,0.0,2025-Jan-29-17:28:00.355946
0.7182729372290622,19946,19,1,0,0,0,0.0,0.0,2025-Jan-29-17:28:00.400733
0.7182729372290622,19947,19,1,0,0,0,0.0,0.0,2025-Jan-29-17:28:00.444844
0.7182821541087523,19948,2,1,0,1,-1,0.6,0.0,2025-Jan-29-17:28:00.500175
0.7182821541087523,19949,2,1,0,1,-1,0.6,0.0,2025-Jan-29-17:28:00.555588
0.7182821541087523,19950,2,1,0,1,-1,0.6,0.0,2025-Jan-29-17:28:00.612070
0.805819078532811,19951,3,1,0,1,-1,0.6,0.0,2025-Jan-29-17:28:01.024271
0.805819078532811,19952,3,1,0,1,-1,0.6,0.0,2025-Jan-29-17:28:01.125884
0.9319164818920075,19953,15,1,1,0,1,0.0,1.3000000000000003,2025-Jan-29-17:28:01.256216
1.1882472801930768,19954,5,1,0,1,0,1.4000000000000001,0.0,2025-Jan-29-17:28:01.337561
1.188247298483611,19955,11,1,0,0,-1,0.0,0.0,2025-Jan-29-17:28:01.396985
1.5798939559241476,19956,10,1,1,-1,0,0.0,0.0,2025-Jan-29-17:28:01.478791
1.591796932501842,19957,20,1,1,-1,0,0.0,0.0,2025-Jan-29-17:28:01.558065
1.0748372489163138,19958,14,1,0,1,0,0.8,0.0,2025-Jan-29-17:28:01.614529
0.7182821666823194,19959,2,1,0,-1,0,0.0,0.0,2025-Jan-29-17:28:01.659106
1.1882472947756426,19960,11,1,0,0,0,0.0,0.0,2025-Jan-29-17:28:01.715798
1.2032563926353081,19961,22,1,0,0,1,0.0,1.4000000000000001,2025-Jan-29-17:28:01.772108
1.558257552279544,19962,6,1,1,0,-1,0.0,0.0,2025-Jan-29-17:28:01.828534
1.5432479210827221,19963,8,1,1,1,0,1.2000000000000002,0.0,2025-Jan-29-17:28:01.886737
1.5432479261048337,19964,5,1,1,0,1,0.0,1.3000000000000003,2025-Jan-29-17:28:01.944628
1.5582575482120697,19965,9,1,1,0,0,0.0,0.0,2025-Jan-29-17:28:02.000870
1.4872717101109583,19966,9,1,1,0,1,0.0,0.5,2025-Jan-29-17:28:02.076057
1.581079371096147,19967,10,1,1,-1,-1,0.0,0.0,2025-Jan-29-17:28:02.202969
1.2489819316967141,19968,8,1,0,1,-1,1.9000000000000001,0.0,2025-Jan-29-17:28:02.281363
1.061899853167742,19969,7,1,0,1,1,1.6,1.7000000000000002,2025-Jan-29-17:28:02.359404
1.0732711432420041,19970,23,1,1,0,0,0.0,0.0,2025-Jan-29-17:28:02.400591
1.0582554569862044,19971,0,1,1,-1,1,0.0,0.7000000000000001,2025-Jan-29-17:28:02.453501
1.0582554687157577,19972,1,1,1,0,0,0.0,0.0,2025-Jan-29-17:28:02.504591
1.4319105528707512,19973,24,1,1,0,1,0.0,1.9000000000000001,2025-Jan-29-17:28:02.579752
0.7032518164381372,19974,18,1,0,0,0,0.0,0.0,2025-Jan-29-17:28:02.631209
1.203256908176808,19975,6,1,0,0,0,0.0,0.0,2025-Jan-29-17:28:02.683074
0.7182705030005031,19976,25,1,0,0,0,0.0,0.0,2025-Jan-29-17:28:02.723855
1.0732735800408597,19977,19,1,1,0,-1,0.0,0.0,2025-Jan-29-17:28:02.765298
1.0960830171985942,19978,15,1,1,-1,0,0.0,0.0,2025-Jan-29-17:28:02.840483
1.0960830171985942,19979,15,1,1,-1,0,0.0,0.0,2025-Jan-29-17:28:02.918312
1.0960830171985942,19980,15,1,1,-1,0,0.0,0.0,2025-Jan-29-17:28:02.995430
1.0960830171985942,19981,15,1,1,-1,0,0.0,0.0,2025-Jan-29-17:28:03.093659
1.0960830171985942,19982,15,1,1,-1,0,0.0,0.0,2025-Jan-29-17:28:03.207501
1.0960830171985942,19983,15,1,1,-1,0,0.0,0.0,2025-Jan-29-17:28:03.305457
1.0960830171985942,19984,15,1,1,-1,0,0.0,0.0,2025-Jan-29-17:28:03.382290
1.0960830171985942,19985,15,1,1,-1,0,0.0,0.0,2025-Jan-29-17:28:03.457783
1.0960830171985942,19986,15,1,1,-1,0,0.0,0.0,2025-Jan-29-17:28:03.532282
1.0960830171985942,19987,15,1,1,-1,0,0.0,0.0,2025-Jan-29-17:28:03.607222
0.7182729370721538,19988,21,1,0,0,0,0.0,0.0,2025-Jan-29-17:28:03.648736
0.7182729370721538,19989,21,1,0,0,0,0.0,0.0,2025-Jan-29-17:28:03.690645
0.7182729370721538,19990,21,1,0,0,0,0.0,0.0,2025-Jan-29-17:28:03.732718
0.7182729370721538,19991,21,1,0,0,0,0.0,0.0,2025-Jan-29-17:28:03.774316
0.7182729370721538,19992,21,1,0,0,0,0.0,0.0,2025-Jan-29-17:28:03.815352
0.7182729370721538,19993,21,1,0,0,0,0.0,0.0,2025-Jan-29-17:28:03.856822
0.7182729370721538,19994,21,1,0,0,0,0.0,0.0,2025-Jan-29-17:28:03.898590
0.7182729370721538,19995,21,1,0,0,0,0.0,0.0,2025-Jan-29-17:28:03.940581
0.7182729370721538,19996,21,1,0,0,0,0.0,0.0,2025-Jan-29-17:28:03.981453
0.7182729370721538,19997,21,1,0,0,0,0.0,0.0,2025-Jan-29-17:28:04.023191
0.7182729400006294,19998,19,1,0,0,-1,0.0,0.0,2025-Jan-29-17:28:04.088607
0.7182729400006294,19999,19,1,0,0,-1,0.0,0.0,2025-Jan-29-17:28:04.155826
0.7182729400006294,20000,19,1,0,0,-1,0.0,0.0,2025-Jan-29-17:28:04.223416
0.7182729241643628,20001,19,1,0,0,1,0.0,0.7000000000000001,2025-Jan-29-17:28:04.304868
0.7561023531758242,20002,19,1,0,-1,1,0.0,0.7000000000000001,2025-Jan-29-17:28:04.382578
0.7561023531758242,20003,19,1,0,-1,1,0.0,0.7000000000000001,2025-Jan-29-17:28:04.456982
0.7561023531758242,20004,19,1,0,-1,1,0.0,0.7000000000000001,2025-Jan-29-17:28:04.532575
0.7561023531758242,20005,19,1,0,-1,1,0.0,0.7000000000000001,2025-Jan-29-17:28:04.612083
0.7561023531758242,20006,19,1,0,-1,1,0.0,0.7000000000000001,2025-Jan-29-17:28:04.688465
0.7561023531758242,20007,19,1,0,-1,1,0.0,0.7000000000000001,2025-Jan-29-17:28:04.763237
0.5423471676231595,20008,21,1,0,1,0,1.5000000000000002,0.0,2025-Jan-29-17:28:04.834811
0.5423471676231595,20009,21,1,0,1,0,1.5000000000000002,0.0,2025-Jan-29-17:28:04.904398
0.5423471676231595,20010,21,1,0,1,0,1.5000000000000002,0.0,2025-Jan-29-17:28:04.975152
1.02732741513405,20011,20,1,0,1,0,1.5000000000000002,0.0,2025-Jan-29-17:28:05.068174
1.02732741513405,20012,20,1,0,1,0,1.5000000000000002,0.0,2025-Jan-29-17:28:05.191582
1.02732741513405,20013,20,1,0,1,0,1.5000000000000002,0.0,2025-Jan-29-17:28:05.294106
1.02732741513405,20014,20,1,0,1,0,1.5000000000000002,0.0,2025-Jan-29-17:28:05.372300
1.02732741513405,20015,20,1,0,1,0,1.5000000000000002,0.0,2025-Jan-29-17:28:05.446620
1.02732741513405,20016,20,1,0,1,0,1.5000000000000002,0.0,2025-Jan-29-17:28:05.523842
1.02732741513405,20017,20,1,0,1,0,1.5000000000000002,0.0,2025-Jan-29-17:28:05.599053
1.1882472949161151,20018,14,1,0,0,0,0.0,0.0,2025-Jan-29-17:28:05.652153
1.1882472949161151,20019,14,1,0,0,0,0.0,0.0,2025-Jan-29-17:28:05.704000
1.1882472949161151,20020,14,1,0,0,0,0.0,0.0,2025-Jan-29-17:28:05.758564
1.1882472949161151,20021,14,1,0,0,0,0.0,0.0,2025-Jan-29-17:28:05.812196
1.1882472949161151,20022,14,1,0,0,0,0.0,0.0,2025-Jan-29-17:28:05.866000
1.1882472949161151,20023,14,1,0,0,0,0.0,0.0,2025-Jan-29-17:28:05.918371
1.1882472949161151,20024,14,1,0,0,0,0.0,0.0,2025-Jan-29-17:28:05.971499
0.7032518156813519,20025,15,1,0,0,0,0.0,0.0,2025-Jan-29-17:28:06.024365
0.7032518156813519,20026,15,1,0,0,0,0.0,0.0,2025-Jan-29-17:28:06.105162
0.7032518156813519,20027,15,1,0,0,0,0.0,0.0,2025-Jan-29-17:28:06.198994
0.7907983787624983,20028,15,1,0,0,-1,0.0,0.0,2025-Jan-29-17:28:06.300118
0.7907983787624983,20029,15,1,0,0,-1,0.0,0.0,2025-Jan-29-17:28:06.380515
0.7907983787624983,20030,15,1,0,0,-1,0.0,0.0,2025-Jan-29-17:28:06.797991
0.7907983787624983,20031,15,1,0,0,-1,0.0,0.0,2025-Jan-29-17:28:06.879261
0.7907983787624983,20032,15,1,0,0,-1,0.0,0.0,2025-Jan-29-17:28:06.959781
0.7907983787624983,20033,15,1,0,0,-1,0.0,0.0,2025-Jan-29-17:28:07.039361
0.7907983787624983,20034,15,1,0,0,-1,0.0,0.0,2025-Jan-29-17:28:07.137417
0.7907983787624983,20035,15,1,0,0,-1,0.0,0.0,2025-Jan-29-17:28:07.265324
0.7907983787624983,20036,15,1,0,0,-1,0.0,0.0,2025-Jan-29-17:28:07.359485
0.7907983787624983,20037,15,1,0,0,-1,0.0,0.0,2025-Jan-29-17:28:07.438676
0.7032548169350048,20038,0,1,0,-1,1,0.0,0.4,2025-Jan-29-17:28:07.491746
0.7032548150014224,20039,0,1,0,0,1,0.0,0.4,2025-Jan-29-17:28:07.544604
0.7032548150014224,20040,0,1,0,0,1,0.0,0.4,2025-Jan-29-17:28:07.596192
0.7032548150014224,20041,0,1,0,0,1,0.0,0.4,2025-Jan-29-17:28:07.648563
0.7032548150014224,20042,0,1,0,0,1,0.0,0.4,2025-Jan-29-17:28:07.700615
0.7032548150014224,20043,0,1,0,0,1,0.0,0.4,2025-Jan-29-17:28:07.754859
0.7032548150014224,20044,0,1,0,0,1,0.0,0.4,2025-Jan-29-17:28:07.806383
0.7032548150014224,20045,0,1,0,0,1,0.0,0.4,2025-Jan-29-17:28:07.859678
0.7032548150014224,20046,0,1,0,0,1,0.0,0.4,2025-Jan-29-17:28:07.912500
0.7032548150014224,20047,0,1,0,0,1,0.0,0.4,2025-Jan-29-17:28:07.965799
1.1882472949161151,20048,14,1,0,0,0,0.0,0.0,2025-Jan-29-17:28:08.017857
1.1882472949161151,20049,14,1,0,0,0,0.0,0.0,2025-Jan-29-17:28:08.095304
1.1882472949161151,20050,14,1,0,0,0,0.0,0.0,2025-Jan-29-17:28:08.182840
1.1882472949161151,20051,14,1,0,0,0,0.0,0.0,2025-Jan-29-17:28:08.262834
1.1882472949161151,20052,14,1,0,0,0,0.0,0.0,2025-Jan-29-17:28:08.315951
1.1882472949161151,20053,14,1,0,0,0,0.0,0.0,2025-Jan-29-17:28:08.368925
1.1882472949161151,20054,14,1,0,0,0,0.0,0.0,2025-Jan-29-17:28:08.423799
1.1882472949161151,20055,14,1,0,0,0,0.0,0.0,2025-Jan-29-17:28:08.476793
1.1882472949161151,20056,14,1,0,0,0,0.0,0.0,2025-Jan-29-17:28:08.528973
1.1882472949161151,20057,14,1,0,0,0,0.0,0.0,2025-Jan-29-17:28:08.581735
1.188247294787923,20058,17,1,0,0,0,0.0,0.0,2025-Jan-29-17:28:08.634606
1.188247294787923,20059,17,1,0,0,0,0.0,0.0,2025-Jan-29-17:28:08.686951
1.188247294787923,20060,17,1,0,0,0,0.0,0.0,2025-Jan-29-17:28:08.739600
1.188247294787923,20061,17,1,0,0,0,0.0,0.0,2025-Jan-29-17:28:08.792317
1.188247294787923,20062,17,1,0,0,0,0.0,0.0,2025-Jan-29-17:28:08.846751
1.188247294787923,20063,17,1,0,0,0,0.0,0.0,2025-Jan-29-17:28:08.900070
1.5432479348176518,20064,17,1,1,0,0,0.0,0.0,2025-Jan-29-17:28:08.953215
1.5432479348176518,20065,17,1,1,0,0,0.0,0.0,2025-Jan-29-17:28:09.005162
1.5432479348176518,20066,17,1,1,0,0,0.0,0.0,2025-Jan-29-17:28:09.071859
1.5432479348176518,20067,17,1,1,0,0,0.0,0.0,2025-Jan-29-17:28:09.159389
0.7561023662558681,20068,19,1,0,-1,0,0.0,0.0,2025-Jan-29-17:28:09.234964
0.7561023662558681,20069,19,1,0,-1,0,0.0,0.0,2025-Jan-29-17:28:09.306335
0.7561023662558681,20070,19,1,0,-1,0,0.0,0.0,2025-Jan-29-17:28:09.361324
0.7561023662558681,20071,19,1,0,-1,0,0.0,0.0,2025-Jan-29-17:28:09.414817
0.7561023662558681,20072,19,1,0,-1,0,0.0,0.0,2025-Jan-29-17:28:09.469296
0.7561023662558681,20073,19,1,0,-1,0,0.0,0.0,2025-Jan-29-17:28:09.523470
0.7561023662558681,20074,19,1,0,-1,0,0.0,0.0,2025-Jan-29-17:28:09.577967
0.7561023662558681,20075,19,1,0,-1,0,0.0,0.0,2025-Jan-29-17:28:09.631177
0.7561023662558681,20076,19,1,0,-1,0,0.0,0.0,2025-Jan-29-17:28:09.684835
0.7182729372290622,20077,19,1,0,0,0,0.0,0.0,2025-Jan-29-17:28:09.727666
1.188247294787923,20078,17,1,0,0,0,0.0,0.0,2025-Jan-29-17:28:09.780211
0.7032518164381372,20079,18,1,0,0,0,0.0,0.0,2025-Jan-29-17:28:09.831076
0.7032518164381372,20080,18,1,0,0,0,0.0,0.0,2025-Jan-29-17:28:09.882961
0.7032518164381372,20081,18,1,0,0,0,0.0,0.0,2025-Jan-29-17:28:09.934294
0.7032518164381372,20082,18,1,0,0,0,0.0,0.0,2025-Jan-29-17:28:09.986056
1.2032591688841716,20083,12,1,0,0,0,0.0,0.0,2025-Jan-29-17:28:10.037482
1.2032591688841716,20084,12,1,0,0,0,0.0,0.0,2025-Jan-29-17:28:10.109877
1.2032591688841716,20085,12,1,0,0,0,0.0,0.0,2025-Jan-29-17:28:10.197247
1.2032591688841716,20086,12,1,0,0,0,0.0,0.0,2025-Jan-29-17:28:10.274802
1.2032591688841716,20087,12,1,0,0,0,0.0,0.0,2025-Jan-29-17:28:10.328211
0.7032518165899636,20088,16,1,0,0,0,0.0,0.0,2025-Jan-29-17:28:10.379851
0.7032518165899636,20089,16,1,0,0,0,0.0,0.0,2025-Jan-29-17:28:10.432472
0.7032518165899636,20090,16,1,0,0,0,0.0,0.0,2025-Jan-29-17:28:10.483451
0.7032518165899636,20091,16,1,0,0,0,0.0,0.0,2025-Jan-29-17:28:10.535360
0.7032518165899636,20092,16,1,0,0,0,0.0,0.0,2025-Jan-29-17:28:10.587199
0.7032548306826437,20093,0,1,0,-1,0,0.0,0.0,2025-Jan-29-17:28:10.638931
0.7032548306826437,20094,0,1,0,-1,0,0.0,0.0,2025-Jan-29-17:28:10.931949
0.7032548306826437,20095,0,1,0,-1,0,0.0,0.0,2025-Jan-29-17:28:10.987832
0.7032548306826437,20096,0,1,0,-1,0,0.0,0.0,2025-Jan-29-17:28:11.041237
0.7032548306826437,20097,0,1,0,-1,0,0.0,0.0,2025-Jan-29-17:28:11.123086
0.7032548287490616,20098,0,1,0,0,0,0.0,0.0,2025-Jan-29-17:28:11.199340
0.7032548287490616,20099,0,1,0,0,0,0.0,0.0,2025-Jan-29-17:28:11.279445
0.7032548287490616,20100,0,1,0,0,0,0.0,0.0,2025-Jan-29-17:28:11.330626
0.7032548287490616,20101,0,1,0,0,0,0.0,0.0,2025-Jan-29-17:28:11.382071
0.7032548287490616,20102,0,1,0,0,0,0.0,0.0,2025-Jan-29-17:28:11.434349
0.7032548287490616,20103,0,1,0,0,0,0.0,0.0,2025-Jan-29-17:28:11.486037
0.7032548287490616,20104,0,1,0,0,0,0.0,0.0,2025-Jan-29-17:28:11.537060
0.7032548287490616,20105,0,1,0,0,0,0.0,0.0,2025-Jan-29-17:28:11.588875
0.7032548287490616,20106,0,1,0,0,0,0.0,0.0,2025-Jan-29-17:28:11.640004
0.7032548287490616,20107,0,1,0,0,0,0.0,0.0,2025-Jan-29-17:28:11.692695
0.7032548286518892,20108,1,1,0,0,0,0.0,0.0,2025-Jan-29-17:28:11.745552
0.7032548286518892,20109,1,1,0,0,0,0.0,0.0,2025-Jan-29-17:28:11.796803
0.7032548286518892,20110,1,1,0,0,0,0.0,0.0,2025-Jan-29-17:28:11.850418
0.7032548286518892,20111,1,1,0,0,0,0.0,0.0,2025-Jan-29-17:28:11.901968
0.7032548286518892,20112,1,1,0,0,0,0.0,0.0,2025-Jan-29-17:28:11.953398
0.7032548286518892,20113,1,1,0,0,0,0.0,0.0,2025-Jan-29-17:28:12.005107
0.7032548286518892,20114,1,1,0,0,0,0.0,0.0,2025-Jan-29-17:28:12.075126
0.7032548286518892,20115,1,1,0,0,0,0.0,0.0,2025-Jan-29-17:28:12.163416
0.7032548286518892,20116,1,1,0,0,0,0.0,0.0,2025-Jan-29-17:28:12.243200
0.7032548286518892,20117,1,1,0,0,0,0.0,0.0,2025-Jan-29-17:28:12.309495
0.7032548287490616,20118,0,1,0,0,0,0.0,0.0,2025-Jan-29-17:28:12.362359
0.7032548287490616,20119,0,1,0,0,0,0.0,0.0,2025-Jan-29-17:28:12.414977
0.7032548287490616,20120,0,1,0,0,0,0.0,0.0,2025-Jan-29-17:28:12.467602
0.7032548287490616,20121,0,1,0,0,0,0.0,0.0,2025-Jan-29-17:28:12.520124
0.7032548287490616,20122,0,1,0,0,0,0.0,0.0,2025-Jan-29-17:28:12.572567
0.7182705030005031,20123,25,1,0,0,0,0.0,0.0,2025-Jan-29-17:28:12.613258
0.7182705030005031,20124,25,1,0,0,0,0.0,0.0,2025-Jan-29-17:28:12.655094
0.7182705030005031,20125,25,1,0,0,0,0.0,0.0,2025-Jan-29-17:28:12.698987
0.7182705030005031,20126,25,1,0,0,0,0.0,0.0,2025-Jan-29-17:28:12.747267
1.2032564061623827,20127,24,1,0,0,0,0.0,0.0,2025-Jan-29-17:28:12.803456
0.7182705030005031,20128,25,1,0,0,0,0.0,0.0,2025-Jan-29-17:28:12.847123
0.7182705030005031,20129,25,1,0,0,0,0.0,0.0,2025-Jan-29-17:28:12.888170
0.7182705030005031,20130,25,1,0,0,0,0.0,0.0,2025-Jan-29-17:28:12.930043
0.7182705030005031,20131,25,1,0,0,0,0.0,0.0,2025-Jan-29-17:28:12.970662
0.7182705030005031,20132,25,1,0,0,0,0.0,0.0,2025-Jan-29-17:28:13.011558
0.7182705030005031,20133,25,1,0,0,0,0.0,0.0,2025-Jan-29-17:28:13.065471
0.7182705030005031,20134,25,1,0,0,0,0.0,0.0,2025-Jan-29-17:28:13.140356
0.7182705030005031,20135,25,1,0,0,0,0.0,0.0,2025-Jan-29-17:28:13.209269
0.7182705030005031,20136,25,1,0,0,0,0.0,0.0,2025-Jan-29-17:28:13.274743
0.7182705030005031,20137,25,1,0,0,0,0.0,0.0,2025-Jan-29-17:28:13.315678
0.718270503145516,20138,23,1,0,0,0,0.0,0.0,2025-Jan-29-17:28:13.357616
0.718270503145516,20139,23,1,0,0,0,0.0,0.0,2025-Jan-29-17:28:13.398249
0.718270503145516,20140,23,1,0,0,0,0.0,0.0,2025-Jan-29-17:28:13.440315
0.718270503145516,20141,23,1,0,0,0,0.0,0.0,2025-Jan-29-17:28:13.481786
0.718270503145516,20142,23,1,0,0,0,0.0,0.0,2025-Jan-29-17:28:13.522267
0.718270503145516,20143,23,1,0,0,0,0.0,0.0,2025-Jan-29-17:28:13.563662
1.2032564062589408,20144,22,1,0,0,0,0.0,0.0,2025-Jan-29-17:28:13.614832
1.2032564062589408,20145,22,1,0,0,0,0.0,0.0,2025-Jan-29-17:28:13.667341
1.2032564062589408,20146,22,1,0,0,0,0.0,0.0,2025-Jan-29-17:28:13.719388
1.2032564062589408,20147,22,1,0,0,0,0.0,0.0,2025-Jan-29-17:28:13.771794
0.718270503145516,20148,23,1,0,0,0,0.0,0.0,2025-Jan-29-17:28:13.812451
0.718270503145516,20149,23,1,0,0,0,0.0,0.0,2025-Jan-29-17:28:13.853697
0.718270503145516,20150,23,1,0,0,0,0.0,0.0,2025-Jan-29-17:28:13.895199
0.718270503145516,20151,23,1,0,0,0,0.0,0.0,2025-Jan-29-17:28:13.935647
0.718270503145516,20152,23,1,0,0,0,0.0,0.0,2025-Jan-29-17:28:13.976544
1.2032569102654214,20153,6,1,0,-1,0,0.0,0.0,2025-Jan-29-17:28:14.028290
1.5432479401188743,20154,4,1,1,0,-1,0.0,0.0,2025-Jan-29-17:28:14.099242
1.4169005083696926,20155,17,1,1,0,1,0.0,1.7000000000000002,2025-Jan-29-17:28:14.220599
1.5432479194525721,20156,5,1,1,1,0,1.0,0.0,2025-Jan-29-17:28:14.296053
1.1315438179134807,20157,14,1,0,1,0,0.4,0.0,2025-Jan-29-17:28:14.348289
1.1882472794392256,20158,5,1,0,1,0,1.0,0.0,2025-Jan-29-17:28:14.401319
0.7907983787624983,20159,15,1,0,0,-1,0.0,0.0,2025-Jan-29-17:28:14.476699
1.203256908176808,20160,6,1,0,0,0,0.0,0.0,2025-Jan-29-17:28:14.529335
1.0582554422096275,20161,0,1,1,1,1,1.5000000000000002,1.2000000000000002,2025-Jan-29-17:28:14.581952
1.2032568929278709,20162,6,1,0,1,0,1.3000000000000003,0.0,2025-Jan-29-17:28:14.633922
1.188247295861148,20163,5,1,0,-1,0,0.0,0.0,2025-Jan-29-17:28:14.686593
1.6340617247158589,20164,17,1,1,-1,-1,0.0,0.0,2025-Jan-29-17:28:14.761692
0.7032518165899636,20165,16,1,0,0,0,0.0,0.0,2025-Jan-29-17:28:14.813024
1.5582598088982227,20166,20,1,1,0,0,0.0,0.0,2025-Jan-29-17:28:14.864470
1.5432479348176518,20167,17,1,1,0,0,0.0,0.0,2025-Jan-29-17:28:14.916754
1.2489819404013758,20168,7,1,0,0,-1,0.0,0.0,2025-Jan-29-17:28:14.969241
1.5810793670700924,20169,14,1,1,-1,0,0.0,0.0,2025-Jan-29-17:28:15.043809
1.0732711432420041,20170,23,1,1,0,0,0.0,0.0,2025-Jan-29-17:28:15.112891
1.591796932501842,20171,20,1,1,-1,0,0.0,0.0,2025-Jan-29-17:28:15.409156
1.5582575503442397,20172,6,1,1,-1,0,0.0,0.0,2025-Jan-29-17:28:15.489139
1.0732711432420041,20173,23,1,1,0,0,0.0,0.0,2025-Jan-29-17:28:15.530632
1.058255472846238,20174,0,1,1,-1,-1,0.0,0.0,2025-Jan-29-17:28:15.581630
1.2032591688378944,20175,20,1,0,0,0,0.0,0.0,2025-Jan-29-17:28:15.632924
1.2908030295484636,20176,24,1,0,0,-1,0.0,0.0,2025-Jan-29-17:28:15.707764
0.604021714451508,20177,15,1,0,1,0,0.7000000000000001,0.0,2025-Jan-29-17:28:15.761466
1.0960830171985942,20178,15,1,1,-1,0,0.0,0.0,2025-Jan-29-17:28:15.836852
1.0960830171985942,20179,15,1,1,-1,0,0.0,0.0,2025-Jan-29-17:28:15.913300
1.0960830171985942,20180,15,1,1,-1,0,0.0,0.0,2025-Jan-29-17:28:15.989600
1.0960830171985942,20181,15,1,1,-1,0,0.0,0.0,2025-Jan-29-17:28:16.087659
1.0960830171985942,20182,15,1,1,-1,0,0.0,0.0,2025-Jan-29-17:28:16.194333
1.0960830171985942,20183,15,1,1,-1,0,0.0,0.0,2025-Jan-29-17:28:16.298255
1.0960830171985942,20184,15,1,1,-1,0,0.0,0.0,2025-Jan-29-17:28:16.373627
1.0960830171985942,20185,15,1,1,-1,0,0.0,0.0,2025-Jan-29-17:28:16.447936
1.0960830171985942,20186,15,1,1,-1,0,0.0,0.0,2025-Jan-29-17:28:16.523017
1.0960830171985942,20187,15,1,1,-1,0,0.0,0.0,2025-Jan-29-17:28:16.597820
0.7182729370721538,20188,21,1,0,0,0,0.0,0.0,2025-Jan-29-17:28:16.641396
0.7182729370721538,20189,21,1,0,0,0,0.0,0.0,2025-Jan-29-17:28:16.686225
0.7182729370721538,20190,21,1,0,0,0,0.0,0.0,2025-Jan-29-17:28:16.729134
0.7182729370721538,20191,21,1,0,0,0,0.0,0.0,2025-Jan-29-17:28:16.770727
0.7182729370721538,20192,21,1,0,0,0,0.0,0.0,2025-Jan-29-17:28:16.816865
0.7182729370721538,20193,21,1,0,0,0,0.0,0.0,2025-Jan-29-17:28:16.866542
0.7182729370721538,20194,21,1,0,0,0,0.0,0.0,2025-Jan-29-17:28:16.910678
0.7182729370721538,20195,21,1,0,0,0,0.0,0.0,2025-Jan-29-17:28:16.953062
0.7182729370721538,20196,21,1,0,0,0,0.0,0.0,2025-Jan-29-17:28:16.993705
0.7182729370721538,20197,21,1,0,0,0,0.0,0.0,2025-Jan-29-17:28:17.034217
0.7561023531758242,20198,19,1,0,-1,1,0.0,0.7000000000000001,2025-Jan-29-17:28:17.127581
0.7561023531758242,20199,19,1,0,-1,1,0.0,0.7000000000000001,2025-Jan-29-17:28:17.234912
0.7561023531758242,20200,19,1,0,-1,1,0.0,0.7000000000000001,2025-Jan-29-17:28:17.314094
0.7561023531758242,20201,19,1,0,-1,1,0.0,0.7000000000000001,2025-Jan-29-17:28:17.389304
0.7561023531758242,20202,19,1,0,-1,1,0.0,0.7000000000000001,2025-Jan-29-17:28:17.463912
0.7561023531758242,20203,19,1,0,-1,1,0.0,0.7000000000000001,2025-Jan-29-17:28:17.537822
0.7561023531758242,20204,19,1,0,-1,1,0.0,0.7000000000000001,2025-Jan-29-17:28:17.612413
0.7561023531758242,20205,19,1,0,-1,1,0.0,0.7000000000000001,2025-Jan-29-17:28:17.686366
0.7561023531758242,20206,19,1,0,-1,1,0.0,0.7000000000000001,2025-Jan-29-17:28:17.760881
0.7561023531758242,20207,19,1,0,-1,1,0.0,0.7000000000000001,2025-Jan-29-17:28:17.835122
1.02732741513405,20208,20,1,0,1,0,1.5000000000000002,0.0,2025-Jan-29-17:28:17.910466
1.02732741513405,20209,20,1,0,1,0,1.5000000000000002,0.0,2025-Jan-29-17:28:17.985946
0.5423471676231595,20210,21,1,0,1,0,1.5000000000000002,0.0,2025-Jan-29-17:28:18.076525
0.5423471676231595,20211,21,1,0,1,0,1.5000000000000002,0.0,2025-Jan-29-17:28:18.189466
0.5423471676231595,20212,21,1,0,1,0,1.5000000000000002,0.0,2025-Jan-29-17:28:18.284940
0.5423471676231595,20213,21,1,0,1,0,1.5000000000000002,0.0,2025-Jan-29-17:28:18.354197
0.5423471676231595,20214,21,1,0,1,0,1.5000000000000002,0.0,2025-Jan-29-17:28:18.424791
0.5423471676231595,20215,21,1,0,1,0,1.5000000000000002,0.0,2025-Jan-29-17:28:18.495497
0.5423471676231595,20216,21,1,0,1,0,1.5000000000000002,0.0,2025-Jan-29-17:28:18.565379
0.5423471676231595,20217,21,1,0,1,0,1.5000000000000002,0.0,2025-Jan-29-17:28:18.634867
0.604021714451508,20218,15,1,0,1,0,0.7000000000000001,0.0,2025-Jan-29-17:28:18.687371
0.604021714451508,20219,15,1,0,1,0,0.7000000000000001,0.0,2025-Jan-29-17:28:18.739049
0.604021714451508,20220,15,1,0,1,0,0.7000000000000001,0.0,2025-Jan-29-17:28:18.790302
0.604021714451508,20221,15,1,0,1,0,0.7000000000000001,0.0,2025-Jan-29-17:28:18.842329
0.604021714451508,20222,15,1,0,1,0,0.7000000000000001,0.0,2025-Jan-29-17:28:18.894922
0.604021714451508,20223,15,1,0,1,0,0.7000000000000001,0.0,2025-Jan-29-17:28:18.946771
0.604021714451508,20224,15,1,0,1,0,0.7000000000000001,0.0,2025-Jan-29-17:28:18.999479
0.604021714451508,20225,15,1,0,1,0,0.7000000000000001,0.0,2025-Jan-29-17:28:19.068370
0.7368074535047114,20226,15,1,0,-1,0,0.0,0.0,2025-Jan-29-17:28:19.187827
0.7368074535047114,20227,15,1,0,-1,0,0.0,0.0,2025-Jan-29-17:28:19.288890
0.7032518156813519,20228,15,1,0,0,0,0.0,0.0,2025-Jan-29-17:28:19.341642
0.7032518156813519,20229,15,1,0,0,0,0.0,0.0,2025-Jan-29-17:28:19.393295
0.7032518156813519,20230,15,1,0,0,0,0.0,0.0,2025-Jan-29-17:28:19.444611
0.7032518156813519,20231,15,1,0,0,0,0.0,0.0,2025-Jan-29-17:28:19.497669
0.7032518156813519,20232,15,1,0,0,0,0.0,0.0,2025-Jan-29-17:28:19.549593
0.7032518156813519,20233,15,1,0,0,0,0.0,0.0,2025-Jan-29-17:28:19.601028
0.7032518156813519,20234,15,1,0,0,0,0.0,0.0,2025-Jan-29-17:28:19.652457
0.7032518156813519,20235,15,1,0,0,0,0.0,0.0,2025-Jan-29-17:28:19.704731
0.7032518156813519,20236,15,1,0,0,0,0.0,0.0,2025-Jan-29-17:28:19.757722
0.7032518156813519,20237,15,1,0,0,0,0.0,0.0,2025-Jan-29-17:28:19.809540
0.7907983787624983,20238,15,1,0,0,-1,0.0,0.0,2025-Jan-29-17:28:19.889789
0.7907983787624983,20239,15,1,0,0,-1,0.0,0.0,2025-Jan-29-17:28:19.971095
0.7907983787624983,20240,15,1,0,0,-1,0.0,0.0,2025-Jan-29-17:28:20.046458
0.7907983787624983,20241,15,1,0,0,-1,0.0,0.0,2025-Jan-29-17:28:20.172104
0.7907983787624983,20242,15,1,0,0,-1,0.0,0.0,2025-Jan-29-17:28:20.275646
0.7907983787624983,20243,15,1,0,0,-1,0.0,0.0,2025-Jan-29-17:28:20.350504
0.7907983787624983,20244,15,1,0,0,-1,0.0,0.0,2025-Jan-29-17:28:20.424440
0.7907983787624983,20245,15,1,0,0,-1,0.0,0.0,2025-Jan-29-17:28:20.499538
0.7907983787624983,20246,15,1,0,0,-1,0.0,0.0,2025-Jan-29-17:28:20.575667
0.7907983787624983,20247,15,1,0,0,-1,0.0,0.0,2025-Jan-29-17:28:20.652355
0.7032548150014224,20248,0,1,0,0,1,0.0,0.4,2025-Jan-29-17:28:20.709755
0.7032548150014224,20249,0,1,0,0,1,0.0,0.4,2025-Jan-29-17:28:20.762587
0.7032548150014224,20250,0,1,0,0,1,0.0,0.4,2025-Jan-29-17:28:20.815216
0.6464847007239853,20251,1,1,0,0,1,0.0,0.4,2025-Jan-29-17:28:20.867549
0.6464847007239853,20252,1,1,0,0,1,0.0,0.4,2025-Jan-29-17:28:20.919138
0.6464847028547867,20253,1,1,0,-1,1,0.0,0.4,2025-Jan-29-17:28:20.972048
0.6464847028547867,20254,1,1,0,-1,1,0.0,0.4,2025-Jan-29-17:28:21.023675
0.6464847028547867,20255,1,1,0,-1,1,0.0,0.4,2025-Jan-29-17:28:21.093925
0.6464847028547867,20256,1,1,0,-1,1,0.0,0.4,2025-Jan-29-17:28:21.180312
0.6464847028547867,20257,1,1,0,-1,1,0.0,0.4,2025-Jan-29-17:28:21.473490
1.1882472949161151,20258,14,1,0,0,0,0.0,0.0,2025-Jan-29-17:28:21.527576
1.1882472949161151,20259,14,1,0,0,0,0.0,0.0,2025-Jan-29-17:28:21.580082
1.1882472949161151,20260,14,1,0,0,0,0.0,0.0,2025-Jan-29-17:28:21.632572
1.1882472949161151,20261,14,1,0,0,0,0.0,0.0,2025-Jan-29-17:28:21.685527
1.1882472949161151,20262,14,1,0,0,0,0.0,0.0,2025-Jan-29-17:28:21.738074
1.1882472949161151,20263,14,1,0,0,0,0.0,0.0,2025-Jan-29-17:28:21.790197
1.1882472949161151,20264,14,1,0,0,0,0.0,0.0,2025-Jan-29-17:28:21.844615
1.1882472949161151,20265,14,1,0,0,0,0.0,0.0,2025-Jan-29-17:28:21.897529
1.1882472949161151,20266,14,1,0,0,0,0.0,0.0,2025-Jan-29-17:28:21.951252
1.1882472949161151,20267,14,1,0,0,0,0.0,0.0,2025-Jan-29-17:28:22.004301
1.5432479348176518,20268,17,1,1,0,0,0.0,0.0,2025-Jan-29-17:28:22.070597
1.5432479348176518,20269,17,1,1,0,0,0.0,0.0,2025-Jan-29-17:28:22.168781
1.5432479348176518,20270,17,1,1,0,0,0.0,0.0,2025-Jan-29-17:28:22.256164
1.5432479348176518,20271,17,1,1,0,0,0.0,0.0,2025-Jan-29-17:28:22.309888
1.5432479348176518,20272,17,1,1,0,0,0.0,0.0,2025-Jan-29-17:28:22.363799
1.5432479348176518,20273,17,1,1,0,0,0.0,0.0,2025-Jan-29-17:28:22.417174
1.5432479348176518,20274,17,1,1,0,0,0.0,0.0,2025-Jan-29-17:28:22.471543
1.5432479348176518,20275,17,1,1,0,0,0.0,0.0,2025-Jan-29-17:28:22.524481
1.5432479348176518,20276,17,1,1,0,0,0.0,0.0,2025-Jan-29-17:28:22.576697
1.5432479348176518,20277,17,1,1,0,0,0.0,0.0,2025-Jan-29-17:28:22.629646
0.7182729372290622,20278,19,1,0,0,0,0.0,0.0,2025-Jan-29-17:28:22.671613
0.7182729372290622,20279,19,1,0,0,0,0.0,0.0,2025-Jan-29-17:28:22.712193
0.7182729372290622,20280,19,1,0,0,0,0.0,0.0,2025-Jan-29-17:28:22.752814
0.7182729372290622,20281,19,1,0,0,0,0.0,0.0,2025-Jan-29-17:28:22.793377
0.7182729372290622,20282,19,1,0,0,0,0.0,0.0,2025-Jan-29-17:28:22.833964
0.7032518164381372,20283,18,1,0,0,0,0.0,0.0,2025-Jan-29-17:28:22.885943
0.7032518164381372,20284,18,1,0,0,0,0.0,0.0,2025-Jan-29-17:28:22.936914
0.7032518164381372,20285,18,1,0,0,0,0.0,0.0,2025-Jan-29-17:28:22.988855
0.7032518164381372,20286,18,1,0,0,0,0.0,0.0,2025-Jan-29-17:28:23.040812
0.7032518164381372,20287,18,1,0,0,0,0.0,0.0,2025-Jan-29-17:28:23.117278
1.2032591688841716,20288,12,1,0,0,0,0.0,0.0,2025-Jan-29-17:28:23.201541
1.2032591688841716,20289,12,1,0,0,0,0.0,0.0,2025-Jan-29-17:28:23.283298
1.2032591688841716,20290,12,1,0,0,0,0.0,0.0,2025-Jan-29-17:28:23.335686
1.2032591688841716,20291,12,1,0,0,0,0.0,0.0,2025-Jan-29-17:28:23.388058
1.2032591688841716,20292,12,1,0,0,0,0.0,0.0,2025-Jan-29-17:28:23.439259
0.7032518165899636,20293,16,1,0,0,0,0.0,0.0,2025-Jan-29-17:28:23.495946
0.7032518156813519,20294,15,1,0,0,0,0.0,0.0,2025-Jan-29-17:28:23.550511
0.7032518156813519,20295,15,1,0,0,0,0.0,0.0,2025-Jan-29-17:28:23.602737
0.7032518156813519,20296,15,1,0,0,0,0.0,0.0,2025-Jan-29-17:28:23.654610
0.7032518156813519,20297,15,1,0,0,0,0.0,0.0,2025-Jan-29-17:28:23.705882
0.7032518165899636,20298,16,1,0,0,0,0.0,0.0,2025-Jan-29-17:28:23.758731
0.7032518165899636,20299,16,1,0,0,0,0.0,0.0,2025-Jan-29-17:28:23.810324
0.7032518156813519,20300,15,1,0,0,0,0.0,0.0,2025-Jan-29-17:28:23.862837
0.7032518156813519,20301,15,1,0,0,0,0.0,0.0,2025-Jan-29-17:28:23.914246
0.7032518156813519,20302,15,1,0,0,0,0.0,0.0,2025-Jan-29-17:28:23.965426
0.7032548306826437,20303,0,1,0,-1,0,0.0,0.0,2025-Jan-29-17:28:24.019090
0.7032548306826437,20304,0,1,0,-1,0,0.0,0.0,2025-Jan-29-17:28:24.087753
0.7032548306826437,20305,0,1,0,-1,0,0.0,0.0,2025-Jan-29-17:28:24.174479
0.7032548306826437,20306,0,1,0,-1,0,0.0,0.0,2025-Jan-29-17:28:24.268003
0.7032548306826437,20307,0,1,0,-1,0,0.0,0.0,2025-Jan-29-17:28:24.322538
0.7032548287490616,20308,0,1,0,0,0,0.0,0.0,2025-Jan-29-17:28:24.377136
0.7032548287490616,20309,0,1,0,0,0,0.0,0.0,2025-Jan-29-17:28:24.432897
0.7032548287490616,20310,0,1,0,0,0,0.0,0.0,2025-Jan-29-17:28:24.488586
0.7032548287490616,20311,0,1,0,0,0,0.0,0.0,2025-Jan-29-17:28:24.544004
0.7032548287490616,20312,0,1,0,0,0,0.0,0.0,2025-Jan-29-17:28:24.599429
0.7032548287490616,20313,0,1,0,0,0,0.0,0.0,2025-Jan-29-17:28:24.654783
0.7032548287490616,20314,0,1,0,0,0,0.0,0.0,2025-Jan-29-17:28:24.710299
0.7032548287490616,20315,0,1,0,0,0,0.0,0.0,2025-Jan-29-17:28:24.765956
0.7032548287490616,20316,0,1,0,0,0,0.0,0.0,2025-Jan-29-17:28:24.821385
0.7032548287490616,20317,0,1,0,0,0,0.0,0.0,2025-Jan-29-17:28:24.877247
0.7032548286518892,20318,1,1,0,0,0,0.0,0.0,2025-Jan-29-17:28:24.932778
0.7032548286518892,20319,1,1,0,0,0,0.0,0.0,2025-Jan-29-17:28:24.988510
0.7032548286518892,20320,1,1,0,0,0,0.0,0.0,2025-Jan-29-17:28:25.043909
0.7032548286518892,20321,1,1,0,0,0,0.0,0.0,2025-Jan-29-17:28:25.410917
0.7032548286518892,20322,1,1,0,0,0,0.0,0.0,2025-Jan-29-17:28:25.504025
0.7032548286518892,20323,1,1,0,0,0,0.0,0.0,2025-Jan-29-17:28:25.595768
0.7032548286518892,20324,1,1,0,0,0,0.0,0.0,2025-Jan-29-17:28:25.651626
0.7032548286518892,20325,1,1,0,0,0,0.0,0.0,2025-Jan-29-17:28:25.707670
0.7032548286518892,20326,1,1,0,0,0,0.0,0.0,2025-Jan-29-17:28:25.763425
0.7032548286518892,20327,1,1,0,0,0,0.0,0.0,2025-Jan-29-17:28:25.818924
0.7032548287490616,20328,0,1,0,0,0,0.0,0.0,2025-Jan-29-17:28:25.874507
0.7032548287490616,20329,0,1,0,0,0,0.0,0.0,2025-Jan-29-17:28:25.929557
0.7032548287490616,20330,0,1,0,0,0,0.0,0.0,2025-Jan-29-17:28:25.985205
0.7032548286518892,20331,1,1,0,0,0,0.0,0.0,2025-Jan-29-17:28:26.040948
0.7032548286518892,20332,1,1,0,0,0,0.0,0.0,2025-Jan-29-17:28:26.117331
1.2032564061623827,20333,24,1,0,0,0,0.0,0.0,2025-Jan-29-17:28:26.199013
1.2032564061623827,20334,24,1,0,0,0,0.0,0.0,2025-Jan-29-17:28:26.293425
1.2032564061623827,20335,24,1,0,0,0,0.0,0.0,2025-Jan-29-17:28:26.351490
1.2032564061623827,20336,24,1,0,0,0,0.0,0.0,2025-Jan-29-17:28:26.407972
0.7182705030005031,20337,25,1,0,0,0,0.0,0.0,2025-Jan-29-17:28:26.452473
0.7182705030005031,20338,25,1,0,0,0,0.0,0.0,2025-Jan-29-17:28:26.496904
0.7182705030005031,20339,25,1,0,0,0,0.0,0.0,2025-Jan-29-17:28:26.541555
0.7182705030005031,20340,25,1,0,0,0,0.0,0.0,2025-Jan-29-17:28:26.586147
0.7182705030005031,20341,25,1,0,0,0,0.0,0.0,2025-Jan-29-17:28:26.630679
0.7182705030005031,20342,25,1,0,0,0,0.0,0.0,2025-Jan-29-17:28:26.675191
0.7182705030005031,20343,25,1,0,0,0,0.0,0.0,2025-Jan-29-17:28:26.719593
0.7182705030005031,20344,25,1,0,0,0,0.0,0.0,2025-Jan-29-17:28:26.763493
0.7182705030005031,20345,25,1,0,0,0,0.0,0.0,2025-Jan-29-17:28:26.805316
0.7182705030005031,20346,25,1,0,0,0,0.0,0.0,2025-Jan-29-17:28:26.849553
0.7182705030005031,20347,25,1,0,0,0,0.0,0.0,2025-Jan-29-17:28:26.891365
0.718270503145516,20348,23,1,0,0,0,0.0,0.0,2025-Jan-29-17:28:26.932575
0.718270503145516,20349,23,1,0,0,0,0.0,0.0,2025-Jan-29-17:28:26.974139
0.718270503145516,20350,23,1,0,0,0,0.0,0.0,2025-Jan-29-17:28:27.022133
0.718270503145516,20351,23,1,0,0,0,0.0,0.0,2025-Jan-29-17:28:27.086190
0.718270503145516,20352,23,1,0,0,0,0.0,0.0,2025-Jan-29-17:28:27.166139
0.7559867298550317,20353,18,1,1,1,1,1.8000000000000003,1.4000000000000001,2025-Jan-29-17:28:27.293534
1.0732711464044855,20354,23,1,1,0,-1,0.0,0.0,2025-Jan-29-17:28:27.336446
1.5432479348660704,20355,8,1,1,0,0,0.0,0.0,2025-Jan-29-17:28:27.389443
1.2248933161499889,20356,17,1,0,-1,0,0.0,0.0,2025-Jan-29-17:28:27.464408
1.558257046225748,20357,24,1,1,0,0,0.0,0.0,2025-Jan-29-17:28:27.516218
1.5432479401188743,20358,4,1,1,0,-1,0.0,0.0,2025-Jan-29-17:28:27.570575
0.7491076467590014,20359,25,1,0,1,-1,0.4,0.0,2025-Jan-29-17:28:27.625055
0.8823208573148167,20360,18,1,1,1,0,1.9000000000000001,0.0,2025-Jan-29-17:28:27.698990
1.5810793670700924,20361,14,1,1,-1,0,0.0,0.0,2025-Jan-29-17:28:27.774158
1.1111007934145072,20362,23,1,1,-1,0,0.0,0.0,2025-Jan-29-17:28:27.827618
1.279061084743914,20363,17,1,0,-1,-1,0.0,0.0,2025-Jan-29-17:28:27.912663
0.9590223552775088,20364,18,1,1,1,0,0.7000000000000001,0.0,2025-Jan-29-17:28:27.965976
0.9319232550776316,20365,15,1,1,0,1,0.0,0.9,2025-Jan-29-17:28:28.041605
0.7182729248747517,20366,19,1,0,0,1,0.0,1.9000000000000001,2025-Jan-29-17:28:28.121270
1.0732735651628538,20367,19,1,1,0,1,0.0,0.8,2025-Jan-29-17:28:28.201188
1.5810793710160038,20368,11,1,1,-1,-1,0.0,0.0,2025-Jan-29-17:28:28.301498
1.5432479348660704,20369,8,1,1,0,0,0.0,0.0,2025-Jan-29-17:28:28.354126
1.1882472985320298,20370,5,1,0,0,-1,0.0,0.0,2025-Jan-29-17:28:28.407902
1.1608124689801373,20371,21,1,1,0,-1,0.0,0.0,2025-Jan-29-17:28:28.461187
1.5582575344976295,20372,6,1,1,1,0,0.4,0.0,2025-Jan-29-17:28:28.514585
1.1607162905176174,20373,20,1,0,1,1,0.1,0.2,2025-Jan-29-17:28:28.566598
1.2410869989633486,20374,22,1,0,-1,1,0.0,0.7000000000000001,2025-Jan-29-17:28:28.643050
1.0582524564983662,20375,18,1,1,0,0,0.0,0.0,2025-Jan-29-17:28:28.694782
1.0543587497764224,20376,21,1,1,-1,1,0.0,0.4,2025-Jan-29-17:28:28.748964
1.5798939559241476,20377,10,1,1,-1,0,0.0,0.0,2025-Jan-29-17:28:28.824901
