Cost,Sim,Switch_State_Indx,Gen1_on,Gen2_on,Batt1_mode,Batt2_mode,Batt1_power_kW,Batt2_power_kW,Timestamp
1.058255470912656,27772,0,1,1,0,-1,0.0,0.0,2025-Jan-29-17:36:51.977930
1.0732828066337339,27773,3,1,1,-1,0,0.0,0.0,2025-Jan-29-17:36:52.023386
1.0732827912951644,27774,2,1,1,1,0,0.4,0.0,2025-Jan-29-17:36:52.085317
0.7032518165836577,27775,13,1,0,0,0,0.0,0.0,2025-Jan-29-17:36:52.143822
0.6210267446642053,27776,25,1,0,-1,1,0.0,1.6,2025-Jan-29-17:36:52.225702
1.1882472845525403,27777,4,1,0,0,1,0.0,1.6,2025-Jan-29-17:36:52.282734
0.718270503145516,27778,23,1,0,0,0,0.0,0.0,2025-Jan-29-17:36:52.331404
1.6039825804553012,27779,8,1,1,-1,-1,0.0,0.0,2025-Jan-29-17:36:52.396979
0.5769236178334318,27780,1,1,0,0,1,0.0,1.1,2025-Jan-29-17:36:52.488964
1.0582524566575031,27781,16,1,1,0,0,0.0,0.0,2025-Jan-29-17:36:52.547079
1.1031909218485065,27782,11,1,0,1,0,0.6,0.0,2025-Jan-29-17:36:52.645398
0.7908004221586187,27783,1,1,0,1,-1,1.6,0.0,2025-Jan-29-17:36:52.757363
1.3673106620988156,27784,10,1,1,1,1,1.9000000000000001,0.5,2025-Jan-29-17:36:52.844120
1.0582554688129302,27785,0,1,1,0,0,0.0,0.0,2025-Jan-29-17:36:53.203303
1.0273226936865376,27786,22,1,0,1,1,1.3000000000000003,1.9000000000000001,2025-Jan-29-17:36:53.292680
1.188247295861148,27787,5,1,0,-1,0,0.0,0.0,2025-Jan-29-17:36:53.359935
1.2367962926340237,27788,12,1,0,-1,0,0.0,0.0,2025-Jan-29-17:36:53.450062
1.5148791825077832,27789,14,1,1,0,1,0.0,0.2,2025-Jan-29-17:36:53.512835
0.5273196187332958,27790,13,1,0,1,0,1.7000000000000002,0.0,2025-Jan-29-17:36:53.622833
0.5423471711776704,27791,19,1,0,1,-1,1.5000000000000002,0.0,2025-Jan-29-17:36:53.744669
0.9872707543338233,27792,1,1,1,0,1,0.0,0.5,2025-Jan-29-17:36:53.814949
1.5810793670700924,27793,14,1,1,-1,0,0.0,0.0,2025-Jan-29-17:36:53.892556
1.1315438177862527,27794,17,1,0,1,0,0.4,0.0,2025-Jan-29-17:36:53.945203
1.146554579548962,27795,22,1,0,1,0,0.4,0.0,2025-Jan-29-17:36:53.998923
0.7032518165836577,27796,13,1,0,0,0,0.0,0.0,2025-Jan-29-17:36:54.062428
1.543247934780537,27797,4,1,1,0,0,0.0,0.0,2025-Jan-29-17:36:54.117259
1.0732828067797704,27798,2,1,1,-1,0,0.0,0.0,2025-Jan-29-17:36:54.161328
1.1882472839884968,27799,4,1,0,-1,1,0.0,0.2,2025-Jan-29-17:36:54.219699
1.188247298483611,27800,11,1,0,0,-1,0.0,0.0,2025-Jan-29-17:36:54.277273
1.6458067962220135,27801,20,1,1,0,-1,0.0,0.0,2025-Jan-29-17:36:54.357880
0.8058091477019476,27802,25,1,0,0,-1,0.0,0.0,2025-Jan-29-17:36:54.416453
1.1882472946247935,27803,4,1,0,0,0,0.0,0.0,2025-Jan-29-17:36:54.474101
1.2260787271081437,27804,14,1,0,-1,0,0.0,0.0,2025-Jan-29-17:36:54.576281
1.058252459123321,27805,16,1,1,0,-1,0.0,0.0,2025-Jan-29-17:36:54.670034
1.0732827949606873,27806,2,1,1,1,-1,1.3000000000000003,0.0,2025-Jan-29-17:36:54.760186
1.058255472846238,27807,0,1,1,-1,-1,0.0,0.0,2025-Jan-29-17:36:54.837758
1.188247294787923,27808,17,1,0,0,0,0.0,0.0,2025-Jan-29-17:36:54.895989
1.1608197316602218,27809,3,1,1,0,-1,0.0,0.0,2025-Jan-29-17:36:54.953826
1.203256914380677,27810,6,1,0,-1,-1,0.0,0.0,2025-Jan-29-17:36:55.010004
1.4319249144914912,27811,20,1,1,0,1,0.0,1.2000000000000002,2025-Jan-29-17:36:55.090142
1.015691104772607,27812,1,1,1,0,1,0.0,0.30000000000000004,2025-Jan-29-17:36:55.146385
1.4548588883274398,27813,17,1,1,1,-1,1.8000000000000003,0.0,2025-Jan-29-17:36:55.250506
1.103190921842365,27814,17,1,0,1,0,0.6,0.0,2025-Jan-29-17:36:55.310744
1.096083017947357,27815,13,1,1,-1,0,0.0,0.0,2025-Jan-29-17:36:55.393304
1.1457990194326042,27816,18,1,1,0,-1,0.0,0.0,2025-Jan-29-17:36:55.472209
1.290803910947752,27817,9,1,0,-1,-1,0.0,0.0,2025-Jan-29-17:36:55.566265
1.5582575503442397,27818,6,1,1,-1,0,0.0,0.0,2025-Jan-29-17:36:55.660082
1.4967154687372264,27819,24,1,1,-1,1,0.0,0.7000000000000001,2025-Jan-29-17:36:55.793819
1.0732735773183826,27820,19,1,1,0,0,0.0,0.0,2025-Jan-29-17:36:55.844092
1.1882472999753344,27821,4,1,0,0,-1,0.0,0.0,2025-Jan-29-17:36:55.901293
0.7032518164381372,27822,18,1,0,0,0,0.0,0.0,2025-Jan-29-17:36:55.956691
1.1882472956618804,27823,4,1,0,-1,0,0.0,0.0,2025-Jan-29-17:36:56.014218
1.1882472956618804,27824,4,1,0,-1,0,0.0,0.0,2025-Jan-29-17:36:56.071031
1.1882472956618804,27825,4,1,0,-1,0,0.0,0.0,2025-Jan-29-17:36:56.128013
1.1882472956618804,27826,4,1,0,-1,0,0.0,0.0,2025-Jan-29-17:36:56.184749
0.7032548149887539,27827,0,1,0,0,1,0.0,0.7000000000000001,2025-Jan-29-17:36:56.241625
0.718282151064099,27828,3,1,0,1,0,0.5,0.0,2025-Jan-29-17:36:56.298000
1.1882472811159532,27829,5,1,0,1,0,0.6,0.0,2025-Jan-29-17:36:56.355116
1.1882472811159532,27830,5,1,0,1,0,0.6,0.0,2025-Jan-29-17:36:56.412235
1.1882472811159532,27831,5,1,0,1,0,0.6,0.0,2025-Jan-29-17:36:56.469528
0.7710189930442188,27832,21,1,1,1,1,1.4000000000000001,1.3000000000000003,2025-Jan-29-17:36:56.592693
0.7032518165836577,27833,13,1,0,0,0,0.0,0.0,2025-Jan-29-17:36:56.691026
0.7032518165836577,27834,13,1,0,0,0,0.0,0.0,2025-Jan-29-17:36:56.788471
0.7032518165836577,27835,13,1,0,0,0,0.0,0.0,2025-Jan-29-17:36:56.845997
0.7032518165836577,27836,13,1,0,0,0,0.0,0.0,2025-Jan-29-17:36:56.902644
1.5432479348176518,27837,17,1,1,0,0,0.0,0.0,2025-Jan-29-17:36:56.958664
1.2410870128463722,27838,22,1,0,-1,0,0.0,0.0,2025-Jan-29-17:36:57.038143
1.2410870128463722,27839,22,1,0,-1,0,0.0,0.0,2025-Jan-29-17:36:57.118361
1.2410870128463722,27840,22,1,0,-1,0,0.0,0.0,2025-Jan-29-17:36:57.199105
1.2410870128463722,27841,22,1,0,-1,0,0.0,0.0,2025-Jan-29-17:36:57.278438
1.5432479348660704,27842,8,1,1,0,0,0.0,0.0,2025-Jan-29-17:36:57.336868
1.203256908176808,27843,6,1,0,0,0,0.0,0.0,2025-Jan-29-17:36:57.393526
1.203256908176808,27844,6,1,0,0,0,0.0,0.0,2025-Jan-29-17:36:57.449597
1.203256908176808,27845,6,1,0,0,0,0.0,0.0,2025-Jan-29-17:36:57.505727
1.203256908176808,27846,6,1,0,0,0,0.0,0.0,2025-Jan-29-17:36:57.571417
0.8058190942097962,27847,3,1,0,-1,-1,0.0,0.0,2025-Jan-29-17:36:57.667512
0.7182729370721538,27848,21,1,0,0,0,0.0,0.0,2025-Jan-29-17:36:57.755970
0.7182729370721538,27849,21,1,0,0,0,0.0,0.0,2025-Jan-29-17:36:57.814090
0.7182729370721538,27850,21,1,0,0,0,0.0,0.0,2025-Jan-29-17:36:57.857781
0.7182729370721538,27851,21,1,0,0,0,0.0,0.0,2025-Jan-29-17:36:57.898187
1.1882472843030716,27852,11,1,0,0,1,0.0,0.2,2025-Jan-29-17:36:57.952385
1.1882472958734285,27853,8,1,0,-1,0,0.0,0.0,2025-Jan-29-17:36:58.005999
1.2032569102405002,27854,9,1,0,-1,0,0.0,0.0,2025-Jan-29-17:36:58.057880
1.2032569102405002,27855,9,1,0,-1,0,0.0,0.0,2025-Jan-29-17:36:58.111141
1.2032569102405002,27856,9,1,0,-1,0,0.0,0.0,2025-Jan-29-17:36:58.164881
0.885960593214774,27857,14,1,0,1,1,1.4000000000000001,1.9000000000000001,2025-Jan-29-17:36:58.263724
0.7182821636027037,27858,3,1,0,0,0,0.0,0.0,2025-Jan-29-17:36:58.304852
0.7182821636027037,27859,3,1,0,0,0,0.0,0.0,2025-Jan-29-17:36:58.348763
0.7182821636027037,27860,3,1,0,0,0,0.0,0.0,2025-Jan-29-17:36:58.390781
0.7182821636027037,27861,3,1,0,0,0,0.0,0.0,2025-Jan-29-17:36:58.431514
1.4748564054394362,27862,14,1,1,1,-1,1.1,0.0,2025-Jan-29-17:36:58.506834
0.7032518156813519,27863,15,1,0,0,0,0.0,0.0,2025-Jan-29-17:36:58.573218
1.1882472949161151,27864,14,1,0,0,0,0.0,0.0,2025-Jan-29-17:36:58.658872
1.1882472949161151,27865,14,1,0,0,0,0.0,0.0,2025-Jan-29-17:36:58.741752
1.1882472949161151,27866,14,1,0,0,0,0.0,0.0,2025-Jan-29-17:36:58.809722
1.290803910947752,27867,9,1,0,-1,-1,0.0,0.0,2025-Jan-29-17:36:58.885842
1.0890141827488882,27868,11,1,0,1,0,0.7000000000000001,0.0,2025-Jan-29-17:36:58.939097
1.060660119435461,27869,11,1,0,1,0,0.9,0.0,2025-Jan-29-17:36:58.993891
1.0473227299622418,27870,12,1,0,1,0,1.1,0.0,2025-Jan-29-17:36:59.045847
1.0331455018007287,27871,12,1,0,1,0,1.2000000000000002,0.0,2025-Jan-29-17:36:59.097857
1.5432479347321184,27872,10,1,1,0,0,0.0,0.0,2025-Jan-29-17:36:59.153768
0.718282151122833,27873,3,1,0,1,0,1.6,0.0,2025-Jan-29-17:36:59.486237
1.1882472808813858,27874,5,1,0,1,0,1.6,0.0,2025-Jan-29-17:36:59.540836
1.1882472808813858,27875,5,1,0,1,0,1.6,0.0,2025-Jan-29-17:36:59.619743
1.1882472808813858,27876,5,1,0,1,0,1.6,0.0,2025-Jan-29-17:36:59.713328
1.0732711432420041,27877,23,1,1,0,0,0.0,0.0,2025-Jan-29-17:36:59.779328
1.0123097427866474,27878,10,1,0,1,0,1.8000000000000003,0.0,2025-Jan-29-17:36:59.860268
1.0123097439306752,27879,11,1,0,1,0,1.8000000000000003,0.0,2025-Jan-29-17:36:59.935268
1.0123097439306752,27880,11,1,0,1,0,1.8000000000000003,0.0,2025-Jan-29-17:37:00.014855
1.0123097439306752,27881,11,1,0,1,0,1.8000000000000003,0.0,2025-Jan-29-17:37:00.094285
0.6330778196001013,27882,3,1,0,-1,1,0.0,0.6,2025-Jan-29-17:37:00.137005
0.7182821637487402,27883,2,1,0,0,0,0.0,0.0,2025-Jan-29-17:37:00.177928
1.1882472946247935,27884,4,1,0,0,0,0.0,0.0,2025-Jan-29-17:37:00.232327
1.1882472946247935,27885,4,1,0,0,0,0.0,0.0,2025-Jan-29-17:37:00.286846
1.1882472946247935,27886,4,1,0,0,0,0.0,0.0,2025-Jan-29-17:37:00.340940
1.3873059122302163,27887,11,1,1,1,0,1.1,0.0,2025-Jan-29-17:37:00.395305
0.5423465475857767,27888,19,1,0,1,0,1.3000000000000003,0.0,2025-Jan-29-17:37:00.464517
1.0123085959247633,27889,17,1,0,1,0,1.4000000000000001,0.0,2025-Jan-29-17:37:00.539320
1.0123085959247633,27890,17,1,0,1,0,1.4000000000000001,0.0,2025-Jan-29-17:37:00.646911
1.0123085959247633,27891,17,1,0,1,0,1.4000000000000001,0.0,2025-Jan-29-17:37:00.753977
1.0732828038461912,27892,2,1,1,0,0,0.0,0.0,2025-Jan-29-17:37:00.796716
1.2032569102654214,27893,6,1,0,-1,0,0.0,0.0,2025-Jan-29-17:37:00.851502
1.2032569102654214,27894,6,1,0,-1,0,0.0,0.0,2025-Jan-29-17:37:00.903397
1.2032569102654214,27895,6,1,0,-1,0,0.0,0.0,2025-Jan-29-17:37:00.957626
1.2032569102654214,27896,6,1,0,-1,0,0.0,0.0,2025-Jan-29-17:37:01.011502
1.5582575381993609,27897,6,1,1,-1,1,0.0,0.1,2025-Jan-29-17:37:01.065078
1.2367962926340237,27898,12,1,0,-1,0,0.0,0.0,2025-Jan-29-17:37:01.149242
1.2367962926340237,27899,12,1,0,-1,0,0.0,0.0,2025-Jan-29-17:37:01.241193
1.2367962926340237,27900,12,1,0,-1,0,0.0,0.0,2025-Jan-29-17:37:01.333730
1.2367962926340237,27901,12,1,0,-1,0,0.0,0.0,2025-Jan-29-17:37:01.424678
1.5798939457635846,27902,10,1,1,-1,1,0.0,1.6,2025-Jan-29-17:37:01.518607
0.7032518165836577,27903,13,1,0,0,0,0.0,0.0,2025-Jan-29-17:37:01.609835
0.7032518165836577,27904,13,1,0,0,0,0.0,0.0,2025-Jan-29-17:37:01.695389
0.7032518165836577,27905,13,1,0,0,0,0.0,0.0,2025-Jan-29-17:37:01.775336
0.7032518165836577,27906,13,1,0,0,0,0.0,0.0,2025-Jan-29-17:37:01.833945
1.558257521144777,27907,6,1,1,1,1,1.3000000000000003,1.3000000000000003,2025-Jan-29-17:37:01.895577
0.5423447386502132,27908,25,1,0,1,0,1.9000000000000001,0.0,2025-Jan-29-17:37:01.967238
0.5423447386502132,27909,25,1,0,1,0,1.9000000000000001,0.0,2025-Jan-29-17:37:02.037565
0.5423447386502132,27910,25,1,0,1,0,1.9000000000000001,0.0,2025-Jan-29-17:37:02.109648
0.5423447386502132,27911,25,1,0,1,0,1.9000000000000001,0.0,2025-Jan-29-17:37:02.181815
1.591796932501842,27912,20,1,1,-1,0,0.0,0.0,2025-Jan-29-17:37:02.257477
1.012308881977404,27913,17,1,0,1,0,1.5000000000000002,0.0,2025-Jan-29-17:37:02.332754
1.012308881977404,27914,17,1,0,1,0,1.5000000000000002,0.0,2025-Jan-29-17:37:02.408559
1.012308881977404,27915,17,1,0,1,0,1.5000000000000002,0.0,2025-Jan-29-17:37:02.484631
1.012308881977404,27916,17,1,0,1,0,1.5000000000000002,0.0,2025-Jan-29-17:37:02.573202
1.1748890383850894,27917,9,1,0,0,1,0.0,0.2,2025-Jan-29-17:37:02.658893
0.7182821637487402,27918,2,1,0,0,0,0.0,0.0,2025-Jan-29-17:37:02.733326
1.1882472946247935,27919,4,1,0,0,0,0.0,0.0,2025-Jan-29-17:37:02.804434
1.1882472946247935,27920,4,1,0,0,0,0.0,0.0,2025-Jan-29-17:37:02.858957
1.1882472946247935,27921,4,1,0,0,0,0.0,0.0,2025-Jan-29-17:37:02.911846
1.203259173061556,27922,12,1,0,0,-1,0.0,0.0,2025-Jan-29-17:37:02.964218
0.7410823775192706,27923,13,1,0,-1,0,0.0,0.0,2025-Jan-29-17:37:03.040346
0.7410823775192706,27924,13,1,0,-1,0,0.0,0.0,2025-Jan-29-17:37:03.114945
0.7410823775192706,27925,13,1,0,-1,0,0.0,0.0,2025-Jan-29-17:37:03.189922
0.7410823775192706,27926,13,1,0,-1,0,0.0,0.0,2025-Jan-29-17:37:03.265548
1.6039825795008924,27927,17,1,1,0,-1,0.0,0.0,2025-Jan-29-17:37:03.318491
0.6323741536037157,27928,16,1,0,1,0,0.5,0.0,2025-Jan-29-17:37:03.373077
0.604021714451508,27929,15,1,0,1,0,0.7000000000000001,0.0,2025-Jan-29-17:37:03.425680
1.0606601195460543,27930,14,1,0,1,0,0.9,0.0,2025-Jan-29-17:37:03.478051
1.0606601195460543,27931,14,1,0,1,0,0.9,0.0,2025-Jan-29-17:37:03.531395
1.2032569102654214,27932,6,1,0,-1,0,0.0,0.0,2025-Jan-29-17:37:03.598379
1.1323819201491756,27933,20,1,0,1,0,0.5,0.0,2025-Jan-29-17:37:03.691489
0.6190466235260522,27934,19,1,0,1,0,0.7000000000000001,0.0,2025-Jan-29-17:37:03.758925
1.07483724879,27935,17,1,0,1,0,0.8,0.0,2025-Jan-29-17:37:03.811941
1.07483724879,27936,17,1,0,1,0,0.8,0.0,2025-Jan-29-17:37:03.866669
1.5432479388339306,27937,5,1,1,-1,-1,0.0,0.0,2025-Jan-29-17:37:03.919935
0.7032518165836577,27938,13,1,0,0,0,0.0,0.0,2025-Jan-29-17:37:03.972214
0.7032518165836577,27939,13,1,0,0,0,0.0,0.0,2025-Jan-29-17:37:04.025209
0.7032518165836577,27940,13,1,0,0,0,0.0,0.0,2025-Jan-29-17:37:04.079297
0.7032518165836577,27941,13,1,0,0,0,0.0,0.0,2025-Jan-29-17:37:04.132064
0.7032518156813519,27942,15,1,0,0,0,0.0,0.0,2025-Jan-29-17:37:04.183995
1.1882472948240612,27943,5,1,0,0,0,0.0,0.0,2025-Jan-29-17:37:04.237703
1.203256908176808,27944,6,1,0,0,0,0.0,0.0,2025-Jan-29-17:37:04.288826
1.203256908176808,27945,6,1,0,0,0,0.0,0.0,2025-Jan-29-17:37:04.340647
1.203256908176808,27946,6,1,0,0,0,0.0,0.0,2025-Jan-29-17:37:04.393567
1.0619134529252312,27947,17,1,0,0,1,0.0,0.9,2025-Jan-29-17:37:04.469824
0.7182821665362829,27948,3,1,0,-1,0,0.0,0.0,2025-Jan-29-17:37:04.511009
1.188247295861148,27949,5,1,0,-1,0,0.0,0.0,2025-Jan-29-17:37:04.595273
1.188247295861148,27950,5,1,0,-1,0,0.0,0.0,2025-Jan-29-17:37:04.681513
1.188247295861148,27951,5,1,0,-1,0,0.0,0.0,2025-Jan-29-17:37:04.764198
1.645804550998799,27952,9,1,1,-1,-1,0.0,0.0,2025-Jan-29-17:37:04.839030
1.1882472956618804,27953,4,1,0,-1,0,0.0,0.0,2025-Jan-29-17:37:04.893157
1.1882472956618804,27954,4,1,0,-1,0,0.0,0.0,2025-Jan-29-17:37:04.946152
1.1882472956618804,27955,4,1,0,-1,0,0.0,0.0,2025-Jan-29-17:37:04.998521
1.1882472956618804,27956,4,1,0,-1,0,0.0,0.0,2025-Jan-29-17:37:05.050863
1.2489819404013758,27957,7,1,0,0,-1,0.0,0.0,2025-Jan-29-17:37:05.103379
1.1882472947756426,27958,11,1,0,0,0,0.0,0.0,2025-Jan-29-17:37:05.156766
1.1882472947756426,27959,11,1,0,0,0,0.0,0.0,2025-Jan-29-17:37:05.209340
1.1882472947756426,27960,11,1,0,0,0,0.0,0.0,2025-Jan-29-17:37:05.262458
1.1882472947756426,27961,11,1,0,0,0,0.0,0.0,2025-Jan-29-17:37:05.315750
1.1608197316602218,27962,3,1,1,0,-1,0.0,0.0,2025-Jan-29-17:37:05.371416
0.7032518164381372,27963,18,1,0,0,0,0.0,0.0,2025-Jan-29-17:37:05.732736
0.7032518165899636,27964,16,1,0,0,0,0.0,0.0,2025-Jan-29-17:37:05.828000
0.7032518165899636,27965,16,1,0,0,0,0.0,0.0,2025-Jan-29-17:37:05.895178
0.7032518165899636,27966,16,1,0,0,0,0.0,0.0,2025-Jan-29-17:37:05.947524
0.7410823665309835,27967,13,1,0,-1,1,0.0,1.3000000000000003,2025-Jan-29-17:37:06.023382
0.718270503145516,27968,23,1,0,0,0,0.0,0.0,2025-Jan-29-17:37:06.066118
1.2032564062589408,27969,22,1,0,0,0,0.0,0.0,2025-Jan-29-17:37:06.119654
1.2032564062589408,27970,22,1,0,0,0,0.0,0.0,2025-Jan-29-17:37:06.172939
1.2032564062589408,27971,22,1,0,0,0,0.0,0.0,2025-Jan-29-17:37:06.224526
1.1882472805762654,27972,5,1,0,1,0,0.1,0.0,2025-Jan-29-17:37:06.277817
1.1882472948240612,27973,5,1,0,0,0,0.0,0.0,2025-Jan-29-17:37:06.330012
1.1882472948240612,27974,5,1,0,0,0,0.0,0.0,2025-Jan-29-17:37:06.384694
1.1882472948240612,27975,5,1,0,0,0,0.0,0.0,2025-Jan-29-17:37:06.439049
1.1882472948240612,27976,5,1,0,0,0,0.0,0.0,2025-Jan-29-17:37:06.492105
1.6458067962220135,27977,20,1,1,0,-1,0.0,0.0,2025-Jan-29-17:37:06.566690
0.7410823775192706,27978,13,1,0,-1,0,0.0,0.0,2025-Jan-29-17:37:06.652459
0.7410823775192706,27979,13,1,0,-1,0,0.0,0.0,2025-Jan-29-17:37:06.774341
0.7410823775192706,27980,13,1,0,-1,0,0.0,0.0,2025-Jan-29-17:37:06.868473
0.7410823775192706,27981,13,1,0,-1,0,0.0,0.0,2025-Jan-29-17:37:06.943145
1.5432479411559614,27982,4,1,1,-1,-1,0.0,0.0,2025-Jan-29-17:37:06.997685
0.7032518156813519,27983,15,1,0,0,0,0.0,0.0,2025-Jan-29-17:37:07.049524
0.7032518156813519,27984,15,1,0,0,0,0.0,0.0,2025-Jan-29-17:37:07.103029
0.7032518156813519,27985,15,1,0,0,0,0.0,0.0,2025-Jan-29-17:37:07.160520
0.7032518156813519,27986,15,1,0,0,0,0.0,0.0,2025-Jan-29-17:37:07.212060
0.5769192263504277,27987,18,1,0,0,1,0.0,1.1,2025-Jan-29-17:37:07.287923
1.1882472797266839,27988,4,1,0,1,0,1.3000000000000003,0.0,2025-Jan-29-17:37:07.341355
1.1882472797266839,27989,4,1,0,1,0,1.3000000000000003,0.0,2025-Jan-29-17:37:07.395508
1.1882472797266839,27990,4,1,0,1,0,1.3000000000000003,0.0,2025-Jan-29-17:37:07.448443
1.1882472797266839,27991,4,1,0,1,0,1.3000000000000003,0.0,2025-Jan-29-17:37:07.500921
1.0732828037001547,27992,3,1,1,0,0,0.0,0.0,2025-Jan-29-17:37:07.541624
0.7032548305854713,27993,1,1,0,-1,0,0.0,0.0,2025-Jan-29-17:37:07.607246
0.7182821666823194,27994,2,1,0,-1,0,0.0,0.0,2025-Jan-29-17:37:07.689959
0.7182821666823194,27995,2,1,0,-1,0,0.0,0.0,2025-Jan-29-17:37:07.760416
0.7182821666823194,27996,2,1,0,-1,0,0.0,0.0,2025-Jan-29-17:37:07.802576
1.046566299705371,27997,18,1,1,1,-1,0.7000000000000001,0.0,2025-Jan-29-17:37:07.877168
0.7032518165899636,27998,16,1,0,0,0,0.0,0.0,2025-Jan-29-17:37:07.930570
0.7032518156813519,27999,15,1,0,0,0,0.0,0.0,2025-Jan-29-17:37:07.982368
0.7032518156813519,28000,15,1,0,0,0,0.0,0.0,2025-Jan-29-17:37:08.035346
0.7032518156813519,28001,15,1,0,0,0,0.0,0.0,2025-Jan-29-17:37:08.088790
0.7182821506965278,28002,2,1,0,0,1,0.0,1.2000000000000002,2025-Jan-29-17:37:08.141292
1.1882472946247935,28003,4,1,0,0,0,0.0,0.0,2025-Jan-29-17:37:08.194754
1.1882472946247935,28004,4,1,0,0,0,0.0,0.0,2025-Jan-29-17:37:08.247155
1.1882472946247935,28005,4,1,0,0,0,0.0,0.0,2025-Jan-29-17:37:08.299518
1.1882472946247935,28006,4,1,0,0,0,0.0,0.0,2025-Jan-29-17:37:08.352255
1.5582598130480905,28007,12,1,1,0,-1,0.0,0.0,2025-Jan-29-17:37:08.406298
1.1882472958734285,28008,8,1,0,-1,0,0.0,0.0,2025-Jan-29-17:37:08.458063
1.2260787269075122,28009,10,1,0,-1,0,0.0,0.0,2025-Jan-29-17:37:08.533661
1.2260787269075122,28010,10,1,0,-1,0,0.0,0.0,2025-Jan-29-17:37:08.637621
1.2260787269075122,28011,10,1,0,-1,0,0.0,0.0,2025-Jan-29-17:37:08.750292
1.6307306306095737,28012,14,1,1,-1,-1,0.0,0.0,2025-Jan-29-17:37:08.827219
0.7032518164381372,28013,18,1,0,0,0,0.0,0.0,2025-Jan-29-17:37:08.880786
0.7032518165899636,28014,16,1,0,0,0,0.0,0.0,2025-Jan-29-17:37:08.936833
0.7032518165899636,28015,16,1,0,0,0,0.0,0.0,2025-Jan-29-17:37:08.991867
0.7032518165899636,28016,16,1,0,0,0,0.0,0.0,2025-Jan-29-17:37:09.047114
1.5432479348176518,28017,17,1,1,0,0,0.0,0.0,2025-Jan-29-17:37:09.104070
0.7182821637487402,28018,2,1,0,0,0,0.0,0.0,2025-Jan-29-17:37:09.158327
0.7182821636027037,28019,3,1,0,0,0,0.0,0.0,2025-Jan-29-17:37:09.202186
1.1882472948240612,28020,5,1,0,0,0,0.0,0.0,2025-Jan-29-17:37:09.256413
1.1882472948240612,28021,5,1,0,0,0,0.0,0.0,2025-Jan-29-17:37:09.310044
0.763286308341567,28022,21,1,0,1,-1,0.30000000000000004,0.0,2025-Jan-29-17:37:09.365233
0.5273196188306758,28023,16,1,0,1,0,1.7000000000000002,0.0,2025-Jan-29-17:37:09.440774
0.5273196180316735,28024,15,1,0,1,0,1.7000000000000002,0.0,2025-Jan-29-17:37:09.515730
1.0123094553994836,28025,14,1,0,1,0,1.7000000000000002,0.0,2025-Jan-29-17:37:09.611419
1.0123094553994836,28026,14,1,0,1,0,1.7000000000000002,0.0,2025-Jan-29-17:37:09.733672
0.7032518190940896,28027,16,1,0,0,-1,0.0,0.0,2025-Jan-29-17:37:09.793210
0.6040217153763339,28028,16,1,0,1,0,0.7000000000000001,0.0,2025-Jan-29-17:37:09.845824
0.589845199033045,28029,15,1,0,1,0,0.8,0.0,2025-Jan-29-17:37:09.898217
0.5756684852834968,28030,15,1,0,1,0,0.9,0.0,2025-Jan-29-17:37:09.950668
1.0464827941795374,28031,14,1,0,1,0,1.0,0.0,2025-Jan-29-17:37:10.003323
1.5810793670700924,28032,14,1,1,-1,0,0.0,0.0,2025-Jan-29-17:37:10.080144
0.7410823775192706,28033,13,1,0,-1,0,0.0,0.0,2025-Jan-29-17:37:10.156813
0.7410823775192706,28034,13,1,0,-1,0,0.0,0.0,2025-Jan-29-17:37:10.232053
0.7410823775192706,28035,13,1,0,-1,0,0.0,0.0,2025-Jan-29-17:37:10.306341
0.7410823775192706,28036,13,1,0,-1,0,0.0,0.0,2025-Jan-29-17:37:10.382735
1.058252444637751,28037,16,1,1,0,1,0.0,0.1,2025-Jan-29-17:37:10.435106
1.188247294787923,28038,17,1,0,0,0,0.0,0.0,2025-Jan-29-17:37:10.488052
1.188247294787923,28039,17,1,0,0,0,0.0,0.0,2025-Jan-29-17:37:10.541876
1.188247294787923,28040,17,1,0,0,0,0.0,0.0,2025-Jan-29-17:37:10.616691
1.188247294787923,28041,17,1,0,0,0,0.0,0.0,2025-Jan-29-17:37:10.713836
0.7561023689068226,28042,19,1,0,-1,-1,0.0,0.0,2025-Jan-29-17:37:10.791050
1.2032569102405002,28043,9,1,0,-1,0,0.0,0.0,2025-Jan-29-17:37:10.843424
1.2032569102405002,28044,9,1,0,-1,0,0.0,0.0,2025-Jan-29-17:37:10.896299
1.2032569102405002,28045,9,1,0,-1,0,0.0,0.0,2025-Jan-29-17:37:10.948919
1.2032569102405002,28046,9,1,0,-1,0,0.0,0.0,2025-Jan-29-17:37:11.001165
1.331168787818123,28047,24,1,1,1,1,0.8,0.8,2025-Jan-29-17:37:11.055840
1.1882472960016206,28048,7,1,0,-1,0,0.0,0.0,2025-Jan-29-17:37:11.108918
1.1882472958734285,28049,8,1,0,-1,0,0.0,0.0,2025-Jan-29-17:37:11.162246
1.2032569102405002,28050,9,1,0,-1,0,0.0,0.0,2025-Jan-29-17:37:11.214259
1.2032569102405002,28051,9,1,0,-1,0,0.0,0.0,2025-Jan-29-17:37:11.267272
0.7182821637487402,28052,2,1,0,0,0,0.0,0.0,2025-Jan-29-17:37:11.308841
1.2410870128463722,28053,22,1,0,-1,0,0.0,0.0,2025-Jan-29-17:37:11.384242
0.7561023661056487,28054,21,1,0,-1,0,0.0,0.0,2025-Jan-29-17:37:11.438415
0.7561023662558681,28055,19,1,0,-1,0,0.0,0.0,2025-Jan-29-17:37:11.491736
0.7561023662558681,28056,19,1,0,-1,0,0.0,0.0,2025-Jan-29-17:37:11.546141
1.2757299910984834,28057,14,1,0,-1,-1,0.0,0.0,2025-Jan-29-17:37:11.670422
1.188247294787923,28058,17,1,0,0,0,0.0,0.0,2025-Jan-29-17:37:11.765844
1.188247294787923,28059,17,1,0,0,0,0.0,0.0,2025-Jan-29-17:37:11.820072
1.188247294787923,28060,17,1,0,0,0,0.0,0.0,2025-Jan-29-17:37:11.876468
1.188247294787923,28061,17,1,0,0,0,0.0,0.0,2025-Jan-29-17:37:11.933353
0.7032518044016711,28062,13,1,0,0,1,0.0,1.6,2025-Jan-29-17:37:11.989703
1.1882472948240612,28063,5,1,0,0,0,0.0,0.0,2025-Jan-29-17:37:12.047020
1.1882472949645337,28064,7,1,0,0,0,0.0,0.0,2025-Jan-29-17:37:12.103670
1.1882472949645337,28065,7,1,0,0,0,0.0,0.0,2025-Jan-29-17:37:12.161051
1.1882472949645337,28066,7,1,0,0,0,0.0,0.0,2025-Jan-29-17:37:12.217511
1.2367962926340237,28067,12,1,0,-1,0,0.0,0.0,2025-Jan-29-17:37:12.297991
1.188247294787923,28068,17,1,0,0,0,0.0,0.0,2025-Jan-29-17:37:12.786976
1.188247294787923,28069,17,1,0,0,0,0.0,0.0,2025-Jan-29-17:37:12.884505
1.188247294787923,28070,17,1,0,0,0,0.0,0.0,2025-Jan-29-17:37:12.971847
1.188247294787923,28071,17,1,0,0,0,0.0,0.0,2025-Jan-29-17:37:13.028232
0.7182705063079972,28072,23,1,0,0,-1,0.0,0.0,2025-Jan-29-17:37:13.070259
0.7032548286518892,28073,1,1,0,0,0,0.0,0.0,2025-Jan-29-17:37:13.123838
0.7032548286518892,28074,1,1,0,0,0,0.0,0.0,2025-Jan-29-17:37:13.176021
0.7032548286518892,28075,1,1,0,0,0,0.0,0.0,2025-Jan-29-17:37:13.228076
0.7032548286518892,28076,1,1,0,0,0,0.0,0.0,2025-Jan-29-17:37:13.292684
1.0732711430969912,28077,25,1,1,0,0,0.0,0.0,2025-Jan-29-17:37:13.337271
0.5273187256044027,28078,18,1,0,1,0,1.4000000000000001,0.0,2025-Jan-29-17:37:13.411887
0.5273190230308801,28079,16,1,0,1,0,1.5000000000000002,0.0,2025-Jan-29-17:37:13.486051
0.5273190230308801,28080,16,1,0,1,0,1.5000000000000002,0.0,2025-Jan-29-17:37:13.568938
0.5273190230308801,28081,16,1,0,1,0,1.5000000000000002,0.0,2025-Jan-29-17:37:13.656990
1.1882472946247935,28082,4,1,0,0,0,0.0,0.0,2025-Jan-29-17:37:13.742028
0.7032518165899636,28083,16,1,0,0,0,0.0,0.0,2025-Jan-29-17:37:13.828622
0.7032518165899636,28084,16,1,0,0,0,0.0,0.0,2025-Jan-29-17:37:13.914279
0.7032518165899636,28085,16,1,0,0,0,0.0,0.0,2025-Jan-29-17:37:13.966796
0.7032518165899636,28086,16,1,0,0,0,0.0,0.0,2025-Jan-29-17:37:14.018776
1.5432479260562637,28087,11,1,1,0,1,0.0,1.9000000000000001,2025-Jan-29-17:37:14.080709
1.1882472948363416,28088,8,1,0,0,0,0.0,0.0,2025-Jan-29-17:37:14.144095
1.2032569081518871,28089,9,1,0,0,0,0.0,0.0,2025-Jan-29-17:37:14.203535
1.2032569081518871,28090,9,1,0,0,0,0.0,0.0,2025-Jan-29-17:37:14.264689
1.2032569081518871,28091,9,1,0,0,0,0.0,0.0,2025-Jan-29-17:37:14.324095
1.3881461418982757,28092,12,1,1,1,0,1.2000000000000002,0.0,2025-Jan-29-17:37:14.385847
1.1882472956618804,28093,4,1,0,-1,0,0.0,0.0,2025-Jan-29-17:37:14.447899
1.1882472956618804,28094,4,1,0,-1,0,0.0,0.0,2025-Jan-29-17:37:14.509733
1.1882472956618804,28095,4,1,0,-1,0,0.0,0.0,2025-Jan-29-17:37:14.571386
1.1882472956618804,28096,4,1,0,-1,0,0.0,0.0,2025-Jan-29-17:37:14.654537
0.5273190113683239,28097,16,1,0,1,1,1.5000000000000002,0.2,2025-Jan-29-17:37:14.772193
1.1882472947756426,28098,11,1,0,0,0,0.0,0.0,2025-Jan-29-17:37:14.868786
1.1882472947756426,28099,11,1,0,0,0,0.0,0.0,2025-Jan-29-17:37:14.922565
1.1882472947756426,28100,11,1,0,0,0,0.0,0.0,2025-Jan-29-17:37:14.976303
1.1882472947756426,28101,11,1,0,0,0,0.0,0.0,2025-Jan-29-17:37:15.031377
0.5423429024113815,28102,25,1,0,1,0,1.3000000000000003,0.0,2025-Jan-29-17:37:15.103374
0.5273190227922991,28103,13,1,0,1,0,1.5000000000000002,0.0,2025-Jan-29-17:37:15.179263
1.0273280135832878,28104,12,1,0,1,0,1.7000000000000002,0.0,2025-Jan-29-17:37:15.254422
1.0273280135832878,28105,12,1,0,1,0,1.7000000000000002,0.0,2025-Jan-29-17:37:15.331620
1.0273280135832878,28106,12,1,0,1,0,1.7000000000000002,0.0,2025-Jan-29-17:37:15.408968
1.2908061561708264,28107,20,1,0,0,-1,0.0,0.0,2025-Jan-29-17:37:15.484261
0.5473144613122608,28108,13,1,0,1,0,1.1,0.0,2025-Jan-29-17:37:15.536232
0.533137148954184,28109,13,1,0,1,0,1.2000000000000002,0.0,2025-Jan-29-17:37:15.609498
0.5273184292742644,28110,13,1,0,1,0,1.3000000000000003,0.0,2025-Jan-29-17:37:15.721009
0.5273184292742644,28111,13,1,0,1,0,1.3000000000000003,0.0,2025-Jan-29-17:37:15.810394
0.9697579190371846,28112,15,1,1,-1,1,0.0,1.0,2025-Jan-29-17:37:15.909204
1.2032569102405002,28113,9,1,0,-1,0,0.0,0.0,2025-Jan-29-17:37:15.960763
1.2260787269075122,28114,10,1,0,-1,0,0.0,0.0,2025-Jan-29-17:37:16.037304
1.2260787269075122,28115,10,1,0,-1,0,0.0,0.0,2025-Jan-29-17:37:16.114220
1.2260787269075122,28116,10,1,0,-1,0,0.0,0.0,2025-Jan-29-17:37:16.191414
1.6307306306095737,28117,14,1,1,-1,-1,0.0,0.0,2025-Jan-29-17:37:16.265841
1.1882472947756426,28118,11,1,0,0,0,0.0,0.0,2025-Jan-29-17:37:16.318639
1.2032591688841716,28119,12,1,0,0,0,0.0,0.0,2025-Jan-29-17:37:16.374743
1.2032591688841716,28120,12,1,0,0,0,0.0,0.0,2025-Jan-29-17:37:16.427991
1.2032591688841716,28121,12,1,0,0,0,0.0,0.0,2025-Jan-29-17:37:16.481643
0.7032518199523472,28122,13,1,0,0,-1,0.0,0.0,2025-Jan-29-17:37:16.534698
0.7182729370721538,28123,21,1,0,0,0,0.0,0.0,2025-Jan-29-17:37:16.595291
1.2032591688378944,28124,20,1,0,0,0,0.0,0.0,2025-Jan-29-17:37:16.683252
1.2032591688378944,28125,20,1,0,0,0,0.0,0.0,2025-Jan-29-17:37:16.773373
1.2032591688378944,28126,20,1,0,0,0,0.0,0.0,2025-Jan-29-17:37:16.831720
1.0582524556889323,28127,15,1,1,0,0,0.0,0.0,2025-Jan-29-17:37:16.894837
1.1882472956618804,28128,4,1,0,-1,0,0.0,0.0,2025-Jan-29-17:37:16.950616
1.1882472956618804,28129,4,1,0,-1,0,0.0,0.0,2025-Jan-29-17:37:17.003785
1.1882472956618804,28130,4,1,0,-1,0,0.0,0.0,2025-Jan-29-17:37:17.057188
1.1882472956618804,28131,4,1,0,-1,0,0.0,0.0,2025-Jan-29-17:37:17.110713
1.5582575482120697,28132,9,1,1,0,0,0.0,0.0,2025-Jan-29-17:37:17.163437
1.0181275530377092,28133,11,1,0,1,0,1.2000000000000002,0.0,2025-Jan-29-17:37:17.216822
1.0273271170688472,28134,12,1,0,1,0,1.4000000000000001,0.0,2025-Jan-29-17:37:17.294184
1.0273271170688472,28135,12,1,0,1,0,1.4000000000000001,0.0,2025-Jan-29-17:37:17.370007
1.0273271170688472,28136,12,1,0,1,0,1.4000000000000001,0.0,2025-Jan-29-17:37:17.445774
0.7032518037865185,28137,13,1,0,0,1,0.0,1.9000000000000001,2025-Jan-29-17:37:17.498083
0.7182821636027037,28138,3,1,0,0,0,0.0,0.0,2025-Jan-29-17:37:17.539892
1.1882472948240612,28139,5,1,0,0,0,0.0,0.0,2025-Jan-29-17:37:17.604721
1.1882472948240612,28140,5,1,0,0,0,0.0,0.0,2025-Jan-29-17:37:17.687655
1.1882472948240612,28141,5,1,0,0,0,0.0,0.0,2025-Jan-29-17:37:17.764325
1.058252456597701,28142,13,1,1,0,0,0.0,0.0,2025-Jan-29-17:37:17.816556
1.2032569102654214,28143,6,1,0,-1,0,0.0,0.0,2025-Jan-29-17:37:17.869481
1.1882472960016206,28144,7,1,0,-1,0,0.0,0.0,2025-Jan-29-17:37:17.921578
1.1882472958734285,28145,8,1,0,-1,0,0.0,0.0,2025-Jan-29-17:37:17.973408
1.2032569102405002,28146,9,1,0,-1,0,0.0,0.0,2025-Jan-29-17:37:18.024934
1.1882472946247935,28147,4,1,0,0,0,0.0,0.0,2025-Jan-29-17:37:18.078444
1.2260787269075122,28148,10,1,0,-1,0,0.0,0.0,2025-Jan-29-17:37:18.156122
1.2260787273316933,28149,11,1,0,-1,0,0.0,0.0,2025-Jan-29-17:37:18.231920
1.2260787273316933,28150,11,1,0,-1,0,0.0,0.0,2025-Jan-29-17:37:18.307884
1.2260787273316933,28151,11,1,0,-1,0,0.0,0.0,2025-Jan-29-17:37:18.384170
0.7135526502058019,28152,21,1,0,-1,1,0.0,0.30000000000000004,2025-Jan-29-17:37:18.437452
1.1882472801394095,28153,7,1,0,1,0,1.3000000000000003,0.0,2025-Jan-29-17:37:18.489787
1.2032568939115198,28154,9,1,0,1,0,1.4000000000000001,0.0,2025-Jan-29-17:37:18.542511
1.2032568939115198,28155,9,1,0,1,0,1.4000000000000001,0.0,2025-Jan-29-17:37:18.884570
1.2032568939115198,28156,9,1,0,1,0,1.4000000000000001,0.0,2025-Jan-29-17:37:18.969954
1.2127269707178872,28157,20,1,0,-1,1,0.0,0.2,2025-Jan-29-17:37:19.070547
1.2248933161499889,28158,17,1,0,-1,0,0.0,0.0,2025-Jan-29-17:37:19.147135
0.7368074535047114,28159,15,1,0,-1,0,0.0,0.0,2025-Jan-29-17:37:19.223388
0.7410823775192706,28160,13,1,0,-1,0,0.0,0.0,2025-Jan-29-17:37:19.299115
0.7410823775192706,28161,13,1,0,-1,0,0.0,0.0,2025-Jan-29-17:37:19.373822
1.096083017820758,28162,16,1,1,-1,0,0.0,0.0,2025-Jan-29-17:37:19.450021
1.2032569081518871,28163,9,1,0,0,0,0.0,0.0,2025-Jan-29-17:37:19.502148
1.2032569081518871,28164,9,1,0,0,0,0.0,0.0,2025-Jan-29-17:37:19.554808
1.2032569081518871,28165,9,1,0,0,0,0.0,0.0,2025-Jan-29-17:37:19.608590
1.2032569081518871,28166,9,1,0,0,0,0.0,0.0,2025-Jan-29-17:37:19.660879
1.5432479359031575,28167,8,1,1,-1,0,0.0,0.0,2025-Jan-29-17:37:19.713339
1.2032591688841716,28168,12,1,0,0,0,0.0,0.0,2025-Jan-29-17:37:19.765567
1.2032591688841716,28169,12,1,0,0,0,0.0,0.0,2025-Jan-29-17:37:19.817256
1.2032591688841716,28170,12,1,0,0,0,0.0,0.0,2025-Jan-29-17:37:19.869941
1.2032591688841716,28171,12,1,0,0,0,0.0,0.0,2025-Jan-29-17:37:19.962521
1.5432479400704557,28172,10,1,1,0,-1,0.0,0.0,2025-Jan-29-17:37:20.051888
0.7032518165899636,28173,16,1,0,0,0,0.0,0.0,2025-Jan-29-17:37:20.122269
0.7032518156813519,28174,15,1,0,0,0,0.0,0.0,2025-Jan-29-17:37:20.176121
0.7032518156813519,28175,15,1,0,0,0,0.0,0.0,2025-Jan-29-17:37:20.228694
0.7032518156813519,28176,15,1,0,0,0,0.0,0.0,2025-Jan-29-17:37:20.282135
1.0732735773183826,28177,19,1,1,0,0,0.0,0.0,2025-Jan-29-17:37:20.323423
1.1882472958734285,28178,8,1,0,-1,0,0.0,0.0,2025-Jan-29-17:37:20.376545
1.2260787269075122,28179,10,1,0,-1,0,0.0,0.0,2025-Jan-29-17:37:20.453051
1.2260787269075122,28180,10,1,0,-1,0,0.0,0.0,2025-Jan-29-17:37:20.528409
1.2260787269075122,28181,10,1,0,-1,0,0.0,0.0,2025-Jan-29-17:37:20.604817
0.5423447388252866,28182,23,1,0,1,0,1.9000000000000001,0.0,2025-Jan-29-17:37:20.675525
1.2032569102654214,28183,6,1,0,-1,0,0.0,0.0,2025-Jan-29-17:37:20.728390
1.1882472960016206,28184,7,1,0,-1,0,0.0,0.0,2025-Jan-29-17:37:20.780556
1.1882472958734285,28185,8,1,0,-1,0,0.0,0.0,2025-Jan-29-17:37:20.834253
1.2032569102405002,28186,9,1,0,-1,0,0.0,0.0,2025-Jan-29-17:37:20.886057
1.058252456597701,28187,13,1,1,0,0,0.0,0.0,2025-Jan-29-17:37:20.955210
0.7032518165836577,28188,13,1,0,0,0,0.0,0.0,2025-Jan-29-17:37:21.039767
0.7032518165836577,28189,13,1,0,0,0,0.0,0.0,2025-Jan-29-17:37:21.129602
0.7032518165836577,28190,13,1,0,0,0,0.0,0.0,2025-Jan-29-17:37:21.183220
0.7032518165836577,28191,13,1,0,0,0,0.0,0.0,2025-Jan-29-17:37:21.235694
1.1111007934145072,28192,23,1,1,-1,0,0.0,0.0,2025-Jan-29-17:37:21.289453
0.7032518156813519,28193,15,1,0,0,0,0.0,0.0,2025-Jan-29-17:37:21.342542
0.7032518156813519,28194,15,1,0,0,0,0.0,0.0,2025-Jan-29-17:37:21.394391
0.7032518156813519,28195,15,1,0,0,0,0.0,0.0,2025-Jan-29-17:37:21.445736
0.7032518156813519,28196,15,1,0,0,0,0.0,0.0,2025-Jan-29-17:37:21.497597
1.5432479348432389,28197,14,1,1,0,0,0.0,0.0,2025-Jan-29-17:37:21.548993
1.2032569102405002,28198,9,1,0,-1,0,0.0,0.0,2025-Jan-29-17:37:21.601356
1.2260787269075122,28199,10,1,0,-1,0,0.0,0.0,2025-Jan-29-17:37:21.676479
1.2260787269075122,28200,10,1,0,-1,0,0.0,0.0,2025-Jan-29-17:37:21.751849
1.2260787269075122,28201,10,1,0,-1,0,0.0,0.0,2025-Jan-29-17:37:21.827012
1.0732711430969912,28202,25,1,1,0,0,0.0,0.0,2025-Jan-29-17:37:21.867135
1.1882472948363416,28203,8,1,0,0,0,0.0,0.0,2025-Jan-29-17:37:21.919016
1.2032569081518871,28204,9,1,0,0,0,0.0,0.0,2025-Jan-29-17:37:21.970487
1.2032569081518871,28205,9,1,0,0,0,0.0,0.0,2025-Jan-29-17:37:22.062610
1.2032569081518871,28206,9,1,0,0,0,0.0,0.0,2025-Jan-29-17:37:22.149488
1.279061084743914,28207,17,1,0,-1,-1,0.0,0.0,2025-Jan-29-17:37:22.242436
1.1882472946247935,28208,4,1,0,0,0,0.0,0.0,2025-Jan-29-17:37:22.295030
1.1882472946247935,28209,4,1,0,0,0,0.0,0.0,2025-Jan-29-17:37:22.348764
1.1882472946247935,28210,4,1,0,0,0,0.0,0.0,2025-Jan-29-17:37:22.401377
1.1882472946247935,28211,4,1,0,0,0,0.0,0.0,2025-Jan-29-17:37:22.454494
1.1882472830724475,28212,5,1,0,0,1,0.0,1.1,2025-Jan-29-17:37:22.507445
0.7410823775192706,28213,13,1,0,-1,0,0.0,0.0,2025-Jan-29-17:37:22.586376
0.7410823775192706,28214,13,1,0,-1,0,0.0,0.0,2025-Jan-29-17:37:22.660598
0.7410823775192706,28215,13,1,0,-1,0,0.0,0.0,2025-Jan-29-17:37:22.750535
0.7410823775192706,28216,13,1,0,-1,0,0.0,0.0,2025-Jan-29-17:37:22.838112
1.058252459123321,28217,16,1,1,0,-1,0.0,0.0,2025-Jan-29-17:37:22.898879
1.203256894532922,28218,6,1,0,1,0,0.2,0.0,2025-Jan-29-17:37:22.960969
1.203256894532922,28219,6,1,0,1,0,0.2,0.0,2025-Jan-29-17:37:23.022523
1.203256894532922,28220,6,1,0,1,0,0.2,0.0,2025-Jan-29-17:37:23.122741
1.203256894532922,28221,6,1,0,1,0,0.2,0.0,2025-Jan-29-17:37:23.224485
1.2032591688378944,28222,20,1,0,0,0,0.0,0.0,2025-Jan-29-17:37:23.300378
0.7032518164381372,28223,18,1,0,0,0,0.0,0.0,2025-Jan-29-17:37:23.360223
1.188247294787923,28224,17,1,0,0,0,0.0,0.0,2025-Jan-29-17:37:23.422632
1.188247294787923,28225,17,1,0,0,0,0.0,0.0,2025-Jan-29-17:37:23.484451
1.188247294787923,28226,17,1,0,0,0,0.0,0.0,2025-Jan-29-17:37:23.540080
1.4156607594634774,28227,17,1,1,1,0,0.9,0.0,2025-Jan-29-17:37:23.597780
1.1882472956618804,28228,4,1,0,-1,0,0.0,0.0,2025-Jan-29-17:37:23.661515
1.188247295861148,28229,5,1,0,-1,0,0.0,0.0,2025-Jan-29-17:37:23.723711
1.188247295861148,28230,5,1,0,-1,0,0.0,0.0,2025-Jan-29-17:37:23.784852
1.188247295861148,28231,5,1,0,-1,0,0.0,0.0,2025-Jan-29-17:37:23.846571
0.718270503145516,28232,23,1,0,0,0,0.0,0.0,2025-Jan-29-17:37:23.894739
1.188247294787923,28233,17,1,0,0,0,0.0,0.0,2025-Jan-29-17:37:23.956575
1.188247294787923,28234,17,1,0,0,0,0.0,0.0,2025-Jan-29-17:37:24.017765
1.188247294787923,28235,17,1,0,0,0,0.0,0.0,2025-Jan-29-17:37:24.104130
1.188247294787923,28236,17,1,0,0,0,0.0,0.0,2025-Jan-29-17:37:24.191541
1.1882472948240612,28237,5,1,0,0,0,0.0,0.0,2025-Jan-29-17:37:24.278617
1.1882472946247935,28238,4,1,0,0,0,0.0,0.0,2025-Jan-29-17:37:24.340616
1.1882472946247935,28239,4,1,0,0,0,0.0,0.0,2025-Jan-29-17:37:24.399627
1.1882472946247935,28240,4,1,0,0,0,0.0,0.0,2025-Jan-29-17:37:24.454390
1.1882472946247935,28241,4,1,0,0,0,0.0,0.0,2025-Jan-29-17:37:24.760371
1.5432479348660704,28242,8,1,1,0,0,0.0,0.0,2025-Jan-29-17:37:24.816762
1.07483724879,28243,17,1,0,1,0,0.8,0.0,2025-Jan-29-17:37:24.870563
1.07483724879,28244,17,1,0,1,0,0.8,0.0,2025-Jan-29-17:37:24.925788
1.07483724879,28245,17,1,0,1,0,0.8,0.0,2025-Jan-29-17:37:24.979185
1.07483724879,28246,17,1,0,1,0,0.8,0.0,2025-Jan-29-17:37:25.031495
1.2032568945259388,28247,9,1,0,1,0,1.1,0.0,2025-Jan-29-17:37:25.100296
0.7182821636027037,28248,3,1,0,0,0,0.0,0.0,2025-Jan-29-17:37:25.167192
0.7182821636027037,28249,3,1,0,0,0,0.0,0.0,2025-Jan-29-17:37:25.248726
0.7182821636027037,28250,3,1,0,0,0,0.0,0.0,2025-Jan-29-17:37:25.311211
0.7182821636027037,28251,3,1,0,0,0,0.0,0.0,2025-Jan-29-17:37:25.361219
0.7182729246090386,28252,19,1,0,0,1,0.0,0.5,2025-Jan-29-17:37:25.423083
1.2032591688841716,28253,12,1,0,0,0,0.0,0.0,2025-Jan-29-17:37:25.486096
1.2032591688841716,28254,12,1,0,0,0,0.0,0.0,2025-Jan-29-17:37:25.548988
1.2032591688841716,28255,12,1,0,0,0,0.0,0.0,2025-Jan-29-17:37:25.611528
1.2032591688841716,28256,12,1,0,0,0,0.0,0.0,2025-Jan-29-17:37:25.671887
0.7410823660077407,28257,16,1,0,-1,1,0.0,1.8000000000000003,2025-Jan-29-17:37:25.761799
0.7410823775192706,28258,13,1,0,-1,0,0.0,0.0,2025-Jan-29-17:37:25.853129
0.7410823775192706,28259,13,1,0,-1,0,0.0,0.0,2025-Jan-29-17:37:25.940707
0.7410823775192706,28260,13,1,0,-1,0,0.0,0.0,2025-Jan-29-17:37:26.030189
0.7410823775192706,28261,13,1,0,-1,0,0.0,0.0,2025-Jan-29-17:37:26.139582
1.188247280875334,28262,5,1,0,1,0,1.1,0.0,2025-Jan-29-17:37:26.232624
1.1882472949161151,28263,14,1,0,0,0,0.0,0.0,2025-Jan-29-17:37:26.307672
1.2032591688841716,28264,12,1,0,0,0,0.0,0.0,2025-Jan-29-17:37:26.368411
1.2032591688841716,28265,12,1,0,0,0,0.0,0.0,2025-Jan-29-17:37:26.428755
1.2032591688841716,28266,12,1,0,0,0,0.0,0.0,2025-Jan-29-17:37:26.488990
1.5432479348660704,28267,8,1,1,0,0,0.0,0.0,2025-Jan-29-17:37:26.549143
1.1465577609960214,28268,20,1,0,1,0,0.4,0.0,2025-Jan-29-17:37:26.609263
1.1465577609960214,28269,20,1,0,1,0,0.4,0.0,2025-Jan-29-17:37:26.668841
1.1465577609960214,28270,20,1,0,1,0,0.4,0.0,2025-Jan-29-17:37:26.727681
1.1465577609960214,28271,20,1,0,1,0,0.4,0.0,2025-Jan-29-17:37:26.781165
1.0590964609314146,28272,23,1,1,1,0,0.1,0.0,2025-Jan-29-17:37:26.823109
0.7032518156813519,28273,15,1,0,0,0,0.0,0.0,2025-Jan-29-17:37:26.875546
1.1882472949161151,28274,14,1,0,0,0,0.0,0.0,2025-Jan-29-17:37:26.928031
1.1882472949161151,28275,14,1,0,0,0,0.0,0.0,2025-Jan-29-17:37:26.979765
1.1882472949161151,28276,14,1,0,0,0,0.0,0.0,2025-Jan-29-17:37:27.035120
1.0582554688129302,28277,0,1,1,0,0,0.0,0.0,2025-Jan-29-17:37:27.110290
0.7410823775192706,28278,13,1,0,-1,0,0.0,0.0,2025-Jan-29-17:37:27.231644
0.7410823775192706,28279,13,1,0,-1,0,0.0,0.0,2025-Jan-29-17:37:27.328942
0.7410823775192706,28280,13,1,0,-1,0,0.0,0.0,2025-Jan-29-17:37:27.409471
0.7410823775192706,28281,13,1,0,-1,0,0.0,0.0,2025-Jan-29-17:37:27.490439
1.188247294576375,28282,10,1,0,0,0,0.0,0.0,2025-Jan-29-17:37:27.547562
0.7032518156813519,28283,15,1,0,0,0,0.0,0.0,2025-Jan-29-17:37:27.603977
0.7032518156813519,28284,15,1,0,0,0,0.0,0.0,2025-Jan-29-17:37:27.658831
0.7032518156813519,28285,15,1,0,0,0,0.0,0.0,2025-Jan-29-17:37:27.715280
0.7032518156813519,28286,15,1,0,0,0,0.0,0.0,2025-Jan-29-17:37:27.770915
1.1882472843414174,28287,4,1,0,0,1,0.0,0.5,2025-Jan-29-17:37:27.828193
0.7410823776243158,28288,18,1,0,-1,0,0.0,0.0,2025-Jan-29-17:37:27.907108
1.2248933161499889,28289,17,1,0,-1,0,0.0,0.0,2025-Jan-29-17:37:27.986518
1.2248933161499889,28290,17,1,0,-1,0,0.0,0.0,2025-Jan-29-17:37:28.091436
1.2248933161499889,28291,17,1,0,-1,0,0.0,0.0,2025-Jan-29-17:37:28.228456
1.1882472948363416,28292,8,1,0,0,0,0.0,0.0,2025-Jan-29-17:37:28.308342
1.0898496035357486,28293,22,1,0,1,0,0.8,0.0,2025-Jan-29-17:37:28.365346
1.0756765868431017,28294,20,1,0,1,0,0.9,0.0,2025-Jan-29-17:37:28.421442
0.5765180626086608,28295,19,1,0,1,0,1.0,0.0,2025-Jan-29-17:37:28.466794
1.032305272112091,28296,17,1,0,1,0,1.1,0.0,2025-Jan-29-17:37:28.523354
1.23679627959056,28297,12,1,0,-1,1,0.0,0.1,2025-Jan-29-17:37:28.603746
0.7182821636027037,28298,3,1,0,0,0,0.0,0.0,2025-Jan-29-17:37:28.648758
1.1882472948240612,28299,5,1,0,0,0,0.0,0.0,2025-Jan-29-17:37:28.705971
1.1882472948240612,28300,5,1,0,0,0,0.0,0.0,2025-Jan-29-17:37:28.762480
1.1882472948240612,28301,5,1,0,0,0,0.0,0.0,2025-Jan-29-17:37:28.819799
1.0582554687157577,28302,1,1,1,0,0,0.0,0.0,2025-Jan-29-17:37:28.876382
0.7410823775192706,28303,13,1,0,-1,0,0.0,0.0,2025-Jan-29-17:37:28.956349
0.7410823775192706,28304,13,1,0,-1,0,0.0,0.0,2025-Jan-29-17:37:29.035975
0.7410823775192706,28305,13,1,0,-1,0,0.0,0.0,2025-Jan-29-17:37:29.145127
0.7410823775192706,28306,13,1,0,-1,0,0.0,0.0,2025-Jan-29-17:37:29.266301
1.5432479233002894,28307,4,1,1,0,1,0.0,0.9,2025-Jan-29-17:37:29.328856
0.7032518165836577,28308,13,1,0,0,0,0.0,0.0,2025-Jan-29-17:37:29.387655
0.7032518165836577,28309,13,1,0,0,0,0.0,0.0,2025-Jan-29-17:37:29.444708
0.7032518165836577,28310,13,1,0,0,0,0.0,0.0,2025-Jan-29-17:37:29.500963
0.7032518165836577,28311,13,1,0,0,0,0.0,0.0,2025-Jan-29-17:37:29.555940
1.558257046225748,28312,24,1,1,0,0,0.0,0.0,2025-Jan-29-17:37:29.612017
1.2367962926340237,28313,12,1,0,-1,0,0.0,0.0,2025-Jan-29-17:37:29.692238
1.2367962926340237,28314,12,1,0,-1,0,0.0,0.0,2025-Jan-29-17:37:29.771657
1.2367962926340237,28315,12,1,0,-1,0,0.0,0.0,2025-Jan-29-17:37:29.851881
1.2367962926340237,28316,12,1,0,-1,0,0.0,0.0,2025-Jan-29-17:37:29.931881
1.6307306306095737,28317,14,1,1,-1,-1,0.0,0.0,2025-Jan-29-17:37:30.010413
0.7182729370721538,28318,21,1,0,0,0,0.0,0.0,2025-Jan-29-17:37:30.069293
0.7182729370721538,28319,21,1,0,0,0,0.0,0.0,2025-Jan-29-17:37:30.160057
0.7182729370721538,28320,21,1,0,0,0,0.0,0.0,2025-Jan-29-17:37:30.240526
0.7182729370721538,28321,21,1,0,0,0,0.0,0.0,2025-Jan-29-17:37:30.315080
0.6210190103313907,28322,21,1,0,-1,1,0.0,1.0,2025-Jan-29-17:37:30.401847
1.2032564062589408,28323,22,1,0,0,0,0.0,0.0,2025-Jan-29-17:37:30.458821
1.2032564062589408,28324,22,1,0,0,0,0.0,0.0,2025-Jan-29-17:37:30.514243
1.2032564062589408,28325,22,1,0,0,0,0.0,0.0,2025-Jan-29-17:37:30.569539
1.2032564062589408,28326,22,1,0,0,0,0.0,0.0,2025-Jan-29-17:37:30.626430
1.145799018754965,28327,15,1,1,0,-1,0.0,0.0,2025-Jan-29-17:37:30.705843
1.203256908176808,28328,6,1,0,0,0,0.0,0.0,2025-Jan-29-17:37:30.761495
1.203256908176808,28329,6,1,0,0,0,0.0,0.0,2025-Jan-29-17:37:30.816904
1.203256908176808,28330,6,1,0,0,0,0.0,0.0,2025-Jan-29-17:37:30.876006
1.203256908176808,28331,6,1,0,0,0,0.0,0.0,2025-Jan-29-17:37:30.934887
1.0732711432420041,28332,23,1,1,0,0,0.0,0.0,2025-Jan-29-17:37:30.981144
1.1882472838023845,28333,11,1,0,0,1,0.0,1.7000000000000002,2025-Jan-29-17:37:31.039582
1.203259160309437,28334,12,1,0,0,1,0.0,1.5000000000000002,2025-Jan-29-17:37:31.122356
1.203259160309437,28335,12,1,0,0,1,0.0,1.5000000000000002,2025-Jan-29-17:37:31.223688
1.203259160309437,28336,12,1,0,0,1,0.0,1.5000000000000002,2025-Jan-29-17:37:31.315554
0.7561001531834526,28337,25,1,0,-1,0,0.0,0.0,2025-Jan-29-17:37:31.378762
0.533137148954184,28338,13,1,0,1,0,1.2000000000000002,0.0,2025-Jan-29-17:37:31.441871
1.0123083105816981,28339,14,1,0,1,0,1.3000000000000003,0.0,2025-Jan-29-17:37:31.528272
1.0123083105816981,28340,14,1,0,1,0,1.3000000000000003,0.0,2025-Jan-29-17:37:31.615901
1.0123083105816981,28341,14,1,0,1,0,1.3000000000000003,0.0,2025-Jan-29-17:37:31.704016
1.0582524564983662,28342,18,1,1,0,0,0.0,0.0,2025-Jan-29-17:37:31.765639
0.41600757936428767,28343,25,1,0,1,1,1.9000000000000001,1.9000000000000001,2025-Jan-29-17:37:31.869942
0.9009856552438908,28344,24,1,0,1,1,1.9000000000000001,1.7000000000000002,2025-Jan-29-17:37:32.448387
0.9009856552438908,28345,24,1,0,1,1,1.9000000000000001,1.7000000000000002,2025-Jan-29-17:37:32.587571
0.9009856552438908,28346,24,1,0,1,1,1.9000000000000001,1.7000000000000002,2025-Jan-29-17:37:32.687589
0.604870637925506,28347,19,1,0,1,0,0.8,0.0,2025-Jan-29-17:37:32.730538
0.5423429025864449,28348,23,1,0,1,0,1.3000000000000003,0.0,2025-Jan-29-17:37:32.803307
0.5423429025864449,28349,23,1,0,1,0,1.3000000000000003,0.0,2025-Jan-29-17:37:32.874037
0.5423429025864449,28350,23,1,0,1,0,1.3000000000000003,0.0,2025-Jan-29-17:37:32.944983
0.5423429025864449,28351,23,1,0,1,0,1.3000000000000003,0.0,2025-Jan-29-17:37:33.015455
1.1882472837866653,28352,11,1,0,0,1,0.0,0.9,2025-Jan-29-17:37:33.069917
0.7182729400006294,28353,19,1,0,0,-1,0.0,0.0,2025-Jan-29-17:37:33.111997
0.7907983793815168,28354,18,1,0,0,-1,0.0,0.0,2025-Jan-29-17:37:33.187352
0.7907983793815168,28355,18,1,0,0,-1,0.0,0.0,2025-Jan-29-17:37:33.262674
0.7907983793815168,28356,18,1,0,0,-1,0.0,0.0,2025-Jan-29-17:37:33.337154
1.5582575482120697,28357,9,1,1,0,0,0.0,0.0,2025-Jan-29-17:37:33.411884
0.6274912069336872,28358,15,1,0,-1,1,0.0,0.8,2025-Jan-29-17:37:33.515671
0.6559239844654123,28359,15,1,0,-1,1,0.0,0.6,2025-Jan-29-17:37:33.613710
0.6559239844654123,28360,15,1,0,-1,1,0.0,0.6,2025-Jan-29-17:37:33.690697
0.6559239844654123,28361,15,1,0,-1,1,0.0,0.6,2025-Jan-29-17:37:33.764841
1.0123085959661533,28362,14,1,0,1,0,1.4000000000000001,0.0,2025-Jan-29-17:37:33.840069
1.2757299910984834,28363,14,1,0,-1,-1,0.0,0.0,2025-Jan-29-17:37:33.914567
0.8247332670051751,28364,15,1,0,-1,-1,0.0,0.0,2025-Jan-29-17:37:34.012928
0.8247332670051751,28365,15,1,0,-1,-1,0.0,0.0,2025-Jan-29-17:37:34.115338
0.8247332670051751,28366,15,1,0,-1,-1,0.0,0.0,2025-Jan-29-17:37:34.214978
1.0582524564983662,28367,18,1,1,0,0,0.0,0.0,2025-Jan-29-17:37:34.267028
0.7032518199523472,28368,13,1,0,0,-1,0.0,0.0,2025-Jan-29-17:37:34.319093
0.7032518199523472,28369,13,1,0,0,-1,0.0,0.0,2025-Jan-29-17:37:34.372384
0.7032518199523472,28370,13,1,0,0,-1,0.0,0.0,2025-Jan-29-17:37:34.442774
0.7032518199523472,28371,13,1,0,0,-1,0.0,0.0,2025-Jan-29-17:37:34.528592
0.7041035013020391,28372,3,1,0,0,1,0.0,0.1,2025-Jan-29-17:37:34.600148
0.7032518156813519,28373,15,1,0,0,0,0.0,0.0,2025-Jan-29-17:37:34.667534
0.7032518156813519,28374,15,1,0,0,0,0.0,0.0,2025-Jan-29-17:37:34.720351
0.7032518156813519,28375,15,1,0,0,0,0.0,0.0,2025-Jan-29-17:37:34.774289
0.7032518156813519,28376,15,1,0,0,0,0.0,0.0,2025-Jan-29-17:37:34.826670
1.543247934857496,28377,11,1,1,0,0,0.0,0.0,2025-Jan-29-17:37:34.880005
1.188247294576375,28378,10,1,0,0,0,0.0,0.0,2025-Jan-29-17:37:34.933632
1.2032591688841716,28379,12,1,0,0,0,0.0,0.0,2025-Jan-29-17:37:34.986451
1.2032591688841716,28380,12,1,0,0,0,0.0,0.0,2025-Jan-29-17:37:35.039972
1.2032591688841716,28381,12,1,0,0,0,0.0,0.0,2025-Jan-29-17:37:35.094469
1.1882472853834753,28382,11,1,0,0,1,0.0,0.7000000000000001,2025-Jan-29-17:37:35.150073
0.7032518057704017,28383,13,1,0,0,1,0.0,1.7000000000000002,2025-Jan-29-17:37:35.203529
0.7032518057704017,28384,13,1,0,0,1,0.0,1.7000000000000002,2025-Jan-29-17:37:35.256902
0.7032518057704017,28385,13,1,0,0,1,0.0,1.7000000000000002,2025-Jan-29-17:37:35.309735
0.7032518057704017,28386,13,1,0,0,1,0.0,1.7000000000000002,2025-Jan-29-17:37:35.362938
0.7182729370721538,28387,21,1,0,0,0,0.0,0.0,2025-Jan-29-17:37:35.405217
0.7032518165836577,28388,13,1,0,0,0,0.0,0.0,2025-Jan-29-17:37:35.473230
1.1882472949161151,28389,14,1,0,0,0,0.0,0.0,2025-Jan-29-17:37:35.560956
1.1882472949161151,28390,14,1,0,0,0,0.0,0.0,2025-Jan-29-17:37:35.651611
1.1882472949161151,28391,14,1,0,0,0,0.0,0.0,2025-Jan-29-17:37:35.719437
1.0732828037001547,28392,3,1,1,0,0,0.0,0.0,2025-Jan-29-17:37:35.762092
1.203256908176808,28393,6,1,0,0,0,0.0,0.0,2025-Jan-29-17:37:35.816892
1.203256908176808,28394,6,1,0,0,0,0.0,0.0,2025-Jan-29-17:37:35.878150
1.203256908176808,28395,6,1,0,0,0,0.0,0.0,2025-Jan-29-17:37:35.942872
1.203256908176808,28396,6,1,0,0,0,0.0,0.0,2025-Jan-29-17:37:35.998418
0.5919516791243902,28397,3,1,0,0,1,0.0,1.4000000000000001,2025-Jan-29-17:37:36.071548
0.7561023537606004,28398,19,1,0,-1,1,0.0,0.2,2025-Jan-29-17:37:36.151783
0.7561023537606004,28399,19,1,0,-1,1,0.0,0.2,2025-Jan-29-17:37:36.227042
0.7561023537606004,28400,19,1,0,-1,1,0.0,0.2,2025-Jan-29-17:37:36.304144
0.7561023537606004,28401,19,1,0,-1,1,0.0,0.2,2025-Jan-29-17:37:36.381286
1.188247294787923,28402,17,1,0,0,0,0.0,0.0,2025-Jan-29-17:37:36.441007
0.712719956649216,28403,18,1,0,-1,1,0.0,0.2,2025-Jan-29-17:37:36.534028
1.1977132766206695,28404,17,1,0,-1,1,0.0,0.2,2025-Jan-29-17:37:36.657558
1.1977132766206695,28405,17,1,0,-1,1,0.0,0.2,2025-Jan-29-17:37:36.756142
1.1977132766206695,28406,17,1,0,-1,1,0.0,0.2,2025-Jan-29-17:37:36.832545
1.4168988162233123,28407,14,1,1,0,1,0.0,1.8000000000000003,2025-Jan-29-17:37:36.908590
0.7368074537788192,28408,16,1,0,-1,0,0.0,0.0,2025-Jan-29-17:37:36.984304
0.7368074537788192,28409,16,1,0,-1,0,0.0,0.0,2025-Jan-29-17:37:37.059495
0.7368074537788192,28410,16,1,0,-1,0,0.0,0.0,2025-Jan-29-17:37:37.137136
0.7368074537788192,28411,16,1,0,-1,0,0.0,0.0,2025-Jan-29-17:37:37.212669
1.0582554688129302,28412,0,1,1,0,0,0.0,0.0,2025-Jan-29-17:37:37.264994
1.2032569102405002,28413,9,1,0,-1,0,0.0,0.0,2025-Jan-29-17:37:37.316550
1.2260787269075122,28414,10,1,0,-1,0,0.0,0.0,2025-Jan-29-17:37:37.393975
1.2260787269075122,28415,10,1,0,-1,0,0.0,0.0,2025-Jan-29-17:37:37.471191
1.2260787269075122,28416,10,1,0,-1,0,0.0,0.0,2025-Jan-29-17:37:37.546728
1.1882472948363416,28417,8,1,0,0,0,0.0,0.0,2025-Jan-29-17:37:37.649172
1.188247298483611,28418,11,1,0,0,-1,0.0,0.0,2025-Jan-29-17:37:37.739546
0.7032518199523472,28419,13,1,0,0,-1,0.0,0.0,2025-Jan-29-17:37:37.810563
1.248981940207102,28420,14,1,0,0,-1,0.0,0.0,2025-Jan-29-17:37:37.863509
1.248981940207102,28421,14,1,0,0,-1,0.0,0.0,2025-Jan-29-17:37:37.915905
1.5918162101421558,28422,22,1,1,-1,0,0.0,0.0,2025-Jan-29-17:37:37.991847
0.7032518164381372,28423,18,1,0,0,0,0.0,0.0,2025-Jan-29-17:37:38.043483
1.188247294787923,28424,17,1,0,0,0,0.0,0.0,2025-Jan-29-17:37:38.099907
1.188247294787923,28425,17,1,0,0,0,0.0,0.0,2025-Jan-29-17:37:38.154935
1.188247294787923,28426,17,1,0,0,0,0.0,0.0,2025-Jan-29-17:37:38.207860
1.5582570484090077,28427,22,1,1,0,-1,0.0,0.0,2025-Jan-29-17:37:38.261621
0.5423481028783832,28428,21,1,0,1,0,1.8000000000000003,0.0,2025-Jan-29-17:37:38.331996
0.5423481028783832,28429,21,1,0,1,0,1.8000000000000003,0.0,2025-Jan-29-17:37:38.404096
0.5423481028783832,28430,21,1,0,1,0,1.8000000000000003,0.0,2025-Jan-29-17:37:38.475674
0.5423481028783832,28431,21,1,0,1,0,1.8000000000000003,0.0,2025-Jan-29-17:37:38.546427
1.073282807030362,28432,2,1,1,0,-1,0.0,0.0,2025-Jan-29-17:37:38.630329
0.7032518165836577,28433,13,1,0,0,0,0.0,0.0,2025-Jan-29-17:37:38.720375
1.1882472949161151,28434,14,1,0,0,0,0.0,0.0,2025-Jan-29-17:37:38.792467
1.1882472949161151,28435,14,1,0,0,0,0.0,0.0,2025-Jan-29-17:37:38.845143
1.1882472949161151,28436,14,1,0,0,0,0.0,0.0,2025-Jan-29-17:37:38.897768
0.5919449630245015,28437,3,1,0,1,1,1.3000000000000003,1.8000000000000003,2025-Jan-29-17:37:38.975287
0.7561023661056487,28438,21,1,0,-1,0,0.0,0.0,2025-Jan-29-17:37:39.030319
1.241089522048855,28439,20,1,0,-1,0,0.0,0.0,2025-Jan-29-17:37:39.107890
1.241089522048855,28440,20,1,0,-1,0,0.0,0.0,2025-Jan-29-17:37:39.184064
1.241089522048855,28441,20,1,0,-1,0,0.0,0.0,2025-Jan-29-17:37:39.262344
1.5432479377484252,28442,11,1,1,0,-1,0.0,0.0,2025-Jan-29-17:37:39.317951
1.1882472949161151,28443,14,1,0,0,0,0.0,0.0,2025-Jan-29-17:37:39.372051
1.1882472949161151,28444,14,1,0,0,0,0.0,0.0,2025-Jan-29-17:37:39.425039
1.1882472949161151,28445,14,1,0,0,0,0.0,0.0,2025-Jan-29-17:37:39.773932
1.1882472949161151,28446,14,1,0,0,0,0.0,0.0,2025-Jan-29-17:37:39.854925
0.7561023662558681,28447,19,1,0,-1,0,0.0,0.0,2025-Jan-29-17:37:39.932843
1.2032564062589408,28448,22,1,0,0,0,0.0,0.0,2025-Jan-29-17:37:39.986278
1.2032564062589408,28449,22,1,0,0,0,0.0,0.0,2025-Jan-29-17:37:40.037660
1.2032564062589408,28450,22,1,0,0,0,0.0,0.0,2025-Jan-29-17:37:40.092524
1.2032564062589408,28451,22,1,0,0,0,0.0,0.0,2025-Jan-29-17:37:40.146865
0.7182704898596041,28452,23,1,0,0,1,0.0,0.7000000000000001,2025-Jan-29-17:37:40.199615
0.7410823801238079,28453,16,1,0,-1,-1,0.0,0.0,2025-Jan-29-17:37:40.274764
0.8247332670051751,28454,15,1,0,-1,-1,0.0,0.0,2025-Jan-29-17:37:40.371390
0.8247332670051751,28455,15,1,0,-1,-1,0.0,0.0,2025-Jan-29-17:37:40.469156
0.8247332670051751,28456,15,1,0,-1,-1,0.0,0.0,2025-Jan-29-17:37:40.566153
1.0895759650545291,28457,20,1,0,0,1,0.0,0.8,2025-Jan-29-17:37:40.618612
1.2032568988481511,28458,6,1,0,0,1,0.0,0.9,2025-Jan-29-17:37:40.686503
1.2032568988481511,28459,6,1,0,0,1,0.0,0.9,2025-Jan-29-17:37:40.778097
1.2032568988481511,28460,6,1,0,0,1,0.0,0.9,2025-Jan-29-17:37:40.857653
1.2032568988481511,28461,6,1,0,0,1,0.0,0.9,2025-Jan-29-17:37:40.924108
1.0582554574772374,28462,0,1,1,1,-1,1.4000000000000001,0.0,2025-Jan-29-17:37:40.977392
0.7032518190940896,28463,16,1,0,0,-1,0.0,0.0,2025-Jan-29-17:37:41.029414
0.7032518190940896,28464,16,1,0,0,-1,0.0,0.0,2025-Jan-29-17:37:41.081273
0.7032518190940896,28465,16,1,0,0,-1,0.0,0.0,2025-Jan-29-17:37:41.134659
0.7032518190940896,28466,16,1,0,0,-1,0.0,0.0,2025-Jan-29-17:37:41.187256
1.002301246648846,28467,3,1,1,-1,1,0.0,0.5,2025-Jan-29-17:37:41.229279
0.7182729372290622,28468,19,1,0,0,0,0.0,0.0,2025-Jan-29-17:37:41.271190
0.7032518164381372,28469,18,1,0,0,0,0.0,0.0,2025-Jan-29-17:37:41.322814
0.7032518164381372,28470,18,1,0,0,0,0.0,0.0,2025-Jan-29-17:37:41.375020
0.7032518164381372,28471,18,1,0,0,0,0.0,0.0,2025-Jan-29-17:37:41.427307
1.096083017820758,28472,16,1,1,-1,0,0.0,0.0,2025-Jan-29-17:37:41.502338
0.5614915735337499,28473,16,1,0,1,0,1.0,0.0,2025-Jan-29-17:37:41.554423
0.5331371489605592,28474,16,1,0,1,0,1.2000000000000002,0.0,2025-Jan-29-17:37:41.606008
0.5273184292833986,28475,16,1,0,1,0,1.3000000000000003,0.0,2025-Jan-29-17:37:41.707706
0.5273187248946851,28476,15,1,0,1,0,1.4000000000000001,0.0,2025-Jan-29-17:37:41.807342
1.5582575482556265,28477,6,1,1,0,0,0.0,0.0,2025-Jan-29-17:37:41.861204
0.7182729370721538,28478,21,1,0,0,0,0.0,0.0,2025-Jan-29-17:37:41.902088
0.7182729370721538,28479,21,1,0,0,0,0.0,0.0,2025-Jan-29-17:37:41.943320
0.7182729370721538,28480,21,1,0,0,0,0.0,0.0,2025-Jan-29-17:37:41.985373
0.7182729370721538,28481,21,1,0,0,0,0.0,0.0,2025-Jan-29-17:37:42.026510
1.2908030295484636,28482,24,1,0,0,-1,0.0,0.0,2025-Jan-29-17:37:42.106364
1.1882472949645337,28483,7,1,0,0,0,0.0,0.0,2025-Jan-29-17:37:42.163412
1.1882472949645337,28484,7,1,0,0,0,0.0,0.0,2025-Jan-29-17:37:42.216583
1.1882472949645337,28485,7,1,0,0,0,0.0,0.0,2025-Jan-29-17:37:42.268939
1.1882472949645337,28486,7,1,0,0,0,0.0,0.0,2025-Jan-29-17:37:42.321347
1.1882472841095346,28487,5,1,0,-1,1,0.0,1.1,2025-Jan-29-17:37:42.376706
1.2032569081518871,28488,9,1,0,0,0,0.0,0.0,2025-Jan-29-17:37:42.429291
1.1882472947756426,28489,11,1,0,0,0,0.0,0.0,2025-Jan-29-17:37:42.482718
1.2032591688841716,28490,12,1,0,0,0,0.0,0.0,2025-Jan-29-17:37:42.536374
1.2032591688841716,28491,12,1,0,0,0,0.0,0.0,2025-Jan-29-17:37:42.606135
0.7032548287490616,28492,0,1,0,0,0,0.0,0.0,2025-Jan-29-17:37:42.695937
1.2032568945259388,28493,9,1,0,1,0,1.1,0.0,2025-Jan-29-17:37:42.776861
1.2032568945259388,28494,9,1,0,1,0,1.1,0.0,2025-Jan-29-17:37:42.830049
1.2032568945259388,28495,9,1,0,1,0,1.1,0.0,2025-Jan-29-17:37:42.883443
1.2032568945259388,28496,9,1,0,1,0,1.1,0.0,2025-Jan-29-17:37:42.935457
0.7032518164381372,28497,18,1,0,0,0,0.0,0.0,2025-Jan-29-17:37:42.988368
0.6464810723293516,28498,18,1,0,0,1,0.0,0.4,2025-Jan-29-17:37:43.039727
1.1456809387657938,28499,17,1,0,0,1,0.0,0.30000000000000004,2025-Jan-29-17:37:43.093242
1.1456809387657938,28500,17,1,0,0,1,0.0,0.30000000000000004,2025-Jan-29-17:37:43.146927
1.1456809387657938,28501,17,1,0,0,1,0.0,0.30000000000000004,2025-Jan-29-17:37:43.199754
1.5582598088982227,28502,20,1,1,0,0,0.0,0.0,2025-Jan-29-17:37:43.253458
0.7368074415557382,28503,16,1,0,-1,1,0.0,1.6,2025-Jan-29-17:37:43.328181
0.741082364647996,28504,16,1,0,-1,1,0.0,1.4000000000000001,2025-Jan-29-17:37:43.403628
0.741082364647996,28505,16,1,0,-1,1,0.0,1.4000000000000001,2025-Jan-29-17:37:43.478921
0.741082364647996,28506,16,1,0,-1,1,0.0,1.4000000000000001,2025-Jan-29-17:37:43.571688
0.9588110164990864,28507,18,1,1,0,1,0.0,0.7000000000000001,2025-Jan-29-17:37:43.659305
1.2032568945424114,28508,6,1,0,1,0,1.1,0.0,2025-Jan-29-17:37:43.743074
1.2032568945424114,28509,6,1,0,1,0,1.1,0.0,2025-Jan-29-17:37:43.809005
1.2032568945424114,28510,6,1,0,1,0,1.1,0.0,2025-Jan-29-17:37:43.861650
1.2032568945424114,28511,6,1,0,1,0,1.1,0.0,2025-Jan-29-17:37:43.913980
1.5432479200005753,28512,4,1,1,1,0,0.4,0.0,2025-Jan-29-17:37:43.968147
1.188247294576375,28513,10,1,0,0,0,0.0,0.0,2025-Jan-29-17:37:44.021005
1.1882472947756426,28514,11,1,0,0,0,0.0,0.0,2025-Jan-29-17:37:44.076257
1.1882472947756426,28515,11,1,0,0,0,0.0,0.0,2025-Jan-29-17:37:44.132504
1.1882472947756426,28516,11,1,0,0,0,0.0,0.0,2025-Jan-29-17:37:44.186338
1.558257046225748,28517,24,1,1,0,0,0.0,0.0,2025-Jan-29-17:37:44.239258
1.1749058854425278,28518,22,1,0,1,0,0.2,0.0,2025-Jan-29-17:37:44.294517
1.1749058854425278,28519,22,1,0,1,0,0.2,0.0,2025-Jan-29-17:37:44.346945
1.1749058854425278,28520,22,1,0,1,0,0.2,0.0,2025-Jan-29-17:37:44.398943
1.1749058854425278,28521,22,1,0,1,0,0.2,0.0,2025-Jan-29-17:37:44.451278
1.012309173629764,28522,10,1,0,1,-1,1.6,0.0,2025-Jan-29-17:37:44.529415
0.7182821637487402,28523,2,1,0,0,0,0.0,0.0,2025-Jan-29-17:37:44.588157
1.1882472946247935,28524,4,1,0,0,0,0.0,0.0,2025-Jan-29-17:37:44.672383
1.1882472946247935,28525,4,1,0,0,0,0.0,0.0,2025-Jan-29-17:37:44.758843
1.1882472946247935,28526,4,1,0,0,0,0.0,0.0,2025-Jan-29-17:37:44.812521
0.7561001398424008,28527,23,1,0,-1,1,0.0,0.8,2025-Jan-29-17:37:44.887839
1.1882472947756426,28528,11,1,0,0,0,0.0,0.0,2025-Jan-29-17:37:44.941841
1.1882472947756426,28529,11,1,0,0,0,0.0,0.0,2025-Jan-29-17:37:44.995407
1.1882472947756426,28530,11,1,0,0,0,0.0,0.0,2025-Jan-29-17:37:45.050219
1.1882472947756426,28531,11,1,0,0,0,0.0,0.0,2025-Jan-29-17:37:45.103055
0.7032518199523472,28532,13,1,0,0,-1,0.0,0.0,2025-Jan-29-17:37:45.158860
1.1882472860088504,28533,5,1,0,0,1,0.0,0.4,2025-Jan-29-17:37:45.212317
1.1882472860088504,28534,5,1,0,0,1,0.0,0.4,2025-Jan-29-17:37:45.266033
1.1882472860088504,28535,5,1,0,0,1,0.0,0.4,2025-Jan-29-17:37:45.319637
1.1882472860088504,28536,5,1,0,0,1,0.0,0.4,2025-Jan-29-17:37:45.374243
1.558257046225748,28537,24,1,1,0,0,0.0,0.0,2025-Jan-29-17:37:45.426165
1.2032569081518871,28538,9,1,0,0,0,0.0,0.0,2025-Jan-29-17:37:45.478492
1.2032569081518871,28539,9,1,0,0,0,0.0,0.0,2025-Jan-29-17:37:45.531189
1.2032569081518871,28540,9,1,0,0,0,0.0,0.0,2025-Jan-29-17:37:45.861919
1.2032569081518871,28541,9,1,0,0,0,0.0,0.0,2025-Jan-29-17:37:45.955642
1.1882472807350126,28542,5,1,0,1,0,1.7000000000000002,0.0,2025-Jan-29-17:37:46.040032
1.2118995055526178,28543,14,1,0,-1,1,0.0,0.1,2025-Jan-29-17:37:46.118596
0.7410823659054099,28544,16,1,0,-1,1,0.0,0.1,2025-Jan-29-17:37:46.198201
0.7127199565000567,28545,15,1,0,-1,1,0.0,0.2,2025-Jan-29-17:37:46.273979
1.2105597337832923,28546,17,1,0,-1,1,0.0,0.1,2025-Jan-29-17:37:46.349452
1.4732031296380566,28547,22,1,1,1,-1,0.6,0.0,2025-Jan-29-17:37:46.401700
0.7182821636027037,28548,3,1,0,0,0,0.0,0.0,2025-Jan-29-17:37:46.443162
1.1882472948240612,28549,5,1,0,0,0,0.0,0.0,2025-Jan-29-17:37:46.496029
1.1882472948240612,28550,5,1,0,0,0,0.0,0.0,2025-Jan-29-17:37:46.550299
1.1882472948240612,28551,5,1,0,0,0,0.0,0.0,2025-Jan-29-17:37:46.603954
0.7916368545103762,28552,21,1,0,1,-1,0.1,0.0,2025-Jan-29-17:37:46.658302
1.203256898249625,28553,6,1,0,0,1,0.0,0.8,2025-Jan-29-17:37:46.711642
1.0888023230378612,28554,8,1,0,0,1,0.0,0.7000000000000001,2025-Jan-29-17:37:46.782338
1.1882472836576041,28555,10,1,0,0,1,0.0,0.6,2025-Jan-29-17:37:46.877711
1.1882472836576041,28556,10,1,0,0,1,0.0,0.6,2025-Jan-29-17:37:46.966949
1.2410895129080848,28557,12,1,0,-1,1,0.0,1.4000000000000001,2025-Jan-29-17:37:47.043976
1.2032564062589408,28558,22,1,0,0,0,0.0,0.0,2025-Jan-29-17:37:47.096324
0.7182729370721538,28559,21,1,0,0,0,0.0,0.0,2025-Jan-29-17:37:47.139000
1.2032591688378944,28560,20,1,0,0,0,0.0,0.0,2025-Jan-29-17:37:47.192210
1.2032591688378944,28561,20,1,0,0,0,0.0,0.0,2025-Jan-29-17:37:47.247836
1.046482794053692,28562,17,1,0,1,0,1.0,0.0,2025-Jan-29-17:37:47.303730
0.8247332670051751,28563,15,1,0,-1,-1,0.0,0.0,2025-Jan-29-17:37:47.401275
0.7410823801238079,28564,16,1,0,-1,-1,0.0,0.0,2025-Jan-29-17:37:47.477535
0.8247332670051751,28565,15,1,0,-1,-1,0.0,0.0,2025-Jan-29-17:37:47.576292
0.8247332670051751,28566,15,1,0,-1,-1,0.0,0.0,2025-Jan-29-17:37:47.674962
0.7182821535104968,28567,2,1,0,-1,1,0.0,0.4,2025-Jan-29-17:37:47.741643
0.7487159713546436,28568,19,1,0,-1,1,0.0,0.8,2025-Jan-29-17:37:47.848819
0.7487159713546436,28569,19,1,0,-1,1,0.0,0.8,2025-Jan-29-17:37:47.951636
0.7487159713546436,28570,19,1,0,-1,1,0.0,0.8,2025-Jan-29-17:37:48.027127
0.7487159713546436,28571,19,1,0,-1,1,0.0,0.8,2025-Jan-29-17:37:48.105608
1.0582554560838353,28572,1,1,1,1,0,0.6,0.0,2025-Jan-29-17:37:48.160859
0.7907983787624983,28573,15,1,0,0,-1,0.0,0.0,2025-Jan-29-17:37:48.240989
0.7907983787624983,28574,15,1,0,0,-1,0.0,0.0,2025-Jan-29-17:37:48.331166
0.7907983787624983,28575,15,1,0,0,-1,0.0,0.0,2025-Jan-29-17:37:48.418953
0.7907983787624983,28576,15,1,0,0,-1,0.0,0.0,2025-Jan-29-17:37:48.497859
0.7032548306826437,28577,0,1,0,-1,0,0.0,0.0,2025-Jan-29-17:37:48.557800
1.2032564062589408,28578,22,1,0,0,0,0.0,0.0,2025-Jan-29-17:37:48.618605
1.2032564062589408,28579,22,1,0,0,0,0.0,0.0,2025-Jan-29-17:37:48.703387
1.2032564062589408,28580,22,1,0,0,0,0.0,0.0,2025-Jan-29-17:37:48.796160
1.2032564062589408,28581,22,1,0,0,0,0.0,0.0,2025-Jan-29-17:37:48.899655
0.691367849309726,28582,25,1,0,-1,1,0.0,0.4,2025-Jan-29-17:37:48.962055
0.7487322891669068,28583,23,1,0,-1,0,0.0,0.0,2025-Jan-29-17:37:49.022162
1.2410870128463722,28584,22,1,0,-1,0,0.0,0.0,2025-Jan-29-17:37:49.108108
1.2410870128463722,28585,22,1,0,-1,0,0.0,0.0,2025-Jan-29-17:37:49.194141
1.2410870128463722,28586,22,1,0,-1,0,0.0,0.0,2025-Jan-29-17:37:49.279639
0.5756684862129525,28587,16,1,0,1,0,0.9,0.0,2025-Jan-29-17:37:49.339668
0.7032518165899636,28588,16,1,0,0,0,0.0,0.0,2025-Jan-29-17:37:49.399395
0.7032518156813519,28589,15,1,0,0,0,0.0,0.0,2025-Jan-29-17:37:49.459020
0.7032518165899636,28590,16,1,0,0,0,0.0,0.0,2025-Jan-29-17:37:49.518664
0.7032518165899636,28591,16,1,0,0,0,0.0,0.0,2025-Jan-29-17:37:49.578348
1.1882472830724475,28592,5,1,0,0,1,0.0,1.1,2025-Jan-29-17:37:49.656640
0.5756684860378309,28593,18,1,0,1,0,0.9,0.0,2025-Jan-29-17:37:49.760281
1.032305272112091,28594,17,1,0,1,0,1.1,0.0,2025-Jan-29-17:37:49.846731
1.032305272112091,28595,17,1,0,1,0,1.1,0.0,2025-Jan-29-17:37:49.907022
1.032305272112091,28596,17,1,0,1,0,1.1,0.0,2025-Jan-29-17:37:49.963899
1.5594064800371488,28597,14,1,1,1,-1,0.4,0.0,2025-Jan-29-17:37:50.020016
1.2032591597079545,28598,12,1,0,0,1,0.0,0.7000000000000001,2025-Jan-29-17:37:50.076890
1.2032591597079545,28599,12,1,0,0,1,0.0,0.7000000000000001,2025-Jan-29-17:37:50.135873
1.2032591597079545,28600,12,1,0,0,1,0.0,0.7000000000000001,2025-Jan-29-17:37:50.195799
1.2032591597079545,28601,12,1,0,0,1,0.0,0.7000000000000001,2025-Jan-29-17:37:50.252988
1.0757563449791854,28602,25,1,1,1,-1,0.6,0.0,2025-Jan-29-17:37:50.311152
1.188247294576375,28603,10,1,0,0,0,0.0,0.0,2025-Jan-29-17:37:50.368096
1.2032591688841716,28604,12,1,0,0,0,0.0,0.0,2025-Jan-29-17:37:50.424046
1.2032591688841716,28605,12,1,0,0,0,0.0,0.0,2025-Jan-29-17:37:50.481984
1.2032591688841716,28606,12,1,0,0,0,0.0,0.0,2025-Jan-29-17:37:50.537871
1.2032591688841716,28607,12,1,0,0,0,0.0,0.0,2025-Jan-29-17:37:50.611623
1.0123085959661533,28608,14,1,0,1,0,1.4000000000000001,0.0,2025-Jan-29-17:37:50.731106
1.0123085959661533,28609,14,1,0,1,0,1.4000000000000001,0.0,2025-Jan-29-17:37:50.835653
1.0123085959661533,28610,14,1,0,1,0,1.4000000000000001,0.0,2025-Jan-29-17:37:50.917896
1.0123085959661533,28611,14,1,0,1,0,1.4000000000000001,0.0,2025-Jan-29-17:37:50.998721
1.2032564061623827,28612,24,1,0,0,0,0.0,0.0,2025-Jan-29-17:37:51.055102
1.188247294787923,28613,17,1,0,0,0,0.0,0.0,2025-Jan-29-17:37:51.111790
1.188247294787923,28614,17,1,0,0,0,0.0,0.0,2025-Jan-29-17:37:51.167026
1.188247294787923,28615,17,1,0,0,0,0.0,0.0,2025-Jan-29-17:37:51.223243
1.188247294787923,28616,17,1,0,0,0,0.0,0.0,2025-Jan-29-17:37:51.279243
1.188247284720611,28617,4,1,0,1,-1,0.5,0.0,2025-Jan-29-17:37:51.336004
1.188247284621719,28618,5,1,0,0,1,0.0,0.1,2025-Jan-29-17:37:51.392525
1.188247284621719,28619,5,1,0,0,1,0.0,0.1,2025-Jan-29-17:37:51.448871
1.188247284621719,28620,5,1,0,0,1,0.0,0.1,2025-Jan-29-17:37:51.504472
1.188247284621719,28621,5,1,0,0,1,0.0,0.1,2025-Jan-29-17:37:51.576943
1.2908030295484636,28622,24,1,0,0,-1,0.0,0.0,2025-Jan-29-17:37:51.698223
0.7032518165836577,28623,13,1,0,0,0,0.0,0.0,2025-Jan-29-17:37:51.788545
1.1882472949161151,28624,14,1,0,0,0,0.0,0.0,2025-Jan-29-17:37:51.845717
1.1882472949161151,28625,14,1,0,0,0,0.0,0.0,2025-Jan-29-17:37:51.902683
1.1882472949161151,28626,14,1,0,0,0,0.0,0.0,2025-Jan-29-17:37:51.959012
0.8346185337565968,28627,25,1,0,-1,-1,0.0,0.0,2025-Jan-29-17:37:52.029195
1.1882472859601179,28628,11,1,0,0,1,0.0,0.6,2025-Jan-29-17:37:52.086912
1.1882472859601179,28629,11,1,0,0,1,0.0,0.6,2025-Jan-29-17:37:52.145581
1.1882472859601179,28630,11,1,0,0,1,0.0,0.6,2025-Jan-29-17:37:52.203040
1.1882472859601179,28631,11,1,0,0,1,0.0,0.6,2025-Jan-29-17:37:52.658127
1.002395729140717,28632,25,1,1,1,0,0.5,0.0,2025-Jan-29-17:37:52.747608
0.7032518164381372,28633,18,1,0,0,0,0.0,0.0,2025-Jan-29-17:37:52.833230
0.7032518165899636,28634,16,1,0,0,0,0.0,0.0,2025-Jan-29-17:37:52.885383
0.7032518165899636,28635,16,1,0,0,0,0.0,0.0,2025-Jan-29-17:37:52.936824
0.7032518165899636,28636,16,1,0,0,0,0.0,0.0,2025-Jan-29-17:37:52.989034
1.0619066497595968,28637,7,1,0,0,1,0.0,1.3000000000000003,2025-Jan-29-17:37:53.066254
1.1882472946247935,28638,4,1,0,0,0,0.0,0.0,2025-Jan-29-17:37:53.120159
1.1882472946247935,28639,4,1,0,0,0,0.0,0.0,2025-Jan-29-17:37:53.175221
1.1882472946247935,28640,4,1,0,0,0,0.0,0.0,2025-Jan-29-17:37:53.227293
1.1882472946247935,28641,4,1,0,0,0,0.0,0.0,2025-Jan-29-17:37:53.281777
1.0582554562304978,28642,0,1,1,1,0,0.9,0.0,2025-Jan-29-17:37:53.336325
1.1882472846200502,28643,4,1,0,0,1,0.0,1.2000000000000002,2025-Jan-29-17:37:53.389428
1.1882472846200502,28644,4,1,0,0,1,0.0,1.2000000000000002,2025-Jan-29-17:37:53.442023
1.1882472846200502,28645,4,1,0,0,1,0.0,1.2000000000000002,2025-Jan-29-17:37:53.494819
1.1882472846200502,28646,4,1,0,0,1,0.0,1.2000000000000002,2025-Jan-29-17:37:53.548512
0.7032518164381372,28647,18,1,0,0,0,0.0,0.0,2025-Jan-29-17:37:53.648916
0.7032518165899636,28648,16,1,0,0,0,0.0,0.0,2025-Jan-29-17:37:53.740575
0.7032518165899636,28649,16,1,0,0,0,0.0,0.0,2025-Jan-29-17:37:53.806812
0.7032518165899636,28650,16,1,0,0,0,0.0,0.0,2025-Jan-29-17:37:53.859192
0.7032518165899636,28651,16,1,0,0,0,0.0,0.0,2025-Jan-29-17:37:53.910903
1.188247294576375,28652,10,1,0,0,0,0.0,0.0,2025-Jan-29-17:37:53.964266
1.061901561116962,28653,14,1,0,0,1,0.0,1.6,2025-Jan-29-17:37:54.041201
1.0619049522511388,28654,14,1,0,0,1,0.0,1.4000000000000001,2025-Jan-29-17:37:54.123593
1.0619049522511388,28655,14,1,0,0,1,0.0,1.4000000000000001,2025-Jan-29-17:37:54.200772
1.0619049522511388,28656,14,1,0,0,1,0.0,1.4000000000000001,2025-Jan-29-17:37:54.278072
1.2409634112381016,28657,17,1,1,1,1,1.5000000000000002,1.8000000000000003,2025-Jan-29-17:37:54.377104
0.7182821637487402,28658,2,1,0,0,0,0.0,0.0,2025-Jan-29-17:37:54.418309
1.1882472946247935,28659,4,1,0,0,0,0.0,0.0,2025-Jan-29-17:37:54.471859
1.1882472946247935,28660,4,1,0,0,0,0.0,0.0,2025-Jan-29-17:37:54.524548
1.1882472946247935,28661,4,1,0,0,0,0.0,0.0,2025-Jan-29-17:37:54.598750
1.558257550300683,28662,9,1,1,-1,0,0.0,0.0,2025-Jan-29-17:37:54.688261
1.2032569081518871,28663,9,1,0,0,0,0.0,0.0,2025-Jan-29-17:37:54.770555
1.2032569081518871,28664,9,1,0,0,0,0.0,0.0,2025-Jan-29-17:37:54.822998
1.2032569081518871,28665,9,1,0,0,0,0.0,0.0,2025-Jan-29-17:37:54.875209
1.2032569081518871,28666,9,1,0,0,0,0.0,0.0,2025-Jan-29-17:37:54.927528
1.1037329291610902,28667,25,1,1,-1,0,0.0,0.0,2025-Jan-29-17:37:54.981595
1.241089522048855,28668,20,1,0,-1,0,0.0,0.0,2025-Jan-29-17:37:55.057110
0.7561023662558681,28669,19,1,0,-1,0,0.0,0.0,2025-Jan-29-17:37:55.111982
1.2248933161499889,28670,17,1,0,-1,0,0.0,0.0,2025-Jan-29-17:37:55.188361
1.2248933161499889,28671,17,1,0,-1,0,0.0,0.0,2025-Jan-29-17:37:55.266374
1.1882472843030716,28672,11,1,0,0,1,0.0,0.2,2025-Jan-29-17:37:55.319926
1.2908061561708264,28673,20,1,0,0,-1,0.0,0.0,2025-Jan-29-17:37:55.395380
0.7182729400006294,28674,19,1,0,0,-1,0.0,0.0,2025-Jan-29-17:37:55.436977
1.2489819395329602,28675,17,1,0,0,-1,0.0,0.0,2025-Jan-29-17:37:55.490170
1.2489819395329602,28676,17,1,0,0,-1,0.0,0.0,2025-Jan-29-17:37:55.543802
1.1882472948240612,28677,5,1,0,0,0,0.0,0.0,2025-Jan-29-17:37:55.613436
0.8058190915727348,28678,3,1,0,0,-1,0.0,0.0,2025-Jan-29-17:37:55.701708
1.1882472985320298,28679,5,1,0,0,-1,0.0,0.0,2025-Jan-29-17:37:55.785086
1.1882472985320298,28680,5,1,0,0,-1,0.0,0.0,2025-Jan-29-17:37:55.837723
1.1882472985320298,28681,5,1,0,0,-1,0.0,0.0,2025-Jan-29-17:37:55.891503
1.558257046225748,28682,24,1,1,0,0,0.0,0.0,2025-Jan-29-17:37:55.944405
1.1882472706211313,28683,4,1,0,1,1,1.3000000000000003,1.6,2025-Jan-29-17:37:55.998426
1.1882472706211313,28684,4,1,0,1,1,1.3000000000000003,1.6,2025-Jan-29-17:37:56.053156
1.1882472706211313,28685,4,1,0,1,1,1.3000000000000003,1.6,2025-Jan-29-17:37:56.110668
1.1882472706211313,28686,4,1,0,1,1,1.3000000000000003,1.6,2025-Jan-29-17:37:56.165174
1.2032563926316486,28687,22,1,0,0,1,0.0,1.1,2025-Jan-29-17:37:56.219626
1.203259173061556,28688,12,1,0,0,-1,0.0,0.0,2025-Jan-29-17:37:56.274549
0.7032518199523472,28689,13,1,0,0,-1,0.0,0.0,2025-Jan-29-17:37:56.326586
0.7907983787624983,28690,15,1,0,0,-1,0.0,0.0,2025-Jan-29-17:37:56.402430
0.7907983787624983,28691,15,1,0,0,-1,0.0,0.0,2025-Jan-29-17:37:56.478282
1.2032591688378944,28692,20,1,0,0,0,0.0,0.0,2025-Jan-29-17:37:56.531159
1.2248933161499889,28693,17,1,0,-1,0,0.0,0.0,2025-Jan-29-17:37:56.631596
1.2248933161499889,28694,17,1,0,-1,0,0.0,0.0,2025-Jan-29-17:37:56.741101
1.2248933161499889,28695,17,1,0,-1,0,0.0,0.0,2025-Jan-29-17:37:56.819969
1.2248933161499889,28696,17,1,0,-1,0,0.0,0.0,2025-Jan-29-17:37:56.896100
0.8247332674916161,28697,18,1,0,-1,-1,0.0,0.0,2025-Jan-29-17:37:56.993823
0.6330666793506053,28698,21,1,0,0,1,0.0,0.6,2025-Jan-29-17:37:57.034479
1.132273341813606,28699,20,1,0,0,1,0.0,0.5,2025-Jan-29-17:37:57.089069
1.132273341813606,28700,20,1,0,0,1,0.0,0.5,2025-Jan-29-17:37:57.142817
1.132273341813606,28701,20,1,0,0,1,0.0,0.5,2025-Jan-29-17:37:57.196277
1.188247294787923,28702,17,1,0,0,0,0.0,0.0,2025-Jan-29-17:37:57.248695
0.6180427661958179,28703,18,1,0,0,1,0.0,0.6,2025-Jan-29-17:37:57.302537
1.117259273069625,28704,17,1,0,0,1,0.0,0.5,2025-Jan-29-17:37:57.354137
1.117259273069625,28705,17,1,0,0,1,0.0,0.5,2025-Jan-29-17:37:57.406713
1.117259273069625,28706,17,1,0,0,1,0.0,0.5,2025-Jan-29-17:37:57.458722
1.076925967611942,28707,20,1,0,0,1,0.0,1.1,2025-Jan-29-17:37:57.534316
0.7182821549411513,28708,2,1,0,1,-1,1.4000000000000001,0.0,2025-Jan-29-17:37:57.594885
1.188247283220778,28709,5,1,0,1,-1,1.4000000000000001,0.0,2025-Jan-29-17:37:57.684509
1.188247283220778,28710,5,1,0,1,-1,1.4000000000000001,0.0,2025-Jan-29-17:37:57.768783
1.188247283220778,28711,5,1,0,1,-1,1.4000000000000001,0.0,2025-Jan-29-17:37:57.821918
1.1882472995691167,28712,5,1,0,-1,-1,0.0,0.0,2025-Jan-29-17:37:57.875050
1.1882472870459375,28713,5,1,0,-1,1,0.0,0.4,2025-Jan-29-17:37:57.927853
1.1882472870459375,28714,5,1,0,-1,1,0.0,0.4,2025-Jan-29-17:37:57.981318
1.1882472870459375,28715,5,1,0,-1,1,0.0,0.4,2025-Jan-29-17:37:58.034939
1.1882472870459375,28716,5,1,0,-1,1,0.0,0.4,2025-Jan-29-17:37:58.091234
1.4447456983089986,28717,24,1,1,1,1,0.30000000000000004,0.5,2025-Jan-29-17:37:58.143729
0.7368074537788192,28718,16,1,0,-1,0,0.0,0.0,2025-Jan-29-17:37:58.218736
0.7368074537788192,28719,16,1,0,-1,0,0.0,0.0,2025-Jan-29-17:37:58.295038
0.7368074537788192,28720,16,1,0,-1,0,0.0,0.0,2025-Jan-29-17:37:58.369495
0.7368074537788192,28721,16,1,0,-1,0,0.0,0.0,2025-Jan-29-17:37:58.443537
1.07327356469504,28722,19,1,1,0,1,0.0,0.5,2025-Jan-29-17:37:58.496889
1.1882472949645337,28723,7,1,0,0,0,0.0,0.0,2025-Jan-29-17:37:58.569196
1.2032569081518871,28724,9,1,0,0,0,0.0,0.0,2025-Jan-29-17:37:58.660588
1.2032569081518871,28725,9,1,0,0,0,0.0,0.0,2025-Jan-29-17:37:58.745152
1.2032569081518871,28726,9,1,0,0,0,0.0,0.0,2025-Jan-29-17:37:58.812800
1.2260787273316933,28727,11,1,0,-1,0,0.0,0.0,2025-Jan-29-17:37:58.892828
1.2032564083456423,28728,22,1,0,0,-1,0.0,0.0,2025-Jan-29-17:37:58.945096
1.2908061561708264,28729,20,1,0,0,-1,0.0,0.0,2025-Jan-29-17:37:59.022657
1.2908061561708264,28730,20,1,0,0,-1,0.0,0.0,2025-Jan-29-17:37:59.097798
1.2908061561708264,28731,20,1,0,0,-1,0.0,0.0,2025-Jan-29-17:37:59.173543
1.0582554687157577,28732,1,1,1,0,0,0.0,0.0,2025-Jan-29-17:37:59.226557
1.2032568999582245,28733,6,1,0,-1,1,0.0,1.0,2025-Jan-29-17:37:59.281533
1.2032568999582245,28734,6,1,0,-1,1,0.0,1.0,2025-Jan-29-17:37:59.334189
1.2032568999582245,28735,6,1,0,-1,1,0.0,1.0,2025-Jan-29-17:37:59.386963
1.2032568999582245,28736,6,1,0,-1,1,0.0,1.0,2025-Jan-29-17:37:59.440230
1.0440730026803293,28737,15,1,1,0,1,0.0,0.1,2025-Jan-29-17:37:59.493147
0.7182821637487402,28738,2,1,0,0,0,0.0,0.0,2025-Jan-29-17:37:59.535287
0.7182821637487402,28739,2,1,0,0,0,0.0,0.0,2025-Jan-29-17:37:59.860477
0.7182821637487402,28740,2,1,0,0,0,0.0,0.0,2025-Jan-29-17:37:59.935302
0.7182821637487402,28741,2,1,0,0,0,0.0,0.0,2025-Jan-29-17:38:00.004965
1.5432479348916575,28742,7,1,1,0,0,0.0,0.0,2025-Jan-29-17:38:00.080910
1.188247294787923,28743,17,1,0,0,0,0.0,0.0,2025-Jan-29-17:38:00.134220
1.188247294787923,28744,17,1,0,0,0,0.0,0.0,2025-Jan-29-17:38:00.187500
1.188247294787923,28745,17,1,0,0,0,0.0,0.0,2025-Jan-29-17:38:00.240728
1.188247294787923,28746,17,1,0,0,0,0.0,0.0,2025-Jan-29-17:38:00.295800
0.7368074537788192,28747,16,1,0,-1,0,0.0,0.0,2025-Jan-29-17:38:00.373175
0.7182729372290622,28748,19,1,0,0,0,0.0,0.0,2025-Jan-29-17:38:00.415503
0.7032518164381372,28749,18,1,0,0,0,0.0,0.0,2025-Jan-29-17:38:00.467792
1.188247294787923,28750,17,1,0,0,0,0.0,0.0,2025-Jan-29-17:38:00.521117
1.188247294787923,28751,17,1,0,0,0,0.0,0.0,2025-Jan-29-17:38:00.576237
0.7032518190940896,28752,16,1,0,0,-1,0.0,0.0,2025-Jan-29-17:38:00.629267
1.1030352090704203,28753,17,1,0,0,1,0.0,0.6,2025-Jan-29-17:38:00.681499
1.1030352090704203,28754,17,1,0,0,1,0.0,0.6,2025-Jan-29-17:38:00.734591
1.1030352090704203,28755,17,1,0,0,1,0.0,0.6,2025-Jan-29-17:38:00.788541
1.1030352090704203,28756,17,1,0,0,1,0.0,0.6,2025-Jan-29-17:38:00.843127
1.500681578881629,28757,7,1,1,0,1,0.0,0.30000000000000004,2025-Jan-29-17:38:00.911438
1.1882472801501125,28758,5,1,0,1,0,0.5,0.0,2025-Jan-29-17:38:01.007395
1.1882472795090258,28759,7,1,0,1,0,0.6,0.0,2025-Jan-29-17:38:01.092060
1.188247280954211,28760,8,1,0,1,0,0.7000000000000001,0.0,2025-Jan-29-17:38:01.157034
1.188247280954211,28761,8,1,0,1,0,0.7000000000000001,0.0,2025-Jan-29-17:38:01.222312
1.1882472798102492,28762,5,1,0,1,0,1.5000000000000002,0.0,2025-Jan-29-17:38:01.286652
1.2032564062589408,28763,22,1,0,0,0,0.0,0.0,2025-Jan-29-17:38:01.349814
1.2032591688378944,28764,20,1,0,0,0,0.0,0.0,2025-Jan-29-17:38:01.413748
1.2032591688378944,28765,20,1,0,0,0,0.0,0.0,2025-Jan-29-17:38:01.477623
1.2032591688378944,28766,20,1,0,0,0,0.0,0.0,2025-Jan-29-17:38:01.540749
0.7182821504752943,28767,2,1,0,0,1,0.0,0.7000000000000001,2025-Jan-29-17:38:01.604380
1.0123088860625928,28768,11,1,0,1,-1,1.5000000000000002,0.0,2025-Jan-29-17:38:01.691746
1.0123088860625928,28769,11,1,0,1,-1,1.5000000000000002,0.0,2025-Jan-29-17:38:01.772134
1.0123088860625928,28770,11,1,0,1,-1,1.5000000000000002,0.0,2025-Jan-29-17:38:01.864238
1.0123088860625928,28771,11,1,0,1,-1,1.5000000000000002,0.0,2025-Jan-29-17:38:01.976206
1.1882472949645337,28772,7,1,0,0,0,0.0,0.0,2025-Jan-29-17:38:02.062478
0.6709523643376272,28773,21,1,0,-1,1,0.0,0.6,2025-Jan-29-17:38:02.143169
0.7561023535097391,28774,19,1,0,-1,1,0.0,0.5,2025-Jan-29-17:38:02.219278
0.7561023535097391,28775,19,1,0,-1,1,0.0,0.5,2025-Jan-29-17:38:02.293875
0.7561023535097391,28776,19,1,0,-1,1,0.0,0.5,2025-Jan-29-17:38:02.370557
1.558257046225748,28777,24,1,1,0,0,0.0,0.0,2025-Jan-29-17:38:02.425406
0.7032518199523472,28778,13,1,0,0,-1,0.0,0.0,2025-Jan-29-17:38:02.479494
0.7032518199523472,28779,13,1,0,0,-1,0.0,0.0,2025-Jan-29-17:38:02.532602
0.7032518199523472,28780,13,1,0,0,-1,0.0,0.0,2025-Jan-29-17:38:02.586226
0.7032518199523472,28781,13,1,0,0,-1,0.0,0.0,2025-Jan-29-17:38:02.639272
1.1882472949161151,28782,14,1,0,0,0,0.0,0.0,2025-Jan-29-17:38:02.691515
1.2032564062589408,28783,22,1,0,0,0,0.0,0.0,2025-Jan-29-17:38:02.744792
0.7182729370721538,28784,21,1,0,0,0,0.0,0.0,2025-Jan-29-17:38:02.787125
1.2032591688378944,28785,20,1,0,0,0,0.0,0.0,2025-Jan-29-17:38:02.838886
1.2032591688378944,28786,20,1,0,0,0,0.0,0.0,2025-Jan-29-17:38:02.891125
1.1608197316602218,28787,3,1,1,0,-1,0.0,0.0,2025-Jan-29-17:38:02.944660
1.1882472789757579,28788,7,1,0,1,0,1.6,0.0,2025-Jan-29-17:38:03.012571
1.203256894299737,28789,9,1,0,1,0,1.6,0.0,2025-Jan-29-17:38:03.092856
1.203256894299737,28790,9,1,0,1,0,1.6,0.0,2025-Jan-29-17:38:03.184608
1.203256894299737,28791,9,1,0,1,0,1.6,0.0,2025-Jan-29-17:38:03.238351
1.1882472999269158,28792,10,1,0,0,-1,0.0,0.0,2025-Jan-29-17:38:03.292607
1.1915740160850086,28793,20,1,0,1,-1,0.7000000000000001,0.0,2025-Jan-29-17:38:03.368540
0.604870641078234,28794,19,1,0,1,-1,0.8,0.0,2025-Jan-29-17:38:03.410323
0.6490344091755981,28795,18,1,0,1,-1,1.0,0.0,2025-Jan-29-17:38:03.485797
0.6490344091755981,28796,18,1,0,1,-1,1.0,0.0,2025-Jan-29-17:38:03.562146
1.1458010749686394,28797,1,1,1,0,-1,0.0,0.0,2025-Jan-29-17:38:03.637516
1.2624550899145415,28798,20,1,0,1,-1,0.2,0.0,2025-Jan-29-17:38:03.712538
1.2624550899145415,28799,20,1,0,1,-1,0.2,0.0,2025-Jan-29-17:38:03.787211
1.2624550899145415,28800,20,1,0,1,-1,0.2,0.0,2025-Jan-29-17:38:03.863394
1.2624550899145415,28801,20,1,0,1,-1,0.2,0.0,2025-Jan-29-17:38:03.939247
1.0732828067797704,28802,2,1,1,-1,0,0.0,0.0,2025-Jan-29-17:38:03.980268
1.2410895125736618,28803,12,1,0,-1,1,0.0,1.2000000000000002,2025-Jan-29-17:38:04.076221
0.7410823663042949,28804,13,1,0,-1,1,0.0,1.0,2025-Jan-29-17:38:04.191359
1.0997488866957883,28805,14,1,0,-1,1,0.0,0.9,2025-Jan-29-17:38:04.310518
1.0997488866957883,28806,14,1,0,-1,1,0.0,0.9,2025-Jan-29-17:38:04.419774
1.4440148227799576,28807,17,1,1,1,0,0.7000000000000001,0.0,2025-Jan-29-17:38:04.475168
0.5473144613186303,28808,16,1,0,1,0,1.1,0.0,2025-Jan-29-17:38:04.527871
0.5331371489605592,28809,16,1,0,1,0,1.2000000000000002,0.0,2025-Jan-29-17:38:04.579470
0.5273184292833986,28810,16,1,0,1,0,1.3000000000000003,0.0,2025-Jan-29-17:38:04.658029
0.5273187257864819,28811,16,1,0,1,0,1.4000000000000001,0.0,2025-Jan-29-17:38:04.732899
1.0732735771638882,28812,21,1,1,0,0,0.0,0.0,2025-Jan-29-17:38:04.776303
1.188247286403628,28813,4,1,0,-1,1,0.0,0.30000000000000004,2025-Jan-29-17:38:04.830172
1.188247286403628,28814,4,1,0,-1,1,0.0,0.30000000000000004,2025-Jan-29-17:38:04.883536
1.188247286403628,28815,4,1,0,-1,1,0.0,0.30000000000000004,2025-Jan-29-17:38:04.940727
1.188247286403628,28816,4,1,0,-1,1,0.0,0.30000000000000004,2025-Jan-29-17:38:04.995209
0.7907983793815168,28817,18,1,0,0,-1,0.0,0.0,2025-Jan-29-17:38:05.085625
0.7182821509245818,28818,2,1,0,1,0,0.6,0.0,2025-Jan-29-17:38:05.173280
1.1882472795611234,28819,4,1,0,1,0,0.7000000000000001,0.0,2025-Jan-29-17:38:05.259326
1.1882472795611234,28820,4,1,0,1,0,0.7000000000000001,0.0,2025-Jan-29-17:38:05.323958
1.1882472795611234,28821,4,1,0,1,0,0.7000000000000001,0.0,2025-Jan-29-17:38:05.388353
0.7182729372290622,28822,19,1,0,0,0,0.0,0.0,2025-Jan-29-17:38:05.439383
0.7182821666823194,28823,2,1,0,-1,0,0.0,0.0,2025-Jan-29-17:38:05.489424
0.7182821666823194,28824,2,1,0,-1,0,0.0,0.0,2025-Jan-29-17:38:05.538161
0.7182821666823194,28825,2,1,0,-1,0,0.0,0.0,2025-Jan-29-17:38:05.584829
0.7182821666823194,28826,2,1,0,-1,0,0.0,0.0,2025-Jan-29-17:38:05.631220
1.1882472960016206,28827,7,1,0,-1,0,0.0,0.0,2025-Jan-29-17:38:05.690800
1.2368155558348057,28828,22,1,0,-1,1,0.0,0.30000000000000004,2025-Jan-29-17:38:06.104829
1.2368155558348057,28829,22,1,0,-1,1,0.0,0.30000000000000004,2025-Jan-29-17:38:06.262583
1.2368155558348057,28830,22,1,0,-1,1,0.0,0.30000000000000004,2025-Jan-29-17:38:06.349377
1.2368155558348057,28831,22,1,0,-1,1,0.0,0.30000000000000004,2025-Jan-29-17:38:06.433474
1.6039825721091445,28832,8,1,1,1,-1,0.8,0.0,2025-Jan-29-17:38:06.491990
0.5614915735337499,28833,16,1,0,1,0,1.0,0.0,2025-Jan-29-17:38:06.548687
0.5473144613186303,28834,16,1,0,1,0,1.1,0.0,2025-Jan-29-17:38:06.604447
0.5331371489605592,28835,16,1,0,1,0,1.2000000000000002,0.0,2025-Jan-29-17:38:06.661794
0.5273184292833986,28836,16,1,0,1,0,1.3000000000000003,0.0,2025-Jan-29-17:38:06.743878
1.0543565869832716,28837,25,1,1,-1,1,0.0,0.4,2025-Jan-29-17:38:06.801938
1.203256897869611,28838,6,1,0,0,1,0.0,1.0,2025-Jan-29-17:38:06.857766
1.203256897869611,28839,6,1,0,0,1,0.0,1.0,2025-Jan-29-17:38:06.913574
1.203256897869611,28840,6,1,0,0,1,0.0,1.0,2025-Jan-29-17:38:06.971819
1.203256897869611,28841,6,1,0,0,1,0.0,1.0,2025-Jan-29-17:38:07.033376
0.7561001531834526,28842,25,1,0,-1,0,0.0,0.0,2025-Jan-29-17:38:07.125955
1.1932607570716447,28843,14,1,0,1,-1,0.5,0.0,2025-Jan-29-17:38:07.228118
1.1709693185245031,28844,14,1,0,1,-1,0.7000000000000001,0.0,2025-Jan-29-17:38:07.324281
0.6773887732341414,28845,15,1,0,1,-1,0.8,0.0,2025-Jan-29-17:38:07.410897
0.6490344088184562,28846,15,1,0,1,-1,1.0,0.0,2025-Jan-29-17:38:07.496621
0.9319191871901727,28847,1,1,1,0,1,0.0,1.4000000000000001,2025-Jan-29-17:38:07.581969
0.6332194110175761,28848,23,1,0,1,-1,0.6,0.0,2025-Jan-29-17:38:07.631203
1.1040261470088772,28849,22,1,0,1,-1,0.7000000000000001,0.0,2025-Jan-29-17:38:07.690073
1.1040261470088772,28850,22,1,0,1,-1,0.7000000000000001,0.0,2025-Jan-29-17:38:07.749657
1.1040261470088772,28851,22,1,0,1,-1,0.7000000000000001,0.0,2025-Jan-29-17:38:07.810928
1.1038149733528675,28852,9,1,0,0,1,0.0,0.7000000000000001,2025-Jan-29-17:38:07.871824
0.7032518165836577,28853,13,1,0,0,0,0.0,0.0,2025-Jan-29-17:38:07.932816
1.1882472949161151,28854,14,1,0,0,0,0.0,0.0,2025-Jan-29-17:38:07.994942
1.1882472949161151,28855,14,1,0,0,0,0.0,0.0,2025-Jan-29-17:38:08.078214
1.1882472949161151,28856,14,1,0,0,0,0.0,0.0,2025-Jan-29-17:38:08.189782
1.073282807030362,28857,2,1,1,0,-1,0.0,0.0,2025-Jan-29-17:38:08.275995
1.2032564062589408,28858,22,1,0,0,0,0.0,0.0,2025-Jan-29-17:38:08.335124
1.2032564062589408,28859,22,1,0,0,0,0.0,0.0,2025-Jan-29-17:38:08.387943
1.2032564062589408,28860,22,1,0,0,0,0.0,0.0,2025-Jan-29-17:38:08.440450
1.2032564062589408,28861,22,1,0,0,0,0.0,0.0,2025-Jan-29-17:38:08.499272
1.2260787273316933,28862,11,1,0,-1,0,0.0,0.0,2025-Jan-29-17:38:08.585237
1.1882472852397092,28863,5,1,0,1,-1,0.5,0.0,2025-Jan-29-17:38:08.641724
1.1882472852397092,28864,5,1,0,1,-1,0.5,0.0,2025-Jan-29-17:38:08.695966
1.1882472852397092,28865,5,1,0,1,-1,0.5,0.0,2025-Jan-29-17:38:08.749002
1.1882472852397092,28866,5,1,0,1,-1,0.5,0.0,2025-Jan-29-17:38:08.803623
0.7182821504752943,28867,2,1,0,0,1,0.0,0.7000000000000001,2025-Jan-29-17:38:08.855075
1.2032564083456423,28868,22,1,0,0,-1,0.0,0.0,2025-Jan-29-17:38:08.906463
0.8058118288977956,28869,21,1,0,0,-1,0.0,0.0,2025-Jan-29-17:38:08.959775
1.2908061561708264,28870,20,1,0,0,-1,0.0,0.0,2025-Jan-29-17:38:09.034693
1.2908061561708264,28871,20,1,0,0,-1,0.0,0.0,2025-Jan-29-17:38:09.134490
1.203256898648446,28872,6,1,0,0,1,0.0,1.8000000000000003,2025-Jan-29-17:38:09.224853
0.7561001563468996,28873,23,1,0,-1,-1,0.0,0.0,2025-Jan-29-17:38:09.311780
1.2410870147976323,28874,22,1,0,-1,-1,0.0,0.0,2025-Jan-29-17:38:09.390957
1.2410870147976323,28875,22,1,0,-1,-1,0.0,0.0,2025-Jan-29-17:38:09.470951
1.2410870147976323,28876,22,1,0,-1,-1,0.0,0.0,2025-Jan-29-17:38:09.550464
1.174067314024453,28877,8,1,0,1,1,0.6,0.1,2025-Jan-29-17:38:09.606458
0.633219407528696,28878,23,1,0,1,0,0.6,0.0,2025-Jan-29-17:38:09.651114
1.1040261445487705,28879,22,1,0,1,0,0.7000000000000001,0.0,2025-Jan-29-17:38:09.706113
1.1040261445487705,28880,22,1,0,1,0,0.7000000000000001,0.0,2025-Jan-29-17:38:09.762182
1.1040261445487705,28881,22,1,0,1,0,0.7000000000000001,0.0,2025-Jan-29-17:38:09.817468
1.241086998992257,28882,22,1,0,-1,1,0.0,0.8,2025-Jan-29-17:38:09.896851
1.0619100487464699,28883,8,1,0,0,1,0.0,1.1,2025-Jan-29-17:38:09.977094
1.0619100487464699,28884,8,1,0,0,1,0.0,1.1,2025-Jan-29-17:38:10.068937
1.0619100487464699,28885,8,1,0,0,1,0.0,1.1,2025-Jan-29-17:38:10.192630
1.0619100487464699,28886,8,1,0,0,1,0.0,1.1,2025-Jan-29-17:38:10.308710
1.1882472870459375,28887,5,1,0,-1,1,0.0,0.4,2025-Jan-29-17:38:10.366572
0.7182821508486595,28888,2,1,0,1,0,0.9,0.0,2025-Jan-29-17:38:10.423118
1.1882472799048203,28889,4,1,0,1,0,1.0,0.0,2025-Jan-29-17:38:10.479855
1.1882472799048203,28890,4,1,0,1,0,1.0,0.0,2025-Jan-29-17:38:10.537710
1.1882472799048203,28891,4,1,0,1,0,1.0,0.0,2025-Jan-29-17:38:10.595898
1.2032591595290176,28892,12,1,0,0,1,0.0,1.3000000000000003,2025-Jan-29-17:38:10.652313
1.188247294787923,28893,17,1,0,0,0,0.0,0.0,2025-Jan-29-17:38:10.708581
1.188247294787923,28894,17,1,0,0,0,0.0,0.0,2025-Jan-29-17:38:10.764822
1.188247294787923,28895,17,1,0,0,0,0.0,0.0,2025-Jan-29-17:38:10.820527
1.188247294787923,28896,17,1,0,0,0,0.0,0.0,2025-Jan-29-17:38:10.882625
1.4448502434963477,28897,24,1,1,1,0,0.8,0.0,2025-Jan-29-17:38:10.941067
1.1882472947756426,28898,11,1,0,0,0,0.0,0.0,2025-Jan-29-17:38:10.998538
1.1882472947756426,28899,11,1,0,0,0,0.0,0.0,2025-Jan-29-17:38:11.076497
1.1882472947756426,28900,11,1,0,0,0,0.0,0.0,2025-Jan-29-17:38:11.179249
1.1882472947756426,28901,11,1,0,0,0,0.0,0.0,2025-Jan-29-17:38:11.266555
1.1111007799964983,28902,23,1,1,-1,1,0.0,0.4,2025-Jan-29-17:38:11.363029
0.5273190113939147,28903,16,1,0,1,1,1.5000000000000002,1.6,2025-Jan-29-17:38:11.444843
0.5273190103626836,28904,16,1,0,1,1,1.5000000000000002,1.4000000000000001,2025-Jan-29-17:38:11.529728
0.5273190103383776,28905,16,1,0,1,1,1.5000000000000002,1.2000000000000002,2025-Jan-29-17:38:11.615385
0.527319011514922,28906,16,1,0,1,1,1.5000000000000002,1.0,2025-Jan-29-17:38:11.701410
1.0732828038461912,28907,2,1,1,0,0,0.0,0.0,2025-Jan-29-17:38:11.748949
1.2260787269075122,28908,10,1,0,-1,0,0.0,0.0,2025-Jan-29-17:38:11.830966
1.2260787273316933,28909,11,1,0,-1,0,0.0,0.0,2025-Jan-29-17:38:11.916937
1.2260787273316933,28910,11,1,0,-1,0,0.0,0.0,2025-Jan-29-17:38:12.000921
1.2260787273316933,28911,11,1,0,-1,0,0.0,0.0,2025-Jan-29-17:38:12.116816
0.9595946215769836,28912,21,1,1,0,1,0.0,0.8,2025-Jan-29-17:38:12.196517
0.7487322891669068,28913,23,1,0,-1,0,0.0,0.0,2025-Jan-29-17:38:12.277765
1.2410870128463722,28914,22,1,0,-1,0,0.0,0.0,2025-Jan-29-17:38:12.353831
1.2410870128463722,28915,22,1,0,-1,0,0.0,0.0,2025-Jan-29-17:38:12.433776
1.2410870128463722,28916,22,1,0,-1,0,0.0,0.0,2025-Jan-29-17:38:12.520492
1.5432479401188743,28917,4,1,1,0,-1,0.0,0.0,2025-Jan-29-17:38:12.577804
1.1882472843030716,28918,11,1,0,0,1,0.0,0.2,2025-Jan-29-17:38:12.631492
1.1882472843030716,28919,11,1,0,0,1,0.0,0.2,2025-Jan-29-17:38:12.684585
1.1882472843030716,28920,11,1,0,0,1,0.0,0.2,2025-Jan-29-17:38:12.738286
1.1882472843030716,28921,11,1,0,0,1,0.0,0.2,2025-Jan-29-17:38:12.790997
1.1457990194326042,28922,18,1,1,0,-1,0.0,0.0,2025-Jan-29-17:38:12.865932
1.203256908176808,28923,6,1,0,0,0,0.0,0.0,2025-Jan-29-17:38:12.918395
1.203256908176808,28924,6,1,0,0,0,0.0,0.0,2025-Jan-29-17:38:12.975499
1.203256908176808,28925,6,1,0,0,0,0.0,0.0,2025-Jan-29-17:38:13.037488
1.203256908176808,28926,6,1,0,0,0,0.0,0.0,2025-Jan-29-17:38:13.117567
1.416897112120123,28927,8,1,1,1,1,1.7000000000000002,1.9000000000000001,2025-Jan-29-17:38:13.250455
1.2032564062589408,28928,22,1,0,0,0,0.0,0.0,2025-Jan-29-17:38:13.321714
0.7182729370721538,28929,21,1,0,0,0,0.0,0.0,2025-Jan-29-17:38:13.789095
0.7182729372290622,28930,19,1,0,0,0,0.0,0.0,2025-Jan-29-17:38:13.837864
0.7182729372290622,28931,19,1,0,0,0,0.0,0.0,2025-Jan-29-17:38:13.884286
1.0582554687157577,28932,1,1,1,0,0,0.0,0.0,2025-Jan-29-17:38:13.940585
1.0769293578366452,28933,20,1,0,0,1,0.0,0.9,2025-Jan-29-17:38:14.020845
0.7182729247338491,28934,19,1,0,0,1,0.0,0.8,2025-Jan-29-17:38:14.092266
0.6038103764279443,28935,18,1,0,0,1,0.0,0.7000000000000001,2025-Jan-29-17:38:14.191148
1.117259273069625,28936,17,1,0,0,1,0.0,0.5,2025-Jan-29-17:38:14.288083
1.0619083484986898,28937,14,1,0,0,1,0.0,1.2000000000000002,2025-Jan-29-17:38:14.373126
0.7182729372290622,28938,19,1,0,0,0,0.0,0.0,2025-Jan-29-17:38:14.422543
0.7032518164381372,28939,18,1,0,0,0,0.0,0.0,2025-Jan-29-17:38:14.480053
0.7032518164381372,28940,18,1,0,0,0,0.0,0.0,2025-Jan-29-17:38:14.539049
0.7032518164381372,28941,18,1,0,0,0,0.0,0.0,2025-Jan-29-17:38:14.595543
0.8346185337565968,28942,25,1,0,-1,-1,0.0,0.0,2025-Jan-29-17:38:14.666091
1.279061084743914,28943,17,1,0,-1,-1,0.0,0.0,2025-Jan-29-17:38:14.746998
1.279061084743914,28944,17,1,0,-1,-1,0.0,0.0,2025-Jan-29-17:38:14.825889
1.279061084743914,28945,17,1,0,-1,-1,0.0,0.0,2025-Jan-29-17:38:14.905462
1.279061084743914,28946,17,1,0,-1,-1,0.0,0.0,2025-Jan-29-17:38:14.988230
1.1457990194326042,28947,18,1,1,0,-1,0.0,0.0,2025-Jan-29-17:38:15.094265
0.7032518165899636,28948,16,1,0,0,0,0.0,0.0,2025-Jan-29-17:38:15.208771
0.7032518156813519,28949,15,1,0,0,0,0.0,0.0,2025-Jan-29-17:38:15.305352
0.7032518165899636,28950,16,1,0,0,0,0.0,0.0,2025-Jan-29-17:38:15.367681
0.7032518165899636,28951,16,1,0,0,0,0.0,0.0,2025-Jan-29-17:38:15.428929
1.5582575482556265,28952,6,1,1,0,0,0.0,0.0,2025-Jan-29-17:38:15.489807
0.7182729250241631,28953,19,1,0,0,1,0.0,0.9,2025-Jan-29-17:38:15.550119
0.6038103764279443,28954,18,1,0,0,1,0.0,0.7000000000000001,2025-Jan-29-17:38:15.611022
1.1030352090704203,28955,17,1,0,0,1,0.0,0.6,2025-Jan-29-17:38:15.672443
1.1030352090704203,28956,17,1,0,0,1,0.0,0.6,2025-Jan-29-17:38:15.734812
1.074560599031484,28957,7,1,0,1,1,0.4,0.8,2025-Jan-29-17:38:15.790858
1.2489819411615124,28958,7,1,0,-1,-1,0.0,0.0,2025-Jan-29-17:38:15.845204
1.2489819411615124,28959,7,1,0,-1,-1,0.0,0.0,2025-Jan-29-17:38:15.898562
1.2489819411615124,28960,7,1,0,-1,-1,0.0,0.0,2025-Jan-29-17:38:15.953205
1.2489819411615124,28961,7,1,0,-1,-1,0.0,0.0,2025-Jan-29-17:38:16.007244
1.2032569009366834,28962,6,1,0,-1,1,0.0,1.3000000000000003,2025-Jan-29-17:38:16.074051
1.1465545658592264,28963,22,1,0,1,1,0.4,0.4,2025-Jan-29-17:38:16.168156
0.5764540965207305,28964,21,1,0,1,1,0.6,0.4,2025-Jan-29-17:38:16.248421
1.0614650771048104,28965,20,1,0,1,1,0.7000000000000001,0.30000000000000004,2025-Jan-29-17:38:16.315925
1.0614650771048104,28966,20,1,0,1,1,0.7000000000000001,0.30000000000000004,2025-Jan-29-17:38:16.368638
0.6348569284674086,28967,15,1,0,1,-1,1.1,0.0,2025-Jan-29-17:38:16.444264
1.1314745159696225,28968,17,1,0,0,1,0.0,0.4,2025-Jan-29-17:38:16.498217
1.1314745159696225,28969,17,1,0,0,1,0.0,0.4,2025-Jan-29-17:38:16.551754
1.1314745159696225,28970,17,1,0,0,1,0.0,0.4,2025-Jan-29-17:38:16.603903
1.1314745159696225,28971,17,1,0,0,1,0.0,0.4,2025-Jan-29-17:38:16.660113
1.5432479073173353,28972,4,1,1,1,1,0.6,1.2000000000000002,2025-Jan-29-17:38:16.717988
1.2260787273316933,28973,11,1,0,-1,0,0.0,0.0,2025-Jan-29-17:38:16.797972
1.2260787273316933,28974,11,1,0,-1,0,0.0,0.0,2025-Jan-29-17:38:16.892349
1.2260787273316933,28975,11,1,0,-1,0,0.0,0.0,2025-Jan-29-17:38:16.974440
1.2260787273316933,28976,11,1,0,-1,0,0.0,0.0,2025-Jan-29-17:38:17.065888
0.7182729370721538,28977,21,1,0,0,0,0.0,0.0,2025-Jan-29-17:38:17.148739
0.7182821637487402,28978,2,1,0,0,0,0.0,0.0,2025-Jan-29-17:38:17.230048
1.1882472946247935,28979,4,1,0,0,0,0.0,0.0,2025-Jan-29-17:38:17.307568
1.1882472946247935,28980,4,1,0,0,0,0.0,0.0,2025-Jan-29-17:38:17.361158
1.1882472946247935,28981,4,1,0,0,0,0.0,0.0,2025-Jan-29-17:38:17.415070
1.1882472949645337,28982,7,1,0,0,0,0.0,0.0,2025-Jan-29-17:38:17.469248
0.6890723626711616,28983,15,1,0,0,1,0.0,0.1,2025-Jan-29-17:38:17.521392
0.7032518046894578,28984,16,1,0,0,1,0.0,0.2,2025-Jan-29-17:38:17.574033
0.7032518046894578,28985,16,1,0,0,1,0.0,0.2,2025-Jan-29-17:38:17.626780
0.7032518046894578,28986,16,1,0,0,1,0.0,0.2,2025-Jan-29-17:38:17.678724
0.7032548152164704,28987,1,1,0,1,0,1.4000000000000001,0.0,2025-Jan-29-17:38:17.731924
1.1882472948363416,28988,8,1,0,0,0,0.0,0.0,2025-Jan-29-17:38:17.784002
1.2032569081518871,28989,9,1,0,0,0,0.0,0.0,2025-Jan-29-17:38:17.836406
1.2032569081518871,28990,9,1,0,0,0,0.0,0.0,2025-Jan-29-17:38:17.888629
1.2032569081518871,28991,9,1,0,0,0,0.0,0.0,2025-Jan-29-17:38:17.941312
0.7032518190940896,28992,16,1,0,0,-1,0.0,0.0,2025-Jan-29-17:38:17.993464
0.7368074537788192,28993,16,1,0,-1,0,0.0,0.0,2025-Jan-29-17:38:18.086880
0.7368074537788192,28994,16,1,0,-1,0,0.0,0.0,2025-Jan-29-17:38:18.194136
0.7368074537788192,28995,16,1,0,-1,0,0.0,0.0,2025-Jan-29-17:38:18.289177
0.7368074537788192,28996,16,1,0,-1,0,0.0,0.0,2025-Jan-29-17:38:18.364704
1.591796932501842,28997,20,1,1,-1,0,0.0,0.0,2025-Jan-29-17:38:18.441784
0.7032518190940896,28998,16,1,0,0,-1,0.0,0.0,2025-Jan-29-17:38:18.493830
0.7032518190940896,28999,16,1,0,0,-1,0.0,0.0,2025-Jan-29-17:38:18.545903
0.7032518190940896,29000,16,1,0,0,-1,0.0,0.0,2025-Jan-29-17:38:18.597764
0.7032518190940896,29001,16,1,0,0,-1,0.0,0.0,2025-Jan-29-17:38:18.649656
0.7182821504752943,29002,2,1,0,0,1,0.0,0.7000000000000001,2025-Jan-29-17:38:18.702532
1.1598785425024611,29003,8,1,0,0,1,0.0,0.2,2025-Jan-29-17:38:18.756081
1.1882472829029913,29004,10,1,0,0,1,0.0,0.2,2025-Jan-29-17:38:18.810472
1.1882472829029913,29005,10,1,0,0,1,0.0,0.2,2025-Jan-29-17:38:18.864839
1.1882472829029913,29006,10,1,0,0,1,0.0,0.2,2025-Jan-29-17:38:18.919619
1.5432479348916575,29007,7,1,1,0,0,0.0,0.0,2025-Jan-29-17:38:18.972639
1.2032568931605185,29008,6,1,0,1,0,1.5000000000000002,0.0,2025-Jan-29-17:38:19.030719
1.2032568931605185,29009,6,1,0,1,0,1.5000000000000002,0.0,2025-Jan-29-17:38:19.101552
1.2032568931605185,29010,6,1,0,1,0,1.5000000000000002,0.0,2025-Jan-29-17:38:19.185282
1.2032568931605185,29011,6,1,0,1,0,1.5000000000000002,0.0,2025-Jan-29-17:38:19.259276
1.6836406985647965,29012,20,1,1,-1,-1,0.0,0.0,2025-Jan-29-17:38:19.364702
0.6330778163642912,29013,3,1,0,0,1,0.0,0.6,2025-Jan-29-17:38:19.406612
1.1882472860085365,29014,5,1,0,0,1,0.0,0.6,2025-Jan-29-17:38:19.462465
1.1882472860085365,29015,5,1,0,0,1,0.0,0.6,2025-Jan-29-17:38:19.516553
1.1882472860085365,29016,5,1,0,0,1,0.0,0.6,2025-Jan-29-17:38:19.570233
1.058252459835037,29017,13,1,1,0,-1,0.0,0.0,2025-Jan-29-17:38:19.623036
1.1882472948363416,29018,8,1,0,0,0,0.0,0.0,2025-Jan-29-17:38:19.678259
1.2032569081518871,29019,9,1,0,0,0,0.0,0.0,2025-Jan-29-17:38:19.731755
1.2032569081518871,29020,9,1,0,0,0,0.0,0.0,2025-Jan-29-17:38:19.784702
1.2032569081518871,29021,9,1,0,0,0,0.0,0.0,2025-Jan-29-17:38:19.837759
1.0619083340293916,29022,8,1,0,1,1,1.0,1.2000000000000002,2025-Jan-29-17:38:19.916176
0.718270503145516,29023,23,1,0,0,0,0.0,0.0,2025-Jan-29-17:38:19.958576
1.2032564062589408,29024,22,1,0,0,0,0.0,0.0,2025-Jan-29-17:38:20.011701
1.2032564062589408,29025,22,1,0,0,0,0.0,0.0,2025-Jan-29-17:38:20.087365
1.2032564062589408,29026,22,1,0,0,0,0.0,0.0,2025-Jan-29-17:38:20.409920
1.4319243136928357,29027,9,1,1,1,1,1.6,1.1,2025-Jan-29-17:38:20.533444
1.1882472949161151,29028,14,1,0,0,0,0.0,0.0,2025-Jan-29-17:38:20.590080
1.1882472949161151,29029,14,1,0,0,0,0.0,0.0,2025-Jan-29-17:38:20.643526
1.1882472949161151,29030,14,1,0,0,0,0.0,0.0,2025-Jan-29-17:38:20.696458
1.1882472949161151,29031,14,1,0,0,0,0.0,0.0,2025-Jan-29-17:38:20.751658
1.2032564062589408,29032,22,1,0,0,0,0.0,0.0,2025-Jan-29-17:38:20.805915
1.1882472999753344,29033,4,1,0,0,-1,0.0,0.0,2025-Jan-29-17:38:20.860770
1.1882472999753344,29034,4,1,0,0,-1,0.0,0.0,2025-Jan-29-17:38:20.914443
1.1882472999753344,29035,4,1,0,0,-1,0.0,0.0,2025-Jan-29-17:38:20.969721
1.1882472999753344,29036,4,1,0,0,-1,0.0,0.0,2025-Jan-29-17:38:21.024004
1.0732711432420041,29037,23,1,1,0,0,0.0,0.0,2025-Jan-29-17:38:21.091717
1.1882472999269158,29038,10,1,0,0,-1,0.0,0.0,2025-Jan-29-17:38:21.182942
1.1882472999269158,29039,10,1,0,0,-1,0.0,0.0,2025-Jan-29-17:38:21.280493
1.1882472999269158,29040,10,1,0,0,-1,0.0,0.0,2025-Jan-29-17:38:21.335416
1.1882472999269158,29041,10,1,0,0,-1,0.0,0.0,2025-Jan-29-17:38:21.392167
0.7368074535047114,29042,15,1,0,-1,0,0.0,0.0,2025-Jan-29-17:38:21.472452
0.7182821669329108,29043,2,1,0,0,-1,0.0,0.0,2025-Jan-29-17:38:21.518250
1.1882472999753344,29044,4,1,0,0,-1,0.0,0.0,2025-Jan-29-17:38:21.575363
1.1882472999753344,29045,4,1,0,0,-1,0.0,0.0,2025-Jan-29-17:38:21.634821
1.1882472999753344,29046,4,1,0,0,-1,0.0,0.0,2025-Jan-29-17:38:21.699192
1.5582575346585634,29047,9,1,1,1,0,0.9,0.0,2025-Jan-29-17:38:21.763527
1.1882472956618804,29048,4,1,0,-1,0,0.0,0.0,2025-Jan-29-17:38:21.825517
1.1882472956618804,29049,4,1,0,-1,0,0.0,0.0,2025-Jan-29-17:38:21.884338
1.1882472956618804,29050,4,1,0,-1,0,0.0,0.0,2025-Jan-29-17:38:21.944160
1.1882472956618804,29051,4,1,0,-1,0,0.0,0.0,2025-Jan-29-17:38:22.002755
1.1882472999753344,29052,4,1,0,0,-1,0.0,0.0,2025-Jan-29-17:38:22.067362
0.6040217153763339,29053,16,1,0,1,0,0.7000000000000001,0.0,2025-Jan-29-17:38:22.169593
0.5898451999601861,29054,16,1,0,1,0,0.8,0.0,2025-Jan-29-17:38:22.253705
0.5756684862129525,29055,16,1,0,1,0,0.9,0.0,2025-Jan-29-17:38:22.321081
0.5614915735337499,29056,16,1,0,1,0,1.0,0.0,2025-Jan-29-17:38:22.373658
1.2757299910984834,29057,14,1,0,-1,-1,0.0,0.0,2025-Jan-29-17:38:22.458619
0.7032518164381372,29058,18,1,0,0,0,0.0,0.0,2025-Jan-29-17:38:22.517202
0.7032518165899636,29059,16,1,0,0,0,0.0,0.0,2025-Jan-29-17:38:22.572314
0.7032518165899636,29060,16,1,0,0,0,0.0,0.0,2025-Jan-29-17:38:22.625102
0.7032518165899636,29061,16,1,0,0,0,0.0,0.0,2025-Jan-29-17:38:22.676764
1.0015507166976403,29062,15,1,1,1,0,0.4,0.0,2025-Jan-29-17:38:22.729164
1.2489819395329602,29063,17,1,0,0,-1,0.0,0.0,2025-Jan-29-17:38:22.782373
1.2489819395329602,29064,17,1,0,0,-1,0.0,0.0,2025-Jan-29-17:38:22.835553
1.2489819395329602,29065,17,1,0,0,-1,0.0,0.0,2025-Jan-29-17:38:22.888131
1.2489819395329602,29066,17,1,0,0,-1,0.0,0.0,2025-Jan-29-17:38:22.940449
1.5582570463223062,29067,22,1,1,0,0,0.0,0.0,2025-Jan-29-17:38:23.000701
0.7032518164381372,29068,18,1,0,0,0,0.0,0.0,2025-Jan-29-17:38:23.071991
0.7032518164381372,29069,18,1,0,0,0,0.0,0.0,2025-Jan-29-17:38:23.165796
0.7032518164381372,29070,18,1,0,0,0,0.0,0.0,2025-Jan-29-17:38:23.271982
0.7032518164381372,29071,18,1,0,0,0,0.0,0.0,2025-Jan-29-17:38:23.336651
1.5582598089635473,29072,12,1,1,0,0,0.0,0.0,2025-Jan-29-17:38:23.397624
