Cost,Sim,Switch_State_Indx,Gen1_on,Gen2_on,Batt1_mode,Batt2_mode,Batt1_power_kW,Batt2_power_kW,Timestamp
1.1882472949161151,29374,14,1,0,0,0,0.0,0.0,2025-Jan-29-17:38:47.396013
1.4898662602408512,29375,20,1,1,1,-1,1.1,0.0,2025-Jan-29-17:38:47.479469
1.2032564083456423,29376,22,1,0,0,-1,0.0,0.0,2025-Jan-29-17:38:47.540912
1.5582575482556265,29377,6,1,1,0,0,0.0,0.0,2025-Jan-29-17:38:47.598229
0.7032518156813519,29378,15,1,0,0,0,0.0,0.0,2025-Jan-29-17:38:47.658530
1.543247923422785,29379,4,1,1,1,-1,0.1,0.0,2025-Jan-29-17:38:47.719148
1.1882472853665411,29380,4,1,0,0,1,0.0,0.30000000000000004,2025-Jan-29-17:38:47.779636
1.1882472859601179,29381,11,1,0,0,1,0.0,0.6,2025-Jan-29-17:38:47.839451
1.0732735649758962,29382,19,1,1,0,1,0.0,1.0,2025-Jan-29-17:38:47.895778
1.1882472946247935,29383,4,1,0,0,0,0.0,0.0,2025-Jan-29-17:38:47.953610
1.203256897506141,29384,6,1,0,0,1,0.0,0.4,2025-Jan-29-17:38:48.009990
0.6615145642914054,29385,3,1,0,0,1,0.0,0.4,2025-Jan-29-17:38:48.076822
1.0156876308184501,29386,18,1,1,0,1,0.0,0.30000000000000004,2025-Jan-29-17:38:48.181190
1.073282807030362,29387,2,1,1,0,-1,0.0,0.0,2025-Jan-29-17:38:48.280005
1.6458045492238536,29388,9,1,1,0,-1,0.0,0.0,2025-Jan-29-17:38:48.386743
1.1608197316602218,29389,3,1,1,0,-1,0.0,0.0,2025-Jan-29-17:38:48.448586
1.1482113368907703,29390,17,1,0,1,-1,0.9,0.0,2025-Jan-29-17:38:48.534092
1.4547344217351572,29391,17,1,1,-1,1,0.0,1.8000000000000003,2025-Jan-29-17:38:48.642576
1.0732828037001547,29392,3,1,1,0,0,0.0,0.0,2025-Jan-29-17:38:48.692761
1.5432479199591946,29393,7,1,1,1,0,0.7000000000000001,0.0,2025-Jan-29-17:38:48.752596
0.7032548150014224,29394,0,1,0,0,1,0.0,0.4,2025-Jan-29-17:38:48.812626
1.0732711464044855,29395,23,1,1,0,-1,0.0,0.0,2025-Jan-29-17:38:48.860950
1.2908030295484636,29396,24,1,0,0,-1,0.0,0.0,2025-Jan-29-17:38:48.945174
1.4168988177956898,29397,7,1,1,-1,1,0.0,1.8000000000000003,2025-Jan-29-17:38:49.028409
1.046482798135436,29398,11,1,0,1,-1,1.0,0.0,2025-Jan-29-17:38:49.109241
1.1323786318519116,29399,24,1,0,1,0,0.5,0.0,2025-Jan-29-17:38:49.203443
1.0769218030697973,29400,24,1,0,0,1,0.0,1.2000000000000002,2025-Jan-29-17:38:49.319796
1.5582575482556265,29401,6,1,1,0,0,0.0,0.0,2025-Jan-29-17:38:49.380247
1.058255455892214,29402,1,1,1,1,0,0.5,0.0,2025-Jan-29-17:38:49.438246
1.1882472958734285,29403,8,1,0,-1,0,0.0,0.0,2025-Jan-29-17:38:49.495209
1.1608097877885277,29404,25,1,1,0,-1,0.0,0.0,2025-Jan-29-17:38:49.553264
0.9967110668726179,29405,15,1,1,-1,1,0.0,0.7000000000000001,2025-Jan-29-17:38:49.633519
1.2489819236963866,29406,7,1,0,1,-1,1.6,0.0,2025-Jan-29-17:38:49.690927
0.7182821665362829,29407,3,1,0,-1,0,0.0,0.0,2025-Jan-29-17:38:49.736488
1.5432479348176518,29408,17,1,1,0,0,0.0,0.0,2025-Jan-29-17:38:50.180443
0.7032548308487874,29409,0,1,0,0,-1,0.0,0.0,2025-Jan-29-17:38:50.279537
1.2248933161499889,29410,17,1,0,-1,0,0.0,0.0,2025-Jan-29-17:38:50.385350
0.5919500006839454,29411,3,1,0,0,1,0.0,1.5000000000000002,2025-Jan-29-17:38:50.461906
1.4864751418632247,29412,7,1,1,1,1,1.2000000000000002,0.4,2025-Jan-29-17:38:50.519612
1.5582598089635473,29413,12,1,1,0,0,0.0,0.0,2025-Jan-29-17:38:50.577087
1.1882472797405408,29414,4,1,0,1,0,1.8000000000000003,0.0,2025-Jan-29-17:38:50.635379
1.6458045492238536,29415,9,1,1,0,-1,0.0,0.0,2025-Jan-29-17:38:50.715965
1.2757299910984834,29416,14,1,0,-1,-1,0.0,0.0,2025-Jan-29-17:38:50.796855
1.290803910947752,29417,9,1,0,-1,-1,0.0,0.0,2025-Jan-29-17:38:50.877615
0.8881377880509033,29418,15,1,1,1,0,1.2000000000000002,0.0,2025-Jan-29-17:38:50.935857
1.5582598088982227,29419,20,1,1,0,0,0.0,0.0,2025-Jan-29-17:38:50.993489
1.203256908176808,29420,6,1,0,0,0,0.0,0.0,2025-Jan-29-17:38:51.050636
0.7182821512283167,29421,2,1,0,1,0,1.7000000000000002,0.0,2025-Jan-29-17:38:51.143256
1.188247294787923,29422,17,1,0,0,0,0.0,0.0,2025-Jan-29-17:38:51.236676
0.9768548081793934,29423,14,1,0,1,1,0.6,1.1,2025-Jan-29-17:38:51.344965
1.515734046170636,29424,12,1,1,1,0,0.30000000000000004,0.0,2025-Jan-29-17:38:51.403390
0.8823208465447997,29425,13,1,1,1,1,1.9000000000000001,0.1,2025-Jan-29-17:38:51.485122
0.7182705063079972,29426,23,1,0,0,-1,0.0,0.0,2025-Jan-29-17:38:51.531686
0.8823190581164319,29427,13,1,1,1,1,1.3000000000000003,0.1,2025-Jan-29-17:38:51.611928
1.0582554429107165,29428,0,1,1,1,1,0.1,0.1,2025-Jan-29-17:38:51.669481
1.543247934780537,29429,4,1,1,0,0,0.0,0.0,2025-Jan-29-17:38:51.726599
1.0123083105816981,29430,14,1,0,1,0,1.3000000000000003,0.0,2025-Jan-29-17:38:51.809052
0.9469452896908003,29431,21,1,1,0,1,0.0,1.1,2025-Jan-29-17:38:51.884023
1.016515191816843,29432,3,1,1,1,1,0.1,0.4,2025-Jan-29-17:38:51.940245
0.93151529463539,29433,23,1,1,1,1,1.0,1.2000000000000002,2025-Jan-29-17:38:51.996894
1.544084751141615,29434,12,1,1,1,0,0.1,0.0,2025-Jan-29-17:38:52.072759
1.0582524448834025,29435,13,1,1,0,1,0.0,0.7000000000000001,2025-Jan-29-17:38:52.161407
0.7032548287490616,29436,0,1,0,0,0,0.0,0.0,2025-Jan-29-17:38:52.257292
1.0732827786025365,29437,2,1,1,1,1,0.5,0.1,2025-Jan-29-17:38:52.332429
1.053530391977338,29438,15,1,1,-1,1,0.0,0.30000000000000004,2025-Jan-29-17:38:52.413835
1.0440761571617114,29439,1,1,1,1,1,0.1,0.1,2025-Jan-29-17:38:52.475182
0.7032548308487874,29440,0,1,0,0,-1,0.0,0.0,2025-Jan-29-17:38:52.531738
1.6039825796951659,29441,8,1,1,0,-1,0.0,0.0,2025-Jan-29-17:38:52.587719
0.7032548287490616,29442,0,1,0,0,0,0.0,0.0,2025-Jan-29-17:38:52.643705
0.7032548149678624,29443,0,1,0,0,1,0.0,0.1,2025-Jan-29-17:38:52.700361
1.0582554429107165,29444,0,1,1,1,1,0.1,0.1,2025-Jan-29-17:38:52.757506
1.0331454889392173,29445,12,1,0,1,1,1.2000000000000002,0.1,2025-Jan-29-17:38:52.815042
1.5582575246486146,29446,6,1,1,1,1,1.4000000000000001,1.9000000000000001,2025-Jan-29-17:38:52.873221
1.0582554429107165,29447,0,1,1,1,1,0.1,0.1,2025-Jan-29-17:38:52.931313
1.1882472948240612,29448,5,1,0,0,0,0.0,0.0,2025-Jan-29-17:38:52.989913
1.0582554425686763,29449,0,1,1,1,1,0.9,1.9000000000000001,2025-Jan-29-17:38:53.047579
1.5582570484090077,29450,22,1,1,0,-1,0.0,0.0,2025-Jan-29-17:38:53.134082
0.988223037000007,29451,19,1,1,1,1,0.6,0.9,2025-Jan-29-17:38:53.216805
1.353130544170023,29452,14,1,1,1,1,1.6,0.1,2025-Jan-29-17:38:53.315396
1.0582554415485612,29453,0,1,1,1,1,0.1,1.9000000000000001,2025-Jan-29-17:38:53.370602
1.0582554584314656,29454,0,1,1,1,-1,1.9000000000000001,0.0,2025-Jan-29-17:38:53.422866
1.0582554423159873,29455,0,1,1,1,1,0.1,1.6,2025-Jan-29-17:38:53.476588
1.5440818698260297,29456,22,1,1,1,1,0.1,0.6,2025-Jan-29-17:38:53.529591
0.9448458282901242,29457,16,1,1,1,1,0.8,0.1,2025-Jan-29-17:38:53.582358
1.5582575246543824,29458,6,1,1,1,1,1.1,1.0,2025-Jan-29-17:38:53.635220
0.9596063874528069,29459,3,1,1,1,1,0.6,0.8,2025-Jan-29-17:38:53.688462
1.188247294576375,29460,10,1,0,0,0,0.0,0.0,2025-Jan-29-17:38:53.740861
1.0582554429107165,29461,0,1,1,1,1,0.1,0.1,2025-Jan-29-17:38:53.794675
1.0732827788104167,29462,2,1,1,1,1,0.7000000000000001,0.4,2025-Jan-29-17:38:53.846345
1.387303672388315,29463,14,1,1,1,1,1.0,0.1,2025-Jan-29-17:38:53.899755
0.7908004221812623,29464,1,1,0,1,-1,1.7000000000000002,0.0,2025-Jan-29-17:38:53.975798
1.54408473899775,29465,12,1,1,1,1,0.1,0.1,2025-Jan-29-17:38:54.028258
0.7032548287490616,29466,0,1,0,0,0,0.0,0.0,2025-Jan-29-17:38:54.094923
1.0582554548658596,29467,0,1,1,0,1,0.0,1.6,2025-Jan-29-17:38:54.189487
1.0582554413236966,29468,0,1,1,1,1,1.2000000000000002,0.1,2025-Jan-29-17:38:54.268738
1.2260787273316933,29469,11,1,0,-1,0,0.0,0.0,2025-Jan-29-17:38:54.345282
1.0582554419178847,29470,0,1,1,1,1,0.1,0.4,2025-Jan-29-17:38:54.398626
1.4169021872783643,29471,7,1,1,1,1,0.30000000000000004,1.6,2025-Jan-29-17:38:54.475180
0.7032548287490616,29472,0,1,0,0,0,0.0,0.0,2025-Jan-29-17:38:54.526812
0.8881377776053595,29473,16,1,1,1,1,1.2000000000000002,0.30000000000000004,2025-Jan-29-17:38:54.578753
1.543247908787503,29474,5,1,1,1,1,0.1,1.3000000000000003,2025-Jan-29-17:38:54.632310
1.0582554424425812,29475,0,1,1,1,1,1.5000000000000002,0.5,2025-Jan-29-17:38:54.686964
0.8255591061299814,29476,15,1,1,1,1,1.7000000000000002,0.4,2025-Jan-29-17:38:54.763722
1.4169021880472756,29477,8,1,1,1,1,0.2,1.6,2025-Jan-29-17:38:54.841187
0.7182821636027037,29478,3,1,0,0,0,0.0,0.0,2025-Jan-29-17:38:54.883013
0.7032548162678711,29479,0,1,0,1,0,1.9000000000000001,0.0,2025-Jan-29-17:38:54.936165
1.5432479112535895,29480,5,1,1,1,1,1.2000000000000002,0.1,2025-Jan-29-17:38:54.988900
1.2032591688841716,29481,12,1,0,0,0,0.0,0.0,2025-Jan-29-17:38:55.040521
1.0582554416325234,29482,0,1,1,1,1,1.1,0.30000000000000004,2025-Jan-29-17:38:55.104701
1.0582554423940769,29483,0,1,1,1,1,0.1,0.6,2025-Jan-29-17:38:55.195208
0.7182821636027037,29484,3,1,0,0,0,0.0,0.0,2025-Jan-29-17:38:55.255846
0.7032518164381372,29485,18,1,0,0,0,0.0,0.0,2025-Jan-29-17:38:55.311528
1.3034936686402014,29486,14,1,1,1,1,0.8,1.6,2025-Jan-29-17:38:55.390189
1.058255442049322,29487,0,1,1,1,1,0.4,0.1,2025-Jan-29-17:38:55.443004
1.0123085969093184,29488,11,1,0,1,0,1.4000000000000001,0.0,2025-Jan-29-17:38:55.520246
1.0582554426243629,29489,0,1,1,1,1,0.1,0.2,2025-Jan-29-17:38:55.573737
0.7032548287490616,29490,0,1,0,0,0,0.0,0.0,2025-Jan-29-17:38:55.625563
0.7032548287490616,29491,0,1,0,0,0,0.0,0.0,2025-Jan-29-17:38:55.677328
1.0582554429107165,29492,0,1,1,1,1,0.1,0.1,2025-Jan-29-17:38:55.730208
0.9873747797332506,29493,13,1,1,1,1,0.5,0.9,2025-Jan-29-17:38:55.782607
1.0582554429107165,29494,0,1,1,1,1,0.1,0.1,2025-Jan-29-17:38:55.835345
0.7032548149678624,29495,0,1,0,0,1,0.0,0.1,2025-Jan-29-17:38:55.888768
1.0023986216181267,29496,19,1,1,1,1,0.5,1.0,2025-Jan-29-17:38:55.940354
1.188247284621719,29497,5,1,0,0,1,0.0,0.1,2025-Jan-29-17:38:55.993159
0.7182821637487402,29498,2,1,0,0,0,0.0,0.0,2025-Jan-29-17:38:56.035309
0.7032548140526418,29499,0,1,0,0,1,0.0,1.9000000000000001,2025-Jan-29-17:38:56.103495
1.4305730124743103,29500,20,1,1,1,1,0.4,0.5,2025-Jan-29-17:38:56.475550
1.0732827786917052,29501,2,1,1,1,1,0.1,0.1,2025-Jan-29-17:38:56.560034
0.7032548287490616,29502,0,1,0,0,0,0.0,0.0,2025-Jan-29-17:38:56.623887
0.6322701142617022,29503,1,1,0,0,1,0.0,0.5,2025-Jan-29-17:38:56.688352
1.203259155386887,29504,12,1,0,0,1,0.0,0.1,2025-Jan-29-17:38:56.754259
1.058255455031731,29505,0,1,1,0,1,0.0,0.1,2025-Jan-29-17:38:56.822658
0.7032548012598281,29506,0,1,0,1,1,1.2000000000000002,0.1,2025-Jan-29-17:38:56.885481
1.1882472949645337,29507,7,1,0,0,0,0.0,0.0,2025-Jan-29-17:38:56.944711
0.7032548287490616,29508,0,1,0,0,0,0.0,0.0,2025-Jan-29-17:38:57.003494
0.9598684485194722,29509,21,1,1,1,1,0.7000000000000001,0.1,2025-Jan-29-17:38:57.071748
1.5007206070291752,29510,10,1,1,1,1,0.30000000000000004,1.0,2025-Jan-29-17:38:57.206376
1.0582554423628983,29511,0,1,1,1,1,0.1,1.3000000000000003,2025-Jan-29-17:38:57.299492
1.0165151922275233,29512,3,1,1,1,1,1.9000000000000001,0.4,2025-Jan-29-17:38:57.360809
1.5582570484090077,29513,22,1,1,0,-1,0.0,0.0,2025-Jan-29-17:38:57.421507
0.7032548287490616,29514,0,1,0,0,0,0.0,0.0,2025-Jan-29-17:38:57.482362
1.368148742066356,29515,20,1,1,1,1,1.4000000000000001,0.1,2025-Jan-29-17:38:57.568903
1.0582554419871821,29516,0,1,1,1,1,0.5,0.9,2025-Jan-29-17:38:57.625211
1.058255442613809,29517,0,1,1,1,1,0.1,1.2000000000000002,2025-Jan-29-17:38:57.679321
0.647287436222497,29518,25,1,0,0,1,0.0,0.5,2025-Jan-29-17:38:57.723324
1.2908039091728067,29519,9,1,0,0,-1,0.0,0.0,2025-Jan-29-17:38:57.799168
0.7032548287490616,29520,0,1,0,0,0,0.0,0.0,2025-Jan-29-17:38:57.853007
0.7032548287490616,29521,0,1,0,0,0,0.0,0.0,2025-Jan-29-17:38:57.916548
0.7032548287490616,29522,0,1,0,0,0,0.0,0.0,2025-Jan-29-17:38:57.980756
0.7032548287490616,29523,0,1,0,0,0,0.0,0.0,2025-Jan-29-17:38:58.045854
0.9319259376245385,29524,1,1,1,1,1,1.2000000000000002,1.0,2025-Jan-29-17:38:58.187762
1.0109246244682426,29525,15,1,1,-1,1,0.0,0.6,2025-Jan-29-17:38:58.330161
0.7032548287490616,29526,0,1,0,0,0,0.0,0.0,2025-Jan-29-17:38:58.393963
0.7032548140526418,29527,0,1,0,0,1,0.0,1.9000000000000001,2025-Jan-29-17:38:58.459090
1.0582554429107165,29528,0,1,1,1,1,0.1,0.1,2025-Jan-29-17:38:58.525700
1.0582554413236966,29529,0,1,1,1,1,1.2000000000000002,0.1,2025-Jan-29-17:38:58.592120
0.9319276332022953,29530,1,1,1,1,1,0.1,0.9,2025-Jan-29-17:38:58.680361
1.188247294787923,29531,17,1,0,0,0,0.0,0.0,2025-Jan-29-17:38:58.737097
0.7032548287490616,29532,0,1,0,0,0,0.0,0.0,2025-Jan-29-17:38:58.791563
0.7032548287490616,29533,0,1,0,0,0,0.0,0.0,2025-Jan-29-17:38:58.847307
1.5432479087308835,29534,5,1,1,1,1,1.9000000000000001,0.1,2025-Jan-29-17:38:58.907592
1.5432479093998226,29535,5,1,1,1,1,1.0,0.1,2025-Jan-29-17:38:58.965026
1.0582554420641095,29536,0,1,1,1,1,0.7000000000000001,0.4,2025-Jan-29-17:38:59.020912
0.7032518165899636,29537,16,1,0,0,0,0.0,0.0,2025-Jan-29-17:38:59.091265
0.7032548286518892,29538,1,1,0,0,0,0.0,0.0,2025-Jan-29-17:38:59.200179
1.05825545633174,29539,0,1,1,1,0,1.9000000000000001,0.0,2025-Jan-29-17:38:59.299791
1.1882472946247935,29540,4,1,0,0,0,0.0,0.0,2025-Jan-29-17:38:59.362483
1.0123100223290273,29541,11,1,0,1,1,1.9000000000000001,0.8,2025-Jan-29-17:38:59.444721
1.0582554425198358,29542,0,1,1,1,1,0.6,0.1,2025-Jan-29-17:38:59.501525
1.058255442269183,29543,0,1,1,1,1,0.4,0.4,2025-Jan-29-17:38:59.558295
0.7032548287490616,29544,0,1,0,0,0,0.0,0.0,2025-Jan-29-17:38:59.614553
1.2032591688841716,29545,12,1,0,0,0,0.0,0.0,2025-Jan-29-17:38:59.671861
1.0582554429107165,29546,0,1,1,1,1,0.1,0.1,2025-Jan-29-17:38:59.729423
0.9319080475790964,29547,18,1,1,0,1,0.0,1.8000000000000003,2025-Jan-29-17:38:59.810522
0.8823196525883622,29548,13,1,1,1,1,1.5000000000000002,0.1,2025-Jan-29-17:38:59.893272
0.7032518165836577,29549,13,1,0,0,0,0.0,0.0,2025-Jan-29-17:38:59.951788
0.5423447388252866,29550,23,1,0,1,0,1.9000000000000001,0.0,2025-Jan-29-17:39:00.028630
1.058255442546716,29551,0,1,1,1,1,0.30000000000000004,0.1,2025-Jan-29-17:39:00.108522
1.0582554429107165,29552,0,1,1,1,1,0.1,0.1,2025-Jan-29-17:39:00.210467
0.7710218093878495,29553,21,1,1,1,1,1.3000000000000003,1.1,2025-Jan-29-17:39:00.332889
1.5432479261056173,29554,5,1,1,0,1,0.0,0.4,2025-Jan-29-17:39:00.392280
1.0732827934873277,29555,2,1,1,-1,1,0.0,0.2,2025-Jan-29-17:39:00.449274
0.7032548286518892,29556,1,1,0,0,0,0.0,0.0,2025-Jan-29-17:39:00.506119
1.18824728295141,29557,4,1,0,0,1,0.0,0.2,2025-Jan-29-17:39:00.564318
1.0582554423682389,29558,0,1,1,1,1,1.9000000000000001,1.9000000000000001,2025-Jan-29-17:39:00.620799
0.7032548306826437,29559,0,1,0,-1,0,0.0,0.0,2025-Jan-29-17:39:00.677526
1.0582554429107165,29560,0,1,1,1,1,0.1,0.1,2025-Jan-29-17:39:00.736979
1.030749194371714,29561,19,1,1,1,1,0.30000000000000004,0.30000000000000004,2025-Jan-29-17:39:00.793090
0.7032548287490616,29562,0,1,0,0,0,0.0,0.0,2025-Jan-29-17:39:00.849445
0.61884620224734,29563,3,1,0,0,1,0.0,0.7000000000000001,2025-Jan-29-17:39:00.894957
1.0582554416442513,29564,0,1,1,1,1,0.7000000000000001,0.30000000000000004,2025-Jan-29-17:39:00.955296
0.7032548287490616,29565,0,1,0,0,0,0.0,0.0,2025-Jan-29-17:39:01.011981
0.6464810715736613,29566,15,1,0,0,1,0.0,0.4,2025-Jan-29-17:39:01.088003
1.0582554429107165,29567,0,1,1,1,1,0.1,0.1,2025-Jan-29-17:39:01.190509
0.7032548287490616,29568,0,1,0,0,0,0.0,0.0,2025-Jan-29-17:39:01.300969
0.7032548287490616,29569,0,1,0,0,0,0.0,0.0,2025-Jan-29-17:39:01.384359
1.0023986221615333,29570,19,1,1,1,1,0.5,0.1,2025-Jan-29-17:39:01.438456
1.5432479087308835,29571,5,1,1,1,1,1.9000000000000001,0.1,2025-Jan-29-17:39:01.498078
0.7032548286518892,29572,1,1,0,0,0,0.0,0.0,2025-Jan-29-17:39:01.557673
0.7032548287490616,29573,0,1,0,0,0,0.0,0.0,2025-Jan-29-17:39:01.618388
0.7032548287490616,29574,0,1,0,0,0,0.0,0.0,2025-Jan-29-17:39:01.679274
0.917305309465657,29575,25,1,1,1,1,0.8,0.30000000000000004,2025-Jan-29-17:39:01.726821
0.7032548287490616,29576,0,1,0,0,0,0.0,0.0,2025-Jan-29-17:39:01.783432
0.9306665616435986,29577,15,1,1,1,1,0.8,0.1,2025-Jan-29-17:39:01.839777
1.4169106742951851,29578,7,1,1,1,1,0.9,1.1,2025-Jan-29-17:39:01.922506
1.5582575226843245,29579,6,1,1,1,1,0.1,1.6,2025-Jan-29-17:39:01.980346
0.7032548287490616,29580,0,1,0,0,0,0.0,0.0,2025-Jan-29-17:39:02.037590
0.7032548287490616,29581,0,1,0,0,0,0.0,0.0,2025-Jan-29-17:39:02.108154
0.7032548287490616,29582,0,1,0,0,0,0.0,0.0,2025-Jan-29-17:39:02.199830
0.7032548287490616,29583,0,1,0,0,0,0.0,0.0,2025-Jan-29-17:39:02.283853
0.7032548287490616,29584,0,1,0,0,0,0.0,0.0,2025-Jan-29-17:39:02.348862
0.7908004220972332,29585,1,1,0,1,-1,1.8000000000000003,0.0,2025-Jan-29-17:39:02.431021
0.7032548287490616,29586,0,1,0,0,0,0.0,0.0,2025-Jan-29-17:39:02.491014
1.1882472820681906,29587,4,1,0,0,1,0.0,1.5000000000000002,2025-Jan-29-17:39:02.549577
0.7032548287490616,29588,0,1,0,0,0,0.0,0.0,2025-Jan-29-17:39:02.607695
1.1458010749686394,29589,1,1,1,0,-1,0.0,0.0,2025-Jan-29-17:39:02.691556
0.9469506288359376,29590,3,1,1,1,1,0.4,1.5000000000000002,2025-Jan-29-17:39:02.773951
1.0582554413236966,29591,0,1,1,1,1,1.2000000000000002,0.1,2025-Jan-29-17:39:02.833880
0.7032548287490616,29592,0,1,0,0,0,0.0,0.0,2025-Jan-29-17:39:02.891993
0.8346185337565968,29593,25,1,0,-1,-1,0.0,0.0,2025-Jan-29-17:39:02.964946
0.9469607194603764,29594,3,1,1,1,1,0.1,0.9,2025-Jan-29-17:39:03.048468
0.7032548287490616,29595,0,1,0,0,0,0.0,0.0,2025-Jan-29-17:39:03.149151
0.797131551007861,29596,15,1,1,1,1,1.7000000000000002,0.6,2025-Jan-29-17:39:03.268070
0.8335433583674435,29597,25,1,1,1,1,0.8,1.0,2025-Jan-29-17:39:03.364063
0.7032548287490616,29598,0,1,0,0,0,0.0,0.0,2025-Jan-29-17:39:03.421902
1.0582554424963522,29599,0,1,1,1,1,1.9000000000000001,0.1,2025-Jan-29-17:39:03.478950
1.0582554688129302,29600,0,1,1,0,0,0.0,0.0,2025-Jan-29-17:39:03.881804
1.1882472946247935,29601,4,1,0,0,0,0.0,0.0,2025-Jan-29-17:39:03.941240
0.9910311674494656,29602,14,1,0,1,1,0.5,1.1,2025-Jan-29-17:39:04.020905
1.0582554416673842,29603,0,1,1,1,1,1.1,0.5,2025-Jan-29-17:39:04.091752
0.7032548287490616,29604,0,1,0,0,0,0.0,0.0,2025-Jan-29-17:39:04.185142
1.2821014812872806,29605,14,1,1,1,1,1.3000000000000003,0.6,2025-Jan-29-17:39:04.308423
0.8823193542256474,29606,16,1,1,1,1,1.4000000000000001,0.8,2025-Jan-29-17:39:04.388274
1.486475141330387,29607,7,1,1,1,1,0.7000000000000001,0.4,2025-Jan-29-17:39:04.444040
1.0582554429107165,29608,0,1,1,1,1,0.1,0.1,2025-Jan-29-17:39:04.501002
1.2559902436960677,29609,20,1,1,1,1,1.3000000000000003,1.5000000000000002,2025-Jan-29-17:39:04.605082
0.7032548287490616,29610,0,1,0,0,0,0.0,0.0,2025-Jan-29-17:39:04.660244
1.058255442049322,29611,0,1,1,1,1,0.4,0.1,2025-Jan-29-17:39:04.717725
0.7032548287490616,29612,0,1,0,0,0,0.0,0.0,2025-Jan-29-17:39:04.773090
0.7032548287490616,29613,0,1,0,0,0,0.0,0.0,2025-Jan-29-17:39:04.828576
1.3823248031162647,29614,22,1,1,1,1,1.8000000000000003,1.2000000000000002,2025-Jan-29-17:39:04.909218
0.9456950792229004,29615,19,1,1,1,1,0.9,1.1,2025-Jan-29-17:39:04.964492
0.7032548287490616,29616,0,1,0,0,0,0.0,0.0,2025-Jan-29-17:39:05.019806
1.188247284621719,29617,5,1,0,0,1,0.0,0.1,2025-Jan-29-17:39:05.091712
1.0582554418823307,29618,0,1,1,1,1,1.6,1.9000000000000001,2025-Jan-29-17:39:05.187552
0.7182821636027037,29619,3,1,0,0,0,0.0,0.0,2025-Jan-29-17:39:05.271075
0.7032548287490616,29620,0,1,0,0,0,0.0,0.0,2025-Jan-29-17:39:05.346013
0.7032548287490616,29621,0,1,0,0,0,0.0,0.0,2025-Jan-29-17:39:05.402962
0.7032548287490616,29622,0,1,0,0,0,0.0,0.0,2025-Jan-29-17:39:05.457970
1.1882472829150217,29623,4,1,0,0,1,0.0,0.8,2025-Jan-29-17:39:05.513827
0.5273187140573321,29624,16,1,0,1,1,1.4000000000000001,0.5,2025-Jan-29-17:39:05.592491
1.058255442458428,29625,0,1,1,1,1,0.4,0.2,2025-Jan-29-17:39:05.645241
0.7182821504149735,29626,2,1,0,0,1,0.0,0.5,2025-Jan-29-17:39:05.697173
0.6473006033575821,29627,3,1,0,0,1,0.0,0.5,2025-Jan-29-17:39:05.738607
0.7032548287490616,29628,0,1,0,0,0,0.0,0.0,2025-Jan-29-17:39:05.790707
0.7032548183660938,29629,0,1,0,1,-1,1.3000000000000003,0.0,2025-Jan-29-17:39:05.842631
1.0440761568108847,29630,1,1,1,1,1,0.2,0.1,2025-Jan-29-17:39:05.894819
0.7908004221105891,29631,1,1,0,1,-1,0.8,0.0,2025-Jan-29-17:39:05.969525
0.7032548287490616,29632,0,1,0,0,0,0.0,0.0,2025-Jan-29-17:39:06.020622
0.917338602775596,29633,23,1,1,1,1,1.1,0.1,2025-Jan-29-17:39:06.085454
0.703254816511651,29634,0,1,0,1,0,0.1,0.0,2025-Jan-29-17:39:06.174250
0.661501704679478,29635,25,1,0,0,1,0.0,0.4,2025-Jan-29-17:39:06.239843
0.7182729372290622,29636,19,1,0,0,0,0.0,0.0,2025-Jan-29-17:39:06.299873
0.7032548287490616,29637,0,1,0,0,0,0.0,0.0,2025-Jan-29-17:39:06.351702
0.9740472520153305,29638,19,1,1,1,1,0.7000000000000001,0.1,2025-Jan-29-17:39:06.403240
1.3602011844667534,29639,14,1,1,1,1,0.4,1.5000000000000002,2025-Jan-29-17:39:06.483626
0.7032548287490616,29640,0,1,0,0,0,0.0,0.0,2025-Jan-29-17:39:06.536204
0.7032548287490616,29641,0,1,0,0,0,0.0,0.0,2025-Jan-29-17:39:06.588165
0.7032548287490616,29642,0,1,0,0,0,0.0,0.0,2025-Jan-29-17:39:06.639794
0.7032548287490616,29643,0,1,0,0,0,0.0,0.0,2025-Jan-29-17:39:06.692131
0.7032548287490616,29644,0,1,0,0,0,0.0,0.0,2025-Jan-29-17:39:06.744188
0.7032548287490616,29645,0,1,0,0,0,0.0,0.0,2025-Jan-29-17:39:06.796837
0.7032548287490616,29646,0,1,0,0,0,0.0,0.0,2025-Jan-29-17:39:06.851107
1.1882472845525403,29647,4,1,0,0,1,0.0,1.6,2025-Jan-29-17:39:06.905291
0.7032548287490616,29648,0,1,0,0,0,0.0,0.0,2025-Jan-29-17:39:06.956959
0.7032548286518892,29649,1,1,0,0,0,0.0,0.0,2025-Jan-29-17:39:07.008642
0.7032548287490616,29650,0,1,0,0,0,0.0,0.0,2025-Jan-29-17:39:07.075939
0.9469472765641728,29651,3,1,1,1,1,0.4,1.7000000000000002,2025-Jan-29-17:39:07.195625
0.7032548287490616,29652,0,1,0,0,0,0.0,0.0,2025-Jan-29-17:39:07.274619
1.188247294787923,29653,17,1,0,0,0,0.0,0.0,2025-Jan-29-17:39:07.327157
0.7032548286518892,29654,1,1,0,0,0,0.0,0.0,2025-Jan-29-17:39:07.382008
1.5432479099542702,29655,5,1,1,1,1,0.2,0.4,2025-Jan-29-17:39:07.436145
0.7032548287490616,29656,0,1,0,0,0,0.0,0.0,2025-Jan-29-17:39:07.488027
0.7710155159728949,29657,25,1,1,1,1,1.7000000000000002,1.4000000000000001,2025-Jan-29-17:39:07.581450
0.7032548287490616,29658,0,1,0,0,0,0.0,0.0,2025-Jan-29-17:39:07.633918
1.0582554424963522,29659,0,1,1,1,1,1.9000000000000001,0.1,2025-Jan-29-17:39:07.687105
0.7032548287490616,29660,0,1,0,0,0,0.0,0.0,2025-Jan-29-17:39:07.738665
1.0582554688129302,29661,0,1,1,0,0,0.0,0.0,2025-Jan-29-17:39:07.791171
0.7032548306826437,29662,0,1,0,-1,0,0.0,0.0,2025-Jan-29-17:39:07.844435
1.3823289445690812,29663,12,1,1,1,1,1.8000000000000003,1.1,2025-Jan-29-17:39:07.921840
0.7032548287490616,29664,0,1,0,0,0,0.0,0.0,2025-Jan-29-17:39:07.973894
0.5423447386502132,29665,25,1,0,1,0,1.9000000000000001,0.0,2025-Jan-29-17:39:08.044887
0.8823196516189428,29666,16,1,1,1,1,1.5000000000000002,0.7000000000000001,2025-Jan-29-17:39:08.157464
0.5423447386502132,29667,25,1,0,1,0,1.9000000000000001,0.0,2025-Jan-29-17:39:08.261281
1.0582554429107165,29668,0,1,1,1,1,0.1,0.1,2025-Jan-29-17:39:08.314923
1.0582554429107165,29669,0,1,1,1,1,0.1,0.1,2025-Jan-29-17:39:08.370593
1.1882472947756426,29670,11,1,0,0,0,0.0,0.0,2025-Jan-29-17:39:08.424569
1.058255456965313,29671,0,1,1,-1,1,0.0,0.1,2025-Jan-29-17:39:08.478669
1.073282778001718,29672,2,1,1,1,1,0.1,0.30000000000000004,2025-Jan-29-17:39:08.530763
0.7032548287490616,29673,0,1,0,0,0,0.0,0.0,2025-Jan-29-17:39:08.584788
0.7032548287490616,29674,0,1,0,0,0,0.0,0.0,2025-Jan-29-17:39:08.637939
0.9031653056974169,29675,19,1,1,1,1,1.2000000000000002,1.0,2025-Jan-29-17:39:08.691843
0.7032548287490616,29676,0,1,0,0,0,0.0,0.0,2025-Jan-29-17:39:08.745806
1.5582575249918795,29677,6,1,1,1,1,1.9000000000000001,0.7000000000000001,2025-Jan-29-17:39:08.801778
0.9319107525422102,29678,1,1,1,1,1,1.9000000000000001,1.9000000000000001,2025-Jan-29-17:39:08.879125
0.7032548286518892,29679,1,1,0,0,0,0.0,0.0,2025-Jan-29-17:39:08.930590
1.0307203281287416,29680,3,1,1,1,1,1.2000000000000002,0.30000000000000004,2025-Jan-29-17:39:08.982549
1.0591041414011868,29681,3,1,1,0,1,0.0,0.1,2025-Jan-29-17:39:09.024657
0.7032548286518892,29682,1,1,0,0,0,0.0,0.0,2025-Jan-29-17:39:09.100560
0.7710243071078609,29683,25,1,1,1,1,1.9000000000000001,1.0,2025-Jan-29-17:39:09.243475
1.0745606138393353,29684,8,1,0,0,1,0.0,0.8,2025-Jan-29-17:39:09.302664
1.002301231055521,29685,3,1,1,1,1,0.4,0.5,2025-Jan-29-17:39:09.362961
1.0582554425713218,29686,0,1,1,1,1,0.9,0.1,2025-Jan-29-17:39:09.417766
1.2032569081518871,29687,9,1,0,0,0,0.0,0.0,2025-Jan-29-17:39:09.473282
0.7032548308487874,29688,0,1,0,0,-1,0.0,0.0,2025-Jan-29-17:39:09.530752
0.703254816511651,29689,0,1,0,1,0,0.1,0.0,2025-Jan-29-17:39:09.588708
0.7032548183660938,29690,0,1,0,1,-1,1.3000000000000003,0.0,2025-Jan-29-17:39:09.645130
0.7032548287490616,29691,0,1,0,0,0,0.0,0.0,2025-Jan-29-17:39:09.701715
0.703254816511651,29692,0,1,0,1,0,0.1,0.0,2025-Jan-29-17:39:09.759070
0.9319107523536448,29693,1,1,1,1,1,0.2,1.9000000000000001,2025-Jan-29-17:39:09.840502
0.7032548287490616,29694,0,1,0,0,0,0.0,0.0,2025-Jan-29-17:39:09.898314
0.9029584887896506,29695,25,1,1,1,1,0.5,0.7000000000000001,2025-Jan-29-17:39:09.944516
1.0165740071478542,29696,19,1,1,1,1,0.4,0.5,2025-Jan-29-17:39:09.999528
1.188247294576375,29697,10,1,0,0,0,0.0,0.0,2025-Jan-29-17:39:10.080700
0.7032548287490616,29698,0,1,0,0,0,0.0,0.0,2025-Jan-29-17:39:10.178628
0.8605708784256042,29699,25,1,1,1,1,1.1,0.4,2025-Jan-29-17:39:10.267791
0.7032548287490616,29700,0,1,0,0,0,0.0,0.0,2025-Jan-29-17:39:10.339036
0.7032548287490616,29701,0,1,0,0,0,0.0,0.0,2025-Jan-29-17:39:10.394691
0.7032548287490616,29702,0,1,0,0,0,0.0,0.0,2025-Jan-29-17:39:10.456816
0.7032548287490616,29703,0,1,0,0,0,0.0,0.0,2025-Jan-29-17:39:10.514038
0.7032548287490616,29704,0,1,0,0,0,0.0,0.0,2025-Jan-29-17:39:10.570947
0.7032548287490616,29705,0,1,0,0,0,0.0,0.0,2025-Jan-29-17:39:10.627555
0.7032548287490616,29706,0,1,0,0,0,0.0,0.0,2025-Jan-29-17:39:10.683801
1.543247908854597,29707,4,1,1,1,1,1.7000000000000002,1.7000000000000002,2025-Jan-29-17:39:10.740265
0.5919466483549721,29708,3,1,0,0,1,0.0,1.7000000000000002,2025-Jan-29-17:39:10.814067
1.0298880351257835,29709,1,1,1,1,1,0.1,0.2,2025-Jan-29-17:39:11.163584
0.7032548287490616,29710,0,1,0,0,0,0.0,0.0,2025-Jan-29-17:39:11.258688
1.0582554426388495,29711,0,1,1,1,1,0.30000000000000004,0.2,2025-Jan-29-17:39:11.347401
0.7032548287490616,29712,0,1,0,0,0,0.0,0.0,2025-Jan-29-17:39:11.405116
0.8247332674916161,29713,18,1,0,-1,-1,0.0,0.0,2025-Jan-29-17:39:11.506383
0.8247332674916161,29714,18,1,0,-1,-1,0.0,0.0,2025-Jan-29-17:39:11.607765
1.1882472949161151,29715,14,1,0,0,0,0.0,0.0,2025-Jan-29-17:39:11.661801
0.7368074570981904,29716,13,1,0,-1,-1,0.0,0.0,2025-Jan-29-17:39:11.740217
0.7032518165836577,29717,13,1,0,0,0,0.0,0.0,2025-Jan-29-17:39:11.794612
0.7032548287490616,29718,0,1,0,0,0,0.0,0.0,2025-Jan-29-17:39:11.851276
1.0582554424963522,29719,0,1,1,1,1,1.9000000000000001,0.1,2025-Jan-29-17:39:11.904571
0.7032548287490616,29720,0,1,0,0,0,0.0,0.0,2025-Jan-29-17:39:11.956845
0.7032548286518892,29721,1,1,0,0,0,0.0,0.0,2025-Jan-29-17:39:12.015093
0.7032548287490616,29722,0,1,0,0,0,0.0,0.0,2025-Jan-29-17:39:12.098549
1.0582554563302362,29723,0,1,1,1,0,1.3000000000000003,0.0,2025-Jan-29-17:39:12.180134
0.7032548287490616,29724,0,1,0,0,0,0.0,0.0,2025-Jan-29-17:39:12.272140
