Cost,Sim,Switch_State_Indx,Gen1_on,Gen2_on,Batt1_mode,Batt2_mode,Batt1_power_kW,Batt2_power_kW,Timestamp
1.1458010749686394,30401,1,1,1,0,-1,0.0,0.0,2025-Jan-29-17:40:02.098921
1.543247934857496,30402,11,1,1,0,0,0.0,0.0,2025-Jan-29-17:40:02.209960
0.7410823775192706,30403,13,1,0,-1,0,0.0,0.0,2025-Jan-29-17:40:02.343148
1.2489819259122787,30404,7,1,0,1,-1,0.2,0.0,2025-Jan-29-17:40:02.406626
1.2032591688841716,30405,12,1,0,0,0,0.0,0.0,2025-Jan-29-17:40:02.469759
1.0732711432420041,30406,23,1,1,0,0,0.0,0.0,2025-Jan-29-17:40:02.523588
1.5582575543681574,30407,6,1,1,-1,-1,0.0,0.0,2025-Jan-29-17:40:02.590038
1.1111030063412572,30408,19,1,1,-1,0,0.0,0.0,2025-Jan-29-17:40:02.655280
0.6332224085871853,30409,19,1,0,1,0,0.6,0.0,2025-Jan-29-17:40:02.704355
1.543247934857496,30410,11,1,1,0,0,0.0,0.0,2025-Jan-29-17:40:02.762015
1.0582524556889323,30411,15,1,1,0,0,0.0,0.0,2025-Jan-29-17:40:02.818658
1.5527139166101558,30412,14,1,1,-1,1,0.0,0.2,2025-Jan-29-17:40:02.899191
0.8058190942097962,30413,3,1,0,-1,-1,0.0,0.0,2025-Jan-29-17:40:02.959812
0.7032518165836577,30414,13,1,0,0,0,0.0,0.0,2025-Jan-29-17:40:03.021468
1.0732828038461912,30415,2,1,1,0,0,0.0,0.0,2025-Jan-29-17:40:03.093239
1.543247919377877,30416,4,1,1,1,0,1.7000000000000002,0.0,2025-Jan-29-17:40:03.199826
0.7032548151967912,30417,0,1,0,0,1,0.0,1.1,2025-Jan-29-17:40:03.306461
0.7032518164381372,30418,18,1,0,0,0,0.0,0.0,2025-Jan-29-17:40:03.365250
0.7032548308487874,30419,0,1,0,0,-1,0.0,0.0,2025-Jan-29-17:40:03.424852
1.032305272112091,30420,17,1,0,1,0,1.1,0.0,2025-Jan-29-17:40:03.490605
1.0732711297191413,30421,23,1,1,0,1,0.0,1.9000000000000001,2025-Jan-29-17:40:03.557538
1.5007206158428925,30422,11,1,1,1,0,0.30000000000000004,0.0,2025-Jan-29-17:40:03.622052
1.5917969362681887,30423,12,1,1,-1,-1,0.0,0.0,2025-Jan-29-17:40:03.709101
0.7182821502777956,30424,2,1,0,0,1,0.0,1.4000000000000001,2025-Jan-29-17:40:03.767832
0.9319107525119409,30425,1,1,1,1,1,0.1,1.9000000000000001,2025-Jan-29-17:40:03.849618
1.2032591688841716,30426,12,1,0,0,0,0.0,0.0,2025-Jan-29-17:40:03.906442
1.5582575503442397,30427,6,1,1,-1,0,0.0,0.0,2025-Jan-29-17:40:03.965492
1.145680938893296,30428,14,1,0,0,1,0.0,0.30000000000000004,2025-Jan-29-17:40:04.024697
0.7182704898199814,30429,23,1,0,0,1,0.0,0.30000000000000004,2025-Jan-29-17:40:04.100480
1.2260787273316933,30430,11,1,0,-1,0,0.0,0.0,2025-Jan-29-17:40:04.232480
1.5582575375390344,30431,6,1,1,0,1,0.0,0.4,2025-Jan-29-17:40:04.312263
1.2410870127559925,30432,24,1,0,-1,0,0.0,0.0,2025-Jan-29-17:40:04.392360
1.5960901528496034,30433,12,1,1,-1,1,0.0,0.9,2025-Jan-29-17:40:04.474306
1.0732827914174958,30434,3,1,1,1,0,1.9000000000000001,0.0,2025-Jan-29-17:40:04.534862
0.9469486636073756,30435,21,1,1,0,1,0.0,0.9,2025-Jan-29-17:40:04.610770
0.7032518165899636,30436,16,1,0,0,0,0.0,0.0,2025-Jan-29-17:40:04.667911
0.7908004349144597,30437,1,1,0,0,-1,0.0,0.0,2025-Jan-29-17:40:04.746868
1.3673100871390003,30438,10,1,1,1,1,1.7000000000000002,0.8,2025-Jan-29-17:40:04.828786
0.7182729370721538,30439,21,1,0,0,0,0.0,0.0,2025-Jan-29-17:40:04.873756
1.0582554558970383,30440,1,1,1,1,0,0.4,0.0,2025-Jan-29-17:40:04.929337
1.5432479347321184,30441,10,1,1,0,0,0.0,0.0,2025-Jan-29-17:40:04.985784
1.05825547064934,30442,1,1,1,-1,0,0.0,0.0,2025-Jan-29-17:40:05.041606
1.2410870128463722,30443,22,1,0,-1,0,0.0,0.0,2025-Jan-29-17:40:05.149501
0.7561023689068226,30444,19,1,0,-1,-1,0.0,0.0,2025-Jan-29-17:40:05.245743
1.2032591688841716,30445,12,1,0,0,0,0.0,0.0,2025-Jan-29-17:40:05.321582
1.0732828037001547,30446,3,1,1,0,0,0.0,0.0,2025-Jan-29-17:40:05.367438
1.1882472947756426,30447,11,1,0,0,0,0.0,0.0,2025-Jan-29-17:40:05.424468
1.2032568945259388,30448,9,1,0,1,0,1.1,0.0,2025-Jan-29-17:40:05.481300
1.558257046225748,30449,24,1,1,0,0,0.0,0.0,2025-Jan-29-17:40:05.537278
1.0464827845310989,30450,11,1,0,1,1,1.0,1.3000000000000003,2025-Jan-29-17:40:05.594423
1.543247934780537,30451,4,1,1,0,0,0.0,0.0,2025-Jan-29-17:40:05.651222
1.1882472947756426,30452,11,1,0,0,0,0.0,0.0,2025-Jan-29-17:40:05.709724
1.2367962926340237,30453,12,1,0,-1,0,0.0,0.0,2025-Jan-29-17:40:05.789700
1.1882472796865937,30454,7,1,0,1,0,0.2,0.0,2025-Jan-29-17:40:05.847031
1.2032591688841716,30455,12,1,0,0,0,0.0,0.0,2025-Jan-29-17:40:05.902074
1.2032564062589408,30456,22,1,0,0,0,0.0,0.0,2025-Jan-29-17:40:05.957829
1.5432479388339306,30457,5,1,1,-1,-1,0.0,0.0,2025-Jan-29-17:40:06.014070
0.7561023662558681,30458,19,1,0,-1,0,0.0,0.0,2025-Jan-29-17:40:06.109492
0.6332224085871853,30459,19,1,0,1,0,0.6,0.0,2025-Jan-29-17:40:06.198784
1.5432479347321184,30460,10,1,1,0,0,0.0,0.0,2025-Jan-29-17:40:06.292639
1.5432479348432389,30461,14,1,1,0,0,0.0,0.0,2025-Jan-29-17:40:06.350312
1.0960830067170062,30462,13,1,1,-1,1,0.0,0.1,2025-Jan-29-17:40:06.429885
0.71828216986649,30463,2,1,0,-1,-1,0.0,0.0,2025-Jan-29-17:40:06.475005
0.7032518165836577,30464,13,1,0,0,0,0.0,0.0,2025-Jan-29-17:40:06.529925
0.7182821637487402,30465,2,1,0,0,0,0.0,0.0,2025-Jan-29-17:40:06.574772
1.0732827911797314,30466,3,1,1,1,0,1.7000000000000002,0.0,2025-Jan-29-17:40:06.631326
0.7032548151967912,30467,0,1,0,0,1,0.0,1.1,2025-Jan-29-17:40:06.687618
1.188247294787923,30468,17,1,0,0,0,0.0,0.0,2025-Jan-29-17:40:06.744114
0.7032548287490616,30469,0,1,0,0,0,0.0,0.0,2025-Jan-29-17:40:06.799718
0.5473144613186303,30470,16,1,0,1,0,1.1,0.0,2025-Jan-29-17:40:06.855485
1.0732711297191413,30471,23,1,1,0,1,0.0,1.9000000000000001,2025-Jan-29-17:40:06.911337
1.145719975756996,30472,11,1,0,1,0,0.30000000000000004,0.0,2025-Jan-29-17:40:06.967211
1.2367962926340237,30473,12,1,0,-1,0,0.0,0.0,2025-Jan-29-17:40:07.046399
0.7182821637487402,30474,2,1,0,0,0,0.0,0.0,2025-Jan-29-17:40:07.120828
0.7032548164144785,30475,1,1,0,1,0,0.1,0.0,2025-Jan-29-17:40:07.227140
1.2032591688841716,30476,12,1,0,0,0,0.0,0.0,2025-Jan-29-17:40:07.312990
1.5432479359430014,30477,5,1,1,-1,0,0.0,0.0,2025-Jan-29-17:40:07.369642
1.1882472949161151,30478,14,1,0,0,0,0.0,0.0,2025-Jan-29-17:40:07.426154
1.2032564062589408,30479,22,1,0,0,0,0.0,0.0,2025-Jan-29-17:40:07.940993
1.2260787273316933,30480,11,1,0,-1,0,0.0,0.0,2025-Jan-29-17:40:08.023975
1.203256908176808,30481,6,1,0,0,0,0.0,0.0,2025-Jan-29-17:40:08.096086
0.7487322891669068,30482,23,1,0,-1,0,0.0,0.0,2025-Jan-29-17:40:08.200032
1.2367962926340237,30483,12,1,0,-1,0,0.0,0.0,2025-Jan-29-17:40:08.314673
0.7182821505598453,30484,3,1,0,1,0,1.8000000000000003,0.0,2025-Jan-29-17:40:08.371717
1.2032591688378944,30485,20,1,0,0,0,0.0,0.0,2025-Jan-29-17:40:08.427885
0.7032518156813519,30486,15,1,0,0,0,0.0,0.0,2025-Jan-29-17:40:08.485770
0.7182821637487402,30487,2,1,0,0,0,0.0,0.0,2025-Jan-29-17:40:08.531203
1.0123091680935117,30488,10,1,0,1,0,1.6,0.0,2025-Jan-29-17:40:08.612059
0.7182729370721538,30489,21,1,0,0,0,0.0,0.0,2025-Jan-29-17:40:08.656786
0.7032548158331698,30490,1,1,0,1,0,0.4,0.0,2025-Jan-29-17:40:08.712144
1.188247294576375,30491,10,1,0,0,0,0.0,0.0,2025-Jan-29-17:40:08.767697
0.7032548305854713,30492,1,1,0,-1,0,0.0,0.0,2025-Jan-29-17:40:08.821015
0.7561023661056487,30493,21,1,0,-1,0,0.0,0.0,2025-Jan-29-17:40:08.875016
0.7561023662558681,30494,19,1,0,-1,0,0.0,0.0,2025-Jan-29-17:40:08.929033
1.1882472947756426,30495,11,1,0,0,0,0.0,0.0,2025-Jan-29-17:40:08.982140
0.7182821636027037,30496,3,1,0,0,0,0.0,0.0,2025-Jan-29-17:40:09.023164
1.1882472947756426,30497,11,1,0,0,0,0.0,0.0,2025-Jan-29-17:40:09.097864
1.1882472805744848,30498,8,1,0,1,0,1.1,0.0,2025-Jan-29-17:40:09.185426
0.718270503145516,30499,23,1,0,0,0,0.0,0.0,2025-Jan-29-17:40:09.256230
1.0464827851028988,30500,10,1,0,1,1,1.0,1.3000000000000003,2025-Jan-29-17:40:09.310827
1.0732828037001547,30501,3,1,1,0,0,0.0,0.0,2025-Jan-29-17:40:09.353630
0.5423447388252866,30502,23,1,0,1,0,1.9000000000000001,0.0,2025-Jan-29-17:40:09.424657
1.188247279508582,30503,7,1,0,1,0,1.1,0.0,2025-Jan-29-17:40:09.479801
1.4298378928471998,30504,11,1,1,1,-1,0.8,0.0,2025-Jan-29-17:40:09.533234
1.0769101678596746,30505,9,1,0,1,1,0.5,1.9000000000000001,2025-Jan-29-17:40:09.610413
1.2260787271081437,30506,14,1,0,-1,0,0.0,0.0,2025-Jan-29-17:40:09.685675
1.6039825804238093,30507,7,1,1,-1,-1,0.0,0.0,2025-Jan-29-17:40:09.737211
1.2248933161499889,30508,17,1,0,-1,0,0.0,0.0,2025-Jan-29-17:40:09.812171
1.2260787273316933,30509,11,1,0,-1,0,0.0,0.0,2025-Jan-29-17:40:09.888837
1.5582575343108447,30510,9,1,1,1,0,1.8000000000000003,0.0,2025-Jan-29-17:40:09.940712
1.1882472958734285,30511,8,1,0,-1,0,0.0,0.0,2025-Jan-29-17:40:09.993404
0.7182729372290622,30512,19,1,0,0,0,0.0,0.0,2025-Jan-29-17:40:10.034228
1.5582575543681574,30513,6,1,1,-1,-1,0.0,0.0,2025-Jan-29-17:40:10.111196
0.7182705063079972,30514,23,1,0,0,-1,0.0,0.0,2025-Jan-29-17:40:10.195682
1.2341032457568648,30515,20,1,0,1,-1,0.4,0.0,2025-Jan-29-17:40:10.295491
1.2467813219013875,30516,17,1,1,1,1,1.2000000000000002,1.8000000000000003,2025-Jan-29-17:40:10.373115
1.032305272112091,30517,17,1,0,1,0,1.1,0.0,2025-Jan-29-17:40:10.427346
0.7032518164381372,30518,18,1,0,0,0,0.0,0.0,2025-Jan-29-17:40:10.478852
0.7032518156813519,30519,15,1,0,0,0,0.0,0.0,2025-Jan-29-17:40:10.531608
0.7032518164381372,30520,18,1,0,0,0,0.0,0.0,2025-Jan-29-17:40:10.586002
0.7032518165836577,30521,13,1,0,0,0,0.0,0.0,2025-Jan-29-17:40:10.637986
0.7032548287490616,30522,0,1,0,0,0,0.0,0.0,2025-Jan-29-17:40:10.690459
0.7032548158331698,30523,1,1,0,1,0,0.4,0.0,2025-Jan-29-17:40:10.745585
0.7032548286518892,30524,1,1,0,0,0,0.0,0.0,2025-Jan-29-17:40:10.798777
0.7032548287490616,30525,0,1,0,0,0,0.0,0.0,2025-Jan-29-17:40:10.856634
0.7032548287490616,30526,0,1,0,0,0,0.0,0.0,2025-Jan-29-17:40:10.919646
1.2032564083456423,30527,22,1,0,0,-1,0.0,0.0,2025-Jan-29-17:40:10.975541
0.718270503145516,30528,23,1,0,0,0,0.0,0.0,2025-Jan-29-17:40:11.017189
0.7182729370721538,30529,21,1,0,0,0,0.0,0.0,2025-Jan-29-17:40:11.080597
0.7182821637487402,30530,2,1,0,0,0,0.0,0.0,2025-Jan-29-17:40:11.166795
0.7182821505598453,30531,3,1,0,1,0,1.8000000000000003,0.0,2025-Jan-29-17:40:11.256262
0.7182821636027037,30532,3,1,0,0,0,0.0,0.0,2025-Jan-29-17:40:11.301953
0.7182821637487402,30533,2,1,0,0,0,0.0,0.0,2025-Jan-29-17:40:11.347707
0.7182821637487402,30534,2,1,0,0,0,0.0,0.0,2025-Jan-29-17:40:11.392871
0.7182821665362829,30535,3,1,0,-1,0,0.0,0.0,2025-Jan-29-17:40:11.437635
0.7410823775192706,30536,13,1,0,-1,0,0.0,0.0,2025-Jan-29-17:40:11.517203
0.7487322891669068,30537,23,1,0,-1,0,0.0,0.0,2025-Jan-29-17:40:11.574499
0.7182729370721538,30538,21,1,0,0,0,0.0,0.0,2025-Jan-29-17:40:11.619425
0.7032518164381372,30539,18,1,0,0,0,0.0,0.0,2025-Jan-29-17:40:11.673903
0.7907983793815168,30540,18,1,0,0,-1,0.0,0.0,2025-Jan-29-17:40:11.753534
1.6458067962220135,30541,20,1,1,0,-1,0.0,0.0,2025-Jan-29-17:40:11.832847
1.6458045492238536,30542,9,1,1,0,-1,0.0,0.0,2025-Jan-29-17:40:11.912423
1.0464827951980311,30543,11,1,0,1,0,1.0,0.0,2025-Jan-29-17:40:11.970608
1.5432479348432389,30544,14,1,1,0,0,0.0,0.0,2025-Jan-29-17:40:12.027156
0.718270503145516,30545,23,1,0,0,0,0.0,0.0,2025-Jan-29-17:40:12.085437
1.5582570463223062,30546,22,1,1,0,0,0.0,0.0,2025-Jan-29-17:40:12.176628
1.0732828037001547,30547,3,1,1,0,0,0.0,0.0,2025-Jan-29-17:40:12.266278
1.0732828037001547,30548,3,1,1,0,0,0.0,0.0,2025-Jan-29-17:40:12.328706
1.058252459835037,30549,13,1,1,0,-1,0.0,0.0,2025-Jan-29-17:40:12.384856
0.7032518199523472,30550,13,1,0,0,-1,0.0,0.0,2025-Jan-29-17:40:12.440984
1.145719975756996,30551,11,1,0,1,0,0.30000000000000004,0.0,2025-Jan-29-17:40:12.498123
0.5423447388252866,30552,23,1,0,1,0,1.9000000000000001,0.0,2025-Jan-29-17:40:12.572053
1.188247279508582,30553,7,1,0,1,0,1.1,0.0,2025-Jan-29-17:40:12.629725
1.4298378928471998,30554,11,1,1,1,-1,0.8,0.0,2025-Jan-29-17:40:12.685990
1.0769101678596746,30555,9,1,0,1,1,0.5,1.9000000000000001,2025-Jan-29-17:40:12.766319
1.2260787271081437,30556,14,1,0,-1,0,0.0,0.0,2025-Jan-29-17:40:12.846059
1.6039825804238093,30557,7,1,1,-1,-1,0.0,0.0,2025-Jan-29-17:40:12.902138
1.2248933161499889,30558,17,1,0,-1,0,0.0,0.0,2025-Jan-29-17:40:12.985289
1.2260787273316933,30559,11,1,0,-1,0,0.0,0.0,2025-Jan-29-17:40:13.118303
1.3673103829345319,30560,10,1,1,1,0,1.8000000000000003,0.0,2025-Jan-29-17:40:13.258070
1.1882472958734285,30561,8,1,0,-1,0,0.0,0.0,2025-Jan-29-17:40:13.351250
0.7182729372290622,30562,19,1,0,0,0,0.0,0.0,2025-Jan-29-17:40:13.406394
1.5582575543681574,30563,6,1,1,-1,-1,0.0,0.0,2025-Jan-29-17:40:13.472133
0.7182705063079972,30564,23,1,0,0,-1,0.0,0.0,2025-Jan-29-17:40:13.525721
1.2341032457568648,30565,20,1,0,1,-1,0.4,0.0,2025-Jan-29-17:40:13.615642
1.2467813219013875,30566,17,1,1,1,1,1.2000000000000002,1.8000000000000003,2025-Jan-29-17:40:13.707170
1.0769118671865934,30567,9,1,0,-1,1,0.0,1.8000000000000003,2025-Jan-29-17:40:13.797981
1.1598785426301905,30568,7,1,0,0,1,0.0,0.2,2025-Jan-29-17:40:13.861105
1.1882472859598168,30569,11,1,0,0,1,0.0,1.2000000000000002,2025-Jan-29-17:40:13.920724
1.0732827913075866,30570,2,1,1,1,0,0.5,0.0,2025-Jan-29-17:40:13.977927
1.5432479200130405,30571,4,1,1,1,0,0.30000000000000004,0.0,2025-Jan-29-17:40:14.042768
1.188247298483611,30572,11,1,0,0,-1,0.0,0.0,2025-Jan-29-17:40:14.144576
1.5582575346125946,30573,9,1,1,1,0,0.5,0.0,2025-Jan-29-17:40:14.261065
1.1030352092601465,30574,7,1,0,0,1,0.0,0.6,2025-Jan-29-17:40:14.818170
1.188247294787923,30575,17,1,0,0,0,0.0,0.0,2025-Jan-29-17:40:14.882384
1.416905577632403,30576,7,1,1,1,1,0.6,1.4000000000000001,2025-Jan-29-17:40:14.970646
1.2032568942506616,30577,9,1,0,1,0,1.8000000000000003,0.0,2025-Jan-29-17:40:15.036224
1.0582524564983662,30578,18,1,1,0,0,0.0,0.0,2025-Jan-29-17:40:15.136038
1.0582554707465124,30579,0,1,1,-1,0,0.0,0.0,2025-Jan-29-17:40:15.267152
0.7182821669329108,30580,2,1,0,0,-1,0.0,0.0,2025-Jan-29-17:40:15.343956
1.0732735771638882,30581,21,1,1,0,0,0.0,0.0,2025-Jan-29-17:40:15.393453
0.5423447388252866,30582,23,1,0,1,0,1.9000000000000001,0.0,2025-Jan-29-17:40:15.472826
0.7032518165899636,30583,16,1,0,0,0,0.0,0.0,2025-Jan-29-17:40:15.533220
0.6332224085871853,30584,19,1,0,1,0,0.6,0.0,2025-Jan-29-17:40:15.582479
0.7032518165899636,30585,16,1,0,0,0,0.0,0.0,2025-Jan-29-17:40:15.642766
0.7032518164381372,30586,18,1,0,0,0,0.0,0.0,2025-Jan-29-17:40:15.702716
0.7032518164381372,30587,18,1,0,0,0,0.0,0.0,2025-Jan-29-17:40:15.762460
0.7032518165836577,30588,13,1,0,0,0,0.0,0.0,2025-Jan-29-17:40:15.822580
0.7032518199523472,30589,13,1,0,0,-1,0.0,0.0,2025-Jan-29-17:40:15.881674
0.7032548308487874,30590,0,1,0,0,-1,0.0,0.0,2025-Jan-29-17:40:15.937554
0.7032548158331698,30591,1,1,0,1,0,0.4,0.0,2025-Jan-29-17:40:15.992672
0.7032548164144785,30592,1,1,0,1,0,0.1,0.0,2025-Jan-29-17:40:16.048320
0.7032548287490616,30593,0,1,0,0,0,0.0,0.0,2025-Jan-29-17:40:16.138964
0.7032548305854713,30594,1,1,0,-1,0,0.0,0.0,2025-Jan-29-17:40:16.235738
1.2032564083456423,30595,22,1,0,0,-1,0.0,0.0,2025-Jan-29-17:40:16.322236
0.718270503145516,30596,23,1,0,0,0,0.0,0.0,2025-Jan-29-17:40:16.367341
0.718270503145516,30597,23,1,0,0,0,0.0,0.0,2025-Jan-29-17:40:16.411907
0.7182705063079972,30598,23,1,0,0,-1,0.0,0.0,2025-Jan-29-17:40:16.456372
1.2032591688378944,30599,20,1,0,0,0,0.0,0.0,2025-Jan-29-17:40:16.511203
1.2410870128463722,30600,22,1,0,-1,0,0.0,0.0,2025-Jan-29-17:40:16.591100
0.7182729372290622,30601,19,1,0,0,0,0.0,0.0,2025-Jan-29-17:40:16.635740
0.7908004349144597,30602,1,1,0,0,-1,0.0,0.0,2025-Jan-29-17:40:16.715325
0.7182821636027037,30603,3,1,0,0,0,0.0,0.0,2025-Jan-29-17:40:16.759663
0.7182821637487402,30604,2,1,0,0,0,0.0,0.0,2025-Jan-29-17:40:16.803984
0.7182821637487402,30605,2,1,0,0,0,0.0,0.0,2025-Jan-29-17:40:16.848425
0.7182821637487402,30606,2,1,0,0,0,0.0,0.0,2025-Jan-29-17:40:16.896850
0.7182821665362829,30607,3,1,0,-1,0,0.0,0.0,2025-Jan-29-17:40:16.945320
0.7410823775192706,30608,13,1,0,-1,0,0.0,0.0,2025-Jan-29-17:40:17.028896
1.2032564061623827,30609,24,1,0,0,0,0.0,0.0,2025-Jan-29-17:40:17.104087
0.7561023662558681,30610,19,1,0,-1,0,0.0,0.0,2025-Jan-29-17:40:17.213075
0.7182729370721538,30611,21,1,0,0,0,0.0,0.0,2025-Jan-29-17:40:17.311432
1.0123091680935117,30612,10,1,0,1,0,1.6,0.0,2025-Jan-29-17:40:17.398746
1.0464827951980311,30613,11,1,0,1,0,1.0,0.0,2025-Jan-29-17:40:17.459880
1.5432479348432389,30614,14,1,1,0,0,0.0,0.0,2025-Jan-29-17:40:17.519699
1.0960830067170062,30615,13,1,1,-1,1,0.0,0.1,2025-Jan-29-17:40:17.603835
1.5582570463223062,30616,22,1,1,0,0,0.0,0.0,2025-Jan-29-17:40:17.665584
1.0769118671865934,30617,9,1,0,-1,1,0.0,1.8000000000000003,2025-Jan-29-17:40:17.751297
1.1598785426301905,30618,7,1,0,0,1,0.0,0.2,2025-Jan-29-17:40:17.813247
1.2032591595292512,30619,12,1,0,0,1,0.0,1.2000000000000002,2025-Jan-29-17:40:17.874265
1.0732827913075866,30620,2,1,1,1,0,0.5,0.0,2025-Jan-29-17:40:17.934328
1.5432479200130405,30621,4,1,1,1,0,0.30000000000000004,0.0,2025-Jan-29-17:40:17.995895
1.188247298483611,30622,11,1,0,0,-1,0.0,0.0,2025-Jan-29-17:40:18.078490
1.5582575346125946,30623,9,1,1,1,0,0.5,0.0,2025-Jan-29-17:40:18.187290
1.1030352092601465,30624,7,1,0,0,1,0.0,0.6,2025-Jan-29-17:40:18.293326
0.7032518165899636,30625,16,1,0,0,0,0.0,0.0,2025-Jan-29-17:40:18.350552
1.416905577632403,30626,7,1,1,1,1,0.6,1.4000000000000001,2025-Jan-29-17:40:18.431806
1.0123097427866474,30627,10,1,0,1,0,1.8000000000000003,0.0,2025-Jan-29-17:40:18.513363
1.0582524564983662,30628,18,1,1,0,0,0.0,0.0,2025-Jan-29-17:40:18.569313
1.0582554707465124,30629,0,1,1,-1,0,0.0,0.0,2025-Jan-29-17:40:18.626111
0.7182821669329108,30630,2,1,0,0,-1,0.0,0.0,2025-Jan-29-17:40:18.672113
1.0732735771638882,30631,21,1,1,0,0,0.0,0.0,2025-Jan-29-17:40:18.718636
1.3673089547112514,30632,11,1,1,1,-1,1.3000000000000003,0.0,2025-Jan-29-17:40:18.802468
1.0582554559942108,30633,0,1,1,1,0,0.4,0.0,2025-Jan-29-17:40:18.862245
0.7182821507785452,30634,3,1,0,1,0,0.6,0.0,2025-Jan-29-17:40:18.919296
1.1748913034901691,30635,20,1,0,0,1,0.0,0.2,2025-Jan-29-17:40:18.976494
1.5432479400704557,30636,10,1,1,0,-1,0.0,0.0,2025-Jan-29-17:40:19.034741
0.845461234465042,30637,18,1,1,1,1,0.9,0.6,2025-Jan-29-17:40:19.113903
1.543247934780537,30638,4,1,1,0,0,0.0,0.0,2025-Jan-29-17:40:19.207714
1.0251323908918852,30639,18,1,1,-1,1,0.0,0.5,2025-Jan-29-17:40:19.331441
0.7032548327823697,30640,0,1,0,-1,-1,0.0,0.0,2025-Jan-29-17:40:19.394248
1.058252459835037,30641,13,1,1,0,-1,0.0,0.0,2025-Jan-29-17:40:19.455682
1.2489819404873708,30642,8,1,0,-1,-1,0.0,0.0,2025-Jan-29-17:40:19.516642
1.203256908176808,30643,6,1,0,0,0,0.0,0.0,2025-Jan-29-17:40:19.578050
1.0323052722376838,30644,14,1,0,1,0,1.1,0.0,2025-Jan-29-17:40:19.639641
1.2908061561708264,30645,20,1,0,0,-1,0.0,0.0,2025-Jan-29-17:40:19.724748
0.7182821637487402,30646,2,1,0,0,0,0.0,0.0,2025-Jan-29-17:40:19.774886
0.5423447388252866,30647,23,1,0,1,0,1.9000000000000001,0.0,2025-Jan-29-17:40:19.855564
0.7032518165899636,30648,16,1,0,0,0,0.0,0.0,2025-Jan-29-17:40:19.916223
0.7032518164381372,30649,18,1,0,0,0,0.0,0.0,2025-Jan-29-17:40:19.976956
0.7032518156813519,30650,15,1,0,0,0,0.0,0.0,2025-Jan-29-17:40:20.038539
1.188247294787923,30651,17,1,0,0,0,0.0,0.0,2025-Jan-29-17:40:20.125866
0.7032518164381372,30652,18,1,0,0,0,0.0,0.0,2025-Jan-29-17:40:20.243486
0.7032518165836577,30653,13,1,0,0,0,0.0,0.0,2025-Jan-29-17:40:20.328380
1.188247294787923,30654,17,1,0,0,0,0.0,0.0,2025-Jan-29-17:40:20.393365
0.7032518199523472,30655,13,1,0,0,-1,0.0,0.0,2025-Jan-29-17:40:20.451265
0.7032548308487874,30656,0,1,0,0,-1,0.0,0.0,2025-Jan-29-17:40:20.507736
0.7032548286518892,30657,1,1,0,0,0,0.0,0.0,2025-Jan-29-17:40:20.563890
1.058255470912656,30658,0,1,1,0,-1,0.0,0.0,2025-Jan-29-17:40:20.619653
0.7032548308487874,30659,0,1,0,0,-1,0.0,0.0,2025-Jan-29-17:40:20.675704
0.7032548287490616,30660,0,1,0,0,0,0.0,0.0,2025-Jan-29-17:40:20.733004
1.2032564083456423,30661,22,1,0,0,-1,0.0,0.0,2025-Jan-29-17:40:20.788935
0.718270503145516,30662,23,1,0,0,0,0.0,0.0,2025-Jan-29-17:40:21.265440
1.5582570484090077,30663,22,1,1,0,-1,0.0,0.0,2025-Jan-29-17:40:21.356072
0.7182705063079972,30664,23,1,0,0,-1,0.0,0.0,2025-Jan-29-17:40:21.435732
0.7182729370721538,30665,21,1,0,0,0,0.0,0.0,2025-Jan-29-17:40:21.503292
0.7182729370721538,30666,21,1,0,0,0,0.0,0.0,2025-Jan-29-17:40:21.548379
0.7182729370721538,30667,21,1,0,0,0,0.0,0.0,2025-Jan-29-17:40:21.593351
0.7182729372290622,30668,19,1,0,0,0,0.0,0.0,2025-Jan-29-17:40:21.638709
0.7908004349144597,30669,1,1,0,0,-1,0.0,0.0,2025-Jan-29-17:40:21.718173
0.7182821637487402,30670,2,1,0,0,0,0.0,0.0,2025-Jan-29-17:40:21.762693
0.7182821636027037,30671,3,1,0,0,0,0.0,0.0,2025-Jan-29-17:40:21.807835
0.7032548286518892,30672,1,1,0,0,0,0.0,0.0,2025-Jan-29-17:40:21.865420
0.7182821637487402,30673,2,1,0,0,0,0.0,0.0,2025-Jan-29-17:40:21.910229
0.8058190942097962,30674,3,1,0,-1,-1,0.0,0.0,2025-Jan-29-17:40:21.968143
0.7182821669329108,30675,2,1,0,0,-1,0.0,0.0,2025-Jan-29-17:40:22.013205
0.7410823775192706,30676,13,1,0,-1,0,0.0,0.0,2025-Jan-29-17:40:22.094180
0.7487322891669068,30677,23,1,0,-1,0,0.0,0.0,2025-Jan-29-17:40:22.152530
0.7032518164381372,30678,18,1,0,0,0,0.0,0.0,2025-Jan-29-17:40:22.222855
1.2908039091728067,30679,9,1,0,0,-1,0.0,0.0,2025-Jan-29-17:40:22.347643
1.0123097427866474,30680,10,1,0,1,0,1.8000000000000003,0.0,2025-Jan-29-17:40:22.451296
1.0464827951980311,30681,11,1,0,1,0,1.0,0.0,2025-Jan-29-17:40:22.509854
1.3673089547112514,30682,11,1,1,1,-1,1.3000000000000003,0.0,2025-Jan-29-17:40:22.592125
1.0582554559942108,30683,0,1,1,1,0,0.4,0.0,2025-Jan-29-17:40:22.649261
0.7182821507785452,30684,3,1,0,1,0,0.6,0.0,2025-Jan-29-17:40:22.706129
1.1748913034901691,30685,20,1,0,0,1,0.0,0.2,2025-Jan-29-17:40:22.763708
1.5432479400704557,30686,10,1,1,0,-1,0.0,0.0,2025-Jan-29-17:40:22.820672
0.845461234465042,30687,18,1,1,1,1,0.9,0.6,2025-Jan-29-17:40:22.879813
1.543247934780537,30688,4,1,1,0,0,0.0,0.0,2025-Jan-29-17:40:22.938493
1.0251323908918852,30689,18,1,1,-1,1,0.0,0.5,2025-Jan-29-17:40:23.018811
0.7032548327823697,30690,0,1,0,-1,-1,0.0,0.0,2025-Jan-29-17:40:23.075662
1.058252459835037,30691,13,1,1,0,-1,0.0,0.0,2025-Jan-29-17:40:23.146334
1.2489819404873708,30692,8,1,0,-1,-1,0.0,0.0,2025-Jan-29-17:40:23.241191
1.203256908176808,30693,6,1,0,0,0,0.0,0.0,2025-Jan-29-17:40:23.335974
1.0323052722376838,30694,14,1,0,1,0,1.1,0.0,2025-Jan-29-17:40:23.416922
1.2908061561708264,30695,20,1,0,0,-1,0.0,0.0,2025-Jan-29-17:40:23.498729
0.7182821637487402,30696,2,1,0,0,0,0.0,0.0,2025-Jan-29-17:40:23.544743
1.058255472846238,30697,0,1,1,-1,-1,0.0,0.0,2025-Jan-29-17:40:23.601443
1.5432479359430014,30698,5,1,1,-1,0,0.0,0.0,2025-Jan-29-17:40:23.658465
1.1882472846431693,30699,10,1,0,0,1,0.0,0.7000000000000001,2025-Jan-29-17:40:23.716941
1.6458036696021932,30700,24,1,1,0,-1,0.0,0.0,2025-Jan-29-17:40:23.797102
1.5960876528152106,30701,24,1,1,-1,0,0.0,0.0,2025-Jan-29-17:40:23.875989
1.2032563928111888,30702,22,1,0,0,1,0.0,1.5000000000000002,2025-Jan-29-17:40:23.931270
1.1882472985320298,30703,5,1,0,0,-1,0.0,0.0,2025-Jan-29-17:40:23.988951
1.0582554687157577,30704,1,1,1,0,0,0.0,0.0,2025-Jan-29-17:40:24.044892
1.2032564062589408,30705,22,1,0,0,0,0.0,0.0,2025-Jan-29-17:40:24.118777
1.17407171451321,30706,11,1,0,1,0,0.1,0.0,2025-Jan-29-17:40:24.212542
0.44212744979343443,30707,18,1,0,1,1,1.6,0.6,2025-Jan-29-17:40:24.325647
0.7182729372290622,30708,19,1,0,0,0,0.0,0.0,2025-Jan-29-17:40:24.373390
1.5432479348176518,30709,17,1,1,0,0,0.0,0.0,2025-Jan-29-17:40:24.430508
1.241089522048855,30710,20,1,0,-1,0,0.0,0.0,2025-Jan-29-17:40:24.511158
0.7182821497983419,30711,2,1,0,0,1,0.0,1.8000000000000003,2025-Jan-29-17:40:24.567717
0.5423447388252866,30712,23,1,0,1,0,1.9000000000000001,0.0,2025-Jan-29-17:40:24.644168
0.5473144613186303,30713,16,1,0,1,0,1.1,0.0,2025-Jan-29-17:40:24.701471
0.6181980328918826,30714,18,1,0,1,0,0.6,0.0,2025-Jan-29-17:40:24.758091
0.7032518156813519,30715,15,1,0,0,0,0.0,0.0,2025-Jan-29-17:40:24.814456
0.7032518164381372,30716,18,1,0,0,0,0.0,0.0,2025-Jan-29-17:40:24.870374
0.7032518164381372,30717,18,1,0,0,0,0.0,0.0,2025-Jan-29-17:40:24.926819
0.7410823776243158,30718,18,1,0,-1,0,0.0,0.0,2025-Jan-29-17:40:25.005820
1.2032591688841716,30719,12,1,0,0,0,0.0,0.0,2025-Jan-29-17:40:25.077309
0.7032518165899636,30720,16,1,0,0,0,0.0,0.0,2025-Jan-29-17:40:25.178326
0.7032518199523472,30721,13,1,0,0,-1,0.0,0.0,2025-Jan-29-17:40:25.275074
0.7032548287490616,30722,0,1,0,0,0,0.0,0.0,2025-Jan-29-17:40:25.350179
0.7032548286518892,30723,1,1,0,0,0,0.0,0.0,2025-Jan-29-17:40:25.406689
0.7032548164144785,30724,1,1,0,1,0,0.1,0.0,2025-Jan-29-17:40:25.463316
0.7182821637487402,30725,2,1,0,0,0,0.0,0.0,2025-Jan-29-17:40:25.508286
0.7032548287490616,30726,0,1,0,0,0,0.0,0.0,2025-Jan-29-17:40:25.564083
0.7032548287490616,30727,0,1,0,0,0,0.0,0.0,2025-Jan-29-17:40:25.619980
0.7032548327823697,30728,0,1,0,-1,-1,0.0,0.0,2025-Jan-29-17:40:25.675470
1.2032563923704165,30729,22,1,0,0,1,0.0,0.30000000000000004,2025-Jan-29-17:40:25.732269
0.718270503145516,30730,23,1,0,0,0,0.0,0.0,2025-Jan-29-17:40:25.777405
1.2032564062589408,30731,22,1,0,0,0,0.0,0.0,2025-Jan-29-17:40:25.833865
0.7182705063079972,30732,23,1,0,0,-1,0.0,0.0,2025-Jan-29-17:40:25.878842
1.2032591688378944,30733,20,1,0,0,0,0.0,0.0,2025-Jan-29-17:40:25.935372
0.7182729370721538,30734,21,1,0,0,0,0.0,0.0,2025-Jan-29-17:40:25.980711
1.0732735771638882,30735,21,1,1,0,0,0.0,0.0,2025-Jan-29-17:40:26.025475
0.7182729372290622,30736,19,1,0,0,0,0.0,0.0,2025-Jan-29-17:40:26.093994
0.7032548286518892,30737,1,1,0,0,0,0.0,0.0,2025-Jan-29-17:40:26.190009
0.7182821505598453,30738,3,1,0,1,0,1.8000000000000003,0.0,2025-Jan-29-17:40:26.272927
0.7182821507785452,30739,3,1,0,1,0,0.6,0.0,2025-Jan-29-17:40:26.326390
1.0732828038461912,30740,2,1,1,0,0,0.0,0.0,2025-Jan-29-17:40:26.371584
0.7182821637487402,30741,2,1,0,0,0,0.0,0.0,2025-Jan-29-17:40:26.414314
0.7182821637487402,30742,2,1,0,0,0,0.0,0.0,2025-Jan-29-17:40:26.455533
0.7182821665362829,30743,3,1,0,-1,0,0.0,0.0,2025-Jan-29-17:40:26.497486
0.7182821669329108,30744,2,1,0,0,-1,0.0,0.0,2025-Jan-29-17:40:26.542105
1.2032591688841716,30745,12,1,0,0,0,0.0,0.0,2025-Jan-29-17:40:26.594577
1.2032564061623827,30746,24,1,0,0,0,0.0,0.0,2025-Jan-29-17:40:26.650692
1.058255472846238,30747,0,1,1,-1,-1,0.0,0.0,2025-Jan-29-17:40:26.702686
1.5432479359430014,30748,5,1,1,-1,0,0.0,0.0,2025-Jan-29-17:40:26.755657
1.1882472846431693,30749,10,1,0,0,1,0.0,0.7000000000000001,2025-Jan-29-17:40:26.812813
1.6458036696021932,30750,24,1,1,0,-1,0.0,0.0,2025-Jan-29-17:40:26.889651
1.5960876528152106,30751,24,1,1,-1,0,0.0,0.0,2025-Jan-29-17:40:26.967316
1.2032563928111888,30752,22,1,0,0,1,0.0,1.5000000000000002,2025-Jan-29-17:40:27.323913
1.1882472985320298,30753,5,1,0,0,-1,0.0,0.0,2025-Jan-29-17:40:27.410528
1.0582554687157577,30754,1,1,1,0,0,0.0,0.0,2025-Jan-29-17:40:27.483245
1.2032564062589408,30755,22,1,0,0,0,0.0,0.0,2025-Jan-29-17:40:27.535173
1.0038029501324064,30756,14,1,0,1,1,0.7000000000000001,0.6,2025-Jan-29-17:40:27.589153
0.44212744979343443,30757,18,1,0,1,1,1.6,0.6,2025-Jan-29-17:40:27.663871
0.7182729372290622,30758,19,1,0,0,0,0.0,0.0,2025-Jan-29-17:40:27.704456
1.5432479348176518,30759,17,1,1,0,0,0.0,0.0,2025-Jan-29-17:40:27.756650
1.241089522048855,30760,20,1,0,-1,0,0.0,0.0,2025-Jan-29-17:40:27.831340
0.7182821497983419,30761,2,1,0,0,1,0.0,1.8000000000000003,2025-Jan-29-17:40:27.883362
0.718270503145516,30762,23,1,0,0,0,0.0,0.0,2025-Jan-29-17:40:27.924237
0.7032518190940896,30763,16,1,0,0,-1,0.0,0.0,2025-Jan-29-17:40:27.975517
1.0769270640679034,30764,9,1,0,1,1,1.1,0.9,2025-Jan-29-17:40:28.050937
0.7032518165899636,30765,16,1,0,0,0,0.0,0.0,2025-Jan-29-17:40:28.103319
1.0960830171985942,30766,15,1,1,-1,0,0.0,0.0,2025-Jan-29-17:40:28.177349
0.7182729372290622,30767,19,1,0,0,0,0.0,0.0,2025-Jan-29-17:40:28.246779
0.6749013383036206,30768,13,1,0,1,0,0.2,0.0,2025-Jan-29-17:40:28.323687
1.117259273069625,30769,17,1,0,0,1,0.0,0.5,2025-Jan-29-17:40:28.414049
0.9271058423240758,30770,17,1,0,1,1,1.4000000000000001,0.6,2025-Jan-29-17:40:28.490921
1.241089522048855,30771,20,1,0,-1,0,0.0,0.0,2025-Jan-29-17:40:28.573770
1.4169072757547616,30772,7,1,1,1,1,1.0,1.3000000000000003,2025-Jan-29-17:40:28.652418
0.946952322619587,30773,3,1,1,-1,1,0.0,1.4000000000000001,2025-Jan-29-17:40:28.723178
0.9164922134318598,30774,18,1,1,1,0,1.0,0.0,2025-Jan-29-17:40:28.775048
1.5432479347321184,30775,10,1,1,0,0,0.0,0.0,2025-Jan-29-17:40:28.830710
1.248981940207102,30776,14,1,0,0,-1,0.0,0.0,2025-Jan-29-17:40:28.883994
