Cost,Sim,Switch_State_Indx,Gen1_on,Gen2_on,Batt1_mode,Batt2_mode,Batt1_power_kW,Batt2_power_kW,Timestamp
1.1040296486671168,34079,20,1,0,1,0,0.7000000000000001,0.0,2025-Jan-29-17:44:14.608369
1.1111030063412572,34080,19,1,1,-1,0,0.0,0.0,2025-Jan-29-17:44:14.666682
1.0582524564983662,34081,18,1,1,0,0,0.0,0.0,2025-Jan-29-17:44:15.025481
1.581079356982888,34082,10,1,1,-1,1,0.0,1.2000000000000002,2025-Jan-29-17:44:15.123479
1.2032564083456423,34083,22,1,0,0,-1,0.0,0.0,2025-Jan-29-17:44:15.215253
1.443802948543486,34084,7,1,1,1,1,0.1,0.7000000000000001,2025-Jan-29-17:44:15.293878
1.2032564062589408,34085,22,1,0,0,0,0.0,0.0,2025-Jan-29-17:44:15.355088
1.1458010766113311,34086,1,1,1,-1,-1,0.0,0.0,2025-Jan-29-17:44:15.435679
0.7182729400006294,34087,19,1,0,0,-1,0.0,0.0,2025-Jan-29-17:44:15.479468
1.5582575482556265,34088,6,1,1,0,0,0.0,0.0,2025-Jan-29-17:44:15.533915
1.1890812311592531,34089,22,1,0,1,1,0.1,1.3000000000000003,2025-Jan-29-17:44:15.588557
0.5473144611383294,34090,18,1,0,1,0,1.1,0.0,2025-Jan-29-17:44:15.642294
1.5432479347321184,34091,10,1,1,0,0,0.0,0.0,2025-Jan-29-17:44:15.698056
1.030710161126731,34092,21,1,1,0,1,0.0,0.30000000000000004,2025-Jan-29-17:44:15.745210
1.0732828038461912,34093,2,1,1,0,0,0.0,0.0,2025-Jan-29-17:44:15.788907
1.0582554687157577,34094,1,1,1,0,0,0.0,0.0,2025-Jan-29-17:44:15.843409
1.5582575482120697,34095,9,1,1,0,0,0.0,0.0,2025-Jan-29-17:44:15.897770
0.5423447386502132,34096,25,1,0,1,0,1.9000000000000001,0.0,2025-Jan-29-17:44:15.968753
1.2757299910984834,34097,14,1,0,-1,-1,0.0,0.0,2025-Jan-29-17:44:16.045792
0.897347485641424,34098,19,1,1,1,1,1.4000000000000001,1.2000000000000002,2025-Jan-29-17:44:16.170715
0.5769202358660696,34099,1,1,0,0,1,0.0,1.3000000000000003,2025-Jan-29-17:44:16.274696
1.188247294787923,34100,17,1,0,0,0,0.0,0.0,2025-Jan-29-17:44:16.329563
1.0732711432420041,34101,23,1,1,0,0,0.0,0.0,2025-Jan-29-17:44:16.372535
1.1882472846867946,34102,5,1,0,0,1,0.0,1.5000000000000002,2025-Jan-29-17:44:16.430426
1.0582554687157577,34103,1,1,1,0,0,0.0,0.0,2025-Jan-29-17:44:16.484817
1.5432479348660704,34104,8,1,1,0,0,0.0,0.0,2025-Jan-29-17:44:16.539298
0.9319063639328822,34105,15,1,1,0,1,0.0,1.9000000000000001,2025-Jan-29-17:44:16.616115
1.443802963039261,34106,14,1,1,0,1,0.0,0.7000000000000001,2025-Jan-29-17:44:16.671492
1.1111030061933418,34107,21,1,1,-1,0,0.0,0.0,2025-Jan-29-17:44:16.726992
1.073282789895793,34108,2,1,1,0,1,0.0,1.8000000000000003,2025-Jan-29-17:44:16.783017
1.5432479253458653,34109,4,1,1,0,1,0.0,1.7000000000000002,2025-Jan-29-17:44:16.840075
1.6458067962220135,34110,20,1,1,0,-1,0.0,0.0,2025-Jan-29-17:44:16.932551
0.7561023689068226,34111,19,1,0,-1,-1,0.0,0.0,2025-Jan-29-17:44:16.989421
0.7182705030005031,34112,25,1,0,0,0,0.0,0.0,2025-Jan-29-17:44:17.035113
1.558257552279544,34113,6,1,1,0,-1,0.0,0.0,2025-Jan-29-17:44:17.115770
1.2032591688378944,34114,20,1,0,0,0,0.0,0.0,2025-Jan-29-17:44:17.200620
0.7561001563468996,34115,23,1,0,-1,-1,0.0,0.0,2025-Jan-29-17:44:17.282642
1.543247934857496,34116,11,1,1,0,0,0.0,0.0,2025-Jan-29-17:44:17.340619
1.061913452995066,34117,8,1,0,0,1,0.0,0.9,2025-Jan-29-17:44:17.422857
1.1882472692402501,34118,5,1,0,1,1,1.7000000000000002,0.30000000000000004,2025-Jan-29-17:44:17.479714
0.7410823776243158,34119,18,1,0,-1,0,0.0,0.0,2025-Jan-29-17:44:17.555719
1.1037329291610902,34120,25,1,1,-1,0,0.0,0.0,2025-Jan-29-17:44:17.611006
1.6039825794693994,34121,14,1,1,0,-1,0.0,0.0,2025-Jan-29-17:44:17.665350
0.9319124461835145,34122,1,1,1,0,1,0.0,1.8000000000000003,2025-Jan-29-17:44:17.742658
0.7032518165899636,34123,16,1,0,0,0,0.0,0.0,2025-Jan-29-17:44:17.796042
1.4438029630129066,34124,17,1,1,0,1,0.0,0.7000000000000001,2025-Jan-29-17:44:17.856634
1.0997473347188809,34125,17,1,0,-1,1,0.0,1.0,2025-Jan-29-17:44:17.957783
0.7032548287490616,34126,0,1,0,0,0,0.0,0.0,2025-Jan-29-17:44:18.011590
0.7759779375716094,34127,18,1,1,1,1,1.1,1.5000000000000002,2025-Jan-29-17:44:18.115922
0.9588150974847701,34128,1,1,1,1,1,0.6,0.7000000000000001,2025-Jan-29-17:44:18.207909
0.7182821512616568,34129,2,1,0,1,0,0.2,0.0,2025-Jan-29-17:44:18.284121
1.4319277039726175,34130,9,1,1,1,1,1.3000000000000003,0.9,2025-Jan-29-17:44:18.365324
1.290803910947752,34131,9,1,0,-1,-1,0.0,0.0,2025-Jan-29-17:44:18.442343
1.0732735773183826,34132,19,1,1,0,0,0.0,0.0,2025-Jan-29-17:44:18.485991
1.188247298483611,34133,11,1,0,0,-1,0.0,0.0,2025-Jan-29-17:44:18.540726
1.248981940207102,34134,14,1,0,0,-1,0.0,0.0,2025-Jan-29-17:44:18.595136
1.0582524564983662,34135,18,1,1,0,0,0.0,0.0,2025-Jan-29-17:44:18.649044
1.5432479348176518,34136,17,1,1,0,0,0.0,0.0,2025-Jan-29-17:44:18.703403
1.4873825602172714,34137,20,1,1,1,0,0.5,0.0,2025-Jan-29-17:44:18.757401
0.7182729250904931,34138,19,1,0,0,1,0.0,0.2,2025-Jan-29-17:44:18.810631
1.2908039091728067,34139,9,1,0,0,-1,0.0,0.0,2025-Jan-29-17:44:18.887276
1.1882472958734285,34140,8,1,0,-1,0,0.0,0.0,2025-Jan-29-17:44:18.941350
1.1882472949645337,34141,7,1,0,0,0,0.0,0.0,2025-Jan-29-17:44:18.995913
1.5432479349059145,34142,5,1,1,0,0,0.0,0.0,2025-Jan-29-17:44:19.068729
0.7182729372290622,34143,19,1,0,0,0,0.0,0.0,2025-Jan-29-17:44:19.153203
1.279061084743914,34144,17,1,0,-1,-1,0.0,0.0,2025-Jan-29-17:44:19.267968
1.0582524445096033,34145,16,1,1,0,1,0.0,0.2,2025-Jan-29-17:44:19.325142
0.8902398698720624,34146,21,1,1,1,1,0.4,1.5000000000000002,2025-Jan-29-17:44:19.396521
0.7182821505598453,34147,3,1,0,1,0,1.8000000000000003,0.0,2025-Jan-29-17:44:19.450413
1.0732827905966085,34148,2,1,1,0,1,0.0,1.1,2025-Jan-29-17:44:19.504912
1.1173674573849424,34149,10,1,0,1,1,0.5,0.4,2025-Jan-29-17:44:19.559927
1.0732711430969912,34150,25,1,1,0,0,0.0,0.0,2025-Jan-29-17:44:19.603387
1.5810793670700924,34151,14,1,1,-1,0,0.0,0.0,2025-Jan-29-17:44:19.681060
1.6458045350319717,34152,9,1,1,1,-1,0.7000000000000001,0.0,2025-Jan-29-17:44:19.757859
1.5582575374662322,34153,6,1,1,1,-1,0.5,0.0,2025-Jan-29-17:44:19.811927
1.2367962926340237,34154,12,1,0,-1,0,0.0,0.0,2025-Jan-29-17:44:19.889368
0.6048349290685471,34155,21,1,0,1,1,0.5,0.30000000000000004,2025-Jan-29-17:44:19.932584
1.3823274594575383,34156,20,1,1,1,0,1.3000000000000003,0.0,2025-Jan-29-17:44:20.009625
0.8973441396228322,34157,23,1,1,1,1,1.5000000000000002,1.2000000000000002,2025-Jan-29-17:44:20.113713
1.6458036696021932,34158,24,1,1,0,-1,0.0,0.0,2025-Jan-29-17:44:20.234504
1.058252456597701,34159,13,1,1,0,0,0.0,0.0,2025-Jan-29-17:44:20.299513
1.6039825794693994,34160,14,1,1,0,-1,0.0,0.0,2025-Jan-29-17:44:20.354524
1.2032568980766882,34161,6,1,0,1,-1,0.6,0.0,2025-Jan-29-17:44:20.411831
1.188247280875334,34162,5,1,0,1,0,1.1,0.0,2025-Jan-29-17:44:20.467460
1.0619100502483678,34163,8,1,0,-1,1,0.0,1.1,2025-Jan-29-17:44:20.545125
1.2260787174161099,34164,10,1,0,-1,1,0.0,0.4,2025-Jan-29-17:44:20.622856
1.2032591688378944,34165,20,1,0,0,0,0.0,0.0,2025-Jan-29-17:44:20.676947
1.1882472948240612,34166,5,1,0,0,0,0.0,0.0,2025-Jan-29-17:44:20.731641
1.2489819397272353,34167,8,1,0,0,-1,0.0,0.0,2025-Jan-29-17:44:20.786026
1.0960830049023043,34168,16,1,1,-1,1,0.0,1.2000000000000002,2025-Jan-29-17:44:20.863435
0.6190466235260522,34169,19,1,0,1,0,0.7000000000000001,0.0,2025-Jan-29-17:44:20.906846
1.0582554559942108,34170,0,1,1,1,0,0.4,0.0,2025-Jan-29-17:44:20.961922
1.0614997492669365,34171,12,1,0,1,1,1.0,0.7000000000000001,2025-Jan-29-17:44:21.016708
0.843646600794894,34172,21,1,0,-1,-1,0.0,0.0,2025-Jan-29-17:44:21.114072
0.9319225661427436,34173,1,1,1,0,1,0.0,1.2000000000000002,2025-Jan-29-17:44:21.237377
0.7182705030005031,34174,25,1,0,0,0,0.0,0.0,2025-Jan-29-17:44:21.292764
1.543247920027975,34175,7,1,1,1,0,0.1,0.0,2025-Jan-29-17:44:21.348084
1.543247924428567,34176,11,1,1,0,1,0.0,1.5000000000000002,2025-Jan-29-17:44:21.403443
1.1882472958734285,34177,8,1,0,-1,0,0.0,0.0,2025-Jan-29-17:44:21.457940
1.203259157909627,34178,12,1,0,0,1,0.0,1.8000000000000003,2025-Jan-29-17:44:21.512728
1.1882472836576041,34179,10,1,0,0,1,0.0,0.6,2025-Jan-29-17:44:21.569948
1.1111030063412572,34180,19,1,1,-1,0,0.0,0.0,2025-Jan-29-17:44:21.626125
0.7032548287490616,34181,0,1,0,0,0,0.0,0.0,2025-Jan-29-17:44:21.680002
1.0582524564983662,34182,18,1,1,0,0,0.0,0.0,2025-Jan-29-17:44:21.734380
0.7032548287490616,34183,0,1,0,0,0,0.0,0.0,2025-Jan-29-17:44:21.788894
1.2032569081518871,34184,9,1,0,0,0,0.0,0.0,2025-Jan-29-17:44:21.842970
0.7032548287490616,34185,0,1,0,0,0,0.0,0.0,2025-Jan-29-17:44:21.896746
1.2032564083456423,34186,22,1,0,0,-1,0.0,0.0,2025-Jan-29-17:44:22.295157
0.7032548287490616,34187,0,1,0,0,0,0.0,0.0,2025-Jan-29-17:44:22.387577
1.203256908176808,34188,6,1,0,0,0,0.0,0.0,2025-Jan-29-17:44:22.466756
0.7032548287490616,34189,0,1,0,0,0,0.0,0.0,2025-Jan-29-17:44:22.523062
1.2032564062589408,34190,22,1,0,0,0,0.0,0.0,2025-Jan-29-17:44:22.577669
0.7032548287490616,34191,0,1,0,0,0,0.0,0.0,2025-Jan-29-17:44:22.631469
0.7032548287490616,34192,0,1,0,0,0,0.0,0.0,2025-Jan-29-17:44:22.685923
0.7032548287490616,34193,0,1,0,0,0,0.0,0.0,2025-Jan-29-17:44:22.739584
0.7032518164381372,34194,18,1,0,0,0,0.0,0.0,2025-Jan-29-17:44:22.793416
0.7032548287490616,34195,0,1,0,0,0,0.0,0.0,2025-Jan-29-17:44:22.847046
1.5582575482556265,34196,6,1,1,0,0,0.0,0.0,2025-Jan-29-17:44:22.900929
0.7032548287490616,34197,0,1,0,0,0,0.0,0.0,2025-Jan-29-17:44:22.955094
1.1890812311592531,34198,22,1,0,1,1,0.1,1.3000000000000003,2025-Jan-29-17:44:23.009951
0.7032548287490616,34199,0,1,0,0,0,0.0,0.0,2025-Jan-29-17:44:23.064230
0.5473144611383294,34200,18,1,0,1,0,1.1,0.0,2025-Jan-29-17:44:23.119026
0.7032548287490616,34201,0,1,0,0,0,0.0,0.0,2025-Jan-29-17:44:23.180206
1.5432479347321184,34202,10,1,1,0,0,0.0,0.0,2025-Jan-29-17:44:23.277829
0.7032548287490616,34203,0,1,0,0,0,0.0,0.0,2025-Jan-29-17:44:23.365787
1.030710161126731,34204,21,1,1,0,1,0.0,0.30000000000000004,2025-Jan-29-17:44:23.430537
0.7032548287490616,34205,0,1,0,0,0,0.0,0.0,2025-Jan-29-17:44:23.485117
1.0732828038461912,34206,2,1,1,0,0,0.0,0.0,2025-Jan-29-17:44:23.528839
0.7032548287490616,34207,0,1,0,0,0,0.0,0.0,2025-Jan-29-17:44:23.582910
1.0582554687157577,34208,1,1,1,0,0,0.0,0.0,2025-Jan-29-17:44:23.637260
0.7032548287490616,34209,0,1,0,0,0,0.0,0.0,2025-Jan-29-17:44:23.691430
1.1882472948363416,34210,8,1,0,0,0,0.0,0.0,2025-Jan-29-17:44:23.746193
0.7032548287490616,34211,0,1,0,0,0,0.0,0.0,2025-Jan-29-17:44:23.799799
0.5423447386502132,34212,25,1,0,1,0,1.9000000000000001,0.0,2025-Jan-29-17:44:23.871153
0.7182821637487402,34213,2,1,0,0,0,0.0,0.0,2025-Jan-29-17:44:23.914393
1.2757299910984834,34214,14,1,0,-1,-1,0.0,0.0,2025-Jan-29-17:44:23.992129
0.7032548287490616,34215,0,1,0,0,0,0.0,0.0,2025-Jan-29-17:44:24.046153
0.7032518164381372,34216,18,1,0,0,0,0.0,0.0,2025-Jan-29-17:44:24.101503
0.7032548287490616,34217,0,1,0,0,0,0.0,0.0,2025-Jan-29-17:44:24.178472
0.7032548287490616,34218,0,1,0,0,0,0.0,0.0,2025-Jan-29-17:44:24.262257
0.7032548287490616,34219,0,1,0,0,0,0.0,0.0,2025-Jan-29-17:44:24.340143
0.7032518165899636,34220,16,1,0,0,0,0.0,0.0,2025-Jan-29-17:44:24.396077
0.7032548287490616,34221,0,1,0,0,0,0.0,0.0,2025-Jan-29-17:44:24.450008
1.2032564062589408,34222,22,1,0,0,0,0.0,0.0,2025-Jan-29-17:44:24.506656
0.7032548287490616,34223,0,1,0,0,0,0.0,0.0,2025-Jan-29-17:44:24.562301
1.1882472846867946,34224,5,1,0,0,1,0.0,1.5000000000000002,2025-Jan-29-17:44:24.618443
0.7032548287490616,34225,0,1,0,0,0,0.0,0.0,2025-Jan-29-17:44:24.672718
1.0582554687157577,34226,1,1,1,0,0,0.0,0.0,2025-Jan-29-17:44:24.727205
0.7032548287490616,34227,0,1,0,0,0,0.0,0.0,2025-Jan-29-17:44:24.781116
1.5432479348660704,34228,8,1,1,0,0,0.0,0.0,2025-Jan-29-17:44:24.836000
0.7032548287490616,34229,0,1,0,0,0,0.0,0.0,2025-Jan-29-17:44:24.890037
0.9319063639328822,34230,15,1,1,0,1,0.0,1.9000000000000001,2025-Jan-29-17:44:24.967693
0.7032548287490616,34231,0,1,0,0,0,0.0,0.0,2025-Jan-29-17:44:25.021370
1.443802963039261,34232,14,1,1,0,1,0.0,0.7000000000000001,2025-Jan-29-17:44:25.092679
0.7032548287490616,34233,0,1,0,0,0,0.0,0.0,2025-Jan-29-17:44:25.180877
1.2032591688378944,34234,20,1,0,0,0,0.0,0.0,2025-Jan-29-17:44:25.265922
0.7032548287490616,34235,0,1,0,0,0,0.0,0.0,2025-Jan-29-17:44:25.341677
0.7032548286518892,34236,1,1,0,0,0,0.0,0.0,2025-Jan-29-17:44:25.396496
0.7032548287490616,34237,0,1,0,0,0,0.0,0.0,2025-Jan-29-17:44:25.450281
1.5432479253458653,34238,4,1,1,0,1,0.0,1.7000000000000002,2025-Jan-29-17:44:25.505583
0.7032548287490616,34239,0,1,0,0,0,0.0,0.0,2025-Jan-29-17:44:25.559409
0.7182729372290622,34240,19,1,0,0,0,0.0,0.0,2025-Jan-29-17:44:25.602995
0.7032548287490616,34241,0,1,0,0,0,0.0,0.0,2025-Jan-29-17:44:25.656550
0.7561023689068226,34242,19,1,0,-1,-1,0.0,0.0,2025-Jan-29-17:44:25.712203
0.7032548287490616,34243,0,1,0,0,0,0.0,0.0,2025-Jan-29-17:44:25.765936
0.7182705030005031,34244,25,1,0,0,0,0.0,0.0,2025-Jan-29-17:44:25.809317
0.7032548287490616,34245,0,1,0,0,0,0.0,0.0,2025-Jan-29-17:44:25.863430
1.558257552279544,34246,6,1,1,0,-1,0.0,0.0,2025-Jan-29-17:44:25.917483
0.7032548287490616,34247,0,1,0,0,0,0.0,0.0,2025-Jan-29-17:44:25.970807
1.2032591688378944,34248,20,1,0,0,0,0.0,0.0,2025-Jan-29-17:44:26.024821
0.7032548287490616,34249,0,1,0,0,0,0.0,0.0,2025-Jan-29-17:44:26.095574
1.2032564062589408,34250,22,1,0,0,0,0.0,0.0,2025-Jan-29-17:44:26.186348
0.7032548287490616,34251,0,1,0,0,0,0.0,0.0,2025-Jan-29-17:44:26.260723
1.543247934857496,34252,11,1,1,0,0,0.0,0.0,2025-Jan-29-17:44:26.318155
0.7032548287490616,34253,0,1,0,0,0,0.0,0.0,2025-Jan-29-17:44:26.372343
1.1882472949645337,34254,7,1,0,0,0,0.0,0.0,2025-Jan-29-17:44:26.429635
0.7032548287490616,34255,0,1,0,0,0,0.0,0.0,2025-Jan-29-17:44:26.483374
1.1882472692402501,34256,5,1,0,1,1,1.7000000000000002,0.30000000000000004,2025-Jan-29-17:44:26.539423
0.7032548287490616,34257,0,1,0,0,0,0.0,0.0,2025-Jan-29-17:44:26.593037
0.7410823776243158,34258,18,1,0,-1,0,0.0,0.0,2025-Jan-29-17:44:26.669763
0.7032548287490616,34259,0,1,0,0,0,0.0,0.0,2025-Jan-29-17:44:26.723347
1.2032564061623827,34260,24,1,0,0,0,0.0,0.0,2025-Jan-29-17:44:26.777344
0.7032548287490616,34261,0,1,0,0,0,0.0,0.0,2025-Jan-29-17:44:26.830870
0.7032518165836577,34262,13,1,0,0,0,0.0,0.0,2025-Jan-29-17:44:26.885177
0.7032548287490616,34263,0,1,0,0,0,0.0,0.0,2025-Jan-29-17:44:26.938589
0.9319124461835145,34264,1,1,1,0,1,0.0,1.8000000000000003,2025-Jan-29-17:44:27.016035
0.7032548287490616,34265,0,1,0,0,0,0.0,0.0,2025-Jan-29-17:44:27.080996
0.7032518156813519,34266,15,1,0,0,0,0.0,0.0,2025-Jan-29-17:44:27.165982
0.7032548287490616,34267,0,1,0,0,0,0.0,0.0,2025-Jan-29-17:44:27.255423
0.7032518165899636,34268,16,1,0,0,0,0.0,0.0,2025-Jan-29-17:44:27.315337
0.7032548287490616,34269,0,1,0,0,0,0.0,0.0,2025-Jan-29-17:44:27.374050
1.0997473347188809,34270,17,1,0,-1,1,0.0,1.0,2025-Jan-29-17:44:27.474506
0.7032548287490616,34271,0,1,0,0,0,0.0,0.0,2025-Jan-29-17:44:27.528120
0.7032548287490616,34272,0,1,0,0,0,0.0,0.0,2025-Jan-29-17:44:27.581919
0.7032548287490616,34273,0,1,0,0,0,0.0,0.0,2025-Jan-29-17:44:27.635419
0.7759779375716094,34274,18,1,1,1,1,1.1,1.5000000000000002,2025-Jan-29-17:44:27.711664
0.7032548287490616,34275,0,1,0,0,0,0.0,0.0,2025-Jan-29-17:44:27.765271
0.7032548287490616,34276,0,1,0,0,0,0.0,0.0,2025-Jan-29-17:44:27.818929
0.7032548287490616,34277,0,1,0,0,0,0.0,0.0,2025-Jan-29-17:44:27.872624
0.7032548286518892,34278,1,1,0,0,0,0.0,0.0,2025-Jan-29-17:44:27.926542
0.7032548287490616,34279,0,1,0,0,0,0.0,0.0,2025-Jan-29-17:44:27.980070
0.7032518164381372,34280,18,1,0,0,0,0.0,0.0,2025-Jan-29-17:44:28.035127
0.7032548287490616,34281,0,1,0,0,0,0.0,0.0,2025-Jan-29-17:44:28.105793
1.188247294787923,34282,17,1,0,0,0,0.0,0.0,2025-Jan-29-17:44:28.189060
0.7032548287490616,34283,0,1,0,0,0,0.0,0.0,2025-Jan-29-17:44:28.265052
1.581079356982888,34284,10,1,1,-1,1,0.0,1.2000000000000002,2025-Jan-29-17:44:28.346905
0.7032548287490616,34285,0,1,0,0,0,0.0,0.0,2025-Jan-29-17:44:28.400523
0.7182729370721538,34286,21,1,0,0,0,0.0,0.0,2025-Jan-29-17:44:28.444248
0.7032548287490616,34287,0,1,0,0,0,0.0,0.0,2025-Jan-29-17:44:28.498717
1.203256908176808,34288,6,1,0,0,0,0.0,0.0,2025-Jan-29-17:44:28.553249
0.7032548287490616,34289,0,1,0,0,0,0.0,0.0,2025-Jan-29-17:44:28.606826
1.2032564062589408,34290,22,1,0,0,0,0.0,0.0,2025-Jan-29-17:44:28.660771
0.7032548287490616,34291,0,1,0,0,0,0.0,0.0,2025-Jan-29-17:44:28.714211
0.7032548287490616,34292,0,1,0,0,0,0.0,0.0,2025-Jan-29-17:44:28.768121
0.7032548287490616,34293,0,1,0,0,0,0.0,0.0,2025-Jan-29-17:44:28.821850
0.7032518164381372,34294,18,1,0,0,0,0.0,0.0,2025-Jan-29-17:44:28.875717
0.7032548287490616,34295,0,1,0,0,0,0.0,0.0,2025-Jan-29-17:44:28.928929
1.1882472948240612,34296,5,1,0,0,0,0.0,0.0,2025-Jan-29-17:44:28.983814
0.7032548287490616,34297,0,1,0,0,0,0.0,0.0,2025-Jan-29-17:44:29.037453
0.7182729370721538,34298,21,1,0,0,0,0.0,0.0,2025-Jan-29-17:44:29.439258
0.7032548287490616,34299,0,1,0,0,0,0.0,0.0,2025-Jan-29-17:44:29.529694
1.188247294787923,34300,17,1,0,0,0,0.0,0.0,2025-Jan-29-17:44:29.612469
0.7032548287490616,34301,0,1,0,0,0,0.0,0.0,2025-Jan-29-17:44:29.668340
1.2032569081518871,34302,9,1,0,0,0,0.0,0.0,2025-Jan-29-17:44:29.722886
0.7032548287490616,34303,0,1,0,0,0,0.0,0.0,2025-Jan-29-17:44:29.776415
1.2032591688378944,34304,20,1,0,0,0,0.0,0.0,2025-Jan-29-17:44:29.830431
0.7032548287490616,34305,0,1,0,0,0,0.0,0.0,2025-Jan-29-17:44:29.884800
0.7032548286518892,34306,1,1,0,0,0,0.0,0.0,2025-Jan-29-17:44:29.938926
0.7032548287490616,34307,0,1,0,0,0,0.0,0.0,2025-Jan-29-17:44:29.992625
1.0582554687157577,34308,1,1,1,0,0,0.0,0.0,2025-Jan-29-17:44:30.046604
0.7032548287490616,34309,0,1,0,0,0,0.0,0.0,2025-Jan-29-17:44:30.143013
1.5582575482120697,34310,9,1,1,0,0,0.0,0.0,2025-Jan-29-17:44:30.229469
0.7032548287490616,34311,0,1,0,0,0,0.0,0.0,2025-Jan-29-17:44:30.309109
0.5423447386502132,34312,25,1,0,1,0,1.9000000000000001,0.0,2025-Jan-29-17:44:30.382122
0.7182821637487402,34313,2,1,0,0,0,0.0,0.0,2025-Jan-29-17:44:30.425348
1.2757299910984834,34314,14,1,0,-1,-1,0.0,0.0,2025-Jan-29-17:44:30.502673
0.7032548287490616,34315,0,1,0,0,0,0.0,0.0,2025-Jan-29-17:44:30.557280
0.7032518164381372,34316,18,1,0,0,0,0.0,0.0,2025-Jan-29-17:44:30.615512
0.7032548287490616,34317,0,1,0,0,0,0.0,0.0,2025-Jan-29-17:44:30.670075
0.7032548287490616,34318,0,1,0,0,0,0.0,0.0,2025-Jan-29-17:44:30.724559
0.7032548287490616,34319,0,1,0,0,0,0.0,0.0,2025-Jan-29-17:44:30.778167
0.7032518165899636,34320,16,1,0,0,0,0.0,0.0,2025-Jan-29-17:44:30.832572
0.7032548287490616,34321,0,1,0,0,0,0.0,0.0,2025-Jan-29-17:44:30.887901
1.2032564062589408,34322,22,1,0,0,0,0.0,0.0,2025-Jan-29-17:44:30.942739
0.7032548287490616,34323,0,1,0,0,0,0.0,0.0,2025-Jan-29-17:44:30.998244
1.1882472946247935,34324,4,1,0,0,0,0.0,0.0,2025-Jan-29-17:44:31.066947
0.7032548287490616,34325,0,1,0,0,0,0.0,0.0,2025-Jan-29-17:44:31.161902
0.7032548287490616,34326,0,1,0,0,0,0.0,0.0,2025-Jan-29-17:44:31.242204
0.7032548287490616,34327,0,1,0,0,0,0.0,0.0,2025-Jan-29-17:44:31.332448
1.1882472949645337,34328,7,1,0,0,0,0.0,0.0,2025-Jan-29-17:44:31.395458
0.7032548287490616,34329,0,1,0,0,0,0.0,0.0,2025-Jan-29-17:44:31.454439
0.9319063639328822,34330,15,1,1,0,1,0.0,1.9000000000000001,2025-Jan-29-17:44:31.542998
0.7032548287490616,34331,0,1,0,0,0,0.0,0.0,2025-Jan-29-17:44:31.606515
0.7032518165836577,34332,13,1,0,0,0,0.0,0.0,2025-Jan-29-17:44:31.669400
0.7032548287490616,34333,0,1,0,0,0,0.0,0.0,2025-Jan-29-17:44:31.725647
1.2032591688378944,34334,20,1,0,0,0,0.0,0.0,2025-Jan-29-17:44:31.780439
0.7032548287490616,34335,0,1,0,0,0,0.0,0.0,2025-Jan-29-17:44:31.838145
1.073282789895793,34336,2,1,1,0,1,0.0,1.8000000000000003,2025-Jan-29-17:44:31.903975
0.7032548287490616,34337,0,1,0,0,0,0.0,0.0,2025-Jan-29-17:44:31.961714
0.7182821636027037,34338,3,1,0,0,0,0.0,0.0,2025-Jan-29-17:44:32.005658
0.7032548287490616,34339,0,1,0,0,0,0.0,0.0,2025-Jan-29-17:44:32.075695
0.7182729372290622,34340,19,1,0,0,0,0.0,0.0,2025-Jan-29-17:44:32.160024
0.7032548287490616,34341,0,1,0,0,0,0.0,0.0,2025-Jan-29-17:44:32.242535
0.7032518164381372,34342,18,1,0,0,0,0.0,0.0,2025-Jan-29-17:44:32.319299
0.7032548287490616,34343,0,1,0,0,0,0.0,0.0,2025-Jan-29-17:44:32.377672
1.2032564061623827,34344,24,1,0,0,0,0.0,0.0,2025-Jan-29-17:44:32.431792
0.7032548287490616,34345,0,1,0,0,0,0.0,0.0,2025-Jan-29-17:44:32.485182
1.1882472948240612,34346,5,1,0,0,0,0.0,0.0,2025-Jan-29-17:44:32.540382
0.7032548287490616,34347,0,1,0,0,0,0.0,0.0,2025-Jan-29-17:44:32.594800
1.2032591688378944,34348,20,1,0,0,0,0.0,0.0,2025-Jan-29-17:44:32.648448
0.7032548287490616,34349,0,1,0,0,0,0.0,0.0,2025-Jan-29-17:44:32.702108
1.2032564062589408,34350,22,1,0,0,0,0.0,0.0,2025-Jan-29-17:44:32.756289
0.7032548287490616,34351,0,1,0,0,0,0.0,0.0,2025-Jan-29-17:44:32.810148
1.188247294576375,34352,10,1,0,0,0,0.0,0.0,2025-Jan-29-17:44:32.866965
0.7032548287490616,34353,0,1,0,0,0,0.0,0.0,2025-Jan-29-17:44:32.920872
1.1882472949645337,34354,7,1,0,0,0,0.0,0.0,2025-Jan-29-17:44:32.976142
0.7032548287490616,34355,0,1,0,0,0,0.0,0.0,2025-Jan-29-17:44:33.029840
1.1882472946247935,34356,4,1,0,0,0,0.0,0.0,2025-Jan-29-17:44:33.103910
0.7032548287490616,34357,0,1,0,0,0,0.0,0.0,2025-Jan-29-17:44:33.183338
0.7410823776243158,34358,18,1,0,-1,0,0.0,0.0,2025-Jan-29-17:44:33.292333
0.7032548287490616,34359,0,1,0,0,0,0.0,0.0,2025-Jan-29-17:44:33.347651
1.2032564061623827,34360,24,1,0,0,0,0.0,0.0,2025-Jan-29-17:44:33.403389
0.7032548287490616,34361,0,1,0,0,0,0.0,0.0,2025-Jan-29-17:44:33.459509
0.7032518165836577,34362,13,1,0,0,0,0.0,0.0,2025-Jan-29-17:44:33.513993
0.7032548287490616,34363,0,1,0,0,0,0.0,0.0,2025-Jan-29-17:44:33.567527
0.9319124461835145,34364,1,1,1,0,1,0.0,1.8000000000000003,2025-Jan-29-17:44:33.645475
0.7032548287490616,34365,0,1,0,0,0,0.0,0.0,2025-Jan-29-17:44:33.699281
0.7032518156813519,34366,15,1,0,0,0,0.0,0.0,2025-Jan-29-17:44:33.753475
0.7032548287490616,34367,0,1,0,0,0,0.0,0.0,2025-Jan-29-17:44:33.807262
0.7032518165899636,34368,16,1,0,0,0,0.0,0.0,2025-Jan-29-17:44:33.862279
0.7032548287490616,34369,0,1,0,0,0,0.0,0.0,2025-Jan-29-17:44:33.916252
1.0997473347188809,34370,17,1,0,-1,1,0.0,1.0,2025-Jan-29-17:44:34.016753
0.7032548287490616,34371,0,1,0,0,0,0.0,0.0,2025-Jan-29-17:44:34.087684
0.7032548287490616,34372,0,1,0,0,0,0.0,0.0,2025-Jan-29-17:44:34.171588
0.7032548287490616,34373,0,1,0,0,0,0.0,0.0,2025-Jan-29-17:44:34.249150
0.7759779375716094,34374,18,1,1,1,1,1.1,1.5000000000000002,2025-Jan-29-17:44:34.334274
0.7032548287490616,34375,0,1,0,0,0,0.0,0.0,2025-Jan-29-17:44:34.391319
0.9588150974847701,34376,1,1,1,1,1,0.6,0.7000000000000001,2025-Jan-29-17:44:34.445920
0.7032548287490616,34377,0,1,0,0,0,0.0,0.0,2025-Jan-29-17:44:34.499900
0.7032548286518892,34378,1,1,0,0,0,0.0,0.0,2025-Jan-29-17:44:34.553835
0.7032548287490616,34379,0,1,0,0,0,0.0,0.0,2025-Jan-29-17:44:34.607629
1.1111030063412572,34380,19,1,1,-1,0,0.0,0.0,2025-Jan-29-17:44:34.667368
0.7032548287490616,34381,0,1,0,0,0,0.0,0.0,2025-Jan-29-17:44:34.723985
1.0582524564983662,34382,18,1,1,0,0,0.0,0.0,2025-Jan-29-17:44:34.778752
0.7032548287490616,34383,0,1,0,0,0,0.0,0.0,2025-Jan-29-17:44:34.832302
1.2032569081518871,34384,9,1,0,0,0,0.0,0.0,2025-Jan-29-17:44:34.886473
0.7032548287490616,34385,0,1,0,0,0,0.0,0.0,2025-Jan-29-17:44:34.939986
1.2032564083456423,34386,22,1,0,0,-1,0.0,0.0,2025-Jan-29-17:44:34.994909
0.7032548287490616,34387,0,1,0,0,0,0.0,0.0,2025-Jan-29-17:44:35.048884
1.203256908176808,34388,6,1,0,0,0,0.0,0.0,2025-Jan-29-17:44:35.142907
0.7032548287490616,34389,0,1,0,0,0,0.0,0.0,2025-Jan-29-17:44:35.229056
0.7182729370721538,34390,21,1,0,0,0,0.0,0.0,2025-Jan-29-17:44:35.293911
0.7032548287490616,34391,0,1,0,0,0,0.0,0.0,2025-Jan-29-17:44:35.349142
1.1458010766113311,34392,1,1,1,-1,-1,0.0,0.0,2025-Jan-29-17:44:35.426729
0.7032548287490616,34393,0,1,0,0,0,0.0,0.0,2025-Jan-29-17:44:35.480238
0.7032518164381372,34394,18,1,0,0,0,0.0,0.0,2025-Jan-29-17:44:35.533849
0.7032548287490616,34395,0,1,0,0,0,0.0,0.0,2025-Jan-29-17:44:35.588099
1.1882472948240612,34396,5,1,0,0,0,0.0,0.0,2025-Jan-29-17:44:35.960106
0.7032548287490616,34397,0,1,0,0,0,0.0,0.0,2025-Jan-29-17:44:36.014850
0.7182729370721538,34398,21,1,0,0,0,0.0,0.0,2025-Jan-29-17:44:36.082026
0.7032548287490616,34399,0,1,0,0,0,0.0,0.0,2025-Jan-29-17:44:36.174947
1.188247294787923,34400,17,1,0,0,0,0.0,0.0,2025-Jan-29-17:44:36.256614
0.7032548287490616,34401,0,1,0,0,0,0.0,0.0,2025-Jan-29-17:44:36.314877
1.2032569081518871,34402,9,1,0,0,0,0.0,0.0,2025-Jan-29-17:44:36.369437
0.7032548287490616,34403,0,1,0,0,0,0.0,0.0,2025-Jan-29-17:44:36.423314
1.2032591688378944,34404,20,1,0,0,0,0.0,0.0,2025-Jan-29-17:44:36.477367
0.7032548287490616,34405,0,1,0,0,0,0.0,0.0,2025-Jan-29-17:44:36.530960
0.7032548286518892,34406,1,1,0,0,0,0.0,0.0,2025-Jan-29-17:44:36.585784
0.7032548287490616,34407,0,1,0,0,0,0.0,0.0,2025-Jan-29-17:44:36.639609
0.7032548287490616,34408,0,1,0,0,0,0.0,0.0,2025-Jan-29-17:44:36.694106
0.7032548287490616,34409,0,1,0,0,0,0.0,0.0,2025-Jan-29-17:44:36.747835
1.1882472948363416,34410,8,1,0,0,0,0.0,0.0,2025-Jan-29-17:44:36.802472
0.7032548287490616,34411,0,1,0,0,0,0.0,0.0,2025-Jan-29-17:44:36.856229
0.5423447386502132,34412,25,1,0,1,0,1.9000000000000001,0.0,2025-Jan-29-17:44:36.928584
0.7182821637487402,34413,2,1,0,0,0,0.0,0.0,2025-Jan-29-17:44:36.971812
1.2757299910984834,34414,14,1,0,-1,-1,0.0,0.0,2025-Jan-29-17:44:37.048759
0.7032548287490616,34415,0,1,0,0,0,0.0,0.0,2025-Jan-29-17:44:37.144941
0.7032518164381372,34416,18,1,0,0,0,0.0,0.0,2025-Jan-29-17:44:37.229768
0.7032548287490616,34417,0,1,0,0,0,0.0,0.0,2025-Jan-29-17:44:37.298332
0.5769202358660696,34418,1,1,0,0,1,0.0,1.3000000000000003,2025-Jan-29-17:44:37.380085
0.7032548287490616,34419,0,1,0,0,0,0.0,0.0,2025-Jan-29-17:44:37.433513
0.7032518165899636,34420,16,1,0,0,0,0.0,0.0,2025-Jan-29-17:44:37.486617
0.7032548287490616,34421,0,1,0,0,0,0.0,0.0,2025-Jan-29-17:44:37.539695
1.2032564062589408,34422,22,1,0,0,0,0.0,0.0,2025-Jan-29-17:44:37.593445
0.7032548287490616,34423,0,1,0,0,0,0.0,0.0,2025-Jan-29-17:44:37.647082
1.1882472846867946,34424,5,1,0,0,1,0.0,1.5000000000000002,2025-Jan-29-17:44:37.701975
0.7032548287490616,34425,0,1,0,0,0,0.0,0.0,2025-Jan-29-17:44:37.755319
0.7032548287490616,34426,0,1,0,0,0,0.0,0.0,2025-Jan-29-17:44:37.809234
0.7032548287490616,34427,0,1,0,0,0,0.0,0.0,2025-Jan-29-17:44:37.862869
1.1882472949645337,34428,7,1,0,0,0,0.0,0.0,2025-Jan-29-17:44:37.917304
0.7032548287490616,34429,0,1,0,0,0,0.0,0.0,2025-Jan-29-17:44:37.970730
1.1882472949161151,34430,14,1,0,0,0,0.0,0.0,2025-Jan-29-17:44:38.025475
0.7032548287490616,34431,0,1,0,0,0,0.0,0.0,2025-Jan-29-17:44:38.094887
1.443802963039261,34432,14,1,1,0,1,0.0,0.7000000000000001,2025-Jan-29-17:44:38.172003
0.7032548287490616,34433,0,1,0,0,0,0.0,0.0,2025-Jan-29-17:44:38.251514
1.2032591688378944,34434,20,1,0,0,0,0.0,0.0,2025-Jan-29-17:44:38.311812
0.7032548287490616,34435,0,1,0,0,0,0.0,0.0,2025-Jan-29-17:44:38.365745
1.073282789895793,34436,2,1,1,0,1,0.0,1.8000000000000003,2025-Jan-29-17:44:38.421831
0.7032548287490616,34437,0,1,0,0,0,0.0,0.0,2025-Jan-29-17:44:38.475172
1.5432479253458653,34438,4,1,1,0,1,0.0,1.7000000000000002,2025-Jan-29-17:44:38.529858
0.7032548287490616,34439,0,1,0,0,0,0.0,0.0,2025-Jan-29-17:44:38.583843
1.6458067962220135,34440,20,1,1,0,-1,0.0,0.0,2025-Jan-29-17:44:38.660178
0.7032548287490616,34441,0,1,0,0,0,0.0,0.0,2025-Jan-29-17:44:38.713737
0.7561023689068226,34442,19,1,0,-1,-1,0.0,0.0,2025-Jan-29-17:44:38.769122
0.7032548287490616,34443,0,1,0,0,0,0.0,0.0,2025-Jan-29-17:44:38.822717
0.7182705030005031,34444,25,1,0,0,0,0.0,0.0,2025-Jan-29-17:44:38.866209
0.7032548287490616,34445,0,1,0,0,0,0.0,0.0,2025-Jan-29-17:44:38.919784
1.1882472948240612,34446,5,1,0,0,0,0.0,0.0,2025-Jan-29-17:44:38.974486
0.7032548287490616,34447,0,1,0,0,0,0.0,0.0,2025-Jan-29-17:44:39.027957
0.7182729372290622,34448,19,1,0,0,0,0.0,0.0,2025-Jan-29-17:44:39.087293
0.7032548287490616,34449,0,1,0,0,0,0.0,0.0,2025-Jan-29-17:44:39.172158
1.2032564062589408,34450,22,1,0,0,0,0.0,0.0,2025-Jan-29-17:44:39.256244
0.7032548287490616,34451,0,1,0,0,0,0.0,0.0,2025-Jan-29-17:44:39.313958
1.543247934857496,34452,11,1,1,0,0,0.0,0.0,2025-Jan-29-17:44:39.368849
0.7032548287490616,34453,0,1,0,0,0,0.0,0.0,2025-Jan-29-17:44:39.425387
1.1882472949645337,34454,7,1,0,0,0,0.0,0.0,2025-Jan-29-17:44:39.479749
0.7032548287490616,34455,0,1,0,0,0,0.0,0.0,2025-Jan-29-17:44:39.533104
1.1882472692402501,34456,5,1,0,1,1,1.7000000000000002,0.30000000000000004,2025-Jan-29-17:44:39.589122
0.7032548287490616,34457,0,1,0,0,0,0.0,0.0,2025-Jan-29-17:44:39.642931
0.7410823776243158,34458,18,1,0,-1,0,0.0,0.0,2025-Jan-29-17:44:39.719662
0.7032548287490616,34459,0,1,0,0,0,0.0,0.0,2025-Jan-29-17:44:39.773347
1.2032564061623827,34460,24,1,0,0,0,0.0,0.0,2025-Jan-29-17:44:39.827192
0.7032548287490616,34461,0,1,0,0,0,0.0,0.0,2025-Jan-29-17:44:39.881451
0.7032518165836577,34462,13,1,0,0,0,0.0,0.0,2025-Jan-29-17:44:39.936174
0.7032548287490616,34463,0,1,0,0,0,0.0,0.0,2025-Jan-29-17:44:39.988503
0.7032548287490616,34464,0,1,0,0,0,0.0,0.0,2025-Jan-29-17:44:40.042379
0.7032548287490616,34465,0,1,0,0,0,0.0,0.0,2025-Jan-29-17:44:40.123620
0.7032518156813519,34466,15,1,0,0,0,0.0,0.0,2025-Jan-29-17:44:40.209702
0.7032548287490616,34467,0,1,0,0,0,0.0,0.0,2025-Jan-29-17:44:40.277996
0.7032518165899636,34468,16,1,0,0,0,0.0,0.0,2025-Jan-29-17:44:40.332196
0.7032548287490616,34469,0,1,0,0,0,0.0,0.0,2025-Jan-29-17:44:40.386018
1.0997473347188809,34470,17,1,0,-1,1,0.0,1.0,2025-Jan-29-17:44:40.488752
0.7032548287490616,34471,0,1,0,0,0,0.0,0.0,2025-Jan-29-17:44:40.542851
0.7032548287490616,34472,0,1,0,0,0,0.0,0.0,2025-Jan-29-17:44:40.596837
0.7032548287490616,34473,0,1,0,0,0,0.0,0.0,2025-Jan-29-17:44:40.650299
1.188247294787923,34474,17,1,0,0,0,0.0,0.0,2025-Jan-29-17:44:40.704684
0.7032548287490616,34475,0,1,0,0,0,0.0,0.0,2025-Jan-29-17:44:40.758522
0.7032548287490616,34476,0,1,0,0,0,0.0,0.0,2025-Jan-29-17:44:40.814895
0.7032548287490616,34477,0,1,0,0,0,0.0,0.0,2025-Jan-29-17:44:40.869054
0.7032548286518892,34478,1,1,0,0,0,0.0,0.0,2025-Jan-29-17:44:40.923620
0.7032548287490616,34479,0,1,0,0,0,0.0,0.0,2025-Jan-29-17:44:40.976691
0.7032518164381372,34480,18,1,0,0,0,0.0,0.0,2025-Jan-29-17:44:41.031285
0.7032548287490616,34481,0,1,0,0,0,0.0,0.0,2025-Jan-29-17:44:41.096658
1.0582524564983662,34482,18,1,1,0,0,0.0,0.0,2025-Jan-29-17:44:41.175666
0.7032548287490616,34483,0,1,0,0,0,0.0,0.0,2025-Jan-29-17:44:41.251401
1.2032569081518871,34484,9,1,0,0,0,0.0,0.0,2025-Jan-29-17:44:41.312676
0.7032548287490616,34485,0,1,0,0,0,0.0,0.0,2025-Jan-29-17:44:41.367736
0.7182729370721538,34486,21,1,0,0,0,0.0,0.0,2025-Jan-29-17:44:41.693811
0.7032548287490616,34487,0,1,0,0,0,0.0,0.0,2025-Jan-29-17:44:41.749230
1.203256908176808,34488,6,1,0,0,0,0.0,0.0,2025-Jan-29-17:44:41.805129
0.7032548287490616,34489,0,1,0,0,0,0.0,0.0,2025-Jan-29-17:44:41.859946
1.2032564062589408,34490,22,1,0,0,0,0.0,0.0,2025-Jan-29-17:44:41.913856
0.7032548287490616,34491,0,1,0,0,0,0.0,0.0,2025-Jan-29-17:44:41.967870
0.7032548287490616,34492,0,1,0,0,0,0.0,0.0,2025-Jan-29-17:44:42.021745
0.7032548287490616,34493,0,1,0,0,0,0.0,0.0,2025-Jan-29-17:44:42.101144
0.7032518164381372,34494,18,1,0,0,0,0.0,0.0,2025-Jan-29-17:44:42.179949
0.7032548287490616,34495,0,1,0,0,0,0.0,0.0,2025-Jan-29-17:44:42.265490
1.1882472948240612,34496,5,1,0,0,0,0.0,0.0,2025-Jan-29-17:44:42.321947
0.7032548287490616,34497,0,1,0,0,0,0.0,0.0,2025-Jan-29-17:44:42.377435
0.7182729370721538,34498,21,1,0,0,0,0.0,0.0,2025-Jan-29-17:44:42.420538
0.7032548287490616,34499,0,1,0,0,0,0.0,0.0,2025-Jan-29-17:44:42.473238
0.5473144611383294,34500,18,1,0,1,0,1.1,0.0,2025-Jan-29-17:44:42.526490
0.7032548287490616,34501,0,1,0,0,0,0.0,0.0,2025-Jan-29-17:44:42.579534
1.5432479347321184,34502,10,1,1,0,0,0.0,0.0,2025-Jan-29-17:44:42.633862
0.7032548287490616,34503,0,1,0,0,0,0.0,0.0,2025-Jan-29-17:44:42.687164
1.2032591688378944,34504,20,1,0,0,0,0.0,0.0,2025-Jan-29-17:44:42.741084
0.7032548287490616,34505,0,1,0,0,0,0.0,0.0,2025-Jan-29-17:44:42.793815
0.7032548286518892,34506,1,1,0,0,0,0.0,0.0,2025-Jan-29-17:44:42.847405
0.7032548287490616,34507,0,1,0,0,0,0.0,0.0,2025-Jan-29-17:44:42.900982
0.7032548287490616,34508,0,1,0,0,0,0.0,0.0,2025-Jan-29-17:44:42.954694
0.7032548287490616,34509,0,1,0,0,0,0.0,0.0,2025-Jan-29-17:44:43.008197
1.1882472948363416,34510,8,1,0,0,0,0.0,0.0,2025-Jan-29-17:44:43.089513
0.7032548287490616,34511,0,1,0,0,0,0.0,0.0,2025-Jan-29-17:44:43.185483
0.5423447386502132,34512,25,1,0,1,0,1.9000000000000001,0.0,2025-Jan-29-17:44:43.304224
0.7182821637487402,34513,2,1,0,0,0,0.0,0.0,2025-Jan-29-17:44:43.346426
0.7032518165836577,34514,13,1,0,0,0,0.0,0.0,2025-Jan-29-17:44:43.399754
0.7032548287490616,34515,0,1,0,0,0,0.0,0.0,2025-Jan-29-17:44:43.454031
0.7032518164381372,34516,18,1,0,0,0,0.0,0.0,2025-Jan-29-17:44:43.509686
0.7032548287490616,34517,0,1,0,0,0,0.0,0.0,2025-Jan-29-17:44:43.565905
0.5769202358660696,34518,1,1,0,0,1,0.0,1.3000000000000003,2025-Jan-29-17:44:43.645997
0.7032548287490616,34519,0,1,0,0,0,0.0,0.0,2025-Jan-29-17:44:43.701258
0.7032518165899636,34520,16,1,0,0,0,0.0,0.0,2025-Jan-29-17:44:43.756536
0.7032548287490616,34521,0,1,0,0,0,0.0,0.0,2025-Jan-29-17:44:43.811558
1.0732711432420041,34522,23,1,1,0,0,0.0,0.0,2025-Jan-29-17:44:43.856106
0.7032548287490616,34523,0,1,0,0,0,0.0,0.0,2025-Jan-29-17:44:43.912587
1.1882472846867946,34524,5,1,0,0,1,0.0,1.5000000000000002,2025-Jan-29-17:44:43.969128
0.7032548287490616,34525,0,1,0,0,0,0.0,0.0,2025-Jan-29-17:44:44.025020
0.7032548287490616,34526,0,1,0,0,0,0.0,0.0,2025-Jan-29-17:44:44.099355
0.7032548287490616,34527,0,1,0,0,0,0.0,0.0,2025-Jan-29-17:44:44.201620
1.5432479348660704,34528,8,1,1,0,0,0.0,0.0,2025-Jan-29-17:44:44.300276
0.7032548287490616,34529,0,1,0,0,0,0.0,0.0,2025-Jan-29-17:44:44.356005
1.1882472949161151,34530,14,1,0,0,0,0.0,0.0,2025-Jan-29-17:44:44.412089
0.7032548287490616,34531,0,1,0,0,0,0.0,0.0,2025-Jan-29-17:44:44.466481
1.443802963039261,34532,14,1,1,0,1,0.0,0.7000000000000001,2025-Jan-29-17:44:44.522899
0.7032548287490616,34533,0,1,0,0,0,0.0,0.0,2025-Jan-29-17:44:44.578229
1.1111030061933418,34534,21,1,1,-1,0,0.0,0.0,2025-Jan-29-17:44:44.635452
0.7032548287490616,34535,0,1,0,0,0,0.0,0.0,2025-Jan-29-17:44:44.689566
1.073282789895793,34536,2,1,1,0,1,0.0,1.8000000000000003,2025-Jan-29-17:44:44.745449
0.7032548287490616,34537,0,1,0,0,0,0.0,0.0,2025-Jan-29-17:44:44.801001
1.5432479253458653,34538,4,1,1,0,1,0.0,1.7000000000000002,2025-Jan-29-17:44:44.857238
0.7032548287490616,34539,0,1,0,0,0,0.0,0.0,2025-Jan-29-17:44:44.911976
1.6458067962220135,34540,20,1,1,0,-1,0.0,0.0,2025-Jan-29-17:44:44.991913
0.7032548287490616,34541,0,1,0,0,0,0.0,0.0,2025-Jan-29-17:44:45.046679
0.7032518164381372,34542,18,1,0,0,0,0.0,0.0,2025-Jan-29-17:44:45.158642
0.7032548287490616,34543,0,1,0,0,0,0.0,0.0,2025-Jan-29-17:44:45.249919
0.7182705030005031,34544,25,1,0,0,0,0.0,0.0,2025-Jan-29-17:44:45.336812
0.7032548287490616,34545,0,1,0,0,0,0.0,0.0,2025-Jan-29-17:44:45.394855
1.1882472948240612,34546,5,1,0,0,0,0.0,0.0,2025-Jan-29-17:44:45.451920
0.7032548287490616,34547,0,1,0,0,0,0.0,0.0,2025-Jan-29-17:44:45.505454
0.7182729372290622,34548,19,1,0,0,0,0.0,0.0,2025-Jan-29-17:44:45.548569
0.7032548287490616,34549,0,1,0,0,0,0.0,0.0,2025-Jan-29-17:44:45.602350
1.2032564062589408,34550,22,1,0,0,0,0.0,0.0,2025-Jan-29-17:44:45.658667
0.7032548287490616,34551,0,1,0,0,0,0.0,0.0,2025-Jan-29-17:44:45.712262
1.188247294576375,34552,10,1,0,0,0,0.0,0.0,2025-Jan-29-17:44:45.767280
0.7032548287490616,34553,0,1,0,0,0,0.0,0.0,2025-Jan-29-17:44:45.827753
1.061913452995066,34554,8,1,0,0,1,0.0,0.9,2025-Jan-29-17:44:45.911530
0.7032548287490616,34555,0,1,0,0,0,0.0,0.0,2025-Jan-29-17:44:45.966467
1.1882472692402501,34556,5,1,0,1,1,1.7000000000000002,0.30000000000000004,2025-Jan-29-17:44:46.023529
0.7032548287490616,34557,0,1,0,0,0,0.0,0.0,2025-Jan-29-17:44:46.102609
1.188247294787923,34558,17,1,0,0,0,0.0,0.0,2025-Jan-29-17:44:46.186539
0.7032548287490616,34559,0,1,0,0,0,0.0,0.0,2025-Jan-29-17:44:46.268829
1.2032564061623827,34560,24,1,0,0,0,0.0,0.0,2025-Jan-29-17:44:46.325997
0.7032548287490616,34561,0,1,0,0,0,0.0,0.0,2025-Jan-29-17:44:46.380401
0.7032518165836577,34562,13,1,0,0,0,0.0,0.0,2025-Jan-29-17:44:46.438844
0.7032548287490616,34563,0,1,0,0,0,0.0,0.0,2025-Jan-29-17:44:46.493633
0.7032548287490616,34564,0,1,0,0,0,0.0,0.0,2025-Jan-29-17:44:46.548260
0.7032548287490616,34565,0,1,0,0,0,0.0,0.0,2025-Jan-29-17:44:46.602412
0.7032518156813519,34566,15,1,0,0,0,0.0,0.0,2025-Jan-29-17:44:46.657277
0.7032548287490616,34567,0,1,0,0,0,0.0,0.0,2025-Jan-29-17:44:46.710899
0.7032518165899636,34568,16,1,0,0,0,0.0,0.0,2025-Jan-29-17:44:46.765089
0.7032548287490616,34569,0,1,0,0,0,0.0,0.0,2025-Jan-29-17:44:46.820363
1.0997473347188809,34570,17,1,0,-1,1,0.0,1.0,2025-Jan-29-17:44:46.940860
0.7032548287490616,34571,0,1,0,0,0,0.0,0.0,2025-Jan-29-17:44:46.996113
0.7032548287490616,34572,0,1,0,0,0,0.0,0.0,2025-Jan-29-17:44:47.066523
0.7032548287490616,34573,0,1,0,0,0,0.0,0.0,2025-Jan-29-17:44:47.162200
1.188247294787923,34574,17,1,0,0,0,0.0,0.0,2025-Jan-29-17:44:47.255467
0.7032548287490616,34575,0,1,0,0,0,0.0,0.0,2025-Jan-29-17:44:47.328983
0.7032548287490616,34576,0,1,0,0,0,0.0,0.0,2025-Jan-29-17:44:47.391889
0.7032548287490616,34577,0,1,0,0,0,0.0,0.0,2025-Jan-29-17:44:47.449535
0.7032548286518892,34578,1,1,0,0,0,0.0,0.0,2025-Jan-29-17:44:47.505260
0.7032548287490616,34579,0,1,0,0,0,0.0,0.0,2025-Jan-29-17:44:47.561907
0.7032518164381372,34580,18,1,0,0,0,0.0,0.0,2025-Jan-29-17:44:47.618889
0.7032548287490616,34581,0,1,0,0,0,0.0,0.0,2025-Jan-29-17:44:47.675792
1.188247294787923,34582,17,1,0,0,0,0.0,0.0,2025-Jan-29-17:44:47.730654
0.7032548287490616,34583,0,1,0,0,0,0.0,0.0,2025-Jan-29-17:44:47.784995
1.581079356982888,34584,10,1,1,-1,1,0.0,1.2000000000000002,2025-Jan-29-17:44:47.864399
0.7032548287490616,34585,0,1,0,0,0,0.0,0.0,2025-Jan-29-17:44:47.919838
0.7182729370721538,34586,21,1,0,0,0,0.0,0.0,2025-Jan-29-17:44:47.963391
0.7032548287490616,34587,0,1,0,0,0,0.0,0.0,2025-Jan-29-17:44:48.017946
1.203256908176808,34588,6,1,0,0,0,0.0,0.0,2025-Jan-29-17:44:48.086203
0.7032548287490616,34589,0,1,0,0,0,0.0,0.0,2025-Jan-29-17:44:48.171414
0.7182729370721538,34590,21,1,0,0,0,0.0,0.0,2025-Jan-29-17:44:48.249948
0.7032548287490616,34591,0,1,0,0,0,0.0,0.0,2025-Jan-29-17:44:48.330209
0.7032548287490616,34592,0,1,0,0,0,0.0,0.0,2025-Jan-29-17:44:48.384957
0.7032548287490616,34593,0,1,0,0,0,0.0,0.0,2025-Jan-29-17:44:48.439373
0.7032518164381372,34594,18,1,0,0,0,0.0,0.0,2025-Jan-29-17:44:48.493860
0.7032548287490616,34595,0,1,0,0,0,0.0,0.0,2025-Jan-29-17:44:48.549328
1.1882472948240612,34596,5,1,0,0,0,0.0,0.0,2025-Jan-29-17:44:48.604043
0.7032548287490616,34597,0,1,0,0,0,0.0,0.0,2025-Jan-29-17:44:48.658384
0.7182729370721538,34598,21,1,0,0,0,0.0,0.0,2025-Jan-29-17:44:48.702502
0.7032548287490616,34599,0,1,0,0,0,0.0,0.0,2025-Jan-29-17:44:48.756421
1.188247294787923,34600,17,1,0,0,0,0.0,0.0,2025-Jan-29-17:44:48.811337
0.7032548287490616,34601,0,1,0,0,0,0.0,0.0,2025-Jan-29-17:44:48.866663
1.2032569081518871,34602,9,1,0,0,0,0.0,0.0,2025-Jan-29-17:44:48.920615
0.7032548287490616,34603,0,1,0,0,0,0.0,0.0,2025-Jan-29-17:44:48.975105
1.2032591688378944,34604,20,1,0,0,0,0.0,0.0,2025-Jan-29-17:44:49.029313
0.7032548287490616,34605,0,1,0,0,0,0.0,0.0,2025-Jan-29-17:44:49.097851
0.7032548286518892,34606,1,1,0,0,0,0.0,0.0,2025-Jan-29-17:44:49.189665
0.7032548287490616,34607,0,1,0,0,0,0.0,0.0,2025-Jan-29-17:44:49.272152
0.7032548287490616,34608,0,1,0,0,0,0.0,0.0,2025-Jan-29-17:44:49.610528
0.7032548287490616,34609,0,1,0,0,0,0.0,0.0,2025-Jan-29-17:44:49.665981
1.1882472948363416,34610,8,1,0,0,0,0.0,0.0,2025-Jan-29-17:44:49.722531
0.7032548287490616,34611,0,1,0,0,0,0.0,0.0,2025-Jan-29-17:44:49.776768
0.5423447386502132,34612,25,1,0,1,0,1.9000000000000001,0.0,2025-Jan-29-17:44:49.849020
0.7182821637487402,34613,2,1,0,0,0,0.0,0.0,2025-Jan-29-17:44:49.894327
1.2757299910984834,34614,14,1,0,-1,-1,0.0,0.0,2025-Jan-29-17:44:49.972094
0.7032548287490616,34615,0,1,0,0,0,0.0,0.0,2025-Jan-29-17:44:50.026300
0.7032518164381372,34616,18,1,0,0,0,0.0,0.0,2025-Jan-29-17:44:50.096228
0.7032548287490616,34617,0,1,0,0,0,0.0,0.0,2025-Jan-29-17:44:50.181333
0.7032548287490616,34618,0,1,0,0,0,0.0,0.0,2025-Jan-29-17:44:50.252352
0.7032548287490616,34619,0,1,0,0,0,0.0,0.0,2025-Jan-29-17:44:50.314361
0.7032518165899636,34620,16,1,0,0,0,0.0,0.0,2025-Jan-29-17:44:50.368560
0.7032548287490616,34621,0,1,0,0,0,0.0,0.0,2025-Jan-29-17:44:50.425445
1.2032564062589408,34622,22,1,0,0,0,0.0,0.0,2025-Jan-29-17:44:50.479787
0.7032548287490616,34623,0,1,0,0,0,0.0,0.0,2025-Jan-29-17:44:50.533285
1.1882472846867946,34624,5,1,0,0,1,0.0,1.5000000000000002,2025-Jan-29-17:44:50.588360
0.7032548287490616,34625,0,1,0,0,0,0.0,0.0,2025-Jan-29-17:44:50.641975
1.0582554687157577,34626,1,1,1,0,0,0.0,0.0,2025-Jan-29-17:44:50.695969
0.7032548287490616,34627,0,1,0,0,0,0.0,0.0,2025-Jan-29-17:44:50.749614
1.1882472949645337,34628,7,1,0,0,0,0.0,0.0,2025-Jan-29-17:44:50.803848
0.7032548287490616,34629,0,1,0,0,0,0.0,0.0,2025-Jan-29-17:44:50.862403
1.1882472949161151,34630,14,1,0,0,0,0.0,0.0,2025-Jan-29-17:44:50.924481
0.7032548287490616,34631,0,1,0,0,0,0.0,0.0,2025-Jan-29-17:44:50.980060
0.7032518165836577,34632,13,1,0,0,0,0.0,0.0,2025-Jan-29-17:44:51.034479
0.7032548287490616,34633,0,1,0,0,0,0.0,0.0,2025-Jan-29-17:44:51.109146
1.2032591688378944,34634,20,1,0,0,0,0.0,0.0,2025-Jan-29-17:44:51.208653
0.7032548287490616,34635,0,1,0,0,0,0.0,0.0,2025-Jan-29-17:44:51.289023
0.7032548286518892,34636,1,1,0,0,0,0.0,0.0,2025-Jan-29-17:44:51.344237
0.7032548287490616,34637,0,1,0,0,0,0.0,0.0,2025-Jan-29-17:44:51.406719
0.7182821636027037,34638,3,1,0,0,0,0.0,0.0,2025-Jan-29-17:44:51.451709
0.7032548287490616,34639,0,1,0,0,0,0.0,0.0,2025-Jan-29-17:44:51.505711
0.7182729372290622,34640,19,1,0,0,0,0.0,0.0,2025-Jan-29-17:44:51.548846
0.7032548287490616,34641,0,1,0,0,0,0.0,0.0,2025-Jan-29-17:44:51.602630
0.7032518164381372,34642,18,1,0,0,0,0.0,0.0,2025-Jan-29-17:44:51.657727
0.7032548287490616,34643,0,1,0,0,0,0.0,0.0,2025-Jan-29-17:44:51.711296
1.2032564061623827,34644,24,1,0,0,0,0.0,0.0,2025-Jan-29-17:44:51.765345
0.7032548287490616,34645,0,1,0,0,0,0.0,0.0,2025-Jan-29-17:44:51.819274
1.1882472948240612,34646,5,1,0,0,0,0.0,0.0,2025-Jan-29-17:44:51.873864
0.7032548287490616,34647,0,1,0,0,0,0.0,0.0,2025-Jan-29-17:44:51.928306
0.7182729372290622,34648,19,1,0,0,0,0.0,0.0,2025-Jan-29-17:44:51.971852
0.7032548287490616,34649,0,1,0,0,0,0.0,0.0,2025-Jan-29-17:44:52.025724
1.2032564062589408,34650,22,1,0,0,0,0.0,0.0,2025-Jan-29-17:44:52.100475
0.7032548287490616,34651,0,1,0,0,0,0.0,0.0,2025-Jan-29-17:44:52.177840
1.188247294576375,34652,10,1,0,0,0,0.0,0.0,2025-Jan-29-17:44:52.260286
0.7032548287490616,34653,0,1,0,0,0,0.0,0.0,2025-Jan-29-17:44:52.316653
1.061913452995066,34654,8,1,0,0,1,0.0,0.9,2025-Jan-29-17:44:52.399416
0.7032548287490616,34655,0,1,0,0,0,0.0,0.0,2025-Jan-29-17:44:52.454414
1.1882472946247935,34656,4,1,0,0,0,0.0,0.0,2025-Jan-29-17:44:52.509459
0.7032548287490616,34657,0,1,0,0,0,0.0,0.0,2025-Jan-29-17:44:52.562872
0.7410823776243158,34658,18,1,0,-1,0,0.0,0.0,2025-Jan-29-17:44:52.640104
0.7032548287490616,34659,0,1,0,0,0,0.0,0.0,2025-Jan-29-17:44:52.693871
1.1037329291610902,34660,25,1,1,-1,0,0.0,0.0,2025-Jan-29-17:44:52.749389
0.7032548287490616,34661,0,1,0,0,0,0.0,0.0,2025-Jan-29-17:44:52.803096
0.7032518165836577,34662,13,1,0,0,0,0.0,0.0,2025-Jan-29-17:44:52.857116
0.7032548287490616,34663,0,1,0,0,0,0.0,0.0,2025-Jan-29-17:44:52.910239
0.7032548287490616,34664,0,1,0,0,0,0.0,0.0,2025-Jan-29-17:44:52.964543
0.7032548287490616,34665,0,1,0,0,0,0.0,0.0,2025-Jan-29-17:44:53.018503
0.7032518165899636,34666,16,1,0,0,0,0.0,0.0,2025-Jan-29-17:44:53.093257
0.7032548287490616,34667,0,1,0,0,0,0.0,0.0,2025-Jan-29-17:44:53.187545
0.7032518165899636,34668,16,1,0,0,0,0.0,0.0,2025-Jan-29-17:44:53.260365
0.7032548287490616,34669,0,1,0,0,0,0.0,0.0,2025-Jan-29-17:44:53.316471
0.7032518165899636,34670,16,1,0,0,0,0.0,0.0,2025-Jan-29-17:44:53.371744
0.7032548287490616,34671,0,1,0,0,0,0.0,0.0,2025-Jan-29-17:44:53.428229
0.7032548287490616,34672,0,1,0,0,0,0.0,0.0,2025-Jan-29-17:44:53.482716
0.7032548287490616,34673,0,1,0,0,0,0.0,0.0,2025-Jan-29-17:44:53.536428
1.188247294787923,34674,17,1,0,0,0,0.0,0.0,2025-Jan-29-17:44:53.591407
0.7032548287490616,34675,0,1,0,0,0,0.0,0.0,2025-Jan-29-17:44:53.645407
0.7032548287490616,34676,0,1,0,0,0,0.0,0.0,2025-Jan-29-17:44:53.700397
0.7032548287490616,34677,0,1,0,0,0,0.0,0.0,2025-Jan-29-17:44:53.754074
0.7032548286518892,34678,1,1,0,0,0,0.0,0.0,2025-Jan-29-17:44:53.808987
0.7032548287490616,34679,0,1,0,0,0,0.0,0.0,2025-Jan-29-17:44:53.862563
