Cost,Sim,Switch_State_Indx,Gen1_on,Gen2_on,Batt1_mode,Batt2_mode,Batt1_power_kW,Batt2_power_kW,Timestamp
0.7907983787624983,34680,15,1,0,0,-1,0.0,0.0,2025-Jan-29-17:44:53.942690
0.718270503145516,34681,23,1,0,0,0,0.0,0.0,2025-Jan-29-17:44:53.987433
0.8973441520857318,34682,25,1,1,1,0,1.5000000000000002,0.0,2025-Jan-29-17:44:54.089294
1.1882472848721708,34683,5,1,0,-1,1,0.0,0.9,2025-Jan-29-17:44:54.177265
0.7908004349144597,34684,1,1,0,0,-1,0.0,0.0,2025-Jan-29-17:44:54.283153
0.7182729400006294,34685,19,1,0,0,-1,0.0,0.0,2025-Jan-29-17:44:54.331506
1.2032569102405002,34686,9,1,0,-1,0,0.0,0.0,2025-Jan-29-17:44:54.391736
1.6458045350319717,34687,9,1,1,1,-1,0.7000000000000001,0.0,2025-Jan-29-17:44:54.476487
1.1464858820222257,34688,9,1,0,0,1,0.0,0.4,2025-Jan-29-17:44:54.539661
0.542347167812571,34689,19,1,0,1,0,1.5000000000000002,0.0,2025-Jan-29-17:44:54.618964
0.7410823776243158,34690,18,1,0,-1,0,0.0,0.0,2025-Jan-29-17:44:54.698499
1.1882472947756426,34691,11,1,0,0,0,0.0,0.0,2025-Jan-29-17:44:54.755876
1.5432479348432389,34692,14,1,1,0,0,0.0,0.0,2025-Jan-29-17:44:54.812254
1.5582575482556265,34693,6,1,1,0,0,0.0,0.0,2025-Jan-29-17:44:54.870212
1.543247934780537,34694,4,1,1,0,0,0.0,0.0,2025-Jan-29-17:44:54.929830
1.6039825794693994,34695,14,1,1,0,-1,0.0,0.0,2025-Jan-29-17:44:55.407896
0.5423484159887797,34696,19,1,0,1,0,1.9000000000000001,0.0,2025-Jan-29-17:44:55.519249
0.9469523192370551,34697,3,1,1,0,1,0.0,1.4000000000000001,2025-Jan-29-17:44:55.622143
1.5582598089635473,34698,12,1,1,0,0,0.0,0.0,2025-Jan-29-17:44:55.681618
1.558257552279544,34699,6,1,1,0,-1,0.0,0.0,2025-Jan-29-17:44:55.738349
0.7182729372290622,34700,19,1,0,0,0,0.0,0.0,2025-Jan-29-17:44:55.782395
0.902315101215723,34701,18,1,1,1,0,1.1,0.0,2025-Jan-29-17:44:55.838488
0.7182821534327368,34702,2,1,0,-1,1,0.0,1.1,2025-Jan-29-17:44:55.895290
1.2908061561708264,34703,20,1,0,0,-1,0.0,0.0,2025-Jan-29-17:44:55.974937
1.5432479359031575,34704,8,1,1,-1,0,0.0,0.0,2025-Jan-29-17:44:56.032487
1.0732828038461912,34705,2,1,1,0,0,0.0,0.0,2025-Jan-29-17:44:56.077766
1.0960830201502407,34706,16,1,1,-1,-1,0.0,0.0,2025-Jan-29-17:44:56.157148
1.1882472841097123,34707,4,1,0,0,1,0.0,0.1,2025-Jan-29-17:44:56.215128
0.6298802320476625,34708,21,1,0,1,-1,1.5000000000000002,0.0,2025-Jan-29-17:44:56.303073
0.8058118288977956,34709,21,1,0,0,-1,0.0,0.0,2025-Jan-29-17:44:56.362156
1.5432479388339306,34710,5,1,1,-1,-1,0.0,0.0,2025-Jan-29-17:44:56.436817
0.9448458400398408,34711,16,1,1,1,0,0.8,0.0,2025-Jan-29-17:44:56.531822
0.7182705030005031,34712,25,1,0,0,0,0.0,0.0,2025-Jan-29-17:44:56.613010
1.2489819404013758,34713,7,1,0,0,-1,0.0,0.0,2025-Jan-29-17:44:56.687130
0.8058118288977956,34714,21,1,0,0,-1,0.0,0.0,2025-Jan-29-17:44:56.748169
0.7032548306826437,34715,0,1,0,-1,0,0.0,0.0,2025-Jan-29-17:44:56.807241
1.1882472999269158,34716,10,1,0,0,-1,0.0,0.0,2025-Jan-29-17:44:56.864858
1.058252456597701,34717,13,1,1,0,0,0.0,0.0,2025-Jan-29-17:44:56.921415
0.5423447386502132,34718,25,1,0,1,0,1.9000000000000001,0.0,2025-Jan-29-17:44:56.996656
0.7410823776243158,34719,18,1,0,-1,0,0.0,0.0,2025-Jan-29-17:44:57.077091
1.3286400585175115,34720,20,1,0,-1,-1,0.0,0.0,2025-Jan-29-17:44:57.182202
1.481685929405249,34721,14,1,1,-1,1,0.0,0.7000000000000001,2025-Jan-29-17:44:57.261741
1.0582554559926491,34722,1,1,1,1,0,1.5000000000000002,0.0,2025-Jan-29-17:44:57.318645
1.096083017820758,34723,16,1,1,-1,0,0.0,0.0,2025-Jan-29-17:44:57.398655
1.0582524445096033,34724,16,1,1,0,1,0.0,0.2,2025-Jan-29-17:44:57.470338
1.104026144435294,34725,24,1,0,1,0,0.7000000000000001,0.0,2025-Jan-29-17:44:57.560338
0.8058118288977956,34726,21,1,0,0,-1,0.0,0.0,2025-Jan-29-17:44:57.674092
1.183633112612482,34727,18,1,1,-1,-1,0.0,0.0,2025-Jan-29-17:44:57.785642
1.0582524564983662,34728,18,1,1,0,0,0.0,0.0,2025-Jan-29-17:44:57.844289
1.5582575345861214,34729,9,1,1,1,0,1.1,0.0,2025-Jan-29-17:44:57.901858
0.7182821507026229,34730,3,1,0,1,0,0.9,0.0,2025-Jan-29-17:44:57.957478
1.203256908176808,34731,6,1,0,0,0,0.0,0.0,2025-Jan-29-17:44:58.014830
1.2032564061623827,34732,24,1,0,0,0,0.0,0.0,2025-Jan-29-17:44:58.071490
1.1882472948240612,34733,5,1,0,0,0,0.0,0.0,2025-Jan-29-17:44:58.127728
1.2032569081518871,34734,9,1,0,0,0,0.0,0.0,2025-Jan-29-17:44:58.182863
0.7182729372290622,34735,19,1,0,0,0,0.0,0.0,2025-Jan-29-17:44:58.227700
1.2032591688841716,34736,12,1,0,0,0,0.0,0.0,2025-Jan-29-17:44:58.282942
1.1882472947756426,34737,11,1,0,0,0,0.0,0.0,2025-Jan-29-17:44:58.340353
1.2032569081518871,34738,9,1,0,0,0,0.0,0.0,2025-Jan-29-17:44:58.397144
0.7182729372290622,34739,19,1,0,0,0,0.0,0.0,2025-Jan-29-17:44:58.442442
0.7032518164381372,34740,18,1,0,0,0,0.0,0.0,2025-Jan-29-17:44:58.518677
1.1882472948240612,34741,5,1,0,0,0,0.0,0.0,2025-Jan-29-17:44:58.613228
1.2032591688841716,34742,12,1,0,0,0,0.0,0.0,2025-Jan-29-17:44:58.700387
1.1882472949645337,34743,7,1,0,0,0,0.0,0.0,2025-Jan-29-17:44:58.776065
1.1882472946247935,34744,4,1,0,0,0,0.0,0.0,2025-Jan-29-17:44:58.836533
1.2032591688841716,34745,12,1,0,0,0,0.0,0.0,2025-Jan-29-17:44:58.892372
0.7032518165899636,34746,16,1,0,0,0,0.0,0.0,2025-Jan-29-17:44:58.947876
1.203256908176808,34747,6,1,0,0,0,0.0,0.0,2025-Jan-29-17:44:59.004115
1.1882472947756426,34748,11,1,0,0,0,0.0,0.0,2025-Jan-29-17:44:59.059943
1.1882472949645337,34749,7,1,0,0,0,0.0,0.0,2025-Jan-29-17:44:59.116445
0.7032518165899636,34750,16,1,0,0,0,0.0,0.0,2025-Jan-29-17:44:59.172119
1.1882472948240612,34751,5,1,0,0,0,0.0,0.0,2025-Jan-29-17:44:59.229185
1.2032569102654214,34752,6,1,0,-1,0,0.0,0.0,2025-Jan-29-17:44:59.285286
0.7182729372290622,34753,19,1,0,0,0,0.0,0.0,2025-Jan-29-17:44:59.330043
1.5432479359031575,34754,8,1,1,-1,0,0.0,0.0,2025-Jan-29-17:44:59.386127
1.5432479349059145,34755,5,1,1,0,0,0.0,0.0,2025-Jan-29-17:44:59.442447
1.096083017820758,34756,16,1,1,-1,0,0.0,0.0,2025-Jan-29-17:44:59.520604
1.203256908176808,34757,6,1,0,0,0,0.0,0.0,2025-Jan-29-17:44:59.604266
1.027327116959739,34758,20,1,0,1,0,1.4000000000000001,0.0,2025-Jan-29-17:44:59.725493
1.2032591688378944,34759,20,1,0,0,0,0.0,0.0,2025-Jan-29-17:44:59.802930
1.5432479359031575,34760,8,1,1,-1,0,0.0,0.0,2025-Jan-29-17:44:59.857623
1.1882472949645337,34761,7,1,0,0,0,0.0,0.0,2025-Jan-29-17:44:59.911730
0.718270503145516,34762,23,1,0,0,0,0.0,0.0,2025-Jan-29-17:44:59.956455
1.2032569081518871,34763,9,1,0,0,0,0.0,0.0,2025-Jan-29-17:45:00.011890
1.2032591688378944,34764,20,1,0,0,0,0.0,0.0,2025-Jan-29-17:45:00.067410
0.7182821665362829,34765,3,1,0,-1,0,0.0,0.0,2025-Jan-29-17:45:00.110265
1.2032591688841716,34766,12,1,0,0,0,0.0,0.0,2025-Jan-29-17:45:00.163803
1.5432479348432389,34767,14,1,1,0,0,0.0,0.0,2025-Jan-29-17:45:00.217837
1.027324175615735,34768,24,1,0,1,0,1.8000000000000003,0.0,2025-Jan-29-17:45:00.296382
1.2248933161499889,34769,17,1,0,-1,0,0.0,0.0,2025-Jan-29-17:45:00.373713
0.7561023662558681,34770,19,1,0,-1,0,0.0,0.0,2025-Jan-29-17:45:00.428879
1.1882472949645337,34771,7,1,0,0,0,0.0,0.0,2025-Jan-29-17:45:00.482686
1.5432479359287443,34772,7,1,1,-1,0,0.0,0.0,2025-Jan-29-17:45:00.536987
1.0960830171985942,34773,15,1,1,-1,0,0.0,0.0,2025-Jan-29-17:45:00.633457
1.015687630009943,34774,15,1,1,0,1,0.0,0.30000000000000004,2025-Jan-29-17:45:00.728720
0.7487322891669068,34775,23,1,0,-1,0,0.0,0.0,2025-Jan-29-17:45:00.802747
0.7182729400006294,34776,19,1,0,0,-1,0.0,0.0,2025-Jan-29-17:45:00.847833
1.0960830201502407,34777,16,1,1,-1,-1,0.0,0.0,2025-Jan-29-17:45:00.926295
1.0582524566575031,34778,16,1,1,0,0,0.0,0.0,2025-Jan-29-17:45:00.979854
1.5798939559241476,34779,10,1,1,-1,0,0.0,0.0,2025-Jan-29-17:45:01.057478
1.188247295861148,34780,5,1,0,-1,0,0.0,0.0,2025-Jan-29-17:45:01.112511
0.7032548183660938,34781,0,1,0,1,-1,1.3000000000000003,0.0,2025-Jan-29-17:45:01.170858
1.6039825804553012,34782,8,1,1,-1,-1,0.0,0.0,2025-Jan-29-17:45:01.229223
1.325284397684237,34783,24,1,0,-1,-1,0.0,0.0,2025-Jan-29-17:45:01.333094
1.0618998681768215,34784,14,1,0,0,1,0.0,1.7000000000000002,2025-Jan-29-17:45:01.419567
1.2467965624274318,34785,17,1,1,1,1,1.2000000000000002,0.9,2025-Jan-29-17:45:01.501155
1.203256908176808,34786,6,1,0,0,0,0.0,0.0,2025-Jan-29-17:45:01.577519
0.7032518164381372,34787,18,1,0,0,0,0.0,0.0,2025-Jan-29-17:45:01.680324
1.2032564062589408,34788,22,1,0,0,0,0.0,0.0,2025-Jan-29-17:45:01.774599
0.7182729372290622,34789,19,1,0,0,0,0.0,0.0,2025-Jan-29-17:45:01.840195
1.1882472948363416,34790,8,1,0,0,0,0.0,0.0,2025-Jan-29-17:45:01.901279
1.0273232937400198,34791,22,1,0,1,0,1.5000000000000002,0.0,2025-Jan-29-17:45:01.983615
1.188247294576375,34792,10,1,0,0,0,0.0,0.0,2025-Jan-29-17:45:02.041205
1.188247295861148,34793,5,1,0,-1,0,0.0,0.0,2025-Jan-29-17:45:02.100202
1.1882472949161151,34794,14,1,0,0,0,0.0,0.0,2025-Jan-29-17:45:02.157591
1.1882472801394095,34795,7,1,0,1,0,1.3000000000000003,0.0,2025-Jan-29-17:45:02.216172
1.1882472948240612,34796,5,1,0,0,0,0.0,0.0,2025-Jan-29-17:45:02.273063
0.7032518165899636,34797,16,1,0,0,0,0.0,0.0,2025-Jan-29-17:45:02.329038
0.7182821636027037,34798,3,1,0,0,0,0.0,0.0,2025-Jan-29-17:45:02.373947
1.1882472946247935,34799,4,1,0,0,0,0.0,0.0,2025-Jan-29-17:45:02.431512
1.1882472947756426,34800,11,1,0,0,0,0.0,0.0,2025-Jan-29-17:45:02.488893
1.1882472949161151,34801,14,1,0,0,0,0.0,0.0,2025-Jan-29-17:45:02.545087
0.7032518165836577,34802,13,1,0,0,0,0.0,0.0,2025-Jan-29-17:45:02.645683
0.7032518165836577,34803,13,1,0,0,0,0.0,0.0,2025-Jan-29-17:45:02.741218
1.1882472949161151,34804,14,1,0,0,0,0.0,0.0,2025-Jan-29-17:45:02.821710
0.7410823775192706,34805,13,1,0,-1,0,0.0,0.0,2025-Jan-29-17:45:02.903974
1.203256908176808,34806,6,1,0,0,0,0.0,0.0,2025-Jan-29-17:45:02.961493
1.2032591688378944,34807,20,1,0,0,0,0.0,0.0,2025-Jan-29-17:45:03.018023
1.1882472995691167,34808,5,1,0,-1,-1,0.0,0.0,2025-Jan-29-17:45:03.075462
0.8058118288977956,34809,21,1,0,0,-1,0.0,0.0,2025-Jan-29-17:45:03.134825
0.5331371487776685,34810,18,1,0,1,0,1.2000000000000002,0.0,2025-Jan-29-17:45:03.191700
1.1882472949645337,34811,7,1,0,0,0,0.0,0.0,2025-Jan-29-17:45:03.248692
1.2248933161499889,34812,17,1,0,-1,0,0.0,0.0,2025-Jan-29-17:45:03.860826
1.2489819397272353,34813,8,1,0,0,-1,0.0,0.0,2025-Jan-29-17:45:03.960140
1.2032569102405002,34814,9,1,0,-1,0,0.0,0.0,2025-Jan-29-17:45:04.039885
0.7561001563468996,34815,23,1,0,-1,-1,0.0,0.0,2025-Jan-29-17:45:04.103022
1.1882472948363416,34816,8,1,0,0,0,0.0,0.0,2025-Jan-29-17:45:04.160517
0.7182821666823194,34817,2,1,0,-1,0,0.0,0.0,2025-Jan-29-17:45:04.206526
0.7182705030005031,34818,25,1,0,0,0,0.0,0.0,2025-Jan-29-17:45:04.252391
0.7561023662558681,34819,19,1,0,-1,0,0.0,0.0,2025-Jan-29-17:45:04.310844
0.7561023661056487,34820,21,1,0,-1,0,0.0,0.0,2025-Jan-29-17:45:04.369051
1.2032564062589408,34821,22,1,0,0,0,0.0,0.0,2025-Jan-29-17:45:04.425248
1.046482794053692,34822,17,1,0,1,0,1.0,0.0,2025-Jan-29-17:45:04.481121
0.7032518156813519,34823,15,1,0,0,0,0.0,0.0,2025-Jan-29-17:45:04.536905
1.1882472947756426,34824,11,1,0,0,0,0.0,0.0,2025-Jan-29-17:45:04.593782
1.1882472949161151,34825,14,1,0,0,0,0.0,0.0,2025-Jan-29-17:45:04.650816
1.203256908176808,34826,6,1,0,0,0,0.0,0.0,2025-Jan-29-17:45:04.707009
1.1882472948240612,34827,5,1,0,0,0,0.0,0.0,2025-Jan-29-17:45:04.781976
1.2032564062589408,34828,22,1,0,0,0,0.0,0.0,2025-Jan-29-17:45:04.868760
0.7032518190940896,34829,16,1,0,0,-1,0.0,0.0,2025-Jan-29-17:45:04.953698
0.7032518164381372,34830,18,1,0,0,0,0.0,0.0,2025-Jan-29-17:45:05.009423
0.7182821636027037,34831,3,1,0,0,0,0.0,0.0,2025-Jan-29-17:45:05.052577
0.7032518165899636,34832,16,1,0,0,0,0.0,0.0,2025-Jan-29-17:45:05.105989
0.7032518190940896,34833,16,1,0,0,-1,0.0,0.0,2025-Jan-29-17:45:05.160736
1.1882472949645337,34834,7,1,0,0,0,0.0,0.0,2025-Jan-29-17:45:05.215325
1.2489819395329602,34835,17,1,0,0,-1,0.0,0.0,2025-Jan-29-17:45:05.269726
0.7908004349144597,34836,1,1,0,0,-1,0.0,0.0,2025-Jan-29-17:45:05.347037
0.843646600794894,34837,21,1,0,-1,-1,0.0,0.0,2025-Jan-29-17:45:05.414807
1.203259173061556,34838,12,1,0,0,-1,0.0,0.0,2025-Jan-29-17:45:05.469074
0.8823190693697337,34839,16,1,1,1,0,1.3000000000000003,0.0,2025-Jan-29-17:45:05.545341
1.5432479265394579,34840,5,1,1,-1,1,0.0,1.4000000000000001,2025-Jan-29-17:45:05.600124
1.203256908176808,34841,6,1,0,0,0,0.0,0.0,2025-Jan-29-17:45:05.655603
0.7032518164381372,34842,18,1,0,0,0,0.0,0.0,2025-Jan-29-17:45:05.724560
0.7032548161691953,34843,1,1,0,1,0,1.3000000000000003,0.0,2025-Jan-29-17:45:05.825858
1.2032564062589408,34844,22,1,0,0,0,0.0,0.0,2025-Jan-29-17:45:05.912686
0.7182729372290622,34845,19,1,0,0,0,0.0,0.0,2025-Jan-29-17:45:05.959760
0.7032548286518892,34846,1,1,0,0,0,0.0,0.0,2025-Jan-29-17:45:06.014268
0.5423435121431919,34847,23,1,0,1,0,1.5000000000000002,0.0,2025-Jan-29-17:45:06.089340
1.2032569081518871,34848,9,1,0,0,0,0.0,0.0,2025-Jan-29-17:45:06.149069
1.2032569102405002,34849,9,1,0,-1,0,0.0,0.0,2025-Jan-29-17:45:06.204617
0.7032548286518892,34850,1,1,0,0,0,0.0,0.0,2025-Jan-29-17:45:06.259940
1.203256908176808,34851,6,1,0,0,0,0.0,0.0,2025-Jan-29-17:45:06.314004
0.7032518156813519,34852,15,1,0,0,0,0.0,0.0,2025-Jan-29-17:45:06.367778
0.7032518165836577,34853,13,1,0,0,0,0.0,0.0,2025-Jan-29-17:45:06.422056
0.7032518165899636,34854,16,1,0,0,0,0.0,0.0,2025-Jan-29-17:45:06.475580
1.1882472948363416,34855,8,1,0,0,0,0.0,0.0,2025-Jan-29-17:45:06.530882
0.7368074535047114,34856,15,1,0,-1,0,0.0,0.0,2025-Jan-29-17:45:06.607621
1.1882472947756426,34857,11,1,0,0,0,0.0,0.0,2025-Jan-29-17:45:06.685196
1.2032591688841716,34858,12,1,0,0,0,0.0,0.0,2025-Jan-29-17:45:06.759743
1.2032591688841716,34859,12,1,0,0,0,0.0,0.0,2025-Jan-29-17:45:06.842432
1.241089522048855,34860,20,1,0,-1,0,0.0,0.0,2025-Jan-29-17:45:06.921370
1.1882472949645337,34861,7,1,0,0,0,0.0,0.0,2025-Jan-29-17:45:06.976294
1.027327116959739,34862,20,1,0,1,0,1.4000000000000001,0.0,2025-Jan-29-17:45:07.053510
0.7182729372290622,34863,19,1,0,0,0,0.0,0.0,2025-Jan-29-17:45:07.096716
1.1882472956618804,34864,4,1,0,-1,0,0.0,0.0,2025-Jan-29-17:45:07.152929
0.7487322891669068,34865,23,1,0,-1,0,0.0,0.0,2025-Jan-29-17:45:07.208491
1.2032591688378944,34866,20,1,0,0,0,0.0,0.0,2025-Jan-29-17:45:07.266641
1.1882472948363416,34867,8,1,0,0,0,0.0,0.0,2025-Jan-29-17:45:07.321558
0.7368074537788192,34868,16,1,0,-1,0,0.0,0.0,2025-Jan-29-17:45:07.400543
1.1882472947756426,34869,11,1,0,0,0,0.0,0.0,2025-Jan-29-17:45:07.455585
1.2032591688841716,34870,12,1,0,0,0,0.0,0.0,2025-Jan-29-17:45:07.511471
1.1882472948363416,34871,8,1,0,0,0,0.0,0.0,2025-Jan-29-17:45:07.569364
0.7032518164381372,34872,18,1,0,0,0,0.0,0.0,2025-Jan-29-17:45:07.650414
0.7032548305854713,34873,1,1,0,-1,0,0.0,0.0,2025-Jan-29-17:45:07.731538
0.7182705030005031,34874,25,1,0,0,0,0.0,0.0,2025-Jan-29-17:45:07.800390
0.7561023662558681,34875,19,1,0,-1,0,0.0,0.0,2025-Jan-29-17:45:07.857569
0.7561023661056487,34876,21,1,0,-1,0,0.0,0.0,2025-Jan-29-17:45:07.912738
1.2032564062589408,34877,22,1,0,0,0,0.0,0.0,2025-Jan-29-17:45:07.968624
0.5623414716353851,34878,19,1,0,1,0,1.1,0.0,2025-Jan-29-17:45:08.013295
0.7032518165899636,34879,16,1,0,0,0,0.0,0.0,2025-Jan-29-17:45:08.068379
0.5273187256044027,34880,18,1,0,1,0,1.4000000000000001,0.0,2025-Jan-29-17:45:08.145512
1.203256908176808,34881,6,1,0,0,0,0.0,0.0,2025-Jan-29-17:45:08.198870
0.7032518165899636,34882,16,1,0,0,0,0.0,0.0,2025-Jan-29-17:45:08.252851
1.188247294787923,34883,17,1,0,0,0,0.0,0.0,2025-Jan-29-17:45:08.306757
1.188247294787923,34884,17,1,0,0,0,0.0,0.0,2025-Jan-29-17:45:08.361312
0.7182729372290622,34885,19,1,0,0,0,0.0,0.0,2025-Jan-29-17:45:08.403933
1.1882472948240612,34886,5,1,0,0,0,0.0,0.0,2025-Jan-29-17:45:08.458403
1.1882472948363416,34887,8,1,0,0,0,0.0,0.0,2025-Jan-29-17:45:08.512372
0.718270503145516,34888,23,1,0,0,0,0.0,0.0,2025-Jan-29-17:45:08.587269
1.188247294576375,34889,10,1,0,0,0,0.0,0.0,2025-Jan-29-17:45:08.662383
1.188247294576375,34890,10,1,0,0,0,0.0,0.0,2025-Jan-29-17:45:08.739844
1.203256908176808,34891,6,1,0,0,0,0.0,0.0,2025-Jan-29-17:45:08.815218
0.7182821665362829,34892,3,1,0,-1,0,0.0,0.0,2025-Jan-29-17:45:08.858929
1.0732735773183826,34893,19,1,1,0,0,0.0,0.0,2025-Jan-29-17:45:08.901834
1.54407802701239,34894,9,1,1,-1,1,0.0,0.1,2025-Jan-29-17:45:08.955527
0.6567411798934646,34895,21,1,0,-1,1,0.0,0.7000000000000001,2025-Jan-29-17:45:09.011679
1.203256908176808,34896,6,1,0,0,0,0.0,0.0,2025-Jan-29-17:45:09.361818
0.5423471676231595,34897,21,1,0,1,0,1.5000000000000002,0.0,2025-Jan-29-17:45:09.434277
0.7032518164381372,34898,18,1,0,0,0,0.0,0.0,2025-Jan-29-17:45:09.488305
1.188247280969736,34899,8,1,0,1,0,1.3000000000000003,0.0,2025-Jan-29-17:45:09.544969
1.2032569081518871,34900,9,1,0,0,0,0.0,0.0,2025-Jan-29-17:45:09.625570
1.1882472949645337,34901,7,1,0,0,0,0.0,0.0,2025-Jan-29-17:45:09.701946
0.718270503145516,34902,23,1,0,0,0,0.0,0.0,2025-Jan-29-17:45:09.771784
1.2032591688378944,34903,20,1,0,0,0,0.0,0.0,2025-Jan-29-17:45:09.827683
1.1882472947756426,34904,11,1,0,0,0,0.0,0.0,2025-Jan-29-17:45:09.882473
1.203256908176808,34905,6,1,0,0,0,0.0,0.0,2025-Jan-29-17:45:09.936578
1.203256908176808,34906,6,1,0,0,0,0.0,0.0,2025-Jan-29-17:45:09.990342
0.7032518165899636,34907,16,1,0,0,0,0.0,0.0,2025-Jan-29-17:45:10.043870
1.1882472949161151,34908,14,1,0,0,0,0.0,0.0,2025-Jan-29-17:45:10.099427
0.7032518165899636,34909,16,1,0,0,0,0.0,0.0,2025-Jan-29-17:45:10.154735
1.2032569081518871,34910,9,1,0,0,0,0.0,0.0,2025-Jan-29-17:45:10.208524
0.7368074537788192,34911,16,1,0,-1,0,0.0,0.0,2025-Jan-29-17:45:10.284944
1.241089522048855,34912,20,1,0,-1,0,0.0,0.0,2025-Jan-29-17:45:10.361462
1.1882472949645337,34913,7,1,0,0,0,0.0,0.0,2025-Jan-29-17:45:10.418086
1.2032591688841716,34914,12,1,0,0,0,0.0,0.0,2025-Jan-29-17:45:10.471951
1.2032569102654214,34915,6,1,0,-1,0,0.0,0.0,2025-Jan-29-17:45:10.526465
1.1882472949645337,34916,7,1,0,0,0,0.0,0.0,2025-Jan-29-17:45:10.597862
1.027327116959739,34917,20,1,0,1,0,1.4000000000000001,0.0,2025-Jan-29-17:45:10.718745
0.7182729372290622,34918,19,1,0,0,0,0.0,0.0,2025-Jan-29-17:45:10.784502
1.188247295861148,34919,5,1,0,-1,0,0.0,0.0,2025-Jan-29-17:45:10.841262
0.7368074537788192,34920,16,1,0,-1,0,0.0,0.0,2025-Jan-29-17:45:10.921008
0.7561023661056487,34921,21,1,0,-1,0,0.0,0.0,2025-Jan-29-17:45:10.977480
1.2032591688378944,34922,20,1,0,0,0,0.0,0.0,2025-Jan-29-17:45:11.031378
1.1882472948240612,34923,5,1,0,0,0,0.0,0.0,2025-Jan-29-17:45:11.086107
1.1882472946247935,34924,4,1,0,0,0,0.0,0.0,2025-Jan-29-17:45:11.143440
0.7032518164381372,34925,18,1,0,0,0,0.0,0.0,2025-Jan-29-17:45:11.197054
1.1882472948363416,34926,8,1,0,0,0,0.0,0.0,2025-Jan-29-17:45:11.251452
0.5423441241521691,34927,23,1,0,1,0,1.7000000000000002,0.0,2025-Jan-29-17:45:11.323720
0.5331371487776685,34928,18,1,0,1,0,1.2000000000000002,0.0,2025-Jan-29-17:45:11.376768
0.7032518156813519,34929,15,1,0,0,0,0.0,0.0,2025-Jan-29-17:45:11.430325
0.7032518165899636,34930,16,1,0,0,0,0.0,0.0,2025-Jan-29-17:45:11.483899
1.188247295861148,34931,5,1,0,-1,0,0.0,0.0,2025-Jan-29-17:45:11.538695
1.2032564062589408,34932,22,1,0,0,0,0.0,0.0,2025-Jan-29-17:45:11.612604
0.7410823776243158,34933,18,1,0,-1,0,0.0,0.0,2025-Jan-29-17:45:11.728217
1.241089522048855,34934,20,1,0,-1,0,0.0,0.0,2025-Jan-29-17:45:11.823660
1.2260787273316933,34935,11,1,0,-1,0,0.0,0.0,2025-Jan-29-17:45:11.904728
1.1882472949645337,34936,7,1,0,0,0,0.0,0.0,2025-Jan-29-17:45:11.961593
0.7032518165899636,34937,16,1,0,0,0,0.0,0.0,2025-Jan-29-17:45:12.015337
1.188247294787923,34938,17,1,0,0,0,0.0,0.0,2025-Jan-29-17:45:12.070370
1.188247294787923,34939,17,1,0,0,0,0.0,0.0,2025-Jan-29-17:45:12.125875
1.2032564062589408,34940,22,1,0,0,0,0.0,0.0,2025-Jan-29-17:45:12.179447
0.7032518164381372,34941,18,1,0,0,0,0.0,0.0,2025-Jan-29-17:45:12.232671
1.188247294576375,34942,10,1,0,0,0,0.0,0.0,2025-Jan-29-17:45:12.288493
1.188247294576375,34943,10,1,0,0,0,0.0,0.0,2025-Jan-29-17:45:12.342936
1.1882472949161151,34944,14,1,0,0,0,0.0,0.0,2025-Jan-29-17:45:12.399238
1.2032591688378944,34945,20,1,0,0,0,0.0,0.0,2025-Jan-29-17:45:12.453219
1.096083017820758,34946,16,1,1,-1,0,0.0,0.0,2025-Jan-29-17:45:12.530203
1.1882472947756426,34947,11,1,0,0,0,0.0,0.0,2025-Jan-29-17:45:12.601941
0.7561001531834526,34948,25,1,0,-1,0,0.0,0.0,2025-Jan-29-17:45:12.684875
1.0123094554801568,34949,17,1,0,1,0,1.7000000000000002,0.0,2025-Jan-29-17:45:12.788078
1.543247926057509,34950,11,1,1,0,1,0.0,0.30000000000000004,2025-Jan-29-17:45:12.844047
1.203256908176808,34951,6,1,0,0,0,0.0,0.0,2025-Jan-29-17:45:12.899392
0.5423471676231595,34952,21,1,0,1,0,1.5000000000000002,0.0,2025-Jan-29-17:45:12.976900
1.2032591688378944,34953,20,1,0,0,0,0.0,0.0,2025-Jan-29-17:45:13.032844
1.0123083102926058,34954,10,1,0,1,0,1.3000000000000003,0.0,2025-Jan-29-17:45:13.111265
1.203256908176808,34955,6,1,0,0,0,0.0,0.0,2025-Jan-29-17:45:13.166756
1.188247294576375,34956,10,1,0,0,0,0.0,0.0,2025-Jan-29-17:45:13.221950
0.718270503145516,34957,23,1,0,0,0,0.0,0.0,2025-Jan-29-17:45:13.265387
0.7182729372290622,34958,19,1,0,0,0,0.0,0.0,2025-Jan-29-17:45:13.308664
1.2032569081518871,34959,9,1,0,0,0,0.0,0.0,2025-Jan-29-17:45:13.362295
0.7368074537788192,34960,16,1,0,-1,0,0.0,0.0,2025-Jan-29-17:45:13.438844
1.203256908176808,34961,6,1,0,0,0,0.0,0.0,2025-Jan-29-17:45:13.492829
0.7032518156813519,34962,15,1,0,0,0,0.0,0.0,2025-Jan-29-17:45:13.546529
0.7032518156813519,34963,15,1,0,0,0,0.0,0.0,2025-Jan-29-17:45:13.639769
1.188247294787923,34964,17,1,0,0,0,0.0,0.0,2025-Jan-29-17:45:13.727237
1.188247294576375,34965,10,1,0,0,0,0.0,0.0,2025-Jan-29-17:45:13.807234
1.2032569102654214,34966,6,1,0,-1,0,0.0,0.0,2025-Jan-29-17:45:13.862523
0.7368074537788192,34967,16,1,0,-1,0,0.0,0.0,2025-Jan-29-17:45:13.941993
1.241089522048855,34968,20,1,0,-1,0,0.0,0.0,2025-Jan-29-17:45:14.019328
1.1882472947756426,34969,11,1,0,0,0,0.0,0.0,2025-Jan-29-17:45:14.075723
1.2032591688841716,34970,12,1,0,0,0,0.0,0.0,2025-Jan-29-17:45:14.132315
1.1882472948363416,34971,8,1,0,0,0,0.0,0.0,2025-Jan-29-17:45:14.186189
1.027327116959739,34972,20,1,0,1,0,1.4000000000000001,0.0,2025-Jan-29-17:45:14.264026
0.7032518164381372,34973,18,1,0,0,0,0.0,0.0,2025-Jan-29-17:45:14.318156
0.7182729372290622,34974,19,1,0,0,0,0.0,0.0,2025-Jan-29-17:45:14.362200
0.7182821666823194,34975,2,1,0,-1,0,0.0,0.0,2025-Jan-29-17:45:14.405832
1.2248933161499889,34976,17,1,0,-1,0,0.0,0.0,2025-Jan-29-17:45:14.482972
1.241089522048855,34977,20,1,0,-1,0,0.0,0.0,2025-Jan-29-17:45:14.572168
1.2032591688378944,34978,20,1,0,0,0,0.0,0.0,2025-Jan-29-17:45:14.659474
1.1882472948363416,34979,8,1,0,0,0,0.0,0.0,2025-Jan-29-17:45:14.741986
0.7487322891669068,34980,23,1,0,-1,0,0.0,0.0,2025-Jan-29-17:45:14.814656
1.1882472948363416,34981,8,1,0,0,0,0.0,0.0,2025-Jan-29-17:45:14.868952
0.5273184291001904,34982,18,1,0,1,0,1.3000000000000003,0.0,2025-Jan-29-17:45:14.944783
0.5423474785959411,34983,21,1,0,1,0,1.6,0.0,2025-Jan-29-17:45:15.016226
0.7032518156813519,34984,15,1,0,0,0,0.0,0.0,2025-Jan-29-17:45:15.069598
0.7032518165899636,34985,16,1,0,0,0,0.0,0.0,2025-Jan-29-17:45:15.123415
1.2032569102654214,34986,6,1,0,-1,0,0.0,0.0,2025-Jan-29-17:45:15.178203
0.718270503145516,34987,23,1,0,0,0,0.0,0.0,2025-Jan-29-17:45:15.221946
0.7410823776243158,34988,18,1,0,-1,0,0.0,0.0,2025-Jan-29-17:45:15.298412
1.241089522048855,34989,20,1,0,-1,0,0.0,0.0,2025-Jan-29-17:45:15.375728
1.012309168460761,34990,17,1,0,1,0,1.6,0.0,2025-Jan-29-17:45:15.453489
1.1882472949645337,34991,7,1,0,0,0,0.0,0.0,2025-Jan-29-17:45:15.508718
0.7182729372290622,34992,19,1,0,0,0,0.0,0.0,2025-Jan-29-17:45:15.572314
0.7032518164381372,34993,18,1,0,0,0,0.0,0.0,2025-Jan-29-17:45:15.651203
0.7032518165899636,34994,16,1,0,0,0,0.0,0.0,2025-Jan-29-17:45:15.739783
1.2489819395329602,34995,17,1,0,0,-1,0.0,0.0,2025-Jan-29-17:45:15.816018
1.2489819395329602,34996,17,1,0,0,-1,0.0,0.0,2025-Jan-29-17:45:15.871213
1.2032564062589408,34997,22,1,0,0,0,0.0,0.0,2025-Jan-29-17:45:15.925404
1.1882472960016206,34998,7,1,0,-1,0,0.0,0.0,2025-Jan-29-17:45:15.980291
1.203256908176808,34999,6,1,0,0,0,0.0,0.0,2025-Jan-29-17:45:16.035077
1.18824728596099,35000,11,1,0,0,1,0.0,0.30000000000000004,2025-Jan-29-17:45:16.386061
1.188247294787923,35001,17,1,0,0,0,0.0,0.0,2025-Jan-29-17:45:16.443140
1.6307306306095737,35002,14,1,1,-1,-1,0.0,0.0,2025-Jan-29-17:45:16.520791
1.2032569102654214,35003,6,1,0,-1,0,0.0,0.0,2025-Jan-29-17:45:16.597499
1.0960830171985942,35004,15,1,1,-1,0,0.0,0.0,2025-Jan-29-17:45:16.710872
1.558257533247437,35005,6,1,1,1,0,1.6,0.0,2025-Jan-29-17:45:16.787627
