Cost,Sim,Switch_State_Indx,Gen1_on,Gen2_on,Batt1_mode,Batt2_mode,Batt1_power_kW,Batt2_power_kW,Timestamp
0.8881377888566369,35807,18,1,1,1,0,1.2000000000000002,0.0,2025-Jan-29-17:46:09.316263
0.843646600794894,35808,21,1,0,-1,-1,0.0,0.0,2025-Jan-29-17:46:09.386659
1.1037329291610902,35809,25,1,1,-1,0,0.0,0.0,2025-Jan-29-17:46:09.442541
1.058252459835037,35810,13,1,1,0,-1,0.0,0.0,2025-Jan-29-17:46:09.496838
1.1882472949645337,35811,7,1,0,0,0,0.0,0.0,2025-Jan-29-17:46:09.567032
1.4319243271411888,35812,9,1,1,0,1,0.0,1.1,2025-Jan-29-17:46:09.690545
1.203259173061556,35813,12,1,0,0,-1,0.0,0.0,2025-Jan-29-17:46:09.775184
1.1882472837636917,35814,4,1,0,-1,1,0.0,1.9000000000000001,2025-Jan-29-17:46:09.838648
1.1456809389489413,35815,7,1,0,0,1,0.0,0.30000000000000004,2025-Jan-29-17:46:09.900171
1.0014817115876053,35816,15,1,1,0,1,0.0,0.4,2025-Jan-29-17:46:09.962925
1.1608124689801373,35817,21,1,1,0,-1,0.0,0.0,2025-Jan-29-17:46:10.026363
1.2410870127559925,35818,24,1,0,-1,0,0.0,0.0,2025-Jan-29-17:46:10.107908
1.543247934857496,35819,11,1,1,0,0,0.0,0.0,2025-Jan-29-17:46:10.163657
1.058255472846238,35820,0,1,1,-1,-1,0.0,0.0,2025-Jan-29-17:46:10.217973
1.401483434167531,35821,11,1,1,1,0,1.0,0.0,2025-Jan-29-17:46:10.274571
1.5960876528152106,35822,24,1,1,-1,0,0.0,0.0,2025-Jan-29-17:46:10.355179
1.0732735771638882,35823,21,1,1,0,0,0.0,0.0,2025-Jan-29-17:46:10.400846
1.05825547064934,35824,1,1,1,-1,0,0.0,0.0,2025-Jan-29-17:46:10.455321
1.0582554580660795,35825,0,1,1,1,-1,1.8000000000000003,0.0,2025-Jan-29-17:46:10.512383
1.2908061561708264,35826,20,1,0,0,-1,0.0,0.0,2025-Jan-29-17:46:10.612486
1.5918162101421558,35827,22,1,1,-1,0,0.0,0.0,2025-Jan-29-17:46:10.721283
1.0732827904836069,35828,2,1,1,0,1,0.0,1.0,2025-Jan-29-17:46:10.799824
0.5769118061048668,35829,1,1,0,0,1,0.0,1.8000000000000003,2025-Jan-29-17:46:10.887329
1.6039825796951659,35830,8,1,1,0,-1,0.0,0.0,2025-Jan-29-17:46:10.950059
0.7182821636027037,35831,3,1,0,0,0,0.0,0.0,2025-Jan-29-17:46:10.995621
1.5798939562119503,35832,11,1,1,-1,0,0.0,0.0,2025-Jan-29-17:46:11.074166
0.9319114176740084,35833,18,1,1,0,1,0.0,1.6,2025-Jan-29-17:46:11.151742
0.7368074537788192,35834,16,1,0,-1,0,0.0,0.0,2025-Jan-29-17:46:11.229073
0.7182729246377477,35835,19,1,0,0,1,0.0,1.1,2025-Jan-29-17:46:11.282747
0.7032518199523472,35836,13,1,0,0,-1,0.0,0.0,2025-Jan-29-17:46:11.336512
1.5960876548568501,35837,22,1,1,-1,-1,0.0,0.0,2025-Jan-29-17:46:11.413752
0.9590223427209127,35838,16,1,1,1,1,0.7000000000000001,1.5000000000000002,2025-Jan-29-17:46:11.468040
0.5423481028783832,35839,21,1,0,1,0,1.8000000000000003,0.0,2025-Jan-29-17:46:11.540016
1.2032568945424114,35840,6,1,0,1,0,1.1,0.0,2025-Jan-29-17:46:11.616941
1.160819734297283,35841,3,1,1,-1,-1,0.0,0.0,2025-Jan-29-17:46:11.702500
0.6322663311524015,35842,18,1,0,0,1,0.0,0.5,2025-Jan-29-17:46:11.783614
1.5918162101421558,35843,22,1,1,-1,0,0.0,0.0,2025-Jan-29-17:46:11.863870
1.0582524566575031,35844,16,1,1,0,0,0.0,0.0,2025-Jan-29-17:46:11.918207
1.5810793673530297,35845,17,1,1,-1,0,0.0,0.0,2025-Jan-29-17:46:11.995730
1.591796932501842,35846,20,1,1,-1,0,0.0,0.0,2025-Jan-29-17:46:12.073708
0.7032548025499407,35847,0,1,0,1,1,0.1,1.2000000000000002,2025-Jan-29-17:46:12.128944
1.1882472999269158,35848,10,1,0,0,-1,0.0,0.0,2025-Jan-29-17:46:12.183896
0.7182729370721538,35849,21,1,0,0,0,0.0,0.0,2025-Jan-29-17:46:12.540855
0.7032518190940896,35850,16,1,0,0,-1,0.0,0.0,2025-Jan-29-17:46:12.640943
0.6899209359502544,35851,23,1,0,1,0,0.2,0.0,2025-Jan-29-17:46:12.715376
1.0732828037001547,35852,3,1,1,0,0,0.0,0.0,2025-Jan-29-17:46:12.781943
1.2032569009366834,35853,6,1,0,-1,1,0.0,1.3000000000000003,2025-Jan-29-17:46:12.841759
1.458191553236881,35854,10,1,1,1,1,0.6,1.1,2025-Jan-29-17:46:12.898541
1.2489819404013758,35855,7,1,0,0,-1,0.0,0.0,2025-Jan-29-17:46:12.955736
1.203256895957546,35856,6,1,0,0,1,0.0,0.1,2025-Jan-29-17:46:13.021573
1.5810793670700924,35857,14,1,1,-1,0,0.0,0.0,2025-Jan-29-17:46:13.102614
0.843646600794894,35858,21,1,0,-1,-1,0.0,0.0,2025-Jan-29-17:46:13.176362
0.8058118288977956,35859,21,1,0,0,-1,0.0,0.0,2025-Jan-29-17:46:13.238650
0.843646600794894,35860,21,1,0,-1,-1,0.0,0.0,2025-Jan-29-17:46:13.312420
1.5960876528152106,35861,24,1,1,-1,0,0.0,0.0,2025-Jan-29-17:46:13.394945
1.1037329291610902,35862,25,1,1,-1,0,0.0,0.0,2025-Jan-29-17:46:13.454123
1.2032564061623827,35863,24,1,0,0,0,0.0,0.0,2025-Jan-29-17:46:13.510452
1.058252459835037,35864,13,1,1,0,-1,0.0,0.0,2025-Jan-29-17:46:13.592371
1.058252459835037,35865,13,1,1,0,-1,0.0,0.0,2025-Jan-29-17:46:13.688015
1.058252459835037,35866,13,1,1,0,-1,0.0,0.0,2025-Jan-29-17:46:13.779702
1.1882472949645337,35867,7,1,0,0,0,0.0,0.0,2025-Jan-29-17:46:13.844320
1.1882472949645337,35868,7,1,0,0,0,0.0,0.0,2025-Jan-29-17:46:13.902972
1.1882472949645337,35869,7,1,0,0,0,0.0,0.0,2025-Jan-29-17:46:13.961065
1.4319243271411888,35870,9,1,1,0,1,0.0,1.1,2025-Jan-29-17:46:14.042687
1.4319243271411888,35871,9,1,1,0,1,0.0,1.1,2025-Jan-29-17:46:14.123250
1.5432479348660704,35872,8,1,1,0,0,0.0,0.0,2025-Jan-29-17:46:14.181318
1.203259173061556,35873,12,1,0,0,-1,0.0,0.0,2025-Jan-29-17:46:14.236845
1.203259173061556,35874,12,1,0,0,-1,0.0,0.0,2025-Jan-29-17:46:14.293603
1.203259173061556,35875,12,1,0,0,-1,0.0,0.0,2025-Jan-29-17:46:14.351038
0.7182821665362829,35876,3,1,0,-1,0,0.0,0.0,2025-Jan-29-17:46:14.397138
1.1882472837636917,35877,4,1,0,-1,1,0.0,1.9000000000000001,2025-Jan-29-17:46:14.454740
1.1882472837636917,35878,4,1,0,-1,1,0.0,1.9000000000000001,2025-Jan-29-17:46:14.513754
1.1456809389489413,35879,7,1,0,0,1,0.0,0.30000000000000004,2025-Jan-29-17:46:14.592203
1.1456809389489413,35880,7,1,0,0,1,0.0,0.30000000000000004,2025-Jan-29-17:46:14.680818
1.1598785426301905,35881,7,1,0,0,1,0.0,0.2,2025-Jan-29-17:46:14.772925
1.0014817115876053,35882,15,1,1,0,1,0.0,0.4,2025-Jan-29-17:46:14.842888
1.0014817115876053,35883,15,1,1,0,1,0.0,0.4,2025-Jan-29-17:46:14.900631
1.1882472949161151,35884,14,1,0,0,0,0.0,0.0,2025-Jan-29-17:46:14.957084
1.1608124689801373,35885,21,1,1,0,-1,0.0,0.0,2025-Jan-29-17:46:15.014746
1.1608124689801373,35886,21,1,1,0,-1,0.0,0.0,2025-Jan-29-17:46:15.073368
1.1608124689801373,35887,21,1,1,0,-1,0.0,0.0,2025-Jan-29-17:46:15.130710
1.2410870127559925,35888,24,1,0,-1,0,0.0,0.0,2025-Jan-29-17:46:15.210885
0.718270503145516,35889,23,1,0,0,0,0.0,0.0,2025-Jan-29-17:46:15.255814
1.2410870127559925,35890,24,1,0,-1,0,0.0,0.0,2025-Jan-29-17:46:15.335962
1.5432479347321184,35891,10,1,1,0,0,0.0,0.0,2025-Jan-29-17:46:15.393268
1.543247934857496,35892,11,1,1,0,0,0.0,0.0,2025-Jan-29-17:46:15.449637
1.188247294576375,35893,10,1,0,0,0,0.0,0.0,2025-Jan-29-17:46:15.506472
1.058255472846238,35894,0,1,1,-1,-1,0.0,0.0,2025-Jan-29-17:46:15.581933
1.058255472846238,35895,0,1,1,-1,-1,0.0,0.0,2025-Jan-29-17:46:15.683988
1.058255472846238,35896,0,1,1,-1,-1,0.0,0.0,2025-Jan-29-17:46:15.775388
1.401483434167531,35897,11,1,1,1,0,1.0,0.0,2025-Jan-29-17:46:15.853147
1.401483434167531,35898,11,1,1,1,0,1.0,0.0,2025-Jan-29-17:46:15.911458
1.188247294576375,35899,10,1,0,0,0,0.0,0.0,2025-Jan-29-17:46:15.968849
1.0732711432420041,35900,23,1,1,0,0,0.0,0.0,2025-Jan-29-17:46:16.014429
1.1111007934145072,35901,23,1,1,-1,0,0.0,0.0,2025-Jan-29-17:46:16.071841
1.5960876528152106,35902,24,1,1,-1,0,0.0,0.0,2025-Jan-29-17:46:16.151586
1.0732735771638882,35903,21,1,1,0,0,0.0,0.0,2025-Jan-29-17:46:16.197172
1.2032591688378944,35904,20,1,0,0,0,0.0,0.0,2025-Jan-29-17:46:16.253403
1.0732735771638882,35905,21,1,1,0,0,0.0,0.0,2025-Jan-29-17:46:16.299897
0.7032548287490616,35906,0,1,0,0,0,0.0,0.0,2025-Jan-29-17:46:16.355006
0.7032548287490616,35907,0,1,0,0,0,0.0,0.0,2025-Jan-29-17:46:16.410692
1.0582554707465124,35908,0,1,1,-1,0,0.0,0.0,2025-Jan-29-17:46:16.466649
1.0582554580660795,35909,0,1,1,1,-1,1.8000000000000003,0.0,2025-Jan-29-17:46:16.523373
1.0582554580660795,35910,0,1,1,1,-1,1.8000000000000003,0.0,2025-Jan-29-17:46:16.602529
1.0582554707465124,35911,0,1,1,-1,0,0.0,0.0,2025-Jan-29-17:46:16.702839
1.2908061561708264,35912,20,1,0,0,-1,0.0,0.0,2025-Jan-29-17:46:16.813103
1.2908061561708264,35913,20,1,0,0,-1,0.0,0.0,2025-Jan-29-17:46:16.898873
1.2908061561708264,35914,20,1,0,0,-1,0.0,0.0,2025-Jan-29-17:46:16.982979
1.5918162101421558,35915,22,1,1,-1,0,0.0,0.0,2025-Jan-29-17:46:17.063883
1.5918162101421558,35916,22,1,1,-1,0,0.0,0.0,2025-Jan-29-17:46:17.144215
1.5918162101421558,35917,22,1,1,-1,0,0.0,0.0,2025-Jan-29-17:46:17.224640
1.0732828038461912,35918,2,1,1,0,0,0.0,0.0,2025-Jan-29-17:46:17.270117
1.0732827904836069,35919,2,1,1,0,1,0.0,1.0,2025-Jan-29-17:46:17.326094
1.0732827904836069,35920,2,1,1,0,1,0.0,1.0,2025-Jan-29-17:46:17.382096
0.5769118061048668,35921,1,1,0,0,1,0.0,1.8000000000000003,2025-Jan-29-17:46:17.462072
0.7032548308487874,35922,0,1,0,0,-1,0.0,0.0,2025-Jan-29-17:46:17.517814
0.7032548287490616,35923,0,1,0,0,0,0.0,0.0,2025-Jan-29-17:46:17.591694
1.6039825796951659,35924,8,1,1,0,-1,0.0,0.0,2025-Jan-29-17:46:17.682874
1.6039825796951659,35925,8,1,1,0,-1,0.0,0.0,2025-Jan-29-17:46:17.768258
1.6039825796951659,35926,8,1,1,0,-1,0.0,0.0,2025-Jan-29-17:46:17.844809
0.7182821636027037,35927,3,1,0,0,0,0.0,0.0,2025-Jan-29-17:46:17.891600
0.7182821637487402,35928,2,1,0,0,0,0.0,0.0,2025-Jan-29-17:46:17.936514
0.7182821636027037,35929,3,1,0,0,0,0.0,0.0,2025-Jan-29-17:46:17.981880
1.5798939559241476,35930,10,1,1,-1,0,0.0,0.0,2025-Jan-29-17:46:18.061558
1.5798939562119503,35931,11,1,1,-1,0,0.0,0.0,2025-Jan-29-17:46:18.142069
1.5798939562119503,35932,11,1,1,-1,0,0.0,0.0,2025-Jan-29-17:46:18.222871
0.9319114176740084,35933,18,1,1,0,1,0.0,1.6,2025-Jan-29-17:46:18.302334
1.2489819395329602,35934,17,1,0,0,-1,0.0,0.0,2025-Jan-29-17:46:18.359681
0.9319114176740084,35935,18,1,1,0,1,0.0,1.6,2025-Jan-29-17:46:18.436742
0.7368074537788192,35936,16,1,0,-1,0,0.0,0.0,2025-Jan-29-17:46:18.514125
0.7368074537788192,35937,16,1,0,-1,0,0.0,0.0,2025-Jan-29-17:46:18.617071
0.7368074537788192,35938,16,1,0,-1,0,0.0,0.0,2025-Jan-29-17:46:18.728705
0.7182729246377477,35939,19,1,0,0,1,0.0,1.1,2025-Jan-29-17:46:18.796627
0.7182729400006294,35940,19,1,0,0,-1,0.0,0.0,2025-Jan-29-17:46:18.841016
0.7182729246377477,35941,19,1,0,0,1,0.0,1.1,2025-Jan-29-17:46:18.894433
0.7032518199523472,35942,13,1,0,0,-1,0.0,0.0,2025-Jan-29-17:46:18.947845
0.7032518199523472,35943,13,1,0,0,-1,0.0,0.0,2025-Jan-29-17:46:19.001387
0.7032518199523472,35944,13,1,0,0,-1,0.0,0.0,2025-Jan-29-17:46:19.054863
1.5960876548568501,35945,22,1,1,-1,-1,0.0,0.0,2025-Jan-29-17:46:19.131117
1.5960876548568501,35946,22,1,1,-1,-1,0.0,0.0,2025-Jan-29-17:46:19.208240
1.2410870128463722,35947,22,1,0,-1,0,0.0,0.0,2025-Jan-29-17:46:19.284883
1.0582524566575031,35948,16,1,1,0,0,0.0,0.0,2025-Jan-29-17:46:19.337836
0.9590223427209127,35949,16,1,1,1,1,0.7000000000000001,1.5000000000000002,2025-Jan-29-17:46:19.391527
0.9590223427209127,35950,16,1,1,1,1,0.7000000000000001,1.5000000000000002,2025-Jan-29-17:46:19.445190
0.7182729370721538,35951,21,1,0,0,0,0.0,0.0,2025-Jan-29-17:46:19.487916
0.5423481028783832,35952,21,1,0,1,0,1.8000000000000003,0.0,2025-Jan-29-17:46:19.574538
0.7182729370721538,35953,21,1,0,0,0,0.0,0.0,2025-Jan-29-17:46:19.644985
1.188247295861148,35954,5,1,0,-1,0,0.0,0.0,2025-Jan-29-17:46:19.727673
1.2032568945424114,35955,6,1,0,1,0,1.1,0.0,2025-Jan-29-17:46:19.805981
1.2032568945424114,35956,6,1,0,1,0,1.1,0.0,2025-Jan-29-17:46:19.861675
1.160819734297283,35957,3,1,1,-1,-1,0.0,0.0,2025-Jan-29-17:46:19.919625
0.7182821637487402,35958,2,1,0,0,0,0.0,0.0,2025-Jan-29-17:46:19.962594
1.160819734297283,35959,3,1,1,-1,-1,0.0,0.0,2025-Jan-29-17:46:20.017949
0.6322663311524015,35960,18,1,0,0,1,0.0,0.5,2025-Jan-29-17:46:20.071911
0.6322663311524015,35961,18,1,0,0,1,0.0,0.5,2025-Jan-29-17:46:20.125832
0.6464810723293516,35962,18,1,0,0,1,0.0,0.4,2025-Jan-29-17:46:20.476733
1.5918162101421558,35963,22,1,1,-1,0,0.0,0.0,2025-Jan-29-17:46:20.572811
1.5918162101421558,35964,22,1,1,-1,0,0.0,0.0,2025-Jan-29-17:46:20.686976
1.5918162101421558,35965,22,1,1,-1,0,0.0,0.0,2025-Jan-29-17:46:20.786629
1.0582524566575031,35966,16,1,1,0,0,0.0,0.0,2025-Jan-29-17:46:20.841629
1.0582524566575031,35967,16,1,1,0,0,0.0,0.0,2025-Jan-29-17:46:20.894852
1.0582524556889323,35968,15,1,1,0,0,0.0,0.0,2025-Jan-29-17:46:20.948142
1.5810793673530297,35969,17,1,1,-1,0,0.0,0.0,2025-Jan-29-17:46:21.024462
1.5810793673530297,35970,17,1,1,-1,0,0.0,0.0,2025-Jan-29-17:46:21.101052
1.5432479348176518,35971,17,1,1,0,0,0.0,0.0,2025-Jan-29-17:46:21.155183
1.591796932501842,35972,20,1,1,-1,0,0.0,0.0,2025-Jan-29-17:46:21.232696
1.591796932501842,35973,20,1,1,-1,0,0.0,0.0,2025-Jan-29-17:46:21.308825
0.7182729372290622,35974,19,1,0,0,0,0.0,0.0,2025-Jan-29-17:46:21.351717
0.7032548151967912,35975,0,1,0,0,1,0.0,1.1,2025-Jan-29-17:46:21.405744
0.7032548025499407,35976,0,1,0,1,1,0.1,1.2000000000000002,2025-Jan-29-17:46:21.459781
0.7032548186113771,35977,0,1,0,1,-1,0.1,0.0,2025-Jan-29-17:46:21.514124
1.2032569081518871,35978,9,1,0,0,0,0.0,0.0,2025-Jan-29-17:46:21.579815
1.2908039091728067,35979,9,1,0,0,-1,0.0,0.0,2025-Jan-29-17:46:21.686378
1.1882472999269158,35980,10,1,0,0,-1,0.0,0.0,2025-Jan-29-17:46:21.764678
1.2032591688378944,35981,20,1,0,0,0,0.0,0.0,2025-Jan-29-17:46:21.818848
1.2032591688378944,35982,20,1,0,0,0,0.0,0.0,2025-Jan-29-17:46:21.872228
1.2032591688378944,35983,20,1,0,0,0,0.0,0.0,2025-Jan-29-17:46:21.928681
0.7032518156813519,35984,15,1,0,0,0,0.0,0.0,2025-Jan-29-17:46:21.981956
0.7032518190940896,35985,16,1,0,0,-1,0.0,0.0,2025-Jan-29-17:46:22.035333
0.7032518190940896,35986,16,1,0,0,-1,0.0,0.0,2025-Jan-29-17:46:22.088332
0.6899209359502544,35987,23,1,0,1,0,0.2,0.0,2025-Jan-29-17:46:22.131745
1.2032564062589408,35988,22,1,0,0,0,0.0,0.0,2025-Jan-29-17:46:22.185140
0.6899209359502544,35989,23,1,0,1,0,0.2,0.0,2025-Jan-29-17:46:22.227695
0.7182821637487402,35990,2,1,0,0,0,0.0,0.0,2025-Jan-29-17:46:22.270996
1.0732828037001547,35991,3,1,1,0,0,0.0,0.0,2025-Jan-29-17:46:22.313708
0.7182821636027037,35992,3,1,0,0,0,0.0,0.0,2025-Jan-29-17:46:22.356492
1.2032568988480699,35993,6,1,0,0,1,0.0,1.3000000000000003,2025-Jan-29-17:46:22.412828
1.1882472948240612,35994,5,1,0,0,0,0.0,0.0,2025-Jan-29-17:46:22.467225
1.1882472849505983,35995,5,1,0,0,1,0.0,1.3000000000000003,2025-Jan-29-17:46:22.522539
1.458191553236881,35996,10,1,1,1,1,0.6,1.1,2025-Jan-29-17:46:22.594187
1.5798939559241476,35997,10,1,1,-1,0,0.0,0.0,2025-Jan-29-17:46:22.708418
1.458191553236881,35998,10,1,1,1,1,0.6,1.1,2025-Jan-29-17:46:22.792377
1.2489819404013758,35999,7,1,0,0,-1,0.0,0.0,2025-Jan-29-17:46:22.846760
1.2489819404013758,36000,7,1,0,0,-1,0.0,0.0,2025-Jan-29-17:46:22.902821
1.2489819404013758,36001,7,1,0,0,-1,0.0,0.0,2025-Jan-29-17:46:22.956674
1.203256895957546,36002,6,1,0,0,1,0.0,0.1,2025-Jan-29-17:46:23.011038
1.1882472948240612,36003,5,1,0,0,0,0.0,0.0,2025-Jan-29-17:46:23.065123
1.203256895957546,36004,6,1,0,0,1,0.0,0.1,2025-Jan-29-17:46:23.119633
1.5810793670700924,36005,14,1,1,-1,0,0.0,0.0,2025-Jan-29-17:46:23.196692
1.5810793670700924,36006,14,1,1,-1,0,0.0,0.0,2025-Jan-29-17:46:23.276637
1.2260787271081437,36007,14,1,0,-1,0,0.0,0.0,2025-Jan-29-17:46:23.353548
1.1457990194326042,36008,18,1,1,0,-1,0.0,0.0,2025-Jan-29-17:46:23.429120
0.5423481028783832,36009,21,1,0,1,0,1.8000000000000003,0.0,2025-Jan-29-17:46:23.499085
1.0732827904836069,36010,2,1,1,0,1,0.0,1.0,2025-Jan-29-17:46:23.575620
0.5273187127938751,36011,13,1,0,1,1,1.4000000000000001,0.9,2025-Jan-29-17:46:23.684085
1.1882472985320298,36012,5,1,0,0,-1,0.0,0.0,2025-Jan-29-17:46:23.761538
1.543247934857496,36013,11,1,1,0,0,0.0,0.0,2025-Jan-29-17:46:23.817058
1.203256895957546,36014,6,1,0,0,1,0.0,0.1,2025-Jan-29-17:46:23.871469
1.1464858820222257,36015,9,1,0,0,1,0.0,0.4,2025-Jan-29-17:46:23.926813
1.1882472960016206,36016,7,1,0,-1,0,0.0,0.0,2025-Jan-29-17:46:23.980322
0.7032518165836577,36017,13,1,0,0,0,0.0,0.0,2025-Jan-29-17:46:24.032832
1.188247295861148,36018,5,1,0,-1,0,0.0,0.0,2025-Jan-29-17:46:24.087641
1.1882472837636917,36019,4,1,0,-1,1,0.0,1.9000000000000001,2025-Jan-29-17:46:24.142853
1.1882472949161151,36020,14,1,0,0,0,0.0,0.0,2025-Jan-29-17:46:24.204932
1.543247934857496,36021,11,1,1,0,0,0.0,0.0,2025-Jan-29-17:46:24.258087
1.0582554688129302,36022,0,1,1,0,0,0.0,0.0,2025-Jan-29-17:46:24.311383
1.0732711430969912,36023,25,1,1,0,0,0.0,0.0,2025-Jan-29-17:46:24.355806
1.1882472948240612,36024,5,1,0,0,0,0.0,0.0,2025-Jan-29-17:46:24.412795
1.2248933161499889,36025,17,1,0,-1,0,0.0,0.0,2025-Jan-29-17:46:24.492057
0.7032518199523472,36026,13,1,0,0,-1,0.0,0.0,2025-Jan-29-17:46:24.548130
1.1111030063412572,36027,19,1,1,-1,0,0.0,0.0,2025-Jan-29-17:46:24.668431
1.5582598088982227,36028,20,1,1,0,0,0.0,0.0,2025-Jan-29-17:46:24.751852
1.5960876548568501,36029,22,1,1,-1,-1,0.0,0.0,2025-Jan-29-17:46:24.857522
1.06190665127603,36030,8,1,0,-1,1,0.0,1.3000000000000003,2025-Jan-29-17:46:24.939461
1.073282809963941,36031,2,1,1,-1,-1,0.0,0.0,2025-Jan-29-17:46:24.992472
0.8058190942097962,36032,3,1,0,-1,-1,0.0,0.0,2025-Jan-29-17:46:25.048816
1.2410870127559925,36033,24,1,0,-1,0,0.0,0.0,2025-Jan-29-17:46:25.125981
1.0014817115876053,36034,15,1,1,0,1,0.0,0.4,2025-Jan-29-17:46:25.179482
1.1882472837636917,36035,4,1,0,-1,1,0.0,1.9000000000000001,2025-Jan-29-17:46:25.235361
1.1882472946247935,36036,4,1,0,0,0,0.0,0.0,2025-Jan-29-17:46:25.289379
1.5918162101421558,36037,22,1,1,-1,0,0.0,0.0,2025-Jan-29-17:46:25.365773
1.5918162101421558,36038,22,1,1,-1,0,0.0,0.0,2025-Jan-29-17:46:25.441591
1.188247280875334,36039,5,1,0,1,0,1.1,0.0,2025-Jan-29-17:46:25.495877
1.096083017820758,36040,16,1,1,-1,0,0.0,0.0,2025-Jan-29-17:46:25.585888
0.7032518199523472,36041,13,1,0,0,-1,0.0,0.0,2025-Jan-29-17:46:25.663291
1.0732735771638882,36042,21,1,1,0,0,0.0,0.0,2025-Jan-29-17:46:25.730521
1.5582570463223062,36043,22,1,1,0,0,0.0,0.0,2025-Jan-29-17:46:25.807656
1.0582524566575031,36044,16,1,1,0,0,0.0,0.0,2025-Jan-29-17:46:25.860391
1.0732828067797704,36045,2,1,1,-1,0,0.0,0.0,2025-Jan-29-17:46:25.904249
1.1458010749686394,36046,1,1,1,0,-1,0.0,0.0,2025-Jan-29-17:46:25.980389
1.5960876528152106,36047,24,1,1,-1,0,0.0,0.0,2025-Jan-29-17:46:26.057328
0.7182729246377477,36048,19,1,0,0,1,0.0,1.1,2025-Jan-29-17:46:26.111235
1.1111030061933418,36049,21,1,1,-1,0,0.0,0.0,2025-Jan-29-17:46:26.167316
1.2032568945424114,36050,6,1,0,1,0,1.1,0.0,2025-Jan-29-17:46:26.220337
1.2032591688378944,36051,20,1,0,0,0,0.0,0.0,2025-Jan-29-17:46:26.273621
1.1598959412694239,36052,17,1,0,1,0,0.2,0.0,2025-Jan-29-17:46:26.327581
0.7032548025499407,36053,0,1,0,1,1,0.1,1.2000000000000002,2025-Jan-29-17:46:26.382236
1.5007206070291752,36054,10,1,1,1,1,0.30000000000000004,1.0,2025-Jan-29-17:46:26.436074
0.7032518165899636,36055,16,1,0,0,0,0.0,0.0,2025-Jan-29-17:46:26.488987
1.1882472949645337,36056,7,1,0,0,0,0.0,0.0,2025-Jan-29-17:46:26.543022
1.1608124689801373,36057,21,1,1,0,-1,0.0,0.0,2025-Jan-29-17:46:26.616858
0.5273187127938751,36058,13,1,0,1,1,1.4000000000000001,0.9,2025-Jan-29-17:46:26.734450
0.5273187127938751,36059,13,1,0,1,1,1.4000000000000001,0.9,2025-Jan-29-17:46:26.829795
0.5273187127938751,36060,13,1,0,1,1,1.4000000000000001,0.9,2025-Jan-29-17:46:26.906867
1.0273271170688472,36061,12,1,0,1,0,1.4000000000000001,0.0,2025-Jan-29-17:46:26.987274
1.2032591688378944,36062,20,1,0,0,0,0.0,0.0,2025-Jan-29-17:46:27.040580
1.241089522048855,36063,20,1,0,-1,0,0.0,0.0,2025-Jan-29-17:46:27.116807
0.5423481028783832,36064,21,1,0,1,0,1.8000000000000003,0.0,2025-Jan-29-17:46:27.187988
0.5423481028783832,36065,21,1,0,1,0,1.8000000000000003,0.0,2025-Jan-29-17:46:27.260586
0.7561023661056487,36066,21,1,0,-1,0,0.0,0.0,2025-Jan-29-17:46:27.316729
0.5423481028783832,36067,21,1,0,1,0,1.8000000000000003,0.0,2025-Jan-29-17:46:27.389262
0.7908004349144597,36068,1,1,0,0,-1,0.0,0.0,2025-Jan-29-17:46:27.468279
0.5769118061048668,36069,1,1,0,0,1,0.0,1.8000000000000003,2025-Jan-29-17:46:27.545233
0.5769118061048668,36070,1,1,0,0,1,0.0,1.8000000000000003,2025-Jan-29-17:46:27.659114
1.188247294787923,36071,17,1,0,0,0,0.0,0.0,2025-Jan-29-17:46:27.739834
0.6322663311524015,36072,18,1,0,0,1,0.0,0.5,2025-Jan-29-17:46:27.805264
0.7032518164381372,36073,18,1,0,0,0,0.0,0.0,2025-Jan-29-17:46:28.180085
0.6899209359502544,36074,23,1,0,1,0,0.2,0.0,2025-Jan-29-17:46:28.224254
0.6899209359502544,36075,23,1,0,1,0,0.2,0.0,2025-Jan-29-17:46:28.268347
1.2032564062589408,36076,22,1,0,0,0,0.0,0.0,2025-Jan-29-17:46:28.322951
0.7032518165836577,36077,13,1,0,0,0,0.0,0.0,2025-Jan-29-17:46:28.377473
0.7032518165836577,36078,13,1,0,0,0,0.0,0.0,2025-Jan-29-17:46:28.431033
0.7032518165836577,36079,13,1,0,0,0,0.0,0.0,2025-Jan-29-17:46:28.484963
0.7032518165899636,36080,16,1,0,0,0,0.0,0.0,2025-Jan-29-17:46:28.538505
0.7032518165899636,36081,16,1,0,0,0,0.0,0.0,2025-Jan-29-17:46:28.619136
0.7032518165899636,36082,16,1,0,0,0,0.0,0.0,2025-Jan-29-17:46:28.701010
0.7032518165899636,36083,16,1,0,0,0,0.0,0.0,2025-Jan-29-17:46:28.774167
0.7032518156813519,36084,15,1,0,0,0,0.0,0.0,2025-Jan-29-17:46:28.828989
0.7907983787624983,36085,15,1,0,0,-1,0.0,0.0,2025-Jan-29-17:46:28.907970
1.2032591688841716,36086,12,1,0,0,0,0.0,0.0,2025-Jan-29-17:46:28.961873
0.7032518199523472,36087,13,1,0,0,-1,0.0,0.0,2025-Jan-29-17:46:29.015703
0.7032518199523472,36088,13,1,0,0,-1,0.0,0.0,2025-Jan-29-17:46:29.069459
0.7032518199523472,36089,13,1,0,0,-1,0.0,0.0,2025-Jan-29-17:46:29.123376
0.7032518199523472,36090,13,1,0,0,-1,0.0,0.0,2025-Jan-29-17:46:29.177553
1.2032591688841716,36091,12,1,0,0,0,0.0,0.0,2025-Jan-29-17:46:29.231858
0.7032518199523472,36092,13,1,0,0,-1,0.0,0.0,2025-Jan-29-17:46:29.287404
0.7032518165836577,36093,13,1,0,0,0,0.0,0.0,2025-Jan-29-17:46:29.341279
0.7032518165836577,36094,13,1,0,0,0,0.0,0.0,2025-Jan-29-17:46:29.394725
0.7032548025499407,36095,0,1,0,1,1,0.1,1.2000000000000002,2025-Jan-29-17:46:29.451035
0.7032548150857845,36096,0,1,0,0,1,0.0,1.2000000000000002,2025-Jan-29-17:46:29.505167
0.7032548025499407,36097,0,1,0,1,1,0.1,1.2000000000000002,2025-Jan-29-17:46:29.571656
0.7032548025499407,36098,0,1,0,1,1,0.1,1.2000000000000002,2025-Jan-29-17:46:29.656546
0.7032548287490616,36099,0,1,0,0,0,0.0,0.0,2025-Jan-29-17:46:29.740893
0.7032548025499407,36100,0,1,0,1,1,0.1,1.2000000000000002,2025-Jan-29-17:46:29.814527
0.7182729246377477,36101,19,1,0,0,1,0.0,1.1,2025-Jan-29-17:46:29.869387
0.7182729246377477,36102,19,1,0,0,1,0.0,1.1,2025-Jan-29-17:46:29.925748
0.7182729246377477,36103,19,1,0,0,1,0.0,1.1,2025-Jan-29-17:46:29.979858
0.7182729372290622,36104,19,1,0,0,0,0.0,0.0,2025-Jan-29-17:46:30.023086
0.7032518164381372,36105,18,1,0,0,0,0.0,0.0,2025-Jan-29-17:46:30.076834
0.7032518164381372,36106,18,1,0,0,0,0.0,0.0,2025-Jan-29-17:46:30.131051
0.7182729370721538,36107,21,1,0,0,0,0.0,0.0,2025-Jan-29-17:46:30.174569
1.2032591688378944,36108,20,1,0,0,0,0.0,0.0,2025-Jan-29-17:46:30.228416
1.2032591688378944,36109,20,1,0,0,0,0.0,0.0,2025-Jan-29-17:46:30.282436
0.7182821636027037,36110,3,1,0,0,0,0.0,0.0,2025-Jan-29-17:46:30.326063
0.7182821637487402,36111,2,1,0,0,0,0.0,0.0,2025-Jan-29-17:46:30.369465
0.7182821636027037,36112,3,1,0,0,0,0.0,0.0,2025-Jan-29-17:46:30.412735
0.7032518156813519,36113,15,1,0,0,0,0.0,0.0,2025-Jan-29-17:46:30.466608
0.7368074537788192,36114,16,1,0,-1,0,0.0,0.0,2025-Jan-29-17:46:30.543036
0.7368074537788192,36115,16,1,0,-1,0,0.0,0.0,2025-Jan-29-17:46:30.638454
0.7182821665362829,36116,3,1,0,-1,0,0.0,0.0,2025-Jan-29-17:46:30.707129
0.7182821636027037,36117,3,1,0,0,0,0.0,0.0,2025-Jan-29-17:46:30.773615
0.8058190942097962,36118,3,1,0,-1,-1,0.0,0.0,2025-Jan-29-17:46:30.831597
0.843646600794894,36119,21,1,0,-1,-1,0.0,0.0,2025-Jan-29-17:46:30.903375
1.2032591688378944,36120,20,1,0,0,0,0.0,0.0,2025-Jan-29-17:46:30.958738
0.843646600794894,36121,21,1,0,-1,-1,0.0,0.0,2025-Jan-29-17:46:31.029699
0.9319114176740084,36122,18,1,1,0,1,0.0,1.6,2025-Jan-29-17:46:31.116629
1.5432479348176518,36123,17,1,1,0,0,0.0,0.0,2025-Jan-29-17:46:31.180757
1.188247294787923,36124,17,1,0,0,0,0.0,0.0,2025-Jan-29-17:46:31.246270
0.9590223427209127,36125,16,1,1,1,1,0.7000000000000001,1.5000000000000002,2025-Jan-29-17:46:31.308034
0.9590223427209127,36126,16,1,1,1,1,0.7000000000000001,1.5000000000000002,2025-Jan-29-17:46:31.370125
0.7032518156813519,36127,15,1,0,0,0,0.0,0.0,2025-Jan-29-17:46:31.430782
1.0014817115876053,36128,15,1,1,0,1,0.0,0.4,2025-Jan-29-17:46:31.496068
1.5432479348432389,36129,14,1,1,0,0,0.0,0.0,2025-Jan-29-17:46:31.576835
1.5432479348432389,36130,14,1,1,0,0,0.0,0.0,2025-Jan-29-17:46:31.682739
0.6606869899975937,36131,15,1,0,0,1,0.0,0.30000000000000004,2025-Jan-29-17:46:31.763939
1.0014817115876053,36132,15,1,1,0,1,0.0,0.4,2025-Jan-29-17:46:31.838304
0.6606869899975937,36133,15,1,0,0,1,0.0,0.30000000000000004,2025-Jan-29-17:46:31.903778
1.0582524566575031,36134,16,1,1,0,0,0.0,0.0,2025-Jan-29-17:46:31.961856
1.0582524566575031,36135,16,1,1,0,0,0.0,0.0,2025-Jan-29-17:46:32.015605
1.0582524566575031,36136,16,1,1,0,0,0.0,0.0,2025-Jan-29-17:46:32.070060
0.7032518165899636,36137,16,1,0,0,0,0.0,0.0,2025-Jan-29-17:46:32.123991
0.7032518156813519,36138,15,1,0,0,0,0.0,0.0,2025-Jan-29-17:46:32.177620
1.0582524566575031,36139,16,1,1,0,0,0.0,0.0,2025-Jan-29-17:46:32.230836
1.058252459835037,36140,13,1,1,0,-1,0.0,0.0,2025-Jan-29-17:46:32.283945
1.058252459835037,36141,13,1,1,0,-1,0.0,0.0,2025-Jan-29-17:46:32.337004
1.058252459835037,36142,13,1,1,0,-1,0.0,0.0,2025-Jan-29-17:46:32.390118
0.7032548287490616,36143,0,1,0,0,0,0.0,0.0,2025-Jan-29-17:46:32.445807
1.0582554580660795,36144,0,1,1,1,-1,1.8000000000000003,0.0,2025-Jan-29-17:46:32.499378
0.7032548287490616,36145,0,1,0,0,0,0.0,0.0,2025-Jan-29-17:46:32.568790
1.0582554688129302,36146,0,1,1,0,0,0.0,0.0,2025-Jan-29-17:46:32.652355
0.7032548287490616,36147,0,1,0,0,0,0.0,0.0,2025-Jan-29-17:46:32.739756
1.0582554688129302,36148,0,1,1,0,0,0.0,0.0,2025-Jan-29-17:46:32.811696
0.7032548306826437,36149,0,1,0,-1,0,0.0,0.0,2025-Jan-29-17:46:32.865739
1.05825547064934,36150,1,1,1,-1,0,0.0,0.0,2025-Jan-29-17:46:32.919333
1.05825547064934,36151,1,1,1,-1,0,0.0,0.0,2025-Jan-29-17:46:32.972606
1.058255472846238,36152,0,1,1,-1,-1,0.0,0.0,2025-Jan-29-17:46:33.025673
1.058255472846238,36153,0,1,1,-1,-1,0.0,0.0,2025-Jan-29-17:46:33.078741
1.058255472846238,36154,0,1,1,-1,-1,0.0,0.0,2025-Jan-29-17:46:33.133174
1.0619066512616904,36155,7,1,0,-1,1,0.0,1.3000000000000003,2025-Jan-29-17:46:33.210351
1.2489819404013758,36156,7,1,0,0,-1,0.0,0.0,2025-Jan-29-17:46:33.265484
1.06190665127603,36157,8,1,0,-1,1,0.0,1.3000000000000003,2025-Jan-29-17:46:33.343207
1.0732711430969912,36158,25,1,1,0,0,0.0,0.0,2025-Jan-29-17:46:33.386220
1.2032564061623827,36159,24,1,0,0,0,0.0,0.0,2025-Jan-29-17:46:33.439709
1.2032564061623827,36160,24,1,0,0,0,0.0,0.0,2025-Jan-29-17:46:33.493297
1.5582598088982227,36161,20,1,1,0,0,0.0,0.0,2025-Jan-29-17:46:33.546928
1.0732735771638882,36162,21,1,1,0,0,0.0,0.0,2025-Jan-29-17:46:33.629930
1.0732735771638882,36163,21,1,1,0,0,0.0,0.0,2025-Jan-29-17:46:33.688631
1.2032591688378944,36164,20,1,0,0,0,0.0,0.0,2025-Jan-29-17:46:33.770634
1.0732735771638882,36165,21,1,1,0,0,0.0,0.0,2025-Jan-29-17:46:33.816141
0.7182729370721538,36166,21,1,0,0,0,0.0,0.0,2025-Jan-29-17:46:33.859111
1.0732827904836069,36167,2,1,1,0,1,0.0,1.0,2025-Jan-29-17:46:33.915403
0.5769253107260323,36168,1,1,0,0,1,0.0,1.0,2025-Jan-29-17:46:33.992843
0.7182821669329108,36169,2,1,0,0,-1,0.0,0.0,2025-Jan-29-17:46:34.035499
1.0732827904836069,36170,2,1,1,0,1,0.0,1.0,2025-Jan-29-17:46:34.089529
1.0732827904836069,36171,2,1,1,0,1,0.0,1.0,2025-Jan-29-17:46:34.143056
1.0732827904836069,36172,2,1,1,0,1,0.0,1.0,2025-Jan-29-17:46:34.196635
1.0732828037001547,36173,3,1,1,0,0,0.0,0.0,2025-Jan-29-17:46:34.239288
1.0732828037001547,36174,3,1,1,0,0,0.0,0.0,2025-Jan-29-17:46:34.281757
1.0732828037001547,36175,3,1,1,0,0,0.0,0.0,2025-Jan-29-17:46:34.324599
1.0732828067797704,36176,2,1,1,-1,0,0.0,0.0,2025-Jan-29-17:46:34.367216
1.0732828038461912,36177,2,1,1,0,0,0.0,0.0,2025-Jan-29-17:46:34.410017
1.0732828067797704,36178,2,1,1,-1,0,0.0,0.0,2025-Jan-29-17:46:34.453052
1.073282809963941,36179,2,1,1,-1,-1,0.0,0.0,2025-Jan-29-17:46:34.495853
1.073282809963941,36180,2,1,1,-1,-1,0.0,0.0,2025-Jan-29-17:46:34.538481
0.71828216986649,36181,2,1,0,-1,-1,0.0,0.0,2025-Jan-29-17:46:34.604016
1.096083017820758,36182,16,1,1,-1,0,0.0,0.0,2025-Jan-29-17:46:34.717233
1.5810793673530297,36183,17,1,1,-1,0,0.0,0.0,2025-Jan-29-17:46:34.822427
1.096083017820758,36184,16,1,1,-1,0,0.0,0.0,2025-Jan-29-17:46:34.902052
0.7182705030005031,36185,25,1,0,0,0,0.0,0.0,2025-Jan-29-17:46:34.948590
1.1037329291610902,36186,25,1,1,-1,0,0.0,0.0,2025-Jan-29-17:46:35.004228
1.1037329291610902,36187,25,1,1,-1,0,0.0,0.0,2025-Jan-29-17:46:35.059206
1.0732735771638882,36188,21,1,1,0,0,0.0,0.0,2025-Jan-29-17:46:35.434746
1.1111030061933418,36189,21,1,1,-1,0,0.0,0.0,2025-Jan-29-17:46:35.491221
1.1111030061933418,36190,21,1,1,-1,0,0.0,0.0,2025-Jan-29-17:46:35.546772
1.1111030063412572,36191,19,1,1,-1,0,0.0,0.0,2025-Jan-29-17:46:35.649377
1.1111030063412572,36192,19,1,1,-1,0,0.0,0.0,2025-Jan-29-17:46:35.742940
1.1111030063412572,36193,19,1,1,-1,0,0.0,0.0,2025-Jan-29-17:46:35.819734
1.203256908176808,36194,6,1,0,0,0,0.0,0.0,2025-Jan-29-17:46:35.880243
1.1456809389489413,36195,7,1,0,0,1,0.0,0.30000000000000004,2025-Jan-29-17:46:35.940583
1.203256897461189,36196,6,1,0,0,1,0.0,0.2,2025-Jan-29-17:46:35.996335
0.9319114176740084,36197,18,1,1,0,1,0.0,1.6,2025-Jan-29-17:46:36.073480
1.0582524564983662,36198,18,1,1,0,0,0.0,0.0,2025-Jan-29-17:46:36.127056
1.1457990194326042,36199,18,1,1,0,-1,0.0,0.0,2025-Jan-29-17:46:36.203738
1.1458010749686394,36200,1,1,1,0,-1,0.0,0.0,2025-Jan-29-17:46:36.281304
1.1458010749686394,36201,1,1,1,0,-1,0.0,0.0,2025-Jan-29-17:46:36.357365
1.0582554687157577,36202,1,1,1,0,0,0.0,0.0,2025-Jan-29-17:46:36.410720
1.1464858820222257,36203,9,1,0,0,1,0.0,0.4,2025-Jan-29-17:46:36.464531
1.1606918711287677,36204,9,1,0,0,1,0.0,0.30000000000000004,2025-Jan-29-17:46:36.517912
1.1464858820222257,36205,9,1,0,0,1,0.0,0.4,2025-Jan-29-17:46:36.590521
0.7368074537788192,36206,16,1,0,-1,0,0.0,0.0,2025-Jan-29-17:46:36.709967
0.7368074537788192,36207,16,1,0,-1,0,0.0,0.0,2025-Jan-29-17:46:36.812846
1.5432479348176518,36208,17,1,1,0,0,0.0,0.0,2025-Jan-29-17:46:36.869257
1.0582554688129302,36209,0,1,1,0,0,0.0,0.0,2025-Jan-29-17:46:36.923125
0.7410823775192706,36210,13,1,0,-1,0,0.0,0.0,2025-Jan-29-17:46:36.999351
0.7032548327823697,36211,0,1,0,-1,-1,0.0,0.0,2025-Jan-29-17:46:37.053258
1.1037329291610902,36212,25,1,1,-1,0,0.0,0.0,2025-Jan-29-17:46:37.108359
1.0335472103329877,36213,17,1,0,1,1,0.2,1.8000000000000003,2025-Jan-29-17:46:37.186889
1.188247285776232,36214,10,1,0,0,1,0.0,1.0,2025-Jan-29-17:46:37.242912
1.194218754795211,36215,21,1,1,-1,-1,0.0,0.0,2025-Jan-29-17:46:37.311534
1.0960830171985942,36216,15,1,1,-1,0,0.0,0.0,2025-Jan-29-17:46:37.390082
1.2032591688841716,36217,12,1,0,0,0,0.0,0.0,2025-Jan-29-17:46:37.449268
1.0732735771638882,36218,21,1,1,0,0,0.0,0.0,2025-Jan-29-17:46:37.492687
1.5290679680881456,36219,8,1,1,0,1,0.0,0.1,2025-Jan-29-17:46:37.547255
0.7032548287490616,36220,0,1,0,0,0,0.0,0.0,2025-Jan-29-17:46:37.627349
0.8058190915727348,36221,3,1,0,0,-1,0.0,0.0,2025-Jan-29-17:46:37.721593
0.5273187141566833,36222,13,1,0,1,1,1.4000000000000001,1.0,2025-Jan-29-17:46:37.822704
0.7032548025499407,36223,0,1,0,1,1,0.1,1.2000000000000002,2025-Jan-29-17:46:37.878790
1.058255470912656,36224,0,1,1,0,-1,0.0,0.0,2025-Jan-29-17:46:37.932906
1.096083004766904,36225,16,1,1,-1,1,0.0,1.5000000000000002,2025-Jan-29-17:46:38.014278
1.1111030061933418,36226,21,1,1,-1,0,0.0,0.0,2025-Jan-29-17:46:38.075205
0.7032518165899636,36227,16,1,0,0,0,0.0,0.0,2025-Jan-29-17:46:38.129907
0.5273187257290142,36228,13,1,0,1,0,1.4000000000000001,0.0,2025-Jan-29-17:46:38.207830
1.0157264457137685,36229,16,1,1,1,0,0.30000000000000004,0.0,2025-Jan-29-17:46:38.262124
0.7182821637487402,36230,2,1,0,0,0,0.0,0.0,2025-Jan-29-17:46:38.306162
0.9319114176740084,36231,18,1,1,0,1,0.0,1.6,2025-Jan-29-17:46:38.381774
1.0582524556889323,36232,15,1,1,0,0,0.0,0.0,2025-Jan-29-17:46:38.435368
0.7032548160694567,36233,1,1,0,1,0,0.9,0.0,2025-Jan-29-17:46:38.490274
0.7907983793815168,36234,18,1,0,0,-1,0.0,0.0,2025-Jan-29-17:46:38.585595
1.203259173061556,36235,12,1,0,0,-1,0.0,0.0,2025-Jan-29-17:46:38.669304
1.1111030061933418,36236,21,1,1,-1,0,0.0,0.0,2025-Jan-29-17:46:38.749447
0.7040983473997404,36237,19,1,0,1,0,0.1,0.0,2025-Jan-29-17:46:38.799068
1.0732735771638882,36238,21,1,1,0,0,0.0,0.0,2025-Jan-29-17:46:38.843019
1.241089522048855,36239,20,1,0,-1,0,0.0,0.0,2025-Jan-29-17:46:38.922892
0.7182821503861556,36240,2,1,0,0,1,0.0,1.0,2025-Jan-29-17:46:38.977477
1.0582524566575031,36241,16,1,1,0,0,0.0,0.0,2025-Jan-29-17:46:39.031154
1.0732827911615501,36242,3,1,1,1,0,0.5,0.0,2025-Jan-29-17:46:39.085558
0.7561023661056487,36243,21,1,0,-1,0,0.0,0.0,2025-Jan-29-17:46:39.140760
0.6180427661958179,36244,18,1,0,0,1,0.0,0.6,2025-Jan-29-17:46:39.194211
1.0732828037001547,36245,3,1,1,0,0,0.0,0.0,2025-Jan-29-17:46:39.238873
1.2032591688378944,36246,20,1,0,0,0,0.0,0.0,2025-Jan-29-17:46:39.293079
1.203259173061556,36247,12,1,0,0,-1,0.0,0.0,2025-Jan-29-17:46:39.346764
0.7032548306826437,36248,0,1,0,-1,0,0.0,0.0,2025-Jan-29-17:46:39.400746
0.6464810715736613,36249,15,1,0,0,1,0.0,0.4,2025-Jan-29-17:46:39.454422
0.7032518165836577,36250,13,1,0,0,0,0.0,0.0,2025-Jan-29-17:46:39.507986
1.0732828038461912,36251,2,1,1,0,0,0.0,0.0,2025-Jan-29-17:46:39.572832
0.9319114176740084,36252,18,1,1,0,1,0.0,1.6,2025-Jan-29-17:46:39.679670
1.1606918711287677,36253,9,1,0,0,1,0.0,0.30000000000000004,2025-Jan-29-17:46:39.764994
1.1037329291610902,36254,25,1,1,-1,0,0.0,0.0,2025-Jan-29-17:46:39.822385
0.7032518165836577,36255,13,1,0,0,0,0.0,0.0,2025-Jan-29-17:46:39.875989
1.1882472949161151,36256,14,1,0,0,0,0.0,0.0,2025-Jan-29-17:46:39.933014
1.1882472949645337,36257,7,1,0,0,0,0.0,0.0,2025-Jan-29-17:46:39.987999
1.1464858820222257,36258,9,1,0,0,1,0.0,0.4,2025-Jan-29-17:46:40.042009
0.5273187127938751,36259,13,1,0,1,1,1.4000000000000001,0.9,2025-Jan-29-17:46:40.121554
0.5273187127938751,36260,13,1,0,1,1,1.4000000000000001,0.9,2025-Jan-29-17:46:40.200140
0.5273187127938751,36261,13,1,0,1,1,1.4000000000000001,0.9,2025-Jan-29-17:46:40.277255
0.5273187141566833,36262,13,1,0,1,1,1.4000000000000001,1.0,2025-Jan-29-17:46:40.354391
0.5273187141566833,36263,13,1,0,1,1,1.4000000000000001,1.0,2025-Jan-29-17:46:40.431588
0.5273187141566833,36264,13,1,0,1,1,1.4000000000000001,1.0,2025-Jan-29-17:46:40.508983
0.5273187257290142,36265,13,1,0,1,0,1.4000000000000001,0.0,2025-Jan-29-17:46:40.614485
0.5273187257290142,36266,13,1,0,1,0,1.4000000000000001,0.0,2025-Jan-29-17:46:40.728951
0.5273187257290142,36267,13,1,0,1,0,1.4000000000000001,0.0,2025-Jan-29-17:46:40.824363
1.2032591688378944,36268,20,1,0,0,0,0.0,0.0,2025-Jan-29-17:46:40.882164
0.5423481028783832,36269,21,1,0,1,0,1.8000000000000003,0.0,2025-Jan-29-17:46:40.953778
0.7182729370721538,36270,21,1,0,0,0,0.0,0.0,2025-Jan-29-17:46:40.996525
0.5423481028783832,36271,21,1,0,1,0,1.8000000000000003,0.0,2025-Jan-29-17:46:41.067098
0.5423481028783832,36272,21,1,0,1,0,1.8000000000000003,0.0,2025-Jan-29-17:46:41.137556
1.2032591688378944,36273,20,1,0,0,0,0.0,0.0,2025-Jan-29-17:46:41.191026
0.7032548152011282,36274,0,1,0,0,1,0.0,1.7000000000000002,2025-Jan-29-17:46:41.246379
0.7032548286518892,36275,1,1,0,0,0,0.0,0.0,2025-Jan-29-17:46:41.300237
0.7032548149789969,36276,0,1,0,0,1,0.0,1.8000000000000003,2025-Jan-29-17:46:41.353523
0.7907983793815168,36277,18,1,0,0,-1,0.0,0.0,2025-Jan-29-17:46:41.429634
0.7032518164381372,36278,18,1,0,0,0,0.0,0.0,2025-Jan-29-17:46:41.482614
0.6180427661958179,36279,18,1,0,0,1,0.0,0.6,2025-Jan-29-17:46:41.535980
0.7032518164381372,36280,18,1,0,0,0,0.0,0.0,2025-Jan-29-17:46:41.610444
1.188247294787923,36281,17,1,0,0,0,0.0,0.0,2025-Jan-29-17:46:41.709502
0.6322663311524015,36282,18,1,0,0,1,0.0,0.5,2025-Jan-29-17:46:41.790536
0.6464810715736613,36283,15,1,0,0,1,0.0,0.4,2025-Jan-29-17:46:41.845480
0.6464810715736613,36284,15,1,0,0,1,0.0,0.4,2025-Jan-29-17:46:41.898942
1.145680938893296,36285,14,1,0,0,1,0.0,0.30000000000000004,2025-Jan-29-17:46:41.953360
0.6899209359502544,36286,23,1,0,1,0,0.2,0.0,2025-Jan-29-17:46:41.995937
0.6899209359502544,36287,23,1,0,1,0,0.2,0.0,2025-Jan-29-17:46:42.038726
0.7487322891669068,36288,23,1,0,-1,0,0.0,0.0,2025-Jan-29-17:46:42.093284
0.7032518165836577,36289,13,1,0,0,0,0.0,0.0,2025-Jan-29-17:46:42.148846
0.7032518199523472,36290,13,1,0,0,-1,0.0,0.0,2025-Jan-29-17:46:42.202182
0.7032518199523472,36291,13,1,0,0,-1,0.0,0.0,2025-Jan-29-17:46:42.257052
0.7032518165836577,36292,13,1,0,0,0,0.0,0.0,2025-Jan-29-17:46:42.310966
1.1882472949161151,36293,14,1,0,0,0,0.0,0.0,2025-Jan-29-17:46:42.365397
0.7032518165836577,36294,13,1,0,0,0,0.0,0.0,2025-Jan-29-17:46:42.421545
0.7032518165836577,36295,13,1,0,0,0,0.0,0.0,2025-Jan-29-17:46:42.775678
0.7032518165836577,36296,13,1,0,0,0,0.0,0.0,2025-Jan-29-17:46:42.856513
0.7032518165836577,36297,13,1,0,0,0,0.0,0.0,2025-Jan-29-17:46:42.937288
0.7032518165899636,36298,16,1,0,0,0,0.0,0.0,2025-Jan-29-17:46:42.993008
0.7032518165899636,36299,16,1,0,0,0,0.0,0.0,2025-Jan-29-17:46:43.046384
0.7032518165899636,36300,16,1,0,0,0,0.0,0.0,2025-Jan-29-17:46:43.100211
0.7032518165899636,36301,16,1,0,0,0,0.0,0.0,2025-Jan-29-17:46:43.154625
0.7032518156813519,36302,15,1,0,0,0,0.0,0.0,2025-Jan-29-17:46:43.208541
0.7032518165899636,36303,16,1,0,0,0,0.0,0.0,2025-Jan-29-17:46:43.263220
0.7032518190940896,36304,16,1,0,0,-1,0.0,0.0,2025-Jan-29-17:46:43.317514
0.7032518190940896,36305,16,1,0,0,-1,0.0,0.0,2025-Jan-29-17:46:43.371118
0.7032518190940896,36306,16,1,0,0,-1,0.0,0.0,2025-Jan-29-17:46:43.424536
0.7032518199523472,36307,13,1,0,0,-1,0.0,0.0,2025-Jan-29-17:46:43.478001
0.7032518199523472,36308,13,1,0,0,-1,0.0,0.0,2025-Jan-29-17:46:43.531552
0.7032518199523472,36309,13,1,0,0,-1,0.0,0.0,2025-Jan-29-17:46:43.585068
1.203259173061556,36310,12,1,0,0,-1,0.0,0.0,2025-Jan-29-17:46:43.638612
0.7032518199523472,36311,13,1,0,0,-1,0.0,0.0,2025-Jan-29-17:46:43.709611
0.7032518199523472,36312,13,1,0,0,-1,0.0,0.0,2025-Jan-29-17:46:43.801262
0.7032518199523472,36313,13,1,0,0,-1,0.0,0.0,2025-Jan-29-17:46:43.878061
1.2032591688841716,36314,12,1,0,0,0,0.0,0.0,2025-Jan-29-17:46:43.934187
0.7032518199523472,36315,13,1,0,0,-1,0.0,0.0,2025-Jan-29-17:46:43.988164
0.7032548025499407,36316,0,1,0,1,1,0.1,1.2000000000000002,2025-Jan-29-17:46:44.045499
0.7032548025499407,36317,0,1,0,1,1,0.1,1.2000000000000002,2025-Jan-29-17:46:44.101295
0.7032548025499407,36318,0,1,0,1,1,0.1,1.2000000000000002,2025-Jan-29-17:46:44.156448
0.7032548327823697,36319,0,1,0,-1,-1,0.0,0.0,2025-Jan-29-17:46:44.210095
0.7032548025499407,36320,0,1,0,1,1,0.1,1.2000000000000002,2025-Jan-29-17:46:44.264616
0.7032548287490616,36321,0,1,0,0,0,0.0,0.0,2025-Jan-29-17:46:44.318317
0.7032548025499407,36322,0,1,0,1,1,0.1,1.2000000000000002,2025-Jan-29-17:46:44.373041
0.7032548025499407,36323,0,1,0,1,1,0.1,1.2000000000000002,2025-Jan-29-17:46:44.427050
0.7032548171303734,36324,0,1,0,-1,1,0.0,1.1,2025-Jan-29-17:46:44.481456
0.7032548160694567,36325,1,1,0,1,0,0.9,0.0,2025-Jan-29-17:46:44.535743
0.7032548163412597,36326,1,1,0,1,0,0.8,0.0,2025-Jan-29-17:46:44.589981
0.7032548160694567,36327,1,1,0,1,0,0.9,0.0,2025-Jan-29-17:46:44.655616
0.7032548287490616,36328,0,1,0,0,0,0.0,0.0,2025-Jan-29-17:46:44.739407
0.7032548287490616,36329,0,1,0,0,0,0.0,0.0,2025-Jan-29-17:46:44.825704
0.7032548286518892,36330,1,1,0,0,0,0.0,0.0,2025-Jan-29-17:46:44.882311
0.7032548306826437,36331,0,1,0,-1,0,0.0,0.0,2025-Jan-29-17:46:44.936099
0.7032548306826437,36332,0,1,0,-1,0,0.0,0.0,2025-Jan-29-17:46:44.992446
0.7032548306826437,36333,0,1,0,-1,0,0.0,0.0,2025-Jan-29-17:46:45.046747
0.7032548327823697,36334,0,1,0,-1,-1,0.0,0.0,2025-Jan-29-17:46:45.100263
0.7032548327823697,36335,0,1,0,-1,-1,0.0,0.0,2025-Jan-29-17:46:45.154503
0.7032548327823697,36336,0,1,0,-1,-1,0.0,0.0,2025-Jan-29-17:46:45.208153
0.6899235557953605,36337,19,1,0,1,0,0.2,0.0,2025-Jan-29-17:46:45.251624
0.7040983473997404,36338,19,1,0,1,0,0.1,0.0,2025-Jan-29-17:46:45.294628
0.7040983473997404,36339,19,1,0,1,0,0.1,0.0,2025-Jan-29-17:46:45.337725
0.7182729246377477,36340,19,1,0,0,1,0.0,1.1,2025-Jan-29-17:46:45.390902
0.7182729246377477,36341,19,1,0,0,1,0.0,1.1,2025-Jan-29-17:46:45.444300
0.7182729246377477,36342,19,1,0,0,1,0.0,1.1,2025-Jan-29-17:46:45.497832
0.7032518164381372,36343,18,1,0,0,0,0.0,0.0,2025-Jan-29-17:46:45.551033
0.7182729246377477,36344,19,1,0,0,1,0.0,1.1,2025-Jan-29-17:46:45.623782
0.5769192263504277,36345,18,1,0,0,1,0.0,1.1,2025-Jan-29-17:46:45.734378
1.2032591688378944,36346,20,1,0,0,0,0.0,0.0,2025-Jan-29-17:46:45.812803
1.2032591688378944,36347,20,1,0,0,0,0.0,0.0,2025-Jan-29-17:46:45.867961
0.7182729370721538,36348,21,1,0,0,0,0.0,0.0,2025-Jan-29-17:46:45.912423
0.7182821669329108,36349,2,1,0,0,-1,0.0,0.0,2025-Jan-29-17:46:45.958643
0.7182821503861556,36350,2,1,0,0,1,0.0,1.0,2025-Jan-29-17:46:46.012328
0.7182821503861556,36351,2,1,0,0,1,0.0,1.0,2025-Jan-29-17:46:46.067017
0.7182821636027037,36352,3,1,0,0,0,0.0,0.0,2025-Jan-29-17:46:46.111546
0.7182821637487402,36353,2,1,0,0,0,0.0,0.0,2025-Jan-29-17:46:46.155593
0.7182821636027037,36354,3,1,0,0,0,0.0,0.0,2025-Jan-29-17:46:46.198652
0.7182821637487402,36355,2,1,0,0,0,0.0,0.0,2025-Jan-29-17:46:46.241998
1.0732827910220326,36356,2,1,1,1,0,0.6,0.0,2025-Jan-29-17:46:46.295465
0.7182821637487402,36357,2,1,0,0,0,0.0,0.0,2025-Jan-29-17:46:46.338490
0.7368074537788192,36358,16,1,0,-1,0,0.0,0.0,2025-Jan-29-17:46:46.414937
0.7368074537788192,36359,16,1,0,-1,0,0.0,0.0,2025-Jan-29-17:46:46.491347
0.6890766761892446,36360,16,1,0,1,0,0.1,0.0,2025-Jan-29-17:46:46.548208
0.7368074537788192,36361,16,1,0,-1,0,0.0,0.0,2025-Jan-29-17:46:46.672772
0.7368074537788192,36362,16,1,0,-1,0,0.0,0.0,2025-Jan-29-17:46:46.773825
0.7368074537788192,36363,16,1,0,-1,0,0.0,0.0,2025-Jan-29-17:46:46.855337
0.7368074537788192,36364,16,1,0,-1,0,0.0,0.0,2025-Jan-29-17:46:46.943017
0.7032518156813519,36365,15,1,0,0,0,0.0,0.0,2025-Jan-29-17:46:46.998117
0.7032518156813519,36366,15,1,0,0,0,0.0,0.0,2025-Jan-29-17:46:47.051955
1.2367962926340237,36367,12,1,0,-1,0,0.0,0.0,2025-Jan-29-17:46:47.129158
1.2367962926340237,36368,12,1,0,-1,0,0.0,0.0,2025-Jan-29-17:46:47.206930
1.2367962926340237,36369,12,1,0,-1,0,0.0,0.0,2025-Jan-29-17:46:47.286756
0.7561023661056487,36370,21,1,0,-1,0,0.0,0.0,2025-Jan-29-17:46:47.342252
0.7561023661056487,36371,21,1,0,-1,0,0.0,0.0,2025-Jan-29-17:46:47.397648
0.7561023661056487,36372,21,1,0,-1,0,0.0,0.0,2025-Jan-29-17:46:47.455701
1.188247294787923,36373,17,1,0,0,0,0.0,0.0,2025-Jan-29-17:46:47.510372
0.7907983793815168,36374,18,1,0,0,-1,0.0,0.0,2025-Jan-29-17:46:47.614686
0.7907983793815168,36375,18,1,0,0,-1,0.0,0.0,2025-Jan-29-17:46:47.729821
0.8058190915727348,36376,3,1,0,0,-1,0.0,0.0,2025-Jan-29-17:46:47.800722
0.8058190915727348,36377,3,1,0,0,-1,0.0,0.0,2025-Jan-29-17:46:47.856535
0.8058190915727348,36378,3,1,0,0,-1,0.0,0.0,2025-Jan-29-17:46:47.912188
0.8058190942097962,36379,3,1,0,-1,-1,0.0,0.0,2025-Jan-29-17:46:47.967598
0.7182821636027037,36380,3,1,0,0,0,0.0,0.0,2025-Jan-29-17:46:48.010990
0.8058190915727348,36381,3,1,0,0,-1,0.0,0.0,2025-Jan-29-17:46:48.067348
0.7561023661056487,36382,21,1,0,-1,0,0.0,0.0,2025-Jan-29-17:46:48.123499
0.8058118288977956,36383,21,1,0,0,-1,0.0,0.0,2025-Jan-29-17:46:48.180477
0.843646600794894,36384,21,1,0,-1,-1,0.0,0.0,2025-Jan-29-17:46:48.249079
0.9319114176740084,36385,18,1,1,0,1,0.0,1.6,2025-Jan-29-17:46:48.325637
1.188247294787923,36386,17,1,0,0,0,0.0,0.0,2025-Jan-29-17:46:48.379940
0.9319114176740084,36387,18,1,1,0,1,0.0,1.6,2025-Jan-29-17:46:48.455652
0.9319114176740084,36388,18,1,1,0,1,0.0,1.6,2025-Jan-29-17:46:48.531873
0.7907983793815168,36389,18,1,0,0,-1,0.0,0.0,2025-Jan-29-17:46:48.631241
1.061901561743895,36390,17,1,0,0,1,0.0,1.6,2025-Jan-29-17:46:48.739250
1.4169038965740244,36391,17,1,1,0,1,0.0,1.5000000000000002,2025-Jan-29-17:46:48.819397
1.061901561743895,36392,17,1,0,0,1,0.0,1.6,2025-Jan-29-17:46:48.899503
0.9319114176740084,36393,18,1,1,0,1,0.0,1.6,2025-Jan-29-17:46:48.975465
0.6040217153763339,36394,16,1,0,1,0,0.7000000000000001,0.0,2025-Jan-29-17:46:49.028579
0.6040217030977071,36395,16,1,0,1,1,0.7000000000000001,1.5000000000000002,2025-Jan-29-17:46:49.082392
0.7032518156813519,36396,15,1,0,0,0,0.0,0.0,2025-Jan-29-17:46:49.135771
1.0014817115876053,36397,15,1,1,0,1,0.0,0.4,2025-Jan-29-17:46:49.189618
1.6039825794693994,36398,14,1,1,0,-1,0.0,0.0,2025-Jan-29-17:46:49.534767
1.0014817115876053,36399,15,1,1,0,1,0.0,0.4,2025-Jan-29-17:46:49.615310
1.0014817115876053,36400,15,1,1,0,1,0.0,0.4,2025-Jan-29-17:46:49.697732
1.0014817115876053,36401,15,1,1,0,1,0.0,0.4,2025-Jan-29-17:46:49.778516
1.0014817115876053,36402,15,1,1,0,1,0.0,0.4,2025-Jan-29-17:46:49.834781
1.5810793673530297,36403,17,1,1,-1,0,0.0,0.0,2025-Jan-29-17:46:49.911323
1.0157264457137685,36404,16,1,1,1,0,0.30000000000000004,0.0,2025-Jan-29-17:46:49.964428
1.0157264457137685,36405,16,1,1,1,0,0.30000000000000004,0.0,2025-Jan-29-17:46:50.017671
1.0997319734012077,36406,17,1,0,-1,1,0.0,1.9000000000000001,2025-Jan-29-17:46:50.118450
0.6749013409070732,36407,16,1,0,1,-1,0.2,0.0,2025-Jan-29-17:46:50.172571
1.0335455204117845,36408,17,1,0,1,1,0.2,1.9000000000000001,2025-Jan-29-17:46:50.249841
0.7032518165836577,36409,13,1,0,0,0,0.0,0.0,2025-Jan-29-17:46:50.303333
0.7032548306826437,36410,0,1,0,-1,0,0.0,0.0,2025-Jan-29-17:46:50.356922
0.7032548286518892,36411,1,1,0,0,0,0.0,0.0,2025-Jan-29-17:46:50.410469
1.0273274200030569,36412,12,1,0,1,-1,1.5000000000000002,0.0,2025-Jan-29-17:46:50.487680
0.7182821637487402,36413,2,1,0,0,0,0.0,0.0,2025-Jan-29-17:46:50.531274
1.2032591688841716,36414,12,1,0,0,0,0.0,0.0,2025-Jan-29-17:46:50.597696
0.7032518199523472,36415,13,1,0,0,-1,0.0,0.0,2025-Jan-29-17:46:50.684092
0.5919600917742807,36416,3,1,0,0,1,0.0,0.9,2025-Jan-29-17:46:50.780688
0.7032518165836577,36417,13,1,0,0,0,0.0,0.0,2025-Jan-29-17:46:50.837245
0.5273202172351048,36418,18,1,0,1,0,1.9000000000000001,0.0,2025-Jan-29-17:46:50.929229
1.0014817115876053,36419,15,1,1,0,1,0.0,0.4,2025-Jan-29-17:46:50.987772
1.0014817115876053,36420,15,1,1,0,1,0.0,0.4,2025-Jan-29-17:46:51.041372
0.7032548327823697,36421,0,1,0,-1,-1,0.0,0.0,2025-Jan-29-17:46:51.094890
0.7182821637487402,36422,2,1,0,0,0,0.0,0.0,2025-Jan-29-17:46:51.137526
0.7907983793815168,36423,18,1,0,0,-1,0.0,0.0,2025-Jan-29-17:46:51.214971
0.7032518199523472,36424,13,1,0,0,-1,0.0,0.0,2025-Jan-29-17:46:51.270205
0.7032518165836577,36425,13,1,0,0,0,0.0,0.0,2025-Jan-29-17:46:51.323579
0.9319114176740084,36426,18,1,1,0,1,0.0,1.6,2025-Jan-29-17:46:51.399589
0.7032518165836577,36427,13,1,0,0,0,0.0,0.0,2025-Jan-29-17:46:51.453220
0.9590223427209127,36428,16,1,1,1,1,0.7000000000000001,1.5000000000000002,2025-Jan-29-17:46:51.508173
0.7032548287490616,36429,0,1,0,0,0,0.0,0.0,2025-Jan-29-17:46:51.579725
1.027327121804007,36430,12,1,0,1,-1,1.4000000000000001,0.0,2025-Jan-29-17:46:51.689142
0.9698602537356733,36431,18,1,1,1,-1,1.8000000000000003,0.0,2025-Jan-29-17:46:51.813929
0.5769101120232442,36432,1,1,0,1,1,1.4000000000000001,1.9000000000000001,2025-Jan-29-17:46:51.894290
1.0157264339041894,36433,16,1,1,1,1,0.30000000000000004,1.8000000000000003,2025-Jan-29-17:46:51.950624
0.7032518031423003,36434,13,1,0,0,1,0.0,0.9,2025-Jan-29-17:46:52.005707
0.7907983787624983,36435,15,1,0,0,-1,0.0,0.0,2025-Jan-29-17:46:52.084355
1.1882472999269158,36436,10,1,0,0,-1,0.0,0.0,2025-Jan-29-17:46:52.138919
0.7032548305854713,36437,1,1,0,-1,0,0.0,0.0,2025-Jan-29-17:46:52.193252
0.7182821637487402,36438,2,1,0,0,0,0.0,0.0,2025-Jan-29-17:46:52.236201
0.7368074537788192,36439,16,1,0,-1,0,0.0,0.0,2025-Jan-29-17:46:52.312863
0.7032518165836577,36440,13,1,0,0,0,0.0,0.0,2025-Jan-29-17:46:52.366714
0.7032518165836577,36441,13,1,0,0,0,0.0,0.0,2025-Jan-29-17:46:52.421744
0.8823190692883754,36442,13,1,1,1,0,1.3000000000000003,0.0,2025-Jan-29-17:46:52.498125
1.0582524564983662,36443,18,1,1,0,0,0.0,0.0,2025-Jan-29-17:46:52.566542
0.7624471482354642,36444,18,1,0,1,-1,0.2,0.0,2025-Jan-29-17:46:52.689313
0.6040217153763339,36445,16,1,0,1,0,0.7000000000000001,0.0,2025-Jan-29-17:46:52.768685
0.7182729253069731,36446,19,1,0,0,1,0.0,0.6,2025-Jan-29-17:46:52.825866
0.7032518165899636,36447,16,1,0,0,0,0.0,0.0,2025-Jan-29-17:46:52.879186
1.027328313297842,36448,20,1,0,1,0,1.8000000000000003,0.0,2025-Jan-29-17:46:52.956175
1.2248933161499889,36449,17,1,0,-1,0,0.0,0.0,2025-Jan-29-17:46:53.033147
0.7410823776243158,36450,18,1,0,-1,0,0.0,0.0,2025-Jan-29-17:46:53.110122
1.4169055924379346,36451,17,1,1,0,1,0.0,1.4000000000000001,2025-Jan-29-17:46:53.188235
0.7032518199523472,36452,13,1,0,0,-1,0.0,0.0,2025-Jan-29-17:46:53.243413
0.7182729370721538,36453,21,1,0,0,0,0.0,0.0,2025-Jan-29-17:46:53.286878
0.7907983787624983,36454,15,1,0,0,-1,0.0,0.0,2025-Jan-29-17:46:53.363935
1.096083017820758,36455,16,1,1,-1,0,0.0,0.0,2025-Jan-29-17:46:53.439513
1.2032564062589408,36456,22,1,0,0,0,0.0,0.0,2025-Jan-29-17:46:53.493367
1.2032591688841716,36457,12,1,0,0,0,0.0,0.0,2025-Jan-29-17:46:53.547144
0.7032518165899636,36458,16,1,0,0,0,0.0,0.0,2025-Jan-29-17:46:53.632647
1.0273268194705227,36459,12,1,0,1,0,1.3000000000000003,0.0,2025-Jan-29-17:46:53.770499
0.5273187127938751,36460,13,1,0,1,1,1.4000000000000001,0.9,2025-Jan-29-17:46:53.851938
0.5273187127938751,36461,13,1,0,1,1,1.4000000000000001,0.9,2025-Jan-29-17:46:53.934099
0.5273187127938751,36462,13,1,0,1,1,1.4000000000000001,0.9,2025-Jan-29-17:46:54.014649
1.0273271170688472,36463,12,1,0,1,0,1.4000000000000001,0.0,2025-Jan-29-17:46:54.095986
0.5273187141566833,36464,13,1,0,1,1,1.4000000000000001,1.0,2025-Jan-29-17:46:54.177040
0.5273187141566833,36465,13,1,0,1,1,1.4000000000000001,1.0,2025-Jan-29-17:46:54.258807
0.5273187141566833,36466,13,1,0,1,1,1.4000000000000001,1.0,2025-Jan-29-17:46:54.340528
0.5273187141566833,36467,13,1,0,1,1,1.4000000000000001,1.0,2025-Jan-29-17:46:54.422349
0.5273187141566833,36468,13,1,0,1,1,1.4000000000000001,1.0,2025-Jan-29-17:46:54.503837
0.5273187257290142,36469,13,1,0,1,0,1.4000000000000001,0.0,2025-Jan-29-17:46:54.604410
0.5273187257290142,36470,13,1,0,1,0,1.4000000000000001,0.0,2025-Jan-29-17:46:54.727819
0.5273187257290142,36471,13,1,0,1,0,1.4000000000000001,0.0,2025-Jan-29-17:46:54.841377
1.0273271170688472,36472,12,1,0,1,0,1.4000000000000001,0.0,2025-Jan-29-17:46:54.926931
0.5273187257290142,36473,13,1,0,1,0,1.4000000000000001,0.0,2025-Jan-29-17:46:55.007284
0.5273202172351048,36474,18,1,0,1,0,1.9000000000000001,0.0,2025-Jan-29-17:46:55.088428
1.2248933161499889,36475,17,1,0,-1,0,0.0,0.0,2025-Jan-29-17:46:55.169513
0.5273202172351048,36476,18,1,0,1,0,1.9000000000000001,0.0,2025-Jan-29-17:46:55.248872
0.5273202172351048,36477,18,1,0,1,0,1.9000000000000001,0.0,2025-Jan-29-17:46:55.329553
0.5273202172351048,36478,18,1,0,1,0,1.9000000000000001,0.0,2025-Jan-29-17:46:55.409066
0.5423481028783832,36479,21,1,0,1,0,1.8000000000000003,0.0,2025-Jan-29-17:46:55.484072
1.2032591688378944,36480,20,1,0,0,0,0.0,0.0,2025-Jan-29-17:46:55.541465
0.5423481028783832,36481,21,1,0,1,0,1.8000000000000003,0.0,2025-Jan-29-17:46:55.649218
0.5423481028783832,36482,21,1,0,1,0,1.8000000000000003,0.0,2025-Jan-29-17:46:55.756061
0.5423481028783832,36483,21,1,0,1,0,1.8000000000000003,0.0,2025-Jan-29-17:46:55.854336
0.5423481028783832,36484,21,1,0,1,0,1.8000000000000003,0.0,2025-Jan-29-17:46:55.930390
1.2032591688378944,36485,20,1,0,0,0,0.0,0.0,2025-Jan-29-17:46:55.988846
1.2032591688378944,36486,20,1,0,0,0,0.0,0.0,2025-Jan-29-17:46:56.045011
0.5423481028783832,36487,21,1,0,1,0,1.8000000000000003,0.0,2025-Jan-29-17:46:56.120045
0.5423481028783832,36488,21,1,0,1,0,1.8000000000000003,0.0,2025-Jan-29-17:46:56.193927
0.5769101268725823,36489,1,1,0,-1,1,0.0,1.9000000000000001,2025-Jan-29-17:46:56.275132
0.5769101120232442,36490,1,1,0,1,1,1.4000000000000001,1.9000000000000001,2025-Jan-29-17:46:56.357366
0.5769101123867365,36491,1,1,0,1,1,1.3000000000000003,1.9000000000000001,2025-Jan-29-17:46:56.436177
0.5769101120232442,36492,1,1,0,1,1,1.4000000000000001,1.9000000000000001,2025-Jan-29-17:46:56.514146
0.5769118061048668,36493,1,1,0,0,1,0.0,1.8000000000000003,2025-Jan-29-17:46:56.611873
0.7032548286518892,36494,1,1,0,0,0,0.0,0.0,2025-Jan-29-17:46:56.697470
0.5769118061048668,36495,1,1,0,0,1,0.0,1.8000000000000003,2025-Jan-29-17:46:56.796369
0.5769118061048668,36496,1,1,0,0,1,0.0,1.8000000000000003,2025-Jan-29-17:46:56.878214
0.5919600917742807,36497,3,1,0,0,1,0.0,0.9,2025-Jan-29-17:46:56.949940
0.8058190915727348,36498,3,1,0,0,-1,0.0,0.0,2025-Jan-29-17:46:57.006224
0.7182821636027037,36499,3,1,0,0,0,0.0,0.0,2025-Jan-29-17:46:57.049587
0.7182821636027037,36500,3,1,0,0,0,0.0,0.0,2025-Jan-29-17:46:57.092898
0.7368074535047114,36501,15,1,0,-1,0,0.0,0.0,2025-Jan-29-17:46:57.169537
0.6040217153763339,36502,16,1,0,1,0,0.7000000000000001,0.0,2025-Jan-29-17:46:57.223482
0.6040217153763339,36503,16,1,0,1,0,0.7000000000000001,0.0,2025-Jan-29-17:46:57.278100
0.6180427661958179,36504,18,1,0,0,1,0.0,0.6,2025-Jan-29-17:46:57.331665
0.6180427661958179,36505,18,1,0,0,1,0.0,0.6,2025-Jan-29-17:46:57.385548
1.188247294787923,36506,17,1,0,0,0,0.0,0.0,2025-Jan-29-17:46:57.442225
1.2489819395329602,36507,17,1,0,0,-1,0.0,0.0,2025-Jan-29-17:46:57.496741
0.6322663311524015,36508,18,1,0,0,1,0.0,0.5,2025-Jan-29-17:46:57.568018
0.6322663311524015,36509,18,1,0,0,1,0.0,0.5,2025-Jan-29-17:46:57.659857
0.6464810715736613,36510,15,1,0,0,1,0.0,0.4,2025-Jan-29-17:46:57.742786
0.6464810715736613,36511,15,1,0,0,1,0.0,0.4,2025-Jan-29-17:46:58.114728
1.145680938893296,36512,14,1,0,0,1,0.0,0.30000000000000004,2025-Jan-29-17:46:58.171155
0.6749013409070732,36513,16,1,0,1,-1,0.2,0.0,2025-Jan-29-17:46:58.224643
0.6749013409070732,36514,16,1,0,1,-1,0.2,0.0,2025-Jan-29-17:46:58.278644
0.6749013409070732,36515,16,1,0,1,-1,0.2,0.0,2025-Jan-29-17:46:58.331914
0.6899209359502544,36516,23,1,0,1,0,0.2,0.0,2025-Jan-29-17:46:58.374896
0.6899209359502544,36517,23,1,0,1,0,0.2,0.0,2025-Jan-29-17:46:58.417512
0.6899209359502544,36518,23,1,0,1,0,0.2,0.0,2025-Jan-29-17:46:58.460691
0.7032518031423003,36519,13,1,0,0,1,0.0,0.9,2025-Jan-29-17:46:58.514778
0.7032518031423003,36520,13,1,0,0,1,0.0,0.9,2025-Jan-29-17:46:58.588412
1.203259159529366,36521,12,1,0,0,1,0.0,0.9,2025-Jan-29-17:46:58.672655
0.7032518165836577,36522,13,1,0,0,0,0.0,0.0,2025-Jan-29-17:46:58.755408
0.7032518165836577,36523,13,1,0,0,0,0.0,0.0,2025-Jan-29-17:46:58.811220
0.7032518165836577,36524,13,1,0,0,0,0.0,0.0,2025-Jan-29-17:46:58.867526
1.058252456597701,36525,13,1,1,0,0,0.0,0.0,2025-Jan-29-17:46:58.921262
0.7032518165836577,36526,13,1,0,0,0,0.0,0.0,2025-Jan-29-17:46:58.974656
0.7032518165836577,36527,13,1,0,0,0,0.0,0.0,2025-Jan-29-17:46:59.028004
0.7032518165836577,36528,13,1,0,0,0,0.0,0.0,2025-Jan-29-17:46:59.081365
1.1882472949161151,36529,14,1,0,0,0,0.0,0.0,2025-Jan-29-17:46:59.135585
0.7032518165836577,36530,13,1,0,0,0,0.0,0.0,2025-Jan-29-17:46:59.189317
0.7032518165836577,36531,13,1,0,0,0,0.0,0.0,2025-Jan-29-17:46:59.243222
0.7032518165836577,36532,13,1,0,0,0,0.0,0.0,2025-Jan-29-17:46:59.297133
1.1882472949161151,36533,14,1,0,0,0,0.0,0.0,2025-Jan-29-17:46:59.350890
0.7032518165836577,36534,13,1,0,0,0,0.0,0.0,2025-Jan-29-17:46:59.404863
0.7032518199523472,36535,13,1,0,0,-1,0.0,0.0,2025-Jan-29-17:46:59.458514
0.7032518165836577,36536,13,1,0,0,0,0.0,0.0,2025-Jan-29-17:46:59.512305
0.7032518165836577,36537,13,1,0,0,0,0.0,0.0,2025-Jan-29-17:46:59.586375
0.7032518165836577,36538,13,1,0,0,0,0.0,0.0,2025-Jan-29-17:46:59.671845
1.2032591688841716,36539,12,1,0,0,0,0.0,0.0,2025-Jan-29-17:46:59.756232
1.2032591688841716,36540,12,1,0,0,0,0.0,0.0,2025-Jan-29-17:46:59.812761
0.7032518165836577,36541,13,1,0,0,0,0.0,0.0,2025-Jan-29-17:46:59.871896
1.2032591688841716,36542,12,1,0,0,0,0.0,0.0,2025-Jan-29-17:46:59.928774
0.7032518165836577,36543,13,1,0,0,0,0.0,0.0,2025-Jan-29-17:46:59.982874
0.7032518165836577,36544,13,1,0,0,0,0.0,0.0,2025-Jan-29-17:47:00.040008
0.7032518165836577,36545,13,1,0,0,0,0.0,0.0,2025-Jan-29-17:47:00.094997
0.7032518165836577,36546,13,1,0,0,0,0.0,0.0,2025-Jan-29-17:47:00.148803
0.7032518165836577,36547,13,1,0,0,0,0.0,0.0,2025-Jan-29-17:47:00.202256
0.7032518165836577,36548,13,1,0,0,0,0.0,0.0,2025-Jan-29-17:47:00.255983
0.7032518165899636,36549,16,1,0,0,0,0.0,0.0,2025-Jan-29-17:47:00.309795
1.188247294787923,36550,17,1,0,0,0,0.0,0.0,2025-Jan-29-17:47:00.363702
0.7032518165899636,36551,16,1,0,0,0,0.0,0.0,2025-Jan-29-17:47:00.417003
0.7032518165899636,36552,16,1,0,0,0,0.0,0.0,2025-Jan-29-17:47:00.470266
0.7032518165899636,36553,16,1,0,0,0,0.0,0.0,2025-Jan-29-17:47:00.523626
0.7032518165899636,36554,16,1,0,0,0,0.0,0.0,2025-Jan-29-17:47:00.597437
0.7032518165899636,36555,16,1,0,0,0,0.0,0.0,2025-Jan-29-17:47:00.685601
0.7032518165899636,36556,16,1,0,0,0,0.0,0.0,2025-Jan-29-17:47:00.764322
0.7032518165899636,36557,16,1,0,0,0,0.0,0.0,2025-Jan-29-17:47:00.819988
0.7032518165899636,36558,16,1,0,0,0,0.0,0.0,2025-Jan-29-17:47:00.877063
0.7032518165899636,36559,16,1,0,0,0,0.0,0.0,2025-Jan-29-17:47:00.932325
0.7032518165899636,36560,16,1,0,0,0,0.0,0.0,2025-Jan-29-17:47:00.985760
0.7032518190940896,36561,16,1,0,0,-1,0.0,0.0,2025-Jan-29-17:47:01.039689
0.7907983787624983,36562,15,1,0,0,-1,0.0,0.0,2025-Jan-29-17:47:01.116919
0.7032518156813519,36563,15,1,0,0,0,0.0,0.0,2025-Jan-29-17:47:01.173346
0.7032518199523472,36564,13,1,0,0,-1,0.0,0.0,2025-Jan-29-17:47:01.234668
1.203259173061556,36565,12,1,0,0,-1,0.0,0.0,2025-Jan-29-17:47:01.296291
0.7032518165836577,36566,13,1,0,0,0,0.0,0.0,2025-Jan-29-17:47:01.356932
0.7032518199523472,36567,13,1,0,0,-1,0.0,0.0,2025-Jan-29-17:47:01.416315
0.7032518199523472,36568,13,1,0,0,-1,0.0,0.0,2025-Jan-29-17:47:01.479315
0.7032518199523472,36569,13,1,0,0,-1,0.0,0.0,2025-Jan-29-17:47:01.539039
0.7368074570981904,36570,13,1,0,-1,-1,0.0,0.0,2025-Jan-29-17:47:01.647439
0.7032518199523472,36571,13,1,0,0,-1,0.0,0.0,2025-Jan-29-17:47:01.736956
0.7368074570981904,36572,13,1,0,-1,-1,0.0,0.0,2025-Jan-29-17:47:01.840578
1.2032591688841716,36573,12,1,0,0,0,0.0,0.0,2025-Jan-29-17:47:01.907106
1.2032591688841716,36574,12,1,0,0,0,0.0,0.0,2025-Jan-29-17:47:01.963109
1.203259173061556,36575,12,1,0,0,-1,0.0,0.0,2025-Jan-29-17:47:02.017332
1.203259173061556,36576,12,1,0,0,-1,0.0,0.0,2025-Jan-29-17:47:02.072291
0.7032518199523472,36577,13,1,0,0,-1,0.0,0.0,2025-Jan-29-17:47:02.126860
0.7032518199523472,36578,13,1,0,0,-1,0.0,0.0,2025-Jan-29-17:47:02.180954
0.7032518199523472,36579,13,1,0,0,-1,0.0,0.0,2025-Jan-29-17:47:02.234760
1.2032591688841716,36580,12,1,0,0,0,0.0,0.0,2025-Jan-29-17:47:02.288946
0.7032518165836577,36581,13,1,0,0,0,0.0,0.0,2025-Jan-29-17:47:02.342641
0.7032548025499407,36582,0,1,0,1,1,0.1,1.2000000000000002,2025-Jan-29-17:47:02.398846
0.7032548306826437,36583,0,1,0,-1,0,0.0,0.0,2025-Jan-29-17:47:02.454820
0.7032548025499407,36584,0,1,0,1,1,0.1,1.2000000000000002,2025-Jan-29-17:47:02.510025
0.7032548186113771,36585,0,1,0,1,-1,0.1,0.0,2025-Jan-29-17:47:02.585639
0.7032548025499407,36586,0,1,0,1,1,0.1,1.2000000000000002,2025-Jan-29-17:47:02.678487
0.7032548025499407,36587,0,1,0,1,1,0.1,1.2000000000000002,2025-Jan-29-17:47:02.759584
0.7032548025499407,36588,0,1,0,1,1,0.1,1.2000000000000002,2025-Jan-29-17:47:02.817610
0.7032548025499407,36589,0,1,0,1,1,0.1,1.2000000000000002,2025-Jan-29-17:47:02.872602
0.7032548025499407,36590,0,1,0,1,1,0.1,1.2000000000000002,2025-Jan-29-17:47:02.927908
0.7032548160694567,36591,1,1,0,1,0,0.9,0.0,2025-Jan-29-17:47:02.981882
0.7032548160694567,36592,1,1,0,1,0,0.9,0.0,2025-Jan-29-17:47:03.036443
0.7032548160694567,36593,1,1,0,1,0,0.9,0.0,2025-Jan-29-17:47:03.091267
0.7032548286518892,36594,1,1,0,0,0,0.0,0.0,2025-Jan-29-17:47:03.146808
0.7032548286518892,36595,1,1,0,0,0,0.0,0.0,2025-Jan-29-17:47:03.202008
0.7032548286518892,36596,1,1,0,0,0,0.0,0.0,2025-Jan-29-17:47:03.257635
0.7032548287490616,36597,0,1,0,0,0,0.0,0.0,2025-Jan-29-17:47:03.311085
0.7032548287490616,36598,0,1,0,0,0,0.0,0.0,2025-Jan-29-17:47:03.365031
0.7032548287490616,36599,0,1,0,0,0,0.0,0.0,2025-Jan-29-17:47:03.418787
0.7032548287490616,36600,0,1,0,0,0,0.0,0.0,2025-Jan-29-17:47:03.473128
0.7032548287490616,36601,0,1,0,0,0,0.0,0.0,2025-Jan-29-17:47:03.526940
0.7032548286518892,36602,1,1,0,0,0,0.0,0.0,2025-Jan-29-17:47:03.593856
0.7032548305854713,36603,1,1,0,-1,0,0.0,0.0,2025-Jan-29-17:47:03.685479
0.7032548305854713,36604,1,1,0,-1,0,0.0,0.0,2025-Jan-29-17:47:03.765194
0.7032548305854713,36605,1,1,0,-1,0,0.0,0.0,2025-Jan-29-17:47:03.821220
0.7032548306826437,36606,0,1,0,-1,0,0.0,0.0,2025-Jan-29-17:47:03.878853
0.7032548306826437,36607,0,1,0,-1,0,0.0,0.0,2025-Jan-29-17:47:03.933234
0.7032548306826437,36608,0,1,0,-1,0,0.0,0.0,2025-Jan-29-17:47:03.987340
0.7032548306826437,36609,0,1,0,-1,0,0.0,0.0,2025-Jan-29-17:47:04.041435
0.7032548306826437,36610,0,1,0,-1,0,0.0,0.0,2025-Jan-29-17:47:04.097033
0.7032548306826437,36611,0,1,0,-1,0,0.0,0.0,2025-Jan-29-17:47:04.152300
0.7032548308487874,36612,0,1,0,0,-1,0.0,0.0,2025-Jan-29-17:47:04.206327
0.7032548327823697,36613,0,1,0,-1,-1,0.0,0.0,2025-Jan-29-17:47:04.260223
0.7032548327823697,36614,0,1,0,-1,-1,0.0,0.0,2025-Jan-29-17:47:04.314174
0.7032548308487874,36615,0,1,0,0,-1,0.0,0.0,2025-Jan-29-17:47:04.368159
0.7032548327823697,36616,0,1,0,-1,-1,0.0,0.0,2025-Jan-29-17:47:04.421981
0.7032548327823697,36617,0,1,0,-1,-1,0.0,0.0,2025-Jan-29-17:47:04.476005
0.7040983473997404,36618,19,1,0,1,0,0.1,0.0,2025-Jan-29-17:47:04.519473
0.6899235557953605,36619,19,1,0,1,0,0.2,0.0,2025-Jan-29-17:47:04.581502
0.7040983473997404,36620,19,1,0,1,0,0.1,0.0,2025-Jan-29-17:47:04.657590
0.7182729246377477,36621,19,1,0,0,1,0.0,1.1,2025-Jan-29-17:47:04.755318
0.7182729246377477,36622,19,1,0,0,1,0.0,1.1,2025-Jan-29-17:47:04.812835
0.7182729246377477,36623,19,1,0,0,1,0.0,1.1,2025-Jan-29-17:47:04.869808
0.7032518165836577,36624,13,1,0,0,0,0.0,0.0,2025-Jan-29-17:47:04.924000
0.5769118061048668,36625,1,1,0,0,1,0.0,1.8000000000000003,2025-Jan-29-17:47:05.001327
1.2032591578838168,36626,12,1,0,0,1,0.0,0.8,2025-Jan-29-17:47:05.055791
0.6040217153763339,36627,16,1,0,1,0,0.7000000000000001,0.0,2025-Jan-29-17:47:05.109557
1.5810793670700924,36628,14,1,1,-1,0,0.0,0.0,2025-Jan-29-17:47:05.189236
0.6181980321367266,36629,15,1,0,1,0,0.6,0.0,2025-Jan-29-17:47:05.242885
0.7182729372290622,36630,19,1,0,0,0,0.0,0.0,2025-Jan-29-17:47:05.286725
0.7032518199523472,36631,13,1,0,0,-1,0.0,0.0,2025-Jan-29-17:47:05.342607
0.8823208573148167,36632,18,1,1,1,0,1.9000000000000001,0.0,2025-Jan-29-17:47:05.419715
0.7032518199523472,36633,13,1,0,0,-1,0.0,0.0,2025-Jan-29-17:47:05.473904
1.058252456597701,36634,13,1,1,0,0,0.0,0.0,2025-Jan-29-17:47:05.528098
0.5769219140779089,36635,1,1,0,1,1,0.1,1.2000000000000002,2025-Jan-29-17:47:05.629100
0.5273187297615325,36636,13,1,0,1,-1,1.4000000000000001,0.0,2025-Jan-29-17:47:05.744205
0.7032518165899636,36637,16,1,0,0,0,0.0,0.0,2025-Jan-29-17:47:06.105168
1.0619117501561863,36638,14,1,0,0,1,0.0,1.0,2025-Jan-29-17:47:06.186020
0.6417104273521677,36639,18,1,0,-1,1,0.0,0.7000000000000001,2025-Jan-29-17:47:06.262908
0.7032548308487874,36640,0,1,0,0,-1,0.0,0.0,2025-Jan-29-17:47:06.317151
1.012310031240362,36641,17,1,0,1,0,1.9000000000000001,0.0,2025-Jan-29-17:47:06.394546
0.5423481028783832,36642,21,1,0,1,0,1.8000000000000003,0.0,2025-Jan-29-17:47:06.465562
0.5273187141566833,36643,13,1,0,1,1,1.4000000000000001,1.0,2025-Jan-29-17:47:06.543189
0.5273187257290142,36644,13,1,0,1,0,1.4000000000000001,0.0,2025-Jan-29-17:47:06.647993
0.7032548306826437,36645,0,1,0,-1,0,0.0,0.0,2025-Jan-29-17:47:06.737561
0.7032518199523472,36646,13,1,0,0,-1,0.0,0.0,2025-Jan-29-17:47:06.810073
0.9590223552775088,36647,18,1,1,1,0,0.7000000000000001,0.0,2025-Jan-29-17:47:06.863251
0.7561023661056487,36648,21,1,0,-1,0,0.0,0.0,2025-Jan-29-17:47:06.918618
0.7032548287490616,36649,0,1,0,0,0,0.0,0.0,2025-Jan-29-17:47:06.971993
0.7032518165836577,36650,13,1,0,0,0,0.0,0.0,2025-Jan-29-17:47:07.025619
0.5273187257290142,36651,13,1,0,1,0,1.4000000000000001,0.0,2025-Jan-29-17:47:07.102140
0.7032518165899636,36652,16,1,0,0,0,0.0,0.0,2025-Jan-29-17:47:07.156364
1.1882472949161151,36653,14,1,0,0,0,0.0,0.0,2025-Jan-29-17:47:07.210189
1.2032591688841716,36654,12,1,0,0,0,0.0,0.0,2025-Jan-29-17:47:07.264574
0.6899209392213018,36655,23,1,0,1,-1,0.2,0.0,2025-Jan-29-17:47:07.307773
1.248981940207102,36656,14,1,0,0,-1,0.0,0.0,2025-Jan-29-17:47:07.361842
0.7032518165899636,36657,16,1,0,0,0,0.0,0.0,2025-Jan-29-17:47:07.415296
0.7032518165836577,36658,13,1,0,0,0,0.0,0.0,2025-Jan-29-17:47:07.469547
0.7908004221255175,36659,1,1,0,1,-1,0.9,0.0,2025-Jan-29-17:47:07.546835
0.7907983787624983,36660,15,1,0,0,-1,0.0,0.0,2025-Jan-29-17:47:07.680997
0.7032548286518892,36661,1,1,0,0,0,0.0,0.0,2025-Jan-29-17:47:07.760846
1.1882472949161151,36662,14,1,0,0,0,0.0,0.0,2025-Jan-29-17:47:07.817906
0.7032548287490616,36663,0,1,0,0,0,0.0,0.0,2025-Jan-29-17:47:07.872192
0.7032518165836577,36664,13,1,0,0,0,0.0,0.0,2025-Jan-29-17:47:07.927734
0.7032518165899636,36665,16,1,0,0,0,0.0,0.0,2025-Jan-29-17:47:07.981234
1.2032591688841716,36666,12,1,0,0,0,0.0,0.0,2025-Jan-29-17:47:08.035033
0.6749013409070732,36667,16,1,0,1,-1,0.2,0.0,2025-Jan-29-17:47:08.088857
1.0582554688129302,36668,0,1,1,0,0,0.0,0.0,2025-Jan-29-17:47:08.142003
1.1882472947756426,36669,11,1,0,0,0,0.0,0.0,2025-Jan-29-17:47:08.196798
0.6465500774394126,36670,18,1,0,1,0,0.4,0.0,2025-Jan-29-17:47:08.249870
1.058252459123321,36671,16,1,1,0,-1,0.0,0.0,2025-Jan-29-17:47:08.302898
0.7907983787624983,36672,15,1,0,0,-1,0.0,0.0,2025-Jan-29-17:47:08.379068
1.203259173061556,36673,12,1,0,0,-1,0.0,0.0,2025-Jan-29-17:47:08.433222
0.5273187127938751,36674,13,1,0,1,1,1.4000000000000001,0.9,2025-Jan-29-17:47:08.511734
0.5273187257290142,36675,13,1,0,1,0,1.4000000000000001,0.0,2025-Jan-29-17:47:08.611805
0.5273184162538607,36676,13,1,0,1,1,1.3000000000000003,0.9,2025-Jan-29-17:47:08.733201
1.0273271170688472,36677,12,1,0,1,0,1.4000000000000001,0.0,2025-Jan-29-17:47:08.820600
0.5273187141566833,36678,13,1,0,1,1,1.4000000000000001,1.0,2025-Jan-29-17:47:08.901398
0.5273187141566833,36679,13,1,0,1,1,1.4000000000000001,1.0,2025-Jan-29-17:47:08.979283
0.5273187141566833,36680,13,1,0,1,1,1.4000000000000001,1.0,2025-Jan-29-17:47:09.057231
0.5273187141566833,36681,13,1,0,1,1,1.4000000000000001,1.0,2025-Jan-29-17:47:09.135991
0.5273187141566833,36682,13,1,0,1,1,1.4000000000000001,1.0,2025-Jan-29-17:47:09.214522
0.5273187141566833,36683,13,1,0,1,1,1.4000000000000001,1.0,2025-Jan-29-17:47:09.293614
1.0273268194705227,36684,12,1,0,1,0,1.3000000000000003,0.0,2025-Jan-29-17:47:09.370687
1.0273271170688472,36685,12,1,0,1,0,1.4000000000000001,0.0,2025-Jan-29-17:47:09.448242
0.5273187257290142,36686,13,1,0,1,0,1.4000000000000001,0.0,2025-Jan-29-17:47:09.525180
1.0273271170688472,36687,12,1,0,1,0,1.4000000000000001,0.0,2025-Jan-29-17:47:09.623775
1.0273271170688472,36688,12,1,0,1,0,1.4000000000000001,0.0,2025-Jan-29-17:47:09.737323
0.5273187257290142,36689,13,1,0,1,0,1.4000000000000001,0.0,2025-Jan-29-17:47:09.818614
0.5273184292742644,36690,13,1,0,1,0,1.3000000000000003,0.0,2025-Jan-29-17:47:09.898256
0.5273187257290142,36691,13,1,0,1,0,1.4000000000000001,0.0,2025-Jan-29-17:47:09.975311
0.5273187257290142,36692,13,1,0,1,0,1.4000000000000001,0.0,2025-Jan-29-17:47:10.052204
0.5273187257290142,36693,13,1,0,1,0,1.4000000000000001,0.0,2025-Jan-29-17:47:10.129463
0.5273187257290142,36694,13,1,0,1,0,1.4000000000000001,0.0,2025-Jan-29-17:47:10.206636
0.5273187257290142,36695,13,1,0,1,0,1.4000000000000001,0.0,2025-Jan-29-17:47:10.283807
0.5273187257290142,36696,13,1,0,1,0,1.4000000000000001,0.0,2025-Jan-29-17:47:10.360434
0.5273187257290142,36697,13,1,0,1,0,1.4000000000000001,0.0,2025-Jan-29-17:47:10.437241
0.5273187297615325,36698,13,1,0,1,-1,1.4000000000000001,0.0,2025-Jan-29-17:47:10.514439
0.5273187297615325,36699,13,1,0,1,-1,1.4000000000000001,0.0,2025-Jan-29-17:47:10.618155
0.5273187297615325,36700,13,1,0,1,-1,1.4000000000000001,0.0,2025-Jan-29-17:47:10.737271
0.5273187297615325,36701,13,1,0,1,-1,1.4000000000000001,0.0,2025-Jan-29-17:47:10.827068
0.5273202172351048,36702,18,1,0,1,0,1.9000000000000001,0.0,2025-Jan-29-17:47:10.905769
0.5273202172351048,36703,18,1,0,1,0,1.9000000000000001,0.0,2025-Jan-29-17:47:10.983523
1.2248933161499889,36704,17,1,0,-1,0,0.0,0.0,2025-Jan-29-17:47:11.062271
0.7410823776243158,36705,18,1,0,-1,0,0.0,0.0,2025-Jan-29-17:47:11.139070
0.5423481028783832,36706,21,1,0,1,0,1.8000000000000003,0.0,2025-Jan-29-17:47:11.210858
0.5423481028783832,36707,21,1,0,1,0,1.8000000000000003,0.0,2025-Jan-29-17:47:11.283536
0.7182729370721538,36708,21,1,0,0,0,0.0,0.0,2025-Jan-29-17:47:11.326845
0.5423481028783832,36709,21,1,0,1,0,1.8000000000000003,0.0,2025-Jan-29-17:47:11.398162
1.2032591688378944,36710,20,1,0,0,0,0.0,0.0,2025-Jan-29-17:47:11.451933
0.5423481028783832,36711,21,1,0,1,0,1.8000000000000003,0.0,2025-Jan-29-17:47:11.523182
0.5423481028783832,36712,21,1,0,1,0,1.8000000000000003,0.0,2025-Jan-29-17:47:11.615731
0.5423481028783832,36713,21,1,0,1,0,1.8000000000000003,0.0,2025-Jan-29-17:47:11.724908
1.241089522048855,36714,20,1,0,-1,0,0.0,0.0,2025-Jan-29-17:47:11.819061
0.5423481028783832,36715,21,1,0,1,0,1.8000000000000003,0.0,2025-Jan-29-17:47:11.892915
0.5423481028783832,36716,21,1,0,1,0,1.8000000000000003,0.0,2025-Jan-29-17:47:11.964058
1.2032591688378944,36717,20,1,0,0,0,0.0,0.0,2025-Jan-29-17:47:12.018006
0.7032548152164704,36718,1,1,0,1,0,1.4000000000000001,0.0,2025-Jan-29-17:47:12.072408
0.7032548152164704,36719,1,1,0,1,0,1.4000000000000001,0.0,2025-Jan-29-17:47:12.126752
0.5769101268725823,36720,1,1,0,-1,1,0.0,1.9000000000000001,2025-Jan-29-17:47:12.204501
0.5769118061048668,36721,1,1,0,0,1,0.0,1.8000000000000003,2025-Jan-29-17:47:12.282152
0.5769118061048668,36722,1,1,0,0,1,0.0,1.8000000000000003,2025-Jan-29-17:47:12.359630
0.5769118061048668,36723,1,1,0,0,1,0.0,1.8000000000000003,2025-Jan-29-17:47:12.438637
0.7032548149789969,36724,0,1,0,0,1,0.0,1.8000000000000003,2025-Jan-29-17:47:12.493531
0.7032548287490616,36725,0,1,0,0,0,0.0,0.0,2025-Jan-29-17:47:12.547297
0.5769118061048668,36726,1,1,0,0,1,0.0,1.8000000000000003,2025-Jan-29-17:47:12.669315
0.5769219140779089,36727,1,1,0,1,1,0.1,1.2000000000000002,2025-Jan-29-17:47:12.778815
0.5769219140779089,36728,1,1,0,1,1,0.1,1.2000000000000002,2025-Jan-29-17:47:12.861191
0.5769219284373464,36729,1,1,0,-1,1,0.0,1.2000000000000002,2025-Jan-29-17:47:12.938723
0.5919600917742807,36730,3,1,0,0,1,0.0,0.9,2025-Jan-29-17:47:13.011692
0.5919600917742807,36731,3,1,0,0,1,0.0,0.9,2025-Jan-29-17:47:13.082917
0.7182821636027037,36732,3,1,0,0,0,0.0,0.0,2025-Jan-29-17:47:13.126441
0.6040217153763339,36733,16,1,0,1,0,0.7000000000000001,0.0,2025-Jan-29-17:47:13.180065
0.6040217153763339,36734,16,1,0,1,0,0.7000000000000001,0.0,2025-Jan-29-17:47:13.234129
0.6040217153763339,36735,16,1,0,1,0,0.7000000000000001,0.0,2025-Jan-29-17:47:13.289251
0.6040217153763339,36736,16,1,0,1,0,0.7000000000000001,0.0,2025-Jan-29-17:47:13.689059
0.6040217153763339,36737,16,1,0,1,0,0.7000000000000001,0.0,2025-Jan-29-17:47:13.772056
0.6040217153763339,36738,16,1,0,1,0,0.7000000000000001,0.0,2025-Jan-29-17:47:13.855876
1.188247294787923,36739,17,1,0,0,0,0.0,0.0,2025-Jan-29-17:47:13.910409
0.6180427661958179,36740,18,1,0,0,1,0.0,0.6,2025-Jan-29-17:47:13.964012
0.6180427661958179,36741,18,1,0,0,1,0.0,0.6,2025-Jan-29-17:47:14.017473
0.6181980321367266,36742,15,1,0,1,0,0.6,0.0,2025-Jan-29-17:47:14.072151
0.6181980321367266,36743,15,1,0,1,0,0.6,0.0,2025-Jan-29-17:47:14.124885
0.6181980321367266,36744,15,1,0,1,0,0.6,0.0,2025-Jan-29-17:47:14.178758
1.188247294787923,36745,17,1,0,0,0,0.0,0.0,2025-Jan-29-17:47:14.234839
0.6322663311524015,36746,18,1,0,0,1,0.0,0.5,2025-Jan-29-17:47:14.287670
0.6322663311524015,36747,18,1,0,0,1,0.0,0.5,2025-Jan-29-17:47:14.341420
0.6417104273521677,36748,18,1,0,-1,1,0.0,0.7000000000000001,2025-Jan-29-17:47:14.417422
0.6417104273521677,36749,18,1,0,-1,1,0.0,0.7000000000000001,2025-Jan-29-17:47:14.494015
1.2248933161499889,36750,17,1,0,-1,0,0.0,0.0,2025-Jan-29-17:47:14.570819
1.145680938893296,36751,14,1,0,0,1,0.0,0.30000000000000004,2025-Jan-29-17:47:14.639749
1.145680938893296,36752,14,1,0,0,1,0.0,0.30000000000000004,2025-Jan-29-17:47:14.729217
0.6606869899975937,36753,15,1,0,0,1,0.0,0.30000000000000004,2025-Jan-29-17:47:14.808840
0.6465500774394126,36754,18,1,0,1,0,0.4,0.0,2025-Jan-29-17:47:14.862454
0.6465500774394126,36755,18,1,0,1,0,0.4,0.0,2025-Jan-29-17:47:14.916046
0.6465500774394126,36756,18,1,0,1,0,0.4,0.0,2025-Jan-29-17:47:14.972747
0.6749013409070732,36757,16,1,0,1,-1,0.2,0.0,2025-Jan-29-17:47:15.026531
0.6749013409070732,36758,16,1,0,1,-1,0.2,0.0,2025-Jan-29-17:47:15.080436
0.6749013409070732,36759,16,1,0,1,-1,0.2,0.0,2025-Jan-29-17:47:15.134138
0.6749013409070732,36760,16,1,0,1,-1,0.2,0.0,2025-Jan-29-17:47:15.187602
0.6890766787398512,36761,16,1,0,1,-1,0.1,0.0,2025-Jan-29-17:47:15.242381
0.6749013409070732,36762,16,1,0,1,-1,0.2,0.0,2025-Jan-29-17:47:15.296278
1.2032564062589408,36763,22,1,0,0,0,0.0,0.0,2025-Jan-29-17:47:15.350594
1.2032564062589408,36764,22,1,0,0,0,0.0,0.0,2025-Jan-29-17:47:15.403470
0.6899209359502544,36765,23,1,0,1,0,0.2,0.0,2025-Jan-29-17:47:15.446563
0.6899209392213018,36766,23,1,0,1,-1,0.2,0.0,2025-Jan-29-17:47:15.489328
0.6899209392213018,36767,23,1,0,1,-1,0.2,0.0,2025-Jan-29-17:47:15.532088
0.6899209392213018,36768,23,1,0,1,-1,0.2,0.0,2025-Jan-29-17:47:15.586556
0.7032518199523472,36769,13,1,0,0,-1,0.0,0.0,2025-Jan-29-17:47:15.670075
1.203259173061556,36770,12,1,0,0,-1,0.0,0.0,2025-Jan-29-17:47:15.755828
0.7032518031423003,36771,13,1,0,0,1,0.0,0.9,2025-Jan-29-17:47:15.812421
0.7032518165836577,36772,13,1,0,0,0,0.0,0.0,2025-Jan-29-17:47:15.866215
0.7032518165836577,36773,13,1,0,0,0,0.0,0.0,2025-Jan-29-17:47:15.921919
0.7032518165836577,36774,13,1,0,0,0,0.0,0.0,2025-Jan-29-17:47:15.975584
0.7032518199523472,36775,13,1,0,0,-1,0.0,0.0,2025-Jan-29-17:47:16.028504
0.7032518199523472,36776,13,1,0,0,-1,0.0,0.0,2025-Jan-29-17:47:16.081645
0.7032518165836577,36777,13,1,0,0,0,0.0,0.0,2025-Jan-29-17:47:16.135464
0.7032518165836577,36778,13,1,0,0,0,0.0,0.0,2025-Jan-29-17:47:16.188223
0.7032518165836577,36779,13,1,0,0,0,0.0,0.0,2025-Jan-29-17:47:16.242950
1.1882472949161151,36780,14,1,0,0,0,0.0,0.0,2025-Jan-29-17:47:16.296754
0.7032518165836577,36781,13,1,0,0,0,0.0,0.0,2025-Jan-29-17:47:16.350045
0.7032518165836577,36782,13,1,0,0,0,0.0,0.0,2025-Jan-29-17:47:16.403201
0.7032518165836577,36783,13,1,0,0,0,0.0,0.0,2025-Jan-29-17:47:16.456720
0.7032518165836577,36784,13,1,0,0,0,0.0,0.0,2025-Jan-29-17:47:16.510046
0.7032518165836577,36785,13,1,0,0,0,0.0,0.0,2025-Jan-29-17:47:16.586522
0.7032518165836577,36786,13,1,0,0,0,0.0,0.0,2025-Jan-29-17:47:16.671277
0.7032518165836577,36787,13,1,0,0,0,0.0,0.0,2025-Jan-29-17:47:16.752610
1.058252456597701,36788,13,1,1,0,0,0.0,0.0,2025-Jan-29-17:47:16.809942
0.7032518165836577,36789,13,1,0,0,0,0.0,0.0,2025-Jan-29-17:47:16.874549
0.7032518165836577,36790,13,1,0,0,0,0.0,0.0,2025-Jan-29-17:47:16.936591
0.7032518165836577,36791,13,1,0,0,0,0.0,0.0,2025-Jan-29-17:47:16.990223
0.7032518165836577,36792,13,1,0,0,0,0.0,0.0,2025-Jan-29-17:47:17.044443
0.7032518165836577,36793,13,1,0,0,0,0.0,0.0,2025-Jan-29-17:47:17.098194
0.7032518165836577,36794,13,1,0,0,0,0.0,0.0,2025-Jan-29-17:47:17.151489
0.7032518165836577,36795,13,1,0,0,0,0.0,0.0,2025-Jan-29-17:47:17.204750
0.7032518165836577,36796,13,1,0,0,0,0.0,0.0,2025-Jan-29-17:47:17.260472
1.2032591688841716,36797,12,1,0,0,0,0.0,0.0,2025-Jan-29-17:47:17.313915
0.7032518165836577,36798,13,1,0,0,0,0.0,0.0,2025-Jan-29-17:47:17.367146
0.7032518165836577,36799,13,1,0,0,0,0.0,0.0,2025-Jan-29-17:47:17.420645
0.7032518165836577,36800,13,1,0,0,0,0.0,0.0,2025-Jan-29-17:47:17.474451
0.7032518165836577,36801,13,1,0,0,0,0.0,0.0,2025-Jan-29-17:47:17.527959
0.7032518199523472,36802,13,1,0,0,-1,0.0,0.0,2025-Jan-29-17:47:17.599042
0.7032518199523472,36803,13,1,0,0,-1,0.0,0.0,2025-Jan-29-17:47:17.685039
0.7032518165836577,36804,13,1,0,0,0,0.0,0.0,2025-Jan-29-17:47:17.765825
1.1882472949161151,36805,14,1,0,0,0,0.0,0.0,2025-Jan-29-17:47:17.822451
0.7032518165836577,36806,13,1,0,0,0,0.0,0.0,2025-Jan-29-17:47:17.876084
0.7032518165836577,36807,13,1,0,0,0,0.0,0.0,2025-Jan-29-17:47:17.932129
1.2032591688841716,36808,12,1,0,0,0,0.0,0.0,2025-Jan-29-17:47:17.986037
0.7032518165836577,36809,13,1,0,0,0,0.0,0.0,2025-Jan-29-17:47:18.039402
0.7032518165836577,36810,13,1,0,0,0,0.0,0.0,2025-Jan-29-17:47:18.093293
0.7032518165899636,36811,16,1,0,0,0,0.0,0.0,2025-Jan-29-17:47:18.146695
0.7032518156813519,36812,15,1,0,0,0,0.0,0.0,2025-Jan-29-17:47:18.199924
0.7032518156813519,36813,15,1,0,0,0,0.0,0.0,2025-Jan-29-17:47:18.253486
0.7032518165899636,36814,16,1,0,0,0,0.0,0.0,2025-Jan-29-17:47:18.307172
1.188247294787923,36815,17,1,0,0,0,0.0,0.0,2025-Jan-29-17:47:18.361110
0.7032518165899636,36816,16,1,0,0,0,0.0,0.0,2025-Jan-29-17:47:18.414268
0.7032518165899636,36817,16,1,0,0,0,0.0,0.0,2025-Jan-29-17:47:18.470066
1.2489819395329602,36818,17,1,0,0,-1,0.0,0.0,2025-Jan-29-17:47:18.524173
0.7032518190940896,36819,16,1,0,0,-1,0.0,0.0,2025-Jan-29-17:47:18.603375
0.7368074537788192,36820,16,1,0,-1,0,0.0,0.0,2025-Jan-29-17:47:18.712828
0.7032518165899636,36821,16,1,0,0,0,0.0,0.0,2025-Jan-29-17:47:18.788003
0.7032518165899636,36822,16,1,0,0,0,0.0,0.0,2025-Jan-29-17:47:18.843468
1.188247294787923,36823,17,1,0,0,0,0.0,0.0,2025-Jan-29-17:47:18.901121
0.7032518165899636,36824,16,1,0,0,0,0.0,0.0,2025-Jan-29-17:47:18.954516
0.7032518165899636,36825,16,1,0,0,0,0.0,0.0,2025-Jan-29-17:47:19.008307
0.7368074537788192,36826,16,1,0,-1,0,0.0,0.0,2025-Jan-29-17:47:19.084131
0.7032518165899636,36827,16,1,0,0,0,0.0,0.0,2025-Jan-29-17:47:19.137688
0.7032518165899636,36828,16,1,0,0,0,0.0,0.0,2025-Jan-29-17:47:19.191277
0.7032518156813519,36829,15,1,0,0,0,0.0,0.0,2025-Jan-29-17:47:19.245136
0.7032518165899636,36830,16,1,0,0,0,0.0,0.0,2025-Jan-29-17:47:19.299318
0.7032518165899636,36831,16,1,0,0,0,0.0,0.0,2025-Jan-29-17:47:19.352939
0.7032518165899636,36832,16,1,0,0,0,0.0,0.0,2025-Jan-29-17:47:19.406166
0.7032518156813519,36833,15,1,0,0,0,0.0,0.0,2025-Jan-29-17:47:19.459619
0.7032518165899636,36834,16,1,0,0,0,0.0,0.0,2025-Jan-29-17:47:19.512890
1.203259173061556,36835,12,1,0,0,-1,0.0,0.0,2025-Jan-29-17:47:19.587540
0.7032518190940896,36836,16,1,0,0,-1,0.0,0.0,2025-Jan-29-17:47:19.676224
0.7032518165899636,36837,16,1,0,0,0,0.0,0.0,2025-Jan-29-17:47:19.758040
0.6180427661958179,36838,18,1,0,0,1,0.0,0.6,2025-Jan-29-17:47:19.813756
0.7032518165836577,36839,13,1,0,0,0,0.0,0.0,2025-Jan-29-17:47:19.868236
0.6749013409070732,36840,16,1,0,1,-1,0.2,0.0,2025-Jan-29-17:47:19.924429
0.7032518199523472,36841,13,1,0,0,-1,0.0,0.0,2025-Jan-29-17:47:19.978166
1.188247294787923,36842,17,1,0,0,0,0.0,0.0,2025-Jan-29-17:47:20.032497
0.7032518165836577,36843,13,1,0,0,0,0.0,0.0,2025-Jan-29-17:47:20.086217
1.262451737157181,36844,24,1,0,1,-1,0.2,0.0,2025-Jan-29-17:47:20.164496
1.2260787271081437,36845,14,1,0,-1,0,0.0,0.0,2025-Jan-29-17:47:20.241545
0.6274912072857947,36846,18,1,0,-1,1,0.0,0.8,2025-Jan-29-17:47:20.318040
0.8823193649197786,36847,15,1,1,1,0,1.4000000000000001,0.0,2025-Jan-29-17:47:20.394571
0.7032548286518892,36848,1,1,0,0,0,0.0,0.0,2025-Jan-29-17:47:20.448198
1.1890812448205215,36849,24,1,0,1,0,0.1,0.0,2025-Jan-29-17:47:20.502334
0.5769101120232442,36850,1,1,0,1,1,1.4000000000000001,1.9000000000000001,2025-Jan-29-17:47:20.596801
0.7368074537788192,36851,16,1,0,-1,0,0.0,0.0,2025-Jan-29-17:47:20.711208
0.6181980330592372,36852,16,1,0,1,0,0.6,0.0,2025-Jan-29-17:47:20.793268
0.7032518165899636,36853,16,1,0,0,0,0.0,0.0,2025-Jan-29-17:47:20.848368
0.7368074570981904,36854,13,1,0,-1,-1,0.0,0.0,2025-Jan-29-17:47:20.927447
0.7368074537788192,36855,16,1,0,-1,0,0.0,0.0,2025-Jan-29-17:47:21.003960
0.7032518165836577,36856,13,1,0,0,0,0.0,0.0,2025-Jan-29-17:47:21.057372
0.8871130782485117,36857,14,1,0,1,1,1.4000000000000001,1.0,2025-Jan-29-17:47:21.135089
0.6417104273521677,36858,18,1,0,-1,1,0.0,0.7000000000000001,2025-Jan-29-17:47:21.211219
0.7032518190940896,36859,16,1,0,0,-1,0.0,0.0,2025-Jan-29-17:47:21.607479
0.7032518165836577,36860,13,1,0,0,0,0.0,0.0,2025-Jan-29-17:47:21.694494
0.7368074537788192,36861,16,1,0,-1,0,0.0,0.0,2025-Jan-29-17:47:21.803505
0.7032518165899636,36862,16,1,0,0,0,0.0,0.0,2025-Jan-29-17:47:21.859262
1.382328653380885,36863,20,1,1,1,0,1.7000000000000002,0.0,2025-Jan-29-17:47:21.936658
0.7032518165836577,36864,13,1,0,0,0,0.0,0.0,2025-Jan-29-17:47:21.992353
0.7410823665309174,36865,13,1,0,-1,1,0.0,0.8,2025-Jan-29-17:47:22.072010
0.8823193658313916,36866,13,1,1,1,0,1.4000000000000001,0.0,2025-Jan-29-17:47:22.149963
0.5769118061048668,36867,1,1,0,0,1,0.0,1.8000000000000003,2025-Jan-29-17:47:22.227331
0.5273187297615325,36868,13,1,0,1,-1,1.4000000000000001,0.0,2025-Jan-29-17:47:22.306407
1.5582598088982227,36869,20,1,1,0,0,0.0,0.0,2025-Jan-29-17:47:22.360169
0.8058190789164638,36870,3,1,0,1,-1,1.5000000000000002,0.0,2025-Jan-29-17:47:22.439354
0.8058190915727348,36871,3,1,0,0,-1,0.0,0.0,2025-Jan-29-17:47:22.494915
0.6464810715736613,36872,15,1,0,0,1,0.0,0.4,2025-Jan-29-17:47:22.562682
1.0993102397014458,36873,17,1,0,1,-1,1.8000000000000003,0.0,2025-Jan-29-17:47:22.699309
0.7032518165899636,36874,16,1,0,0,0,0.0,0.0,2025-Jan-29-17:47:22.781015
0.6091008374205524,36875,15,1,0,-1,1,0.0,1.6,2025-Jan-29-17:47:22.884672
0.5273202172351048,36876,18,1,0,1,0,1.9000000000000001,0.0,2025-Jan-29-17:47:22.961355
0.7182729372290622,36877,19,1,0,0,0,0.0,0.0,2025-Jan-29-17:47:23.004060
0.7032518156813519,36878,15,1,0,0,0,0.0,0.0,2025-Jan-29-17:47:23.057909
1.117259273069625,36879,17,1,0,0,1,0.0,0.5,2025-Jan-29-17:47:23.112188
1.058255456478347,36880,1,1,1,1,0,0.1,0.0,2025-Jan-29-17:47:23.167374
0.7182821636027037,36881,3,1,0,0,0,0.0,0.0,2025-Jan-29-17:47:23.211825
0.5273187297615325,36882,13,1,0,1,-1,1.4000000000000001,0.0,2025-Jan-29-17:47:23.292003
0.7410823776243158,36883,18,1,0,-1,0,0.0,0.0,2025-Jan-29-17:47:23.368523
0.7032518165836577,36884,13,1,0,0,0,0.0,0.0,2025-Jan-29-17:47:23.422307
