Cost,Sim,Switch_State_Indx,Gen1_on,Gen2_on,Batt1_mode,Batt2_mode,Batt1_power_kW,Batt2_power_kW,Timestamp
1.5432479208393328,36885,5,1,1,1,0,1.6,0.0,2025-Jan-29-17:47:23.478757
0.7182729241253188,36886,19,1,0,0,1,0.0,1.8000000000000003,2025-Jan-29-17:47:23.534133
0.9319080468051344,36887,15,1,1,0,1,0.0,1.8000000000000003,2025-Jan-29-17:47:23.630074
1.5810793673530297,36888,17,1,1,-1,0,0.0,0.0,2025-Jan-29-17:47:23.739394
1.032241976654165,36889,17,1,0,1,1,0.7000000000000001,0.4,2025-Jan-29-17:47:23.798572
1.5432479401188743,36890,4,1,1,0,-1,0.0,0.0,2025-Jan-29-17:47:23.853618
1.543247919377877,36891,4,1,1,1,0,1.7000000000000002,0.0,2025-Jan-29-17:47:23.911427
1.1882472999753344,36892,4,1,0,0,-1,0.0,0.0,2025-Jan-29-17:47:23.972548
1.0023986336589508,36893,21,1,1,1,0,0.5,0.0,2025-Jan-29-17:47:24.022196
0.7032548160627381,36894,1,1,0,1,0,0.2,0.0,2025-Jan-29-17:47:24.082206
1.0582554688129302,36895,0,1,1,0,0,0.0,0.0,2025-Jan-29-17:47:24.138855
1.096083017820758,36896,16,1,1,-1,0,0.0,0.0,2025-Jan-29-17:47:24.215272
1.4169123901830587,36897,7,1,1,0,1,0.0,1.0,2025-Jan-29-17:47:24.292259
1.1037329291610902,36898,25,1,1,-1,0,0.0,0.0,2025-Jan-29-17:47:24.347283
1.5432479110456507,36899,4,1,1,1,1,0.9,1.1,2025-Jan-29-17:47:24.402600
1.1882472805058806,36900,8,1,0,1,0,0.9,0.0,2025-Jan-29-17:47:24.460522
1.2908030295484636,36901,24,1,0,0,-1,0.0,0.0,2025-Jan-29-17:47:24.538429
0.6148597004666829,36902,18,1,0,1,-1,1.7000000000000002,0.0,2025-Jan-29-17:47:24.661262
1.5432479113105861,36903,5,1,1,1,1,1.2000000000000002,0.5,2025-Jan-29-17:47:24.744518
1.0582554564331623,36904,0,1,1,-1,1,0.0,1.0,2025-Jan-29-17:47:24.802485
1.0732828038461912,36905,2,1,1,0,0,0.0,0.0,2025-Jan-29-17:47:24.846495
1.1111007934145072,36906,23,1,1,-1,0,0.0,0.0,2025-Jan-29-17:47:24.904692
1.17407171451321,36907,11,1,0,1,0,0.1,0.0,2025-Jan-29-17:47:24.960402
1.1882472960016206,36908,7,1,0,-1,0,0.0,0.0,2025-Jan-29-17:47:25.015242
1.1111030063412572,36909,19,1,1,-1,0,0.0,0.0,2025-Jan-29-17:47:25.070929
1.5582575482120697,36910,9,1,1,0,0,0.0,0.0,2025-Jan-29-17:47:25.124601
0.7182729370721538,36911,21,1,0,0,0,0.0,0.0,2025-Jan-29-17:47:25.168078
1.5432479347321184,36912,10,1,1,0,0,0.0,0.0,2025-Jan-29-17:47:25.223271
1.160819734297283,36913,3,1,1,-1,-1,0.0,0.0,2025-Jan-29-17:47:25.281169
1.1882472995691167,36914,5,1,0,-1,-1,0.0,0.0,2025-Jan-29-17:47:25.336199
0.8058190792053648,36915,3,1,0,1,-1,0.7000000000000001,0.0,2025-Jan-29-17:47:25.413130
0.9271008413218916,36916,14,1,0,1,1,1.3000000000000003,0.6,2025-Jan-29-17:47:25.491313
1.1457990194326042,36917,18,1,1,0,-1,0.0,0.0,2025-Jan-29-17:47:25.587401
0.5769074075049321,36918,18,1,0,0,1,0.0,1.8000000000000003,2025-Jan-29-17:47:25.693498
0.6148599617665896,36919,18,1,0,1,-1,1.4000000000000001,0.0,2025-Jan-29-17:47:25.819870
1.3823283539941054,36920,20,1,1,1,0,1.6,0.0,2025-Jan-29-17:47:25.901163
0.7032518156813519,36921,15,1,0,0,0,0.0,0.0,2025-Jan-29-17:47:25.956204
0.7032518164381372,36922,18,1,0,0,0,0.0,0.0,2025-Jan-29-17:47:26.011632
1.5432479242073134,36923,10,1,1,0,1,0.0,0.5,2025-Jan-29-17:47:26.066293
1.4298378928471998,36924,11,1,1,1,-1,0.8,0.0,2025-Jan-29-17:47:26.120994
1.5432479348432389,36925,14,1,1,0,0,0.0,0.0,2025-Jan-29-17:47:26.175222
1.203259173061556,36926,12,1,0,0,-1,0.0,0.0,2025-Jan-29-17:47:26.229354
1.0732735771638882,36927,21,1,1,0,0,0.0,0.0,2025-Jan-29-17:47:26.272774
1.2409759537390608,36928,14,1,1,1,1,1.6,1.1,2025-Jan-29-17:47:26.374065
1.0477244824338505,36929,14,1,0,1,1,0.1,1.7000000000000002,2025-Jan-29-17:47:26.452110
1.0960830171985942,36930,15,1,1,-1,0,0.0,0.0,2025-Jan-29-17:47:26.528861
0.6465500811496327,36931,13,1,0,1,-1,0.4,0.0,2025-Jan-29-17:47:26.599163
1.111102993729151,36932,19,1,1,-1,1,0.0,0.1,2025-Jan-29-17:47:26.720679
0.8058190915727348,36933,3,1,0,0,-1,0.0,0.0,2025-Jan-29-17:47:26.801860
1.1032718802577715,36934,15,1,1,1,-1,0.30000000000000004,0.0,2025-Jan-29-17:47:26.879554
1.1111007964391266,36935,23,1,1,-1,-1,0.0,0.0,2025-Jan-29-17:47:26.938608
1.0769099127926804,36936,24,1,0,0,1,0.0,1.9000000000000001,2025-Jan-29-17:47:27.019180
1.0769124620385908,36937,20,1,0,0,1,0.0,1.9000000000000001,2025-Jan-29-17:47:27.098640
0.9319080468051344,36938,15,1,1,0,1,0.0,1.8000000000000003,2025-Jan-29-17:47:27.179161
0.9319063648374629,36939,18,1,1,0,1,0.0,1.9000000000000001,2025-Jan-29-17:47:27.258246
1.5918162101421558,36940,22,1,1,-1,0,0.0,0.0,2025-Jan-29-17:47:27.338443
1.5810793670700924,36941,14,1,1,-1,0,0.0,0.0,2025-Jan-29-17:47:27.418457
0.6190466112801175,36942,19,1,0,1,1,0.7000000000000001,0.4,2025-Jan-29-17:47:27.474630
0.619043511981042,36943,23,1,0,1,1,0.7000000000000001,0.1,2025-Jan-29-17:47:27.531402
1.5432479401188743,36944,4,1,1,0,-1,0.0,0.0,2025-Jan-29-17:47:27.606034
1.1315438177862527,36945,17,1,0,1,0,0.4,0.0,2025-Jan-29-17:47:27.698650
1.543247919377877,36946,4,1,1,1,0,1.7000000000000002,0.0,2025-Jan-29-17:47:27.788672
1.1882472948363416,36947,8,1,0,0,0,0.0,0.0,2025-Jan-29-17:47:27.849246
1.1882472999753344,36948,4,1,0,0,-1,0.0,0.0,2025-Jan-29-17:47:27.906610
0.7032548287490616,36949,0,1,0,0,0,0.0,0.0,2025-Jan-29-17:47:27.959780
1.0023957292978303,36950,23,1,1,1,0,0.5,0.0,2025-Jan-29-17:47:28.002748
1.0307464927386767,36951,25,1,1,1,0,0.30000000000000004,0.0,2025-Jan-29-17:47:28.046006
0.7032548160627381,36952,1,1,0,1,0,0.2,0.0,2025-Jan-29-17:47:28.100366
0.703254816511651,36953,0,1,0,1,0,0.1,0.0,2025-Jan-29-17:47:28.154198
1.0582554688129302,36954,0,1,1,0,0,0.0,0.0,2025-Jan-29-17:47:28.217018
1.1882472947756426,36955,11,1,0,0,0,0.0,0.0,2025-Jan-29-17:47:28.273729
1.096083017820758,36956,16,1,1,-1,0,0.0,0.0,2025-Jan-29-17:47:28.349973
1.096083017820758,36957,16,1,1,-1,0,0.0,0.0,2025-Jan-29-17:47:28.426992
1.4169123901830587,36958,7,1,1,0,1,0.0,1.0,2025-Jan-29-17:47:28.504197
1.1882472948240612,36959,5,1,0,0,0,0.0,0.0,2025-Jan-29-17:47:28.565745
1.1037329291610902,36960,25,1,1,-1,0,0.0,0.0,2025-Jan-29-17:47:28.655648
0.7368074535047114,36961,15,1,0,-1,0,0.0,0.0,2025-Jan-29-17:47:28.762947
1.5432479110456507,36962,4,1,1,1,1,0.9,1.1,2025-Jan-29-17:47:28.821847
1.5432479347321184,36963,10,1,1,0,0,0.0,0.0,2025-Jan-29-17:47:29.186865
1.2032568944499569,36964,9,1,0,1,0,1.0,0.0,2025-Jan-29-17:47:29.242415
1.1882472800771433,36965,7,1,0,1,0,0.8,0.0,2025-Jan-29-17:47:29.300321
0.8058091477019476,36966,25,1,0,0,-1,0.0,0.0,2025-Jan-29-17:47:29.356782
0.8058091477019476,36967,25,1,0,0,-1,0.0,0.0,2025-Jan-29-17:47:29.412778
0.5423481064338591,36968,19,1,0,1,-1,1.8000000000000003,0.0,2025-Jan-29-17:47:29.483848
0.6298758036288455,36969,25,1,0,1,-1,1.9000000000000001,0.0,2025-Jan-29-17:47:29.583734
1.5582575246811394,36970,6,1,1,1,1,1.5000000000000002,0.6,2025-Jan-29-17:47:29.672032
1.145799018754965,36971,15,1,1,0,-1,0.0,0.0,2025-Jan-29-17:47:29.773556
1.0582554564331623,36972,0,1,1,-1,1,0.0,1.0,2025-Jan-29-17:47:29.828857
1.0582554567994418,36973,0,1,1,-1,1,0.0,1.6,2025-Jan-29-17:47:29.883051
1.0732828038461912,36974,2,1,1,0,0,0.0,0.0,2025-Jan-29-17:47:29.926374
1.0582554688129302,36975,0,1,1,0,0,0.0,0.0,2025-Jan-29-17:47:29.981625
1.1037329291610902,36976,25,1,1,-1,0,0.0,0.0,2025-Jan-29-17:47:30.036933
1.1037329291610902,36977,25,1,1,-1,0,0.0,0.0,2025-Jan-29-17:47:30.092860
0.6890766761829328,36978,13,1,0,1,0,0.1,0.0,2025-Jan-29-17:47:30.147060
1.1890812448205215,36979,24,1,0,1,0,0.1,0.0,2025-Jan-29-17:47:30.201319
1.1882472958734285,36980,8,1,0,-1,0,0.0,0.0,2025-Jan-29-17:47:30.256175
1.1882472960016206,36981,7,1,0,-1,0,0.0,0.0,2025-Jan-29-17:47:30.310810
1.5918162101421558,36982,22,1,1,-1,0,0.0,0.0,2025-Jan-29-17:47:30.388164
0.7032548287490616,36983,0,1,0,0,0,0.0,0.0,2025-Jan-29-17:47:30.442308
1.543247934857496,36984,11,1,1,0,0,0.0,0.0,2025-Jan-29-17:47:30.497007
0.7182821636027037,36985,3,1,0,0,0,0.0,0.0,2025-Jan-29-17:47:30.539808
0.718270503145516,36986,23,1,0,0,0,0.0,0.0,2025-Jan-29-17:47:30.594281
0.7182729370721538,36987,21,1,0,0,0,0.0,0.0,2025-Jan-29-17:47:30.673010
1.543247934857496,36988,11,1,1,0,0,0.0,0.0,2025-Jan-29-17:47:30.757156
1.2032569081518871,36989,9,1,0,0,0,0.0,0.0,2025-Jan-29-17:47:30.821583
1.160819734297283,36990,3,1,1,-1,-1,0.0,0.0,2025-Jan-29-17:47:30.887603
1.1882472949645337,36991,7,1,0,0,0,0.0,0.0,2025-Jan-29-17:47:30.945274
1.1882472995691167,36992,5,1,0,-1,-1,0.0,0.0,2025-Jan-29-17:47:31.000340
0.7032518165836577,36993,13,1,0,0,0,0.0,0.0,2025-Jan-29-17:47:31.059189
0.8058190787525841,36994,3,1,0,1,-1,0.8,0.0,2025-Jan-29-17:47:31.145662
1.2032569081518871,36995,9,1,0,0,0,0.0,0.0,2025-Jan-29-17:47:31.201963
0.912881390611975,36996,17,1,0,1,1,1.5000000000000002,0.7000000000000001,2025-Jan-29-17:47:31.290525
0.5281688273219275,36997,21,1,0,1,1,1.5000000000000002,0.1,2025-Jan-29-17:47:31.372580
1.0732711464044855,36998,23,1,1,0,-1,0.0,0.0,2025-Jan-29-17:47:31.421764
1.1608124689801373,36999,21,1,1,0,-1,0.0,0.0,2025-Jan-29-17:47:31.487672
1.2032563911518268,37000,22,1,0,0,1,0.0,1.9000000000000001,2025-Jan-29-17:47:31.568329
0.5919287662199604,37001,25,1,0,0,1,0.0,1.9000000000000001,2025-Jan-29-17:47:31.700729
0.5423471711776704,37002,19,1,0,1,-1,1.5000000000000002,0.0,2025-Jan-29-17:47:31.805840
0.6298758036288455,37003,25,1,0,1,-1,1.9000000000000001,0.0,2025-Jan-29-17:47:31.903592
0.8973453787678878,37004,25,1,1,1,0,1.9000000000000001,0.0,2025-Jan-29-17:47:31.979328
0.8973453787678878,37005,25,1,1,1,0,1.9000000000000001,0.0,2025-Jan-29-17:47:32.051215
0.7032518165899636,37006,16,1,0,0,0,0.0,0.0,2025-Jan-29-17:47:32.105535
1.2032591688378944,37007,20,1,0,0,0,0.0,0.0,2025-Jan-29-17:47:32.160045
0.718270503145516,37008,23,1,0,0,0,0.0,0.0,2025-Jan-29-17:47:32.203059
1.188247294787923,37009,17,1,0,0,0,0.0,0.0,2025-Jan-29-17:47:32.258049
1.5432479260570595,37010,11,1,1,0,1,0.0,0.5,2025-Jan-29-17:47:32.313890
1.2489819397272353,37011,8,1,0,0,-1,0.0,0.0,2025-Jan-29-17:47:32.368032
1.5032119769481038,37012,14,1,1,1,-1,0.9,0.0,2025-Jan-29-17:47:32.447292
1.1882472948363416,37013,8,1,0,0,0,0.0,0.0,2025-Jan-29-17:47:32.502634
1.5432479348432389,37014,14,1,1,0,0,0.0,0.0,2025-Jan-29-17:47:32.573973
0.7182821636027037,37015,3,1,0,0,0,0.0,0.0,2025-Jan-29-17:47:32.648157
1.248981940207102,37016,14,1,0,0,-1,0.0,0.0,2025-Jan-29-17:47:32.727451
1.0898495899776672,37017,22,1,0,1,1,0.8,0.30000000000000004,2025-Jan-29-17:47:32.810172
1.558257046225748,37018,24,1,1,0,0,0.0,0.0,2025-Jan-29-17:47:32.865323
1.1882472949645337,37019,7,1,0,0,0,0.0,0.0,2025-Jan-29-17:47:32.919624
0.7559892033400402,37020,18,1,1,1,1,1.9000000000000001,1.3000000000000003,2025-Jan-29-17:47:33.019200
1.0614997581311485,37021,12,1,0,1,0,1.0,0.0,2025-Jan-29-17:47:33.072801
0.6890766641229393,37022,16,1,0,1,1,0.1,1.9000000000000001,2025-Jan-29-17:47:33.128243
1.1882472949645337,37023,7,1,0,0,0,0.0,0.0,2025-Jan-29-17:47:33.183519
1.5810793673530297,37024,17,1,1,-1,0,0.0,0.0,2025-Jan-29-17:47:33.260632
1.1111030061933418,37025,21,1,1,-1,0,0.0,0.0,2025-Jan-29-17:47:33.315846
0.6465500802919264,37026,16,1,0,1,-1,0.4,0.0,2025-Jan-29-17:47:33.369549
0.6899235586619109,37027,19,1,0,1,-1,0.2,0.0,2025-Jan-29-17:47:33.412711
1.5960876392433891,37028,22,1,1,-1,1,0.0,0.1,2025-Jan-29-17:47:33.490345
1.57748317000024,37029,24,1,1,-1,1,0.0,0.1,2025-Jan-29-17:47:33.583836
0.8058190915727348,37030,3,1,0,0,-1,0.0,0.0,2025-Jan-29-17:47:33.672295
0.7032548308487874,37031,0,1,0,0,-1,0.0,0.0,2025-Jan-29-17:47:33.750570
1.0157264483166792,37032,16,1,1,1,-1,0.30000000000000004,0.0,2025-Jan-29-17:47:33.814052
1.5928391900478296,37033,17,1,1,1,-1,0.1,0.0,2025-Jan-29-17:47:33.864276
1.1942054706654686,37034,25,1,1,-1,-1,0.0,0.0,2025-Jan-29-17:47:33.932091
1.0732711464044855,37035,23,1,1,0,-1,0.0,0.0,2025-Jan-29-17:47:33.974880
1.0769124620385908,37036,20,1,0,0,1,0.0,1.9000000000000001,2025-Jan-29-17:47:34.053198
1.188247294787923,37037,17,1,0,0,0,0.0,0.0,2025-Jan-29-17:47:34.107780
0.9469318511492767,37038,21,1,1,0,1,0.0,1.9000000000000001,2025-Jan-29-17:47:34.180036
1.1882472948363416,37039,8,1,0,0,0,0.0,0.0,2025-Jan-29-17:47:34.235301
1.5810793670700924,37040,14,1,1,-1,0,0.0,0.0,2025-Jan-29-17:47:34.312466
0.7032548287490616,37041,0,1,0,0,0,0.0,0.0,2025-Jan-29-17:47:34.365950
0.619043511981042,37042,23,1,0,1,1,0.7000000000000001,0.1,2025-Jan-29-17:47:34.418891
0.5623359543800254,37043,25,1,0,1,1,1.0,0.1,2025-Jan-29-17:47:34.462255
0.6473979935592145,37044,21,1,0,1,0,0.5,0.0,2025-Jan-29-17:47:34.505411
1.1890841110117236,37045,20,1,0,1,0,0.1,0.0,2025-Jan-29-17:47:34.568951
1.2032569081518871,37046,9,1,0,0,0,0.0,0.0,2025-Jan-29-17:47:34.658480
1.203256908176808,37047,6,1,0,0,0,0.0,0.0,2025-Jan-29-17:47:34.750030
0.7032548287490616,37048,0,1,0,0,0,0.0,0.0,2025-Jan-29-17:47:34.814405
0.7032548287490616,37049,0,1,0,0,0,0.0,0.0,2025-Jan-29-17:47:34.868351
1.002395729140717,37050,25,1,1,1,0,0.5,0.0,2025-Jan-29-17:47:34.911255
0.5623359543800254,37051,25,1,0,1,1,1.0,0.1,2025-Jan-29-17:47:34.954548
0.7032548160627381,37052,1,1,0,1,0,0.2,0.0,2025-Jan-29-17:47:35.008609
0.703254816511651,37053,0,1,0,1,0,0.1,0.0,2025-Jan-29-17:47:35.062686
1.0582554688129302,37054,0,1,1,0,0,0.0,0.0,2025-Jan-29-17:47:35.116072
0.7032548287490616,37055,0,1,0,0,0,0.0,0.0,2025-Jan-29-17:47:35.170324
1.096083017820758,37056,16,1,1,-1,0,0.0,0.0,2025-Jan-29-17:47:35.246917
1.2032569081518871,37057,9,1,0,0,0,0.0,0.0,2025-Jan-29-17:47:35.302780
1.203256908176808,37058,6,1,0,0,0,0.0,0.0,2025-Jan-29-17:47:35.356639
1.1606941384507032,37059,20,1,0,0,1,0.0,0.30000000000000004,2025-Jan-29-17:47:35.410803
0.7368074535047114,37060,15,1,0,-1,0,0.0,0.0,2025-Jan-29-17:47:35.489212
1.188247294787923,37061,17,1,0,0,0,0.0,0.0,2025-Jan-29-17:47:35.544302
1.5432479110456507,37062,4,1,1,1,1,0.9,1.1,2025-Jan-29-17:47:35.629653
1.1882472947756426,37063,11,1,0,0,0,0.0,0.0,2025-Jan-29-17:47:35.711802
1.1882472805058806,37064,8,1,0,1,0,0.9,0.0,2025-Jan-29-17:47:35.791482
0.7032518165836577,37065,13,1,0,0,0,0.0,0.0,2025-Jan-29-17:47:35.850491
0.8058091477019476,37066,25,1,0,0,-1,0.0,0.0,2025-Jan-29-17:47:35.916341
0.7032548286518892,37067,1,1,0,0,0,0.0,0.0,2025-Jan-29-17:47:35.975798
0.6298799054188008,37068,21,1,0,1,-1,1.9000000000000001,0.0,2025-Jan-29-17:47:36.059401
1.1148683436317173,37069,20,1,0,1,-1,1.9000000000000001,0.0,2025-Jan-29-17:47:36.160986
1.145799018754965,37070,15,1,1,0,-1,0.0,0.0,2025-Jan-29-17:47:36.237874
0.7032548287490616,37071,0,1,0,0,0,0.0,0.0,2025-Jan-29-17:47:36.292853
1.058255457194242,37072,0,1,1,-1,1,0.0,1.1,2025-Jan-29-17:47:36.660735
1.0582554569988734,37073,0,1,1,-1,1,0.0,0.4,2025-Jan-29-17:47:36.746848
1.0582554688129302,37074,0,1,1,0,0,0.0,0.0,2025-Jan-29-17:47:36.828219
1.0582554688129302,37075,0,1,1,0,0,0.0,0.0,2025-Jan-29-17:47:36.882758
1.1037329291610902,37076,25,1,1,-1,0,0.0,0.0,2025-Jan-29-17:47:36.938280
0.7032518165899636,37077,16,1,0,0,0,0.0,0.0,2025-Jan-29-17:47:36.992077
1.1740717146503123,37078,14,1,0,1,0,0.1,0.0,2025-Jan-29-17:47:37.046589
1.1740717143149964,37079,10,1,0,1,0,0.1,0.0,2025-Jan-29-17:47:37.100854
1.2032569102405002,37080,9,1,0,-1,0,0.0,0.0,2025-Jan-29-17:47:37.154699
1.1882472958734285,37081,8,1,0,-1,0,0.0,0.0,2025-Jan-29-17:47:37.208731
0.7032548308487874,37082,0,1,0,0,-1,0.0,0.0,2025-Jan-29-17:47:37.262279
0.7032548287490616,37083,0,1,0,0,0,0.0,0.0,2025-Jan-29-17:47:37.316736
0.7182821636027037,37084,3,1,0,0,0,0.0,0.0,2025-Jan-29-17:47:37.359100
0.7032548308487874,37085,0,1,0,0,-1,0.0,0.0,2025-Jan-29-17:47:37.412744
1.2032564061623827,37086,24,1,0,0,0,0.0,0.0,2025-Jan-29-17:47:37.469911
0.7182705030005031,37087,25,1,0,0,0,0.0,0.0,2025-Jan-29-17:47:37.513391
1.2032569081518871,37088,9,1,0,0,0,0.0,0.0,2025-Jan-29-17:47:37.582032
0.7032518165836577,37089,13,1,0,0,0,0.0,0.0,2025-Jan-29-17:47:37.667390
1.160819734297283,37090,3,1,1,-1,-1,0.0,0.0,2025-Jan-29-17:47:37.759037
1.2489819404873708,37091,8,1,0,-1,-1,0.0,0.0,2025-Jan-29-17:47:37.821371
0.7032518165899636,37092,16,1,0,0,0,0.0,0.0,2025-Jan-29-17:47:37.875272
1.1882472947756426,37093,11,1,0,0,0,0.0,0.0,2025-Jan-29-17:47:37.932552
1.1882472835798592,37094,4,1,0,1,-1,0.9,0.0,2025-Jan-29-17:47:37.988077
0.7032548185381582,37095,0,1,0,1,-1,0.8,0.0,2025-Jan-29-17:47:38.043730
0.5281667706816907,37096,25,1,0,1,1,1.9000000000000001,0.1,2025-Jan-29-17:47:38.116662
0.5281667706816907,37097,25,1,0,1,1,1.9000000000000001,0.1,2025-Jan-29-17:47:38.188548
1.6458036696021932,37098,24,1,1,0,-1,0.0,0.0,2025-Jan-29-17:47:38.265814
1.1882472948240612,37099,5,1,0,0,0,0.0,0.0,2025-Jan-29-17:47:38.320909
1.0769124620385908,37100,20,1,0,0,1,0.0,1.9000000000000001,2025-Jan-29-17:47:38.397940
0.7182729248747517,37101,19,1,0,0,1,0.0,1.9000000000000001,2025-Jan-29-17:47:38.452734
0.5423444351395947,37102,23,1,0,1,-1,1.8000000000000003,0.0,2025-Jan-29-17:47:38.523824
0.6298758036288455,37103,25,1,0,1,-1,1.9000000000000001,0.0,2025-Jan-29-17:47:38.630793
0.8973453787678878,37104,25,1,1,1,0,1.9000000000000001,0.0,2025-Jan-29-17:47:38.739410
0.7032548287490616,37105,0,1,0,0,0,0.0,0.0,2025-Jan-29-17:47:38.797382
1.188247294787923,37106,17,1,0,0,0,0.0,0.0,2025-Jan-29-17:47:38.853097
1.2032591688841716,37107,12,1,0,0,0,0.0,0.0,2025-Jan-29-17:47:38.906968
0.7032518164381372,37108,18,1,0,0,0,0.0,0.0,2025-Jan-29-17:47:38.963418
0.7182729372290622,37109,19,1,0,0,0,0.0,0.0,2025-Jan-29-17:47:39.007380
1.1882472999269158,37110,10,1,0,0,-1,0.0,0.0,2025-Jan-29-17:47:39.062594
1.1882472947756426,37111,11,1,0,0,0,0.0,0.0,2025-Jan-29-17:47:39.118588
1.188247294576375,37112,10,1,0,0,0,0.0,0.0,2025-Jan-29-17:47:39.173477
1.1882472948363416,37113,8,1,0,0,0,0.0,0.0,2025-Jan-29-17:47:39.228063
0.7182821636027037,37114,3,1,0,0,0,0.0,0.0,2025-Jan-29-17:47:39.271337
1.203256908176808,37115,6,1,0,0,0,0.0,0.0,2025-Jan-29-17:47:39.325821
0.5481284548452299,37116,25,1,0,1,1,0.9,0.30000000000000004,2025-Jan-29-17:47:39.370133
0.5055702383035748,37117,25,1,0,1,1,1.1,0.4,2025-Jan-29-17:47:39.414345
1.558257046225748,37118,24,1,1,0,0,0.0,0.0,2025-Jan-29-17:47:39.469684
1.1882472949161151,37119,14,1,0,0,0,0.0,0.0,2025-Jan-29-17:47:39.524491
0.7710167051932899,37120,21,1,1,1,1,1.9000000000000001,1.6,2025-Jan-29-17:47:39.639618
0.5623414716353851,37121,19,1,0,1,0,1.1,0.0,2025-Jan-29-17:47:39.719362
0.7040983350725399,37122,19,1,0,1,1,0.1,1.9000000000000001,2025-Jan-29-17:47:39.797207
0.5627307919216282,37123,18,1,0,1,1,0.1,1.9000000000000001,2025-Jan-29-17:47:39.880015
1.0960830171985942,37124,15,1,1,-1,0,0.0,0.0,2025-Jan-29-17:47:39.957721
1.5432479348176518,37125,17,1,1,0,0,0.0,0.0,2025-Jan-29-17:47:40.012930
0.6473979967386172,37126,19,1,0,1,-1,0.5,0.0,2025-Jan-29-17:47:40.057110
0.7040983502187739,37127,19,1,0,1,-1,0.1,0.0,2025-Jan-29-17:47:40.100686
1.1111007798842742,37128,23,1,1,-1,1,0.0,0.1,2025-Jan-29-17:47:40.177748
0.7032548287490616,37129,0,1,0,0,0,0.0,0.0,2025-Jan-29-17:47:40.231377
0.7032548308487874,37130,0,1,0,0,-1,0.0,0.0,2025-Jan-29-17:47:40.285462
0.7032548287490616,37131,0,1,0,0,0,0.0,0.0,2025-Jan-29-17:47:40.339602
1.6032799050672215,37132,20,1,1,1,-1,0.30000000000000004,0.0,2025-Jan-29-17:47:40.417308
1.0299019809376588,37133,16,1,1,1,-1,0.2,0.0,2025-Jan-29-17:47:40.471171
1.6458036696021932,37134,24,1,1,0,-1,0.0,0.0,2025-Jan-29-17:47:40.553129
0.7182729400006294,37135,19,1,0,0,-1,0.0,0.0,2025-Jan-29-17:47:40.635177
0.7182729241253188,37136,19,1,0,0,1,0.0,1.8000000000000003,2025-Jan-29-17:47:40.742057
0.5919287662199604,37137,25,1,0,0,1,0.0,1.9000000000000001,2025-Jan-29-17:47:40.837907
1.4319131021128602,37138,20,1,1,0,1,0.0,1.9000000000000001,2025-Jan-29-17:47:40.916701
1.248981940207102,37139,14,1,0,0,-1,0.0,0.0,2025-Jan-29-17:47:40.971315
0.7032548287490616,37140,0,1,0,0,0,0.0,0.0,2025-Jan-29-17:47:41.025202
0.7032518165899636,37141,16,1,0,0,0,0.0,0.0,2025-Jan-29-17:47:41.079418
0.5481592864234135,37142,25,1,0,1,1,1.1,0.1,2025-Jan-29-17:47:41.122542
0.5281663934059686,37143,25,1,0,1,1,1.8000000000000003,0.1,2025-Jan-29-17:47:41.194196
0.6473979935592145,37144,21,1,0,1,0,0.5,0.0,2025-Jan-29-17:47:41.238153
0.6757458526371322,37145,25,1,0,1,0,0.30000000000000004,0.0,2025-Jan-29-17:47:41.282817
1.2032569081518871,37146,9,1,0,0,0,0.0,0.0,2025-Jan-29-17:47:41.336172
1.1882472948363416,37147,8,1,0,0,0,0.0,0.0,2025-Jan-29-17:47:41.390156
0.7032548287490616,37148,0,1,0,0,0,0.0,0.0,2025-Jan-29-17:47:41.443665
0.7032548287490616,37149,0,1,0,0,0,0.0,0.0,2025-Jan-29-17:47:41.497215
0.5623359543800254,37150,25,1,0,1,1,1.0,0.1,2025-Jan-29-17:47:41.539971
0.528164353144215,37151,25,1,0,1,1,1.3000000000000003,0.1,2025-Jan-29-17:47:41.636831
0.7032548160627381,37152,1,1,0,1,0,0.2,0.0,2025-Jan-29-17:47:41.727104
0.7032548164144785,37153,1,1,0,1,0,0.1,0.0,2025-Jan-29-17:47:41.807790
0.7032548287490616,37154,0,1,0,0,0,0.0,0.0,2025-Jan-29-17:47:41.865043
0.7032548287490616,37155,0,1,0,0,0,0.0,0.0,2025-Jan-29-17:47:41.918691
1.5810793673530297,37156,17,1,1,-1,0,0.0,0.0,2025-Jan-29-17:47:41.995426
1.2032569081518871,37157,9,1,0,0,0,0.0,0.0,2025-Jan-29-17:47:42.048721
1.0614959107123803,37158,22,1,0,1,1,1.0,0.4,2025-Jan-29-17:47:42.103777
1.1180497081663319,37159,20,1,0,0,1,0.0,0.6,2025-Jan-29-17:47:42.157961
1.2248933161499889,37160,17,1,0,-1,0,0.0,0.0,2025-Jan-29-17:47:42.234993
0.9847662621476492,37161,20,1,0,1,1,1.5000000000000002,0.30000000000000004,2025-Jan-29-17:47:42.312428
1.2032591688841716,37162,12,1,0,0,0,0.0,0.0,2025-Jan-29-17:47:42.366322
1.2032569081518871,37163,9,1,0,0,0,0.0,0.0,2025-Jan-29-17:47:42.419959
0.7032518156813519,37164,15,1,0,0,0,0.0,0.0,2025-Jan-29-17:47:42.475280
1.188247294576375,37165,10,1,0,0,0,0.0,0.0,2025-Jan-29-17:47:42.530081
0.7032548286518892,37166,1,1,0,0,0,0.0,0.0,2025-Jan-29-17:47:42.593795
1.1882472948363416,37167,8,1,0,0,0,0.0,0.0,2025-Jan-29-17:47:42.686317
0.6298799054188008,37168,21,1,0,1,-1,1.9000000000000001,0.0,2025-Jan-29-17:47:42.800688
1.114868429579833,37169,20,1,0,1,-1,1.8000000000000003,0.0,2025-Jan-29-17:47:42.903129
0.7032548308487874,37170,0,1,0,0,-1,0.0,0.0,2025-Jan-29-17:47:42.959365
0.7032548286518892,37171,1,1,0,0,0,0.0,0.0,2025-Jan-29-17:47:43.012948
1.0582554564331623,37172,0,1,1,-1,1,0.0,1.0,2025-Jan-29-17:47:43.067193
1.2032591688841716,37173,12,1,0,0,0,0.0,0.0,2025-Jan-29-17:47:43.121120
1.0582554688129302,37174,0,1,1,0,0,0.0,0.0,2025-Jan-29-17:47:43.175315
1.0582554688129302,37175,0,1,1,0,0,0.0,0.0,2025-Jan-29-17:47:43.228992
0.7032518165899636,37176,16,1,0,0,0,0.0,0.0,2025-Jan-29-17:47:43.283371
0.7487322891669068,37177,23,1,0,-1,0,0.0,0.0,2025-Jan-29-17:47:43.338297
0.6890766761829328,37178,13,1,0,1,0,0.1,0.0,2025-Jan-29-17:47:43.391563
1.1890841110607373,37179,12,1,0,1,0,0.1,0.0,2025-Jan-29-17:47:43.445452
1.2032569102405002,37180,9,1,0,-1,0,0.0,0.0,2025-Jan-29-17:47:43.499347
1.2032591688841716,37181,12,1,0,0,0,0.0,0.0,2025-Jan-29-17:47:43.566444
0.7032548308487874,37182,0,1,0,0,-1,0.0,0.0,2025-Jan-29-17:47:43.653064
0.7032548308487874,37183,0,1,0,0,-1,0.0,0.0,2025-Jan-29-17:47:43.746197
0.7032548308487874,37184,0,1,0,0,-1,0.0,0.0,2025-Jan-29-17:47:43.818174
0.7032548308487874,37185,0,1,0,0,-1,0.0,0.0,2025-Jan-29-17:47:43.873448
0.7182705030005031,37186,25,1,0,0,0,0.0,0.0,2025-Jan-29-17:47:43.916249
0.7032548306826437,37187,0,1,0,-1,0,0.0,0.0,2025-Jan-29-17:47:43.969658
0.7032518156813519,37188,15,1,0,0,0,0.0,0.0,2025-Jan-29-17:47:44.022855
1.3681495526965586,37189,20,1,1,1,1,1.6,0.1,2025-Jan-29-17:47:44.409898
1.160819734297283,37190,3,1,1,-1,-1,0.0,0.0,2025-Jan-29-17:47:44.466223
0.5339553381132135,37191,21,1,0,1,1,1.0,0.30000000000000004,2025-Jan-29-17:47:44.509429
1.1882472949161151,37192,14,1,0,0,0,0.0,0.0,2025-Jan-29-17:47:44.583954
1.1882472947756426,37193,11,1,0,0,0,0.0,0.0,2025-Jan-29-17:47:44.671405
0.7032548185381582,37194,0,1,0,1,-1,0.8,0.0,2025-Jan-29-17:47:44.753523
0.7032548184405659,37195,0,1,0,1,-1,0.30000000000000004,0.0,2025-Jan-29-17:47:44.814525
0.5281667706816907,37196,25,1,0,1,1,1.9000000000000001,0.1,2025-Jan-29-17:47:44.886378
0.5281667706816907,37197,25,1,0,1,1,1.9000000000000001,0.1,2025-Jan-29-17:47:44.957616
1.1608097877885277,37198,25,1,1,0,-1,0.0,0.0,2025-Jan-29-17:47:45.013267
0.7182729370721538,37199,21,1,0,0,0,0.0,0.0,2025-Jan-29-17:47:45.055831
1.0769124620385908,37200,20,1,0,0,1,0.0,1.9000000000000001,2025-Jan-29-17:47:45.132693
0.5919312110431749,37201,21,1,0,0,1,0.0,1.9000000000000001,2025-Jan-29-17:47:45.207426
0.6298758036288455,37202,25,1,0,1,-1,1.9000000000000001,0.0,2025-Jan-29-17:47:45.298522
0.6298759963242001,37203,25,1,0,1,-1,1.7000000000000002,0.0,2025-Jan-29-17:47:45.388216
0.7032548287490616,37204,0,1,0,0,0,0.0,0.0,2025-Jan-29-17:47:45.442179
0.7032548287490616,37205,0,1,0,0,0,0.0,0.0,2025-Jan-29-17:47:45.497042
0.7032518156813519,37206,15,1,0,0,0,0.0,0.0,2025-Jan-29-17:47:45.565930
0.7032518165899636,37207,16,1,0,0,0,0.0,0.0,2025-Jan-29-17:47:45.651574
0.7032518164381372,37208,18,1,0,0,0,0.0,0.0,2025-Jan-29-17:47:45.741717
0.7182729372290622,37209,19,1,0,0,0,0.0,0.0,2025-Jan-29-17:47:45.807699
0.7032518058139041,37210,13,1,0,0,1,0.0,0.6,2025-Jan-29-17:47:45.862786
1.0619117501561863,37211,14,1,0,0,1,0.0,1.0,2025-Jan-29-17:47:45.942163
1.188247294576375,37212,10,1,0,0,0,0.0,0.0,2025-Jan-29-17:47:46.000323
0.7032548286518892,37213,1,1,0,0,0,0.0,0.0,2025-Jan-29-17:47:46.055818
0.7182821636027037,37214,3,1,0,0,0,0.0,0.0,2025-Jan-29-17:47:46.099793
1.1882472946247935,37215,4,1,0,0,0,0.0,0.0,2025-Jan-29-17:47:46.157248
0.5055702383035748,37216,25,1,0,1,1,1.1,0.4,2025-Jan-29-17:47:46.202357
0.6332162558275919,37217,25,1,0,1,1,0.5,0.1,2025-Jan-29-17:47:46.247747
1.5582570463223062,37218,22,1,1,0,0,0.0,0.0,2025-Jan-29-17:47:46.303624
0.7032518156813519,37219,15,1,0,0,0,0.0,0.0,2025-Jan-29-17:47:46.360353
1.0331414305433713,37220,22,1,0,1,1,1.2000000000000002,0.7000000000000001,2025-Jan-29-17:47:46.417375
0.41602208468708085,37221,25,1,0,1,1,1.4000000000000001,0.9,2025-Jan-29-17:47:46.515683
0.7040983350725399,37222,19,1,0,1,1,0.1,1.9000000000000001,2025-Jan-29-17:47:46.585995
1.1890812298767344,37223,22,1,0,1,1,0.1,1.9000000000000001,2025-Jan-29-17:47:46.675743
1.096083017820758,37224,16,1,1,-1,0,0.0,0.0,2025-Jan-29-17:47:46.794647
1.2248933161499889,37225,17,1,0,-1,0,0.0,0.0,2025-Jan-29-17:47:46.878122
1.193260756402327,37226,17,1,0,1,-1,0.5,0.0,2025-Jan-29-17:47:46.939851
0.7182705030005031,37227,25,1,0,0,0,0.0,0.0,2025-Jan-29-17:47:46.987389
0.7032548287490616,37228,0,1,0,0,0,0.0,0.0,2025-Jan-29-17:47:47.042592
1.1882472948363416,37229,8,1,0,0,0,0.0,0.0,2025-Jan-29-17:47:47.099488
0.7032548287490616,37230,0,1,0,0,0,0.0,0.0,2025-Jan-29-17:47:47.155432
1.1882472949645337,37231,7,1,0,0,0,0.0,0.0,2025-Jan-29-17:47:47.212124
1.103271880729202,37232,18,1,1,1,-1,0.30000000000000004,0.0,2025-Jan-29-17:47:47.289890
1.1882472946247935,37233,4,1,0,0,0,0.0,0.0,2025-Jan-29-17:47:47.346121
1.5582570484090077,37234,22,1,1,0,-1,0.0,0.0,2025-Jan-29-17:47:47.401725
1.1882472947756426,37235,11,1,0,0,0,0.0,0.0,2025-Jan-29-17:47:47.458961
0.5919287662199604,37236,25,1,0,0,1,0.0,1.9000000000000001,2025-Jan-29-17:47:47.535574
0.5919287662199604,37237,25,1,0,0,1,0.0,1.9000000000000001,2025-Jan-29-17:47:47.637694
1.0732735649597374,37238,19,1,1,0,1,0.0,1.9000000000000001,2025-Jan-29-17:47:47.723128
0.7182729248747517,37239,19,1,0,0,1,0.0,1.9000000000000001,2025-Jan-29-17:47:47.799722
1.1315438177862527,37240,17,1,0,1,0,0.4,0.0,2025-Jan-29-17:47:47.858838
1.2032591688378944,37241,20,1,0,0,0,0.0,0.0,2025-Jan-29-17:47:47.916015
0.5281667706816907,37242,25,1,0,1,1,1.9000000000000001,0.1,2025-Jan-29-17:47:47.991670
0.5281660082440907,37243,25,1,0,1,1,1.7000000000000002,0.1,2025-Jan-29-17:47:48.066072
0.6473979935592145,37244,21,1,0,1,0,0.5,0.0,2025-Jan-29-17:47:48.111605
1.1882472999269158,37245,10,1,0,0,-1,0.0,0.0,2025-Jan-29-17:47:48.168992
1.1882472948363416,37246,8,1,0,0,0,0.0,0.0,2025-Jan-29-17:47:48.225691
0.6606869907535586,37247,18,1,0,0,1,0.0,0.30000000000000004,2025-Jan-29-17:47:48.282233
0.7032548287490616,37248,0,1,0,0,0,0.0,0.0,2025-Jan-29-17:47:48.337431
1.1882472949645337,37249,7,1,0,0,0,0.0,0.0,2025-Jan-29-17:47:48.394684
0.528164353144215,37250,25,1,0,1,1,1.3000000000000003,0.1,2025-Jan-29-17:47:48.469025
0.5281656140025996,37251,25,1,0,1,1,1.6,0.1,2025-Jan-29-17:47:48.541991
0.7032548160627381,37252,1,1,0,1,0,0.2,0.0,2025-Jan-29-17:47:48.611585
0.7032548160627381,37253,1,1,0,1,0,0.2,0.0,2025-Jan-29-17:47:48.697871
0.7032548287490616,37254,0,1,0,0,0,0.0,0.0,2025-Jan-29-17:47:48.772997
0.7032548287490616,37255,0,1,0,0,0,0.0,0.0,2025-Jan-29-17:47:48.829079
1.096083017820758,37256,16,1,1,-1,0,0.0,0.0,2025-Jan-29-17:47:48.906079
1.2248933161499889,37257,17,1,0,-1,0,0.0,0.0,2025-Jan-29-17:47:48.986264
1.0047259869856526,37258,24,1,0,1,1,1.0,0.4,2025-Jan-29-17:47:49.040313
0.5623414593139368,37259,19,1,0,1,1,1.1,0.5,2025-Jan-29-17:47:49.093733
0.7368074537788192,37260,16,1,0,-1,0,0.0,0.0,2025-Jan-29-17:47:49.169587
0.5423465361771385,37261,19,1,0,1,1,1.3000000000000003,0.7000000000000001,2025-Jan-29-17:47:49.245625
1.1882472947756426,37262,11,1,0,0,0,0.0,0.0,2025-Jan-29-17:47:49.302324
1.203256908176808,37263,6,1,0,0,0,0.0,0.0,2025-Jan-29-17:47:49.356582
0.7032518156813519,37264,15,1,0,0,0,0.0,0.0,2025-Jan-29-17:47:49.410075
1.1882472947756426,37265,11,1,0,0,0,0.0,0.0,2025-Jan-29-17:47:49.466107
0.7032548286518892,37266,1,1,0,0,0,0.0,0.0,2025-Jan-29-17:47:49.520050
1.1882472949161151,37267,14,1,0,0,0,0.0,0.0,2025-Jan-29-17:47:49.598964
0.5423481064338591,37268,19,1,0,1,-1,1.8000000000000003,0.0,2025-Jan-29-17:47:49.704873
1.027324473693187,37269,22,1,0,1,-1,1.9000000000000001,0.0,2025-Jan-29-17:47:49.814921
0.7908004349144597,37270,1,1,0,0,-1,0.0,0.0,2025-Jan-29-17:47:49.893178
0.7032548287490616,37271,0,1,0,0,0,0.0,0.0,2025-Jan-29-17:47:49.949401
1.0582554564331623,37272,0,1,1,-1,1,0.0,1.0,2025-Jan-29-17:47:50.003533
0.7410823801238079,37273,16,1,0,-1,-1,0.0,0.0,2025-Jan-29-17:47:50.080287
1.0582554688129302,37274,0,1,1,0,0,0.0,0.0,2025-Jan-29-17:47:50.133281
1.1882472949161151,37275,14,1,0,0,0,0.0,0.0,2025-Jan-29-17:47:50.187006
0.7032518165899636,37276,16,1,0,0,0,0.0,0.0,2025-Jan-29-17:47:50.239968
1.2032591688378944,37277,20,1,0,0,0,0.0,0.0,2025-Jan-29-17:47:50.293474
0.6890766761829328,37278,13,1,0,1,0,0.1,0.0,2025-Jan-29-17:47:50.346793
1.1882472948363416,37279,8,1,0,0,0,0.0,0.0,2025-Jan-29-17:47:50.400710
1.1882472958734285,37280,8,1,0,-1,0,0.0,0.0,2025-Jan-29-17:47:50.457425
1.1882472949645337,37281,7,1,0,0,0,0.0,0.0,2025-Jan-29-17:47:50.511837
0.7032548308487874,37282,0,1,0,0,-1,0.0,0.0,2025-Jan-29-17:47:50.585869
1.0769175160670548,37283,20,1,0,0,1,0.0,1.6,2025-Jan-29-17:47:50.705218
0.7032548308487874,37284,0,1,0,0,-1,0.0,0.0,2025-Jan-29-17:47:50.781301
1.1882472948363416,37285,8,1,0,0,0,0.0,0.0,2025-Jan-29-17:47:50.840693
0.7032548306826437,37286,0,1,0,-1,0,0.0,0.0,2025-Jan-29-17:47:50.895373
0.7032548306826437,37287,0,1,0,-1,0,0.0,0.0,2025-Jan-29-17:47:50.949666
0.7368074537788192,37288,16,1,0,-1,0,0.0,0.0,2025-Jan-29-17:47:51.025742
1.2248933161499889,37289,17,1,0,-1,0,0.0,0.0,2025-Jan-29-17:47:51.102527
1.0614959104232722,37290,22,1,0,1,1,1.0,0.30000000000000004,2025-Jan-29-17:47:51.450557
0.4713703170664679,37291,25,1,0,1,1,1.5000000000000002,0.5,2025-Jan-29-17:47:51.523065
1.1882472949161151,37292,14,1,0,0,0,0.0,0.0,2025-Jan-29-17:47:51.602612
1.2032569081518871,37293,9,1,0,0,0,0.0,0.0,2025-Jan-29-17:47:51.698231
0.7032548180300684,37294,0,1,0,1,-1,0.4,0.0,2025-Jan-29-17:47:51.775767
1.2032591688841716,37295,12,1,0,0,0,0.0,0.0,2025-Jan-29-17:47:51.835205
0.5281667706816907,37296,25,1,0,1,1,1.9000000000000001,0.1,2025-Jan-29-17:47:51.909630
0.5139787455092546,37297,25,1,0,1,1,1.5000000000000002,0.2,2025-Jan-29-17:47:51.984351
0.7182729370721538,37298,21,1,0,0,0,0.0,0.0,2025-Jan-29-17:47:52.030093
0.5423465475857767,37299,19,1,0,1,0,1.3000000000000003,0.0,2025-Jan-29-17:47:52.104889
0.5769074075049321,37300,18,1,0,0,1,0.0,1.8000000000000003,2025-Jan-29-17:47:52.185028
0.5769090915224064,37301,18,1,0,0,1,0.0,1.7000000000000002,2025-Jan-29-17:47:52.264832
0.6298758036288455,37302,25,1,0,1,-1,1.9000000000000001,0.0,2025-Jan-29-17:47:52.352143
0.6298758036288455,37303,25,1,0,1,-1,1.9000000000000001,0.0,2025-Jan-29-17:47:52.439356
0.7032548287490616,37304,0,1,0,0,0,0.0,0.0,2025-Jan-29-17:47:52.494714
0.7032548287490616,37305,0,1,0,0,0,0.0,0.0,2025-Jan-29-17:47:52.570466
0.7032518165899636,37306,16,1,0,0,0,0.0,0.0,2025-Jan-29-17:47:52.659008
1.188247294787923,37307,17,1,0,0,0,0.0,0.0,2025-Jan-29-17:47:52.759467
0.7032518164381372,37308,18,1,0,0,0,0.0,0.0,2025-Jan-29-17:47:52.831713
0.7182729372290622,37309,19,1,0,0,0,0.0,0.0,2025-Jan-29-17:47:52.880264
0.7032518058139041,37310,13,1,0,0,1,0.0,0.6,2025-Jan-29-17:47:52.936838
1.5432479251920612,37311,11,1,1,0,1,0.0,0.1,2025-Jan-29-17:47:52.994011
0.7032548286518892,37312,1,1,0,0,0,0.0,0.0,2025-Jan-29-17:47:53.050013
1.2032569081518871,37313,9,1,0,0,0,0.0,0.0,2025-Jan-29-17:47:53.107182
0.7182821636027037,37314,3,1,0,0,0,0.0,0.0,2025-Jan-29-17:47:53.151685
1.188247294576375,37315,10,1,0,0,0,0.0,0.0,2025-Jan-29-17:47:53.209613
0.5055702383035748,37316,25,1,0,1,1,1.1,0.4,2025-Jan-29-17:47:53.254856
0.528164353144215,37317,25,1,0,1,1,1.3000000000000003,0.1,2025-Jan-29-17:47:53.329551
0.7032518165899636,37318,16,1,0,0,0,0.0,0.0,2025-Jan-29-17:47:53.385355
0.7032518165899636,37319,16,1,0,0,0,0.0,0.0,2025-Jan-29-17:47:53.440487
0.41602083784139576,37320,25,1,0,1,1,1.5000000000000002,1.0,2025-Jan-29-17:47:53.538621
0.7837112303899821,37321,25,1,1,1,1,1.9000000000000001,0.8,2025-Jan-29-17:47:53.644562
0.5627307919216282,37322,18,1,0,1,1,0.1,1.9000000000000001,2025-Jan-29-17:47:53.777651
0.5423468608067123,37323,19,1,0,1,-1,1.4000000000000001,0.0,2025-Jan-29-17:47:53.853728
1.0960830171985942,37324,15,1,1,-1,0,0.0,0.0,2025-Jan-29-17:47:53.935497
0.7032518156813519,37325,15,1,0,0,0,0.0,0.0,2025-Jan-29-17:47:53.993032
0.6465500802919264,37326,16,1,0,1,-1,0.4,0.0,2025-Jan-29-17:47:54.049475
0.7032518199523472,37327,13,1,0,0,-1,0.0,0.0,2025-Jan-29-17:47:54.105735
0.7032548287490616,37328,0,1,0,0,0,0.0,0.0,2025-Jan-29-17:47:54.161117
0.7032548287490616,37329,0,1,0,0,0,0.0,0.0,2025-Jan-29-17:47:54.217339
0.7032548287490616,37330,0,1,0,0,0,0.0,0.0,2025-Jan-29-17:47:54.273744
1.1882472948363416,37331,8,1,0,0,0,0.0,0.0,2025-Jan-29-17:47:54.330833
1.0157264483166792,37332,16,1,1,1,-1,0.30000000000000004,0.0,2025-Jan-29-17:47:54.387171
1.1882472948363416,37333,8,1,0,0,0,0.0,0.0,2025-Jan-29-17:47:54.443041
0.7182729400006294,37334,19,1,0,0,-1,0.0,0.0,2025-Jan-29-17:47:54.487524
1.2032564083456423,37335,22,1,0,0,-1,0.0,0.0,2025-Jan-29-17:47:54.543574
0.5919287662199604,37336,25,1,0,0,1,0.0,1.9000000000000001,2025-Jan-29-17:47:54.677314
0.5919287662199604,37337,25,1,0,0,1,0.0,1.9000000000000001,2025-Jan-29-17:47:54.787983
0.7182729248747517,37338,19,1,0,0,1,0.0,1.9000000000000001,2025-Jan-29-17:47:54.845094
1.1457199758875083,37339,14,1,0,1,0,0.30000000000000004,0.0,2025-Jan-29-17:47:54.901482
0.7032518165899636,37340,16,1,0,0,0,0.0,0.0,2025-Jan-29-17:47:54.957142
0.7032518165899636,37341,16,1,0,0,0,0.0,0.0,2025-Jan-29-17:47:55.012148
0.5281660082440907,37342,25,1,0,1,1,1.7000000000000002,0.1,2025-Jan-29-17:47:55.085428
0.5281667706816907,37343,25,1,0,1,1,1.9000000000000001,0.1,2025-Jan-29-17:47:55.160027
0.6473979935592145,37344,21,1,0,1,0,0.5,0.0,2025-Jan-29-17:47:55.205258
0.6473979935592145,37345,21,1,0,1,0,0.5,0.0,2025-Jan-29-17:47:55.251144
0.6606869907535586,37346,18,1,0,0,1,0.0,0.30000000000000004,2025-Jan-29-17:47:55.307206
0.49978279841204115,37347,25,1,0,1,1,1.4000000000000001,0.30000000000000004,2025-Jan-29-17:47:55.381969
0.7032548287490616,37348,0,1,0,0,0,0.0,0.0,2025-Jan-29-17:47:55.439137
0.7182821636027037,37349,3,1,0,0,0,0.0,0.0,2025-Jan-29-17:47:55.484801
0.528164353144215,37350,25,1,0,1,1,1.3000000000000003,0.1,2025-Jan-29-17:47:55.572017
1.1882472949645337,37351,7,1,0,0,0,0.0,0.0,2025-Jan-29-17:47:55.664932
0.7032548160627381,37352,1,1,0,1,0,0.2,0.0,2025-Jan-29-17:47:55.758786
1.2032568945524118,37353,9,1,0,1,0,0.5,0.0,2025-Jan-29-17:47:55.832583
0.7032548287490616,37354,0,1,0,0,0,0.0,0.0,2025-Jan-29-17:47:55.891648
0.7182821637487402,37355,2,1,0,0,0,0.0,0.0,2025-Jan-29-17:47:55.937075
1.096083017820758,37356,16,1,1,-1,0,0.0,0.0,2025-Jan-29-17:47:56.015318
1.5810793673530297,37357,17,1,1,-1,0,0.0,0.0,2025-Jan-29-17:47:56.096722
0.5623414593139368,37358,19,1,0,1,1,1.1,0.5,2025-Jan-29-17:47:56.152224
1.188247294576375,37359,10,1,0,0,0,0.0,0.0,2025-Jan-29-17:47:56.209274
0.5423465361771385,37360,19,1,0,1,1,1.3000000000000003,0.7000000000000001,2025-Jan-29-17:47:56.287686
0.48558489624737644,37361,21,1,0,1,1,1.5000000000000002,0.4,2025-Jan-29-17:47:56.361425
1.1882472947756426,37362,11,1,0,0,0,0.0,0.0,2025-Jan-29-17:47:56.418443
1.1882472947756426,37363,11,1,0,0,0,0.0,0.0,2025-Jan-29-17:47:56.476904
0.7032518156813519,37364,15,1,0,0,0,0.0,0.0,2025-Jan-29-17:47:56.533006
1.188247294787923,37365,17,1,0,0,0,0.0,0.0,2025-Jan-29-17:47:56.603373
0.7032548286518892,37366,1,1,0,0,0,0.0,0.0,2025-Jan-29-17:47:56.700023
0.7032548287490616,37367,0,1,0,0,0,0.0,0.0,2025-Jan-29-17:47:56.790666
0.5423481064338591,37368,19,1,0,1,-1,1.8000000000000003,0.0,2025-Jan-29-17:47:56.867021
0.6298799054188008,37369,21,1,0,1,-1,1.9000000000000001,0.0,2025-Jan-29-17:47:56.955348
0.7032548286518892,37370,1,1,0,0,0,0.0,0.0,2025-Jan-29-17:47:57.011404
0.7908004349144597,37371,1,1,0,0,-1,0.0,0.0,2025-Jan-29-17:47:57.090615
0.7410823801238079,37372,16,1,0,-1,-1,0.0,0.0,2025-Jan-29-17:47:57.169747
1.1882472947756426,37373,11,1,0,0,0,0.0,0.0,2025-Jan-29-17:47:57.226060
1.0582554688129302,37374,0,1,1,0,0,0.0,0.0,2025-Jan-29-17:47:57.281389
1.2341032457568648,37375,20,1,0,1,-1,0.4,0.0,2025-Jan-29-17:47:57.361812
0.7032518165899636,37376,16,1,0,0,0,0.0,0.0,2025-Jan-29-17:47:57.416587
1.188247294787923,37377,17,1,0,0,0,0.0,0.0,2025-Jan-29-17:47:57.473450
0.6890766761829328,37378,13,1,0,1,0,0.1,0.0,2025-Jan-29-17:47:57.528423
1.17407171451321,37379,11,1,0,1,0,0.1,0.0,2025-Jan-29-17:47:57.604973
1.1882472949645337,37380,7,1,0,0,0,0.0,0.0,2025-Jan-29-17:47:57.697192
1.1740673280060818,37381,17,1,0,0,1,0.0,0.1,2025-Jan-29-17:47:57.786468
0.7032548287490616,37382,0,1,0,0,0,0.0,0.0,2025-Jan-29-17:47:57.847424
1.1882472949161151,37383,14,1,0,0,0,0.0,0.0,2025-Jan-29-17:47:57.906513
0.7032548308487874,37384,0,1,0,0,-1,0.0,0.0,2025-Jan-29-17:47:57.962967
0.7032518165836577,37385,13,1,0,0,0,0.0,0.0,2025-Jan-29-17:47:58.018559
0.7032548306826437,37386,0,1,0,-1,0,0.0,0.0,2025-Jan-29-17:47:58.074408
0.7032548287490616,37387,0,1,0,0,0,0.0,0.0,2025-Jan-29-17:47:58.131352
0.7032518156813519,37388,15,1,0,0,0,0.0,0.0,2025-Jan-29-17:47:58.186018
0.47622839303767356,37389,18,1,0,1,1,0.9,0.7000000000000001,2025-Jan-29-17:47:58.240513
0.4713703170664679,37390,25,1,0,1,1,1.5000000000000002,0.5,2025-Jan-29-17:47:58.314576
0.47137570350630004,37391,25,1,0,1,1,1.7000000000000002,0.5,2025-Jan-29-17:47:58.390128
0.7032518165836577,37392,13,1,0,0,0,0.0,0.0,2025-Jan-29-17:47:58.445977
0.7032518164381372,37393,18,1,0,0,0,0.0,0.0,2025-Jan-29-17:47:58.502874
0.7032548180300684,37394,0,1,0,1,-1,0.4,0.0,2025-Jan-29-17:47:58.576317
0.6323741536037157,37395,16,1,0,1,0,0.5,0.0,2025-Jan-29-17:47:58.668728
0.5139787455092546,37396,25,1,0,1,1,1.5000000000000002,0.2,2025-Jan-29-17:47:58.782484
0.5281656140025996,37397,25,1,0,1,1,1.6,0.1,2025-Jan-29-17:47:58.863078
0.5423465475857767,37398,19,1,0,1,0,1.3000000000000003,0.0,2025-Jan-29-17:47:58.937656
0.5423465475857767,37399,19,1,0,1,0,1.3000000000000003,0.0,2025-Jan-29-17:47:59.012753
0.5769074075049321,37400,18,1,0,0,1,0.0,1.8000000000000003,2025-Jan-29-17:47:59.091954
0.5769074075049321,37401,18,1,0,0,1,0.0,1.8000000000000003,2025-Jan-29-17:47:59.171393
0.5423444351395947,37402,23,1,0,1,-1,1.8000000000000003,0.0,2025-Jan-29-17:47:59.245752
0.6298803139743462,37403,21,1,0,1,-1,1.4000000000000001,0.0,2025-Jan-29-17:47:59.333366
0.7032548287490616,37404,0,1,0,0,0,0.0,0.0,2025-Jan-29-17:47:59.387653
0.7032548287490616,37405,0,1,0,0,0,0.0,0.0,2025-Jan-29-17:47:59.441331
0.7032518156813519,37406,15,1,0,0,0,0.0,0.0,2025-Jan-29-17:47:59.494453
0.5756684862129525,37407,16,1,0,1,0,0.9,0.0,2025-Jan-29-17:47:59.547937
0.7032518164381372,37408,18,1,0,0,0,0.0,0.0,2025-Jan-29-17:47:59.643255
1.188247294787923,37409,17,1,0,0,0,0.0,0.0,2025-Jan-29-17:47:59.724285
0.7032518058139041,37410,13,1,0,0,1,0.0,0.6,2025-Jan-29-17:48:00.131834
0.8973453664038368,37411,23,1,1,1,1,1.9000000000000001,0.8,2025-Jan-29-17:48:00.210078
0.7032548286518892,37412,1,1,0,0,0,0.0,0.0,2025-Jan-29-17:48:00.263453
0.7032548286518892,37413,1,1,0,0,0,0.0,0.0,2025-Jan-29-17:48:00.317311
0.7182821636027037,37414,3,1,0,0,0,0.0,0.0,2025-Jan-29-17:48:00.359836
0.7032518165836577,37415,13,1,0,0,0,0.0,0.0,2025-Jan-29-17:48:00.413406
0.5055702383035748,37416,25,1,0,1,1,1.1,0.4,2025-Jan-29-17:48:00.455997
0.5339520372705233,37417,25,1,0,1,1,1.0,0.30000000000000004,2025-Jan-29-17:48:00.499402
0.7032518156813519,37418,15,1,0,0,0,0.0,0.0,2025-Jan-29-17:48:00.572345
1.188247294787923,37419,17,1,0,0,0,0.0,0.0,2025-Jan-29-17:48:00.656313
0.41602083784139576,37420,25,1,0,1,1,1.5000000000000002,1.0,2025-Jan-29-17:48:00.776007
0.770916372072973,37421,25,1,1,1,1,1.9000000000000001,1.8000000000000003,2025-Jan-29-17:48:00.877161
0.5423468608067123,37422,19,1,0,1,-1,1.4000000000000001,0.0,2025-Jan-29-17:48:00.949082
1.0123100312478786,37423,14,1,0,1,0,1.9000000000000001,0.0,2025-Jan-29-17:48:01.028069
0.7032518156813519,37424,15,1,0,0,0,0.0,0.0,2025-Jan-29-17:48:01.082324
0.7032518165836577,37425,13,1,0,0,0,0.0,0.0,2025-Jan-29-17:48:01.140300
0.6465500802919264,37426,16,1,0,1,-1,0.4,0.0,2025-Jan-29-17:48:01.203279
0.6465500802919264,37427,16,1,0,1,-1,0.4,0.0,2025-Jan-29-17:48:01.267489
0.7032548287490616,37428,0,1,0,0,0,0.0,0.0,2025-Jan-29-17:48:01.330841
0.7032518165836577,37429,13,1,0,0,0,0.0,0.0,2025-Jan-29-17:48:01.395337
0.7032548287490616,37430,0,1,0,0,0,0.0,0.0,2025-Jan-29-17:48:01.458870
1.2032569081518871,37431,9,1,0,0,0,0.0,0.0,2025-Jan-29-17:48:01.523293
1.0157264483166792,37432,16,1,1,1,-1,0.30000000000000004,0.0,2025-Jan-29-17:48:01.604433
1.1032718802577715,37433,15,1,1,1,-1,0.30000000000000004,0.0,2025-Jan-29-17:48:01.715666
0.7182729400006294,37434,19,1,0,0,-1,0.0,0.0,2025-Jan-29-17:48:01.781208
1.2489819395329602,37435,17,1,0,0,-1,0.0,0.0,2025-Jan-29-17:48:01.840272
