Cost,Sim,Switch_State_Indx,Gen1_on,Gen2_on,Batt1_mode,Batt2_mode,Batt1_power_kW,Batt2_power_kW,Timestamp
0.9847753275750606,658,21,1,1,-1,1,0.0,1.6,2025-Jan-29-17:03:31.755934
1.4588156158853125,659,9,1,1,-1,1,0.0,0.7000000000000001,2025-Jan-29-17:03:31.933401
1.2908030295484636,660,24,1,0,0,-1,0.0,0.0,2025-Jan-29-17:03:32.014480
1.4014834341252302,661,14,1,1,1,0,1.0,0.0,2025-Jan-29-17:03:32.071435
0.7032518164381372,662,18,1,0,0,0,0.0,0.0,2025-Jan-29-17:03:32.127675
1.5432479348176518,663,17,1,1,0,0,0.0,0.0,2025-Jan-29-17:03:32.195326
1.1598959308237968,664,11,1,0,1,1,0.2,1.6,2025-Jan-29-17:03:32.257121
1.5432479377968438,665,5,1,1,0,-1,0.0,0.0,2025-Jan-29-17:03:32.319389
1.061904952320948,666,7,1,0,0,1,0.0,1.4000000000000001,2025-Jan-29-17:03:32.402890
1.0732711430969912,667,25,1,1,0,0,0.0,0.0,2025-Jan-29-17:03:32.449837
1.2032591688378944,668,20,1,0,0,0,0.0,0.0,2025-Jan-29-17:03:32.506354
1.5432479348432389,669,14,1,1,0,0,0.0,0.0,2025-Jan-29-17:03:32.584000
1.3673106623831015,670,11,1,1,1,1,1.9000000000000001,0.6,2025-Jan-29-17:03:32.711541
0.5769219136360803,671,1,1,0,1,1,1.8000000000000003,1.2000000000000002,2025-Jan-29-17:03:32.832147
1.3873059121584932,672,17,1,1,1,0,1.1,0.0,2025-Jan-29-17:03:32.889856
0.7032518164381372,673,18,1,0,0,0,0.0,0.0,2025-Jan-29-17:03:32.950677
1.1458010622526302,674,1,1,1,1,-1,1.9000000000000001,0.0,2025-Jan-29-17:03:33.032179
1.1882472800444295,675,8,1,0,1,0,1.0,0.0,2025-Jan-29-17:03:33.089261
0.7907983793815168,676,18,1,0,0,-1,0.0,0.0,2025-Jan-29-17:03:33.168846
1.2032564083456423,677,22,1,0,0,-1,0.0,0.0,2025-Jan-29-17:03:33.223963
1.4169072913192617,678,8,1,1,-1,1,0.0,1.3000000000000003,2025-Jan-29-17:03:33.304769
1.2032569102654214,679,6,1,0,-1,0,0.0,0.0,2025-Jan-29-17:03:33.363850
1.2032591688378944,680,20,1,0,0,0,0.0,0.0,2025-Jan-29-17:03:33.424095
1.43191418939415,681,9,1,1,0,1,0.0,1.7000000000000002,2025-Jan-29-17:03:33.506216
0.7182821508486595,682,2,1,0,1,0,0.9,0.0,2025-Jan-29-17:03:33.586659
0.6148599617665896,683,18,1,0,1,-1,1.4000000000000001,0.0,2025-Jan-29-17:03:33.736188
1.183633112612482,684,18,1,1,-1,-1,0.0,0.0,2025-Jan-29-17:03:33.855620
1.0582554687157577,685,1,1,1,0,0,0.0,0.0,2025-Jan-29-17:03:33.913573
0.7032548305854713,686,1,1,0,-1,0,0.0,0.0,2025-Jan-29-17:03:33.969363
0.8247332670051751,687,15,1,0,-1,-1,0.0,0.0,2025-Jan-29-17:03:34.072371
0.6210235841620219,688,25,1,0,-1,1,0.0,1.9000000000000001,2025-Jan-29-17:03:34.159747
1.4722599131673793,689,8,1,1,0,1,0.0,0.5,2025-Jan-29-17:03:34.215870
1.0582554569862044,690,0,1,1,-1,1,0.0,0.7000000000000001,2025-Jan-29-17:03:34.271209
0.5769118061048668,691,1,1,0,0,1,0.0,1.8000000000000003,2025-Jan-29-17:03:34.350659
1.2032563923566035,692,22,1,0,0,1,0.0,1.8000000000000003,2025-Jan-29-17:03:34.407306
1.2367962926340237,693,12,1,0,-1,0,0.0,0.0,2025-Jan-29-17:03:34.486748
0.7032518156813519,694,15,1,0,0,0,0.0,0.0,2025-Jan-29-17:03:34.542151
1.1315438177862527,695,17,1,0,1,0,0.4,0.0,2025-Jan-29-17:03:34.613612
1.5798939562119503,696,11,1,1,-1,0,0.0,0.0,2025-Jan-29-17:03:34.732395
0.9164922136164565,697,16,1,1,1,0,1.0,0.0,2025-Jan-29-17:03:34.818316
0.9590223552775088,698,18,1,1,1,0,0.7000000000000001,0.0,2025-Jan-29-17:03:34.990728
1.0732735773183826,699,19,1,1,0,0,0.0,0.0,2025-Jan-29-17:03:35.036470
1.2260787309971342,700,11,1,0,-1,-1,0.0,0.0,2025-Jan-29-17:03:35.115704
1.145799018754965,701,15,1,1,0,-1,0.0,0.0,2025-Jan-29-17:03:35.193341
1.188247294576375,702,10,1,0,0,0,0.0,0.0,2025-Jan-29-17:03:35.248484
0.9327658690676636,703,21,1,1,1,1,0.1,1.4000000000000001,2025-Jan-29-17:03:35.319771
0.7908004349144597,704,1,1,0,0,-1,0.0,0.0,2025-Jan-29-17:03:35.396890
1.6458036696021932,705,24,1,1,0,-1,0.0,0.0,2025-Jan-29-17:03:35.473880
1.027328317844367,706,12,1,0,1,-1,1.8000000000000003,0.0,2025-Jan-29-17:03:35.568319
1.2410869989661049,707,22,1,0,-1,1,0.0,1.6,2025-Jan-29-17:03:35.681168
1.591796932501842,708,20,1,1,-1,0,0.0,0.0,2025-Jan-29-17:03:35.789198
1.2032568983076606,709,6,1,0,0,1,0.0,1.9000000000000001,2025-Jan-29-17:03:35.846797
1.1882472860083118,710,5,1,0,0,1,0.0,1.9000000000000001,2025-Jan-29-17:03:35.911729
1.0618964857294584,711,17,1,0,0,1,0.0,1.9000000000000001,2025-Jan-29-17:03:35.996260
1.076910181332714,712,9,1,0,0,1,0.0,1.9000000000000001,2025-Jan-29-17:03:36.074868
0.5273202057045425,713,16,1,0,1,1,1.9000000000000001,1.9000000000000001,2025-Jan-29-17:03:36.153786
0.7032518043452356,714,13,1,0,0,1,0.0,1.8000000000000003,2025-Jan-29-17:03:36.208304
1.241089512908017,715,12,1,0,-1,1,0.0,1.9000000000000001,2025-Jan-29-17:03:36.288984
1.4168971257344767,716,7,1,1,0,1,0.0,1.9000000000000001,2025-Jan-29-17:03:36.366431
1.1882472827266046,717,4,1,0,0,1,0.0,1.9000000000000001,2025-Jan-29-17:03:36.421957
1.0618964856769584,718,14,1,0,0,1,0.0,1.9000000000000001,2025-Jan-29-17:03:36.499807
0.5769101244986601,719,1,1,0,0,1,0.0,1.9000000000000001,2025-Jan-29-17:03:36.599898
1.1882472860083118,720,5,1,0,0,1,0.0,1.9000000000000001,2025-Jan-29-17:03:36.685234
1.1882472827266046,721,4,1,0,0,1,0.0,1.9000000000000001,2025-Jan-29-17:03:36.764039
0.7032518044885914,722,16,1,0,0,1,0.0,1.9000000000000001,2025-Jan-29-17:03:36.820173
0.5919433019852565,723,3,1,0,0,1,0.0,1.9000000000000001,2025-Jan-29-17:03:36.892106
1.5582575389525601,724,6,1,1,0,1,0.0,1.9000000000000001,2025-Jan-29-17:03:36.946556
1.0997319732693143,725,14,1,0,-1,1,0.0,1.9000000000000001,2025-Jan-29-17:03:37.048025
1.1882472860083118,726,5,1,0,0,1,0.0,1.9000000000000001,2025-Jan-29-17:03:37.106280
0.6147458503405225,727,15,1,0,-1,1,0.0,1.8000000000000003,2025-Jan-29-17:03:37.207906
1.4168971257727274,728,17,1,1,0,1,0.0,1.9000000000000001,2025-Jan-29-17:03:37.285222
1.1882472860083118,729,5,1,0,0,1,0.0,1.9000000000000001,2025-Jan-29-17:03:37.339840
1.1882472688313592,730,5,1,0,1,1,1.9000000000000001,1.9000000000000001,2025-Jan-29-17:03:37.396286
1.1882472859598934,731,11,1,0,0,1,0.0,1.9000000000000001,2025-Jan-29-17:03:37.450639
0.5769057238829082,732,15,1,0,0,1,0.0,1.9000000000000001,2025-Jan-29-17:03:37.527822
0.9319063639328822,733,15,1,1,0,1,0.0,1.9000000000000001,2025-Jan-29-17:03:37.634606
1.2032568983076606,734,6,1,0,0,1,0.0,1.9000000000000001,2025-Jan-29-17:03:37.715386
1.1882472847083103,735,4,1,0,0,1,0.0,1.8000000000000003,2025-Jan-29-17:03:37.795251
1.0618964857467421,736,7,1,0,0,1,0.0,1.9000000000000001,2025-Jan-29-17:03:37.873691
1.076910181332714,737,9,1,0,0,1,0.0,1.9000000000000001,2025-Jan-29-17:03:37.953807
1.203256900396274,738,6,1,0,-1,1,0.0,1.9000000000000001,2025-Jan-29-17:03:38.009331
1.4168971272371658,739,7,1,1,-1,1,0.0,1.9000000000000001,2025-Jan-29-17:03:38.088353
1.2032568983076606,740,6,1,0,0,1,0.0,1.9000000000000001,2025-Jan-29-17:03:38.142767
0.7032518044885914,741,16,1,0,0,1,0.0,1.9000000000000001,2025-Jan-29-17:03:38.196491
1.0618964856769584,742,14,1,0,0,1,0.0,1.9000000000000001,2025-Jan-29-17:03:38.273892
1.1882472827266046,743,4,1,0,0,1,0.0,1.9000000000000001,2025-Jan-29-17:03:38.328573
0.7032518044885914,744,16,1,0,0,1,0.0,1.9000000000000001,2025-Jan-29-17:03:38.465914
1.1882472860083118,745,5,1,0,0,1,0.0,1.9000000000000001,2025-Jan-29-17:03:38.521767
1.0618964857992421,746,8,1,0,0,1,0.0,1.9000000000000001,2025-Jan-29-17:03:38.630477
0.5769101244986601,747,1,1,0,0,1,0.0,1.9000000000000001,2025-Jan-29-17:03:38.742155
1.0618964857294584,748,17,1,0,0,1,0.0,1.9000000000000001,2025-Jan-29-17:03:38.824133
1.241089512908017,749,12,1,0,-1,1,0.0,1.9000000000000001,2025-Jan-29-17:03:38.902186
0.5919433019852565,750,3,1,0,0,1,0.0,1.9000000000000001,2025-Jan-29-17:03:38.973725
1.1882472859598934,751,11,1,0,0,1,0.0,1.9000000000000001,2025-Jan-29-17:03:39.028248
1.5432479261046823,752,5,1,1,0,1,0.0,1.9000000000000001,2025-Jan-29-17:03:39.082896
1.2032568983076606,753,6,1,0,0,1,0.0,1.9000000000000001,2025-Jan-29-17:03:39.136697
1.2032591595290576,754,12,1,0,0,1,0.0,1.9000000000000001,2025-Jan-29-17:03:39.192514
1.5432479226157643,755,10,1,1,0,1,0.0,1.9000000000000001,2025-Jan-29-17:03:39.249720
1.416897125664693,756,14,1,1,0,1,0.0,1.9000000000000001,2025-Jan-29-17:03:39.327549
0.7032518037865185,757,13,1,0,0,1,0.0,1.9000000000000001,2025-Jan-29-17:03:39.381302
1.0618964873019312,758,8,1,0,-1,1,0.0,1.9000000000000001,2025-Jan-29-17:03:39.458814
0.5423484042465156,759,19,1,0,1,1,1.9000000000000001,1.9000000000000001,2025-Jan-29-17:03:39.537491
0.9009860049917866,760,20,1,0,1,1,1.9000000000000001,1.9000000000000001,2025-Jan-29-17:03:39.667572
0.41600757936428767,761,25,1,0,1,1,1.9000000000000001,1.9000000000000001,2025-Jan-29-17:03:39.789847
0.41600757936428767,762,25,1,0,1,1,1.9000000000000001,1.9000000000000001,2025-Jan-29-17:03:39.885497
0.9009822796828079,763,24,1,0,1,1,1.9000000000000001,1.9000000000000001,2025-Jan-29-17:03:39.986231
0.5423447259358989,764,23,1,0,1,1,1.9000000000000001,1.9000000000000001,2025-Jan-29-17:03:40.063881
1.2559866450859447,765,20,1,1,1,1,1.9000000000000001,1.9000000000000001,2025-Jan-29-17:03:40.166046
0.9009822796828079,766,24,1,0,1,1,1.9000000000000001,1.9000000000000001,2025-Jan-29-17:03:40.267633
0.8859630694295458,767,17,1,0,1,1,1.9000000000000001,1.9000000000000001,2025-Jan-29-17:03:40.368436
0.5423484042465156,768,19,1,0,1,1,1.9000000000000001,1.9000000000000001,2025-Jan-29-17:03:40.445238
0.7710082194975936,769,25,1,1,1,1,1.9000000000000001,1.9000000000000001,2025-Jan-29-17:03:40.538629
0.41600757936428767,770,25,1,0,1,1,1.9000000000000001,1.9000000000000001,2025-Jan-29-17:03:40.662407
0.5273202057045425,771,16,1,0,1,1,1.9000000000000001,1.9000000000000001,2025-Jan-29-17:03:40.768059
0.5273202057045425,772,16,1,0,1,1,1.9000000000000001,1.9000000000000001,2025-Jan-29-17:03:40.848220
0.41600757936428767,773,25,1,0,1,1,1.9000000000000001,1.9000000000000001,2025-Jan-29-17:03:40.945708
1.2559866450859447,774,20,1,1,1,1,1.9000000000000001,1.9000000000000001,2025-Jan-29-17:03:41.047823
0.41600757936428767,775,25,1,0,1,1,1.9000000000000001,1.9000000000000001,2025-Jan-29-17:03:41.142446
0.5273202057045425,776,16,1,0,1,1,1.9000000000000001,1.9000000000000001,2025-Jan-29-17:03:41.219910
0.41600757936428767,777,25,1,0,1,1,1.9000000000000001,1.9000000000000001,2025-Jan-29-17:03:41.314758
0.41600757936428767,778,25,1,0,1,1,1.9000000000000001,1.9000000000000001,2025-Jan-29-17:03:41.408604
0.5273202057045425,779,16,1,0,1,1,1.9000000000000001,1.9000000000000001,2025-Jan-29-17:03:41.486157
0.8859630694295458,780,17,1,0,1,1,1.9000000000000001,1.9000000000000001,2025-Jan-29-17:03:41.617159
0.40097822013528645,781,18,1,0,1,1,1.9000000000000001,1.9000000000000001,2025-Jan-29-17:03:41.745927
0.40097822013528645,782,18,1,0,1,1,1.9000000000000001,1.9000000000000001,2025-Jan-29-17:03:41.850814
0.5273202057045425,783,16,1,0,1,1,1.9000000000000001,1.9000000000000001,2025-Jan-29-17:03:41.930500
0.5423484042465156,784,19,1,0,1,1,1.9000000000000001,1.9000000000000001,2025-Jan-29-17:03:42.007774
0.5423447259358989,785,23,1,0,1,1,1.9000000000000001,1.9000000000000001,2025-Jan-29-17:03:42.085892
0.40097822013528645,786,18,1,0,1,1,1.9000000000000001,1.9000000000000001,2025-Jan-29-17:03:42.186052
0.41600757936428767,787,25,1,0,1,1,1.9000000000000001,1.9000000000000001,2025-Jan-29-17:03:42.281070
0.9009822796828079,788,24,1,0,1,1,1.9000000000000001,1.9000000000000001,2025-Jan-29-17:03:42.381859
0.41601106136841987,789,21,1,0,1,1,1.9000000000000001,1.9000000000000001,2025-Jan-29-17:03:42.475374
0.5423447259358989,790,23,1,0,1,1,1.9000000000000001,1.9000000000000001,2025-Jan-29-17:03:42.568936
0.40097822013528645,791,18,1,0,1,1,1.9000000000000001,1.9000000000000001,2025-Jan-29-17:03:42.789630
0.40097822013528645,792,18,1,0,1,1,1.9000000000000001,1.9000000000000001,2025-Jan-29-17:03:42.922526
0.41600757936428767,793,25,1,0,1,1,1.9000000000000001,1.9000000000000001,2025-Jan-29-17:03:43.018396
0.41600757936428767,794,25,1,0,1,1,1.9000000000000001,1.9000000000000001,2025-Jan-29-17:03:43.117703
0.9009860049917866,795,20,1,0,1,1,1.9000000000000001,1.9000000000000001,2025-Jan-29-17:03:43.220355
0.8859630694295458,796,17,1,0,1,1,1.9000000000000001,1.9000000000000001,2025-Jan-29-17:03:43.321592
0.41601106136841987,797,21,1,0,1,1,1.9000000000000001,1.9000000000000001,2025-Jan-29-17:03:43.415309
0.7710082194975936,798,25,1,1,1,1,1.9000000000000001,1.9000000000000001,2025-Jan-29-17:03:43.509641
0.7710117014950302,799,21,1,1,1,1,1.9000000000000001,1.9000000000000001,2025-Jan-29-17:03:43.625784
0.41601106136841987,800,21,1,0,1,1,1.9000000000000001,1.9000000000000001,2025-Jan-29-17:03:43.756060
0.8859630694295458,801,17,1,0,1,1,1.9000000000000001,1.9000000000000001,2025-Jan-29-17:03:43.860765
0.41600757936428767,802,25,1,0,1,1,1.9000000000000001,1.9000000000000001,2025-Jan-29-17:03:43.956443
0.40097822013528645,803,18,1,0,1,1,1.9000000000000001,1.9000000000000001,2025-Jan-29-17:03:44.055969
0.40097822013528645,804,18,1,0,1,1,1.9000000000000001,1.9000000000000001,2025-Jan-29-17:03:44.157772
0.41600757936428767,805,25,1,0,1,1,1.9000000000000001,1.9000000000000001,2025-Jan-29-17:03:44.251626
0.5273202057045425,806,16,1,0,1,1,1.9000000000000001,1.9000000000000001,2025-Jan-29-17:03:44.329400
0.41600757936428767,807,25,1,0,1,1,1.9000000000000001,1.9000000000000001,2025-Jan-29-17:03:44.423748
0.9009860049917866,808,20,1,0,1,1,1.9000000000000001,1.9000000000000001,2025-Jan-29-17:03:44.524705
1.3823250964035316,809,22,1,1,1,1,1.9000000000000001,1.9000000000000001,2025-Jan-29-17:03:44.632410
0.7710082194975936,810,25,1,1,1,1,1.9000000000000001,1.9000000000000001,2025-Jan-29-17:03:44.764951
1.2559866450859447,811,20,1,1,1,1,1.9000000000000001,1.9000000000000001,2025-Jan-29-17:03:44.871993
0.7710082194975936,812,25,1,1,1,1,1.9000000000000001,1.9000000000000001,2025-Jan-29-17:03:44.968537
0.8973453660535735,813,23,1,1,1,1,1.9000000000000001,1.9000000000000001,2025-Jan-29-17:03:45.045547
0.8973453660535735,814,23,1,1,1,1,1.9000000000000001,1.9000000000000001,2025-Jan-29-17:03:45.123350
0.5423447259358989,815,23,1,0,1,1,1.9000000000000001,1.9000000000000001,2025-Jan-29-17:03:45.200315
0.8973490443381084,816,19,1,1,1,1,1.9000000000000001,1.9000000000000001,2025-Jan-29-17:03:45.276943
0.7710117014950302,817,21,1,1,1,1,1.9000000000000001,1.9000000000000001,2025-Jan-29-17:03:45.370543
0.8973453660535735,818,23,1,1,1,1,1.9000000000000001,1.9000000000000001,2025-Jan-29-17:03:45.447085
0.8973490443381084,819,19,1,1,1,1,1.9000000000000001,1.9000000000000001,2025-Jan-29-17:03:45.523553
0.41601106136841987,820,21,1,0,1,1,1.9000000000000001,1.9000000000000001,2025-Jan-29-17:03:45.640836
0.7710082194975936,821,25,1,1,1,1,1.9000000000000001,1.9000000000000001,2025-Jan-29-17:03:45.780497
0.8973490443381084,822,19,1,1,1,1,1.9000000000000001,1.9000000000000001,2025-Jan-29-17:03:45.860182
0.7559788602293432,823,18,1,1,1,1,1.9000000000000001,1.9000000000000001,2025-Jan-29-17:03:46.039898
0.7710082194975936,824,25,1,1,1,1,1.9000000000000001,1.9000000000000001,2025-Jan-29-17:03:46.136982
0.7710117014950302,825,21,1,1,1,1,1.9000000000000001,1.9000000000000001,2025-Jan-29-17:03:46.233577
1.3823250964035316,826,22,1,1,1,1,1.9000000000000001,1.9000000000000001,2025-Jan-29-17:03:46.312100
0.7710082194975936,827,25,1,1,1,1,1.9000000000000001,1.9000000000000001,2025-Jan-29-17:03:46.406436
1.2559866450859447,828,20,1,1,1,1,1.9000000000000001,1.9000000000000001,2025-Jan-29-17:03:46.508493
1.3823250964035316,829,22,1,1,1,1,1.9000000000000001,1.9000000000000001,2025-Jan-29-17:03:46.613921
0.7710082194975936,830,25,1,1,1,1,1.9000000000000001,1.9000000000000001,2025-Jan-29-17:03:46.758025
0.9009822796828079,831,24,1,0,1,1,1.9000000000000001,1.9000000000000001,2025-Jan-29-17:03:46.861612
0.7710082194975936,832,25,1,1,1,1,1.9000000000000001,1.9000000000000001,2025-Jan-29-17:03:46.959124
0.9009822796828079,833,24,1,0,1,1,1.9000000000000001,1.9000000000000001,2025-Jan-29-17:03:47.064471
0.8973490443381084,834,19,1,1,1,1,1.9000000000000001,1.9000000000000001,2025-Jan-29-17:03:47.145691
1.0273244563196249,835,22,1,0,1,1,1.9000000000000001,1.9000000000000001,2025-Jan-29-17:03:47.227140
0.5423447259358989,836,23,1,0,1,1,1.9000000000000001,1.9000000000000001,2025-Jan-29-17:03:47.308199
1.0273244563196249,837,22,1,0,1,1,1.9000000000000001,1.9000000000000001,2025-Jan-29-17:03:47.389260
0.7710082194975936,838,25,1,1,1,1,1.9000000000000001,1.9000000000000001,2025-Jan-29-17:03:47.487262
1.3823250964035316,839,22,1,1,1,1,1.9000000000000001,1.9000000000000001,2025-Jan-29-17:03:47.583368
0.8973453660535735,840,23,1,1,1,1,1.9000000000000001,1.9000000000000001,2025-Jan-29-17:03:47.706695
0.7710082194975936,841,25,1,1,1,1,1.9000000000000001,1.9000000000000001,2025-Jan-29-17:03:47.826991
1.3823250964035316,842,22,1,1,1,1,1.9000000000000001,1.9000000000000001,2025-Jan-29-17:03:47.908248
0.5423447259358989,843,23,1,0,1,1,1.9000000000000001,1.9000000000000001,2025-Jan-29-17:03:47.986541
1.2559829197818573,844,24,1,1,1,1,1.9000000000000001,1.9000000000000001,2025-Jan-29-17:03:48.087702
0.41601106136841987,845,21,1,0,1,1,1.9000000000000001,1.9000000000000001,2025-Jan-29-17:03:48.183843
0.41600757936428767,846,25,1,0,1,1,1.9000000000000001,1.9000000000000001,2025-Jan-29-17:03:48.278078
0.7710082194975936,847,25,1,1,1,1,1.9000000000000001,1.9000000000000001,2025-Jan-29-17:03:48.373377
1.3823250964035316,848,22,1,1,1,1,1.9000000000000001,1.9000000000000001,2025-Jan-29-17:03:48.452133
1.3823250964035316,849,22,1,1,1,1,1.9000000000000001,1.9000000000000001,2025-Jan-29-17:03:48.529660
0.7559788602293432,850,18,1,1,1,1,1.9000000000000001,1.9000000000000001,2025-Jan-29-17:03:48.676572
0.41601106136841987,851,21,1,0,1,1,1.9000000000000001,1.9000000000000001,2025-Jan-29-17:03:48.805030
1.3823250964035316,852,22,1,1,1,1,1.9000000000000001,1.9000000000000001,2025-Jan-29-17:03:48.888901
0.7559788602293432,853,18,1,1,1,1,1.9000000000000001,1.9000000000000001,2025-Jan-29-17:03:48.993899
0.7710082194975936,854,25,1,1,1,1,1.9000000000000001,1.9000000000000001,2025-Jan-29-17:03:49.099579
1.3823250964035316,855,22,1,1,1,1,1.9000000000000001,1.9000000000000001,2025-Jan-29-17:03:49.177835
0.7710082194975936,856,25,1,1,1,1,1.9000000000000001,1.9000000000000001,2025-Jan-29-17:03:49.270913
0.9009860049917866,857,20,1,0,1,1,1.9000000000000001,1.9000000000000001,2025-Jan-29-17:03:49.370866
0.5423484042465156,858,19,1,0,1,1,1.9000000000000001,1.9000000000000001,2025-Jan-29-17:03:49.447382
0.9009860049917866,859,20,1,0,1,1,1.9000000000000001,1.9000000000000001,2025-Jan-29-17:03:49.561004
0.7710117014950302,860,21,1,1,1,1,1.9000000000000001,1.9000000000000001,2025-Jan-29-17:03:49.708458
0.8973453660535735,861,23,1,1,1,1,1.9000000000000001,1.9000000000000001,2025-Jan-29-17:03:49.809956
0.5423447259358989,862,23,1,0,1,1,1.9000000000000001,1.9000000000000001,2025-Jan-29-17:03:49.890992
0.41601106136841987,863,21,1,0,1,1,1.9000000000000001,1.9000000000000001,2025-Jan-29-17:03:49.985551
0.8973453660535735,864,23,1,1,1,1,1.9000000000000001,1.9000000000000001,2025-Jan-29-17:03:50.146460
0.9009860049917866,865,20,1,0,1,1,1.9000000000000001,1.9000000000000001,2025-Jan-29-17:03:50.248805
1.2559866450859447,866,20,1,1,1,1,1.9000000000000001,1.9000000000000001,2025-Jan-29-17:03:50.349915
0.7710117014950302,867,21,1,1,1,1,1.9000000000000001,1.9000000000000001,2025-Jan-29-17:03:50.444052
0.5423484042465156,868,19,1,0,1,1,1.9000000000000001,1.9000000000000001,2025-Jan-29-17:03:50.520348
0.8973453660535735,869,23,1,1,1,1,1.9000000000000001,1.9000000000000001,2025-Jan-29-17:03:50.628000
0.7710117014950302,870,21,1,1,1,1,1.9000000000000001,1.9000000000000001,2025-Jan-29-17:03:50.754462
0.8973453660535735,871,23,1,1,1,1,1.9000000000000001,1.9000000000000001,2025-Jan-29-17:03:50.832364
0.8973490443381084,872,19,1,1,1,1,1.9000000000000001,1.9000000000000001,2025-Jan-29-17:03:50.909600
0.9009822796828079,873,24,1,0,1,1,1.9000000000000001,1.9000000000000001,2025-Jan-29-17:03:51.012878
1.2559866450859447,874,20,1,1,1,1,1.9000000000000001,1.9000000000000001,2025-Jan-29-17:03:51.113493
0.7559788602293432,875,18,1,1,1,1,1.9000000000000001,1.9000000000000001,2025-Jan-29-17:03:51.213431
0.41601106136841987,876,21,1,0,1,1,1.9000000000000001,1.9000000000000001,2025-Jan-29-17:03:51.307366
0.7710117014950302,877,21,1,1,1,1,1.9000000000000001,1.9000000000000001,2025-Jan-29-17:03:51.400893
0.8973490443381084,878,19,1,1,1,1,1.9000000000000001,1.9000000000000001,2025-Jan-29-17:03:51.477619
0.7710117014950302,879,21,1,1,1,1,1.9000000000000001,1.9000000000000001,2025-Jan-29-17:03:51.581022
1.2559866450859447,880,20,1,1,1,1,1.9000000000000001,1.9000000000000001,2025-Jan-29-17:03:51.721885
0.8973490443381084,881,19,1,1,1,1,1.9000000000000001,1.9000000000000001,2025-Jan-29-17:03:51.819510
0.8973453660535735,882,23,1,1,1,1,1.9000000000000001,1.9000000000000001,2025-Jan-29-17:03:51.899828
0.8973490443381084,883,19,1,1,1,1,1.9000000000000001,1.9000000000000001,2025-Jan-29-17:03:51.976576
0.7710117014950302,884,21,1,1,1,1,1.9000000000000001,1.9000000000000001,2025-Jan-29-17:03:52.070730
1.3823250964035316,885,22,1,1,1,1,1.9000000000000001,1.9000000000000001,2025-Jan-29-17:03:52.148450
0.5423447259358989,886,23,1,0,1,1,1.9000000000000001,1.9000000000000001,2025-Jan-29-17:03:52.224727
0.7710117014950302,887,21,1,1,1,1,1.9000000000000001,1.9000000000000001,2025-Jan-29-17:03:52.318963
0.7559788602293432,888,18,1,1,1,1,1.9000000000000001,1.9000000000000001,2025-Jan-29-17:03:52.418595
0.41601106136841987,889,21,1,0,1,1,1.9000000000000001,1.9000000000000001,2025-Jan-29-17:03:52.513134
0.5423447259358989,890,23,1,0,1,1,1.9000000000000001,1.9000000000000001,2025-Jan-29-17:03:52.614108
1.3823250964035316,891,22,1,1,1,1,1.9000000000000001,1.9000000000000001,2025-Jan-29-17:03:52.735091
0.41601106136841987,892,21,1,0,1,1,1.9000000000000001,1.9000000000000001,2025-Jan-29-17:03:52.842856
0.5423447259358989,893,23,1,0,1,1,1.9000000000000001,1.9000000000000001,2025-Jan-29-17:03:52.921004
1.2559866450859447,894,20,1,1,1,1,1.9000000000000001,1.9000000000000001,2025-Jan-29-17:03:53.021818
0.41601106136841987,895,21,1,0,1,1,1.9000000000000001,1.9000000000000001,2025-Jan-29-17:03:53.115592
0.9009860049917866,896,20,1,0,1,1,1.9000000000000001,1.9000000000000001,2025-Jan-29-17:03:53.216105
0.8973490443381084,897,19,1,1,1,1,1.9000000000000001,1.9000000000000001,2025-Jan-29-17:03:53.292222
0.8973453660535735,898,23,1,1,1,1,1.9000000000000001,1.9000000000000001,2025-Jan-29-17:03:53.369039
1.2559866450859447,899,20,1,1,1,1,1.9000000000000001,1.9000000000000001,2025-Jan-29-17:03:53.469184
0.5423447259358989,900,23,1,0,1,1,1.9000000000000001,1.9000000000000001,2025-Jan-29-17:03:53.545331
0.5423447259358989,901,23,1,0,1,1,1.9000000000000001,1.9000000000000001,2025-Jan-29-17:03:53.743940
0.5423447259358989,902,23,1,0,1,1,1.9000000000000001,1.9000000000000001,2025-Jan-29-17:03:53.855287
0.8973453660535735,903,23,1,1,1,1,1.9000000000000001,1.9000000000000001,2025-Jan-29-17:03:53.937562
1.0273244563196249,904,22,1,0,1,1,1.9000000000000001,1.9000000000000001,2025-Jan-29-17:03:54.020083
0.8973490443381084,905,19,1,1,1,1,1.9000000000000001,1.9000000000000001,2025-Jan-29-17:03:54.100280
1.0273244563196249,906,22,1,0,1,1,1.9000000000000001,1.9000000000000001,2025-Jan-29-17:03:54.181356
0.7710117014950302,907,21,1,1,1,1,1.9000000000000001,1.9000000000000001,2025-Jan-29-17:03:54.277818
0.9009822796828079,908,24,1,0,1,1,1.9000000000000001,1.9000000000000001,2025-Jan-29-17:03:54.381302
0.41601106136841987,909,21,1,0,1,1,1.9000000000000001,1.9000000000000001,2025-Jan-29-17:03:54.479762
1.3823250964035316,910,22,1,1,1,1,1.9000000000000001,1.9000000000000001,2025-Jan-29-17:03:54.572700
0.8973490443381084,911,19,1,1,1,1,1.9000000000000001,1.9000000000000001,2025-Jan-29-17:03:54.692864
0.5423484042465156,912,19,1,0,1,1,1.9000000000000001,1.9000000000000001,2025-Jan-29-17:03:54.808308
0.9009860049917866,913,20,1,0,1,1,1.9000000000000001,1.9000000000000001,2025-Jan-29-17:03:54.912962
0.7710117014950302,914,21,1,1,1,1,1.9000000000000001,1.9000000000000001,2025-Jan-29-17:03:55.010849
0.41601106136841987,915,21,1,0,1,1,1.9000000000000001,1.9000000000000001,2025-Jan-29-17:03:55.108146
0.41601106136841987,916,21,1,0,1,1,1.9000000000000001,1.9000000000000001,2025-Jan-29-17:03:55.206343
1.0273244563196249,917,22,1,0,1,1,1.9000000000000001,1.9000000000000001,2025-Jan-29-17:03:55.290031
1.3823250964035316,918,22,1,1,1,1,1.9000000000000001,1.9000000000000001,2025-Jan-29-17:03:55.370775
1.2559866450859447,919,20,1,1,1,1,1.9000000000000001,1.9000000000000001,2025-Jan-29-17:03:55.474151
1.0273244563196249,920,22,1,0,1,1,1.9000000000000001,1.9000000000000001,2025-Jan-29-17:03:55.579572
0.5423484042465156,921,19,1,0,1,1,1.9000000000000001,1.9000000000000001,2025-Jan-29-17:03:55.713054
0.5423484042465156,922,19,1,0,1,1,1.9000000000000001,1.9000000000000001,2025-Jan-29-17:03:55.817390
0.7710117014950302,923,21,1,1,1,1,1.9000000000000001,1.9000000000000001,2025-Jan-29-17:03:55.915891
0.7710117014950302,924,21,1,1,1,1,1.9000000000000001,1.9000000000000001,2025-Jan-29-17:03:56.013902
0.9009860049917866,925,20,1,0,1,1,1.9000000000000001,1.9000000000000001,2025-Jan-29-17:03:56.119095
1.0273244563196249,926,22,1,0,1,1,1.9000000000000001,1.9000000000000001,2025-Jan-29-17:03:56.199287
1.2559866450859447,927,20,1,1,1,1,1.9000000000000001,1.9000000000000001,2025-Jan-29-17:03:56.303186
0.9009860049917866,928,20,1,0,1,1,1.9000000000000001,1.9000000000000001,2025-Jan-29-17:03:56.407695
0.5423484042465156,929,19,1,0,1,1,1.9000000000000001,1.9000000000000001,2025-Jan-29-17:03:56.487749
0.9009860049917866,930,20,1,0,1,1,1.9000000000000001,1.9000000000000001,2025-Jan-29-17:03:56.627152
1.2559866450859447,931,20,1,1,1,1,1.9000000000000001,1.9000000000000001,2025-Jan-29-17:03:56.784958
0.5423484042465156,932,19,1,0,1,1,1.9000000000000001,1.9000000000000001,2025-Jan-29-17:03:56.867806
1.0273244563196249,933,22,1,0,1,1,1.9000000000000001,1.9000000000000001,2025-Jan-29-17:03:56.949664
0.7710117014950302,934,21,1,1,1,1,1.9000000000000001,1.9000000000000001,2025-Jan-29-17:03:57.047289
0.8973490443381084,935,19,1,1,1,1,1.9000000000000001,1.9000000000000001,2025-Jan-29-17:03:57.127118
0.40097822013528645,936,18,1,0,1,1,1.9000000000000001,1.9000000000000001,2025-Jan-29-17:03:57.230339
1.0273244563196249,937,22,1,0,1,1,1.9000000000000001,1.9000000000000001,2025-Jan-29-17:03:57.311555
0.5423484042465156,938,19,1,0,1,1,1.9000000000000001,1.9000000000000001,2025-Jan-29-17:03:57.390921
0.41601106136841987,939,21,1,0,1,1,1.9000000000000001,1.9000000000000001,2025-Jan-29-17:03:57.487700
0.9009860049917866,940,20,1,0,1,1,1.9000000000000001,1.9000000000000001,2025-Jan-29-17:03:57.625523
1.0273244563196249,941,22,1,0,1,1,1.9000000000000001,1.9000000000000001,2025-Jan-29-17:03:57.751354
1.0273244563196249,942,22,1,0,1,1,1.9000000000000001,1.9000000000000001,2025-Jan-29-17:03:57.859786
0.41601106136841987,943,21,1,0,1,1,1.9000000000000001,1.9000000000000001,2025-Jan-29-17:03:57.961126
0.7710117014950302,944,21,1,1,1,1,1.9000000000000001,1.9000000000000001,2025-Jan-29-17:03:58.059636
0.5423484042465156,945,19,1,0,1,1,1.9000000000000001,1.9000000000000001,2025-Jan-29-17:03:58.253037
1.0273244563196249,946,22,1,0,1,1,1.9000000000000001,1.9000000000000001,2025-Jan-29-17:03:58.334483
0.9009860049917866,947,20,1,0,1,1,1.9000000000000001,1.9000000000000001,2025-Jan-29-17:03:58.439245
0.8973490443381084,948,19,1,1,1,1,1.9000000000000001,1.9000000000000001,2025-Jan-29-17:03:58.518324
0.5423484042465156,949,19,1,0,1,1,1.9000000000000001,1.9000000000000001,2025-Jan-29-17:03:58.635729
0.41601106136841987,950,21,1,0,1,1,1.9000000000000001,1.9000000000000001,2025-Jan-29-17:03:58.779509
0.41601106136841987,951,21,1,0,1,1,1.9000000000000001,1.9000000000000001,2025-Jan-29-17:03:58.888548
0.5423484042465156,952,19,1,0,1,1,1.9000000000000001,1.9000000000000001,2025-Jan-29-17:03:58.971379
0.7710117014950302,953,21,1,1,1,1,1.9000000000000001,1.9000000000000001,2025-Jan-29-17:03:59.069846
1.2559866450859447,954,20,1,1,1,1,1.9000000000000001,1.9000000000000001,2025-Jan-29-17:03:59.173451
0.5423484042465156,955,19,1,0,1,1,1.9000000000000001,1.9000000000000001,2025-Jan-29-17:03:59.252869
0.5423484042465156,956,19,1,0,1,1,1.9000000000000001,1.9000000000000001,2025-Jan-29-17:03:59.332826
0.9009860049917866,957,20,1,0,1,1,1.9000000000000001,1.9000000000000001,2025-Jan-29-17:03:59.436249
0.9009860049917866,958,20,1,0,1,1,1.9000000000000001,1.9000000000000001,2025-Jan-29-17:03:59.540005
