Cost,Sim,Switch_State_Indx,Gen1_on,Gen2_on,Batt1_mode,Batt2_mode,Batt1_power_kW,Batt2_power_kW,Timestamp
0.7032548159255179,602,0,1,0,1,0,0.5,0.0,2025-Jan-29-17:03:27.699331
1.2032564062589408,603,22,1,0,0,0,0.0,0.0,2025-Jan-29-17:03:27.786054
1.0732711432420041,604,23,1,1,0,0,0.0,0.0,2025-Jan-29-17:03:27.830702
0.7182821507364114,605,3,1,0,1,0,1.5000000000000002,0.0,2025-Jan-29-17:03:27.884698
1.3823236410116633,606,22,1,1,1,0,1.4000000000000001,0.0,2025-Jan-29-17:03:27.961552
0.8058118288977956,607,21,1,0,0,-1,0.0,0.0,2025-Jan-29-17:03:28.017190
0.8346185337565968,608,25,1,0,-1,-1,0.0,0.0,2025-Jan-29-17:03:28.093554
0.7182821636027037,609,3,1,0,0,0,0.0,0.0,2025-Jan-29-17:03:28.143539
1.4547431465508864,610,14,1,1,-1,1,0.0,1.3000000000000003,2025-Jan-29-17:03:28.254314
1.096083017820758,611,16,1,1,-1,0,0.0,0.0,2025-Jan-29-17:03:28.331959
1.5432479204199796,612,5,1,1,1,0,0.9,0.0,2025-Jan-29-17:03:28.387394
1.5582570463223062,613,22,1,1,0,0,0.0,0.0,2025-Jan-29-17:03:28.441304
1.3673100955287798,614,17,1,1,1,0,1.7000000000000002,0.0,2025-Jan-29-17:03:28.639592
1.058252459835037,615,13,1,1,0,-1,0.0,0.0,2025-Jan-29-17:03:28.728578
1.0732735773183826,616,19,1,1,0,0,0.0,0.0,2025-Jan-29-17:03:28.793014
0.9445698000780864,617,15,1,1,0,1,0.0,0.8,2025-Jan-29-17:03:28.852705
0.7410823665309174,618,13,1,0,-1,1,0.0,0.8,2025-Jan-29-17:03:28.936635
0.5919533585098123,619,3,1,0,0,1,0.0,1.3000000000000003,2025-Jan-29-17:03:29.016804
1.6458045340614915,620,9,1,1,1,-1,1.9000000000000001,0.0,2025-Jan-29-17:03:29.102317
1.5432479359287443,621,7,1,1,-1,0,0.0,0.0,2025-Jan-29-17:03:29.161628
1.188247294787923,622,17,1,0,0,0,0.0,0.0,2025-Jan-29-17:03:29.221414
1.5432479194525721,623,5,1,1,1,0,1.0,0.0,2025-Jan-29-17:03:29.280980
1.543247934780537,624,4,1,1,0,0,0.0,0.0,2025-Jan-29-17:03:29.339588
1.2489819397272353,625,8,1,0,0,-1,0.0,0.0,2025-Jan-29-17:03:29.397210
1.0732827913591079,626,2,1,1,1,0,0.2,0.0,2025-Jan-29-17:03:29.453087
1.0732735650339802,627,19,1,1,0,1,0.0,1.1,2025-Jan-29-17:03:29.508121
0.7182821636027037,628,3,1,0,0,0,0.0,0.0,2025-Jan-29-17:03:29.576968
1.4319192544826835,629,9,1,1,-1,1,0.0,1.4000000000000001,2025-Jan-29-17:03:29.696405
1.5582598089635473,630,12,1,1,0,0,0.0,0.0,2025-Jan-29-17:03:29.795280
1.6039825672543824,631,7,1,1,1,-1,0.8,0.0,2025-Jan-29-17:03:29.856537
0.7908004221752214,632,1,1,0,1,-1,0.4,0.0,2025-Jan-29-17:03:29.938242
0.7032548287490616,633,0,1,0,0,0,0.0,0.0,2025-Jan-29-17:03:29.995386
1.0449166523129119,634,3,1,1,0,1,0.0,0.2,2025-Jan-29-17:03:30.040085
1.4448502434963477,635,24,1,1,1,0,0.8,0.0,2025-Jan-29-17:03:30.095731
1.4014834331069834,636,10,1,1,1,0,1.0,0.0,2025-Jan-29-17:03:30.151868
1.0582524556889323,637,15,1,1,0,0,0.0,0.0,2025-Jan-29-17:03:30.207890
1.1836331120974133,638,15,1,1,-1,-1,0.0,0.0,2025-Jan-29-17:03:30.309165
1.5582575482556265,639,6,1,1,0,0,0.0,0.0,2025-Jan-29-17:03:30.364414
1.2032564061623827,640,24,1,0,0,0,0.0,0.0,2025-Jan-29-17:03:30.420962
1.2260787309971342,641,11,1,0,-1,-1,0.0,0.0,2025-Jan-29-17:03:30.500856
0.7182821387190717,642,2,1,0,1,1,0.5,0.7000000000000001,2025-Jan-29-17:03:30.575912
1.458815399477201,643,24,1,1,0,1,0.0,0.7000000000000001,2025-Jan-29-17:03:30.669645
1.4014834341252302,644,14,1,1,1,0,1.0,0.0,2025-Jan-29-17:03:30.761937
0.5623414595491509,645,19,1,0,1,1,1.1,1.2000000000000002,2025-Jan-29-17:03:30.844595
1.058255472846238,646,0,1,1,-1,-1,0.0,0.0,2025-Jan-29-17:03:30.906022
1.279061084743914,647,17,1,0,-1,-1,0.0,0.0,2025-Jan-29-17:03:30.989117
1.1314745160276773,648,8,1,0,0,1,0.0,0.4,2025-Jan-29-17:03:31.048275
1.5432479359430014,649,5,1,1,-1,0,0.0,0.0,2025-Jan-29-17:03:31.105739
1.2489819247736724,650,7,1,0,1,-1,1.2000000000000002,0.0,2025-Jan-29-17:03:31.164377
1.0591041289428644,651,3,1,1,1,1,0.2,0.1,2025-Jan-29-17:03:31.221168
1.5432479359031575,652,8,1,1,-1,0,0.0,0.0,2025-Jan-29-17:03:31.277830
0.5765180658571947,653,19,1,0,1,-1,1.0,0.0,2025-Jan-29-17:03:31.323257
0.5765180658571947,654,19,1,0,1,-1,1.0,0.0,2025-Jan-29-17:03:31.368658
0.5765180658571947,655,19,1,0,1,-1,1.0,0.0,2025-Jan-29-17:03:31.412673
0.6348569292566648,656,18,1,0,1,-1,1.1,0.0,2025-Jan-29-17:03:31.490818
0.6348569292566648,657,18,1,0,1,-1,1.1,0.0,2025-Jan-29-17:03:31.591411
