Cost,Sim,Switch_State_Indx,Gen1_on,Gen2_on,Batt1_mode,Batt2_mode,Batt1_power_kW,Batt2_power_kW,Timestamp
1.3337342289488394,0,0,1,1,1,1,0.9,0.7,2025-Jan-30-21:19:05.930093
1.1625979840341714,1,4,1,1,0,-1,0.0,0.0,2025-Jan-30-21:19:06.043122
1.469884515048765,2,0,1,1,-1,1,0.0,1.0,2025-Jan-30-21:19:06.169856
1.0708934980940992,3,10,1,0,-1,0,0.0,0.0,2025-Jan-30-21:19:06.234451
1.1757506648990412,4,10,1,0,1,0,0.4,0.0,2025-Jan-30-21:19:06.291146
0.8075955916472131,5,1,1,0,0,-1,0.0,0.0,2025-Jan-30-21:19:06.346986
1.075774204561653,6,9,1,1,1,0,1.3,0.0,2025-Jan-30-21:19:06.402292
0.6070950336218313,7,2,1,0,0,1,0.0,0.8,2025-Jan-30-21:19:06.446226
1.1119163928822093,8,7,1,1,-1,-1,0.0,0.0,2025-Jan-30-21:19:06.633684
0.7494695558329538,9,6,1,0,-1,-1,0.0,0.0,2025-Jan-30-21:19:06.692807
1.1942725688286018,10,1,1,1,-1,-1,0.0,0.0,2025-Jan-30-21:19:06.766751
1.075750962484401,11,7,1,1,0,1,0.0,1.1,2025-Jan-30-21:19:06.823807
1.0757742211443824,12,9,1,1,-1,0,0.0,0.0,2025-Jan-30-21:19:06.870612
0.7207724111279062,13,5,1,0,1,0,0.9,0.0,2025-Jan-30-21:19:06.943547
1.1625979840341714,14,4,1,1,0,-1,0.0,0.0,2025-Jan-30-21:19:07.045994
0.5937220283055291,15,5,1,0,-1,1,0.0,1.7,2025-Jan-30-21:19:07.177125
0.7207724247317727,16,6,1,0,0,0,0.0,0.0,2025-Jan-30-21:19:07.224004
1.4755485231795884,17,0,1,1,0,1,0.0,0.6,2025-Jan-30-21:19:07.281459
1.0190482850540525,18,7,1,1,1,-1,0.4,0.0,2025-Jan-30-21:19:07.327052
1.162599289150435,19,9,1,1,0,-1,0.0,0.0,2025-Jan-30-21:19:07.385283
1.1119380949877005,20,10,1,1,-1,0,0.0,0.0,2025-Jan-30-21:19:07.444047
1.0757509786066803,21,5,1,1,-1,0,0.0,0.0,2025-Jan-30-21:19:07.489333
0.5937249279608908,22,1,1,0,0,1,0.0,1.4,2025-Jan-30-21:19:07.563350
0.7207724245865745,23,7,1,0,0,0,0.0,0.0,2025-Jan-30-21:19:07.606353
1.5969221544039711,24,0,1,1,-1,0,0.0,0.0,2025-Jan-30-21:19:07.684103
1.075774221135453,25,10,1,1,0,-1,0.0,0.0,2025-Jan-30-21:19:07.728603
0.8075973301418495,26,4,1,0,1,-1,0.2,0.0,2025-Jan-30-21:19:07.806165
0.7207724245865745,27,5,1,0,0,0,0.0,0.0,2025-Jan-30-21:19:07.850540
1.0757730648283506,28,6,1,1,0,0,0.0,0.0,2025-Jan-30-21:19:07.895053
0.7207724278962877,29,6,1,0,0,-1,0.0,0.0,2025-Jan-30-21:19:07.938524
0.7207724244414657,30,3,1,0,0,0,0.0,0.0,2025-Jan-30-21:19:08.010738
0.7711424629117677,31,1,1,1,1,1,1.6,1.3,2025-Jan-30-21:19:08.167696
1.0757742179740988,32,9,1,1,0,0,0.0,0.0,2025-Jan-30-21:19:08.222525
1.1241434980757994,33,9,1,0,0,-1,0.0,0.0,2025-Jan-30-21:19:08.286232
0.7207724278962877,34,6,1,0,0,-1,0.0,0.0,2025-Jan-30-21:19:08.330971
1.0757742178287177,35,8,1,1,0,0,0.0,0.0,2025-Jan-30-21:19:08.374823
0.7207724278962877,36,6,1,0,0,-1,0.0,0.0,2025-Jan-30-21:19:08.418460
1.0757742179736964,37,10,1,1,0,0,0.0,0.0,2025-Jan-30-21:19:08.462774
1.1757506767068888,38,8,1,0,1,1,0.6,1.8,2025-Jan-30-21:19:08.517663
1.0757509786022807,39,7,1,1,0,-1,0.0,0.0,2025-Jan-30-21:19:08.561663
0.8981852943673707,40,6,1,1,1,0,1.6,0.0,2025-Jan-30-21:19:08.635090
1.1933564682742823,41,0,1,0,1,-1,0.7,0.0,2025-Jan-30-21:19:08.720272
0.6210547206770249,42,1,1,0,-1,1,0.0,1.8,2025-Jan-30-21:19:08.809886
1.162599289019349,43,8,1,1,0,-1,0.0,0.0,2025-Jan-30-21:19:08.868550
1.0474249428279876,44,8,1,1,1,0,0.2,0.0,2025-Jan-30-21:19:08.912826
1.175750641146208,45,10,1,0,0,0,0.0,0.0,2025-Jan-30-21:19:08.989082
1.1241434948094304,46,9,1,0,1,-1,0.2,0.0,2025-Jan-30-21:19:09.099297
1.0757730646832417,47,2,1,1,0,0,0.0,0.0,2025-Jan-30-21:19:09.179838
1.0757509786022807,48,7,1,1,0,-1,0.0,0.0,2025-Jan-30-21:19:09.235189
0.7207724244414657,49,3,1,0,0,0,0.0,0.0,2025-Jan-30-21:19:09.279503
1.1241434980757994,50,9,1,0,0,-1,0.0,0.0,2025-Jan-30-21:19:09.342028
0.8437667697874734,51,3,1,0,-1,-1,0.0,0.0,2025-Jan-30-21:19:09.412417
0.8075973439474216,52,4,1,0,0,-1,0.0,0.0,2025-Jan-30-21:19:09.469260
0.7207724245865745,53,7,1,0,0,0,0.0,0.0,2025-Jan-30-21:19:09.514097
0.593730488699209,54,3,1,0,0,1,0.0,1.2,2025-Jan-30-21:19:09.588013
0.8075973438165706,55,5,1,0,0,-1,0.0,0.0,2025-Jan-30-21:19:09.646231
0.7569364604146629,56,6,1,0,-1,0,0.0,0.0,2025-Jan-30-21:19:09.707855
0.5937254061252712,57,2,1,0,0,1,0.0,1.5,2025-Jan-30-21:19:09.784459
0.7207724247317728,58,4,1,0,0,0,0.0,0.0,2025-Jan-30-21:19:09.833191
0.7569364602753836,59,7,1,0,-1,0,0.0,0.0,2025-Jan-30-21:19:10.063998
0.7207724247317727,60,6,1,0,0,0,0.0,0.0,2025-Jan-30-21:19:10.155854
0.7207724245865745,61,5,1,0,0,0,0.0,0.0,2025-Jan-30-21:19:10.231202
0.8075973439474216,62,4,1,0,0,-1,0.0,0.0,2025-Jan-30-21:19:10.296669
0.7207724245865745,63,5,1,0,0,0,0.0,0.0,2025-Jan-30-21:19:10.346940
0.7207724245865745,64,7,1,0,0,0,0.0,0.0,2025-Jan-30-21:19:10.397182
0.720772427896289,65,4,1,0,-1,0,0.0,0.0,2025-Jan-30-21:19:10.447481
0.7207724277510894,66,7,1,0,0,-1,0.0,0.0,2025-Jan-30-21:19:10.498132
0.7207724247317727,67,6,1,0,0,0,0.0,0.0,2025-Jan-30-21:19:10.547956
0.7207724245865745,68,5,1,0,0,0,0.0,0.0,2025-Jan-30-21:19:10.598395
0.7207724277510894,69,7,1,0,0,-1,0.0,0.0,2025-Jan-30-21:19:10.648784
0.7207724245865745,70,7,1,0,0,0,0.0,0.0,2025-Jan-30-21:19:10.699492
0.7207724244414657,71,3,1,0,0,0,0.0,0.0,2025-Jan-30-21:19:10.749958
0.7207724278962877,72,6,1,0,0,-1,0.0,0.0,2025-Jan-30-21:19:10.800166
0.8075973436857562,73,3,1,0,0,-1,0.0,0.0,2025-Jan-30-21:19:10.866709
0.8075973439474216,74,4,1,0,0,-1,0.0,0.0,2025-Jan-30-21:19:10.922602
0.7207724247317728,75,4,1,0,0,0,0.0,0.0,2025-Jan-30-21:19:10.984318
0.7207724245866639,76,2,1,0,0,0,0.0,0.0,2025-Jan-30-21:19:11.056441
0.6298981684134047,77,3,1,0,-1,1,0.0,1.5,2025-Jan-30-21:19:11.180043
0.7207724245865745,78,7,1,0,0,0,0.0,0.0,2025-Jan-30-21:19:11.227545
0.7207724277510907,79,5,1,0,-1,0,0.0,0.0,2025-Jan-30-21:19:11.274723
0.7207724245865745,80,5,1,0,0,0,0.0,0.0,2025-Jan-30-21:19:11.319017
0.8075973438165706,81,5,1,0,0,-1,0.0,0.0,2025-Jan-30-21:19:11.378767
0.7207724247317727,82,6,1,0,0,0,0.0,0.0,2025-Jan-30-21:19:11.421697
0.7207724245865745,83,5,1,0,0,0,0.0,0.0,2025-Jan-30-21:19:11.464320
0.8437667697874734,84,3,1,0,-1,-1,0.0,0.0,2025-Jan-30-21:19:11.532253
0.7207724245865745,85,5,1,0,0,0,0.0,0.0,2025-Jan-30-21:19:11.576462
0.7207724247317727,86,6,1,0,0,0,0.0,0.0,2025-Jan-30-21:19:11.624849
0.7207724247317728,87,4,1,0,0,0,0.0,0.0,2025-Jan-30-21:19:11.671905
0.7207724245865745,88,7,1,0,0,0,0.0,0.0,2025-Jan-30-21:19:11.721710
0.7207724245865745,89,7,1,0,0,0,0.0,0.0,2025-Jan-30-21:19:11.766119
0.8075973438165706,90,5,1,0,0,-1,0.0,0.0,2025-Jan-30-21:19:11.827432
0.7207724277510907,91,5,1,0,-1,0,0.0,0.0,2025-Jan-30-21:19:11.869597
0.7207724245865745,92,5,1,0,0,0,0.0,0.0,2025-Jan-30-21:19:11.911209
0.7207724247317728,93,4,1,0,0,0,0.0,0.0,2025-Jan-30-21:19:11.985901
0.7207724113160089,94,6,1,0,0,1,0.0,1.3,2025-Jan-30-21:19:12.085489
0.8075973436857562,95,3,1,0,0,-1,0.0,0.0,2025-Jan-30-21:19:12.192866
0.7207724247317728,96,4,1,0,0,0,0.0,0.0,2025-Jan-30-21:19:12.241884
0.7207724245865745,97,5,1,0,0,0,0.0,0.0,2025-Jan-30-21:19:12.294463
0.7207724245866639,98,2,1,0,0,0,0.0,0.0,2025-Jan-30-21:19:12.339549
0.7207724247317728,99,4,1,0,0,0,0.0,0.0,2025-Jan-30-21:19:12.382703
0.7207724247317727,100,6,1,0,0,0,0.0,0.0,2025-Jan-30-21:19:12.430927
0.5937220284724067,101,4,1,0,-1,1,0.0,1.7,2025-Jan-30-21:19:12.581779
0.5937220283055291,102,5,1,0,-1,1,0.0,1.7,2025-Jan-30-21:19:12.659142
0.6210431593622073,103,3,1,0,-1,1,0.0,1.7,2025-Jan-30-21:19:12.746628
0.6298968801586764,104,3,1,0,-1,1,0.0,1.6,2025-Jan-30-21:19:12.839230
0.8075973436857562,105,3,1,0,0,-1,0.0,0.0,2025-Jan-30-21:19:12.899027
0.8075973438166071,106,2,1,0,0,-1,0.0,0.0,2025-Jan-30-21:19:12.984030
0.5937254061252712,107,2,1,0,0,1,0.0,1.5,2025-Jan-30-21:19:13.090611
0.5937237183637057,108,4,1,0,-1,1,0.0,1.6,2025-Jan-30-21:19:13.198561
0.7207724247317728,109,4,1,0,0,0,0.0,0.0,2025-Jan-30-21:19:13.247046
0.593730488699209,110,3,1,0,0,1,0.0,1.2,2025-Jan-30-21:19:13.322546
0.720772427896289,111,4,1,0,-1,0,0.0,0.0,2025-Jan-30-21:19:13.367079
0.7207724244414657,112,3,1,0,0,0,0.0,0.0,2025-Jan-30-21:19:13.414012
0.7207724245866639,113,2,1,0,0,0,0.0,0.0,2025-Jan-30-21:19:13.460784
0.6210431593622073,114,3,1,0,-1,1,0.0,1.7,2025-Jan-30-21:19:13.548044
0.5937237183637057,115,4,1,0,-1,1,0.0,1.6,2025-Jan-30-21:19:13.626606
0.5937220283055291,116,5,1,0,-1,1,0.0,1.7,2025-Jan-30-21:19:13.702125
0.5937220283055291,117,5,1,0,-1,1,0.0,1.7,2025-Jan-30-21:19:13.777000
0.7207724244414657,118,3,1,0,0,0,0.0,0.0,2025-Jan-30-21:19:13.824964
0.749469553143833,119,3,1,0,-1,0,0.0,0.0,2025-Jan-30-21:19:13.886710
0.5937237183637057,120,4,1,0,-1,1,0.0,1.6,2025-Jan-30-21:19:13.979156
0.5937220246531681,121,2,1,0,0,1,0.0,1.7,2025-Jan-30-21:19:14.098011
0.8075973436857562,122,3,1,0,0,-1,0.0,0.0,2025-Jan-30-21:19:14.189745
0.5937220284724067,123,4,1,0,-1,1,0.0,1.7,2025-Jan-30-21:19:14.262231
0.7207724244414657,124,3,1,0,0,0,0.0,0.0,2025-Jan-30-21:19:14.308548
0.5937254062919886,125,4,1,0,0,1,0.0,1.5,2025-Jan-30-21:19:14.381519
0.7207724244414657,126,3,1,0,0,0,0.0,0.0,2025-Jan-30-21:19:14.426179
0.6298968801586764,127,3,1,0,-1,1,0.0,1.6,2025-Jan-30-21:19:14.513189
0.7207724245866639,128,2,1,0,0,0,0.0,0.0,2025-Jan-30-21:19:14.557874
0.7207724247317728,129,4,1,0,0,0,0.0,0.0,2025-Jan-30-21:19:14.602019
0.8075973467942734,130,4,1,0,-1,-1,0.0,0.0,2025-Jan-30-21:19:14.658467
0.5937237183637057,131,4,1,0,-1,1,0.0,1.6,2025-Jan-30-21:19:14.732419
0.749469553143833,132,3,1,0,-1,0,0.0,0.0,2025-Jan-30-21:19:14.792969
0.7207724245866639,133,2,1,0,0,0,0.0,0.0,2025-Jan-30-21:19:14.837012
0.593730488699209,134,3,1,0,0,1,0.0,1.2,2025-Jan-30-21:19:14.910080
0.8075973467942734,135,4,1,0,-1,-1,0.0,0.0,2025-Jan-30-21:19:14.990469
0.5937270992613086,136,4,1,0,0,1,0.0,1.4,2025-Jan-30-21:19:15.105773
0.7207724244414657,137,3,1,0,0,0,0.0,0.0,2025-Jan-30-21:19:15.196075
0.5937220283055291,138,5,1,0,-1,1,0.0,1.7,2025-Jan-30-21:19:15.271998
0.5937270992613086,139,4,1,0,0,1,0.0,1.4,2025-Jan-30-21:19:15.354879
0.7207724244414657,140,3,1,0,0,0,0.0,0.0,2025-Jan-30-21:19:15.402414
0.593730488699209,141,3,1,0,0,1,0.0,1.2,2025-Jan-30-21:19:15.479232
0.7207724245866639,142,2,1,0,0,0,0.0,0.0,2025-Jan-30-21:19:15.522142
0.8075973438166071,143,2,1,0,0,-1,0.0,0.0,2025-Jan-30-21:19:15.582466
0.5937270992613086,144,4,1,0,0,1,0.0,1.4,2025-Jan-30-21:19:15.658498
0.749469553143833,145,3,1,0,-1,0,0.0,0.0,2025-Jan-30-21:19:15.719290
0.7207724247317728,146,4,1,0,0,0,0.0,0.0,2025-Jan-30-21:19:15.762841
0.7207724244414657,147,3,1,0,0,0,0.0,0.0,2025-Jan-30-21:19:15.808515
0.7207724277510907,148,5,1,0,-1,0,0.0,0.0,2025-Jan-30-21:19:15.858029
0.5937237183637057,149,4,1,0,-1,1,0.0,1.6,2025-Jan-30-21:19:15.930413
0.8075973438166071,150,2,1,0,0,-1,0.0,0.0,2025-Jan-30-21:19:16.017607
0.7207724244414657,151,3,1,0,0,0,0.0,0.0,2025-Jan-30-21:19:16.103886
0.6210431593622073,152,3,1,0,-1,1,0.0,1.7,2025-Jan-30-21:19:16.222004
0.7207724245866639,153,2,1,0,0,0,0.0,0.0,2025-Jan-30-21:19:16.269086
0.7207724244414657,154,3,1,0,0,0,0.0,0.0,2025-Jan-30-21:19:16.316488
0.5937220244862904,155,3,1,0,0,1,0.0,1.7,2025-Jan-30-21:19:16.392844
0.6210431593622073,156,3,1,0,-1,1,0.0,1.7,2025-Jan-30-21:19:16.484551
0.6210431593622073,157,3,1,0,-1,1,0.0,1.7,2025-Jan-30-21:19:16.662216
0.720770503000503,158,1,1,0,0,0,0.0,0.0,2025-Jan-30-21:19:16.708098
0.7207724244414657,159,3,1,0,0,0,0.0,0.0,2025-Jan-30-21:19:16.752480
0.6210431593622073,160,3,1,0,-1,1,0.0,1.7,2025-Jan-30-21:19:16.839081
0.6210431593622073,161,3,1,0,-1,1,0.0,1.7,2025-Jan-30-21:19:16.929327
0.5937232347922028,162,1,1,0,0,1,0.0,1.5,2025-Jan-30-21:19:17.026164
0.5937237143777033,163,3,1,0,0,1,0.0,1.6,2025-Jan-30-21:19:17.152757
0.5937232347922028,164,1,1,0,0,1,0.0,1.5,2025-Jan-30-21:19:17.224817
0.5937237143777033,165,3,1,0,0,1,0.0,1.6,2025-Jan-30-21:19:17.298221
0.5937254059583836,166,3,1,0,0,1,0.0,1.5,2025-Jan-30-21:19:17.376340
0.6298968803196752,167,2,1,0,-1,1,0.0,1.6,2025-Jan-30-21:19:17.463093
0.6210431593622073,168,3,1,0,-1,1,0.0,1.7,2025-Jan-30-21:19:17.549495
0.5937220284724067,169,4,1,0,-1,1,0.0,1.7,2025-Jan-30-21:19:17.623047
0.5937237143777033,170,3,1,0,0,1,0.0,1.6,2025-Jan-30-21:19:17.696967
0.7207724244414657,171,3,1,0,0,0,0.0,0.0,2025-Jan-30-21:19:17.749315
0.6298968801586764,172,3,1,0,-1,1,0.0,1.6,2025-Jan-30-21:19:17.836459
0.5937220244862904,173,3,1,0,0,1,0.0,1.7,2025-Jan-30-21:19:17.909986
0.7207724244414657,174,3,1,0,0,0,0.0,0.0,2025-Jan-30-21:19:17.964590
0.7207724245866639,175,2,1,0,0,0,0.0,0.0,2025-Jan-30-21:19:18.046266
0.5937237143777033,176,3,1,0,0,1,0.0,1.6,2025-Jan-30-21:19:18.158099
0.6210431593622073,177,3,1,0,-1,1,0.0,1.7,2025-Jan-30-21:19:18.269081
0.6210431593622073,178,3,1,0,-1,1,0.0,1.7,2025-Jan-30-21:19:18.358822
0.5937237143777033,179,3,1,0,0,1,0.0,1.6,2025-Jan-30-21:19:18.432828
0.7207724245866639,180,2,1,0,0,0,0.0,0.0,2025-Jan-30-21:19:18.477436
0.5937220246531681,181,2,1,0,0,1,0.0,1.7,2025-Jan-30-21:19:18.550915
0.6210431593622073,182,3,1,0,-1,1,0.0,1.7,2025-Jan-30-21:19:18.637258
0.5937198529192041,183,1,1,0,0,1,0.0,1.7,2025-Jan-30-21:19:18.710557
0.7207724244414657,184,3,1,0,0,0,0.0,0.0,2025-Jan-30-21:19:18.754458
0.5937254059583836,185,3,1,0,0,1,0.0,1.5,2025-Jan-30-21:19:18.827471
0.5937237143777033,186,3,1,0,0,1,0.0,1.6,2025-Jan-30-21:19:18.901127
0.5937220284724067,187,4,1,0,-1,1,0.0,1.7,2025-Jan-30-21:19:18.999265
0.5937237143777033,188,3,1,0,0,1,0.0,1.6,2025-Jan-30-21:19:19.118618
0.6210431593622073,189,3,1,0,-1,1,0.0,1.7,2025-Jan-30-21:19:19.232607
0.6298968803196752,190,2,1,0,-1,1,0.0,1.6,2025-Jan-30-21:19:19.324703
0.5937237143777033,191,3,1,0,0,1,0.0,1.6,2025-Jan-30-21:19:19.401567
0.5937198529192041,192,1,1,0,0,1,0.0,1.7,2025-Jan-30-21:19:19.597700
0.6298968803196752,193,2,1,0,-1,1,0.0,1.6,2025-Jan-30-21:19:19.687839
0.5937237143777033,194,3,1,0,0,1,0.0,1.6,2025-Jan-30-21:19:19.762386
0.5937220244862904,195,3,1,0,0,1,0.0,1.7,2025-Jan-30-21:19:19.837434
0.6210431593622073,196,3,1,0,-1,1,0.0,1.7,2025-Jan-30-21:19:19.925653
0.6210431593622073,197,3,1,0,-1,1,0.0,1.7,2025-Jan-30-21:19:20.039262
0.7207724244414657,198,3,1,0,0,0,0.0,0.0,2025-Jan-30-21:19:20.126430
0.5937220284724067,199,4,1,0,-1,1,0.0,1.7,2025-Jan-30-21:19:20.232668
0.5937220244862904,200,3,1,0,0,1,0.0,1.7,2025-Jan-30-21:19:20.307450
0.5937198529192041,201,1,1,0,0,1,0.0,1.7,2025-Jan-30-21:19:20.383755
0.5937220244862904,202,3,1,0,0,1,0.0,1.7,2025-Jan-30-21:19:20.457510
0.6210431593622073,203,3,1,0,-1,1,0.0,1.7,2025-Jan-30-21:19:20.544413
0.5937220246531681,204,2,1,0,0,1,0.0,1.7,2025-Jan-30-21:19:20.619521
0.5937237143777033,205,3,1,0,0,1,0.0,1.6,2025-Jan-30-21:19:20.693923
0.5937220246531681,206,2,1,0,0,1,0.0,1.7,2025-Jan-30-21:19:20.768683
0.720770503000503,207,1,1,0,0,0,0.0,0.0,2025-Jan-30-21:19:20.813654
0.5937237143777033,208,3,1,0,0,1,0.0,1.6,2025-Jan-30-21:19:20.896709
0.5937198529192041,209,1,1,0,0,1,0.0,1.7,2025-Jan-30-21:19:20.998389
0.5937220246531681,210,2,1,0,0,1,0.0,1.7,2025-Jan-30-21:19:21.126826
0.720770503000503,211,1,1,0,0,0,0.0,0.0,2025-Jan-30-21:19:21.185793
0.5937220246531681,212,2,1,0,0,1,0.0,1.7,2025-Jan-30-21:19:21.262910
0.6210431593622073,213,3,1,0,-1,1,0.0,1.7,2025-Jan-30-21:19:21.359527
0.5937220246531681,214,2,1,0,0,1,0.0,1.7,2025-Jan-30-21:19:21.442069
0.6210431593622073,215,3,1,0,-1,1,0.0,1.7,2025-Jan-30-21:19:21.530779
0.5937220246531681,216,2,1,0,0,1,0.0,1.7,2025-Jan-30-21:19:21.606310
0.5937220246531681,217,2,1,0,0,1,0.0,1.7,2025-Jan-30-21:19:21.679810
0.5937220246531681,218,2,1,0,0,1,0.0,1.7,2025-Jan-30-21:19:21.754336
0.7207724244414657,219,3,1,0,0,0,0.0,0.0,2025-Jan-30-21:19:21.797749
0.5937220244862904,220,3,1,0,0,1,0.0,1.7,2025-Jan-30-21:19:21.875932
0.6210431593622073,221,3,1,0,-1,1,0.0,1.7,2025-Jan-30-21:19:21.986817
0.5937220244862904,222,3,1,0,0,1,0.0,1.7,2025-Jan-30-21:19:22.093450
0.5937237145445858,223,2,1,0,0,1,0.0,1.6,2025-Jan-30-21:19:22.198803
0.7207724244414657,224,3,1,0,0,0,0.0,0.0,2025-Jan-30-21:19:22.244010
0.5937220246531681,225,2,1,0,0,1,0.0,1.7,2025-Jan-30-21:19:22.319398
0.5937220246531681,226,2,1,0,0,1,0.0,1.7,2025-Jan-30-21:19:22.397732
0.5937220246531681,227,2,1,0,0,1,0.0,1.7,2025-Jan-30-21:19:22.474552
0.5937220246531681,228,2,1,0,0,1,0.0,1.7,2025-Jan-30-21:19:22.639589
0.5937220246531681,229,2,1,0,0,1,0.0,1.7,2025-Jan-30-21:19:22.713478
0.6210431593622073,230,3,1,0,-1,1,0.0,1.7,2025-Jan-30-21:19:22.804784
0.7207724245866639,231,2,1,0,0,0,0.0,0.0,2025-Jan-30-21:19:22.852432
0.5937220246531681,232,2,1,0,0,1,0.0,1.7,2025-Jan-30-21:19:22.929599
0.5937220244862904,233,3,1,0,0,1,0.0,1.7,2025-Jan-30-21:19:23.030852
0.5937220246531681,234,2,1,0,0,1,0.0,1.7,2025-Jan-30-21:19:23.149575
0.6298955774360234,235,2,1,0,-1,1,0.0,1.7,2025-Jan-30-21:19:23.247126
0.6298955774360234,236,2,1,0,-1,1,0.0,1.7,2025-Jan-30-21:19:23.339578
0.5937237145445858,237,2,1,0,0,1,0.0,1.6,2025-Jan-30-21:19:23.420204
0.6210431593622073,238,3,1,0,-1,1,0.0,1.7,2025-Jan-30-21:19:23.508563
0.6210431593622073,239,3,1,0,-1,1,0.0,1.7,2025-Jan-30-21:19:23.599830
0.5937220246531681,240,2,1,0,0,1,0.0,1.7,2025-Jan-30-21:19:23.676119
0.59372154301132,241,1,1,0,0,1,0.0,1.6,2025-Jan-30-21:19:23.751217
0.7207724245866639,242,2,1,0,0,0,0.0,0.0,2025-Jan-30-21:19:23.796109
0.5937220246531681,243,2,1,0,0,1,0.0,1.7,2025-Jan-30-21:19:23.874397
0.5937237143777033,244,3,1,0,0,1,0.0,1.6,2025-Jan-30-21:19:23.972174
0.5937220244862904,245,3,1,0,0,1,0.0,1.7,2025-Jan-30-21:19:24.093528
0.5937220246531681,246,2,1,0,0,1,0.0,1.7,2025-Jan-30-21:19:24.201938
0.5937220246531681,247,2,1,0,0,1,0.0,1.7,2025-Jan-30-21:19:24.281214
0.5937220246531681,248,2,1,0,0,1,0.0,1.7,2025-Jan-30-21:19:24.364972
0.6210431593622073,249,3,1,0,-1,1,0.0,1.7,2025-Jan-30-21:19:24.459011
0.5937220244862904,250,3,1,0,0,1,0.0,1.7,2025-Jan-30-21:19:24.536986
0.5937220246531681,251,2,1,0,0,1,0.0,1.7,2025-Jan-30-21:19:24.616036
0.5937198529192041,252,1,1,0,0,1,0.0,1.7,2025-Jan-30-21:19:24.693886
0.720770503000503,253,1,1,0,0,0,0.0,0.0,2025-Jan-30-21:19:24.739120
0.5937198529192041,254,1,1,0,0,1,0.0,1.7,2025-Jan-30-21:19:24.812917
0.5937198529192041,255,1,1,0,0,1,0.0,1.7,2025-Jan-30-21:19:24.890220
0.5937198529192041,256,1,1,0,0,1,0.0,1.7,2025-Jan-30-21:19:24.984325
0.5937198529192041,257,1,1,0,0,1,0.0,1.7,2025-Jan-30-21:19:25.092184
0.5937198529192041,258,1,1,0,0,1,0.0,1.7,2025-Jan-30-21:19:25.194933
0.720770503000503,259,1,1,0,0,0,0.0,0.0,2025-Jan-30-21:19:25.241669
0.5937198529192041,260,1,1,0,0,1,0.0,1.7,2025-Jan-30-21:19:25.324705
0.5937198529192041,261,1,1,0,0,1,0.0,1.7,2025-Jan-30-21:19:25.398148
0.5937198529192041,262,1,1,0,0,1,0.0,1.7,2025-Jan-30-21:19:25.469652
0.5937198529192041,263,1,1,0,0,1,0.0,1.7,2025-Jan-30-21:19:25.552170
0.5937198529192041,264,1,1,0,0,1,0.0,1.7,2025-Jan-30-21:19:25.626438
0.5937198529192041,265,1,1,0,0,1,0.0,1.7,2025-Jan-30-21:19:25.700636
0.720770503000503,266,1,1,0,0,0,0.0,0.0,2025-Jan-30-21:19:25.744559
0.5937220246531681,267,2,1,0,0,1,0.0,1.7,2025-Jan-30-21:19:25.817439
0.5937198529192041,268,1,1,0,0,1,0.0,1.7,2025-Jan-30-21:19:25.891013
0.5937198529192041,269,1,1,0,0,1,0.0,1.7,2025-Jan-30-21:19:25.990264
0.5937198529192041,270,1,1,0,0,1,0.0,1.7,2025-Jan-30-21:19:26.126749
0.5937198529192041,271,1,1,0,0,1,0.0,1.7,2025-Jan-30-21:19:26.222950
0.720770503000503,272,1,1,0,0,0,0.0,0.0,2025-Jan-30-21:19:26.383002
0.5937198529192041,273,1,1,0,0,1,0.0,1.7,2025-Jan-30-21:19:26.458533
0.5937198529192041,274,1,1,0,0,1,0.0,1.7,2025-Jan-30-21:19:26.532813
0.720770503000503,275,1,1,0,0,0,0.0,0.0,2025-Jan-30-21:19:26.577859
0.5937198529192041,276,1,1,0,0,1,0.0,1.7,2025-Jan-30-21:19:26.651820
0.5937198529192041,277,1,1,0,0,1,0.0,1.7,2025-Jan-30-21:19:26.725434
0.5937198529192041,278,1,1,0,0,1,0.0,1.7,2025-Jan-30-21:19:26.799233
0.5937198529192041,279,1,1,0,0,1,0.0,1.7,2025-Jan-30-21:19:26.881423
0.5937198529192041,280,1,1,0,0,1,0.0,1.7,2025-Jan-30-21:19:26.986945
0.5937198529192041,281,1,1,0,0,1,0.0,1.7,2025-Jan-30-21:19:27.106781
0.720770503000503,282,1,1,0,0,0,0.0,0.0,2025-Jan-30-21:19:27.188149
0.5937198529192041,283,1,1,0,0,1,0.0,1.7,2025-Jan-30-21:19:27.264490
0.5937198529192041,284,1,1,0,0,1,0.0,1.7,2025-Jan-30-21:19:27.338525
0.5937198529192041,285,1,1,0,0,1,0.0,1.7,2025-Jan-30-21:19:27.412851
0.5937198529192041,286,1,1,0,0,1,0.0,1.7,2025-Jan-30-21:19:27.486255
0.5937198529192041,287,1,1,0,0,1,0.0,1.7,2025-Jan-30-21:19:27.559156
0.5937198529192041,288,1,1,0,0,1,0.0,1.7,2025-Jan-30-21:19:27.633161
0.5937198529192041,289,1,1,0,0,1,0.0,1.7,2025-Jan-30-21:19:27.706339
0.5937198529192041,290,1,1,0,0,1,0.0,1.7,2025-Jan-30-21:19:27.779817
0.5937198529192041,291,1,1,0,0,1,0.0,1.7,2025-Jan-30-21:19:27.853186
0.5937198529192041,292,1,1,0,0,1,0.0,1.7,2025-Jan-30-21:19:27.926767
0.720770503000503,293,1,1,0,0,0,0.0,0.0,2025-Jan-30-21:19:27.986260
0.720770503000503,294,1,1,0,0,0,0.0,0.0,2025-Jan-30-21:19:28.070557
0.5937198529192041,295,1,1,0,0,1,0.0,1.7,2025-Jan-30-21:19:28.188913
0.5937198529192041,296,1,1,0,0,1,0.0,1.7,2025-Jan-30-21:19:28.265693
0.5937198529192041,297,1,1,0,0,1,0.0,1.7,2025-Jan-30-21:19:28.340614
0.5937198529192041,298,1,1,0,0,1,0.0,1.7,2025-Jan-30-21:19:28.416363
0.720770503000503,299,1,1,0,0,0,0.0,0.0,2025-Jan-30-21:19:28.461769
0.5937198529192041,300,1,1,0,0,1,0.0,1.7,2025-Jan-30-21:19:28.535797
