Cost,Sim,Switch_State_Indx,Gen1_on,Gen2_on,Batt1_mode,Batt2_mode,Batt1_power_kW,Batt2_power_kW,Timestamp
0.7207724244414657,1853,3,1,0,0,0,0.0,0.0,2025-Jan-30-21:21:18.223964
1.1119380948486355,1854,8,1,1,-1,0,0.0,0.0,2025-Jan-30-21:21:18.311844
0.7207724247317728,1855,4,1,0,0,0,0.0,0.0,2025-Jan-30-21:21:18.359457
0.7207724114621342,1856,6,1,0,0,1,0.0,0.6,2025-Jan-30-21:21:18.421549
0.720770503000503,1857,1,1,0,0,0,0.0,0.0,2025-Jan-30-21:21:18.468058
1.175750677011223,1858,8,1,0,1,1,0.1,1.9,2025-Jan-30-21:21:18.529125
1.0757509769736244,1859,3,1,1,0,0,0.0,0.0,2025-Jan-30-21:21:18.580914
1.1625867659373892,1860,5,1,1,0,-1,0.0,0.0,2025-Jan-30-21:21:18.641157
1.075774204561653,1861,9,1,1,1,0,1.3,0.0,2025-Jan-30-21:21:18.699978
1.5543696967235174,1862,0,1,1,-1,1,0.0,0.3,2025-Jan-30-21:21:18.779554
0.8075973438166071,1863,2,1,0,0,-1,0.0,0.0,2025-Jan-30-21:21:18.835397
1.1625979839033573,1864,2,1,1,0,-1,0.0,0.0,2025-Jan-30-21:21:18.892481
0.5431849682874011,1865,6,1,0,1,-1,1.7,0.0,2025-Jan-30-21:21:18.996230
0.593735584002901,1866,2,1,0,0,1,0.0,0.9,2025-Jan-30-21:21:19.096786
1.0757742178287177,1867,8,1,1,0,0,0.0,0.0,2025-Jan-30-21:21:19.161759
0.7569364633080932,1868,7,1,0,-1,-1,0.0,0.0,2025-Jan-30-21:21:19.224139
0.5937317139206233,1869,1,1,0,0,1,0.0,1.0,2025-Jan-30-21:21:19.298678
0.6782479724549614,1870,3,1,0,1,0,0.3,0.0,2025-Jan-30-21:21:19.343455
1.0757509769736244,1871,3,1,1,0,0,0.0,0.0,2025-Jan-30-21:21:19.394903
0.9849018177981881,1872,1,1,1,-1,1,0.0,1.1,2025-Jan-30-21:21:19.480096
1.162599289019349,1873,8,1,1,0,-1,0.0,0.0,2025-Jan-30-21:21:19.537378
0.7207724277510894,1874,7,1,0,0,-1,0.0,0.0,2025-Jan-30-21:21:19.583674
0.7207724247317728,1875,4,1,0,0,0,0.0,0.0,2025-Jan-30-21:21:19.628565
1.175750661271183,1876,10,1,0,1,0,0.8,0.0,2025-Jan-30-21:21:19.685429
0.962095673896457,1877,4,1,1,0,1,0.0,0.8,2025-Jan-30-21:21:19.731503
0.9511210583814115,1878,0,1,0,1,1,0.9,1.6,2025-Jan-30-21:21:19.812572
1.1085655951940978,1879,3,1,1,-1,0,0.0,0.0,2025-Jan-30-21:21:19.870293
1.1757506411834284,1880,8,1,0,0,0,0.0,0.0,2025-Jan-30-21:21:19.926772
1.1625992755536325,1881,9,1,1,1,-1,1.3,0.0,2025-Jan-30-21:21:20.040485
1.075750962387331,1882,5,1,1,1,0,0.2,0.0,2025-Jan-30-21:21:20.135821
0.8075973436857562,1883,3,1,0,0,-1,0.0,0.0,2025-Jan-30-21:21:20.220761
1.1625979839033573,1884,2,1,1,0,-1,0.0,0.0,2025-Jan-30-21:21:20.281801
1.0332109964432843,1885,9,1,1,0,1,0.0,0.3,2025-Jan-30-21:21:20.329047
0.7207724278962877,1886,6,1,0,0,-1,0.0,0.0,2025-Jan-30-21:21:20.373430
0.6070950372219057,1887,5,1,0,-1,1,0.0,0.8,2025-Jan-30-21:21:20.419565
1.0757742179736964,1888,10,1,1,0,0,0.0,0.0,2025-Jan-30-21:21:20.465726
1.0322733681651044,1889,8,1,0,-1,-1,0.0,0.0,2025-Jan-30-21:21:20.668436
1.1119380948486355,1890,8,1,1,-1,0,0.0,0.0,2025-Jan-30-21:21:20.730396
1.1757506670483657,1891,10,1,0,0,-1,0.0,0.0,2025-Jan-30-21:21:20.787693
1.0787060876861279,1892,0,1,0,0,1,0.0,1.4,2025-Jan-30-21:21:20.869066
0.664004046478966,1893,2,1,0,0,1,0.0,0.4,2025-Jan-30-21:21:20.914697
0.7711464306619065,1894,1,1,1,1,1,1.4,1.0,2025-Jan-30-21:21:21.055533
0.713750654217219,1895,10,1,0,-1,-1,0.0,0.0,2025-Jan-30-21:21:21.159061
0.5937287802096192,1896,4,1,0,1,1,1.3,1.3,2025-Jan-30-21:21:21.254726
1.075773051483301,1897,4,1,1,1,0,0.5,0.0,2025-Jan-30-21:21:21.312462
1.061594154182213,1898,2,1,1,0,1,0.0,0.1,2025-Jan-30-21:21:21.357826
0.7569364470467964,1899,7,1,0,-1,1,0.0,0.9,2025-Jan-30-21:21:21.438503
1.0757730516540729,1900,6,1,1,0,1,0.0,1.7,2025-Jan-30-21:21:21.494287
0.9198386156304554,1901,1,1,1,1,0,1.1,0.0,2025-Jan-30-21:21:21.539166
0.7207724109066642,1902,6,1,0,0,1,0.0,0.8,2025-Jan-30-21:21:21.595122
0.7207724278962877,1903,6,1,0,0,-1,0.0,0.0,2025-Jan-30-21:21:21.640924
1.1119380949877005,1904,10,1,1,-1,0,0.0,0.0,2025-Jan-30-21:21:21.703555
1.175750641146208,1905,10,1,0,0,0,0.0,0.0,2025-Jan-30-21:21:21.759919
1.1757506700407943,1906,8,1,0,1,1,1.9,1.0,2025-Jan-30-21:21:21.816386
1.0757730679928668,1907,4,1,1,-1,0,0.0,0.0,2025-Jan-30-21:21:21.861877
1.1757506737444956,1908,10,1,0,1,1,0.6,1.9,2025-Jan-30-21:21:21.918844
1.0757509626219592,1909,7,1,1,0,1,0.0,1.9,2025-Jan-30-21:21:21.986688
1.0757742044504175,1910,10,1,1,0,1,0.0,1.9,2025-Jan-30-21:21:22.070275
0.8981873137757498,1911,10,1,1,1,0,1.5,0.0,2025-Jan-30-21:21:22.183350
0.8981849723826357,1912,6,1,1,1,1,1.5,0.8,2025-Jan-30-21:21:22.265984
0.9487192891316932,1913,2,1,1,0,1,0.0,1.9,2025-Jan-30-21:21:22.340438
1.075774204147005,1914,10,1,1,0,1,0.0,0.8,2025-Jan-30-21:21:22.396548
0.8981862307042942,1915,6,1,1,1,-1,1.9,0.0,2025-Jan-30-21:21:22.470479
1.1757506566540592,1916,8,1,0,1,1,1.9,1.9,2025-Jan-30-21:21:22.526816
0.8981886137029682,1917,10,1,1,1,-1,1.9,0.0,2025-Jan-30-21:21:22.601277
1.07089349744963,1918,10,1,0,-1,1,0.0,1.9,2025-Jan-30-21:21:22.682662
1.0757742047112246,1919,10,1,1,0,1,0.0,1.1,2025-Jan-30-21:21:22.739753
0.9486921760333348,1920,5,1,1,1,1,1.9,1.7,2025-Jan-30-21:21:22.816752
1.0757730515436084,1921,4,1,1,1,0,0.7,0.0,2025-Jan-30-21:21:22.870646
0.9848940592154989,1922,8,1,1,-1,1,0.0,1.9,2025-Jan-30-21:21:22.969715
0.8981886137029682,1923,10,1,1,1,-1,1.9,0.0,2025-Jan-30-21:21:23.088775
1.075774221135453,1924,10,1,1,0,-1,0.0,0.0,2025-Jan-30-21:21:23.155744
0.7207724245865745,1925,7,1,0,0,0,0.0,0.0,2025-Jan-30-21:21:23.208877
0.9623723775722938,1926,10,1,1,1,0,0.8,0.0,2025-Jan-30-21:21:23.256675
0.7711378044941268,1927,8,1,1,1,1,1.7,1.9,2025-Jan-30-21:21:23.353089
0.7710926698100163,1928,3,1,1,1,1,1.9,1.9,2025-Jan-30-21:21:23.449816
1.0757730679928668,1929,4,1,1,-1,0,0.0,0.0,2025-Jan-30-21:21:23.492789
1.175750648703159,1930,10,1,0,1,0,1.9,0.0,2025-Jan-30-21:21:23.547942
0.8981885969639903,1931,10,1,1,1,1,1.9,1.9,2025-Jan-30-21:21:23.625425
0.9487192765344019,1932,4,1,1,1,1,0.3,1.9,2025-Jan-30-21:21:23.703378
0.5431849682874011,1933,6,1,0,1,-1,1.7,0.0,2025-Jan-30-21:21:23.777231
1.019005674961166,1934,8,1,1,0,1,0.0,0.4,2025-Jan-30-21:21:23.820433
1.0757742049085848,1935,10,1,1,0,1,0.0,1.2,2025-Jan-30-21:21:23.876742
1.1757506863424412,1936,10,1,0,1,-1,1.4,0.0,2025-Jan-30-21:21:23.932473
0.5431843317372007,1937,7,1,0,1,1,1.5,0.9,2025-Jan-30-21:21:24.051758
1.1119380949877005,1938,10,1,1,-1,0,0.0,0.0,2025-Jan-30-21:21:24.150282
0.905666683950976,1939,10,1,1,1,-1,1.2,0.0,2025-Jan-30-21:21:24.204204
1.1119380948486355,1940,8,1,1,-1,0,0.0,0.0,2025-Jan-30-21:21:24.362874
0.8981885969639903,1941,10,1,1,1,1,1.9,1.9,2025-Jan-30-21:21:24.442491
1.17575066565376,1942,10,1,0,1,1,1.9,1.9,2025-Jan-30-21:21:24.496793
0.9620669294479519,1943,3,1,1,0,1,0.0,0.8,2025-Jan-30-21:21:24.542811
0.898153061258479,1944,7,1,1,1,1,1.9,1.7,2025-Jan-30-21:21:24.619873
1.1119380980176448,1945,10,1,1,-1,-1,0.0,0.0,2025-Jan-30-21:21:24.675813
1.17575066313464,1946,8,1,0,1,1,1.8,1.9,2025-Jan-30-21:21:24.729640
0.9487192766411238,1947,4,1,1,1,1,1.6,1.9,2025-Jan-30-21:21:24.807821
1.0047644308236314,1948,3,1,1,0,1,0.0,0.5,2025-Jan-30-21:21:24.855863
0.7569364469730177,1949,7,1,0,-1,1,0.0,1.9,2025-Jan-30-21:21:24.935039
0.9481962411738746,1950,10,1,1,1,1,0.9,1.9,2025-Jan-30-21:21:25.009238
0.8981522038502935,1951,7,1,1,1,1,1.5,1.2,2025-Jan-30-21:21:25.130450
1.1757506566540592,1952,8,1,0,1,1,1.9,1.9,2025-Jan-30-21:21:25.207976
1.1757506670483657,1953,10,1,0,0,-1,0.0,0.0,2025-Jan-30-21:21:25.262934
1.1119380949877005,1954,10,1,1,-1,0,0.0,0.0,2025-Jan-30-21:21:25.320734
1.175750641146208,1955,10,1,0,0,0,0.0,0.0,2025-Jan-30-21:21:25.379571
1.1757506700407943,1956,8,1,0,1,1,1.9,1.0,2025-Jan-30-21:21:25.434610
1.0757730679928668,1957,4,1,1,-1,0,0.0,0.0,2025-Jan-30-21:21:25.477476
0.9198433931441574,1958,10,1,1,1,1,1.1,1.9,2025-Jan-30-21:21:25.532757
1.0757742044504175,1959,10,1,1,0,1,0.0,1.9,2025-Jan-30-21:21:25.587191
0.8981885969639903,1960,10,1,1,1,1,1.9,1.9,2025-Jan-30-21:21:25.664965
0.8981882849152669,1961,10,1,1,1,0,1.8,0.0,2025-Jan-30-21:21:25.737251
0.8981885969901565,1962,10,1,1,1,1,1.9,1.4,2025-Jan-30-21:21:25.814606
0.9487192891316932,1963,2,1,1,0,1,0.0,1.9,2025-Jan-30-21:21:25.888377
1.0757742049085848,1964,10,1,1,0,1,0.0,1.2,2025-Jan-30-21:21:25.942302
0.8981862307042942,1965,6,1,1,1,-1,1.9,0.0,2025-Jan-30-21:21:26.062258
1.1757506566540592,1966,8,1,0,1,1,1.9,1.9,2025-Jan-30-21:21:26.147466
0.8981885969639903,1967,10,1,1,1,1,1.9,1.9,2025-Jan-30-21:21:26.239385
1.07089349744963,1968,10,1,0,-1,1,0.0,1.9,2025-Jan-30-21:21:26.324402
1.0757742047112246,1969,10,1,1,0,1,0.0,1.1,2025-Jan-30-21:21:26.383133
0.9486921760333348,1970,5,1,1,1,1,1.9,1.7,2025-Jan-30-21:21:26.462050
1.0757730515436084,1971,4,1,1,1,0,0.7,0.0,2025-Jan-30-21:21:26.515438
1.1119380816842757,1972,10,1,1,-1,1,0.0,1.9,2025-Jan-30-21:21:26.592801
0.8981886137029682,1973,10,1,1,1,-1,1.9,0.0,2025-Jan-30-21:21:26.664622
1.075774221135453,1974,10,1,1,0,-1,0.0,0.0,2025-Jan-30-21:21:26.711429
0.8981873137757498,1975,10,1,1,1,0,1.5,0.0,2025-Jan-30-21:21:26.783046
0.9481962411738746,1976,10,1,1,1,1,0.9,1.9,2025-Jan-30-21:21:26.836895
0.7711378044941268,1977,8,1,1,1,1,1.7,1.9,2025-Jan-30-21:21:26.935424
0.8981530612674914,1978,7,1,1,1,1,1.9,1.9,2025-Jan-30-21:21:27.114490
1.162586751406762,1979,5,1,1,1,-1,1.9,0.0,2025-Jan-30-21:21:27.224811
1.175750648703159,1980,10,1,0,1,0,1.9,0.0,2025-Jan-30-21:21:27.286996
0.8981885969639903,1981,10,1,1,1,1,1.9,1.9,2025-Jan-30-21:21:27.369928
0.9487192765234712,1982,4,1,1,1,1,0.5,1.9,2025-Jan-30-21:21:27.449283
0.5431849682874011,1983,6,1,0,1,-1,1.7,0.0,2025-Jan-30-21:21:27.521306
1.0757742046873684,1984,10,1,1,0,1,0.0,0.7,2025-Jan-30-21:21:27.575049
1.0757742049085848,1985,10,1,1,0,1,0.0,1.2,2025-Jan-30-21:21:27.629218
1.1757506863424412,1986,10,1,0,1,-1,1.4,0.0,2025-Jan-30-21:21:27.683328
0.5431843317372007,1987,7,1,0,1,1,1.5,0.9,2025-Jan-30-21:21:27.761093
1.1119380949877005,1988,10,1,1,-1,0,0.0,0.0,2025-Jan-30-21:21:27.818520
0.8981885972466424,1989,10,1,1,1,1,1.9,1.6,2025-Jan-30-21:21:27.896781
1.1119380948486355,1990,8,1,1,-1,0,0.0,0.0,2025-Jan-30-21:21:27.953301
0.8981885969639903,1991,10,1,1,1,1,1.9,1.9,2025-Jan-30-21:21:28.055288
1.17575066565376,1992,10,1,0,1,1,1.9,1.9,2025-Jan-30-21:21:28.136231
0.9620669294479519,1993,3,1,1,0,1,0.0,0.8,2025-Jan-30-21:21:28.205212
0.898153061258479,1994,7,1,1,1,1,1.9,1.7,2025-Jan-30-21:21:28.285567
1.1119380980176448,1995,10,1,1,-1,-1,0.0,0.0,2025-Jan-30-21:21:28.342941
1.17575066313464,1996,8,1,0,1,1,1.8,1.9,2025-Jan-30-21:21:28.397652
0.9487192764400311,1997,4,1,1,1,1,1.9,1.9,2025-Jan-30-21:21:28.475917
0.9487362242814014,1998,4,1,1,0,1,0.0,0.9,2025-Jan-30-21:21:28.546867
1.2049649334453785,1999,8,1,0,-1,1,0.0,1.9,2025-Jan-30-21:21:28.603053
0.9481962411738746,2000,10,1,1,1,1,0.9,1.9,2025-Jan-30-21:21:28.656499
0.8981885968170219,2001,10,1,1,1,1,1.9,1.7,2025-Jan-30-21:21:28.735636
1.1757506566540592,2002,8,1,0,1,1,1.9,1.9,2025-Jan-30-21:21:28.789267
1.1757506670483657,2003,10,1,0,0,-1,0.0,0.0,2025-Jan-30-21:21:28.842785
1.1119380949877005,2004,10,1,1,-1,0,0.0,0.0,2025-Jan-30-21:21:28.901102
1.175750641146208,2005,10,1,0,0,0,0.0,0.0,2025-Jan-30-21:21:28.967621
1.1757506700407943,2006,8,1,0,1,1,1.9,1.0,2025-Jan-30-21:21:29.042955
1.0757730679928668,2007,4,1,1,-1,0,0.0,0.0,2025-Jan-30-21:21:29.104022
0.8981876237049355,2008,10,1,1,1,1,1.6,1.9,2025-Jan-30-21:21:29.214926
1.0757742044504175,2009,10,1,1,0,1,0.0,1.9,2025-Jan-30-21:21:29.272122
0.8981885969639903,2010,10,1,1,1,1,1.9,1.9,2025-Jan-30-21:21:29.356975
0.8981882849152669,2011,10,1,1,1,0,1.8,0.0,2025-Jan-30-21:21:29.433399
0.8981885969901565,2012,10,1,1,1,1,1.9,1.4,2025-Jan-30-21:21:29.510841
0.9487192891316932,2013,2,1,1,0,1,0.0,1.9,2025-Jan-30-21:21:29.582490
1.0757742049085848,2014,10,1,1,0,1,0.0,1.2,2025-Jan-30-21:21:29.635797
0.8981862307042942,2015,6,1,1,1,-1,1.9,0.0,2025-Jan-30-21:21:29.707840
1.1757506566540592,2016,8,1,0,1,1,1.9,1.9,2025-Jan-30-21:21:29.761910
0.8981885969639903,2017,10,1,1,1,1,1.9,1.9,2025-Jan-30-21:21:29.838665
1.07089349744963,2018,10,1,0,-1,1,0.0,1.9,2025-Jan-30-21:21:29.932724
1.0757742047112246,2019,10,1,1,0,1,0.0,1.1,2025-Jan-30-21:21:30.012115
0.9486921760333348,2020,5,1,1,1,1,1.9,1.7,2025-Jan-30-21:21:30.123057
1.0757730515436084,2021,4,1,1,1,0,0.7,0.0,2025-Jan-30-21:21:30.199875
1.1119380816842757,2022,10,1,1,-1,1,0.0,1.9,2025-Jan-30-21:21:30.277842
0.8981886137029682,2023,10,1,1,1,-1,1.9,0.0,2025-Jan-30-21:21:30.353347
1.075774221135453,2024,10,1,1,0,-1,0.0,0.0,2025-Jan-30-21:21:30.396513
0.8981873137757498,2025,10,1,1,1,0,1.5,0.0,2025-Jan-30-21:21:30.468466
0.9340199176670109,2026,10,1,1,1,1,1.0,1.9,2025-Jan-30-21:21:30.521754
0.8981885969639903,2027,10,1,1,1,1,1.9,1.9,2025-Jan-30-21:21:30.598594
0.8981530612674914,2028,7,1,1,1,1,1.9,1.9,2025-Jan-30-21:21:30.675608
1.162586751406762,2029,5,1,1,1,-1,1.9,0.0,2025-Jan-30-21:21:30.753261
1.175750648703159,2030,10,1,0,1,0,1.9,0.0,2025-Jan-30-21:21:30.806964
0.8981885969639903,2031,10,1,1,1,1,1.9,1.9,2025-Jan-30-21:21:30.887894
0.8494574588993953,2032,3,1,1,1,1,0.7,1.9,2025-Jan-30-21:21:30.981288
0.9850061417569959,2033,8,1,1,1,-1,1.9,0.0,2025-Jan-30-21:21:31.095520
1.0757742046873684,2034,10,1,1,0,1,0.0,0.7,2025-Jan-30-21:21:31.175918
0.5431849682874011,2035,6,1,0,1,-1,1.7,0.0,2025-Jan-30-21:21:31.247320
1.1757506863424412,2036,10,1,0,1,-1,1.4,0.0,2025-Jan-30-21:21:31.303333
0.5431843317372007,2037,7,1,0,1,1,1.5,0.9,2025-Jan-30-21:21:31.537598
1.1119380949877005,2038,10,1,1,-1,0,0.0,0.0,2025-Jan-30-21:21:31.596847
0.8981885972466424,2039,10,1,1,1,1,1.9,1.6,2025-Jan-30-21:21:31.676785
1.1119380948486355,2040,8,1,1,-1,0,0.0,0.0,2025-Jan-30-21:21:31.734850
0.8981885969639903,2041,10,1,1,1,1,1.9,1.9,2025-Jan-30-21:21:31.814662
1.17575066565376,2042,10,1,0,1,1,1.9,1.9,2025-Jan-30-21:21:31.871358
0.5431849682874011,2043,6,1,0,1,-1,1.7,0.0,2025-Jan-30-21:21:31.965676
0.898153061258479,2044,7,1,1,1,1,1.9,1.7,2025-Jan-30-21:21:32.115934
1.1119380980176448,2045,10,1,1,-1,-1,0.0,0.0,2025-Jan-30-21:21:32.203599
1.17575066313464,2046,8,1,0,1,1,1.8,1.9,2025-Jan-30-21:21:32.260245
0.9486886488549064,2047,5,1,1,1,1,1.9,1.9,2025-Jan-30-21:21:32.340388
0.9487362242814014,2048,4,1,1,0,1,0.0,0.9,2025-Jan-30-21:21:32.414074
1.2049649334453785,2049,8,1,0,-1,1,0.0,1.9,2025-Jan-30-21:21:32.471915
0.9481962411738746,2050,10,1,1,1,1,0.9,1.9,2025-Jan-30-21:21:32.528523
0.8981885968170219,2051,10,1,1,1,1,1.9,1.7,2025-Jan-30-21:21:32.609696
1.1757506566540592,2052,8,1,0,1,1,1.9,1.9,2025-Jan-30-21:21:32.667941
1.1757506670483657,2053,10,1,0,0,-1,0.0,0.0,2025-Jan-30-21:21:32.724291
1.1119380949877005,2054,10,1,1,-1,0,0.0,0.0,2025-Jan-30-21:21:32.782984
1.175750641146208,2055,10,1,0,0,0,0.0,0.0,2025-Jan-30-21:21:32.839045
1.1757506700407943,2056,8,1,0,1,1,1.9,1.0,2025-Jan-30-21:21:32.894970
1.0757730679928668,2057,4,1,1,-1,0,0.0,0.0,2025-Jan-30-21:21:32.940080
0.5431843317372007,2058,7,1,0,1,1,1.5,0.9,2025-Jan-30-21:21:33.053362
1.0757742044504175,2059,10,1,1,0,1,0.0,1.9,2025-Jan-30-21:21:33.145498
0.8981885969639903,2060,10,1,1,1,1,1.9,1.9,2025-Jan-30-21:21:33.256156
0.8981882849152669,2061,10,1,1,1,0,1.8,0.0,2025-Jan-30-21:21:33.331135
0.8981885969901565,2062,10,1,1,1,1,1.9,1.4,2025-Jan-30-21:21:33.411820
0.9487192891316932,2063,2,1,1,0,1,0.0,1.9,2025-Jan-30-21:21:33.486270
0.5431843317372007,2064,7,1,0,1,1,1.5,0.9,2025-Jan-30-21:21:33.567446
0.8981862307042942,2065,6,1,1,1,-1,1.9,0.0,2025-Jan-30-21:21:33.647488
1.1757506566540592,2066,8,1,0,1,1,1.9,1.9,2025-Jan-30-21:21:33.706858
0.8981885969639903,2067,10,1,1,1,1,1.9,1.9,2025-Jan-30-21:21:33.787745
1.07089349744963,2068,10,1,0,-1,1,0.0,1.9,2025-Jan-30-21:21:33.868555
1.0757742047112246,2069,10,1,1,0,1,0.0,1.1,2025-Jan-30-21:21:33.927709
0.9486921760333348,2070,5,1,1,1,1,1.9,1.7,2025-Jan-30-21:21:34.034041
1.0757730515436084,2071,4,1,1,1,0,0.7,0.0,2025-Jan-30-21:21:34.116313
1.1119380816842757,2072,10,1,1,-1,1,0.0,1.9,2025-Jan-30-21:21:34.216946
0.8981886137029682,2073,10,1,1,1,-1,1.9,0.0,2025-Jan-30-21:21:34.385820
1.075774221135453,2074,10,1,1,0,-1,0.0,0.0,2025-Jan-30-21:21:34.432795
0.8981873137757498,2075,10,1,1,1,0,1.5,0.0,2025-Jan-30-21:21:34.512122
0.9198433931441574,2076,10,1,1,1,1,1.1,1.9,2025-Jan-30-21:21:34.569134
0.8981885969639903,2077,10,1,1,1,1,1.9,1.9,2025-Jan-30-21:21:34.646806
0.8981530612674914,2078,7,1,1,1,1,1.9,1.9,2025-Jan-30-21:21:34.727863
1.162586751406762,2079,5,1,1,1,-1,1.9,0.0,2025-Jan-30-21:21:34.805584
0.5431843317372007,2080,7,1,0,1,1,1.5,0.9,2025-Jan-30-21:21:34.885677
0.8981885969639903,2081,10,1,1,1,1,1.9,1.9,2025-Jan-30-21:21:34.996300
0.8494574588993953,2082,3,1,1,1,1,0.7,1.9,2025-Jan-30-21:21:35.112857
0.5431843317372007,2083,7,1,0,1,1,1.5,0.9,2025-Jan-30-21:21:35.221480
1.0757742046873684,2084,10,1,1,0,1,0.0,0.7,2025-Jan-30-21:21:35.281760
1.1757506684040884,2085,10,1,0,1,-1,1.9,0.0,2025-Jan-30-21:21:35.340842
1.1757506863424412,2086,10,1,0,1,-1,1.4,0.0,2025-Jan-30-21:21:35.399073
1.1757506676360674,2087,10,1,0,1,1,1.6,1.0,2025-Jan-30-21:21:35.455192
1.1119380949877005,2088,10,1,1,-1,0,0.0,0.0,2025-Jan-30-21:21:35.511941
0.8981885969639903,2089,10,1,1,1,1,1.9,1.9,2025-Jan-30-21:21:35.591752
1.1119380948486355,2090,8,1,1,-1,0,0.0,0.0,2025-Jan-30-21:21:35.649572
0.8981885969639903,2091,10,1,1,1,1,1.9,1.9,2025-Jan-30-21:21:35.730956
1.17575066565376,2092,10,1,0,1,1,1.9,1.9,2025-Jan-30-21:21:35.786354
0.8981528630667007,2093,7,1,1,1,-1,1.8,0.0,2025-Jan-30-21:21:35.858538
0.898153061258479,2094,7,1,1,1,1,1.9,1.7,2025-Jan-30-21:21:35.937912
1.1119380980176448,2095,10,1,1,-1,-1,0.0,0.0,2025-Jan-30-21:21:36.015377
1.17575066313464,2096,8,1,0,1,1,1.8,1.9,2025-Jan-30-21:21:36.105458
0.9486886488549064,2097,5,1,1,1,1,1.9,1.9,2025-Jan-30-21:21:36.212295
0.9487362242814014,2098,4,1,1,0,1,0.0,0.9,2025-Jan-30-21:21:36.287271
1.2049649334453785,2099,8,1,0,-1,1,0.0,1.9,2025-Jan-30-21:21:36.350061
0.8981869784273931,2100,10,1,1,1,1,1.4,1.9,2025-Jan-30-21:21:36.443015
0.8981885968170219,2101,10,1,1,1,1,1.9,1.7,2025-Jan-30-21:21:36.523612
1.1757506566540592,2102,8,1,0,1,1,1.9,1.9,2025-Jan-30-21:21:36.581631
1.1757506670483657,2103,10,1,0,0,-1,0.0,0.0,2025-Jan-30-21:21:36.636509
1.1119380949877005,2104,10,1,1,-1,0,0.0,0.0,2025-Jan-30-21:21:36.693409
1.175750641146208,2105,10,1,0,0,0,0.0,0.0,2025-Jan-30-21:21:36.749070
1.1757506700407943,2106,8,1,0,1,1,1.9,1.0,2025-Jan-30-21:21:36.803572
1.0757730679928668,2107,4,1,1,-1,0,0.0,0.0,2025-Jan-30-21:21:36.846742
0.8981885972466424,2108,10,1,1,1,1,1.9,1.6,2025-Jan-30-21:21:36.924605
1.0757742044504175,2109,10,1,1,0,1,0.0,1.9,2025-Jan-30-21:21:36.997124
0.8981885969639903,2110,10,1,1,1,1,1.9,1.9,2025-Jan-30-21:21:37.101232
0.8981882849152669,2111,10,1,1,1,0,1.8,0.0,2025-Jan-30-21:21:37.196588
0.8981885969901565,2112,10,1,1,1,1,1.9,1.4,2025-Jan-30-21:21:37.278478
0.9487192891316932,2113,2,1,1,0,1,0.0,1.9,2025-Jan-30-21:21:37.355317
1.1757506499696615,2114,10,1,0,1,1,1.6,1.2,2025-Jan-30-21:21:37.412280
0.8981862307042942,2115,6,1,1,1,-1,1.9,0.0,2025-Jan-30-21:21:37.483717
1.1757506566540592,2116,8,1,0,1,1,1.9,1.9,2025-Jan-30-21:21:37.537744
0.8981885969639903,2117,10,1,1,1,1,1.9,1.9,2025-Jan-30-21:21:37.614114
1.07089349744963,2118,10,1,0,-1,1,0.0,1.9,2025-Jan-30-21:21:37.691597
1.0757742047112246,2119,10,1,1,0,1,0.0,1.1,2025-Jan-30-21:21:37.747948
0.9486921760333348,2120,5,1,1,1,1,1.9,1.7,2025-Jan-30-21:21:37.824300
1.0757730515436084,2121,4,1,1,1,0,0.7,0.0,2025-Jan-30-21:21:37.978558
1.1119380816842757,2122,10,1,1,-1,1,0.0,1.9,2025-Jan-30-21:21:38.119344
0.8981886137029682,2123,10,1,1,1,-1,1.9,0.0,2025-Jan-30-21:21:38.217882
1.075774221135453,2124,10,1,1,0,-1,0.0,0.0,2025-Jan-30-21:21:38.263300
0.8981873137757498,2125,10,1,1,1,0,1.5,0.0,2025-Jan-30-21:21:38.343474
0.9198433931441574,2126,10,1,1,1,1,1.1,1.9,2025-Jan-30-21:21:38.419162
0.8981885969639903,2127,10,1,1,1,1,1.9,1.9,2025-Jan-30-21:21:38.505308
0.8981530612674914,2128,7,1,1,1,1,1.9,1.9,2025-Jan-30-21:21:38.598655
1.162586751406762,2129,5,1,1,1,-1,1.9,0.0,2025-Jan-30-21:21:38.683420
1.1757506501826276,2130,10,1,0,1,1,1.9,1.1,2025-Jan-30-21:21:38.745396
0.8981885969639903,2131,10,1,1,1,1,1.9,1.9,2025-Jan-30-21:21:38.822636
0.8494574588993953,2132,3,1,1,1,1,0.7,1.9,2025-Jan-30-21:21:38.896061
0.8981885969639903,2133,10,1,1,1,1,1.9,1.9,2025-Jan-30-21:21:38.999041
1.0757742046873684,2134,10,1,1,0,1,0.0,0.7,2025-Jan-30-21:21:39.106343
1.1757506684040884,2135,10,1,0,1,-1,1.9,0.0,2025-Jan-30-21:21:39.188721
1.1757506863424412,2136,10,1,0,1,-1,1.4,0.0,2025-Jan-30-21:21:39.244995
1.1757506676360674,2137,10,1,0,1,1,1.6,1.0,2025-Jan-30-21:21:39.300083
0.5431843317372007,2138,7,1,0,1,1,1.5,0.9,2025-Jan-30-21:21:39.381403
0.8981885969639903,2139,10,1,1,1,1,1.9,1.9,2025-Jan-30-21:21:39.462794
1.1119380948486355,2140,8,1,1,-1,0,0.0,0.0,2025-Jan-30-21:21:39.521157
0.8981885969639903,2141,10,1,1,1,1,1.9,1.9,2025-Jan-30-21:21:39.599165
1.17575066565376,2142,10,1,0,1,1,1.9,1.9,2025-Jan-30-21:21:39.657074
0.5431843317372007,2143,7,1,0,1,1,1.5,0.9,2025-Jan-30-21:21:39.747536
0.898153061258479,2144,7,1,1,1,1,1.9,1.7,2025-Jan-30-21:21:39.836270
1.1119380980176448,2145,10,1,1,-1,-1,0.0,0.0,2025-Jan-30-21:21:39.896566
1.17575066313464,2146,8,1,0,1,1,1.8,1.9,2025-Jan-30-21:21:39.967639
0.9486886488549064,2147,5,1,1,1,1,1.9,1.9,2025-Jan-30-21:21:40.096599
0.9486992425870056,2148,5,1,1,1,1,1.9,1.3,2025-Jan-30-21:21:40.216347
1.2049649334453785,2149,8,1,0,-1,1,0.0,1.9,2025-Jan-30-21:21:40.281935
0.8981885969639903,2150,10,1,1,1,1,1.9,1.9,2025-Jan-30-21:21:40.376171
0.8981885968170219,2151,10,1,1,1,1,1.9,1.7,2025-Jan-30-21:21:40.470939
1.1757506566540592,2152,8,1,0,1,1,1.9,1.9,2025-Jan-30-21:21:40.537668
1.1757506670483657,2153,10,1,0,0,-1,0.0,0.0,2025-Jan-30-21:21:40.603603
