Cost,Sim,Switch_State_Indx,Gen1_on,Gen2_on,Batt1_mode,Batt2_mode,Batt1_power_kW,Batt2_power_kW,Timestamp
1.0757509786066803,2768,5,1,1,-1,0,0.0,0.0,2025-Jan-30-21:22:30.407333
0.7207724245866639,2769,2,1,0,0,0,0.0,0.0,2025-Jan-30-21:22:30.453550
0.5790172578514877,2770,7,1,0,1,-1,1.0,0.0,2025-Jan-30-21:22:30.497495
0.8981849722194548,2771,6,1,1,1,1,1.5,0.4,2025-Jan-30-21:22:30.574711
0.7207724277510907,2772,5,1,0,-1,0,0.0,0.0,2025-Jan-30-21:22:30.619737
1.0757742211443824,2773,9,1,1,-1,0,0.0,0.0,2025-Jan-30-21:22:30.745516
0.7711551014314358,2774,8,1,1,1,1,1.9,1.0,2025-Jan-30-21:22:30.844674
0.5506638014263608,2775,3,1,0,1,0,1.2,0.0,2025-Jan-30-21:22:30.888689
1.2057564061623827,2776,0,1,0,0,0,0.0,0.0,2025-Jan-30-21:22:30.943490
1.0757509770461597,2777,5,1,1,0,0,0.0,0.0,2025-Jan-30-21:22:31.036823
0.5931936618884976,2778,6,1,0,1,1,0.9,1.8,2025-Jan-30-21:22:31.139730
1.1625992920030483,2779,9,1,1,-1,-1,0.0,0.0,2025-Jan-30-21:22:31.223597
1.1119380811292872,2780,10,1,1,-1,1,0.0,1.4,2025-Jan-30-21:22:31.301530
1.1241434980757945,2781,8,1,0,0,-1,0.0,0.0,2025-Jan-30-21:22:31.367681
1.1085655952507665,2782,7,1,1,-1,0,0.0,0.0,2025-Jan-30-21:22:31.422797
0.5431840232611487,2783,7,1,0,1,1,1.4,0.8,2025-Jan-30-21:22:31.501639
1.0757730679928668,2784,4,1,1,-1,0,0.0,0.0,2025-Jan-30-21:22:31.545246
1.0757730515674657,2785,4,1,1,1,0,1.1,0.0,2025-Jan-30-21:22:31.598657
1.0757742178287177,2786,8,1,1,0,0,0.0,0.0,2025-Jan-30-21:22:31.641824
0.8075973306169408,2787,4,1,0,1,-1,0.6,0.0,2025-Jan-30-21:22:31.721448
0.59372154301132,2788,1,1,0,0,1,0.0,1.6,2025-Jan-30-21:22:31.793276
0.7207724245865745,2789,5,1,0,0,0,0.0,0.0,2025-Jan-30-21:22:31.840156
0.6782093237810412,2790,4,1,0,0,1,0.0,0.3,2025-Jan-30-21:22:31.883899
1.0786992919755165,2791,0,1,0,0,1,0.0,1.8,2025-Jan-30-21:22:31.983635
1.0356414432899137,2792,0,1,0,1,0,1.2,0.0,2025-Jan-30-21:22:32.058613
1.0757711430969912,2793,1,1,1,0,0,0.0,0.0,2025-Jan-30-21:22:32.131733
0.7569364602753836,2794,7,1,0,-1,0,0.0,0.0,2025-Jan-30-21:22:32.206937
0.7207724245865745,2795,5,1,0,0,0,0.0,0.0,2025-Jan-30-21:22:32.251534
0.7494695558329538,2796,6,1,0,-1,-1,0.0,0.0,2025-Jan-30-21:22:32.307657
0.6070950334571948,2797,3,1,0,0,1,0.0,0.8,2025-Jan-30-21:22:32.354368
0.7207724114074094,2798,6,1,0,0,1,0.0,0.3,2025-Jan-30-21:22:32.409462
1.0787060876861279,2799,0,1,0,0,1,0.0,1.4,2025-Jan-30-21:22:32.488629
0.9623422987063405,2800,7,1,1,1,0,0.8,0.0,2025-Jan-30-21:22:32.532104
1.1148026538408449,2801,8,1,0,1,-1,0.7,0.0,2025-Jan-30-21:22:32.592278
0.9907240251917322,2802,10,1,1,1,0,0.6,0.0,2025-Jan-30-21:22:32.636368
1.0757742178287177,2803,8,1,1,0,0,0.0,0.0,2025-Jan-30-21:22:32.680085
0.934017881354806,2804,6,1,1,1,1,1.0,1.0,2025-Jan-30-21:22:32.735425
0.9487027822455688,2805,5,1,1,1,1,1.8,1.1,2025-Jan-30-21:22:32.811658
1.1982057000075539,2806,3,1,1,-1,-1,0.0,0.0,2025-Jan-30-21:22:32.881136
1.0757742179740988,2807,9,1,1,0,0,0.0,0.0,2025-Jan-30-21:22:32.925922
0.713750654217219,2808,10,1,0,-1,-1,0.0,0.0,2025-Jan-30-21:22:33.007455
1.5607570462257478,2809,0,1,1,0,0,0.0,0.0,2025-Jan-30-21:22:33.102759
1.0757509769736244,2810,3,1,1,0,0,0.0,0.0,2025-Jan-30-21:22:33.165150
0.7207724277510907,2811,5,1,0,-1,0,0.0,0.0,2025-Jan-30-21:22:33.210417
1.0757742211443824,2812,9,1,1,-1,0,0.0,0.0,2025-Jan-30-21:22:33.253734
1.0332500090321288,2813,8,1,1,1,0,0.3,0.0,2025-Jan-30-21:22:33.297501
1.0757509770461597,2814,5,1,1,0,0,0.0,0.0,2025-Jan-30-21:22:33.344243
0.9623423004731949,2815,7,1,1,1,-1,0.8,0.0,2025-Jan-30-21:22:33.389182
1.0757730516540729,2816,6,1,1,0,1,0.0,1.7,2025-Jan-30-21:22:33.445756
0.7065978082865301,2817,7,1,0,1,0,0.1,0.0,2025-Jan-30-21:22:33.489465
0.749469553143833,2818,3,1,0,-1,0,0.0,0.0,2025-Jan-30-21:22:33.545511
0.5431840232611487,2819,7,1,0,1,1,1.4,0.8,2025-Jan-30-21:22:33.623470
0.5431840232611487,2820,7,1,0,1,1,1.4,0.8,2025-Jan-30-21:22:33.706873
0.5431840396948064,2821,7,1,0,1,-1,1.4,0.0,2025-Jan-30-21:22:33.780352
0.543184035845765,2822,7,1,0,1,0,1.4,0.0,2025-Jan-30-21:22:33.857765
0.5431837149541732,2823,7,1,0,1,1,1.3,0.8,2025-Jan-30-21:22:33.937843
0.5431840232611487,2824,7,1,0,1,1,1.4,0.8,2025-Jan-30-21:22:34.034121
0.5431837149541732,2825,7,1,0,1,1,1.3,0.8,2025-Jan-30-21:22:34.138380
0.5931936626967653,2826,7,1,0,1,1,0.9,0.8,2025-Jan-30-21:22:34.203161
0.5431840229602272,2827,7,1,0,1,1,1.4,0.3,2025-Jan-30-21:22:34.281864
0.5431840396948064,2828,7,1,0,1,-1,1.4,0.0,2025-Jan-30-21:22:34.358375
0.5506637889778869,2829,7,1,0,1,1,1.2,0.8,2025-Jan-30-21:22:34.496353
0.5431840232611487,2830,7,1,0,1,1,1.4,0.8,2025-Jan-30-21:22:34.576444
0.5431840232611487,2831,7,1,0,1,1,1.4,0.8,2025-Jan-30-21:22:34.655088
0.5431840396948064,2832,7,1,0,1,-1,1.4,0.0,2025-Jan-30-21:22:34.729091
0.7569364467982856,2833,7,1,0,-1,1,0.0,0.8,2025-Jan-30-21:22:34.812783
0.5431840232611487,2834,7,1,0,1,1,1.4,0.8,2025-Jan-30-21:22:34.893039
0.5506638014263608,2835,3,1,0,1,0,1.2,0.0,2025-Jan-30-21:22:34.938078
0.5506638014263608,2836,3,1,0,1,0,1.2,0.0,2025-Jan-30-21:22:35.005133
0.5506638014263608,2837,3,1,0,1,0,1.2,0.0,2025-Jan-30-21:22:35.076773
0.5506638014263608,2838,3,1,0,1,0,1.2,0.0,2025-Jan-30-21:22:35.150750
0.5790172578514877,2839,7,1,0,1,-1,1.0,0.0,2025-Jan-30-21:22:35.213857
0.7207724277510894,2840,7,1,0,0,-1,0.0,0.0,2025-Jan-30-21:22:35.258375
0.7207724277510894,2841,7,1,0,0,-1,0.0,0.0,2025-Jan-30-21:22:35.303428
0.5790172578514877,2842,7,1,0,1,-1,1.0,0.0,2025-Jan-30-21:22:35.351075
1.1241434980757994,2843,9,1,0,0,-1,0.0,0.0,2025-Jan-30-21:22:35.411630
1.162586765871954,2844,3,1,1,0,-1,0.0,0.0,2025-Jan-30-21:22:35.468497
0.8075973436857562,2845,3,1,0,0,-1,0.0,0.0,2025-Jan-30-21:22:35.524357
0.6498973416939033,2846,3,1,0,1,0,0.5,0.0,2025-Jan-30-21:22:35.569288
1.0409914724930025,2847,1,1,1,-1,1,0.0,0.5,2025-Jan-30-21:22:35.625021
1.1241434980757994,2848,9,1,0,0,-1,0.0,0.0,2025-Jan-30-21:22:35.690172
1.1757506578212604,2849,10,1,0,1,0,1.0,0.0,2025-Jan-30-21:22:35.746482
0.63556712668913,2850,4,1,0,-1,1,0.0,0.6,2025-Jan-30-21:22:35.791413
0.9486904263547232,2851,5,1,1,0,1,0.0,1.8,2025-Jan-30-21:22:35.866881
1.0757742179736964,2852,10,1,1,0,0,0.0,0.0,2025-Jan-30-21:22:35.911326
1.0708934980940992,2853,10,1,0,-1,0,0.0,0.0,2025-Jan-30-21:22:35.991571
1.0757730648283506,2854,4,1,1,0,0,0.0,0.0,2025-Jan-30-21:22:36.060669
1.0757509623846886,2855,7,1,1,0,1,0.0,0.2,2025-Jan-30-21:22:36.154506
0.7207724247317727,2856,6,1,0,0,0,0.0,0.0,2025-Jan-30-21:22:36.202558
1.0267887240127895,2857,8,1,1,-1,1,0.0,0.6,2025-Jan-30-21:22:36.261191
1.1757506411834284,2858,8,1,0,0,0,0.0,0.0,2025-Jan-30-21:22:36.319731
0.8437651642955636,2859,1,1,0,-1,-1,0.0,0.0,2025-Jan-30-21:22:36.393053
0.7207724247317727,2860,6,1,0,0,0,0.0,0.0,2025-Jan-30-21:22:36.441164
0.9849038307820133,2861,2,1,1,-1,1,0.0,1.1,2025-Jan-30-21:22:36.526829
0.9203555988582026,2862,3,1,1,1,1,0.2,0.9,2025-Jan-30-21:22:36.600397
0.7207724247317728,2863,4,1,0,0,0,0.0,0.0,2025-Jan-30-21:22:36.646975
1.0757742179740988,2864,9,1,1,0,0,0.0,0.0,2025-Jan-30-21:22:36.692743
1.2419215143445705,2865,0,1,0,-1,0,0.0,0.0,2025-Jan-30-21:22:36.772976
1.070893498094094,2866,8,1,0,-1,0,0.0,0.0,2025-Jan-30-21:22:36.836199
0.9340199308869059,2867,10,1,1,1,0,1.0,0.0,2025-Jan-30-21:22:36.883754
0.9487267318052904,2868,9,1,1,0,1,0.0,1.5,2025-Jan-30-21:22:36.987491
1.0757509770459617,2869,7,1,1,0,0,0.0,0.0,2025-Jan-30-21:22:37.053229
1.049192362374889,2870,2,1,1,1,-1,0.8,0.0,2025-Jan-30-21:22:37.142268
0.593193675244256,2871,3,1,0,1,0,0.9,0.0,2025-Jan-30-21:22:37.211949
0.720770503000503,2872,1,1,0,0,0,0.0,0.0,2025-Jan-30-21:22:37.254275
1.1982057000075539,2873,3,1,1,-1,-1,0.0,0.0,2025-Jan-30-21:22:37.321703
0.7207724277510907,2874,5,1,0,-1,0,0.0,0.0,2025-Jan-30-21:22:37.364680
1.1241434980757945,2875,8,1,0,0,-1,0.0,0.0,2025-Jan-30-21:22:37.426787
1.0757711430969912,2876,1,1,1,0,0,0.0,0.0,2025-Jan-30-21:22:37.470880
1.0757509786022807,2877,7,1,1,0,-1,0.0,0.0,2025-Jan-30-21:22:37.678876
1.1119353369785046,2878,1,1,1,-1,0,0.0,0.0,2025-Jan-30-21:22:37.739051
0.7207724247317728,2879,4,1,0,0,0,0.0,0.0,2025-Jan-30-21:22:37.784726
1.1119353369785046,2880,1,1,1,-1,0,0.0,0.0,2025-Jan-30-21:22:37.842323
1.1757506670483657,2881,10,1,0,0,-1,0.0,0.0,2025-Jan-30-21:22:37.900050
1.1987685683099123,2882,8,1,1,-1,-1,0.0,0.0,2025-Jan-30-21:22:38.002253
0.7207724277510894,2883,7,1,0,0,-1,0.0,0.0,2025-Jan-30-21:22:38.085255
1.0757711430969912,2884,1,1,1,0,0,0.0,0.0,2025-Jan-30-21:22:38.162427
1.2057564061623827,2885,0,1,0,0,0,0.0,0.0,2025-Jan-30-21:22:38.240473
1.0757509786022807,2886,7,1,1,0,-1,0.0,0.0,2025-Jan-30-21:22:38.288408
0.7207724247317727,2887,6,1,0,0,0,0.0,0.0,2025-Jan-30-21:22:38.334726
1.0757730679928668,2888,4,1,1,-1,0,0.0,0.0,2025-Jan-30-21:22:38.381053
0.8075973436857562,2889,3,1,0,0,-1,0.0,0.0,2025-Jan-30-21:22:38.440014
0.5431837275528582,2890,7,1,0,1,0,1.3,0.0,2025-Jan-30-21:22:38.515703
0.5431837314015326,2891,7,1,0,1,-1,1.3,0.0,2025-Jan-30-21:22:38.590037
0.5431837149541732,2892,7,1,0,1,1,1.3,0.8,2025-Jan-30-21:22:38.671465
0.5431837314015326,2893,7,1,0,1,-1,1.3,0.0,2025-Jan-30-21:22:38.745779
0.7207724107614659,2894,7,1,0,0,1,0.0,0.8,2025-Jan-30-21:22:38.800157
0.7207724107614659,2895,7,1,0,0,1,0.0,0.8,2025-Jan-30-21:22:38.853918
0.5506637889778869,2896,7,1,0,1,1,1.2,0.8,2025-Jan-30-21:22:38.909837
0.8981517766932369,2897,7,1,1,1,1,1.3,0.8,2025-Jan-30-21:22:39.023579
0.5431837149541732,2898,7,1,0,1,1,1.3,0.8,2025-Jan-30-21:22:39.154608
0.5431837149541732,2899,7,1,0,1,1,1.3,0.8,2025-Jan-30-21:22:39.254943
0.543183714881704,2900,7,1,0,1,1,1.3,1.2,2025-Jan-30-21:22:39.338968
0.5431837149541732,2901,7,1,0,1,1,1.3,0.8,2025-Jan-30-21:22:39.419494
0.7569364467982856,2902,7,1,0,-1,1,0.0,0.8,2025-Jan-30-21:22:39.499356
0.5431840232611487,2903,7,1,0,1,1,1.4,0.8,2025-Jan-30-21:22:39.579669
0.5431837149541732,2904,7,1,0,1,1,1.3,0.8,2025-Jan-30-21:22:39.661175
0.5431837149541732,2905,7,1,0,1,1,1.3,0.8,2025-Jan-30-21:22:39.741640
0.7207724244414657,2906,3,1,0,0,0,0.0,0.0,2025-Jan-30-21:22:39.786735
0.5506638014263608,2907,3,1,0,1,0,1.2,0.0,2025-Jan-30-21:22:39.831932
0.5506638014263608,2908,3,1,0,1,0,1.2,0.0,2025-Jan-30-21:22:39.876388
0.6374841060309989,2909,3,1,0,1,-1,1.2,0.0,2025-Jan-30-21:22:39.937212
0.5790172578514877,2910,7,1,0,1,-1,1.0,0.0,2025-Jan-30-21:22:39.999206
0.9339880685991373,2911,7,1,1,1,-1,1.0,0.0,2025-Jan-30-21:22:40.074261
0.5790172578514877,2912,7,1,0,1,-1,1.0,0.0,2025-Jan-30-21:22:40.142960
0.5790172412627113,2913,7,1,0,1,1,1.0,0.4,2025-Jan-30-21:22:40.221790
0.5431846410935723,2914,7,1,0,1,1,1.6,1.9,2025-Jan-30-21:22:40.305038
1.0615712616348023,2915,5,1,1,0,1,0.0,0.1,2025-Jan-30-21:22:40.354528
1.1119380980176448,2916,10,1,1,-1,-1,0.0,0.0,2025-Jan-30-21:22:40.413535
1.0047906202326486,2917,4,1,1,0,1,0.0,0.5,2025-Jan-30-21:22:40.458508
1.1148825744136357,2918,0,1,0,-1,1,0.0,1.1,2025-Jan-30-21:22:40.562009
1.075773051764827,2919,4,1,1,1,0,1.2,0.0,2025-Jan-30-21:22:40.618180
1.1241434980757945,2920,8,1,0,0,-1,0.0,0.0,2025-Jan-30-21:22:40.681359
0.8075955916472131,2921,1,1,0,0,-1,0.0,0.0,2025-Jan-30-21:22:40.739523
0.7207724245865745,2922,5,1,0,0,0,0.0,0.0,2025-Jan-30-21:22:40.784285
0.9849849310634368,2923,3,1,1,1,-1,1.4,0.0,2025-Jan-30-21:22:40.870234
1.0757711430969912,2924,1,1,1,0,0,0.0,0.0,2025-Jan-30-21:22:40.915689
1.328758056291552,2925,0,1,0,-1,-1,0.0,0.0,2025-Jan-30-21:22:41.055229
1.1625867509699312,2926,5,1,1,1,-1,1.7,0.0,2025-Jan-30-21:22:41.167095
1.175750636084216,2927,10,1,0,0,1,0.0,1.4,2025-Jan-30-21:22:41.230004
1.1625867659373892,2928,5,1,1,0,-1,0.0,0.0,2025-Jan-30-21:22:41.395453
1.1757506670486992,2929,9,1,0,-1,0,0.0,0.0,2025-Jan-30-21:22:41.453819
1.0757730646832417,2930,2,1,1,0,0,0.0,0.0,2025-Jan-30-21:22:41.497984
0.6213354781593134,2931,5,1,0,-1,1,0.0,0.7,2025-Jan-30-21:22:41.542815
0.5937237143777033,2932,3,1,0,0,1,0.0,1.6,2025-Jan-30-21:22:41.615442
0.7207724110838325,2933,5,1,0,1,0,1.5,0.0,2025-Jan-30-21:22:41.670994
1.1757506381996836,2934,10,1,0,0,1,0.0,0.3,2025-Jan-30-21:22:41.727074
1.0757730648283506,2935,6,1,1,0,0,0.0,0.0,2025-Jan-30-21:22:41.771228
0.8075973438165706,2936,5,1,0,0,-1,0.0,0.0,2025-Jan-30-21:22:41.828445
1.111937100367971,2937,2,1,1,-1,0,0.0,0.0,2025-Jan-30-21:22:41.887144
0.9486992568021017,2938,3,1,1,0,1,0.0,1.3,2025-Jan-30-21:22:41.980368
1.0757730515436084,2939,4,1,1,1,0,0.7,0.0,2025-Jan-30-21:22:42.065846
1.0047644309021901,2940,5,1,1,0,1,0.0,0.5,2025-Jan-30-21:22:42.135716
0.749469553143833,2941,3,1,0,-1,0,0.0,0.0,2025-Jan-30-21:22:42.217001
1.0757711430969912,2942,1,1,1,0,0,0.0,0.0,2025-Jan-30-21:22:42.260776
1.1757506513780847,2943,10,1,0,1,1,1.6,0.6,2025-Jan-30-21:22:42.316181
0.7207724245865745,2944,7,1,0,0,0,0.0,0.0,2025-Jan-30-21:22:42.365217
1.1085655951940978,2945,3,1,1,-1,0,0.0,0.0,2025-Jan-30-21:22:42.422963
0.7207724245866639,2946,2,1,0,0,0,0.0,0.0,2025-Jan-30-21:22:42.467836
1.07575096240337,2947,5,1,1,1,0,0.5,0.0,2025-Jan-30-21:22:42.524219
1.1119371005071663,2948,6,1,1,-1,0,0.0,0.0,2025-Jan-30-21:22:42.581358
0.7569364604146629,2949,6,1,0,-1,0,0.0,0.0,2025-Jan-30-21:22:42.638558
0.7494822890755525,2950,1,1,0,-1,0,0.0,0.0,2025-Jan-30-21:22:42.697102
0.6298999453150318,2951,1,1,0,-1,1,0.0,1.2,2025-Jan-30-21:22:42.783959
1.1085655952507665,2952,7,1,1,-1,0,0.0,0.0,2025-Jan-30-21:22:42.840338
0.6924209358004021,2953,1,1,0,1,0,0.2,0.0,2025-Jan-30-21:22:42.885999
0.8437667699124402,2954,2,1,0,-1,-1,0.0,0.0,2025-Jan-30-21:22:42.981572
1.1757506468732957,2955,8,1,0,1,0,1.6,0.0,2025-Jan-30-21:22:43.056058
1.0757509770461597,2956,5,1,1,0,0,0.0,0.0,2025-Jan-30-21:22:43.120418
1.0757730648283506,2957,6,1,1,0,0,0.0,0.0,2025-Jan-30-21:22:43.180992
1.1757506411834284,2958,8,1,0,0,0,0.0,0.0,2025-Jan-30-21:22:43.238036
0.5937317139206233,2959,1,1,0,0,1,0.0,1.0,2025-Jan-30-21:22:43.313967
1.1625979705258151,2960,4,1,1,1,-1,1.9,0.0,2025-Jan-30-21:22:43.397951
0.7207724115230502,2961,7,1,0,0,1,0.0,1.2,2025-Jan-30-21:22:43.459824
0.5431837275528582,2962,7,1,0,1,0,1.3,0.0,2025-Jan-30-21:22:43.534840
0.543183714881704,2963,7,1,0,1,1,1.3,1.2,2025-Jan-30-21:22:43.614303
0.7569364467353783,2964,7,1,0,-1,1,0.0,1.2,2025-Jan-30-21:22:43.695191
0.543183714881704,2965,7,1,0,1,1,1.3,1.2,2025-Jan-30-21:22:43.773178
0.5431840231933515,2966,7,1,0,1,1,1.4,1.2,2025-Jan-30-21:22:43.851616
0.543183714881704,2967,7,1,0,1,1,1.3,1.2,2025-Jan-30-21:22:43.935517
0.5431837314015326,2968,7,1,0,1,-1,1.3,0.0,2025-Jan-30-21:22:44.028300
0.5431837146906684,2969,7,1,0,1,1,1.3,1.1,2025-Jan-30-21:22:44.148591
0.5431837275528582,2970,7,1,0,1,0,1.3,0.0,2025-Jan-30-21:22:44.327309
0.543183714881704,2971,7,1,0,1,1,1.3,1.2,2025-Jan-30-21:22:44.408447
0.543183714466013,2972,7,1,0,1,1,1.3,1.4,2025-Jan-30-21:22:44.492202
0.5431837275528582,2973,7,1,0,1,0,1.3,0.0,2025-Jan-30-21:22:44.567458
0.543183714881704,2974,7,1,0,1,1,1.3,1.2,2025-Jan-30-21:22:44.645582
0.5431837275528582,2975,7,1,0,1,0,1.3,0.0,2025-Jan-30-21:22:44.720971
0.543183714881704,2976,7,1,0,1,1,1.3,1.2,2025-Jan-30-21:22:44.800260
0.5431855736708591,2977,7,1,0,1,1,1.9,1.9,2025-Jan-30-21:22:44.880655
0.5431855736708591,2978,7,1,0,1,1,1.9,1.9,2025-Jan-30-21:22:44.984259
0.5431846410935723,2979,7,1,0,1,1,1.6,1.9,2025-Jan-30-21:22:45.095046
0.5431846410935723,2980,7,1,0,1,1,1.6,1.9,2025-Jan-30-21:22:45.207574
0.5506638014263608,2981,3,1,0,1,0,1.2,0.0,2025-Jan-30-21:22:45.253060
0.7207724244414657,2982,3,1,0,0,0,0.0,0.0,2025-Jan-30-21:22:45.298122
0.5506638014263608,2983,3,1,0,1,0,1.2,0.0,2025-Jan-30-21:22:45.343312
0.6374841060309989,2984,3,1,0,1,-1,1.2,0.0,2025-Jan-30-21:22:45.399957
1.0332500091843686,2985,10,1,1,1,0,0.3,0.0,2025-Jan-30-21:22:45.447884
0.565375821170951,2986,1,1,0,1,1,0.2,1.4,2025-Jan-30-21:22:45.520442
1.2925893835362965,2987,0,1,0,0,-1,0.0,0.0,2025-Jan-30-21:22:45.598220
1.162586765871954,2988,3,1,1,0,-1,0.0,0.0,2025-Jan-30-21:22:45.654744
0.8981882849152669,2989,10,1,1,1,0,1.8,0.0,2025-Jan-30-21:22:45.727570
0.8981886096794347,2990,8,1,1,1,0,1.9,0.0,2025-Jan-30-21:22:45.801457
1.1085655952507665,2991,7,1,1,-1,0,0.0,0.0,2025-Jan-30-21:22:45.859521
1.175750641146208,2992,10,1,0,0,0,0.0,0.0,2025-Jan-30-21:22:45.915411
0.543184035845765,2993,7,1,0,1,0,1.4,0.0,2025-Jan-30-21:22:46.014748
1.1625979706036564,2994,4,1,1,1,-1,0.5,0.0,2025-Jan-30-21:22:46.131521
0.7207724114708879,2995,4,1,0,1,0,1.1,0.0,2025-Jan-30-21:22:46.199903
1.1119371005071663,2996,6,1,1,-1,0,0.0,0.0,2025-Jan-30-21:22:46.259558
1.1757506411834284,2997,8,1,0,0,0,0.0,0.0,2025-Jan-30-21:22:46.318445
0.8075973439474216,2998,4,1,0,0,-1,0.0,0.0,2025-Jan-30-21:22:46.380214
0.8075973439474216,2999,4,1,0,0,-1,0.0,0.0,2025-Jan-30-21:22:46.441316
0.7207724247317727,3000,6,1,0,0,0,0.0,0.0,2025-Jan-30-21:22:46.485171
1.1085655951940978,3001,3,1,1,-1,0,0.0,0.0,2025-Jan-30-21:22:46.541943
1.1757506797524613,3002,10,1,0,1,-1,1.3,0.0,2025-Jan-30-21:22:46.597111
1.0615996805315544,3003,8,1,1,1,0,0.1,0.0,2025-Jan-30-21:22:46.640814
1.1757506670483657,3004,10,1,0,0,-1,0.0,0.0,2025-Jan-30-21:22:46.696542
1.0917226746620239,3005,8,1,1,1,-1,0.5,0.0,2025-Jan-30-21:22:46.752775
0.6355650352874672,3006,1,1,0,0,1,0.0,0.6,2025-Jan-30-21:22:46.797036
0.9487284336648374,3007,8,1,1,0,1,0.0,1.4,2025-Jan-30-21:22:46.869122
1.5969221544039711,3008,0,1,1,-1,0,0.0,0.0,2025-Jan-30-21:22:46.968236
0.7494695558329538,3009,6,1,0,-1,-1,0.0,0.0,2025-Jan-30-21:22:47.059988
1.162599289150435,3010,9,1,1,0,-1,0.0,0.0,2025-Jan-30-21:22:47.139873
1.0757742179740988,3011,9,1,1,0,0,0.0,0.0,2025-Jan-30-21:22:47.201374
1.1757506873256305,3012,10,1,0,1,-1,1.0,0.0,2025-Jan-30-21:22:47.259425
0.543184653898434,3013,3,1,0,1,0,1.6,0.0,2025-Jan-30-21:22:47.420921
0.9849006287555747,3014,8,1,1,-1,1,0.0,1.4,2025-Jan-30-21:22:47.510125
1.0757730648283506,3015,6,1,1,0,0,0.0,0.0,2025-Jan-30-21:22:47.553943
0.7207724247317728,3016,4,1,0,0,0,0.0,0.0,2025-Jan-30-21:22:47.597657
0.7207724245866639,3017,2,1,0,0,0,0.0,0.0,2025-Jan-30-21:22:47.642162
0.5431846540738857,3018,7,1,0,1,0,1.6,0.0,2025-Jan-30-21:22:47.714116
0.7569364602753836,3019,7,1,0,-1,0,0.0,0.0,2025-Jan-30-21:22:47.772129
1.0757730646832417,3020,2,1,1,0,0,0.0,0.0,2025-Jan-30-21:22:47.820136
0.9487311289778877,3021,2,1,1,0,1,0.0,1.2,2025-Jan-30-21:22:47.898085
0.9055329169029439,3022,3,1,1,1,1,0.7,0.5,2025-Jan-30-21:22:47.942471
1.162599289150435,3023,9,1,1,0,-1,0.0,0.0,2025-Jan-30-21:22:48.044197
1.0757509769736244,3024,3,1,1,0,0,0.0,0.0,2025-Jan-30-21:22:48.111236
1.0757730514125874,3025,4,1,1,1,0,1.3,0.0,2025-Jan-30-21:22:48.192372
0.5937304888661115,3026,2,1,0,0,1,0.0,1.2,2025-Jan-30-21:22:48.267754
0.579017254311169,3027,6,1,0,1,0,1.0,0.0,2025-Jan-30-21:22:48.312761
1.111937103539876,3028,6,1,1,-1,-1,0.0,0.0,2025-Jan-30-21:22:48.372895
1.0757730648283506,3029,4,1,1,0,0,0.0,0.0,2025-Jan-30-21:22:48.416783
1.070893498094094,3030,8,1,0,-1,0,0.0,0.0,2025-Jan-30-21:22:48.480932
1.061594141099179,3031,4,1,1,1,1,1.1,0.1,2025-Jan-30-21:22:48.535700
0.543183714466013,3032,7,1,0,1,1,1.3,1.4,2025-Jan-30-21:22:48.615249
0.5431840226045686,3033,7,1,0,1,1,1.4,1.4,2025-Jan-30-21:22:48.695600
0.543183714466013,3034,7,1,0,1,1,1.3,1.4,2025-Jan-30-21:22:48.774528
0.543183714466013,3035,7,1,0,1,1,1.3,1.4,2025-Jan-30-21:22:48.854847
0.5431837314015326,3036,7,1,0,1,-1,1.3,0.0,2025-Jan-30-21:22:48.928209
0.543183714466013,3037,7,1,0,1,1,1.3,1.4,2025-Jan-30-21:22:49.030676
0.543183714466013,3038,7,1,0,1,1,1.3,1.4,2025-Jan-30-21:22:49.140512
0.543183714466013,3039,7,1,0,1,1,1.3,1.4,2025-Jan-30-21:22:49.225743
0.720772411104349,3040,7,1,0,0,1,0.0,1.4,2025-Jan-30-21:22:49.283146
0.543183714466013,3041,7,1,0,1,1,1.3,1.4,2025-Jan-30-21:22:49.377536
0.543183714466013,3042,7,1,0,1,1,1.3,1.4,2025-Jan-30-21:22:49.464479
0.543183714466013,3043,7,1,0,1,1,1.3,1.4,2025-Jan-30-21:22:49.546926
0.543183714466013,3044,7,1,0,1,1,1.3,1.4,2025-Jan-30-21:22:49.628561
0.543183714466013,3045,7,1,0,1,1,1.3,1.4,2025-Jan-30-21:22:49.711561
0.543183714466013,3046,7,1,0,1,1,1.3,1.4,2025-Jan-30-21:22:49.792910
0.8981517770229571,3047,7,1,1,1,1,1.3,1.4,2025-Jan-30-21:22:49.881268
0.543184035845765,3048,7,1,0,1,0,1.4,0.0,2025-Jan-30-21:22:49.987601
0.543184035845765,3049,7,1,0,1,0,1.4,0.0,2025-Jan-30-21:22:50.094260
0.543184035845765,3050,7,1,0,1,0,1.4,0.0,2025-Jan-30-21:22:50.201241
0.543184035845765,3051,7,1,0,1,0,1.4,0.0,2025-Jan-30-21:22:50.278355
0.5431846410935723,3052,7,1,0,1,1,1.6,1.9,2025-Jan-30-21:22:50.361641
0.5431846579236632,3053,7,1,0,1,-1,1.6,0.0,2025-Jan-30-21:22:50.435954
0.5431846410935723,3054,7,1,0,1,1,1.6,1.9,2025-Jan-30-21:22:50.517183
0.5431846410935723,3055,7,1,0,1,1,1.6,1.9,2025-Jan-30-21:22:50.595391
1.1119380949877005,3056,10,1,1,-1,0,0.0,0.0,2025-Jan-30-21:22:50.652961
0.41613900566323087,3057,1,1,0,1,1,1.7,1.5,2025-Jan-30-21:22:50.750678
0.6073698943545289,3058,6,1,0,1,0,0.8,0.0,2025-Jan-30-21:22:50.794255
0.8075955916472131,3059,1,1,0,0,-1,0.0,0.0,2025-Jan-30-21:22:50.934001
0.9487199383137805,3060,9,1,1,0,1,0.0,1.9,2025-Jan-30-21:22:51.033514
0.7207724245865745,3061,5,1,0,0,0,0.0,0.0,2025-Jan-30-21:22:51.102274
1.0757509770459617,3062,7,1,1,0,0,0.0,0.0,2025-Jan-30-21:22:51.168075
0.749469553143833,3063,3,1,0,-1,0,0.0,0.0,2025-Jan-30-21:22:51.230491
1.1212605820592958,3064,8,1,0,1,-1,0.2,0.0,2025-Jan-30-21:22:51.293727
0.720772427896289,3065,4,1,0,-1,0,0.0,0.0,2025-Jan-30-21:22:51.339525
0.7494822890755525,3066,1,1,0,-1,0,0.0,0.0,2025-Jan-30-21:22:51.397944
0.9623422987063405,3067,7,1,1,1,0,0.8,0.0,2025-Jan-30-21:22:51.444604
0.9983586520154408,3068,1,1,1,-1,1,0.0,0.8,2025-Jan-30-21:22:51.506214
0.7207724245865745,3069,5,1,0,0,0,0.0,0.0,2025-Jan-30-21:22:51.551662
1.1119163928822093,3070,7,1,1,-1,-1,0.0,0.0,2025-Jan-30-21:22:51.607508
0.7207724112731037,3071,6,1,0,0,1,0.0,0.9,2025-Jan-30-21:22:51.662685
0.948722664931691,3072,4,1,1,0,1,0.0,1.7,2025-Jan-30-21:22:51.735091
0.7207724277510907,3073,5,1,0,-1,0,0.0,0.0,2025-Jan-30-21:22:51.778739
0.9487226515471542,3074,4,1,1,1,1,1.6,1.7,2025-Jan-30-21:22:51.856522
1.0757730515436075,3075,6,1,1,0,1,0.0,0.7,2025-Jan-30-21:22:51.912757
0.713750654217219,3076,10,1,0,-1,-1,0.0,0.0,2025-Jan-30-21:22:51.994251
1.175750655999938,3077,8,1,0,1,0,1.0,0.0,2025-Jan-30-21:22:52.081400
0.7207724245865745,3078,7,1,0,0,0,0.0,0.0,2025-Jan-30-21:22:52.153757
0.8075973305169065,3079,4,1,0,1,-1,0.5,0.0,2025-Jan-30-21:22:52.244688
0.9487045542719563,3080,5,1,1,1,1,0.7,1.0,2025-Jan-30-21:22:52.328509
1.0757742179736964,3081,10,1,1,0,0,0.0,0.0,2025-Jan-30-21:22:52.374385
0.8981528611798282,3082,7,1,1,1,0,1.8,0.0,2025-Jan-30-21:22:52.450410
1.0757742178287177,3083,8,1,1,0,0,0.0,0.0,2025-Jan-30-21:22:52.495035
0.9487335473875668,3084,8,1,1,0,1,0.0,1.1,2025-Jan-30-21:22:52.570180
1.0615964607839823,3085,1,1,1,1,0,0.1,0.0,2025-Jan-30-21:22:52.614356
1.1508251237833078,3086,0,1,0,1,-1,1.0,0.0,2025-Jan-30-21:22:52.694214
0.5937203363453858,3087,2,1,0,0,1,0.0,1.8,2025-Jan-30-21:22:52.767332
0.7207724278962877,3088,6,1,0,0,-1,0.0,0.0,2025-Jan-30-21:22:52.811034
1.1625867659373892,3089,5,1,1,0,-1,0.0,0.0,2025-Jan-30-21:22:52.867911
1.461316347788525,3090,0,1,1,0,1,0.0,0.7,2025-Jan-30-21:22:52.924077
0.8075973436857562,3091,3,1,0,0,-1,0.0,0.0,2025-Jan-30-21:22:52.996951
1.0190733971778214,3092,6,1,1,1,0,0.4,0.0,2025-Jan-30-21:22:53.081955
1.1987674099951708,3093,2,1,1,-1,-1,0.0,0.0,2025-Jan-30-21:22:53.175810
0.7207724245865745,3094,7,1,0,0,0,0.0,0.0,2025-Jan-30-21:22:53.221939
1.0757509786022807,3095,7,1,1,0,-1,0.0,0.0,2025-Jan-30-21:22:53.267530
0.6357194073691619,3096,1,1,0,1,0,0.6,0.0,2025-Jan-30-21:22:53.313975
1.0757742179740988,3097,9,1,1,0,0,0.0,0.0,2025-Jan-30-21:22:53.359738
0.7207724245865745,3098,5,1,0,0,0,0.0,0.0,2025-Jan-30-21:22:53.406133
1.0708934980940992,3099,10,1,0,-1,0,0.0,0.0,2025-Jan-30-21:22:53.467298
0.8075973466634223,3100,5,1,0,-1,-1,0.0,0.0,2025-Jan-30-21:22:53.526002
1.0757730646832417,3101,2,1,1,0,0,0.0,0.0,2025-Jan-30-21:22:53.570556
1.1625979839033573,3102,2,1,1,0,-1,0.0,0.0,2025-Jan-30-21:22:53.626952
0.6298961543480093,3103,1,1,0,-1,1,0.0,1.5,2025-Jan-30-21:22:53.714322
0.41613900566323087,3104,1,1,0,1,1,1.7,1.5,2025-Jan-30-21:22:53.810083
0.41613956400345886,3105,1,1,0,1,1,1.8,1.5,2025-Jan-30-21:22:53.906751
0.5937232347922028,3106,1,1,0,0,1,0.0,1.5,2025-Jan-30-21:22:54.010224
0.41613900566323087,3107,1,1,0,1,1,1.7,1.5,2025-Jan-30-21:22:54.143209
0.5937232347922028,3108,1,1,0,0,1,0.0,1.5,2025-Jan-30-21:22:54.220055
0.5937232347922028,3109,1,1,0,0,1,0.0,1.5,2025-Jan-30-21:22:54.294819
0.42361649715692196,3110,1,1,0,1,1,1.2,1.5,2025-Jan-30-21:22:54.368795
0.41613900566323087,3111,1,1,0,1,1,1.7,1.5,2025-Jan-30-21:22:54.468867
0.5937232347922028,3112,1,1,0,0,1,0.0,1.5,2025-Jan-30-21:22:54.544214
0.41613900566323087,3113,1,1,0,1,1,1.7,1.5,2025-Jan-30-21:22:54.640549
0.41614237849469693,3114,1,1,0,1,1,1.7,1.3,2025-Jan-30-21:22:54.738764
0.41614012391932176,3115,1,1,0,1,1,1.9,1.5,2025-Jan-30-21:22:54.835435
0.41613900566323087,3116,1,1,0,1,1,1.7,1.5,2025-Jan-30-21:22:54.931257
0.41613900566323087,3117,1,1,0,1,1,1.7,1.5,2025-Jan-30-21:22:55.057624
0.41613900566323087,3118,1,1,0,1,1,1.7,1.5,2025-Jan-30-21:22:55.270150
0.543183714466013,3119,7,1,0,1,1,1.3,1.4,2025-Jan-30-21:22:55.360023
0.543183714466013,3120,7,1,0,1,1,1.3,1.4,2025-Jan-30-21:22:55.437791
0.543183714466013,3121,7,1,0,1,1,1.3,1.4,2025-Jan-30-21:22:55.518622
0.543183714881704,3122,7,1,0,1,1,1.3,1.2,2025-Jan-30-21:22:55.602889
0.7207724245865745,3123,7,1,0,0,0,0.0,0.0,2025-Jan-30-21:22:55.649153
0.543184035845765,3124,7,1,0,1,0,1.4,0.0,2025-Jan-30-21:22:55.723350
0.8981520047601683,3125,7,1,1,1,0,1.4,0.0,2025-Jan-30-21:22:55.796184
0.8981520047601683,3126,7,1,1,1,0,1.4,0.0,2025-Jan-30-21:22:55.870761
1.0757509770459617,3127,7,1,1,0,0,0.0,0.0,2025-Jan-30-21:22:55.915511
0.9487010263048415,3128,3,1,1,0,1,0.0,1.2,2025-Jan-30-21:22:56.024249
1.111937100367971,3129,2,1,1,-1,0,0.0,0.0,2025-Jan-30-21:22:56.140433
0.7207724245865745,3130,7,1,0,0,0,0.0,0.0,2025-Jan-30-21:22:56.207683
1.175750671287534,3131,8,1,0,1,1,0.7,1.4,2025-Jan-30-21:22:56.264951
0.9487233186521351,3132,9,1,1,1,1,1.0,1.7,2025-Jan-30-21:22:56.344877
1.4337101339038965,3133,0,1,1,0,1,0.0,1.2,2025-Jan-30-21:22:56.424638
1.0757742178287177,3134,8,1,1,0,0,0.0,0.0,2025-Jan-30-21:22:56.469414
1.0491900832045284,3135,1,1,1,1,-1,0.8,0.0,2025-Jan-30-21:22:56.527362
1.1625979839033573,3136,2,1,1,0,-1,0.0,0.0,2025-Jan-30-21:22:56.588510
1.1757506670486992,3137,9,1,0,-1,0,0.0,0.0,2025-Jan-30-21:22:56.644624
0.9487362241146539,3138,2,1,1,0,1,0.0,0.9,2025-Jan-30-21:22:56.718564
1.0757509623509927,3139,5,1,1,1,0,1.6,0.0,2025-Jan-30-21:22:56.775867
1.2053185773921915,3140,8,1,0,-1,1,0.0,1.8,2025-Jan-30-21:22:56.837977
0.7792471301633763,3141,3,1,0,1,-1,0.2,0.0,2025-Jan-30-21:22:56.895502
0.7207724247317728,3142,4,1,0,0,0,0.0,0.0,2025-Jan-30-21:22:56.940877
1.0332242649315764,3143,7,1,1,1,0,0.3,0.0,2025-Jan-30-21:22:57.031955
1.0757509770459617,3144,7,1,1,0,0,0.0,0.0,2025-Jan-30-21:22:57.125654
0.7569364633080932,3145,7,1,0,-1,-1,0.0,0.0,2025-Jan-30-21:22:57.204222
1.0474064560018803,3146,4,1,1,-1,1,0.0,0.2,2025-Jan-30-21:22:57.249935
1.1119380814927746,3147,10,1,1,-1,1,0.0,1.3,2025-Jan-30-21:22:57.328353
0.9198106397979695,3148,7,1,1,1,0,1.1,0.0,2025-Jan-30-21:22:57.374811
0.8981522184580998,3149,7,1,1,1,0,1.5,0.0,2025-Jan-30-21:22:57.446932
1.469988857828707,3150,0,1,1,1,-1,1.8,0.0,2025-Jan-30-21:22:57.547597
0.7207724277510907,3151,5,1,0,-1,0,0.0,0.0,2025-Jan-30-21:22:57.594075
0.6782093234761863,3152,3,1,0,0,1,0.0,0.3,2025-Jan-30-21:22:57.637019
1.114871067206746,3153,0,1,0,-1,1,0.0,1.9,2025-Jan-30-21:22:57.739136
1.0757730515039878,3154,4,1,1,1,0,0.3,0.0,2025-Jan-30-21:22:57.793200
0.7207724244414657,3155,3,1,0,0,0,0.0,0.0,2025-Jan-30-21:22:57.836641
1.1241434980757945,3156,8,1,0,0,-1,0.0,0.0,2025-Jan-30-21:22:57.898393
0.7207724244414657,3157,3,1,0,0,0,0.0,0.0,2025-Jan-30-21:22:57.941141
1.1625867512517,3158,5,1,1,1,-1,0.7,0.0,2025-Jan-30-21:22:58.063560
1.0757730648283506,3159,4,1,1,0,0,0.0,0.0,2025-Jan-30-21:22:58.137914
0.9011142405965928,3160,0,1,0,1,1,1.8,1.5,2025-Jan-30-21:22:58.259132
1.5969221544039711,3161,0,1,1,-1,0,0.0,0.0,2025-Jan-30-21:22:58.341616
1.5607570462257478,3162,0,1,1,0,0,0.0,0.0,2025-Jan-30-21:22:58.396630
0.5431852752124993,3163,2,1,0,1,0,1.8,0.0,2025-Jan-30-21:22:58.472000
0.5937304752622036,3164,4,1,0,1,1,1.8,1.2,2025-Jan-30-21:22:58.551170
1.0757742179736964,3165,10,1,1,0,0,0.0,0.0,2025-Jan-30-21:22:58.597483
1.0757742179736964,3166,10,1,1,0,0,0.0,0.0,2025-Jan-30-21:22:58.641426
1.1757506411834284,3167,8,1,0,0,0,0.0,0.0,2025-Jan-30-21:22:58.779543
0.7207724247317727,3168,6,1,0,0,0,0.0,0.0,2025-Jan-30-21:22:58.824042
1.075774204147005,3169,10,1,1,0,1,0.0,0.8,2025-Jan-30-21:22:58.880807
0.9487328258491051,3170,2,1,1,0,1,0.0,1.1,2025-Jan-30-21:22:58.966304
0.9056330050412849,3171,7,1,1,1,0,1.2,0.0,2025-Jan-30-21:22:59.058423
0.7494695558329538,3172,6,1,0,-1,-1,0.0,0.0,2025-Jan-30-21:22:59.146318
0.7569364604146629,3173,6,1,0,-1,0,0.0,0.0,2025-Jan-30-21:22:59.216289
