Cost,Sim,Switch_State_Indx,Gen1_on,Gen2_on,Batt1_mode,Batt2_mode,Batt1_power_kW,Batt2_power_kW,Timestamp
1.0757730648283506,903,6,1,1,0,0,0.0,0.0,2025-Jan-30-21:20:07.201448
1.0757742211443824,904,9,1,1,-1,0,0.0,0.0,2025-Jan-30-21:20:07.249677
1.075773051733857,905,4,1,1,1,0,1.6,0.0,2025-Jan-30-21:20:07.435330
1.2482234959681846,906,8,1,0,1,-1,1.6,0.0,2025-Jan-30-21:20:07.498865
1.162596231733874,907,1,1,1,0,-1,0.0,0.0,2025-Jan-30-21:20:07.556438
1.1490545794427374,908,0,1,0,1,0,0.4,0.0,2025-Jan-30-21:20:07.611917
0.7207724244414657,909,3,1,0,0,0,0.0,0.0,2025-Jan-30-21:20:07.657895
1.0757730648283506,910,4,1,1,0,0,0.0,0.0,2025-Jan-30-21:20:07.704771
1.0757730648283506,911,6,1,1,0,0,0.0,0.0,2025-Jan-30-21:20:07.748796
1.0757509770459617,912,7,1,1,0,0,0.0,0.0,2025-Jan-30-21:20:07.792887
0.9487255680725922,913,1,1,1,0,1,0.0,1.4,2025-Jan-30-21:20:07.875961
1.0757509786022807,914,7,1,1,0,-1,0.0,0.0,2025-Jan-30-21:20:07.921180
0.9487267318052904,915,9,1,1,0,1,0.0,1.5,2025-Jan-30-21:20:08.023751
1.1757506411834284,916,8,1,0,0,0,0.0,0.0,2025-Jan-30-21:20:08.126841
1.0757509786022807,917,7,1,1,0,-1,0.0,0.0,2025-Jan-30-21:20:08.196984
1.111937086935917,918,6,1,1,-1,1,0.0,1.1,2025-Jan-30-21:20:08.276564
0.8981856045551864,919,6,1,1,1,0,1.7,0.0,2025-Jan-30-21:20:08.351012
0.7207724247317728,920,4,1,0,0,0,0.0,0.0,2025-Jan-30-21:20:08.395896
1.1119370870120164,921,6,1,1,-1,1,0.0,1.3,2025-Jan-30-21:20:08.478614
1.1119380814927746,922,10,1,1,-1,1,0.0,1.3,2025-Jan-30-21:20:08.558017
1.5969221544039711,923,0,1,1,-1,0,0.0,0.0,2025-Jan-30-21:20:08.637603
0.8075973438165706,924,5,1,0,0,-1,0.0,0.0,2025-Jan-30-21:20:08.695135
1.1241434980757945,925,8,1,0,0,-1,0.0,0.0,2025-Jan-30-21:20:08.757998
1.162599289019349,926,8,1,1,0,-1,0.0,0.0,2025-Jan-30-21:20:08.815508
1.1342354241436716,927,3,1,1,1,-1,0.2,0.0,2025-Jan-30-21:20:08.873341
0.6658359065093677,928,1,1,0,1,-1,1.0,0.0,2025-Jan-30-21:20:08.932181
0.9487209637559111,929,4,1,1,1,1,1.5,1.8,2025-Jan-30-21:20:09.037614
0.9849068127797422,930,8,1,1,-1,1,0.0,0.9,2025-Jan-30-21:20:09.172370
1.1757506365308092,931,9,1,0,1,0,1.0,0.0,2025-Jan-30-21:20:09.235657
0.720772427896289,932,4,1,0,-1,0,0.0,0.0,2025-Jan-30-21:20:09.282363
1.0757730648283506,933,4,1,1,0,0,0.0,0.0,2025-Jan-30-21:20:09.327705
0.7569364604146629,934,6,1,0,-1,0,0.0,0.0,2025-Jan-30-21:20:09.385915
1.0757509769736244,935,3,1,1,0,0,0.0,0.0,2025-Jan-30-21:20:09.433168
1.1757506670483657,936,10,1,0,0,-1,0.0,0.0,2025-Jan-30-21:20:09.495325
1.0757730648283506,937,6,1,1,0,0,0.0,0.0,2025-Jan-30-21:20:09.546334
0.4803236746647764,938,1,1,0,1,1,0.8,1.4,2025-Jan-30-21:20:09.625842
0.7207724244414657,939,3,1,0,0,0,0.0,0.0,2025-Jan-30-21:20:09.674711
1.1625979839033573,940,2,1,1,0,-1,0.0,0.0,2025-Jan-30-21:20:09.736080
0.8981873137757498,941,10,1,1,1,0,1.5,0.0,2025-Jan-30-21:20:09.813818
0.9487362242814014,942,4,1,1,0,1,0.0,0.9,2025-Jan-30-21:20:09.892605
1.0757509770461597,943,5,1,1,0,0,0.0,0.0,2025-Jan-30-21:20:09.942492
0.8437667699124402,944,2,1,0,-1,-1,0.0,0.0,2025-Jan-30-21:20:10.079830
1.383161651889234,945,0,1,1,1,0,1.4,0.0,2025-Jan-30-21:20:10.208215
1.0757742178287177,946,8,1,1,0,0,0.0,0.0,2025-Jan-30-21:20:10.255120
0.9056330050412849,947,7,1,1,1,0,1.2,0.0,2025-Jan-30-21:20:10.301028
0.6215459111066111,948,7,1,0,1,0,0.7,0.0,2025-Jan-30-21:20:10.347096
0.5937186488529942,949,3,1,0,0,1,0.0,1.9,2025-Jan-30-21:20:10.421642
1.2057564061623827,950,0,1,0,0,0,0.0,0.0,2025-Jan-30-21:20:10.479122
1.1085655952507665,951,7,1,1,-1,0,0.0,0.0,2025-Jan-30-21:20:10.536995
1.0757509786066803,952,5,1,1,-1,0,0.0,0.0,2025-Jan-30-21:20:10.681457
1.070893498094094,953,8,1,0,-1,0,0.0,0.0,2025-Jan-30-21:20:10.746460
0.720770503000503,954,1,1,0,0,0,0.0,0.0,2025-Jan-30-21:20:10.792139
1.2057564061623827,955,0,1,0,0,0,0.0,0.0,2025-Jan-30-21:20:10.848165
0.8636357271909335,956,3,1,1,1,1,0.6,1.8,2025-Jan-30-21:20:10.924660
1.2057564061623827,957,0,1,0,0,0,0.0,0.0,2025-Jan-30-21:20:11.003083
0.9487199255296114,958,9,1,1,1,1,1.0,1.9,2025-Jan-30-21:20:11.132494
1.2057564061623827,959,0,1,0,0,0,0.0,0.0,2025-Jan-30-21:20:11.215974
1.2057564061623827,960,0,1,0,0,0,0.0,0.0,2025-Jan-30-21:20:11.272697
0.9481652863084102,961,7,1,1,1,0,0.9,0.0,2025-Jan-30-21:20:11.318999
1.0757509770459617,962,7,1,1,0,0,0.0,0.0,2025-Jan-30-21:20:11.363430
0.9850039068618862,963,2,1,1,1,-1,1.6,0.0,2025-Jan-30-21:20:11.452782
1.070893498094094,964,8,1,0,-1,0,0.0,0.0,2025-Jan-30-21:20:11.515413
1.0757730648283506,965,4,1,1,0,0,0.0,0.0,2025-Jan-30-21:20:11.560489
1.2057564061623827,966,0,1,0,0,0,0.0,0.0,2025-Jan-30-21:20:11.616224
1.075774221135453,967,10,1,1,0,-1,0.0,0.0,2025-Jan-30-21:20:11.662212
0.9849044001614415,968,8,1,1,-1,1,0.0,1.1,2025-Jan-30-21:20:11.749977
1.5969221544039711,969,0,1,1,-1,0,0.0,0.0,2025-Jan-30-21:20:11.831376
0.7207724247317728,970,4,1,0,0,0,0.0,0.0,2025-Jan-30-21:20:11.879152
0.9487318415050809,971,8,1,1,0,1,0.0,1.2,2025-Jan-30-21:20:11.990680
0.7207724247317728,972,4,1,0,0,0,0.0,0.0,2025-Jan-30-21:20:12.075863
1.5607570462257478,973,0,1,1,0,0,0.0,0.0,2025-Jan-30-21:20:12.180525
0.8075973439474216,974,4,1,0,0,-1,0.0,0.0,2025-Jan-30-21:20:12.275111
1.1241434980757945,975,8,1,0,0,-1,0.0,0.0,2025-Jan-30-21:20:12.349312
1.162599289150435,976,9,1,1,0,-1,0.0,0.0,2025-Jan-30-21:20:12.407550
1.1342354241436716,977,3,1,1,1,-1,0.2,0.0,2025-Jan-30-21:20:12.465159
0.6300005053082699,978,1,1,0,1,-1,1.8,0.0,2025-Jan-30-21:20:12.554102
1.1757506670483657,979,10,1,0,0,-1,0.0,0.0,2025-Jan-30-21:20:12.611225
0.9849068127797422,980,8,1,1,-1,1,0.0,0.9,2025-Jan-30-21:20:12.696537
1.1757506626297909,981,8,1,0,1,0,0.4,0.0,2025-Jan-30-21:20:12.751761
0.8981856045551864,982,6,1,1,1,0,1.7,0.0,2025-Jan-30-21:20:12.825452
1.0757742179740988,983,9,1,1,0,0,0.0,0.0,2025-Jan-30-21:20:12.872971
0.7207724247317727,984,6,1,0,0,0,0.0,0.0,2025-Jan-30-21:20:12.917611
1.1757506411462284,985,9,1,0,0,0,0.0,0.0,2025-Jan-30-21:20:12.989132
1.2057564061623827,986,0,1,0,0,0,0.0,0.0,2025-Jan-30-21:20:13.082763
1.0757730679928668,987,4,1,1,-1,0,0.0,0.0,2025-Jan-30-21:20:13.167001
1.1148838749746837,988,0,1,0,-1,1,0.0,1.0,2025-Jan-30-21:20:13.295326
0.7207724245865745,989,5,1,0,0,0,0.0,0.0,2025-Jan-30-21:20:13.340713
1.1625867659373892,990,5,1,1,0,-1,0.0,0.0,2025-Jan-30-21:20:13.397179
1.1085655952507665,991,7,1,1,-1,0,0.0,0.0,2025-Jan-30-21:20:13.454005
1.162586765871954,992,3,1,1,0,-1,0.0,0.0,2025-Jan-30-21:20:13.511646
1.2057564061623827,993,0,1,0,0,0,0.0,0.0,2025-Jan-30-21:20:13.566192
0.8075973438166071,994,2,1,0,0,-1,0.0,0.0,2025-Jan-30-21:20:13.623133
1.3831631357888023,995,0,1,1,1,0,1.9,0.0,2025-Jan-30-21:20:13.701415
1.0757742178287177,996,8,1,1,0,0,0.0,0.0,2025-Jan-30-21:20:13.745574
1.061575612670322,997,7,1,1,1,0,0.1,0.0,2025-Jan-30-21:20:13.789504
1.0757742044504175,998,10,1,1,0,1,0.0,1.9,2025-Jan-30-21:20:14.020553
0.593718649019862,999,2,1,0,0,1,0.0,1.9,2025-Jan-30-21:20:14.142628
1.1085655952507665,1000,7,1,1,-1,0,0.0,0.0,2025-Jan-30-21:20:14.224771
1.0757711430969912,1001,1,1,1,0,0,0.0,0.0,2025-Jan-30-21:20:14.268766
1.0757730648283506,1002,4,1,1,0,0,0.0,0.0,2025-Jan-30-21:20:14.312815
0.8981876366869311,1003,10,1,1,1,0,1.6,0.0,2025-Jan-30-21:20:14.385391
1.2057564061623827,1004,0,1,0,0,0,0.0,0.0,2025-Jan-30-21:20:14.441167
1.2419215143445705,1005,0,1,0,-1,0,0.0,0.0,2025-Jan-30-21:20:14.523786
1.2784138401304301,1006,0,1,0,1,-1,0.1,0.0,2025-Jan-30-21:20:14.603444
1.2419215143445705,1007,0,1,0,-1,0,0.0,0.0,2025-Jan-30-21:20:14.681972
1.5465775906962,1008,0,1,1,0,1,0.0,0.1,2025-Jan-30-21:20:14.736188
1.633414480185857,1009,0,1,1,1,-1,0.1,0.0,2025-Jan-30-21:20:14.814657
1.2419215143445705,1010,0,1,0,-1,0,0.0,0.0,2025-Jan-30-21:20:14.892976
1.68375869634143,1011,0,1,1,-1,-1,0.0,0.0,2025-Jan-30-21:20:15.030861
1.5969221544039711,1012,0,1,1,-1,0,0.0,0.0,2025-Jan-30-21:20:15.151796
1.5969221544039711,1013,0,1,1,-1,0,0.0,0.0,2025-Jan-30-21:20:15.253143
1.2057564061623827,1014,0,1,0,0,0,0.0,0.0,2025-Jan-30-21:20:15.308471
1.2057564061623827,1015,0,1,0,0,0,0.0,0.0,2025-Jan-30-21:20:15.363794
1.2057564061623827,1016,0,1,0,0,0,0.0,0.0,2025-Jan-30-21:20:15.418839
1.6475900235901046,1017,0,1,1,0,-1,0.0,0.0,2025-Jan-30-21:20:15.497268
1.2784138401304301,1018,0,1,0,1,-1,0.1,0.0,2025-Jan-30-21:20:15.576101
1.2057564061623827,1019,0,1,0,0,0,0.0,0.0,2025-Jan-30-21:20:15.631491
1.2784138401304301,1020,0,1,0,1,-1,0.1,0.0,2025-Jan-30-21:20:15.710252
1.68375869634143,1021,0,1,1,-1,-1,0.0,0.0,2025-Jan-30-21:20:15.813749
1.1915812448205214,1022,0,1,0,1,0,0.1,0.0,2025-Jan-30-21:20:15.868910
1.328758056291552,1023,0,1,0,-1,-1,0.0,0.0,2025-Jan-30-21:20:16.006824
1.5465775906962,1024,0,1,1,0,1,0.0,0.1,2025-Jan-30-21:20:16.107908
1.5465818848855188,1025,0,1,1,1,0,0.1,0.0,2025-Jan-30-21:20:16.197507
1.2784138401304301,1026,0,1,0,1,-1,0.1,0.0,2025-Jan-30-21:20:16.278979
1.2925893835362965,1027,0,1,0,0,-1,0.0,0.0,2025-Jan-30-21:20:16.357991
0.7207724244414657,1028,3,1,0,0,0,0.0,0.0,2025-Jan-30-21:20:16.403260
1.075773051733857,1029,4,1,1,1,0,1.6,0.0,2025-Jan-30-21:20:16.457947
0.8778538012293186,1030,2,1,1,1,1,0.5,1.4,2025-Jan-30-21:20:16.531063
1.162596231733874,1031,1,1,1,0,-1,0.0,0.0,2025-Jan-30-21:20:16.587998
0.7207724245865745,1032,5,1,0,0,0,0.0,0.0,2025-Jan-30-21:20:16.631701
0.7207724244414657,1033,3,1,0,0,0,0.0,0.0,2025-Jan-30-21:20:16.675065
1.0757742178287177,1034,8,1,1,0,0,0.0,0.0,2025-Jan-30-21:20:16.718338
1.2419215143445705,1035,0,1,0,-1,0,0.0,0.0,2025-Jan-30-21:20:16.797589
1.0757742179736964,1036,10,1,1,0,0,0.0,0.0,2025-Jan-30-21:20:16.841906
0.948727739206378,1037,2,1,1,0,1,0.0,1.4,2025-Jan-30-21:20:16.914524
1.2419215143445705,1038,0,1,0,-1,0,0.0,0.0,2025-Jan-30-21:20:17.023231
1.0757509786022807,1039,7,1,1,0,-1,0.0,0.0,2025-Jan-30-21:20:17.107049
1.175750641146208,1040,10,1,0,0,0,0.0,0.0,2025-Jan-30-21:20:17.184307
1.0757509770459617,1041,7,1,1,0,0,0.0,0.0,2025-Jan-30-21:20:17.226525
0.9849044001614415,1042,8,1,1,-1,1,0.0,1.1,2025-Jan-30-21:20:17.309211
0.720770503000503,1043,1,1,0,0,0,0.0,0.0,2025-Jan-30-21:20:17.352688
0.7207724247317728,1044,4,1,0,0,0,0.0,0.0,2025-Jan-30-21:20:17.395264
1.033249996210406,1045,10,1,1,1,1,0.3,1.2,2025-Jan-30-21:20:17.448689
1.0757509770459617,1046,7,1,1,0,0,0.0,0.0,2025-Jan-30-21:20:17.565603
0.720770503000503,1047,1,1,0,0,0,0.0,0.0,2025-Jan-30-21:20:17.610028
1.1241434980757994,1048,9,1,0,0,-1,0.0,0.0,2025-Jan-30-21:20:17.670466
0.7207724247317727,1049,6,1,0,0,0,0.0,0.0,2025-Jan-30-21:20:17.712733
1.162599289019349,1050,8,1,1,0,-1,0.0,0.0,2025-Jan-30-21:20:17.767258
1.1625979839033573,1051,2,1,1,0,-1,0.0,0.0,2025-Jan-30-21:20:17.821817
0.720770503000503,1052,1,1,0,0,0,0.0,0.0,2025-Jan-30-21:20:17.864242
1.68375869634143,1053,0,1,1,-1,-1,0.0,0.0,2025-Jan-30-21:20:17.984979
1.162599289019349,1054,8,1,1,0,-1,0.0,0.0,2025-Jan-30-21:20:18.068840
1.0757509770461597,1055,5,1,1,0,0,0.0,0.0,2025-Jan-30-21:20:18.142569
1.070893498094094,1056,8,1,0,-1,0,0.0,0.0,2025-Jan-30-21:20:18.217920
0.7207724244414657,1057,3,1,0,0,0,0.0,0.0,2025-Jan-30-21:20:18.261431
0.7207724245865745,1058,5,1,0,0,0,0.0,0.0,2025-Jan-30-21:20:18.303742
1.0757509769736244,1059,3,1,1,0,0,0.0,0.0,2025-Jan-30-21:20:18.349746
1.1241434980757994,1060,9,1,0,0,-1,0.0,0.0,2025-Jan-30-21:20:18.409595
1.2057564061623827,1061,0,1,0,0,0,0.0,0.0,2025-Jan-30-21:20:18.462538
0.4161426050966674,1062,2,1,0,1,1,1.5,1.4,2025-Jan-30-21:20:18.559414
0.7207724244414657,1063,3,1,0,0,0,0.0,0.0,2025-Jan-30-21:20:18.601748
1.1625867659373892,1064,5,1,1,0,-1,0.0,0.0,2025-Jan-30-21:20:18.656065
1.2419215143445705,1065,0,1,0,-1,0,0.0,0.0,2025-Jan-30-21:20:18.731956
0.9487192892983909,1066,4,1,1,0,1,0.0,1.9,2025-Jan-30-21:20:18.802887
0.7207724247317728,1067,4,1,0,0,0,0.0,0.0,2025-Jan-30-21:20:18.844787
0.8075973438165706,1068,5,1,0,0,-1,0.0,0.0,2025-Jan-30-21:20:18.898548
1.383161651889234,1069,0,1,1,1,0,1.4,0.0,2025-Jan-30-21:20:18.994323
1.2057564061623827,1070,0,1,0,0,0,0.0,0.0,2025-Jan-30-21:20:19.072382
1.3831622436449573,1071,0,1,1,1,0,1.6,0.0,2025-Jan-30-21:20:19.174863
1.175750648703159,1072,10,1,0,1,0,1.9,0.0,2025-Jan-30-21:20:19.229152
1.0757730648283506,1073,6,1,1,0,0,0.0,0.0,2025-Jan-30-21:20:19.271313
0.7207724245865745,1074,5,1,0,0,0,0.0,0.0,2025-Jan-30-21:20:19.314318
0.720770503000503,1075,1,1,0,0,0,0.0,0.0,2025-Jan-30-21:20:19.357717
1.0757509769736244,1076,3,1,1,0,0,0.0,0.0,2025-Jan-30-21:20:19.399907
0.8981886098547648,1077,10,1,1,1,0,1.9,0.0,2025-Jan-30-21:20:19.469897
1.2419215143445705,1078,0,1,0,-1,0,0.0,0.0,2025-Jan-30-21:20:19.549248
1.5324024530902798,1079,0,1,1,1,1,0.1,0.1,2025-Jan-30-21:20:19.602005
1.2784138401304301,1080,0,1,0,1,-1,0.1,0.0,2025-Jan-30-21:20:19.677570
1.2419215143445705,1081,0,1,0,-1,0,0.0,0.0,2025-Jan-30-21:20:19.754808
1.5465775906962,1082,0,1,1,0,1,0.0,0.1,2025-Jan-30-21:20:19.807300
1.68375869634143,1083,0,1,1,-1,-1,0.0,0.0,2025-Jan-30-21:20:19.907635
1.5969221544039711,1084,0,1,1,-1,0,0.0,0.0,2025-Jan-30-21:20:20.011463
1.5607570462257478,1085,0,1,1,0,0,0.0,0.0,2025-Jan-30-21:20:20.090722
1.2057564061623827,1086,0,1,0,0,0,0.0,0.0,2025-Jan-30-21:20:20.165130
1.2057564061623827,1087,0,1,0,0,0,0.0,0.0,2025-Jan-30-21:20:20.218676
1.2057564061623827,1088,0,1,0,0,0,0.0,0.0,2025-Jan-30-21:20:20.273380
1.2784138401304301,1089,0,1,0,1,-1,0.1,0.0,2025-Jan-30-21:20:20.350423
1.6475900235901046,1090,0,1,1,0,-1,0.0,0.0,2025-Jan-30-21:20:20.434478
1.2784138401304301,1091,0,1,0,1,-1,0.1,0.0,2025-Jan-30-21:20:20.510147
1.5324024530902798,1092,0,1,1,1,1,0.1,0.1,2025-Jan-30-21:20:20.562858
1.2784138401304301,1093,0,1,0,1,-1,0.1,0.0,2025-Jan-30-21:20:20.638890
1.68375869634143,1094,0,1,1,-1,-1,0.0,0.0,2025-Jan-30-21:20:20.737315
1.1915812448205214,1095,0,1,0,1,0,0.1,0.0,2025-Jan-30-21:20:20.789814
1.328758056291552,1096,0,1,0,-1,-1,0.0,0.0,2025-Jan-30-21:20:20.984690
1.5465775906962,1097,0,1,1,0,1,0.0,0.1,2025-Jan-30-21:20:21.062410
1.5465818848855188,1098,0,1,1,1,0,0.1,0.0,2025-Jan-30-21:20:21.144494
1.5607570462257478,1099,0,1,1,0,0,0.0,0.0,2025-Jan-30-21:20:21.217037
0.720770503000503,1100,1,1,0,0,0,0.0,0.0,2025-Jan-30-21:20:21.261713
0.8981886096794347,1101,8,1,1,1,0,1.9,0.0,2025-Jan-30-21:20:21.333912
0.8636357271909335,1102,3,1,1,1,1,0.6,1.8,2025-Jan-30-21:20:21.406255
1.162596231733874,1103,1,1,1,0,-1,0.0,0.0,2025-Jan-30-21:20:21.461326
1.1119380814502113,1104,10,1,1,-1,1,0.0,1.2,2025-Jan-30-21:20:21.540258
0.7207724244414657,1105,3,1,0,0,0,0.0,0.0,2025-Jan-30-21:20:21.583860
1.0757509770459617,1106,7,1,1,0,0,0.0,0.0,2025-Jan-30-21:20:21.626601
0.6215459111066111,1107,7,1,0,1,0,0.7,0.0,2025-Jan-30-21:20:21.668463
1.1119380948486355,1108,8,1,1,-1,0,0.0,0.0,2025-Jan-30-21:20:21.723080
0.9487255680725922,1109,1,1,1,0,1,0.0,1.4,2025-Jan-30-21:20:21.794872
0.7207724245866639,1110,2,1,0,0,0,0.0,0.0,2025-Jan-30-21:20:21.836597
1.1119380948486355,1111,8,1,1,-1,0,0.0,0.0,2025-Jan-30-21:20:21.891157
1.2057564061623827,1112,0,1,0,0,0,0.0,0.0,2025-Jan-30-21:20:21.956708
0.7207724245865745,1113,7,1,0,0,0,0.0,0.0,2025-Jan-30-21:20:22.030303
1.4337118391546966,1114,0,1,1,0,1,0.0,1.1,2025-Jan-30-21:20:22.139844
0.7207724244414657,1115,3,1,0,0,0,0.0,0.0,2025-Jan-30-21:20:22.201705
0.7207724247317728,1116,4,1,0,0,0,0.0,0.0,2025-Jan-30-21:20:22.244354
1.2925893835362965,1117,0,1,0,0,-1,0.0,0.0,2025-Jan-30-21:20:22.323311
0.7207724247317728,1118,4,1,0,0,0,0.0,0.0,2025-Jan-30-21:20:22.365767
0.720770503000503,1119,1,1,0,0,0,0.0,0.0,2025-Jan-30-21:20:22.407672
1.2057564061623827,1120,0,1,0,0,0,0.0,0.0,2025-Jan-30-21:20:22.459993
0.713750654217219,1121,10,1,0,-1,-1,0.0,0.0,2025-Jan-30-21:20:22.515678
1.075774221135453,1122,10,1,1,0,-1,0.0,0.0,2025-Jan-30-21:20:22.557428
1.2419215143445705,1123,0,1,0,-1,0,0.0,0.0,2025-Jan-30-21:20:22.633681
0.6300009507724862,1124,1,1,0,1,-1,1.3,0.0,2025-Jan-30-21:20:22.715992
0.720770503000503,1125,1,1,0,0,0,0.0,0.0,2025-Jan-30-21:20:22.757629
0.9848940592154989,1126,8,1,1,-1,1,0.0,1.9,2025-Jan-30-21:20:22.839856
1.0757509770461597,1127,5,1,1,0,0,0.0,0.0,2025-Jan-30-21:20:22.881824
0.720772427896289,1128,4,1,0,-1,0,0.0,0.0,2025-Jan-30-21:20:22.924227
1.1119380948486355,1129,8,1,1,-1,0,0.0,0.0,2025-Jan-30-21:20:22.998668
0.7207724245866639,1130,2,1,0,0,0,0.0,0.0,2025-Jan-30-21:20:23.072816
1.0757730648283506,1131,6,1,1,0,0,0.0,0.0,2025-Jan-30-21:20:23.155687
0.7207724244414657,1132,3,1,0,0,0,0.0,0.0,2025-Jan-30-21:20:23.206381
1.0757742179736964,1133,10,1,1,0,0,0.0,0.0,2025-Jan-30-21:20:23.344307
0.4161364318540046,1134,2,1,0,1,1,1.9,1.9,2025-Jan-30-21:20:23.438159
0.7207724244414657,1135,3,1,0,0,0,0.0,0.0,2025-Jan-30-21:20:23.480379
0.7207724244414657,1136,3,1,0,0,0,0.0,0.0,2025-Jan-30-21:20:23.524010
1.2057564061623827,1137,0,1,0,0,0,0.0,0.0,2025-Jan-30-21:20:23.576949
0.7207724247317728,1138,4,1,0,0,0,0.0,0.0,2025-Jan-30-21:20:23.621416
0.7207724247317728,1139,4,1,0,0,0,0.0,0.0,2025-Jan-30-21:20:23.663438
1.0708934980940992,1140,10,1,0,-1,0,0.0,0.0,2025-Jan-30-21:20:23.728145
0.9849044001614415,1141,8,1,1,-1,1,0.0,1.1,2025-Jan-30-21:20:23.827442
1.0757742178287177,1142,8,1,1,0,0,0.0,0.0,2025-Jan-30-21:20:23.875934
1.2057564061623827,1143,0,1,0,0,0,0.0,0.0,2025-Jan-30-21:20:23.935713
0.7569364602753836,1144,7,1,0,-1,0,0.0,0.0,2025-Jan-30-21:20:24.018636
0.5937186488529942,1145,3,1,0,0,1,0.0,1.9,2025-Jan-30-21:20:24.123286
1.2057564061623827,1146,0,1,0,0,0,0.0,0.0,2025-Jan-30-21:20:24.201487
1.2057564061623827,1147,0,1,0,0,0,0.0,0.0,2025-Jan-30-21:20:24.260872
1.0757509769736244,1148,3,1,1,0,0,0.0,0.0,2025-Jan-30-21:20:24.308043
0.8981886098547648,1149,10,1,1,1,0,1.9,0.0,2025-Jan-30-21:20:24.389447
1.2057564061623827,1150,0,1,0,0,0,0.0,0.0,2025-Jan-30-21:20:24.444395
1.2057564061623827,1151,0,1,0,0,0,0.0,0.0,2025-Jan-30-21:20:24.501855
1.175750651611902,1152,8,1,0,1,0,1.3,0.0,2025-Jan-30-21:20:24.558554
0.8437667699124402,1153,2,1,0,-1,-1,0.0,0.0,2025-Jan-30-21:20:24.629197
1.2057564061623827,1154,0,1,0,0,0,0.0,0.0,2025-Jan-30-21:20:24.684517
0.7207724245865745,1155,5,1,0,0,0,0.0,0.0,2025-Jan-30-21:20:24.728027
0.7207724245865745,1156,5,1,0,0,0,0.0,0.0,2025-Jan-30-21:20:24.772144
0.7207724245865745,1157,7,1,0,0,0,0.0,0.0,2025-Jan-30-21:20:24.816179
0.6215459111066111,1158,7,1,0,1,0,0.7,0.0,2025-Jan-30-21:20:24.860347
1.0757742179736964,1159,10,1,1,0,0,0.0,0.0,2025-Jan-30-21:20:24.904500
1.2057564061623827,1160,0,1,0,0,0,0.0,0.0,2025-Jan-30-21:20:24.987927
0.7207724245866639,1161,2,1,0,0,0,0.0,0.0,2025-Jan-30-21:20:25.070645
1.162599289150435,1162,9,1,1,0,-1,0.0,0.0,2025-Jan-30-21:20:25.169157
1.175750641146208,1163,10,1,0,0,0,0.0,0.0,2025-Jan-30-21:20:25.251836
0.7207724245865745,1164,7,1,0,0,0,0.0,0.0,2025-Jan-30-21:20:25.298892
0.9849044001614415,1165,8,1,1,-1,1,0.0,1.1,2025-Jan-30-21:20:25.386266
0.720770503000503,1166,1,1,0,0,0,0.0,0.0,2025-Jan-30-21:20:25.432330
0.7207724247317728,1167,4,1,0,0,0,0.0,0.0,2025-Jan-30-21:20:25.478234
0.720770503000503,1168,1,1,0,0,0,0.0,0.0,2025-Jan-30-21:20:25.523399
0.7207724247317728,1169,4,1,0,0,0,0.0,0.0,2025-Jan-30-21:20:25.567924
0.7207724245866639,1170,2,1,0,0,0,0.0,0.0,2025-Jan-30-21:20:25.613662
0.8075973438165706,1171,5,1,0,0,-1,0.0,0.0,2025-Jan-30-21:20:25.670899
0.713750654217219,1172,10,1,0,-1,-1,0.0,0.0,2025-Jan-30-21:20:25.727427
1.0757742179736964,1173,10,1,1,0,0,0.0,0.0,2025-Jan-30-21:20:25.877563
1.2642380999149359,1174,0,1,0,1,-1,0.2,0.0,2025-Jan-30-21:20:25.972170
0.6300005053082699,1175,1,1,0,1,-1,1.8,0.0,2025-Jan-30-21:20:26.139090
0.720770503000503,1176,1,1,0,0,0,0.0,0.0,2025-Jan-30-21:20:26.210809
0.9487267316383012,1177,8,1,1,0,1,0.0,1.5,2025-Jan-30-21:20:26.285670
0.720770503000503,1178,1,1,0,0,0,0.0,0.0,2025-Jan-30-21:20:26.330601
0.7494822890755525,1179,1,1,0,-1,0,0.0,0.0,2025-Jan-30-21:20:26.387323
1.0757509769736244,1180,3,1,1,0,0,0.0,0.0,2025-Jan-30-21:20:26.431398
0.7207724247317728,1181,4,1,0,0,0,0.0,0.0,2025-Jan-30-21:20:26.474949
0.720770503000503,1182,1,1,0,0,0,0.0,0.0,2025-Jan-30-21:20:26.518802
0.7207724244414657,1183,3,1,0,0,0,0.0,0.0,2025-Jan-30-21:20:26.564210
1.0757730646832417,1184,2,1,1,0,0,0.0,0.0,2025-Jan-30-21:20:26.608447
0.4161364318540046,1185,2,1,0,1,1,1.9,1.9,2025-Jan-30-21:20:26.707132
0.7207724244414657,1186,3,1,0,0,0,0.0,0.0,2025-Jan-30-21:20:26.756455
0.7207724244414657,1187,3,1,0,0,0,0.0,0.0,2025-Jan-30-21:20:26.802642
0.8981873137757498,1188,10,1,1,1,0,1.5,0.0,2025-Jan-30-21:20:26.876633
0.7207724247317727,1189,6,1,0,0,0,0.0,0.0,2025-Jan-30-21:20:26.921215
1.0757730648283506,1190,4,1,1,0,0,0.0,0.0,2025-Jan-30-21:20:26.983142
1.2925893835362965,1191,0,1,0,0,-1,0.0,0.0,2025-Jan-30-21:20:27.120585
0.9849044001614415,1192,8,1,1,-1,1,0.0,1.1,2025-Jan-30-21:20:27.251756
1.0757742179736964,1193,10,1,1,0,0,0.0,0.0,2025-Jan-30-21:20:27.300778
0.9056666799601274,1194,8,1,1,1,0,1.2,0.0,2025-Jan-30-21:20:27.346593
0.720770503000503,1195,1,1,0,0,0,0.0,0.0,2025-Jan-30-21:20:27.392713
0.5937186490196917,1196,5,1,0,0,1,0.0,1.9,2025-Jan-30-21:20:27.471813
1.1241434980757994,1197,9,1,0,0,-1,0.0,0.0,2025-Jan-30-21:20:27.535276
1.2057564061623827,1198,0,1,0,0,0,0.0,0.0,2025-Jan-30-21:20:27.590617
0.7207724244414657,1199,3,1,0,0,0,0.0,0.0,2025-Jan-30-21:20:27.635801
1.175750641146208,1200,10,1,0,0,0,0.0,0.0,2025-Jan-30-21:20:27.695964
0.720770503000503,1201,1,1,0,0,0,0.0,0.0,2025-Jan-30-21:20:27.746321
0.8981886096794347,1202,8,1,1,1,0,1.9,0.0,2025-Jan-30-21:20:27.820414
0.8437667699124402,1203,2,1,0,-1,-1,0.0,0.0,2025-Jan-30-21:20:27.893291
1.162596231733874,1204,1,1,1,0,-1,0.0,0.0,2025-Jan-30-21:20:27.975253
0.7207724245865745,1205,5,1,0,0,0,0.0,0.0,2025-Jan-30-21:20:28.057983
0.7207724244414657,1206,3,1,0,0,0,0.0,0.0,2025-Jan-30-21:20:28.151544
0.7207724245865745,1207,7,1,0,0,0,0.0,0.0,2025-Jan-30-21:20:28.241013
0.6215459111066111,1208,7,1,0,1,0,0.7,0.0,2025-Jan-30-21:20:28.286480
1.0757509770459617,1209,7,1,1,0,0,0.0,0.0,2025-Jan-30-21:20:28.331807
0.9487255680725922,1210,1,1,1,0,1,0.0,1.4,2025-Jan-30-21:20:28.406229
0.7207724245866639,1211,2,1,0,0,0,0.0,0.0,2025-Jan-30-21:20:28.450671
0.9487267318052904,1212,9,1,1,0,1,0.0,1.5,2025-Jan-30-21:20:28.523800
1.175750641146208,1213,10,1,0,0,0,0.0,0.0,2025-Jan-30-21:20:28.579458
0.7207724245865745,1214,7,1,0,0,0,0.0,0.0,2025-Jan-30-21:20:28.623802
0.9849044001614415,1215,8,1,1,-1,1,0.0,1.1,2025-Jan-30-21:20:28.709359
0.720770503000503,1216,1,1,0,0,0,0.0,0.0,2025-Jan-30-21:20:28.754770
0.7207724247317728,1217,4,1,0,0,0,0.0,0.0,2025-Jan-30-21:20:28.798793
0.720770503000503,1218,1,1,0,0,0,0.0,0.0,2025-Jan-30-21:20:28.842974
0.7207724247317728,1219,4,1,0,0,0,0.0,0.0,2025-Jan-30-21:20:28.887157
0.720770503000503,1220,1,1,0,0,0,0.0,0.0,2025-Jan-30-21:20:28.931308
0.8075973438165706,1221,5,1,0,0,-1,0.0,0.0,2025-Jan-30-21:20:29.004649
0.713750654217219,1222,10,1,0,-1,-1,0.0,0.0,2025-Jan-30-21:20:29.103152
1.0757742179736964,1223,10,1,1,0,0,0.0,0.0,2025-Jan-30-21:20:29.184209
1.1342354241436716,1224,3,1,1,1,-1,0.2,0.0,2025-Jan-30-21:20:29.249991
0.6300005053082699,1225,1,1,0,1,-1,1.8,0.0,2025-Jan-30-21:20:29.337707
0.720770503000503,1226,1,1,0,0,0,0.0,0.0,2025-Jan-30-21:20:29.383020
0.9487267316383012,1227,8,1,1,0,1,0.0,1.5,2025-Jan-30-21:20:29.565662
0.720770503000503,1228,1,1,0,0,0,0.0,0.0,2025-Jan-30-21:20:29.611898
0.720772427896289,1229,4,1,0,-1,0,0.0,0.0,2025-Jan-30-21:20:29.656687
0.7207724244414657,1230,3,1,0,0,0,0.0,0.0,2025-Jan-30-21:20:29.703371
0.7207724245865745,1231,5,1,0,0,0,0.0,0.0,2025-Jan-30-21:20:29.748577
0.720770503000503,1232,1,1,0,0,0,0.0,0.0,2025-Jan-30-21:20:29.792504
0.7207724244414657,1233,3,1,0,0,0,0.0,0.0,2025-Jan-30-21:20:29.836704
1.0757730646832417,1234,2,1,1,0,0,0.0,0.0,2025-Jan-30-21:20:29.881001
0.4161364318540046,1235,2,1,0,1,1,1.9,1.9,2025-Jan-30-21:20:30.001486
0.7207724244414657,1236,3,1,0,0,0,0.0,0.0,2025-Jan-30-21:20:30.080475
0.7207724244414657,1237,3,1,0,0,0,0.0,0.0,2025-Jan-30-21:20:30.163761
0.8981873137757498,1238,10,1,1,1,0,1.5,0.0,2025-Jan-30-21:20:30.257915
0.7207724247317727,1239,6,1,0,0,0,0.0,0.0,2025-Jan-30-21:20:30.302891
0.7207724247317728,1240,4,1,0,0,0,0.0,0.0,2025-Jan-30-21:20:30.347843
0.8075973438165706,1241,5,1,0,0,-1,0.0,0.0,2025-Jan-30-21:20:30.404731
0.9849044001614415,1242,8,1,1,-1,1,0.0,1.1,2025-Jan-30-21:20:30.492774
1.0757742178287177,1243,8,1,1,0,0,0.0,0.0,2025-Jan-30-21:20:30.539153
0.9056330050412849,1244,7,1,1,1,0,1.2,0.0,2025-Jan-30-21:20:30.583212
0.6215459111066111,1245,7,1,0,1,0,0.7,0.0,2025-Jan-30-21:20:30.627685
0.5937186488529942,1246,3,1,0,0,1,0.0,1.9,2025-Jan-30-21:20:30.701940
0.7207724245865745,1247,5,1,0,0,0,0.0,0.0,2025-Jan-30-21:20:30.746899
0.720770503000503,1248,1,1,0,0,0,0.0,0.0,2025-Jan-30-21:20:30.791205
0.7207724244414657,1249,3,1,0,0,0,0.0,0.0,2025-Jan-30-21:20:30.835167
0.8981876366869311,1250,10,1,1,1,0,1.6,0.0,2025-Jan-30-21:20:30.908052
