Cost,Sim,Switch_State_Indx,Gen1_on,Gen2_on,Batt1_mode,Batt2_mode,Batt1_power_kW,Batt2_power_kW,Timestamp
1.0757509786066803,0,5,1,1,-1,0,0.0,0.0,2025-Jan-30-21:36:00.118712
1.5607570462257478,1,0,1,1,0,0,0.0,0.0,2025-Jan-30-21:36:00.222547
0.778578866417772,2,3,1,1,1,1,1.2,1.5,2025-Jan-30-21:36:00.355578
0.9763361184299638,3,4,1,1,-1,1,0.0,0.7,2025-Jan-30-21:36:00.399546
0.7207724247317727,4,6,1,0,0,0,0.0,0.0,2025-Jan-30-21:36:00.445957
1.0757730646832417,5,2,1,1,0,0,0.0,0.0,2025-Jan-30-21:36:00.489594
1.1625867673436139,6,5,1,1,-1,-1,0.0,0.0,2025-Jan-30-21:36:00.545533
1.1757506670486992,7,9,1,0,-1,0,0.0,0.0,2025-Jan-30-21:36:00.607313
1.033209963730319,8,2,1,1,0,1,0.0,0.3,2025-Jan-30-21:36:00.792057
1.1757506502985449,9,10,1,0,0,1,0.0,0.5,2025-Jan-30-21:36:00.854602
1.162599289019349,10,8,1,1,0,-1,0.0,0.0,2025-Jan-30-21:36:00.911793
1.019004686737098,11,4,1,1,0,1,0.0,0.4,2025-Jan-30-21:36:00.957889
0.7207724245866639,12,2,1,0,0,0,0.0,0.0,2025-Jan-30-21:36:01.008560
0.6575764315360584,13,2,1,0,-1,1,0.0,0.7,2025-Jan-30-21:36:01.082170
0.8075973439474216,14,4,1,0,0,-1,0.0,0.0,2025-Jan-30-21:36:01.175470
1.075773051483301,15,4,1,1,1,0,0.5,0.0,2025-Jan-30-21:36:01.267823
0.713750654217219,16,10,1,0,-1,-1,0.0,0.0,2025-Jan-30-21:36:01.327838
1.0757730679928668,17,4,1,1,-1,0,0.0,0.0,2025-Jan-30-21:36:01.372559
0.8075955916472131,18,1,1,0,0,-1,0.0,0.0,2025-Jan-30-21:36:01.431907
1.3053166965352705,19,0,1,1,1,1,1.0,0.8,2025-Jan-30-21:36:01.488183
1.1119380948486355,20,8,1,1,-1,0,0.0,0.0,2025-Jan-30-21:36:01.545533
0.7207724247317727,21,6,1,0,0,0,0.0,0.0,2025-Jan-30-21:36:01.589641
0.9620956607796712,22,4,1,1,1,1,0.1,0.8,2025-Jan-30-21:36:01.643790
0.621543524967523,23,1,1,0,1,0,0.7,0.0,2025-Jan-30-21:36:01.690268
1.078697596516042,24,0,1,0,0,1,0.0,1.9,2025-Jan-30-21:36:01.768251
1.070893498094094,25,8,1,0,-1,0,0.0,0.0,2025-Jan-30-21:36:01.838149
1.0757742179740988,26,9,1,1,0,0,0.0,0.0,2025-Jan-30-21:36:01.880533
1.0708934980940992,27,10,1,0,-1,0,0.0,0.0,2025-Jan-30-21:36:01.950585
0.8075973467942734,28,4,1,0,-1,-1,0.0,0.0,2025-Jan-30-21:36:02.027448
1.1085655952507665,29,7,1,1,-1,0,0.0,0.0,2025-Jan-30-21:36:02.133678
1.1757506381996836,30,10,1,0,0,1,0.0,0.3,2025-Jan-30-21:36:02.215630
1.1348786318519115,31,0,1,0,1,0,0.5,0.0,2025-Jan-30-21:36:02.270270
0.7569364633080932,32,7,1,0,-1,-1,0.0,0.0,2025-Jan-30-21:36:02.325480
0.720770503000503,33,1,1,0,0,0,0.0,0.0,2025-Jan-30-21:36:02.371438
0.8075973303974883,34,4,1,0,1,-1,0.4,0.0,2025-Jan-30-21:36:02.448578
0.8075955916472131,35,1,1,0,0,-1,0.0,0.0,2025-Jan-30-21:36:02.512593
1.1757506670486992,36,9,1,0,-1,0,0.0,0.0,2025-Jan-30-21:36:02.566694
1.175750641146208,37,10,1,0,0,0,0.0,0.0,2025-Jan-30-21:36:02.620632
1.0189793197070243,38,5,1,1,1,1,0.4,0.4,2025-Jan-30-21:36:02.676443
1.0615756125967803,39,3,1,1,1,0,0.1,0.0,2025-Jan-30-21:36:02.720181
1.6475900235901046,40,0,1,1,0,-1,0.0,0.0,2025-Jan-30-21:36:02.801022
1.0048720962401305,41,3,1,1,1,0,0.5,0.0,2025-Jan-30-21:36:02.844895
1.2057564061623827,42,0,1,0,0,0,0.0,0.0,2025-Jan-30-21:36:02.904922
1.0757730679928654,43,6,1,1,0,-1,0.0,0.0,2025-Jan-30-21:36:02.965187
0.8636843106393078,44,1,1,1,1,1,0.6,0.9,2025-Jan-30-21:36:03.081148
1.1757506411834284,45,8,1,0,0,0,0.0,0.0,2025-Jan-30-21:36:03.289256
1.1085655951940978,46,3,1,1,-1,0,0.0,0.0,2025-Jan-30-21:36:03.368549
0.8075973439474216,47,4,1,0,0,-1,0.0,0.0,2025-Jan-30-21:36:03.424813
1.1207024870472044,48,0,1,0,1,0,0.6,0.0,2025-Jan-30-21:36:03.482849
0.5937203363452157,49,5,1,0,0,1,0.0,1.8,2025-Jan-30-21:36:03.556017
1.175750641146208,50,10,1,0,0,0,0.0,0.0,2025-Jan-30-21:36:03.610390
0.5937220246529978,51,5,1,0,0,1,0.0,1.7,2025-Jan-30-21:36:03.685537
0.5937220246529978,52,5,1,0,0,1,0.0,1.7,2025-Jan-30-21:36:03.757991
0.5937220246529978,53,5,1,0,0,1,0.0,1.7,2025-Jan-30-21:36:03.830420
0.5937220246529978,54,5,1,0,0,1,0.0,1.7,2025-Jan-30-21:36:03.903087
0.5937220246529978,55,5,1,0,0,1,0.0,1.7,2025-Jan-30-21:36:04.025219
0.5937220246529978,56,5,1,0,0,1,0.0,1.7,2025-Jan-30-21:36:04.145185
0.5937220248198757,57,4,1,0,0,1,0.0,1.7,2025-Jan-30-21:36:04.247311
0.5937220248198757,58,4,1,0,0,1,0.0,1.7,2025-Jan-30-21:36:04.322587
0.5937220248198757,59,4,1,0,0,1,0.0,1.7,2025-Jan-30-21:36:04.400423
0.5937220248198757,60,4,1,0,0,1,0.0,1.7,2025-Jan-30-21:36:04.474013
0.621543524967523,61,1,1,0,1,0,0.7,0.0,2025-Jan-30-21:36:04.518331
0.7494822890755525,62,1,1,0,-1,0,0.0,0.0,2025-Jan-30-21:36:04.575739
1.2419215143445705,63,0,1,0,-1,0,0.0,0.0,2025-Jan-30-21:36:04.653858
1.2419215143445705,64,0,1,0,-1,0,0.0,0.0,2025-Jan-30-21:36:04.732158
1.2419215143445705,65,0,1,0,-1,0,0.0,0.0,2025-Jan-30-21:36:04.810667
1.2419215143445705,66,0,1,0,-1,0,0.0,0.0,2025-Jan-30-21:36:04.889269
1.2419215143445705,67,0,1,0,-1,0,0.0,0.0,2025-Jan-30-21:36:04.985013
1.2419215143445705,68,0,1,0,-1,0,0.0,0.0,2025-Jan-30-21:36:05.121212
1.2419215143445705,69,0,1,0,-1,0,0.0,0.0,2025-Jan-30-21:36:05.238171
1.2419215143445705,70,0,1,0,-1,0,0.0,0.0,2025-Jan-30-21:36:05.318821
0.6575764315360584,71,2,1,0,-1,1,0.0,0.7,2025-Jan-30-21:36:05.376185
0.6575764315360584,72,2,1,0,-1,1,0.0,0.7,2025-Jan-30-21:36:05.432729
0.6575764315360584,73,2,1,0,-1,1,0.0,0.7,2025-Jan-30-21:36:05.489390
0.6575764315360584,74,2,1,0,-1,1,0.0,0.7,2025-Jan-30-21:36:05.548540
0.6633899020789848,75,2,1,0,-1,1,0.0,0.6,2025-Jan-30-21:36:05.604642
0.6633899020789848,76,2,1,0,-1,1,0.0,0.6,2025-Jan-30-21:36:05.660731
0.6633899020789848,77,2,1,0,-1,1,0.0,0.6,2025-Jan-30-21:36:05.716811
0.6633899020789848,78,2,1,0,-1,1,0.0,0.6,2025-Jan-30-21:36:05.772294
0.6633899020789848,79,2,1,0,-1,1,0.0,0.6,2025-Jan-30-21:36:05.827860
0.6633899020789848,80,2,1,0,-1,1,0.0,0.6,2025-Jan-30-21:36:05.883816
1.0708934980940992,81,10,1,0,-1,0,0.0,0.0,2025-Jan-30-21:36:05.958607
1.0708934980940992,82,10,1,0,-1,0,0.0,0.0,2025-Jan-30-21:36:06.061834
1.0708934980940992,83,10,1,0,-1,0,0.0,0.0,2025-Jan-30-21:36:06.163015
1.0708934980940992,84,10,1,0,-1,0,0.0,0.0,2025-Jan-30-21:36:06.252104
1.0708934980940992,85,10,1,0,-1,0,0.0,0.0,2025-Jan-30-21:36:06.314530
1.0708934980940992,86,10,1,0,-1,0,0.0,0.0,2025-Jan-30-21:36:06.375993
1.0708934980940992,87,10,1,0,-1,0,0.0,0.0,2025-Jan-30-21:36:06.437873
1.175750641146208,88,10,1,0,0,0,0.0,0.0,2025-Jan-30-21:36:06.492956
1.175750641146208,89,10,1,0,0,0,0.0,0.0,2025-Jan-30-21:36:06.547621
1.175750641146208,90,10,1,0,0,0,0.0,0.0,2025-Jan-30-21:36:06.603789
0.720770503000503,91,1,1,0,0,0,0.0,0.0,2025-Jan-30-21:36:06.647305
0.720770503000503,92,1,1,0,0,0,0.0,0.0,2025-Jan-30-21:36:06.690190
0.720770503000503,93,1,1,0,0,0,0.0,0.0,2025-Jan-30-21:36:06.733726
0.720770503000503,94,1,1,0,0,0,0.0,0.0,2025-Jan-30-21:36:06.777141
0.720770503000503,95,1,1,0,0,0,0.0,0.0,2025-Jan-30-21:36:06.919075
0.720770503000503,96,1,1,0,0,0,0.0,0.0,2025-Jan-30-21:36:06.987310
0.720770503000503,97,1,1,0,0,0,0.0,0.0,2025-Jan-30-21:36:07.072375
0.720770503000503,98,1,1,0,0,0,0.0,0.0,2025-Jan-30-21:36:07.146613
0.720770503000503,99,1,1,0,0,0,0.0,0.0,2025-Jan-30-21:36:07.216929
0.720770503000503,100,1,1,0,0,0,0.0,0.0,2025-Jan-30-21:36:07.260188
0.7207724245866639,101,2,1,0,0,0,0.0,0.0,2025-Jan-30-21:36:07.303856
0.7207724245866639,102,2,1,0,0,0,0.0,0.0,2025-Jan-30-21:36:07.346827
0.7207724245866639,103,2,1,0,0,0,0.0,0.0,2025-Jan-30-21:36:07.389546
0.7207724245866639,104,2,1,0,0,0,0.0,0.0,2025-Jan-30-21:36:07.432753
0.7207724245866639,105,2,1,0,0,0,0.0,0.0,2025-Jan-30-21:36:07.476108
0.7207724245866639,106,2,1,0,0,0,0.0,0.0,2025-Jan-30-21:36:07.519273
0.7207724245866639,107,2,1,0,0,0,0.0,0.0,2025-Jan-30-21:36:07.566481
0.7207724245866639,108,2,1,0,0,0,0.0,0.0,2025-Jan-30-21:36:07.610019
0.7207724245866639,109,2,1,0,0,0,0.0,0.0,2025-Jan-30-21:36:07.653243
0.7207724245866639,110,2,1,0,0,0,0.0,0.0,2025-Jan-30-21:36:07.696468
0.7207724247317727,111,6,1,0,0,0,0.0,0.0,2025-Jan-30-21:36:07.739759
0.7207724247317727,112,6,1,0,0,0,0.0,0.0,2025-Jan-30-21:36:07.782573
0.7207724247317727,113,6,1,0,0,0,0.0,0.0,2025-Jan-30-21:36:07.825962
0.7207724247317727,114,6,1,0,0,0,0.0,0.0,2025-Jan-30-21:36:07.868836
0.7207724247317727,115,6,1,0,0,0,0.0,0.0,2025-Jan-30-21:36:07.912023
0.7207724247317727,116,6,1,0,0,0,0.0,0.0,2025-Jan-30-21:36:07.986389
0.7207724247317727,117,6,1,0,0,0,0.0,0.0,2025-Jan-30-21:36:08.058785
0.7207724247317727,118,6,1,0,0,0,0.0,0.0,2025-Jan-30-21:36:08.142079
0.7207724247317727,119,6,1,0,0,0,0.0,0.0,2025-Jan-30-21:36:08.207517
0.7207724247317727,120,6,1,0,0,0,0.0,0.0,2025-Jan-30-21:36:08.250987
0.7207724247317727,121,6,1,0,0,0,0.0,0.0,2025-Jan-30-21:36:08.294769
0.7207724247317727,122,6,1,0,0,0,0.0,0.0,2025-Jan-30-21:36:08.338628
0.7207724247317727,123,6,1,0,0,0,0.0,0.0,2025-Jan-30-21:36:08.381925
0.7207724247317727,124,6,1,0,0,0,0.0,0.0,2025-Jan-30-21:36:08.425527
0.7207724247317727,125,6,1,0,0,0,0.0,0.0,2025-Jan-30-21:36:08.470622
0.7207724247317727,126,6,1,0,0,0,0.0,0.0,2025-Jan-30-21:36:08.514324
0.7207724247317727,127,6,1,0,0,0,0.0,0.0,2025-Jan-30-21:36:08.557393
0.7207724247317727,128,6,1,0,0,0,0.0,0.0,2025-Jan-30-21:36:08.600808
0.7207724247317727,129,6,1,0,0,0,0.0,0.0,2025-Jan-30-21:36:08.643646
0.7207724247317727,130,6,1,0,0,0,0.0,0.0,2025-Jan-30-21:36:08.686762
0.7207724277510894,131,7,1,0,0,-1,0.0,0.0,2025-Jan-30-21:36:08.730379
0.7207724277510894,132,7,1,0,0,-1,0.0,0.0,2025-Jan-30-21:36:08.774124
0.7207724277510894,133,7,1,0,0,-1,0.0,0.0,2025-Jan-30-21:36:08.817011
0.7569364633080932,134,7,1,0,-1,-1,0.0,0.0,2025-Jan-30-21:36:08.873004
0.7569364633080932,135,7,1,0,-1,-1,0.0,0.0,2025-Jan-30-21:36:08.928385
0.7569364633080932,136,7,1,0,-1,-1,0.0,0.0,2025-Jan-30-21:36:08.998483
0.7207724277510894,137,7,1,0,0,-1,0.0,0.0,2025-Jan-30-21:36:09.084072
0.7207724277510894,138,7,1,0,0,-1,0.0,0.0,2025-Jan-30-21:36:09.175847
0.7207724277510894,139,7,1,0,0,-1,0.0,0.0,2025-Jan-30-21:36:09.239810
0.7207724277510894,140,7,1,0,0,-1,0.0,0.0,2025-Jan-30-21:36:09.283350
0.778578866417772,141,3,1,1,1,1,1.2,1.5,2025-Jan-30-21:36:09.355927
0.9848674850159056,142,3,1,1,-1,1,0.0,1.5,2025-Jan-30-21:36:09.441364
0.9848674850159056,143,3,1,1,-1,1,0.0,1.5,2025-Jan-30-21:36:09.527131
0.9848674850159056,144,3,1,1,-1,1,0.0,1.5,2025-Jan-30-21:36:09.727682
0.9848691508315117,145,3,1,1,-1,1,0.0,1.4,2025-Jan-30-21:36:09.814269
0.9848691508315117,146,3,1,1,-1,1,0.0,1.4,2025-Jan-30-21:36:09.901299
0.9848691508315117,147,3,1,1,-1,1,0.0,1.4,2025-Jan-30-21:36:10.027149
0.9848691508315117,148,3,1,1,-1,1,0.0,1.4,2025-Jan-30-21:36:10.183349
0.9848691508315117,149,3,1,1,-1,1,0.0,1.4,2025-Jan-30-21:36:10.269844
0.9848691508315117,150,3,1,1,-1,1,0.0,1.4,2025-Jan-30-21:36:10.355697
0.8075955916472131,151,1,1,0,0,-1,0.0,0.0,2025-Jan-30-21:36:10.412333
0.8075955916472131,152,1,1,0,0,-1,0.0,0.0,2025-Jan-30-21:36:10.468631
0.8075955916472131,153,1,1,0,0,-1,0.0,0.0,2025-Jan-30-21:36:10.525495
1.2925893835362965,154,0,1,0,0,-1,0.0,0.0,2025-Jan-30-21:36:10.604438
1.2925893835362965,155,0,1,0,0,-1,0.0,0.0,2025-Jan-30-21:36:10.683064
0.8075955916472131,156,1,1,0,0,-1,0.0,0.0,2025-Jan-30-21:36:10.739438
0.8075955916472131,157,1,1,0,0,-1,0.0,0.0,2025-Jan-30-21:36:10.796027
0.8075955916472131,158,1,1,0,0,-1,0.0,0.0,2025-Jan-30-21:36:10.852537
0.8075955916472131,159,1,1,0,0,-1,0.0,0.0,2025-Jan-30-21:36:10.909266
0.8075955916472131,160,1,1,0,0,-1,0.0,0.0,2025-Jan-30-21:36:10.989775
0.8075973439474216,161,4,1,0,0,-1,0.0,0.0,2025-Jan-30-21:36:11.086124
0.8075973439474216,162,4,1,0,0,-1,0.0,0.0,2025-Jan-30-21:36:11.203213
0.7207724247317728,163,4,1,0,0,0,0.0,0.0,2025-Jan-30-21:36:11.248191
0.7207724247317728,164,4,1,0,0,0,0.0,0.0,2025-Jan-30-21:36:11.292447
0.7207724247317728,165,4,1,0,0,0,0.0,0.0,2025-Jan-30-21:36:11.336084
0.8075973439474216,166,4,1,0,0,-1,0.0,0.0,2025-Jan-30-21:36:11.392954
0.8075973439474216,167,4,1,0,0,-1,0.0,0.0,2025-Jan-30-21:36:11.453189
0.8075973439474216,168,4,1,0,0,-1,0.0,0.0,2025-Jan-30-21:36:11.511776
0.8075973439474216,169,4,1,0,0,-1,0.0,0.0,2025-Jan-30-21:36:11.568563
0.8075973439474216,170,4,1,0,0,-1,0.0,0.0,2025-Jan-30-21:36:11.624979
0.7207724247317728,171,4,1,0,0,0,0.0,0.0,2025-Jan-30-21:36:11.674147
0.7207724247317728,172,4,1,0,0,0,0.0,0.0,2025-Jan-30-21:36:11.721812
0.7207724247317728,173,4,1,0,0,0,0.0,0.0,2025-Jan-30-21:36:11.767993
0.7207724247317728,174,4,1,0,0,0,0.0,0.0,2025-Jan-30-21:36:11.813878
0.7207724247317728,175,4,1,0,0,0,0.0,0.0,2025-Jan-30-21:36:11.860391
0.8075973467942734,176,4,1,0,-1,-1,0.0,0.0,2025-Jan-30-21:36:11.919854
0.8075973467942734,177,4,1,0,-1,-1,0.0,0.0,2025-Jan-30-21:36:12.003802
0.8075973467942734,178,4,1,0,-1,-1,0.0,0.0,2025-Jan-30-21:36:12.105145
0.8075973467942734,179,4,1,0,-1,-1,0.0,0.0,2025-Jan-30-21:36:12.215526
0.8075973467942734,180,4,1,0,-1,-1,0.0,0.0,2025-Jan-30-21:36:12.276512
0.8636843106393078,181,1,1,1,1,1,0.6,0.9,2025-Jan-30-21:36:12.355792
0.9907200474757868,182,1,1,1,1,0,0.6,0.0,2025-Jan-30-21:36:12.406055
0.9907200474757868,183,1,1,1,1,0,0.6,0.0,2025-Jan-30-21:36:12.456430
0.9907200474757868,184,1,1,1,1,0,0.6,0.0,2025-Jan-30-21:36:12.505857
0.9907200474757868,185,1,1,1,1,0,0.6,0.0,2025-Jan-30-21:36:12.550944
0.962095673896457,186,4,1,1,0,1,0.0,0.8,2025-Jan-30-21:36:12.595357
0.962095673896457,187,4,1,1,0,1,0.0,0.8,2025-Jan-30-21:36:12.641154
0.962095673896457,188,4,1,1,0,1,0.0,0.8,2025-Jan-30-21:36:12.689447
0.962095673896457,189,4,1,1,0,1,0.0,0.8,2025-Jan-30-21:36:12.735190
0.962095673896457,190,4,1,1,0,1,0.0,0.8,2025-Jan-30-21:36:12.911605
1.0757730679928668,191,4,1,1,-1,0,0.0,0.0,2025-Jan-30-21:36:12.983640
1.0757730679928668,192,4,1,1,-1,0,0.0,0.0,2025-Jan-30-21:36:13.084156
0.720772427896289,193,4,1,0,-1,0,0.0,0.0,2025-Jan-30-21:36:13.169062
0.720772427896289,194,4,1,0,-1,0,0.0,0.0,2025-Jan-30-21:36:13.245480
0.720772427896289,195,4,1,0,-1,0,0.0,0.0,2025-Jan-30-21:36:13.292177
1.0048720962401305,196,3,1,1,1,0,0.5,0.0,2025-Jan-30-21:36:13.340121
1.0048720962401305,197,3,1,1,1,0,0.5,0.0,2025-Jan-30-21:36:13.387557
1.0048979819562338,198,2,1,1,1,0,0.5,0.0,2025-Jan-30-21:36:13.434409
1.0048720962401305,199,3,1,1,1,0,0.5,0.0,2025-Jan-30-21:36:13.481704
1.0048720962401305,200,3,1,1,1,0,0.5,0.0,2025-Jan-30-21:36:13.537664
1.0189793197070243,201,5,1,1,1,1,0.4,0.4,2025-Jan-30-21:36:13.596650
1.0189793197070243,202,5,1,1,1,1,0.4,0.4,2025-Jan-30-21:36:13.655424
1.0189793197070243,203,5,1,1,1,1,0.4,0.4,2025-Jan-30-21:36:13.715910
1.0189793197070243,204,5,1,1,1,1,0.4,0.4,2025-Jan-30-21:36:13.775548
1.0189793197070243,205,5,1,1,1,1,0.4,0.4,2025-Jan-30-21:36:13.835764
1.019004686737098,206,4,1,1,0,1,0.0,0.4,2025-Jan-30-21:36:13.881837
1.019004686737098,207,4,1,1,0,1,0.0,0.4,2025-Jan-30-21:36:13.925812
1.019004686737098,208,4,1,1,0,1,0.0,0.4,2025-Jan-30-21:36:13.982724
1.0332099638826882,209,4,1,1,0,1,0.0,0.3,2025-Jan-30-21:36:14.080227
1.0332099638826882,210,4,1,1,0,1,0.0,0.3,2025-Jan-30-21:36:14.187897
1.033209963730319,211,2,1,1,0,1,0.0,0.3,2025-Jan-30-21:36:14.267012
1.033209963730319,212,2,1,1,0,1,0.0,0.3,2025-Jan-30-21:36:14.321774
1.033209963730319,213,2,1,1,0,1,0.0,0.3,2025-Jan-30-21:36:14.367466
1.0757730646832417,214,2,1,1,0,0,0.0,0.0,2025-Jan-30-21:36:14.411472
1.0757730646832417,215,2,1,1,0,0,0.0,0.0,2025-Jan-30-21:36:14.455117
0.7065978081390013,216,3,1,0,1,0,0.1,0.0,2025-Jan-30-21:36:14.499104
0.7065978081390013,217,3,1,0,1,0,0.1,0.0,2025-Jan-30-21:36:14.543225
0.7065978081390013,218,3,1,0,1,0,0.1,0.0,2025-Jan-30-21:36:14.591150
0.7065978081390013,219,3,1,0,1,0,0.1,0.0,2025-Jan-30-21:36:14.639208
0.7065978082866218,220,2,1,0,1,0,0.1,0.0,2025-Jan-30-21:36:14.687396
1.070893498094094,221,8,1,0,-1,0,0.0,0.0,2025-Jan-30-21:36:14.760089
1.070893498094094,222,8,1,0,-1,0,0.0,0.0,2025-Jan-30-21:36:14.827324
1.070893498094094,223,8,1,0,-1,0,0.0,0.0,2025-Jan-30-21:36:14.894144
1.1757506411834284,224,8,1,0,0,0,0.0,0.0,2025-Jan-30-21:36:14.972493
1.1757506411834284,225,8,1,0,0,0,0.0,0.0,2025-Jan-30-21:36:15.095256
1.0757711430969912,226,1,1,1,0,0,0.0,0.0,2025-Jan-30-21:36:15.191262
1.0757711430969912,227,1,1,1,0,0,0.0,0.0,2025-Jan-30-21:36:15.237057
1.162586765871954,228,3,1,1,0,-1,0.0,0.0,2025-Jan-30-21:36:15.294708
0.9487171169930149,229,1,1,1,0,1,0.0,1.9,2025-Jan-30-21:36:15.371713
1.3831622436449573,230,0,1,1,1,0,1.6,0.0,2025-Jan-30-21:36:15.454395
1.1148026538408449,231,8,1,0,1,-1,0.7,0.0,2025-Jan-30-21:36:15.519783
1.0708934980940992,232,10,1,0,-1,0,0.0,0.0,2025-Jan-30-21:36:15.584390
1.1757506445112205,233,8,1,0,0,1,0.0,1.9,2025-Jan-30-21:36:15.642565
0.9056329903030069,234,7,1,1,1,1,1.2,1.7,2025-Jan-30-21:36:15.700720
1.075774221135453,235,10,1,1,0,-1,0.0,0.0,2025-Jan-30-21:36:15.752057
1.0190046733554978,236,4,1,1,1,1,1.5,0.4,2025-Jan-30-21:36:15.809414
0.9907223668931702,237,2,1,1,1,0,0.6,0.0,2025-Jan-30-21:36:15.856120
1.114885156517734,238,0,1,0,-1,1,0.0,0.9,2025-Jan-30-21:36:15.990587
1.0757742179736964,239,10,1,1,0,0,0.0,0.0,2025-Jan-30-21:36:16.214327
1.1625979840341714,240,4,1,1,0,-1,0.0,0.0,2025-Jan-30-21:36:16.340432
1.4699887644290448,241,0,1,1,1,-1,1.9,0.0,2025-Jan-30-21:36:16.458186
1.075773051764827,242,4,1,1,1,0,1.2,0.0,2025-Jan-30-21:36:16.514857
0.7207724245865745,243,7,1,0,0,0,0.0,0.0,2025-Jan-30-21:36:16.565666
1.0474000412521947,244,7,1,1,1,0,0.2,0.0,2025-Jan-30-21:36:16.616089
1.0757742049138943,245,9,1,1,1,0,1.2,0.0,2025-Jan-30-21:36:16.674727
1.0190046865823086,246,2,1,1,0,1,0.0,0.4,2025-Jan-30-21:36:16.722428
1.0757742178287177,247,8,1,1,0,0,0.0,0.0,2025-Jan-30-21:36:16.773492
1.111937100367971,248,2,1,1,-1,0,0.0,0.0,2025-Jan-30-21:36:16.832219
1.0708934980940992,249,10,1,0,-1,0,0.0,0.0,2025-Jan-30-21:36:16.896230
0.9907223670528018,250,6,1,1,1,0,0.6,0.0,2025-Jan-30-21:36:16.941522
0.5937220248198757,251,4,1,0,0,1,0.0,1.7,2025-Jan-30-21:36:17.057488
0.5937220248198757,252,4,1,0,0,1,0.0,1.7,2025-Jan-30-21:36:17.185446
0.5937220248198757,253,4,1,0,0,1,0.0,1.7,2025-Jan-30-21:36:17.263912
0.5937220248198757,254,4,1,0,0,1,0.0,1.7,2025-Jan-30-21:36:17.341069
0.5937220248198757,255,4,1,0,0,1,0.0,1.7,2025-Jan-30-21:36:17.418337
0.5937220248198757,256,4,1,0,0,1,0.0,1.7,2025-Jan-30-21:36:17.496230
0.5937220248198757,257,4,1,0,0,1,0.0,1.7,2025-Jan-30-21:36:17.576015
0.8075973439474216,258,4,1,0,0,-1,0.0,0.0,2025-Jan-30-21:36:17.641242
0.8075973439474216,259,4,1,0,0,-1,0.0,0.0,2025-Jan-30-21:36:17.701738
0.8075973439474216,260,4,1,0,0,-1,0.0,0.0,2025-Jan-30-21:36:17.762916
1.2419215143445705,261,0,1,0,-1,0,0.0,0.0,2025-Jan-30-21:36:17.842704
0.7494822890755525,262,1,1,0,-1,0,0.0,0.0,2025-Jan-30-21:36:17.902565
0.7494822890755525,263,1,1,0,-1,0,0.0,0.0,2025-Jan-30-21:36:17.992855
0.7494822890755525,264,1,1,0,-1,0,0.0,0.0,2025-Jan-30-21:36:18.120398
0.7494822890755525,265,1,1,0,-1,0,0.0,0.0,2025-Jan-30-21:36:18.225720
0.7494822890755525,266,1,1,0,-1,0,0.0,0.0,2025-Jan-30-21:36:18.284845
0.7494822890755525,267,1,1,0,-1,0,0.0,0.0,2025-Jan-30-21:36:18.343617
0.7494822890755525,268,1,1,0,-1,0,0.0,0.0,2025-Jan-30-21:36:18.404199
0.7494822890755525,269,1,1,0,-1,0,0.0,0.0,2025-Jan-30-21:36:18.462661
0.7494822890755525,270,1,1,0,-1,0,0.0,0.0,2025-Jan-30-21:36:18.519103
0.6633899020789848,271,2,1,0,-1,1,0.0,0.6,2025-Jan-30-21:36:18.576750
0.6633899020789848,272,2,1,0,-1,1,0.0,0.6,2025-Jan-30-21:36:18.634717
0.6355671230385452,273,2,1,0,0,1,0.0,0.6,2025-Jan-30-21:36:18.679489
0.6355671230385452,274,2,1,0,0,1,0.0,0.6,2025-Jan-30-21:36:18.725242
0.6355671230385452,275,2,1,0,0,1,0.0,0.6,2025-Jan-30-21:36:18.769983
0.6355671230385452,276,2,1,0,0,1,0.0,0.6,2025-Jan-30-21:36:18.814731
0.6633899020789848,277,2,1,0,-1,1,0.0,0.6,2025-Jan-30-21:36:18.870399
0.6633899020789848,278,2,1,0,-1,1,0.0,0.6,2025-Jan-30-21:36:18.926777
0.6633899020789848,279,2,1,0,-1,1,0.0,0.6,2025-Jan-30-21:36:19.003944
0.6633899020789848,280,2,1,0,-1,1,0.0,0.6,2025-Jan-30-21:36:19.118400
1.0615756125967803,281,3,1,1,1,0,0.1,0.0,2025-Jan-30-21:36:19.195832
1.0615756125967803,282,3,1,1,1,0,0.1,0.0,2025-Jan-30-21:36:19.375743
1.0615756125967803,283,3,1,1,1,0,0.1,0.0,2025-Jan-30-21:36:19.423745
1.0757509769736244,284,3,1,1,0,0,0.0,0.0,2025-Jan-30-21:36:19.470201
1.0757509769736244,285,3,1,1,0,0,0.0,0.0,2025-Jan-30-21:36:19.514164
1.0757730646832417,286,2,1,1,0,0,0.0,0.0,2025-Jan-30-21:36:19.560046
1.0757730646832417,287,2,1,1,0,0,0.0,0.0,2025-Jan-30-21:36:19.606503
1.0757730646832417,288,2,1,1,0,0,0.0,0.0,2025-Jan-30-21:36:19.651425
1.0757730646832417,289,2,1,1,0,0,0.0,0.0,2025-Jan-30-21:36:19.696631
1.0757730646832417,290,2,1,1,0,0,0.0,0.0,2025-Jan-30-21:36:19.741926
1.175750641146208,291,10,1,0,0,0,0.0,0.0,2025-Jan-30-21:36:19.799425
1.175750641146208,292,10,1,0,0,0,0.0,0.0,2025-Jan-30-21:36:19.858084
1.175750641146208,293,10,1,0,0,0,0.0,0.0,2025-Jan-30-21:36:19.920752
1.175750641146208,294,10,1,0,0,0,0.0,0.0,2025-Jan-30-21:36:20.003955
1.175750641146208,295,10,1,0,0,0,0.0,0.0,2025-Jan-30-21:36:20.112426
1.175750641146208,296,10,1,0,0,0,0.0,0.0,2025-Jan-30-21:36:20.210347
1.175750641146208,297,10,1,0,0,0,0.0,0.0,2025-Jan-30-21:36:20.269969
1.175750641146208,298,10,1,0,0,0,0.0,0.0,2025-Jan-30-21:36:20.329745
1.175750641146208,299,10,1,0,0,0,0.0,0.0,2025-Jan-30-21:36:20.388299
1.175750641146208,300,10,1,0,0,0,0.0,0.0,2025-Jan-30-21:36:20.443769
0.720770503000503,301,1,1,0,0,0,0.0,0.0,2025-Jan-30-21:36:20.487835
0.720770503000503,302,1,1,0,0,0,0.0,0.0,2025-Jan-30-21:36:20.531878
0.720770503000503,303,1,1,0,0,0,0.0,0.0,2025-Jan-30-21:36:20.575440
0.720770503000503,304,1,1,0,0,0,0.0,0.0,2025-Jan-30-21:36:20.619192
0.720770503000503,305,1,1,0,0,0,0.0,0.0,2025-Jan-30-21:36:20.662692
0.720770503000503,306,1,1,0,0,0,0.0,0.0,2025-Jan-30-21:36:20.707155
0.720770503000503,307,1,1,0,0,0,0.0,0.0,2025-Jan-30-21:36:20.751066
0.720770503000503,308,1,1,0,0,0,0.0,0.0,2025-Jan-30-21:36:20.794623
0.720770503000503,309,1,1,0,0,0,0.0,0.0,2025-Jan-30-21:36:20.838590
0.720770503000503,310,1,1,0,0,0,0.0,0.0,2025-Jan-30-21:36:20.884700
0.7207724245865745,311,7,1,0,0,0,0.0,0.0,2025-Jan-30-21:36:20.928468
0.7207724245865745,312,7,1,0,0,0,0.0,0.0,2025-Jan-30-21:36:20.991171
0.7207724245865745,313,7,1,0,0,0,0.0,0.0,2025-Jan-30-21:36:21.072035
0.7207724245865745,314,7,1,0,0,0,0.0,0.0,2025-Jan-30-21:36:21.158864
0.7207724245865745,315,7,1,0,0,0,0.0,0.0,2025-Jan-30-21:36:21.242258
0.7207724245865745,316,7,1,0,0,0,0.0,0.0,2025-Jan-30-21:36:21.285713
0.7207724245865745,317,7,1,0,0,0,0.0,0.0,2025-Jan-30-21:36:21.329814
0.7207724245865745,318,7,1,0,0,0,0.0,0.0,2025-Jan-30-21:36:21.373368
0.7207724245865745,319,7,1,0,0,0,0.0,0.0,2025-Jan-30-21:36:21.417501
0.7207724245865745,320,7,1,0,0,0,0.0,0.0,2025-Jan-30-21:36:21.461378
0.7207724245866639,321,2,1,0,0,0,0.0,0.0,2025-Jan-30-21:36:21.505339
0.7207724245866639,322,2,1,0,0,0,0.0,0.0,2025-Jan-30-21:36:21.548972
0.7207724245866639,323,2,1,0,0,0,0.0,0.0,2025-Jan-30-21:36:21.592742
0.7207724245866639,324,2,1,0,0,0,0.0,0.0,2025-Jan-30-21:36:21.636772
0.7207724245866639,325,2,1,0,0,0,0.0,0.0,2025-Jan-30-21:36:21.680980
0.7207724245866639,326,2,1,0,0,0,0.0,0.0,2025-Jan-30-21:36:21.726544
0.7207724245866639,327,2,1,0,0,0,0.0,0.0,2025-Jan-30-21:36:21.770958
0.7207724245866639,328,2,1,0,0,0,0.0,0.0,2025-Jan-30-21:36:21.815099
0.7207724245866639,329,2,1,0,0,0,0.0,0.0,2025-Jan-30-21:36:21.860612
0.7207724245866639,330,2,1,0,0,0,0.0,0.0,2025-Jan-30-21:36:21.909605
0.7207724247317727,331,6,1,0,0,0,0.0,0.0,2025-Jan-30-21:36:21.982268
0.7207724247317727,332,6,1,0,0,0,0.0,0.0,2025-Jan-30-21:36:22.075136
0.7207724247317727,333,6,1,0,0,0,0.0,0.0,2025-Jan-30-21:36:22.284950
0.7207724247317727,334,6,1,0,0,0,0.0,0.0,2025-Jan-30-21:36:22.359642
0.7207724247317727,335,6,1,0,0,0,0.0,0.0,2025-Jan-30-21:36:22.406746
0.7207724247317727,336,6,1,0,0,0,0.0,0.0,2025-Jan-30-21:36:22.453371
0.7207724247317727,337,6,1,0,0,0,0.0,0.0,2025-Jan-30-21:36:22.499393
0.7207724247317727,338,6,1,0,0,0,0.0,0.0,2025-Jan-30-21:36:22.544569
0.7207724247317727,339,6,1,0,0,0,0.0,0.0,2025-Jan-30-21:36:22.589064
0.7207724247317727,340,6,1,0,0,0,0.0,0.0,2025-Jan-30-21:36:22.634810
0.7207724247317727,341,6,1,0,0,0,0.0,0.0,2025-Jan-30-21:36:22.681039
0.7207724247317727,342,6,1,0,0,0,0.0,0.0,2025-Jan-30-21:36:22.726200
0.7207724247317727,343,6,1,0,0,0,0.0,0.0,2025-Jan-30-21:36:22.770052
0.7207724247317727,344,6,1,0,0,0,0.0,0.0,2025-Jan-30-21:36:22.815235
0.7207724247317727,345,6,1,0,0,0,0.0,0.0,2025-Jan-30-21:36:22.859747
0.7207724247317727,346,6,1,0,0,0,0.0,0.0,2025-Jan-30-21:36:22.904221
0.7207724247317727,347,6,1,0,0,0,0.0,0.0,2025-Jan-30-21:36:22.973438
0.7207724247317727,348,6,1,0,0,0,0.0,0.0,2025-Jan-30-21:36:23.059732
0.7207724247317727,349,6,1,0,0,0,0.0,0.0,2025-Jan-30-21:36:23.136922
0.7207724247317727,350,6,1,0,0,0,0.0,0.0,2025-Jan-30-21:36:23.205998
0.7207724247317728,351,4,1,0,0,0,0.0,0.0,2025-Jan-30-21:36:23.250392
0.7207724247317728,352,4,1,0,0,0,0.0,0.0,2025-Jan-30-21:36:23.294850
0.7207724247317728,353,4,1,0,0,0,0.0,0.0,2025-Jan-30-21:36:23.338542
0.7207724247317728,354,4,1,0,0,0,0.0,0.0,2025-Jan-30-21:36:23.382805
0.7207724247317728,355,4,1,0,0,0,0.0,0.0,2025-Jan-30-21:36:23.429993
0.7207724244414657,356,3,1,0,0,0,0.0,0.0,2025-Jan-30-21:36:23.475691
0.7207724244414657,357,3,1,0,0,0,0.0,0.0,2025-Jan-30-21:36:23.520315
0.7207724244414657,358,3,1,0,0,0,0.0,0.0,2025-Jan-30-21:36:23.565810
0.7207724244414657,359,3,1,0,0,0,0.0,0.0,2025-Jan-30-21:36:23.610993
0.7207724244414657,360,3,1,0,0,0,0.0,0.0,2025-Jan-30-21:36:23.656658
0.7207724277510894,361,7,1,0,0,-1,0.0,0.0,2025-Jan-30-21:36:23.701658
0.7207724277510894,362,7,1,0,0,-1,0.0,0.0,2025-Jan-30-21:36:23.746367
0.7207724277510894,363,7,1,0,0,-1,0.0,0.0,2025-Jan-30-21:36:23.792146
0.7207724277510894,364,7,1,0,0,-1,0.0,0.0,2025-Jan-30-21:36:23.837101
0.7207724277510894,365,7,1,0,0,-1,0.0,0.0,2025-Jan-30-21:36:23.880882
0.720772427896289,366,4,1,0,-1,0,0.0,0.0,2025-Jan-30-21:36:23.924519
0.720772427896289,367,4,1,0,-1,0,0.0,0.0,2025-Jan-30-21:36:23.982783
0.720772427896289,368,4,1,0,-1,0,0.0,0.0,2025-Jan-30-21:36:24.060093
0.720772427896289,369,4,1,0,-1,0,0.0,0.0,2025-Jan-30-21:36:24.152111
0.720772427896289,370,4,1,0,-1,0,0.0,0.0,2025-Jan-30-21:36:24.221253
0.9848691508315117,371,3,1,1,-1,1,0.0,1.4,2025-Jan-30-21:36:24.469264
0.9848691508315117,372,3,1,1,-1,1,0.0,1.4,2025-Jan-30-21:36:24.561307
0.9848691508315117,373,3,1,1,-1,1,0.0,1.4,2025-Jan-30-21:36:24.650119
0.9848691508315117,374,3,1,1,-1,1,0.0,1.4,2025-Jan-30-21:36:24.740431
1.1982057000075539,375,3,1,1,-1,-1,0.0,0.0,2025-Jan-30-21:36:24.813272
1.2925893835362965,376,0,1,0,0,-1,0.0,0.0,2025-Jan-30-21:36:24.896782
1.2925893835362965,377,0,1,0,0,-1,0.0,0.0,2025-Jan-30-21:36:25.011490
1.2925893835362965,378,0,1,0,0,-1,0.0,0.0,2025-Jan-30-21:36:25.140154
1.2925893835362965,379,0,1,0,0,-1,0.0,0.0,2025-Jan-30-21:36:25.245891
1.2925893835362965,380,0,1,0,0,-1,0.0,0.0,2025-Jan-30-21:36:25.327728
0.8075955916472131,381,1,1,0,0,-1,0.0,0.0,2025-Jan-30-21:36:25.387324
0.8075955916472131,382,1,1,0,0,-1,0.0,0.0,2025-Jan-30-21:36:25.447348
0.8075955916472131,383,1,1,0,0,-1,0.0,0.0,2025-Jan-30-21:36:25.506162
0.8075955916472131,384,1,1,0,0,-1,0.0,0.0,2025-Jan-30-21:36:25.565628
0.8075955916472131,385,1,1,0,0,-1,0.0,0.0,2025-Jan-30-21:36:25.625784
0.8075973439474216,386,4,1,0,0,-1,0.0,0.0,2025-Jan-30-21:36:25.684287
0.8075973439474216,387,4,1,0,0,-1,0.0,0.0,2025-Jan-30-21:36:25.742634
0.8075973439474216,388,4,1,0,0,-1,0.0,0.0,2025-Jan-30-21:36:25.800748
0.8075973439474216,389,4,1,0,0,-1,0.0,0.0,2025-Jan-30-21:36:25.861111
0.8075973439474216,390,4,1,0,0,-1,0.0,0.0,2025-Jan-30-21:36:25.919987
0.8075973467942734,391,4,1,0,-1,-1,0.0,0.0,2025-Jan-30-21:36:26.018652
0.8437667697874734,392,3,1,0,-1,-1,0.0,0.0,2025-Jan-30-21:36:26.154922
0.8437667697874734,393,3,1,0,-1,-1,0.0,0.0,2025-Jan-30-21:36:26.254869
0.8437667697874734,394,3,1,0,-1,-1,0.0,0.0,2025-Jan-30-21:36:26.329101
0.8437667697874734,395,3,1,0,-1,-1,0.0,0.0,2025-Jan-30-21:36:26.401407
1.0757711430969912,396,1,1,1,0,0,0.0,0.0,2025-Jan-30-21:36:26.447608
1.0757711430969912,397,1,1,1,0,0,0.0,0.0,2025-Jan-30-21:36:26.491881
1.0757711430969912,398,1,1,1,0,0,0.0,0.0,2025-Jan-30-21:36:26.536614
1.0757711430969912,399,1,1,1,0,0,0.0,0.0,2025-Jan-30-21:36:26.580567
0.9907200474757868,400,1,1,1,1,0,0.6,0.0,2025-Jan-30-21:36:26.627480
0.9056330050412849,401,7,1,1,1,0,1.2,0.0,2025-Jan-30-21:36:26.671894
0.9056330050412849,402,7,1,1,1,0,1.2,0.0,2025-Jan-30-21:36:26.716162
0.5506638016005241,403,7,1,0,1,0,1.2,0.0,2025-Jan-30-21:36:26.760496
0.5506638016005241,404,7,1,0,1,0,1.2,0.0,2025-Jan-30-21:36:26.804361
0.5506638016005241,405,7,1,0,1,0,1.2,0.0,2025-Jan-30-21:36:26.848693
0.9487171169930149,406,1,1,1,0,1,0.0,1.9,2025-Jan-30-21:36:26.922769
0.5937164768812738,407,1,1,0,0,1,0.0,1.9,2025-Jan-30-21:36:27.023366
0.5937164768812738,408,1,1,0,0,1,0.0,1.9,2025-Jan-30-21:36:27.143281
0.720770503000503,409,1,1,0,0,0,0.0,0.0,2025-Jan-30-21:36:27.222190
0.720770503000503,410,1,1,0,0,0,0.0,0.0,2025-Jan-30-21:36:27.267842
0.962095673896457,411,4,1,1,0,1,0.0,0.8,2025-Jan-30-21:36:27.313635
0.962095673896457,412,4,1,1,0,1,0.0,0.8,2025-Jan-30-21:36:27.360478
0.962095673896457,413,4,1,1,0,1,0.0,0.8,2025-Jan-30-21:36:27.404292
0.962095673896457,414,4,1,1,0,1,0.0,0.8,2025-Jan-30-21:36:27.449079
0.962095673896457,415,4,1,1,0,1,0.0,0.8,2025-Jan-30-21:36:27.493953
1.111937100367971,416,2,1,1,-1,0,0.0,0.0,2025-Jan-30-21:36:27.552089
1.111937100367971,417,2,1,1,-1,0,0.0,0.0,2025-Jan-30-21:36:27.609814
1.111937100367971,418,2,1,1,-1,0,0.0,0.0,2025-Jan-30-21:36:27.799164
1.111937100367971,419,2,1,1,-1,0,0.0,0.0,2025-Jan-30-21:36:27.857238
1.111937100367971,420,2,1,1,-1,0,0.0,0.0,2025-Jan-30-21:36:27.914585
0.9907223670528018,421,6,1,1,1,0,0.6,0.0,2025-Jan-30-21:36:27.995727
0.9907223670528018,422,6,1,1,1,0,0.6,0.0,2025-Jan-30-21:36:28.089867
0.9907223670528018,423,6,1,1,1,0,0.6,0.0,2025-Jan-30-21:36:28.170836
0.9907223670528018,424,6,1,1,1,0,0.6,0.0,2025-Jan-30-21:36:28.237472
1.0757730648283506,425,6,1,1,0,0,0.0,0.0,2025-Jan-30-21:36:28.282274
0.7207724245866639,426,2,1,0,0,0,0.0,0.0,2025-Jan-30-21:36:28.327119
1.1757506889169853,427,9,1,0,-1,1,0.0,0.1,2025-Jan-30-21:36:28.383761
0.543185262770337,428,6,1,0,1,1,1.8,1.6,2025-Jan-30-21:36:28.463808
0.8075973466634223,429,5,1,0,-1,-1,0.0,0.0,2025-Jan-30-21:36:28.522554
1.175750665199643,430,8,1,0,1,1,1.7,1.7,2025-Jan-30-21:36:28.577970
1.0757742179740988,431,9,1,1,0,0,0.0,0.0,2025-Jan-30-21:36:28.623092
0.6299019585031301,432,3,1,0,-1,1,0.0,1.2,2025-Jan-30-21:36:28.708936
1.047406452728786,433,4,1,1,0,1,0.0,0.2,2025-Jan-30-21:36:28.753345
1.5969221544039711,434,0,1,1,-1,0,0.0,0.0,2025-Jan-30-21:36:28.832932
0.9907240250322292,435,8,1,1,1,0,0.6,0.0,2025-Jan-30-21:36:28.877274
0.9623422987063405,436,7,1,1,1,0,0.8,0.0,2025-Jan-30-21:36:28.920958
0.7207724247317728,437,4,1,0,0,0,0.0,0.0,2025-Jan-30-21:36:29.001856
1.0757730515039878,438,4,1,1,1,0,0.3,0.0,2025-Jan-30-21:36:29.093231
1.0332464927386766,439,1,1,1,1,0,0.3,0.0,2025-Jan-30-21:36:29.176478
1.0757730515436084,440,4,1,1,1,0,0.7,0.0,2025-Jan-30-21:36:29.253945
1.1757506424348998,441,9,1,0,1,0,1.9,0.0,2025-Jan-30-21:36:29.309582
0.9486904114115038,442,5,1,1,1,1,0.9,1.8,2025-Jan-30-21:36:29.389061
0.9481962542574289,443,8,1,1,1,0,0.9,0.0,2025-Jan-30-21:36:29.433089
1.162599289019349,444,8,1,1,0,-1,0.0,0.0,2025-Jan-30-21:36:29.489653
0.9765465513771842,445,6,1,1,1,0,0.7,0.0,2025-Jan-30-21:36:29.533367
0.9763361147223458,446,2,1,1,0,1,0.0,0.7,2025-Jan-30-21:36:29.577785
1.061599680678953,447,10,1,1,1,0,0.1,0.0,2025-Jan-30-21:36:29.621550
0.9849013484269474,448,2,1,1,-1,1,0.0,1.3,2025-Jan-30-21:36:29.706942
1.028161011805214,449,0,1,0,1,0,1.4,0.0,2025-Jan-30-21:36:29.798221
0.9487243584755134,450,4,1,1,-1,1,0.0,1.6,2025-Jan-30-21:36:29.873904
0.543185262770337,451,6,1,0,1,1,1.8,1.6,2025-Jan-30-21:36:29.971119
0.543185262770337,452,6,1,0,1,1,1.8,1.6,2025-Jan-30-21:36:30.099463
0.543185262770337,453,6,1,0,1,1,1.8,1.6,2025-Jan-30-21:36:30.211329
0.543185262770337,454,6,1,0,1,1,1.8,1.6,2025-Jan-30-21:36:30.290613
0.543185262770337,455,6,1,0,1,1,1.8,1.6,2025-Jan-30-21:36:30.369740
0.543185262770337,456,6,1,0,1,1,1.8,1.6,2025-Jan-30-21:36:30.449337
0.5431852792384715,457,6,1,0,1,-1,1.8,0.0,2025-Jan-30-21:36:30.521976
0.7207724278962877,458,6,1,0,0,-1,0.0,0.0,2025-Jan-30-21:36:30.675671
0.7207724278962877,459,6,1,0,0,-1,0.0,0.0,2025-Jan-30-21:36:30.720621
0.5431852792384715,460,6,1,0,1,-1,1.8,0.0,2025-Jan-30-21:36:30.794234
0.5506638016005241,461,7,1,0,1,0,1.2,0.0,2025-Jan-30-21:36:30.838550
0.564840629749906,462,7,1,0,1,0,1.1,0.0,2025-Jan-30-21:36:30.883017
0.5648406299217614,463,6,1,0,1,0,1.1,0.0,2025-Jan-30-21:36:30.926574
0.5648406299217614,464,6,1,0,1,0,1.1,0.0,2025-Jan-30-21:36:30.986686
0.5648406299217614,465,6,1,0,1,0,1.1,0.0,2025-Jan-30-21:36:31.071126
0.7569364604146629,466,6,1,0,-1,0,0.0,0.0,2025-Jan-30-21:36:31.173504
0.7569364604146629,467,6,1,0,-1,0,0.0,0.0,2025-Jan-30-21:36:31.243995
1.1119371005071663,468,6,1,1,-1,0,0.0,0.0,2025-Jan-30-21:36:31.299803
1.1119371005071663,469,6,1,1,-1,0,0.0,0.0,2025-Jan-30-21:36:31.355962
1.1119371005071663,470,6,1,1,-1,0,0.0,0.0,2025-Jan-30-21:36:31.412096
0.5937164768812738,471,1,1,0,0,1,0.0,1.9,2025-Jan-30-21:36:31.485040
0.5937164768812738,472,1,1,0,0,1,0.0,1.9,2025-Jan-30-21:36:31.557895
0.5937181644094506,473,1,1,0,0,1,0.0,1.8,2025-Jan-30-21:36:31.630438
0.5937181644094506,474,1,1,0,0,1,0.0,1.8,2025-Jan-30-21:36:31.703266
0.720770503000503,475,1,1,0,0,0,0.0,0.0,2025-Jan-30-21:36:31.746904
1.0757711430969912,476,1,1,1,0,0,0.0,0.0,2025-Jan-30-21:36:31.789607
1.0757711430969912,477,1,1,1,0,0,0.0,0.0,2025-Jan-30-21:36:31.833086
1.0757711430969912,478,1,1,1,0,0,0.0,0.0,2025-Jan-30-21:36:31.876572
0.720770503000503,479,1,1,0,0,0,0.0,0.0,2025-Jan-30-21:36:31.919813
0.720770503000503,480,1,1,0,0,0,0.0,0.0,2025-Jan-30-21:36:31.982001
0.8075973439474216,481,4,1,0,0,-1,0.0,0.0,2025-Jan-30-21:36:32.080820
0.8075973439474216,482,4,1,0,0,-1,0.0,0.0,2025-Jan-30-21:36:32.179820
0.8075973439474216,483,4,1,0,0,-1,0.0,0.0,2025-Jan-30-21:36:32.262508
0.8075973439474216,484,4,1,0,0,-1,0.0,0.0,2025-Jan-30-21:36:32.319234
0.8075973439474216,485,4,1,0,0,-1,0.0,0.0,2025-Jan-30-21:36:32.375594
0.8075973439474216,486,4,1,0,0,-1,0.0,0.0,2025-Jan-30-21:36:32.432634
0.8075973439474216,487,4,1,0,0,-1,0.0,0.0,2025-Jan-30-21:36:32.489348
0.8075973439474216,488,4,1,0,0,-1,0.0,0.0,2025-Jan-30-21:36:32.545413
0.8075973439474216,489,4,1,0,0,-1,0.0,0.0,2025-Jan-30-21:36:32.602226
0.8075973439474216,490,4,1,0,0,-1,0.0,0.0,2025-Jan-30-21:36:32.659967
0.7494822890755525,491,1,1,0,-1,0,0.0,0.0,2025-Jan-30-21:36:32.716676
0.7494822890755525,492,1,1,0,-1,0,0.0,0.0,2025-Jan-30-21:36:32.772655
0.7494822890755525,493,1,1,0,-1,0,0.0,0.0,2025-Jan-30-21:36:32.828674
0.7494822890755525,494,1,1,0,-1,0,0.0,0.0,2025-Jan-30-21:36:32.884720
0.7494822890755525,495,1,1,0,-1,0,0.0,0.0,2025-Jan-30-21:36:32.941267
0.7494822890755525,496,1,1,0,-1,0,0.0,0.0,2025-Jan-30-21:36:33.054057
0.7494822890755525,497,1,1,0,-1,0,0.0,0.0,2025-Jan-30-21:36:33.165797
0.7494822890755525,498,1,1,0,-1,0,0.0,0.0,2025-Jan-30-21:36:33.247289
0.7494822890755525,499,1,1,0,-1,0,0.0,0.0,2025-Jan-30-21:36:33.305999
0.7494822890755525,500,1,1,0,-1,0,0.0,0.0,2025-Jan-30-21:36:33.363288
0.6299019585031301,501,3,1,0,-1,1,0.0,1.2,2025-Jan-30-21:36:33.449776
0.6299019585031301,502,3,1,0,-1,1,0.0,1.2,2025-Jan-30-21:36:33.537062
0.6299019585031301,503,3,1,0,-1,1,0.0,1.2,2025-Jan-30-21:36:33.626341
0.6299019585031301,504,3,1,0,-1,1,0.0,1.2,2025-Jan-30-21:36:33.712114
0.6299031905133528,505,3,1,0,-1,1,0.0,1.1,2025-Jan-30-21:36:33.797411
0.6299031905133528,506,3,1,0,-1,1,0.0,1.1,2025-Jan-30-21:36:33.882832
0.6299031905133528,507,3,1,0,-1,1,0.0,1.1,2025-Jan-30-21:36:33.988951
0.6299031905133528,508,3,1,0,-1,1,0.0,1.1,2025-Jan-30-21:36:34.142756
0.8437667697874734,509,3,1,0,-1,-1,0.0,0.0,2025-Jan-30-21:36:34.378242
0.8437667697874734,510,3,1,0,-1,-1,0.0,0.0,2025-Jan-30-21:36:34.450804
0.6355671230385452,511,2,1,0,0,1,0.0,0.6,2025-Jan-30-21:36:34.497316
0.6355671230385452,512,2,1,0,0,1,0.0,0.6,2025-Jan-30-21:36:34.542780
0.6355671230385452,513,2,1,0,0,1,0.0,0.6,2025-Jan-30-21:36:34.587779
0.6355671230385452,514,2,1,0,0,1,0.0,0.6,2025-Jan-30-21:36:34.631952
0.6355671230385452,515,2,1,0,0,1,0.0,0.6,2025-Jan-30-21:36:34.675926
0.6355671230385452,516,2,1,0,0,1,0.0,0.6,2025-Jan-30-21:36:34.720424
0.6355671230385452,517,2,1,0,0,1,0.0,0.6,2025-Jan-30-21:36:34.764782
0.6355671230385452,518,2,1,0,0,1,0.0,0.6,2025-Jan-30-21:36:34.809337
0.6355671230385452,519,2,1,0,0,1,0.0,0.6,2025-Jan-30-21:36:34.853741
0.6355671230385452,520,2,1,0,0,1,0.0,0.6,2025-Jan-30-21:36:34.897653
1.0757730646832417,521,2,1,1,0,0,0.0,0.0,2025-Jan-30-21:36:34.942082
1.0757730646832417,522,2,1,1,0,0,0.0,0.0,2025-Jan-30-21:36:35.022082
1.0757730646832417,523,2,1,1,0,0,0.0,0.0,2025-Jan-30-21:36:35.101278
1.0757730646832417,524,2,1,1,0,0,0.0,0.0,2025-Jan-30-21:36:35.186121
1.0757730646832417,525,2,1,1,0,0,0.0,0.0,2025-Jan-30-21:36:35.248788
1.0757730646832417,526,2,1,1,0,0,0.0,0.0,2025-Jan-30-21:36:35.293526
1.0757730646832417,527,2,1,1,0,0,0.0,0.0,2025-Jan-30-21:36:35.337611
1.0757730646832417,528,2,1,1,0,0,0.0,0.0,2025-Jan-30-21:36:35.382098
1.0757730646832417,529,2,1,1,0,0,0.0,0.0,2025-Jan-30-21:36:35.426185
1.0757730646832417,530,2,1,1,0,0,0.0,0.0,2025-Jan-30-21:36:35.469966
1.175750641146208,531,10,1,0,0,0,0.0,0.0,2025-Jan-30-21:36:35.525195
1.175750641146208,532,10,1,0,0,0,0.0,0.0,2025-Jan-30-21:36:35.580022
1.175750641146208,533,10,1,0,0,0,0.0,0.0,2025-Jan-30-21:36:35.635057
1.175750641146208,534,10,1,0,0,0,0.0,0.0,2025-Jan-30-21:36:35.689449
1.175750641146208,535,10,1,0,0,0,0.0,0.0,2025-Jan-30-21:36:35.744384
1.175750641146208,536,10,1,0,0,0,0.0,0.0,2025-Jan-30-21:36:35.799217
1.175750641146208,537,10,1,0,0,0,0.0,0.0,2025-Jan-30-21:36:35.853479
1.175750641146208,538,10,1,0,0,0,0.0,0.0,2025-Jan-30-21:36:35.908519
1.175750641146208,539,10,1,0,0,0,0.0,0.0,2025-Jan-30-21:36:35.996866
1.175750641146208,540,10,1,0,0,0,0.0,0.0,2025-Jan-30-21:36:36.101226
0.720770503000503,541,1,1,0,0,0,0.0,0.0,2025-Jan-30-21:36:36.179073
0.720770503000503,542,1,1,0,0,0,0.0,0.0,2025-Jan-30-21:36:36.247372
0.720770503000503,543,1,1,0,0,0,0.0,0.0,2025-Jan-30-21:36:36.291009
0.720770503000503,544,1,1,0,0,0,0.0,0.0,2025-Jan-30-21:36:36.336010
0.720770503000503,545,1,1,0,0,0,0.0,0.0,2025-Jan-30-21:36:36.380097
0.720770503000503,546,1,1,0,0,0,0.0,0.0,2025-Jan-30-21:36:36.423799
0.720770503000503,547,1,1,0,0,0,0.0,0.0,2025-Jan-30-21:36:36.467840
0.720770503000503,548,1,1,0,0,0,0.0,0.0,2025-Jan-30-21:36:36.513415
0.720770503000503,549,1,1,0,0,0,0.0,0.0,2025-Jan-30-21:36:36.560633
0.720770503000503,550,1,1,0,0,0,0.0,0.0,2025-Jan-30-21:36:36.605396
0.8075973436857562,551,3,1,0,0,-1,0.0,0.0,2025-Jan-30-21:36:36.663951
0.8075973436857562,552,3,1,0,0,-1,0.0,0.0,2025-Jan-30-21:36:36.726368
0.8075973436857562,553,3,1,0,0,-1,0.0,0.0,2025-Jan-30-21:36:36.785018
0.8075973436857562,554,3,1,0,0,-1,0.0,0.0,2025-Jan-30-21:36:36.842839
0.7207724244414657,555,3,1,0,0,0,0.0,0.0,2025-Jan-30-21:36:36.888082
0.7207724245865745,556,7,1,0,0,0,0.0,0.0,2025-Jan-30-21:36:36.932142
0.7207724247317727,557,6,1,0,0,0,0.0,0.0,2025-Jan-30-21:36:37.000218
0.7207724247317727,558,6,1,0,0,0,0.0,0.0,2025-Jan-30-21:36:37.210844
0.7207724247317727,559,6,1,0,0,0,0.0,0.0,2025-Jan-30-21:36:37.289609
0.7207724247317727,560,6,1,0,0,0,0.0,0.0,2025-Jan-30-21:36:37.354014
0.7207724245866639,561,2,1,0,0,0,0.0,0.0,2025-Jan-30-21:36:37.398831
0.7207724245866639,562,2,1,0,0,0,0.0,0.0,2025-Jan-30-21:36:37.442714
0.7207724245866639,563,2,1,0,0,0,0.0,0.0,2025-Jan-30-21:36:37.488256
0.7207724245866639,564,2,1,0,0,0,0.0,0.0,2025-Jan-30-21:36:37.532518
0.7207724245866639,565,2,1,0,0,0,0.0,0.0,2025-Jan-30-21:36:37.576677
0.7207724245866639,566,2,1,0,0,0,0.0,0.0,2025-Jan-30-21:36:37.621114
0.7207724245866639,567,2,1,0,0,0,0.0,0.0,2025-Jan-30-21:36:37.666023
0.7207724245866639,568,2,1,0,0,0,0.0,0.0,2025-Jan-30-21:36:37.709295
0.7207724245866639,569,2,1,0,0,0,0.0,0.0,2025-Jan-30-21:36:37.754662
0.7207724245866639,570,2,1,0,0,0,0.0,0.0,2025-Jan-30-21:36:37.799236
0.7207724247317727,571,6,1,0,0,0,0.0,0.0,2025-Jan-30-21:36:37.844070
0.7207724247317727,572,6,1,0,0,0,0.0,0.0,2025-Jan-30-21:36:37.887521
0.7207724247317727,573,6,1,0,0,0,0.0,0.0,2025-Jan-30-21:36:37.931265
0.7207724247317727,574,6,1,0,0,0,0.0,0.0,2025-Jan-30-21:36:38.000712
0.7207724247317727,575,6,1,0,0,0,0.0,0.0,2025-Jan-30-21:36:38.076212
0.7207724247317727,576,6,1,0,0,0,0.0,0.0,2025-Jan-30-21:36:38.158846
0.7207724245865745,577,5,1,0,0,0,0.0,0.0,2025-Jan-30-21:36:38.230631
0.7207724245865745,578,5,1,0,0,0,0.0,0.0,2025-Jan-30-21:36:38.274266
0.7207724245865745,579,5,1,0,0,0,0.0,0.0,2025-Jan-30-21:36:38.318688
0.7207724245865745,580,5,1,0,0,0,0.0,0.0,2025-Jan-30-21:36:38.363074
0.7207724247317728,581,4,1,0,0,0,0.0,0.0,2025-Jan-30-21:36:38.407629
0.7207724247317728,582,4,1,0,0,0,0.0,0.0,2025-Jan-30-21:36:38.451550
0.7207724114074101,583,4,1,0,1,0,0.3,0.0,2025-Jan-30-21:36:38.506029
0.7207724114074101,584,4,1,0,1,0,0.3,0.0,2025-Jan-30-21:36:38.560446
0.7207724115486502,585,4,1,0,1,0,0.4,0.0,2025-Jan-30-21:36:38.615326
0.7207724247317728,586,4,1,0,0,0,0.0,0.0,2025-Jan-30-21:36:38.659028
0.7207724247317728,587,4,1,0,0,0,0.0,0.0,2025-Jan-30-21:36:38.701880
0.7207724247317728,588,4,1,0,0,0,0.0,0.0,2025-Jan-30-21:36:38.745063
0.7207724247317728,589,4,1,0,0,0,0.0,0.0,2025-Jan-30-21:36:38.789364
0.7207724247317728,590,4,1,0,0,0,0.0,0.0,2025-Jan-30-21:36:38.832832
0.7207724277510894,591,7,1,0,0,-1,0.0,0.0,2025-Jan-30-21:36:38.876701
0.7207724277510894,592,7,1,0,0,-1,0.0,0.0,2025-Jan-30-21:36:38.920408
0.7207724277510894,593,7,1,0,0,-1,0.0,0.0,2025-Jan-30-21:36:38.991957
0.7207724277510894,594,7,1,0,0,-1,0.0,0.0,2025-Jan-30-21:36:39.063812
0.7207724277510894,595,7,1,0,0,-1,0.0,0.0,2025-Jan-30-21:36:39.156985
0.8075973467942734,596,4,1,0,-1,-1,0.0,0.0,2025-Jan-30-21:36:39.232662
0.8075973467942734,597,4,1,0,-1,-1,0.0,0.0,2025-Jan-30-21:36:39.289224
0.8075973467942734,598,4,1,0,-1,-1,0.0,0.0,2025-Jan-30-21:36:39.345999
0.8437667697874734,599,3,1,0,-1,-1,0.0,0.0,2025-Jan-30-21:36:39.415277
0.8437667697874734,600,3,1,0,-1,-1,0.0,0.0,2025-Jan-30-21:36:39.485106
1.1982057000075539,601,3,1,1,-1,-1,0.0,0.0,2025-Jan-30-21:36:39.554095
1.1982057000075539,602,3,1,1,-1,-1,0.0,0.0,2025-Jan-30-21:36:39.627422
1.1982057000075539,603,3,1,1,-1,-1,0.0,0.0,2025-Jan-30-21:36:39.703181
0.9848691508315117,604,3,1,1,-1,1,0.0,1.4,2025-Jan-30-21:36:39.790680
0.9848691508315117,605,3,1,1,-1,1,0.0,1.4,2025-Jan-30-21:36:39.873307
1.2925893835362965,606,0,1,0,0,-1,0.0,0.0,2025-Jan-30-21:36:39.969976
1.2925893835362965,607,0,1,0,0,-1,0.0,0.0,2025-Jan-30-21:36:40.078349
1.2057564061623827,608,0,1,0,0,0,0.0,0.0,2025-Jan-30-21:36:40.251472
1.2057564061623827,609,0,1,0,0,0,0.0,0.0,2025-Jan-30-21:36:40.311199
1.2057564061623827,610,0,1,0,0,0,0.0,0.0,2025-Jan-30-21:36:40.372779
0.8075955916472131,611,1,1,0,0,-1,0.0,0.0,2025-Jan-30-21:36:40.436844
1.2925893835362965,612,0,1,0,0,-1,0.0,0.0,2025-Jan-30-21:36:40.531419
1.2925893835362965,613,0,1,0,0,-1,0.0,0.0,2025-Jan-30-21:36:40.628350
1.2925893835362965,614,0,1,0,0,-1,0.0,0.0,2025-Jan-30-21:36:40.723733
1.2925893835362965,615,0,1,0,0,-1,0.0,0.0,2025-Jan-30-21:36:40.811703
0.8075973439474216,616,4,1,0,0,-1,0.0,0.0,2025-Jan-30-21:36:40.874432
0.8075973439474216,617,4,1,0,0,-1,0.0,0.0,2025-Jan-30-21:36:40.936247
0.8075973439474216,618,4,1,0,0,-1,0.0,0.0,2025-Jan-30-21:36:41.016603
0.8075973439474216,619,4,1,0,0,-1,0.0,0.0,2025-Jan-30-21:36:41.121721
0.8075973439474216,620,4,1,0,0,-1,0.0,0.0,2025-Jan-30-21:36:41.207709
0.8075973466634223,621,5,1,0,-1,-1,0.0,0.0,2025-Jan-30-21:36:41.274417
0.8075973466634223,622,5,1,0,-1,-1,0.0,0.0,2025-Jan-30-21:36:41.338752
0.7207724277510907,623,5,1,0,-1,0,0.0,0.0,2025-Jan-30-21:36:41.388308
0.7207724277510907,624,5,1,0,-1,0,0.0,0.0,2025-Jan-30-21:36:41.437724
0.7207724277510907,625,5,1,0,-1,0,0.0,0.0,2025-Jan-30-21:36:41.486932
1.162599289019349,626,8,1,1,0,-1,0.0,0.0,2025-Jan-30-21:36:41.547702
0.6298942570771803,627,3,1,0,-1,1,0.0,1.8,2025-Jan-30-21:36:41.643437
1.68375869634143,628,0,1,1,-1,-1,0.0,0.0,2025-Jan-30-21:36:41.756568
0.8437667699124402,629,2,1,0,-1,-1,0.0,0.0,2025-Jan-30-21:36:41.831059
1.1757506854181505,630,8,1,0,1,1,1.0,0.2,2025-Jan-30-21:36:41.887620
1.1757506411834284,631,8,1,0,0,0,0.0,0.0,2025-Jan-30-21:36:41.962537
0.7207724113578873,632,4,1,0,1,0,1.0,0.0,2025-Jan-30-21:36:42.050042
1.0757742211443824,633,9,1,1,-1,0,0.0,0.0,2025-Jan-30-21:36:42.124078
1.1625979868810234,634,4,1,1,-1,-1,0.0,0.0,2025-Jan-30-21:36:42.209605
1.0757742179740988,635,9,1,1,0,0,0.0,0.0,2025-Jan-30-21:36:42.256519
1.1119353369785046,636,1,1,1,-1,0,0.0,0.0,2025-Jan-30-21:36:42.311532
1.2419215143445705,637,0,1,0,-1,0,0.0,0.0,2025-Jan-30-21:36:42.394484
0.6497899798130522,638,3,1,0,0,1,0.0,0.5,2025-Jan-30-21:36:42.442180
0.720770503000503,639,1,1,0,0,0,0.0,0.0,2025-Jan-30-21:36:42.487803
1.075774221135453,640,10,1,1,0,-1,0.0,0.0,2025-Jan-30-21:36:42.531235
0.7207724245865745,641,5,1,0,0,0,0.0,0.0,2025-Jan-30-21:36:42.573722
1.1757506411834284,642,8,1,0,0,0,0.0,0.0,2025-Jan-30-21:36:42.633331
0.7569364602754676,643,2,1,0,-1,0,0.0,0.0,2025-Jan-30-21:36:42.694642
1.0835774025091243,644,8,1,1,-1,1,0.0,0.2,2025-Jan-30-21:36:42.758474
1.1757506373546993,645,10,1,0,0,1,0.0,1.1,2025-Jan-30-21:36:42.816439
1.1757506411834284,646,8,1,0,0,0,0.0,0.0,2025-Jan-30-21:36:42.879441
1.0757711430969912,647,1,1,1,0,0,0.0,0.0,2025-Jan-30-21:36:42.925733
1.0757742044693699,648,10,1,1,0,1,0.0,1.5,2025-Jan-30-21:36:43.004976
1.1625979840341714,649,4,1,1,0,-1,0.0,0.0,2025-Jan-30-21:36:43.098079
0.45116245777328,650,1,1,0,1,1,1.1,0.8,2025-Jan-30-21:36:43.177903
0.6433580119095207,651,1,1,0,-1,1,0.0,0.8,2025-Jan-30-21:36:43.236408
0.6490364662574499,652,1,1,0,-1,1,0.0,0.7,2025-Jan-30-21:36:43.295984
0.6490364662574499,653,1,1,0,-1,1,0.0,0.7,2025-Jan-30-21:36:43.358521
0.6213333589924062,654,1,1,0,0,1,0.0,0.7,2025-Jan-30-21:36:43.496308
0.6213333589924062,655,1,1,0,0,1,0.0,0.7,2025-Jan-30-21:36:43.542800
0.6213333589924062,656,1,1,0,0,1,0.0,0.7,2025-Jan-30-21:36:43.590141
0.6213333589924062,657,1,1,0,0,1,0.0,0.7,2025-Jan-30-21:36:43.636903
0.6213333589924062,658,1,1,0,0,1,0.0,0.7,2025-Jan-30-21:36:43.685721
0.6213333589924062,659,1,1,0,0,1,0.0,0.7,2025-Jan-30-21:36:43.732654
0.6213333589924062,660,1,1,0,0,1,0.0,0.7,2025-Jan-30-21:36:43.776623
0.5431852792384715,661,6,1,0,1,-1,1.8,0.0,2025-Jan-30-21:36:43.853649
0.5431852792384715,662,6,1,0,1,-1,1.8,0.0,2025-Jan-30-21:36:43.928574
0.5431852792384715,663,6,1,0,1,-1,1.8,0.0,2025-Jan-30-21:36:44.031984
0.5431852792384715,664,6,1,0,1,-1,1.8,0.0,2025-Jan-30-21:36:44.154595
0.5431852792384715,665,6,1,0,1,-1,1.8,0.0,2025-Jan-30-21:36:44.235315
0.5431852792384715,666,6,1,0,1,-1,1.8,0.0,2025-Jan-30-21:36:44.313935
0.5431852792384715,667,6,1,0,1,-1,1.8,0.0,2025-Jan-30-21:36:44.392969
0.543185262770337,668,6,1,0,1,1,1.8,1.6,2025-Jan-30-21:36:44.477515
0.543185262770337,669,6,1,0,1,1,1.8,1.6,2025-Jan-30-21:36:44.563773
0.543185262770337,670,6,1,0,1,1,1.8,1.6,2025-Jan-30-21:36:44.644131
1.1119371005071663,671,6,1,1,-1,0,0.0,0.0,2025-Jan-30-21:36:44.702275
1.1119371005071663,672,6,1,1,-1,0,0.0,0.0,2025-Jan-30-21:36:44.766311
1.1119371005071663,673,6,1,1,-1,0,0.0,0.0,2025-Jan-30-21:36:44.828333
1.1119371005071663,674,6,1,1,-1,0,0.0,0.0,2025-Jan-30-21:36:44.892899
1.1119371005071663,675,6,1,1,-1,0,0.0,0.0,2025-Jan-30-21:36:44.976892
1.1119370865424605,676,6,1,1,-1,1,0.0,1.6,2025-Jan-30-21:36:45.099937
1.1119370865424605,677,6,1,1,-1,1,0.0,1.6,2025-Jan-30-21:36:45.205467
1.1119370865424605,678,6,1,1,-1,1,0.0,1.6,2025-Jan-30-21:36:45.289325
1.1119371005071663,679,6,1,1,-1,0,0.0,0.0,2025-Jan-30-21:36:45.347788
1.1119371005071663,680,6,1,1,-1,0,0.0,0.0,2025-Jan-30-21:36:45.409218
1.2057564061623827,681,0,1,0,0,0,0.0,0.0,2025-Jan-30-21:36:45.472291
1.2057564061623827,682,0,1,0,0,0,0.0,0.0,2025-Jan-30-21:36:45.527623
1.2057564061623827,683,0,1,0,0,0,0.0,0.0,2025-Jan-30-21:36:45.587074
1.2057564061623827,684,0,1,0,0,0,0.0,0.0,2025-Jan-30-21:36:45.641153
1.2057564061623827,685,0,1,0,0,0,0.0,0.0,2025-Jan-30-21:36:45.698074
1.2057564061623827,686,0,1,0,0,0,0.0,0.0,2025-Jan-30-21:36:45.753931
1.5607570462257478,687,0,1,1,0,0,0.0,0.0,2025-Jan-30-21:36:45.808888
1.5607570462257478,688,0,1,1,0,0,0.0,0.0,2025-Jan-30-21:36:45.863985
1.5607570462257478,689,0,1,1,0,0,0.0,0.0,2025-Jan-30-21:36:45.920803
1.5607570462257478,690,0,1,1,0,0,0.0,0.0,2025-Jan-30-21:36:45.997511
0.8075973439474216,691,4,1,0,0,-1,0.0,0.0,2025-Jan-30-21:36:46.083098
0.8075973439474216,692,4,1,0,0,-1,0.0,0.0,2025-Jan-30-21:36:46.171877
0.8075973439474216,693,4,1,0,0,-1,0.0,0.0,2025-Jan-30-21:36:46.226566
0.8075973439474216,694,4,1,0,0,-1,0.0,0.0,2025-Jan-30-21:36:46.288328
0.8075973439474216,695,4,1,0,0,-1,0.0,0.0,2025-Jan-30-21:36:46.350052
0.8075973439474216,696,4,1,0,0,-1,0.0,0.0,2025-Jan-30-21:36:46.409983
0.8075973439474216,697,4,1,0,0,-1,0.0,0.0,2025-Jan-30-21:36:46.471520
0.8075973439474216,698,4,1,0,0,-1,0.0,0.0,2025-Jan-30-21:36:46.607875
0.8075973439474216,699,4,1,0,0,-1,0.0,0.0,2025-Jan-30-21:36:46.668624
0.8075973439474216,700,4,1,0,0,-1,0.0,0.0,2025-Jan-30-21:36:46.725598
0.7494822890755525,701,1,1,0,-1,0,0.0,0.0,2025-Jan-30-21:36:46.784460
0.7494822890755525,702,1,1,0,-1,0,0.0,0.0,2025-Jan-30-21:36:46.840240
0.7494822890755525,703,1,1,0,-1,0,0.0,0.0,2025-Jan-30-21:36:46.897712
0.7494822890755525,704,1,1,0,-1,0,0.0,0.0,2025-Jan-30-21:36:46.969477
0.7494822890755525,705,1,1,0,-1,0,0.0,0.0,2025-Jan-30-21:36:47.057237
0.7494822890755525,706,1,1,0,-1,0,0.0,0.0,2025-Jan-30-21:36:47.150655
0.7494822890755525,707,1,1,0,-1,0,0.0,0.0,2025-Jan-30-21:36:47.222994
0.7494822890755525,708,1,1,0,-1,0,0.0,0.0,2025-Jan-30-21:36:47.281773
0.7494822890755525,709,1,1,0,-1,0,0.0,0.0,2025-Jan-30-21:36:47.344866
0.7494822890755525,710,1,1,0,-1,0,0.0,0.0,2025-Jan-30-21:36:47.400348
0.749469553143833,711,3,1,0,-1,0,0.0,0.0,2025-Jan-30-21:36:47.463884
0.749469553143833,712,3,1,0,-1,0,0.0,0.0,2025-Jan-30-21:36:47.521746
0.749469553143833,713,3,1,0,-1,0,0.0,0.0,2025-Jan-30-21:36:47.581851
0.7569364602754676,714,2,1,0,-1,0,0.0,0.0,2025-Jan-30-21:36:47.640170
0.7569364602754676,715,2,1,0,-1,0,0.0,0.0,2025-Jan-30-21:36:47.701599
0.7569364602754676,716,2,1,0,-1,0,0.0,0.0,2025-Jan-30-21:36:47.756461
0.7207724245866639,717,2,1,0,0,0,0.0,0.0,2025-Jan-30-21:36:47.802990
0.7207724245866639,718,2,1,0,0,0,0.0,0.0,2025-Jan-30-21:36:47.850387
0.7207724245866639,719,2,1,0,0,0,0.0,0.0,2025-Jan-30-21:36:47.893493
0.7207724245866639,720,2,1,0,0,0,0.0,0.0,2025-Jan-30-21:36:47.936582
0.8437667697874734,721,3,1,0,-1,-1,0.0,0.0,2025-Jan-30-21:36:48.042578
0.8437667697874734,722,3,1,0,-1,-1,0.0,0.0,2025-Jan-30-21:36:48.146038
0.8437667697874734,723,3,1,0,-1,-1,0.0,0.0,2025-Jan-30-21:36:48.230176
0.8437667697874734,724,3,1,0,-1,-1,0.0,0.0,2025-Jan-30-21:36:48.299278
0.8437667697874734,725,3,1,0,-1,-1,0.0,0.0,2025-Jan-30-21:36:48.371524
0.8437667697874734,726,3,1,0,-1,-1,0.0,0.0,2025-Jan-30-21:36:48.445599
0.6299031905133528,727,3,1,0,-1,1,0.0,1.1,2025-Jan-30-21:36:48.529917
0.6299031905133528,728,3,1,0,-1,1,0.0,1.1,2025-Jan-30-21:36:48.618749
0.6299031905133528,729,3,1,0,-1,1,0.0,1.1,2025-Jan-30-21:36:48.711951
0.6299031905133528,730,3,1,0,-1,1,0.0,1.1,2025-Jan-30-21:36:48.801106
0.6355671230385452,731,2,1,0,0,1,0.0,0.6,2025-Jan-30-21:36:48.847909
0.6355671230385452,732,2,1,0,0,1,0.0,0.6,2025-Jan-30-21:36:48.896383
0.6355671230385452,733,2,1,0,0,1,0.0,0.6,2025-Jan-30-21:36:48.943352
0.7207724245866639,734,2,1,0,0,0,0.0,0.0,2025-Jan-30-21:36:49.036456
0.7207724245866639,735,2,1,0,0,0,0.0,0.0,2025-Jan-30-21:36:49.118923
0.7207724245866639,736,2,1,0,0,0,0.0,0.0,2025-Jan-30-21:36:49.195254
0.7207724245866639,737,2,1,0,0,0,0.0,0.0,2025-Jan-30-21:36:49.243218
0.7207724245866639,738,2,1,0,0,0,0.0,0.0,2025-Jan-30-21:36:49.291306
0.7207724245866639,739,2,1,0,0,0,0.0,0.0,2025-Jan-30-21:36:49.335751
0.7207724245866639,740,2,1,0,0,0,0.0,0.0,2025-Jan-30-21:36:49.380293
0.6497899798130522,741,3,1,0,0,1,0.0,0.5,2025-Jan-30-21:36:49.511544
0.6640040463240509,742,3,1,0,0,1,0.0,0.4,2025-Jan-30-21:36:49.557486
0.664004046478966,743,2,1,0,0,1,0.0,0.4,2025-Jan-30-21:36:49.608246
0.664004046478966,744,2,1,0,0,1,0.0,0.4,2025-Jan-30-21:36:49.655937
0.664004046478966,745,2,1,0,0,1,0.0,0.4,2025-Jan-30-21:36:49.702086
0.664004046478966,746,2,1,0,0,1,0.0,0.4,2025-Jan-30-21:36:49.749712
0.664004046478966,747,2,1,0,0,1,0.0,0.4,2025-Jan-30-21:36:49.792269
0.664004046478966,748,2,1,0,0,1,0.0,0.4,2025-Jan-30-21:36:49.834438
0.664004046478966,749,2,1,0,0,1,0.0,0.4,2025-Jan-30-21:36:49.885329
0.664004046478966,750,2,1,0,0,1,0.0,0.4,2025-Jan-30-21:36:49.936329
1.0757730646832417,751,2,1,1,0,0,0.0,0.0,2025-Jan-30-21:36:50.003674
1.0757730646832417,752,2,1,1,0,0,0.0,0.0,2025-Jan-30-21:36:50.080166
1.0757730646832417,753,2,1,1,0,0,0.0,0.0,2025-Jan-30-21:36:50.151013
1.0757730646832417,754,2,1,1,0,0,0.0,0.0,2025-Jan-30-21:36:50.215281
1.0757730646832417,755,2,1,1,0,0,0.0,0.0,2025-Jan-30-21:36:50.256530
1.175750641146208,756,10,1,0,0,0,0.0,0.0,2025-Jan-30-21:36:50.310083
1.175750641146208,757,10,1,0,0,0,0.0,0.0,2025-Jan-30-21:36:50.364321
1.175750641146208,758,10,1,0,0,0,0.0,0.0,2025-Jan-30-21:36:50.420525
1.175750641146208,759,10,1,0,0,0,0.0,0.0,2025-Jan-30-21:36:50.476186
1.175750641146208,760,10,1,0,0,0,0.0,0.0,2025-Jan-30-21:36:50.531552
0.720770503000503,761,1,1,0,0,0,0.0,0.0,2025-Jan-30-21:36:50.575999
0.720770503000503,762,1,1,0,0,0,0.0,0.0,2025-Jan-30-21:36:50.620953
0.720770503000503,763,1,1,0,0,0,0.0,0.0,2025-Jan-30-21:36:50.665823
0.720770503000503,764,1,1,0,0,0,0.0,0.0,2025-Jan-30-21:36:50.710865
0.720770503000503,765,1,1,0,0,0,0.0,0.0,2025-Jan-30-21:36:50.755098
0.720770503000503,766,1,1,0,0,0,0.0,0.0,2025-Jan-30-21:36:50.799461
0.720770503000503,767,1,1,0,0,0,0.0,0.0,2025-Jan-30-21:36:50.844437
0.720770503000503,768,1,1,0,0,0,0.0,0.0,2025-Jan-30-21:36:50.888960
0.720770503000503,769,1,1,0,0,0,0.0,0.0,2025-Jan-30-21:36:50.933208
0.720770503000503,770,1,1,0,0,0,0.0,0.0,2025-Jan-30-21:36:51.001653
0.7207724113578873,771,4,1,0,1,0,1.0,0.0,2025-Jan-30-21:36:51.094628
0.7207724113578873,772,4,1,0,1,0,1.0,0.0,2025-Jan-30-21:36:51.190379
0.7207724113578873,773,4,1,0,1,0,1.0,0.0,2025-Jan-30-21:36:51.246965
0.720772427896289,774,4,1,0,-1,0,0.0,0.0,2025-Jan-30-21:36:51.295336
0.720772427896289,775,4,1,0,-1,0,0.0,0.0,2025-Jan-30-21:36:51.339823
0.7207724114074101,776,4,1,0,1,0,0.3,0.0,2025-Jan-30-21:36:51.396016
0.7207724114074101,777,4,1,0,1,0,0.3,0.0,2025-Jan-30-21:36:51.452715
0.7207724114074101,778,4,1,0,1,0,0.3,0.0,2025-Jan-30-21:36:51.509214
0.6782479724549614,779,3,1,0,1,0,0.3,0.0,2025-Jan-30-21:36:51.555187
0.6782479724549614,780,3,1,0,1,0,0.3,0.0,2025-Jan-30-21:36:51.599976
0.7207724244414657,781,3,1,0,0,0,0.0,0.0,2025-Jan-30-21:36:51.645442
0.8075973436857562,782,3,1,0,0,-1,0.0,0.0,2025-Jan-30-21:36:51.704095
0.8075973436857562,783,3,1,0,0,-1,0.0,0.0,2025-Jan-30-21:36:51.761268
0.8075973436857562,784,3,1,0,0,-1,0.0,0.0,2025-Jan-30-21:36:51.821976
0.7207724244414657,785,3,1,0,0,0,0.0,0.0,2025-Jan-30-21:36:51.869342
0.7207724247317727,786,6,1,0,0,0,0.0,0.0,2025-Jan-30-21:36:51.914758
0.7207724247317727,787,6,1,0,0,0,0.0,0.0,2025-Jan-30-21:36:51.992817
0.7207724247317727,788,6,1,0,0,0,0.0,0.0,2025-Jan-30-21:36:52.080360
0.7207724247317727,789,6,1,0,0,0,0.0,0.0,2025-Jan-30-21:36:52.259971
0.7207724247317727,790,6,1,0,0,0,0.0,0.0,2025-Jan-30-21:36:52.329077
0.7207724245865745,791,5,1,0,0,0,0.0,0.0,2025-Jan-30-21:36:52.375842
0.7207724245865745,792,5,1,0,0,0,0.0,0.0,2025-Jan-30-21:36:52.421817
0.7207724245865745,793,5,1,0,0,0,0.0,0.0,2025-Jan-30-21:36:52.468108
0.7207724245865745,794,5,1,0,0,0,0.0,0.0,2025-Jan-30-21:36:52.513231
0.7207724245865745,795,5,1,0,0,0,0.0,0.0,2025-Jan-30-21:36:52.558353
0.7207724247317728,796,4,1,0,0,0,0.0,0.0,2025-Jan-30-21:36:52.603027
0.7207724247317728,797,4,1,0,0,0,0.0,0.0,2025-Jan-30-21:36:52.648062
0.7207724247317728,798,4,1,0,0,0,0.0,0.0,2025-Jan-30-21:36:52.693072
0.7207724247317728,799,4,1,0,0,0,0.0,0.0,2025-Jan-30-21:36:52.737716
0.7207724247317728,800,4,1,0,0,0,0.0,0.0,2025-Jan-30-21:36:52.782971
0.7207724245866639,801,2,1,0,0,0,0.0,0.0,2025-Jan-30-21:36:52.832157
0.7207724245866639,802,2,1,0,0,0,0.0,0.0,2025-Jan-30-21:36:52.877481
0.7207724245866639,803,2,1,0,0,0,0.0,0.0,2025-Jan-30-21:36:52.923142
0.7207724245866639,804,2,1,0,0,0,0.0,0.0,2025-Jan-30-21:36:52.989401
0.7207724245866639,805,2,1,0,0,0,0.0,0.0,2025-Jan-30-21:36:53.071437
0.7207724245866639,806,2,1,0,0,0,0.0,0.0,2025-Jan-30-21:36:53.153226
0.7207724245866639,807,2,1,0,0,0,0.0,0.0,2025-Jan-30-21:36:53.220299
0.7207724245866639,808,2,1,0,0,0,0.0,0.0,2025-Jan-30-21:36:53.266390
0.7207724245866639,809,2,1,0,0,0,0.0,0.0,2025-Jan-30-21:36:53.311470
0.7207724245866639,810,2,1,0,0,0,0.0,0.0,2025-Jan-30-21:36:53.356671
0.7207724247317727,811,6,1,0,0,0,0.0,0.0,2025-Jan-30-21:36:53.398976
0.7207724247317727,812,6,1,0,0,0,0.0,0.0,2025-Jan-30-21:36:53.443914
0.7207724247317727,813,6,1,0,0,0,0.0,0.0,2025-Jan-30-21:36:53.488439
0.7207724247317727,814,6,1,0,0,0,0.0,0.0,2025-Jan-30-21:36:53.532076
0.7207724247317727,815,6,1,0,0,0,0.0,0.0,2025-Jan-30-21:36:53.575655
0.7207724247317728,816,4,1,0,0,0,0.0,0.0,2025-Jan-30-21:36:53.618965
0.7207724247317728,817,4,1,0,0,0,0.0,0.0,2025-Jan-30-21:36:53.671337
0.7207724247317728,818,4,1,0,0,0,0.0,0.0,2025-Jan-30-21:36:53.720689
0.7207724247317728,819,4,1,0,0,0,0.0,0.0,2025-Jan-30-21:36:53.765442
0.7207724247317728,820,4,1,0,0,0,0.0,0.0,2025-Jan-30-21:36:53.813456
0.7569364633080932,821,7,1,0,-1,-1,0.0,0.0,2025-Jan-30-21:36:53.871022
0.7569364633080932,822,7,1,0,-1,-1,0.0,0.0,2025-Jan-30-21:36:53.931508
0.7569364633080932,823,7,1,0,-1,-1,0.0,0.0,2025-Jan-30-21:36:54.017047
0.7569364633080932,824,7,1,0,-1,-1,0.0,0.0,2025-Jan-30-21:36:54.127125
0.7569364633080932,825,7,1,0,-1,-1,0.0,0.0,2025-Jan-30-21:36:54.205095
1.2419215143445705,826,0,1,0,-1,0,0.0,0.0,2025-Jan-30-21:36:54.284780
1.0757730648283506,827,4,1,1,0,0,0.0,0.0,2025-Jan-30-21:36:54.329633
0.7207724116682485,828,6,1,0,0,1,0.0,1.2,2025-Jan-30-21:36:54.387364
0.934015307226404,829,1,1,1,1,0,1.0,0.0,2025-Jan-30-21:36:54.435268
1.17575066029129,830,9,1,0,0,1,0.0,0.6,2025-Jan-30-21:36:54.493228
1.4337101339038965,831,0,1,1,0,1,0.0,1.2,2025-Jan-30-21:36:54.575139
1.04742494624815,832,10,1,1,1,-1,0.2,0.0,2025-Jan-30-21:36:54.621217
1.0757742179736964,833,10,1,1,0,0,0.0,0.0,2025-Jan-30-21:36:54.667778
1.1119370870300684,834,6,1,1,-1,1,0.0,0.8,2025-Jan-30-21:36:54.748313
0.7207724114470306,835,4,1,0,1,0,0.7,0.0,2025-Jan-30-21:36:54.806447
1.075773051733857,836,4,1,1,1,0,1.6,0.0,2025-Jan-30-21:36:54.863288
1.2057564061623827,837,0,1,0,0,0,0.0,0.0,2025-Jan-30-21:36:54.918806
1.1625867673436139,838,5,1,1,-1,-1,0.0,0.0,2025-Jan-30-21:36:55.098610
0.7065935140839481,839,2,1,0,0,1,0.0,0.1,2025-Jan-30-21:36:55.179931
1.162599289019349,840,8,1,1,0,-1,0.0,0.0,2025-Jan-30-21:36:55.285191
1.0757509770461597,841,5,1,1,0,0,0.0,0.0,2025-Jan-30-21:36:55.331180
1.0757509770461597,842,5,1,1,0,0,0.0,0.0,2025-Jan-30-21:36:55.377447
1.175750650298626,843,9,1,0,1,0,0.5,0.0,2025-Jan-30-21:36:55.434809
0.6355671099357778,844,5,1,0,1,1,0.7,0.6,2025-Jan-30-21:36:55.493918
1.162599289019349,845,8,1,1,0,-1,0.0,0.0,2025-Jan-30-21:36:55.553943
0.7207724277510894,846,7,1,0,0,-1,0.0,0.0,2025-Jan-30-21:36:55.600240
1.0757742178287177,847,8,1,1,0,0,0.0,0.0,2025-Jan-30-21:36:55.645467
1.0322733681651044,848,8,1,0,-1,-1,0.0,0.0,2025-Jan-30-21:36:55.722302
1.1119371005071663,849,6,1,1,-1,0,0.0,0.0,2025-Jan-30-21:36:55.781450
0.7207724247317728,850,4,1,0,0,0,0.0,0.0,2025-Jan-30-21:36:55.827333
0.6213333589924062,851,1,1,0,0,1,0.0,0.7,2025-Jan-30-21:36:55.877673
0.6213333589924062,852,1,1,0,0,1,0.0,0.7,2025-Jan-30-21:36:55.928009
0.6213333589924062,853,1,1,0,0,1,0.0,0.7,2025-Jan-30-21:36:55.975786
0.6213333589924062,854,1,1,0,0,1,0.0,0.7,2025-Jan-30-21:36:56.062949
0.6213333589924062,855,1,1,0,0,1,0.0,0.7,2025-Jan-30-21:36:56.142307
0.6213333589924062,856,1,1,0,0,1,0.0,0.7,2025-Jan-30-21:36:56.214226
0.6213333589924062,857,1,1,0,0,1,0.0,0.7,2025-Jan-30-21:36:56.283067
0.6213333589924062,858,1,1,0,0,1,0.0,0.7,2025-Jan-30-21:36:56.330150
0.6213333589924062,859,1,1,0,0,1,0.0,0.7,2025-Jan-30-21:36:56.381588
0.6213333589924062,860,1,1,0,0,1,0.0,0.7,2025-Jan-30-21:36:56.427730
0.543185262770337,861,6,1,0,1,1,1.8,1.6,2025-Jan-30-21:36:56.509539
0.543185262770337,862,6,1,0,1,1,1.8,1.6,2025-Jan-30-21:36:56.590552
0.543185262770337,863,6,1,0,1,1,1.8,1.6,2025-Jan-30-21:36:56.671316
0.543185262770337,864,6,1,0,1,1,1.8,1.6,2025-Jan-30-21:36:56.751811
0.5431852753879545,865,6,1,0,1,0,1.8,0.0,2025-Jan-30-21:36:56.827650
0.5431852753879545,866,6,1,0,1,0,1.8,0.0,2025-Jan-30-21:36:56.906703
0.5431852753879545,867,6,1,0,1,0,1.8,0.0,2025-Jan-30-21:36:56.997359
0.5431852753879545,868,6,1,0,1,0,1.8,0.0,2025-Jan-30-21:36:57.100285
0.5431852753879545,869,6,1,0,1,0,1.8,0.0,2025-Jan-30-21:36:57.204114
0.5431852753879545,870,6,1,0,1,0,1.8,0.0,2025-Jan-30-21:36:57.278941
1.1119371005071663,871,6,1,1,-1,0,0.0,0.0,2025-Jan-30-21:36:57.338265
1.1119371005071663,872,6,1,1,-1,0,0.0,0.0,2025-Jan-30-21:36:57.404625
1.1119371005071663,873,6,1,1,-1,0,0.0,0.0,2025-Jan-30-21:36:57.466546
1.1119371005071663,874,6,1,1,-1,0,0.0,0.0,2025-Jan-30-21:36:57.530267
1.1119371005071663,875,6,1,1,-1,0,0.0,0.0,2025-Jan-30-21:36:57.590288
1.1119371005071663,876,6,1,1,-1,0,0.0,0.0,2025-Jan-30-21:36:57.649727
1.1119371005071663,877,6,1,1,-1,0,0.0,0.0,2025-Jan-30-21:36:57.713194
1.1119371005071663,878,6,1,1,-1,0,0.0,0.0,2025-Jan-30-21:36:57.772263
1.1119371005071663,879,6,1,1,-1,0,0.0,0.0,2025-Jan-30-21:36:57.836540
1.1119371005071663,880,6,1,1,-1,0,0.0,0.0,2025-Jan-30-21:36:57.890729
1.5607570462257478,881,0,1,1,0,0,0.0,0.0,2025-Jan-30-21:36:57.966163
1.5607570462257478,882,0,1,1,0,0,0.0,0.0,2025-Jan-30-21:36:58.179914
1.5607570462257478,883,0,1,1,0,0,0.0,0.0,2025-Jan-30-21:36:58.262064
1.5607570462257478,884,0,1,1,0,0,0.0,0.0,2025-Jan-30-21:36:58.337271
1.5607570462257478,885,0,1,1,0,0,0.0,0.0,2025-Jan-30-21:36:58.391182
1.5607570462257478,886,0,1,1,0,0,0.0,0.0,2025-Jan-30-21:36:58.446842
1.0757711430969912,887,1,1,1,0,0,0.0,0.0,2025-Jan-30-21:36:58.490985
1.0757711430969912,888,1,1,1,0,0,0.0,0.0,2025-Jan-30-21:36:58.535644
1.0757711430969912,889,1,1,1,0,0,0.0,0.0,2025-Jan-30-21:36:58.579915
1.0757711430969912,890,1,1,1,0,0,0.0,0.0,2025-Jan-30-21:36:58.623607
0.8075973439474216,891,4,1,0,0,-1,0.0,0.0,2025-Jan-30-21:36:58.680147
0.8075973439474216,892,4,1,0,0,-1,0.0,0.0,2025-Jan-30-21:36:58.736653
0.8075973439474216,893,4,1,0,0,-1,0.0,0.0,2025-Jan-30-21:36:58.793857
0.8075973439474216,894,4,1,0,0,-1,0.0,0.0,2025-Jan-30-21:36:58.851329
0.8075973439474216,895,4,1,0,0,-1,0.0,0.0,2025-Jan-30-21:36:58.908707
0.8075973439474216,896,4,1,0,0,-1,0.0,0.0,2025-Jan-30-21:36:59.009201
0.8075973439474216,897,4,1,0,0,-1,0.0,0.0,2025-Jan-30-21:36:59.099967
0.8075973439474216,898,4,1,0,0,-1,0.0,0.0,2025-Jan-30-21:36:59.208186
0.8075973439474216,899,4,1,0,0,-1,0.0,0.0,2025-Jan-30-21:36:59.266329
0.8075973439474216,900,4,1,0,0,-1,0.0,0.0,2025-Jan-30-21:36:59.324169
0.7494822890755525,901,1,1,0,-1,0,0.0,0.0,2025-Jan-30-21:36:59.382289
0.7494822890755525,902,1,1,0,-1,0,0.0,0.0,2025-Jan-30-21:36:59.440205
0.7494822890755525,903,1,1,0,-1,0,0.0,0.0,2025-Jan-30-21:36:59.497709
0.7494822890755525,904,1,1,0,-1,0,0.0,0.0,2025-Jan-30-21:36:59.555149
0.7494822890755525,905,1,1,0,-1,0,0.0,0.0,2025-Jan-30-21:36:59.613290
0.7494822890755525,906,1,1,0,-1,0,0.0,0.0,2025-Jan-30-21:36:59.670358
0.7494822890755525,907,1,1,0,-1,0,0.0,0.0,2025-Jan-30-21:36:59.728110
0.7494822890755525,908,1,1,0,-1,0,0.0,0.0,2025-Jan-30-21:36:59.786509
0.7494822890755525,909,1,1,0,-1,0,0.0,0.0,2025-Jan-30-21:36:59.847806
0.7494822890755525,910,1,1,0,-1,0,0.0,0.0,2025-Jan-30-21:36:59.906078
0.7207724245866639,911,2,1,0,0,0,0.0,0.0,2025-Jan-30-21:36:59.979585
0.7207724245866639,912,2,1,0,0,0,0.0,0.0,2025-Jan-30-21:37:00.070952
0.7207724245866639,913,2,1,0,0,0,0.0,0.0,2025-Jan-30-21:37:00.152909
0.7207724245866639,914,2,1,0,0,0,0.0,0.0,2025-Jan-30-21:37:00.238454
0.7207724245866639,915,2,1,0,0,0,0.0,0.0,2025-Jan-30-21:37:00.284452
0.7207724245866639,916,2,1,0,0,0,0.0,0.0,2025-Jan-30-21:37:00.330896
0.7207724245866639,917,2,1,0,0,0,0.0,0.0,2025-Jan-30-21:37:00.377780
0.7207724245866639,918,2,1,0,0,0,0.0,0.0,2025-Jan-30-21:37:00.436098
0.7207724245866639,919,2,1,0,0,0,0.0,0.0,2025-Jan-30-21:37:00.482295
0.7207724245866639,920,2,1,0,0,0,0.0,0.0,2025-Jan-30-21:37:00.525929
0.6299031905133528,921,3,1,0,-1,1,0.0,1.1,2025-Jan-30-21:37:00.613008
0.6299031905133528,922,3,1,0,-1,1,0.0,1.1,2025-Jan-30-21:37:00.707152
0.6299031905133528,923,3,1,0,-1,1,0.0,1.1,2025-Jan-30-21:37:00.796924
0.6299031905133528,924,3,1,0,-1,1,0.0,1.1,2025-Jan-30-21:37:00.888980
0.6299031905133528,925,3,1,0,-1,1,0.0,1.1,2025-Jan-30-21:37:00.998783
0.6299031905133528,926,3,1,0,-1,1,0.0,1.1,2025-Jan-30-21:37:01.128945
0.6299031905133528,927,3,1,0,-1,1,0.0,1.1,2025-Jan-30-21:37:01.239742
0.6299031905133528,928,3,1,0,-1,1,0.0,1.1,2025-Jan-30-21:37:01.331924
0.6299031905133528,929,3,1,0,-1,1,0.0,1.1,2025-Jan-30-21:37:01.424253
0.6299031905133528,930,3,1,0,-1,1,0.0,1.1,2025-Jan-30-21:37:01.521837
0.6355671099357778,931,5,1,0,1,1,0.7,0.6,2025-Jan-30-21:37:01.669280
0.6355671099357778,932,5,1,0,1,1,0.7,0.6,2025-Jan-30-21:37:01.728637
0.6355671099357778,933,5,1,0,1,1,0.7,0.6,2025-Jan-30-21:37:01.785429
0.7207724113018324,934,5,1,0,1,0,0.7,0.0,2025-Jan-30-21:37:01.844730
0.7207724113018324,935,5,1,0,1,0,0.7,0.0,2025-Jan-30-21:37:01.904479
0.7207724113169367,936,5,1,0,1,0,0.6,0.0,2025-Jan-30-21:37:01.972400
0.7207724113169367,937,5,1,0,1,0,0.6,0.0,2025-Jan-30-21:37:02.060609
0.7207724113169367,938,5,1,0,1,0,0.6,0.0,2025-Jan-30-21:37:02.147518
0.7207724113169367,939,5,1,0,1,0,0.6,0.0,2025-Jan-30-21:37:02.220604
0.7207724245865745,940,5,1,0,0,0,0.0,0.0,2025-Jan-30-21:37:02.267580
0.7207724245866639,941,2,1,0,0,0,0.0,0.0,2025-Jan-30-21:37:02.317895
0.7207724245866639,942,2,1,0,0,0,0.0,0.0,2025-Jan-30-21:37:02.365379
0.7207724245866639,943,2,1,0,0,0,0.0,0.0,2025-Jan-30-21:37:02.411336
0.7207724245866639,944,2,1,0,0,0,0.0,0.0,2025-Jan-30-21:37:02.460775
0.7207724245866639,945,2,1,0,0,0,0.0,0.0,2025-Jan-30-21:37:02.504454
0.7207724245866639,946,2,1,0,0,0,0.0,0.0,2025-Jan-30-21:37:02.546734
0.7207724245866639,947,2,1,0,0,0,0.0,0.0,2025-Jan-30-21:37:02.590871
0.7207724245866639,948,2,1,0,0,0,0.0,0.0,2025-Jan-30-21:37:02.634217
0.7207724245866639,949,2,1,0,0,0,0.0,0.0,2025-Jan-30-21:37:02.678554
0.7207724245866639,950,2,1,0,0,0,0.0,0.0,2025-Jan-30-21:37:02.723178
0.664004046478966,951,2,1,0,0,1,0.0,0.4,2025-Jan-30-21:37:02.766197
0.664004046478966,952,2,1,0,0,1,0.0,0.4,2025-Jan-30-21:37:02.813395
0.664004046478966,953,2,1,0,0,1,0.0,0.4,2025-Jan-30-21:37:02.860165
0.664004046478966,954,2,1,0,0,1,0.0,0.4,2025-Jan-30-21:37:02.905260
0.664004046478966,955,2,1,0,0,1,0.0,0.4,2025-Jan-30-21:37:02.969549
0.6782479724549614,956,3,1,0,1,0,0.3,0.0,2025-Jan-30-21:37:03.046831
0.6782479724549614,957,3,1,0,1,0,0.3,0.0,2025-Jan-30-21:37:03.135404
0.6782479724549614,958,3,1,0,1,0,0.3,0.0,2025-Jan-30-21:37:03.217399
0.6782479724549614,959,3,1,0,1,0,0.3,0.0,2025-Jan-30-21:37:03.262180
0.6782479724549614,960,3,1,0,1,0,0.3,0.0,2025-Jan-30-21:37:03.308444
0.7207724245866639,961,2,1,0,0,0,0.0,0.0,2025-Jan-30-21:37:03.356258
0.720770503000503,962,1,1,0,0,0,0.0,0.0,2025-Jan-30-21:37:03.400152
0.720770503000503,963,1,1,0,0,0,0.0,0.0,2025-Jan-30-21:37:03.448014
0.720770503000503,964,1,1,0,0,0,0.0,0.0,2025-Jan-30-21:37:03.494214
0.720770503000503,965,1,1,0,0,0,0.0,0.0,2025-Jan-30-21:37:03.537186
1.0757730646832417,966,2,1,1,0,0,0.0,0.0,2025-Jan-30-21:37:03.580005
1.0757730646832417,967,2,1,1,0,0,0.0,0.0,2025-Jan-30-21:37:03.624058
1.0757730646832417,968,2,1,1,0,0,0.0,0.0,2025-Jan-30-21:37:03.672509
1.0757730646832417,969,2,1,1,0,0,0.0,0.0,2025-Jan-30-21:37:03.724140
1.0757730646832417,970,2,1,1,0,0,0.0,0.0,2025-Jan-30-21:37:03.764906
1.175750641146208,971,10,1,0,0,0,0.0,0.0,2025-Jan-30-21:37:03.817444
1.175750641146208,972,10,1,0,0,0,0.0,0.0,2025-Jan-30-21:37:03.873979
1.175750641146208,973,10,1,0,0,0,0.0,0.0,2025-Jan-30-21:37:03.935015
1.175750641146208,974,10,1,0,0,0,0.0,0.0,2025-Jan-30-21:37:04.029539
1.175750641146208,975,10,1,0,0,0,0.0,0.0,2025-Jan-30-21:37:04.118882
0.720770503000503,976,1,1,0,0,0,0.0,0.0,2025-Jan-30-21:37:04.186856
0.720770503000503,977,1,1,0,0,0,0.0,0.0,2025-Jan-30-21:37:04.233970
0.720770503000503,978,1,1,0,0,0,0.0,0.0,2025-Jan-30-21:37:04.280413
0.720770503000503,979,1,1,0,0,0,0.0,0.0,2025-Jan-30-21:37:04.327443
0.720770503000503,980,1,1,0,0,0,0.0,0.0,2025-Jan-30-21:37:04.372595
0.720770503000503,981,1,1,0,0,0,0.0,0.0,2025-Jan-30-21:37:04.417274
0.720770503000503,982,1,1,0,0,0,0.0,0.0,2025-Jan-30-21:37:04.460195
0.720770503000503,983,1,1,0,0,0,0.0,0.0,2025-Jan-30-21:37:04.503222
0.720770503000503,984,1,1,0,0,0,0.0,0.0,2025-Jan-30-21:37:04.546899
0.720770503000503,985,1,1,0,0,0,0.0,0.0,2025-Jan-30-21:37:04.670896
0.720772427896289,986,4,1,0,-1,0,0.0,0.0,2025-Jan-30-21:37:04.717110
0.720772427896289,987,4,1,0,-1,0,0.0,0.0,2025-Jan-30-21:37:04.762272
0.720772427896289,988,4,1,0,-1,0,0.0,0.0,2025-Jan-30-21:37:04.804940
0.720772427896289,989,4,1,0,-1,0,0.0,0.0,2025-Jan-30-21:37:04.847394
0.720772427896289,990,4,1,0,-1,0,0.0,0.0,2025-Jan-30-21:37:04.890297
0.7207724114470306,991,4,1,0,1,0,0.7,0.0,2025-Jan-30-21:37:04.970490
0.7207724114470306,992,4,1,0,1,0,0.7,0.0,2025-Jan-30-21:37:05.064399
0.7207724114470306,993,4,1,0,1,0,0.7,0.0,2025-Jan-30-21:37:05.158813
0.7207724114470306,994,4,1,0,1,0,0.7,0.0,2025-Jan-30-21:37:05.232922
0.7207724114470306,995,4,1,0,1,0,0.7,0.0,2025-Jan-30-21:37:05.295445
0.7207724116682485,996,6,1,0,0,1,0.0,1.2,2025-Jan-30-21:37:05.357437
0.7207724116682485,997,6,1,0,0,1,0.0,1.2,2025-Jan-30-21:37:05.411710
0.5937304888659414,998,5,1,0,0,1,0.0,1.2,2025-Jan-30-21:37:05.498684
0.8075973438165706,999,5,1,0,0,-1,0.0,0.0,2025-Jan-30-21:37:05.559508
0.8075973438165706,1000,5,1,0,0,-1,0.0,0.0,2025-Jan-30-21:37:05.620731
0.7207724244414657,1001,3,1,0,0,0,0.0,0.0,2025-Jan-30-21:37:05.666155
0.7207724247317728,1002,4,1,0,0,0,0.0,0.0,2025-Jan-30-21:37:05.714539
0.7207724247317728,1003,4,1,0,0,0,0.0,0.0,2025-Jan-30-21:37:05.757160
0.7207724247317728,1004,4,1,0,0,0,0.0,0.0,2025-Jan-30-21:37:05.802302
0.7207724247317728,1005,4,1,0,0,0,0.0,0.0,2025-Jan-30-21:37:05.844561
0.7207724247317727,1006,6,1,0,0,0,0.0,0.0,2025-Jan-30-21:37:05.889759
0.7207724247317727,1007,6,1,0,0,0,0.0,0.0,2025-Jan-30-21:37:05.934557
0.7207724247317727,1008,6,1,0,0,0,0.0,0.0,2025-Jan-30-21:37:05.992527
0.7207724247317727,1009,6,1,0,0,0,0.0,0.0,2025-Jan-30-21:37:06.079383
0.7207724247317727,1010,6,1,0,0,0,0.0,0.0,2025-Jan-30-21:37:06.166797
0.7207724245865745,1011,5,1,0,0,0,0.0,0.0,2025-Jan-30-21:37:06.237195
0.7207724245865745,1012,5,1,0,0,0,0.0,0.0,2025-Jan-30-21:37:06.279338
0.7207724245865745,1013,5,1,0,0,0,0.0,0.0,2025-Jan-30-21:37:06.320584
0.7207724245865745,1014,5,1,0,0,0,0.0,0.0,2025-Jan-30-21:37:06.365990
0.7207724245865745,1015,5,1,0,0,0,0.0,0.0,2025-Jan-30-21:37:06.415678
0.7207724247317728,1016,4,1,0,0,0,0.0,0.0,2025-Jan-30-21:37:06.468564
0.7207724247317728,1017,4,1,0,0,0,0.0,0.0,2025-Jan-30-21:37:06.517369
0.7207724247317728,1018,4,1,0,0,0,0.0,0.0,2025-Jan-30-21:37:06.568011
0.7207724247317728,1019,4,1,0,0,0,0.0,0.0,2025-Jan-30-21:37:06.615078
0.7207724247317728,1020,4,1,0,0,0,0.0,0.0,2025-Jan-30-21:37:06.661390
0.7207724245866639,1021,2,1,0,0,0,0.0,0.0,2025-Jan-30-21:37:06.707766
0.7207724245866639,1022,2,1,0,0,0,0.0,0.0,2025-Jan-30-21:37:06.753460
0.7207724245866639,1023,2,1,0,0,0,0.0,0.0,2025-Jan-30-21:37:06.798260
0.7207724245866639,1024,2,1,0,0,0,0.0,0.0,2025-Jan-30-21:37:06.843251
0.7207724245866639,1025,2,1,0,0,0,0.0,0.0,2025-Jan-30-21:37:06.887620
1.5607570462257478,1026,0,1,1,0,0,0.0,0.0,2025-Jan-30-21:37:06.948482
1.0757742211443824,1027,9,1,1,-1,0,0.0,0.0,2025-Jan-30-21:37:07.031790
1.1625867659373892,1028,5,1,1,0,-1,0.0,0.0,2025-Jan-30-21:37:07.127170
0.7569364602754676,1029,2,1,0,-1,0,0.0,0.0,2025-Jan-30-21:37:07.229936
1.175750688343388,1030,10,1,0,1,-1,0.8,0.0,2025-Jan-30-21:37:07.295991
1.0757730648283506,1031,4,1,1,0,0,0.0,0.0,2025-Jan-30-21:37:07.345010
1.3831625404219108,1032,0,1,1,1,0,1.7,0.0,2025-Jan-30-21:37:07.432026
0.6782479724549614,1033,3,1,0,1,0,0.3,0.0,2025-Jan-30-21:37:07.485490
0.7207724245865745,1034,5,1,0,0,0,0.0,0.0,2025-Jan-30-21:37:07.536724
1.0757730679928654,1035,6,1,1,0,-1,0.0,0.0,2025-Jan-30-21:37:07.586613
1.0757730648283506,1036,6,1,1,0,0,0.0,0.0,2025-Jan-30-21:37:07.634572
0.8075973439474216,1037,4,1,0,0,-1,0.0,0.0,2025-Jan-30-21:37:07.691610
1.019005674961166,1038,8,1,1,0,1,0.0,0.4,2025-Jan-30-21:37:07.738801
0.7569364602753836,1039,7,1,0,-1,0,0.0,0.0,2025-Jan-30-21:37:07.799935
0.6299007083192952,1040,2,1,0,-1,1,0.0,1.3,2025-Jan-30-21:37:07.987807
1.1757506670483657,1041,10,1,0,0,-1,0.0,0.0,2025-Jan-30-21:37:08.068543
1.6475900235901046,1042,0,1,1,0,-1,0.0,0.0,2025-Jan-30-21:37:08.193431
1.0757742178287177,1043,8,1,1,0,0,0.0,0.0,2025-Jan-30-21:37:08.246184
1.0757509769736244,1044,3,1,1,0,0,0.0,0.0,2025-Jan-30-21:37:08.295698
1.0757730646832417,1045,2,1,1,0,0,0.0,0.0,2025-Jan-30-21:37:08.341372
1.0332079592865,1046,1,1,1,0,1,0.0,0.3,2025-Jan-30-21:37:08.389084
1.2464324457791558,1047,8,1,0,1,-1,1.8,0.0,2025-Jan-30-21:37:08.451255
0.7207724247317727,1048,6,1,0,0,0,0.0,0.0,2025-Jan-30-21:37:08.500669
0.6924229895265904,1049,7,1,0,1,0,0.2,0.0,2025-Jan-30-21:37:08.545851
0.5937232347922028,1050,1,1,0,0,1,0.0,1.5,2025-Jan-30-21:37:08.622044
