Cost,Sim,Switch_State_Indx,Gen1_on,Gen2_on,Batt1_mode,Batt2_mode,Batt1_power_kW,Batt2_power_kW,Timestamp
0.7207724247317728,1051,4,1,0,0,0,0.0,0.0,2025-Jan-30-21:37:08.667323
1.0757730648283506,1052,4,1,1,0,0,0.0,0.0,2025-Jan-30-21:37:08.716818
1.5483571083394758,1053,0,1,1,1,-1,0.7,0.0,2025-Jan-30-21:37:08.796250
0.7494822890755525,1054,1,1,0,-1,0,0.0,0.0,2025-Jan-30-21:37:08.851056
0.9198412698652599,1055,2,1,1,1,0,1.1,0.0,2025-Jan-30-21:37:08.895435
0.7569364633080932,1056,7,1,0,-1,-1,0.0,0.0,2025-Jan-30-21:37:08.990758
0.7207724107614659,1057,7,1,0,0,1,0.0,0.8,2025-Jan-30-21:37:09.076832
1.1757506411834284,1058,8,1,0,0,0,0.0,0.0,2025-Jan-30-21:37:09.166077
1.1119163768522515,1059,7,1,1,-1,1,0.0,1.6,2025-Jan-30-21:37:09.250163
0.8981886096794347,1060,8,1,1,1,0,1.9,0.0,2025-Jan-30-21:37:09.325484
0.9907240251917322,1061,10,1,1,1,0,0.6,0.0,2025-Jan-30-21:37:09.370186
1.0757509769736244,1062,3,1,1,0,0,0.0,0.0,2025-Jan-30-21:37:09.418016
0.9848962175436867,1063,2,1,1,-1,1,0.0,1.7,2025-Jan-30-21:37:09.517210
1.175750668233913,1064,8,1,0,1,1,1.9,1.4,2025-Jan-30-21:37:09.578365
1.6475900235901046,1065,0,1,1,0,-1,0.0,0.0,2025-Jan-30-21:37:09.658864
1.0757509769736244,1066,3,1,1,0,0,0.0,0.0,2025-Jan-30-21:37:09.706366
0.8075955916472131,1067,1,1,0,0,-1,0.0,0.0,2025-Jan-30-21:37:09.772965
1.0757509621301287,1068,7,1,1,0,1,0.0,1.7,2025-Jan-30-21:37:09.839219
1.075774204513273,1069,10,1,1,0,1,0.0,0.9,2025-Jan-30-21:37:09.905129
1.0757711430969912,1070,1,1,1,0,0,0.0,0.0,2025-Jan-30-21:37:09.970346
1.0322733681651044,1071,8,1,0,-1,-1,0.0,0.0,2025-Jan-30-21:37:10.117967
1.1757506411462284,1072,9,1,0,0,0,0.0,0.0,2025-Jan-30-21:37:10.199778
1.0757742179740988,1073,9,1,1,0,0,0.0,0.0,2025-Jan-30-21:37:10.241881
1.0322733681651044,1074,8,1,0,-1,-1,0.0,0.0,2025-Jan-30-21:37:10.316847
1.1119163765851587,1075,7,1,1,-1,1,0.0,1.7,2025-Jan-30-21:37:10.399223
0.8075973303538349,1076,4,1,0,1,-1,1.1,0.0,2025-Jan-30-21:37:10.480713
1.483332430149451,1077,0,1,1,-1,1,0.0,0.8,2025-Jan-30-21:37:10.561176
1.0757730648283506,1078,4,1,1,0,0,0.0,0.0,2025-Jan-30-21:37:10.605967
1.1757506670483657,1079,10,1,0,0,-1,0.0,0.0,2025-Jan-30-21:37:10.662121
0.7207724245865745,1080,7,1,0,0,0,0.0,0.0,2025-Jan-30-21:37:10.706974
0.7207724278962877,1081,6,1,0,0,-1,0.0,0.0,2025-Jan-30-21:37:10.752909
1.1757506669672706,1082,8,1,0,1,0,0.2,0.0,2025-Jan-30-21:37:10.810934
0.5937304888661115,1083,2,1,0,0,1,0.0,1.2,2025-Jan-30-21:37:10.884535
0.7569364467353783,1084,7,1,0,-1,1,0.0,1.2,2025-Jan-30-21:37:10.984924
1.0757730646832417,1085,2,1,1,0,0,0.0,0.0,2025-Jan-30-21:37:11.078260
0.8437667697874734,1086,3,1,0,-1,-1,0.0,0.0,2025-Jan-30-21:37:11.326986
1.0757509770459617,1087,7,1,1,0,0,0.0,0.0,2025-Jan-30-21:37:11.390639
1.0757742178287177,1088,8,1,1,0,0,0.0,0.0,2025-Jan-30-21:37:11.435882
0.5431846540738857,1089,7,1,0,1,0,1.6,0.0,2025-Jan-30-21:37:11.508970
1.1757506352664855,1090,10,1,0,0,1,0.0,0.6,2025-Jan-30-21:37:11.564833
1.1987685683099123,1091,8,1,1,-1,-1,0.0,0.0,2025-Jan-30-21:37:11.633894
1.1625867659373892,1092,5,1,1,0,-1,0.0,0.0,2025-Jan-30-21:37:11.689875
0.8075973303497779,1093,4,1,0,1,-1,1.3,0.0,2025-Jan-30-21:37:11.768421
0.7207724244414657,1094,3,1,0,0,0,0.0,0.0,2025-Jan-30-21:37:11.812842
1.0757509769736244,1095,3,1,1,0,0,0.0,0.0,2025-Jan-30-21:37:11.857026
1.1757506670483657,1096,10,1,0,0,-1,0.0,0.0,2025-Jan-30-21:37:11.912739
1.162599289019349,1097,8,1,1,0,-1,0.0,0.0,2025-Jan-30-21:37:12.003139
1.175750641146208,1098,10,1,0,0,0,0.0,0.0,2025-Jan-30-21:37:12.094730
1.0757742178287177,1099,8,1,1,0,0,0.0,0.0,2025-Jan-30-21:37:12.173855
0.7207724277510894,1100,7,1,0,0,-1,0.0,0.0,2025-Jan-30-21:37:12.221081
1.0757509786066803,1101,5,1,1,-1,0,0.0,0.0,2025-Jan-30-21:37:12.262925
0.5431846540738857,1102,7,1,0,1,0,1.6,0.0,2025-Jan-30-21:37:12.335407
0.5431846540738857,1103,7,1,0,1,0,1.6,0.0,2025-Jan-30-21:37:12.409379
0.5431846540738857,1104,7,1,0,1,0,1.6,0.0,2025-Jan-30-21:37:12.483742
0.5431846540738857,1105,7,1,0,1,0,1.6,0.0,2025-Jan-30-21:37:12.558778
0.5431846540738857,1106,7,1,0,1,0,1.6,0.0,2025-Jan-30-21:37:12.632300
0.5431846540738857,1107,7,1,0,1,0,1.6,0.0,2025-Jan-30-21:37:12.705990
0.5431846540738857,1108,7,1,0,1,0,1.6,0.0,2025-Jan-30-21:37:12.778815
0.5431846540738857,1109,7,1,0,1,0,1.6,0.0,2025-Jan-30-21:37:12.857386
0.5431846540738857,1110,7,1,0,1,0,1.6,0.0,2025-Jan-30-21:37:12.931355
0.5937304888661115,1111,2,1,0,0,1,0.0,1.2,2025-Jan-30-21:37:13.029942
0.5937304888661115,1112,2,1,0,0,1,0.0,1.2,2025-Jan-30-21:37:13.157395
0.5937304888661115,1113,2,1,0,0,1,0.0,1.2,2025-Jan-30-21:37:13.249777
0.5937304888661115,1114,2,1,0,0,1,0.0,1.2,2025-Jan-30-21:37:13.321225
0.5937304888661115,1115,2,1,0,0,1,0.0,1.2,2025-Jan-30-21:37:13.395433
0.5937321857373368,1116,2,1,0,0,1,0.0,1.1,2025-Jan-30-21:37:13.471360
0.7207724245866639,1117,2,1,0,0,0,0.0,0.0,2025-Jan-30-21:37:13.516827
0.7207724245866639,1118,2,1,0,0,0,0.0,0.0,2025-Jan-30-21:37:13.561018
0.7207724245866639,1119,2,1,0,0,0,0.0,0.0,2025-Jan-30-21:37:13.608863
0.7207724107614659,1120,7,1,0,0,1,0.0,0.8,2025-Jan-30-21:37:13.664591
0.7207724107614659,1121,7,1,0,0,1,0.0,0.8,2025-Jan-30-21:37:13.720338
0.7207724107614659,1122,7,1,0,0,1,0.0,0.8,2025-Jan-30-21:37:13.777511
0.7207724107614659,1123,7,1,0,0,1,0.0,0.8,2025-Jan-30-21:37:13.833489
0.7207724107614659,1124,7,1,0,0,1,0.0,0.8,2025-Jan-30-21:37:13.888110
0.7207724107614659,1125,7,1,0,0,1,0.0,0.8,2025-Jan-30-21:37:13.943215
0.7207724107614659,1126,7,1,0,0,1,0.0,0.8,2025-Jan-30-21:37:14.045081
0.7207724244414657,1127,3,1,0,0,0,0.0,0.0,2025-Jan-30-21:37:14.126422
0.7207724244414657,1128,3,1,0,0,0,0.0,0.0,2025-Jan-30-21:37:14.196450
0.7207724244414657,1129,3,1,0,0,0,0.0,0.0,2025-Jan-30-21:37:14.239849
0.7207724244414657,1130,3,1,0,0,0,0.0,0.0,2025-Jan-30-21:37:14.280847
0.7207724244414657,1131,3,1,0,0,0,0.0,0.0,2025-Jan-30-21:37:14.322615
0.7207724244414657,1132,3,1,0,0,0,0.0,0.0,2025-Jan-30-21:37:14.365158
0.7207724244414657,1133,3,1,0,0,0,0.0,0.0,2025-Jan-30-21:37:14.409388
0.7207724245865745,1134,7,1,0,0,0,0.0,0.0,2025-Jan-30-21:37:14.453689
0.7207724245865745,1135,7,1,0,0,0,0.0,0.0,2025-Jan-30-21:37:14.497570
0.7207724245865745,1136,7,1,0,0,0,0.0,0.0,2025-Jan-30-21:37:14.541329
0.7207724245865745,1137,7,1,0,0,0,0.0,0.0,2025-Jan-30-21:37:14.584932
0.7207724247317727,1138,6,1,0,0,0,0.0,0.0,2025-Jan-30-21:37:14.630919
0.7207724247317727,1139,6,1,0,0,0,0.0,0.0,2025-Jan-30-21:37:14.674440
0.7207724247317727,1140,6,1,0,0,0,0.0,0.0,2025-Jan-30-21:37:14.718377
0.7207724277510894,1141,7,1,0,0,-1,0.0,0.0,2025-Jan-30-21:37:14.762180
0.7207724277510894,1142,7,1,0,0,-1,0.0,0.0,2025-Jan-30-21:37:14.805723
0.7207724277510894,1143,7,1,0,0,-1,0.0,0.0,2025-Jan-30-21:37:14.849287
0.7207724278962877,1144,6,1,0,0,-1,0.0,0.0,2025-Jan-30-21:37:14.892906
0.7207724278962877,1145,6,1,0,0,-1,0.0,0.0,2025-Jan-30-21:37:14.936910
0.7207724278962877,1146,6,1,0,0,-1,0.0,0.0,2025-Jan-30-21:37:15.126034
0.7207724278962877,1147,6,1,0,0,-1,0.0,0.0,2025-Jan-30-21:37:15.205752
0.7207724278962877,1148,6,1,0,0,-1,0.0,0.0,2025-Jan-30-21:37:15.282083
0.7207724278962877,1149,6,1,0,0,-1,0.0,0.0,2025-Jan-30-21:37:15.344479
0.7207724278962877,1150,6,1,0,0,-1,0.0,0.0,2025-Jan-30-21:37:15.385008
0.7207724247317727,1151,6,1,0,0,0,0.0,0.0,2025-Jan-30-21:37:15.425613
0.7207724247317727,1152,6,1,0,0,0,0.0,0.0,2025-Jan-30-21:37:15.468047
0.7207724247317727,1153,6,1,0,0,0,0.0,0.0,2025-Jan-30-21:37:15.512219
0.7207724245865745,1154,5,1,0,0,0,0.0,0.0,2025-Jan-30-21:37:15.556238
0.7494822890755525,1155,1,1,0,-1,0,0.0,0.0,2025-Jan-30-21:37:15.616146
0.7494822890755525,1156,1,1,0,-1,0,0.0,0.0,2025-Jan-30-21:37:15.672663
1.2419215143445705,1157,0,1,0,-1,0,0.0,0.0,2025-Jan-30-21:37:15.751839
1.2419215143445705,1158,0,1,0,-1,0,0.0,0.0,2025-Jan-30-21:37:15.830703
1.2419215143445705,1159,0,1,0,-1,0,0.0,0.0,2025-Jan-30-21:37:15.912382
1.2419215143445705,1160,0,1,0,-1,0,0.0,0.0,2025-Jan-30-21:37:15.993603
1.2419215143445705,1161,0,1,0,-1,0,0.0,0.0,2025-Jan-30-21:37:16.098673
0.7569364467353783,1162,7,1,0,-1,1,0.0,1.2,2025-Jan-30-21:37:16.211246
0.7569364467353783,1163,7,1,0,-1,1,0.0,1.2,2025-Jan-30-21:37:16.301439
0.7569364467353783,1164,7,1,0,-1,1,0.0,1.2,2025-Jan-30-21:37:16.378337
0.7569364467353783,1165,7,1,0,-1,1,0.0,1.2,2025-Jan-30-21:37:16.456346
0.7569364467353783,1166,7,1,0,-1,1,0.0,1.2,2025-Jan-30-21:37:16.534796
0.7569364467353783,1167,7,1,0,-1,1,0.0,1.2,2025-Jan-30-21:37:16.614033
0.7569364468746577,1168,6,1,0,-1,1,0.0,1.2,2025-Jan-30-21:37:16.692391
0.7569364633080932,1169,7,1,0,-1,-1,0.0,0.0,2025-Jan-30-21:37:16.748938
0.7569364633080932,1170,7,1,0,-1,-1,0.0,0.0,2025-Jan-30-21:37:16.805582
0.7569364633080932,1171,7,1,0,-1,-1,0.0,0.0,2025-Jan-30-21:37:16.862643
0.7569364633080932,1172,7,1,0,-1,-1,0.0,0.0,2025-Jan-30-21:37:16.919020
0.7569364633080932,1173,7,1,0,-1,-1,0.0,0.0,2025-Jan-30-21:37:16.996964
0.7569364633080932,1174,7,1,0,-1,-1,0.0,0.0,2025-Jan-30-21:37:17.093128
0.7569364633080932,1175,7,1,0,-1,-1,0.0,0.0,2025-Jan-30-21:37:17.173925
0.8075955916472131,1176,1,1,0,0,-1,0.0,0.0,2025-Jan-30-21:37:17.249316
0.8075955916472131,1177,1,1,0,0,-1,0.0,0.0,2025-Jan-30-21:37:17.303202
0.720770503000503,1178,1,1,0,0,0,0.0,0.0,2025-Jan-30-21:37:17.345407
0.720770503000503,1179,1,1,0,0,0,0.0,0.0,2025-Jan-30-21:37:17.388687
0.720770503000503,1180,1,1,0,0,0,0.0,0.0,2025-Jan-30-21:37:17.435920
0.720770503000503,1181,1,1,0,0,0,0.0,0.0,2025-Jan-30-21:37:17.481234
0.8075973303497779,1182,4,1,0,1,-1,1.3,0.0,2025-Jan-30-21:37:17.560804
0.7207724113160096,1183,4,1,0,1,0,1.3,0.0,2025-Jan-30-21:37:17.615733
0.7207724113160096,1184,4,1,0,1,0,1.3,0.0,2025-Jan-30-21:37:17.670841
0.7207724113160096,1185,4,1,0,1,0,1.3,0.0,2025-Jan-30-21:37:17.726442
0.7207724116682491,1186,4,1,0,1,0,1.2,0.0,2025-Jan-30-21:37:17.781373
0.7207724116682491,1187,4,1,0,1,0,1.2,0.0,2025-Jan-30-21:37:17.836483
0.8075973303538349,1188,4,1,0,1,-1,1.1,0.0,2025-Jan-30-21:37:17.915233
0.8075973303538349,1189,4,1,0,1,-1,1.1,0.0,2025-Jan-30-21:37:18.018668
0.8075973303538349,1190,4,1,0,1,-1,1.1,0.0,2025-Jan-30-21:37:18.141772
0.8075973303538349,1191,4,1,0,1,-1,1.1,0.0,2025-Jan-30-21:37:18.232160
0.8075973303538349,1192,4,1,0,1,-1,1.1,0.0,2025-Jan-30-21:37:18.309452
0.8075973303538349,1193,4,1,0,1,-1,1.1,0.0,2025-Jan-30-21:37:18.387111
0.8437667697874734,1194,3,1,0,-1,-1,0.0,0.0,2025-Jan-30-21:37:18.456197
0.8437667697874734,1195,3,1,0,-1,-1,0.0,0.0,2025-Jan-30-21:37:18.652770
0.8075973436857562,1196,3,1,0,0,-1,0.0,0.0,2025-Jan-30-21:37:18.711072
0.8075973436857562,1197,3,1,0,0,-1,0.0,0.0,2025-Jan-30-21:37:18.768138
0.7207724244414657,1198,3,1,0,0,0,0.0,0.0,2025-Jan-30-21:37:18.812441
0.7207724244414657,1199,3,1,0,0,0,0.0,0.0,2025-Jan-30-21:37:18.856377
0.8981886096794347,1200,8,1,1,1,0,1.9,0.0,2025-Jan-30-21:37:18.929460
0.8981530757025221,1201,7,1,1,1,0,1.9,0.0,2025-Jan-30-21:37:19.032954
1.0757509770459617,1202,7,1,1,0,0,0.0,0.0,2025-Jan-30-21:37:19.103095
1.0757509770459617,1203,7,1,1,0,0,0.0,0.0,2025-Jan-30-21:37:19.172603
1.0757509770459617,1204,7,1,1,0,0,0.0,0.0,2025-Jan-30-21:37:19.214967
1.0757509770459617,1205,7,1,1,0,0,0.0,0.0,2025-Jan-30-21:37:19.258936
0.9198412698652599,1206,2,1,1,1,0,1.1,0.0,2025-Jan-30-21:37:19.300540
0.9198412698652599,1207,2,1,1,1,0,1.1,0.0,2025-Jan-30-21:37:19.344965
0.9198412698652599,1208,2,1,1,1,0,1.1,0.0,2025-Jan-30-21:37:19.387612
0.9198412698652599,1209,2,1,1,1,0,1.1,0.0,2025-Jan-30-21:37:19.429625
0.9198412698652599,1210,2,1,1,1,0,1.1,0.0,2025-Jan-30-21:37:19.475896
0.9198412698652599,1211,2,1,1,1,0,1.1,0.0,2025-Jan-30-21:37:19.518119
0.9848962175436867,1212,2,1,1,-1,1,0.0,1.7,2025-Jan-30-21:37:19.600382
0.9848962175436867,1213,2,1,1,-1,1,0.0,1.7,2025-Jan-30-21:37:19.682599
0.9848962175436867,1214,2,1,1,-1,1,0.0,1.7,2025-Jan-30-21:37:19.767957
0.9848962175436867,1215,2,1,1,-1,1,0.0,1.7,2025-Jan-30-21:37:19.850193
0.9848962175436867,1216,2,1,1,-1,1,0.0,1.7,2025-Jan-30-21:37:19.932347
1.0757742179736964,1217,10,1,1,0,0,0.0,0.0,2025-Jan-30-21:37:19.989445
1.0757742179740988,1218,9,1,1,0,0,0.0,0.0,2025-Jan-30-21:37:20.062594
1.0757742179740988,1219,9,1,1,0,0,0.0,0.0,2025-Jan-30-21:37:20.137270
1.0757742179740988,1220,9,1,1,0,0,0.0,0.0,2025-Jan-30-21:37:20.198102
1.0757742179740988,1221,9,1,1,0,0,0.0,0.0,2025-Jan-30-21:37:20.240801
1.0322733681651044,1222,8,1,0,-1,-1,0.0,0.0,2025-Jan-30-21:37:20.312847
1.0322733681651044,1223,8,1,0,-1,-1,0.0,0.0,2025-Jan-30-21:37:20.384789
1.0322733681651044,1224,8,1,0,-1,-1,0.0,0.0,2025-Jan-30-21:37:20.456854
1.0322733681651044,1225,8,1,0,-1,-1,0.0,0.0,2025-Jan-30-21:37:20.529188
1.070893498094094,1226,8,1,0,-1,0,0.0,0.0,2025-Jan-30-21:37:20.588656
0.8075955916472131,1227,1,1,0,0,-1,0.0,0.0,2025-Jan-30-21:37:20.643120
1.0757509786022807,1228,7,1,1,0,-1,0.0,0.0,2025-Jan-30-21:37:20.684346
1.0757509786022807,1229,7,1,1,0,-1,0.0,0.0,2025-Jan-30-21:37:20.726505
1.0757509786022807,1230,7,1,1,0,-1,0.0,0.0,2025-Jan-30-21:37:20.770096
1.0757509786022807,1231,7,1,1,0,-1,0.0,0.0,2025-Jan-30-21:37:20.880868
1.0757509770459617,1232,7,1,1,0,0,0.0,0.0,2025-Jan-30-21:37:20.924804
1.0757509769736244,1233,3,1,1,0,0,0.0,0.0,2025-Jan-30-21:37:20.982571
1.0757509769736244,1234,3,1,1,0,0,0.0,0.0,2025-Jan-30-21:37:21.047573
1.0757509769736244,1235,3,1,1,0,0,0.0,0.0,2025-Jan-30-21:37:21.120145
1.0757509769736244,1236,3,1,1,0,0,0.0,0.0,2025-Jan-30-21:37:21.188699
1.0757509769736244,1237,3,1,1,0,0,0.0,0.0,2025-Jan-30-21:37:21.229848
1.0757509769736244,1238,3,1,1,0,0,0.0,0.0,2025-Jan-30-21:37:21.273473
1.0757509769736244,1239,3,1,1,0,0,0.0,0.0,2025-Jan-30-21:37:21.315771
1.0757509769736244,1240,3,1,1,0,0,0.0,0.0,2025-Jan-30-21:37:21.358190
1.0757509769736244,1241,3,1,1,0,0,0.0,0.0,2025-Jan-30-21:37:21.398957
1.0757509769736244,1242,3,1,1,0,0,0.0,0.0,2025-Jan-30-21:37:21.440212
1.0757509769736244,1243,3,1,1,0,0,0.0,0.0,2025-Jan-30-21:37:21.485991
1.0757509769736244,1244,3,1,1,0,0,0.0,0.0,2025-Jan-30-21:37:21.527540
1.0757509769736244,1245,3,1,1,0,0,0.0,0.0,2025-Jan-30-21:37:21.568522
1.0757509769736244,1246,3,1,1,0,0,0.0,0.0,2025-Jan-30-21:37:21.609924
1.0757509769736244,1247,3,1,1,0,0,0.0,0.0,2025-Jan-30-21:37:21.650179
1.0757509770459617,1248,7,1,1,0,0,0.0,0.0,2025-Jan-30-21:37:21.690982
1.0757509770459617,1249,7,1,1,0,0,0.0,0.0,2025-Jan-30-21:37:21.734498
1.0757509770459617,1250,7,1,1,0,0,0.0,0.0,2025-Jan-30-21:37:21.776988
1.0757730648283506,1251,6,1,1,0,0,0.0,0.0,2025-Jan-30-21:37:21.817227
1.0757730648283506,1252,6,1,1,0,0,0.0,0.0,2025-Jan-30-21:37:21.858734
1.0757509786066803,1253,5,1,1,-1,0,0.0,0.0,2025-Jan-30-21:37:21.900474
0.7207724277510907,1254,5,1,0,-1,0,0.0,0.0,2025-Jan-30-21:37:21.941727
0.7207724277510907,1255,5,1,0,-1,0,0.0,0.0,2025-Jan-30-21:37:22.022191
0.7207724277510907,1256,5,1,0,-1,0,0.0,0.0,2025-Jan-30-21:37:22.101690
0.7207724277510907,1257,5,1,0,-1,0,0.0,0.0,2025-Jan-30-21:37:22.165066
1.0757711430969912,1258,1,1,1,0,0,0.0,0.0,2025-Jan-30-21:37:22.211483
1.0757711430969912,1259,1,1,1,0,0,0.0,0.0,2025-Jan-30-21:37:22.255168
1.0757711430969912,1260,1,1,1,0,0,0.0,0.0,2025-Jan-30-21:37:22.298019
1.0757711430969912,1261,1,1,1,0,0,0.0,0.0,2025-Jan-30-21:37:22.339315
1.0757711430969912,1262,1,1,1,0,0,0.0,0.0,2025-Jan-30-21:37:22.380860
1.0757711430969912,1263,1,1,1,0,0,0.0,0.0,2025-Jan-30-21:37:22.422200
1.0757711430969912,1264,1,1,1,0,0,0.0,0.0,2025-Jan-30-21:37:22.468401
1.0757711430969912,1265,1,1,1,0,0,0.0,0.0,2025-Jan-30-21:37:22.511962
1.0757711430969912,1266,1,1,1,0,0,0.0,0.0,2025-Jan-30-21:37:22.634480
1.0757711430969912,1267,1,1,1,0,0,0.0,0.0,2025-Jan-30-21:37:22.679382
1.0757730648283506,1268,4,1,1,0,0,0.0,0.0,2025-Jan-30-21:37:22.723917
1.0757730648283506,1269,4,1,1,0,0,0.0,0.0,2025-Jan-30-21:37:22.766882
1.0757730648283506,1270,4,1,1,0,0,0.0,0.0,2025-Jan-30-21:37:22.808018
1.0757730648283506,1271,4,1,1,0,0,0.0,0.0,2025-Jan-30-21:37:22.849392
1.0757730648283506,1272,4,1,1,0,0,0.0,0.0,2025-Jan-30-21:37:22.890820
1.0757730648283506,1273,4,1,1,0,0,0.0,0.0,2025-Jan-30-21:37:22.932676
1.0757730648283506,1274,4,1,1,0,0,0.0,0.0,2025-Jan-30-21:37:22.994171
1.0757730648283506,1275,4,1,1,0,0,0.0,0.0,2025-Jan-30-21:37:23.058439
1.0757730648283506,1276,4,1,1,0,0,0.0,0.0,2025-Jan-30-21:37:23.128982
1.0757730648283506,1277,4,1,1,0,0,0.0,0.0,2025-Jan-30-21:37:23.195936
1.075774204647745,1278,10,1,1,0,1,0.0,0.3,2025-Jan-30-21:37:23.248222
0.8075973438166071,1279,2,1,0,0,-1,0.0,0.0,2025-Jan-30-21:37:23.302942
1.0757742178287177,1280,8,1,1,0,0,0.0,0.0,2025-Jan-30-21:37:23.345292
1.0757509770459617,1281,7,1,1,0,0,0.0,0.0,2025-Jan-30-21:37:23.387262
1.0757509770459617,1282,7,1,1,0,0,0.0,0.0,2025-Jan-30-21:37:23.428788
1.0757509770459617,1283,7,1,1,0,0,0.0,0.0,2025-Jan-30-21:37:23.472952
1.0757509770459617,1284,7,1,1,0,0,0.0,0.0,2025-Jan-30-21:37:23.516434
1.0757742179740988,1285,9,1,1,0,0,0.0,0.0,2025-Jan-30-21:37:23.557037
1.0757742179740988,1286,9,1,1,0,0,0.0,0.0,2025-Jan-30-21:37:23.597625
1.0757742179740988,1287,9,1,1,0,0,0.0,0.0,2025-Jan-30-21:37:23.637869
1.0757742179740988,1288,9,1,1,0,0,0.0,0.0,2025-Jan-30-21:37:23.678263
1.0757742179740988,1289,9,1,1,0,0,0.0,0.0,2025-Jan-30-21:37:23.723548
1.1119163765851587,1290,7,1,1,-1,1,0.0,1.7,2025-Jan-30-21:37:23.800799
1.1119163765851587,1291,7,1,1,-1,1,0.0,1.7,2025-Jan-30-21:37:23.876323
1.1119163765851587,1292,7,1,1,-1,1,0.0,1.7,2025-Jan-30-21:37:23.969164
0.756936446740337,1293,7,1,0,-1,1,0.0,1.7,2025-Jan-30-21:37:24.085708
0.7569364602753836,1294,7,1,0,-1,0,0.0,0.0,2025-Jan-30-21:37:24.160698
1.1119163768522515,1295,7,1,1,-1,1,0.0,1.6,2025-Jan-30-21:37:24.236234
1.1119163768522515,1296,7,1,1,-1,1,0.0,1.6,2025-Jan-30-21:37:24.312718
1.0757509623483585,1297,7,1,1,0,1,0.0,1.6,2025-Jan-30-21:37:24.367787
1.0757509623483585,1298,7,1,1,0,1,0.0,1.6,2025-Jan-30-21:37:24.420978
1.0757509623483585,1299,7,1,1,0,1,0.0,1.6,2025-Jan-30-21:37:24.472774
1.0757742179740988,1300,9,1,1,0,0,0.0,0.0,2025-Jan-30-21:37:24.513645
0.7207724247317728,1301,4,1,0,0,0,0.0,0.0,2025-Jan-30-21:37:24.557987
1.0757730646832417,1302,2,1,1,0,0,0.0,0.0,2025-Jan-30-21:37:24.599828
1.175750641146208,1303,10,1,0,0,0,0.0,0.0,2025-Jan-30-21:37:24.651262
1.175750641146208,1304,10,1,0,0,0,0.0,0.0,2025-Jan-30-21:37:24.702926
1.175750641146208,1305,10,1,0,0,0,0.0,0.0,2025-Jan-30-21:37:24.758320
1.175750641146208,1306,10,1,0,0,0,0.0,0.0,2025-Jan-30-21:37:24.810000
1.175750641146208,1307,10,1,0,0,0,0.0,0.0,2025-Jan-30-21:37:24.862432
1.11193708697212,1308,6,1,1,-1,1,0.0,1.7,2025-Jan-30-21:37:24.937867
1.1757506411834284,1309,8,1,0,0,0,0.0,0.0,2025-Jan-30-21:37:25.075283
1.1757506411834284,1310,8,1,0,0,0,0.0,0.0,2025-Jan-30-21:37:25.158310
1.1757506411834284,1311,8,1,0,0,0,0.0,0.0,2025-Jan-30-21:37:25.231628
1.1757506411834284,1312,8,1,0,0,0,0.0,0.0,2025-Jan-30-21:37:25.285811
1.1757506411834284,1313,8,1,0,0,0,0.0,0.0,2025-Jan-30-21:37:25.340225
1.1119380949877005,1314,10,1,1,-1,0,0.0,0.0,2025-Jan-30-21:37:25.394742
1.1757506670483657,1315,10,1,0,0,-1,0.0,0.0,2025-Jan-30-21:37:25.448530
1.1757506670483657,1316,10,1,0,0,-1,0.0,0.0,2025-Jan-30-21:37:25.503844
1.1757506670483657,1317,10,1,0,0,-1,0.0,0.0,2025-Jan-30-21:37:25.559889
1.1757506670483657,1318,10,1,0,0,-1,0.0,0.0,2025-Jan-30-21:37:25.613232
1.1757506670483657,1319,10,1,0,0,-1,0.0,0.0,2025-Jan-30-21:37:25.664695
0.9765465512151312,1320,2,1,1,1,0,0.7,0.0,2025-Jan-30-21:37:25.709006
1.175750668233913,1321,8,1,0,1,1,1.9,1.4,2025-Jan-30-21:37:25.763455
1.1757506510236093,1322,8,1,0,0,1,0.0,1.4,2025-Jan-30-21:37:25.815345
1.1757506510236093,1323,8,1,0,0,1,0.0,1.4,2025-Jan-30-21:37:25.867302
1.1757506510236093,1324,8,1,0,0,1,0.0,1.4,2025-Jan-30-21:37:25.919963
1.1757506510236093,1325,8,1,0,0,1,0.0,1.4,2025-Jan-30-21:37:25.992889
1.1987685683099123,1326,8,1,1,-1,-1,0.0,0.0,2025-Jan-30-21:37:26.095196
1.1987685683099123,1327,8,1,1,-1,-1,0.0,0.0,2025-Jan-30-21:37:26.187441
1.1119380948486355,1328,8,1,1,-1,0,0.0,0.0,2025-Jan-30-21:37:26.246570
1.1085655952507665,1329,7,1,1,-1,0,0.0,0.0,2025-Jan-30-21:37:26.310996
1.1119163928822093,1330,7,1,1,-1,-1,0.0,0.0,2025-Jan-30-21:37:26.368103
1.483332430149451,1331,0,1,1,-1,1,0.0,0.8,2025-Jan-30-21:37:26.443991
1.483332430149451,1332,0,1,1,-1,1,0.0,0.8,2025-Jan-30-21:37:26.520284
1.483332430149451,1333,0,1,1,-1,1,0.0,0.8,2025-Jan-30-21:37:26.597103
1.68375869634143,1334,0,1,1,-1,-1,0.0,0.0,2025-Jan-30-21:37:26.696407
1.5483571083394758,1335,0,1,1,1,-1,0.7,0.0,2025-Jan-30-21:37:26.776555
1.68375869634143,1336,0,1,1,-1,-1,0.0,0.0,2025-Jan-30-21:37:26.876736
1.68375869634143,1337,0,1,1,-1,-1,0.0,0.0,2025-Jan-30-21:37:26.994691
1.68375869634143,1338,0,1,1,-1,-1,0.0,0.0,2025-Jan-30-21:37:27.132352
1.1757506411462284,1339,9,1,0,0,0,0.0,0.0,2025-Jan-30-21:37:27.191501
0.5431846540738857,1340,7,1,0,1,0,1.6,0.0,2025-Jan-30-21:37:27.265504
0.5431846540738857,1341,7,1,0,1,0,1.6,0.0,2025-Jan-30-21:37:27.337024
0.5431846540738857,1342,7,1,0,1,0,1.6,0.0,2025-Jan-30-21:37:27.408638
0.5431846540738857,1343,7,1,0,1,0,1.6,0.0,2025-Jan-30-21:37:27.483547
0.5431846540738857,1344,7,1,0,1,0,1.6,0.0,2025-Jan-30-21:37:27.556139
0.5431846540738857,1345,7,1,0,1,0,1.6,0.0,2025-Jan-30-21:37:27.626201
0.5431846540738857,1346,7,1,0,1,0,1.6,0.0,2025-Jan-30-21:37:27.695861
0.5431846542494557,1347,6,1,0,1,0,1.6,0.0,2025-Jan-30-21:37:27.767673
0.5431846542494557,1348,6,1,0,1,0,1.6,0.0,2025-Jan-30-21:37:27.837519
0.7207724245866639,1349,2,1,0,0,0,0.0,0.0,2025-Jan-30-21:37:27.879537
0.7207724245866639,1350,2,1,0,0,0,0.0,0.0,2025-Jan-30-21:37:27.921019
0.7207724245866639,1351,2,1,0,0,0,0.0,0.0,2025-Jan-30-21:37:27.984972
0.7207724245866639,1352,2,1,0,0,0,0.0,0.0,2025-Jan-30-21:37:28.054690
0.7207724245866639,1353,2,1,0,0,0,0.0,0.0,2025-Jan-30-21:37:28.129800
0.7207724245866639,1354,2,1,0,0,0,0.0,0.0,2025-Jan-30-21:37:28.191074
0.7207724245866639,1355,2,1,0,0,0,0.0,0.0,2025-Jan-30-21:37:28.234379
0.7207724245866639,1356,2,1,0,0,0,0.0,0.0,2025-Jan-30-21:37:28.278280
0.720770503000503,1357,1,1,0,0,0,0.0,0.0,2025-Jan-30-21:37:28.320764
0.720770503000503,1358,1,1,0,0,0,0.0,0.0,2025-Jan-30-21:37:28.361826
1.2057564061623827,1359,0,1,0,0,0,0.0,0.0,2025-Jan-30-21:37:28.414671
1.2057564061623827,1360,0,1,0,0,0,0.0,0.0,2025-Jan-30-21:37:28.467056
1.2057564061623827,1361,0,1,0,0,0,0.0,0.0,2025-Jan-30-21:37:28.519934
1.2057564061623827,1362,0,1,0,0,0,0.0,0.0,2025-Jan-30-21:37:28.572466
1.2057564061623827,1363,0,1,0,0,0,0.0,0.0,2025-Jan-30-21:37:28.712997
0.7207724107614659,1364,7,1,0,0,1,0.0,0.8,2025-Jan-30-21:37:28.767859
0.7207724107614659,1365,7,1,0,0,1,0.0,0.8,2025-Jan-30-21:37:28.820751
0.7207724245865745,1366,7,1,0,0,0,0.0,0.0,2025-Jan-30-21:37:28.862283
0.7207724245865745,1367,7,1,0,0,0,0.0,0.0,2025-Jan-30-21:37:28.903321
0.7207724245865745,1368,7,1,0,0,0,0.0,0.0,2025-Jan-30-21:37:28.957552
0.7207724245865745,1369,7,1,0,0,0,0.0,0.0,2025-Jan-30-21:37:29.036887
0.7207724245865745,1370,7,1,0,0,0,0.0,0.0,2025-Jan-30-21:37:29.119949
0.7207724113160096,1371,4,1,0,1,0,1.3,0.0,2025-Jan-30-21:37:29.192777
0.7207724113160096,1372,4,1,0,1,0,1.3,0.0,2025-Jan-30-21:37:29.246065
0.7207724113160096,1373,4,1,0,1,0,1.3,0.0,2025-Jan-30-21:37:29.299157
0.8075973303497779,1374,4,1,0,1,-1,1.3,0.0,2025-Jan-30-21:37:29.378148
0.8075973467942734,1375,4,1,0,-1,-1,0.0,0.0,2025-Jan-30-21:37:29.431889
0.8075973467942734,1376,4,1,0,-1,-1,0.0,0.0,2025-Jan-30-21:37:29.489928
0.8075973467942734,1377,4,1,0,-1,-1,0.0,0.0,2025-Jan-30-21:37:29.546078
0.7207724245866639,1378,2,1,0,0,0,0.0,0.0,2025-Jan-30-21:37:29.595177
0.7207724245866639,1379,2,1,0,0,0,0.0,0.0,2025-Jan-30-21:37:29.638974
0.7207724245866639,1380,2,1,0,0,0,0.0,0.0,2025-Jan-30-21:37:29.681077
0.7207724245866639,1381,2,1,0,0,0,0.0,0.0,2025-Jan-30-21:37:29.723330
0.7207724245866639,1382,2,1,0,0,0,0.0,0.0,2025-Jan-30-21:37:29.768979
0.7207724245866639,1383,2,1,0,0,0,0.0,0.0,2025-Jan-30-21:37:29.811451
0.7207724245866639,1384,2,1,0,0,0,0.0,0.0,2025-Jan-30-21:37:29.855944
0.7207724244414657,1385,3,1,0,0,0,0.0,0.0,2025-Jan-30-21:37:29.906817
0.7207724244414657,1386,3,1,0,0,0,0.0,0.0,2025-Jan-30-21:37:29.978275
0.7207724244414657,1387,3,1,0,0,0,0.0,0.0,2025-Jan-30-21:37:30.048655
0.7207724244414657,1388,3,1,0,0,0,0.0,0.0,2025-Jan-30-21:37:30.136257
0.7207724244414657,1389,3,1,0,0,0,0.0,0.0,2025-Jan-30-21:37:30.197097
0.7207724244414657,1390,3,1,0,0,0,0.0,0.0,2025-Jan-30-21:37:30.239413
0.7207724244414657,1391,3,1,0,0,0,0.0,0.0,2025-Jan-30-21:37:30.294390
0.7207724247317727,1392,6,1,0,0,0,0.0,0.0,2025-Jan-30-21:37:30.339657
0.7207724247317727,1393,6,1,0,0,0,0.0,0.0,2025-Jan-30-21:37:30.382965
0.7207724247317727,1394,6,1,0,0,0,0.0,0.0,2025-Jan-30-21:37:30.424423
0.7207724247317727,1395,6,1,0,0,0,0.0,0.0,2025-Jan-30-21:37:30.466338
0.7207724247317727,1396,6,1,0,0,0,0.0,0.0,2025-Jan-30-21:37:30.508773
0.7207724247317727,1397,6,1,0,0,0,0.0,0.0,2025-Jan-30-21:37:30.549325
0.7207724247317727,1398,6,1,0,0,0,0.0,0.0,2025-Jan-30-21:37:30.592552
0.7207724245865745,1399,5,1,0,0,0,0.0,0.0,2025-Jan-30-21:37:30.634698
0.7207724245865745,1400,5,1,0,0,0,0.0,0.0,2025-Jan-30-21:37:30.748819
0.7207724245865745,1401,5,1,0,0,0,0.0,0.0,2025-Jan-30-21:37:30.792638
0.7207724245865745,1402,5,1,0,0,0,0.0,0.0,2025-Jan-30-21:37:30.834737
0.7207724245865745,1403,5,1,0,0,0,0.0,0.0,2025-Jan-30-21:37:30.877176
0.7207724245865745,1404,5,1,0,0,0,0.0,0.0,2025-Jan-30-21:37:30.918779
0.7207724245865745,1405,5,1,0,0,0,0.0,0.0,2025-Jan-30-21:37:30.984253
0.7207724247317728,1406,4,1,0,0,0,0.0,0.0,2025-Jan-30-21:37:31.056233
0.7207724244414657,1407,3,1,0,0,0,0.0,0.0,2025-Jan-30-21:37:31.139968
0.7207724244414657,1408,3,1,0,0,0,0.0,0.0,2025-Jan-30-21:37:31.203013
0.7207724244414657,1409,3,1,0,0,0,0.0,0.0,2025-Jan-30-21:37:31.246920
0.7207724244414657,1410,3,1,0,0,0,0.0,0.0,2025-Jan-30-21:37:31.293055
0.7207724244414657,1411,3,1,0,0,0,0.0,0.0,2025-Jan-30-21:37:31.337478
0.7207724244414657,1412,3,1,0,0,0,0.0,0.0,2025-Jan-30-21:37:31.381250
0.7207724278962877,1413,6,1,0,0,-1,0.0,0.0,2025-Jan-30-21:37:31.425843
0.7207724247317727,1414,6,1,0,0,0,0.0,0.0,2025-Jan-30-21:37:31.470124
0.7207724247317727,1415,6,1,0,0,0,0.0,0.0,2025-Jan-30-21:37:31.514819
0.7207724247317727,1416,6,1,0,0,0,0.0,0.0,2025-Jan-30-21:37:31.558702
0.7207724247317727,1417,6,1,0,0,0,0.0,0.0,2025-Jan-30-21:37:31.602607
0.7207724247317727,1418,6,1,0,0,0,0.0,0.0,2025-Jan-30-21:37:31.646593
0.7207724247317727,1419,6,1,0,0,0,0.0,0.0,2025-Jan-30-21:37:31.690741
0.7207724277510907,1420,5,1,0,-1,0,0.0,0.0,2025-Jan-30-21:37:31.734890
0.7207724277510907,1421,5,1,0,-1,0,0.0,0.0,2025-Jan-30-21:37:31.779048
0.7207724245865745,1422,5,1,0,0,0,0.0,0.0,2025-Jan-30-21:37:31.823322
0.7207724277510907,1423,5,1,0,-1,0,0.0,0.0,2025-Jan-30-21:37:31.867186
0.7207724277510907,1424,5,1,0,-1,0,0.0,0.0,2025-Jan-30-21:37:31.911048
0.7207724277510907,1425,5,1,0,-1,0,0.0,0.0,2025-Jan-30-21:37:31.990158
0.7207724277510907,1426,5,1,0,-1,0,0.0,0.0,2025-Jan-30-21:37:32.058890
1.2419215143445705,1427,0,1,0,-1,0,0.0,0.0,2025-Jan-30-21:37:32.182242
1.2419215143445705,1428,0,1,0,-1,0,0.0,0.0,2025-Jan-30-21:37:32.266709
1.2419215143445705,1429,0,1,0,-1,0,0.0,0.0,2025-Jan-30-21:37:32.346389
1.2419215143445705,1430,0,1,0,-1,0,0.0,0.0,2025-Jan-30-21:37:32.425198
1.2419215143445705,1431,0,1,0,-1,0,0.0,0.0,2025-Jan-30-21:37:32.504636
1.2419215143445705,1432,0,1,0,-1,0,0.0,0.0,2025-Jan-30-21:37:32.582427
1.2419215143445705,1433,0,1,0,-1,0,0.0,0.0,2025-Jan-30-21:37:32.662841
0.7207724116682485,1434,6,1,0,0,1,0.0,1.2,2025-Jan-30-21:37:32.718236
0.7207724116682485,1435,6,1,0,0,1,0.0,1.2,2025-Jan-30-21:37:32.887012
0.7207724116682485,1436,6,1,0,0,1,0.0,1.2,2025-Jan-30-21:37:32.974365
0.7207724116682485,1437,6,1,0,0,1,0.0,1.2,2025-Jan-30-21:37:33.062884
0.7207724116682485,1438,6,1,0,0,1,0.0,1.2,2025-Jan-30-21:37:33.159567
0.7207724116682485,1439,6,1,0,0,1,0.0,1.2,2025-Jan-30-21:37:33.237381
0.7207724116682485,1440,6,1,0,0,1,0.0,1.2,2025-Jan-30-21:37:33.294502
0.756936446740337,1441,7,1,0,-1,1,0.0,1.7,2025-Jan-30-21:37:33.373856
0.756936446740337,1442,7,1,0,-1,1,0.0,1.7,2025-Jan-30-21:37:33.453889
0.756936446740337,1443,7,1,0,-1,1,0.0,1.7,2025-Jan-30-21:37:33.533595
0.7207724114122968,1444,7,1,0,0,1,0.0,1.7,2025-Jan-30-21:37:33.588859
0.7207724114122968,1445,7,1,0,0,1,0.0,1.7,2025-Jan-30-21:37:33.643703
0.7207724114920805,1446,7,1,0,0,1,0.0,1.6,2025-Jan-30-21:37:33.700866
0.7207724114920805,1447,7,1,0,0,1,0.0,1.6,2025-Jan-30-21:37:33.755452
0.7569364633080932,1448,7,1,0,-1,-1,0.0,0.0,2025-Jan-30-21:37:33.812163
0.7569364633080932,1449,7,1,0,-1,-1,0.0,0.0,2025-Jan-30-21:37:33.868659
0.7569364633080932,1450,7,1,0,-1,-1,0.0,0.0,2025-Jan-30-21:37:33.926100
0.7569364633080932,1451,7,1,0,-1,-1,0.0,0.0,2025-Jan-30-21:37:34.005914
0.7569364633080932,1452,7,1,0,-1,-1,0.0,0.0,2025-Jan-30-21:37:34.098672
0.7569364633080932,1453,7,1,0,-1,-1,0.0,0.0,2025-Jan-30-21:37:34.190381
0.7207724277510894,1454,7,1,0,0,-1,0.0,0.0,2025-Jan-30-21:37:34.234610
0.8075955916472131,1455,1,1,0,0,-1,0.0,0.0,2025-Jan-30-21:37:34.291331
0.8075955916472131,1456,1,1,0,0,-1,0.0,0.0,2025-Jan-30-21:37:34.350504
0.8075955916472131,1457,1,1,0,0,-1,0.0,0.0,2025-Jan-30-21:37:34.408103
0.8075955916472131,1458,1,1,0,0,-1,0.0,0.0,2025-Jan-30-21:37:34.465323
0.8075955916472131,1459,1,1,0,0,-1,0.0,0.0,2025-Jan-30-21:37:34.522017
0.8075955916472131,1460,1,1,0,0,-1,0.0,0.0,2025-Jan-30-21:37:34.578377
0.6516613136497739,1461,3,1,0,1,-1,1.1,0.0,2025-Jan-30-21:37:34.634666
0.6516613136497739,1462,3,1,0,1,-1,1.1,0.0,2025-Jan-30-21:37:34.691309
0.6516613136497739,1463,3,1,0,1,-1,1.1,0.0,2025-Jan-30-21:37:34.747746
0.6658383184539178,1464,3,1,0,1,-1,1.0,0.0,2025-Jan-30-21:37:34.804100
0.6658383184539178,1465,3,1,0,1,-1,1.0,0.0,2025-Jan-30-21:37:34.861449
0.6658383184539178,1466,3,1,0,1,-1,1.0,0.0,2025-Jan-30-21:37:34.918122
0.8075973438166071,1467,2,1,0,0,-1,0.0,0.0,2025-Jan-30-21:37:34.997503
0.8075973438166071,1468,2,1,0,0,-1,0.0,0.0,2025-Jan-30-21:37:35.097011
0.8075973438166071,1469,2,1,0,0,-1,0.0,0.0,2025-Jan-30-21:37:35.179226
0.8075973438166071,1470,2,1,0,0,-1,0.0,0.0,2025-Jan-30-21:37:35.232073
0.8075973438166071,1471,2,1,0,0,-1,0.0,0.0,2025-Jan-30-21:37:35.288198
0.8075955916472131,1472,1,1,0,0,-1,0.0,0.0,2025-Jan-30-21:37:35.345116
0.8981528611798282,1473,7,1,1,1,0,1.8,0.0,2025-Jan-30-21:37:35.419495
0.8981528611798282,1474,7,1,1,1,0,1.8,0.0,2025-Jan-30-21:37:35.494122
0.8981528611798282,1475,7,1,1,1,0,1.8,0.0,2025-Jan-30-21:37:35.564355
0.8981528611798282,1476,7,1,1,1,0,1.8,0.0,2025-Jan-30-21:37:35.634364
0.8981528611798282,1477,7,1,1,1,0,1.8,0.0,2025-Jan-30-21:37:35.704434
0.8981528611798282,1478,7,1,1,1,0,1.8,0.0,2025-Jan-30-21:37:35.856744
0.9198412698652599,1479,2,1,1,1,0,1.1,0.0,2025-Jan-30-21:37:35.903662
0.9198412698652599,1480,2,1,1,1,0,1.1,0.0,2025-Jan-30-21:37:35.969446
0.9198412698652599,1481,2,1,1,1,0,1.1,0.0,2025-Jan-30-21:37:36.049995
0.9198412698652599,1482,2,1,1,1,0,1.1,0.0,2025-Jan-30-21:37:36.111678
0.9198412698652599,1483,2,1,1,1,0,1.1,0.0,2025-Jan-30-21:37:36.173812
1.1625979868810234,1484,4,1,1,-1,-1,0.0,0.0,2025-Jan-30-21:37:36.228380
0.9487226647649837,1485,2,1,1,0,1,0.0,1.7,2025-Jan-30-21:37:36.300556
0.9487226647649837,1486,2,1,1,0,1,0.0,1.7,2025-Jan-30-21:37:36.372052
0.9487226647649837,1487,2,1,1,0,1,0.0,1.7,2025-Jan-30-21:37:36.444857
0.9487226647649837,1488,2,1,1,0,1,0.0,1.7,2025-Jan-30-21:37:36.515390
0.9487226647649837,1489,2,1,1,0,1,0.0,1.7,2025-Jan-30-21:37:36.585522
0.6640040466337559,1490,4,1,0,0,1,0.0,0.4,2025-Jan-30-21:37:36.628419
1.070893498094094,1491,8,1,0,-1,0,0.0,0.0,2025-Jan-30-21:37:36.687893
1.070893498094094,1492,8,1,0,-1,0,0.0,0.0,2025-Jan-30-21:37:36.747844
1.070893498094094,1493,8,1,0,-1,0,0.0,0.0,2025-Jan-30-21:37:36.809340
1.070893498094094,1494,8,1,0,-1,0,0.0,0.0,2025-Jan-30-21:37:36.869195
1.070893498094094,1495,8,1,0,-1,0,0.0,0.0,2025-Jan-30-21:37:36.933183
1.16259797044456,1496,4,1,1,1,-1,1.0,0.0,2025-Jan-30-21:37:37.026749
1.0757742047112246,1497,10,1,1,0,1,0.0,1.1,2025-Jan-30-21:37:37.108918
0.720772427896289,1498,4,1,0,-1,0,0.0,0.0,2025-Jan-30-21:37:37.167359
0.7207724244414657,1499,3,1,0,0,0,0.0,0.0,2025-Jan-30-21:37:37.209325
0.7207724244414657,1500,3,1,0,0,0,0.0,0.0,2025-Jan-30-21:37:37.251631
0.7207724244414657,1501,3,1,0,0,0,0.0,0.0,2025-Jan-30-21:37:37.295924
0.7207724244414657,1502,3,1,0,0,0,0.0,0.0,2025-Jan-30-21:37:37.340371
0.7207724244414657,1503,3,1,0,0,0,0.0,0.0,2025-Jan-30-21:37:37.381442
0.7207724245865745,1504,7,1,0,0,0,0.0,0.0,2025-Jan-30-21:37:37.427621
1.1987685683099123,1505,8,1,1,-1,-1,0.0,0.0,2025-Jan-30-21:37:37.498328
0.7207724245865745,1506,7,1,0,0,0,0.0,0.0,2025-Jan-30-21:37:37.541110
0.5506637888790844,1507,6,1,0,1,1,1.2,1.1,2025-Jan-30-21:37:37.594045
1.111937103539876,1508,6,1,1,-1,-1,0.0,0.0,2025-Jan-30-21:37:37.649641
1.0757730646832417,1509,2,1,1,0,0,0.0,0.0,2025-Jan-30-21:37:37.691073
1.0757711430969912,1510,1,1,1,0,0,0.0,0.0,2025-Jan-30-21:37:37.734098
1.0757711430969912,1511,1,1,1,0,0,0.0,0.0,2025-Jan-30-21:37:37.777662
1.0757711430969912,1512,1,1,1,0,0,0.0,0.0,2025-Jan-30-21:37:37.820261
1.0757711430969912,1513,1,1,1,0,0,0.0,0.0,2025-Jan-30-21:37:37.861561
0.749469553143833,1514,3,1,0,-1,0,0.0,0.0,2025-Jan-30-21:37:37.916070
1.0757730648283506,1515,4,1,1,0,0,0.0,0.0,2025-Jan-30-21:37:37.985332
1.0757730648283506,1516,4,1,1,0,0,0.0,0.0,2025-Jan-30-21:37:38.124992
1.0757730648283506,1517,4,1,1,0,0,0.0,0.0,2025-Jan-30-21:37:38.198220
1.0757730648283506,1518,4,1,1,0,0,0.0,0.0,2025-Jan-30-21:37:38.261310
1.0757730648283506,1519,4,1,1,0,0,0.0,0.0,2025-Jan-30-21:37:38.305249
1.0757742211443824,1520,9,1,1,-1,0,0.0,0.0,2025-Jan-30-21:37:38.349834
1.1241434980757994,1521,9,1,0,0,-1,0.0,0.0,2025-Jan-30-21:37:38.411822
1.0757742179740988,1522,9,1,1,0,0,0.0,0.0,2025-Jan-30-21:37:38.453964
1.0757742179740988,1523,9,1,1,0,0,0.0,0.0,2025-Jan-30-21:37:38.495820
1.0757742179740988,1524,9,1,1,0,0,0.0,0.0,2025-Jan-30-21:37:38.540342
1.0757742179740988,1525,9,1,1,0,0,0.0,0.0,2025-Jan-30-21:37:38.584351
1.0757742179740988,1526,9,1,1,0,0,0.0,0.0,2025-Jan-30-21:37:38.627311
1.0757509769736244,1527,3,1,1,0,0,0.0,0.0,2025-Jan-30-21:37:38.670700
0.9487260464037883,1528,4,1,1,0,1,0.0,1.5,2025-Jan-30-21:37:38.741822
1.0757742179736964,1529,10,1,1,0,0,0.0,0.0,2025-Jan-30-21:37:38.786166
1.0757742179736964,1530,10,1,1,0,0,0.0,0.0,2025-Jan-30-21:37:38.828291
1.0757742179736964,1531,10,1,1,0,0,0.0,0.0,2025-Jan-30-21:37:38.870271
1.0757742179736964,1532,10,1,1,0,0,0.0,0.0,2025-Jan-30-21:37:38.917631
1.0757742179736964,1533,10,1,1,0,0,0.0,0.0,2025-Jan-30-21:37:38.980505
0.593193675244256,1534,3,1,0,1,0,0.9,0.0,2025-Jan-30-21:37:39.059311
1.1119380949877005,1535,10,1,1,-1,0,0.0,0.0,2025-Jan-30-21:37:39.146295
1.1757506411834284,1536,8,1,0,0,0,0.0,0.0,2025-Jan-30-21:37:39.214470
1.1757506411834284,1537,8,1,0,0,0,0.0,0.0,2025-Jan-30-21:37:39.269176
1.1757506411834284,1538,8,1,0,0,0,0.0,0.0,2025-Jan-30-21:37:39.323657
1.1757506411834284,1539,8,1,0,0,0,0.0,0.0,2025-Jan-30-21:37:39.379274
1.0757509623273078,1540,7,1,1,0,1,0.0,1.3,2025-Jan-30-21:37:39.434165
1.1757506670483657,1541,10,1,0,0,-1,0.0,0.0,2025-Jan-30-21:37:39.493078
1.175750641146208,1542,10,1,0,0,0,0.0,0.0,2025-Jan-30-21:37:39.546705
1.175750641146208,1543,10,1,0,0,0,0.0,0.0,2025-Jan-30-21:37:39.601139
1.175750641146208,1544,10,1,0,0,0,0.0,0.0,2025-Jan-30-21:37:39.656316
1.0757730648283506,1545,4,1,1,0,0,0.0,0.0,2025-Jan-30-21:37:39.699429
1.0757730517338566,1546,6,1,1,0,1,0.0,1.6,2025-Jan-30-21:37:39.753183
0.5431846542494557,1547,6,1,0,1,0,1.6,0.0,2025-Jan-30-21:37:39.826320
0.5431846542494557,1548,6,1,0,1,0,1.6,0.0,2025-Jan-30-21:37:39.897883
0.5431846542494557,1549,6,1,0,1,0,1.6,0.0,2025-Jan-30-21:37:40.007571
0.5431846542494557,1550,6,1,0,1,0,1.6,0.0,2025-Jan-30-21:37:40.121791
0.5431846542494557,1551,6,1,0,1,0,1.6,0.0,2025-Jan-30-21:37:40.208610
0.5431846542494557,1552,6,1,0,1,0,1.6,0.0,2025-Jan-30-21:37:40.290984
0.5431846542494557,1553,6,1,0,1,0,1.6,0.0,2025-Jan-30-21:37:40.376316
0.5431846542494557,1554,6,1,0,1,0,1.6,0.0,2025-Jan-30-21:37:40.460848
0.5506638055943116,1555,6,1,0,1,-1,1.2,0.0,2025-Jan-30-21:37:40.509916
0.5506638055943116,1556,6,1,0,1,-1,1.2,0.0,2025-Jan-30-21:37:40.559395
0.5506638055943116,1557,6,1,0,1,-1,1.2,0.0,2025-Jan-30-21:37:40.608336
0.7494695558329538,1558,6,1,0,-1,-1,0.0,0.0,2025-Jan-30-21:37:40.672564
0.7207724278962877,1559,6,1,0,0,-1,0.0,0.0,2025-Jan-30-21:37:40.721953
0.7207724278962877,1560,6,1,0,0,-1,0.0,0.0,2025-Jan-30-21:37:40.771395
0.7207724278962877,1561,6,1,0,0,-1,0.0,0.0,2025-Jan-30-21:37:40.818072
0.7207724278962877,1562,6,1,0,0,-1,0.0,0.0,2025-Jan-30-21:37:40.860505
0.593193675244256,1563,3,1,0,1,0,0.9,0.0,2025-Jan-30-21:37:40.904445
0.593193675244256,1564,3,1,0,1,0,0.9,0.0,2025-Jan-30-21:37:40.968869
0.593193675244256,1565,3,1,0,1,0,0.9,0.0,2025-Jan-30-21:37:41.052889
0.593193675244256,1566,3,1,0,1,0,0.9,0.0,2025-Jan-30-21:37:41.142661
0.593193675244256,1567,3,1,0,1,0,0.9,0.0,2025-Jan-30-21:37:41.196386
0.593193675244256,1568,3,1,0,1,0,0.9,0.0,2025-Jan-30-21:37:41.242999
0.593193675244256,1569,3,1,0,1,0,0.9,0.0,2025-Jan-30-21:37:41.292168
0.7207724245866639,1570,2,1,0,0,0,0.0,0.0,2025-Jan-30-21:37:41.427010
0.7207724245866639,1571,2,1,0,0,0,0.0,0.0,2025-Jan-30-21:37:41.472711
0.7207724245866639,1572,2,1,0,0,0,0.0,0.0,2025-Jan-30-21:37:41.517043
0.720770503000503,1573,1,1,0,0,0,0.0,0.0,2025-Jan-30-21:37:41.559488
0.720770503000503,1574,1,1,0,0,0,0.0,0.0,2025-Jan-30-21:37:41.603252
0.720770503000503,1575,1,1,0,0,0,0.0,0.0,2025-Jan-30-21:37:41.646401
0.720770503000503,1576,1,1,0,0,0,0.0,0.0,2025-Jan-30-21:37:41.691283
0.8437667697874734,1577,3,1,0,-1,-1,0.0,0.0,2025-Jan-30-21:37:41.760889
0.8437667697874734,1578,3,1,0,-1,-1,0.0,0.0,2025-Jan-30-21:37:41.829764
0.8437667697874734,1579,3,1,0,-1,-1,0.0,0.0,2025-Jan-30-21:37:41.896412
0.8075973467942734,1580,4,1,0,-1,-1,0.0,0.0,2025-Jan-30-21:37:41.979454
0.8075973467942734,1581,4,1,0,-1,-1,0.0,0.0,2025-Jan-30-21:37:42.077895
0.8075973467942734,1582,4,1,0,-1,-1,0.0,0.0,2025-Jan-30-21:37:42.157716
0.8075973467942734,1583,4,1,0,-1,-1,0.0,0.0,2025-Jan-30-21:37:42.212235
0.6640040466337559,1584,4,1,0,0,1,0.0,0.4,2025-Jan-30-21:37:42.254955
0.6640040466337559,1585,4,1,0,0,1,0.0,0.4,2025-Jan-30-21:37:42.299405
0.6640040466337559,1586,4,1,0,0,1,0.0,0.4,2025-Jan-30-21:37:42.345315
0.6640040466337559,1587,4,1,0,0,1,0.0,0.4,2025-Jan-30-21:37:42.388699
0.6640040466337559,1588,4,1,0,0,1,0.0,0.4,2025-Jan-30-21:37:42.433662
0.6640040466337559,1589,4,1,0,0,1,0.0,0.4,2025-Jan-30-21:37:42.475788
0.7207724247317728,1590,4,1,0,0,0,0.0,0.0,2025-Jan-30-21:37:42.517942
1.2057564061623827,1591,0,1,0,0,0,0.0,0.0,2025-Jan-30-21:37:42.569700
1.2057564061623827,1592,0,1,0,0,0,0.0,0.0,2025-Jan-30-21:37:42.623774
1.2057564061623827,1593,0,1,0,0,0,0.0,0.0,2025-Jan-30-21:37:42.678574
1.2057564061623827,1594,0,1,0,0,0,0.0,0.0,2025-Jan-30-21:37:42.731788
1.2057564061623827,1595,0,1,0,0,0,0.0,0.0,2025-Jan-30-21:37:42.785735
1.2057564061623827,1596,0,1,0,0,0,0.0,0.0,2025-Jan-30-21:37:42.841092
0.7207724247317727,1597,6,1,0,0,0,0.0,0.0,2025-Jan-30-21:37:42.883238
0.7207724247317727,1598,6,1,0,0,0,0.0,0.0,2025-Jan-30-21:37:42.925684
0.7207724247317727,1599,6,1,0,0,0,0.0,0.0,2025-Jan-30-21:37:42.983849
0.7207724247317727,1600,6,1,0,0,0,0.0,0.0,2025-Jan-30-21:37:43.052573
0.7207724247317727,1601,6,1,0,0,0,0.0,0.0,2025-Jan-30-21:37:43.125552
0.7207724247317727,1602,6,1,0,0,0,0.0,0.0,2025-Jan-30-21:37:43.186508
0.8075973439474216,1603,4,1,0,0,-1,0.0,0.0,2025-Jan-30-21:37:43.241372
0.8075973439474216,1604,4,1,0,0,-1,0.0,0.0,2025-Jan-30-21:37:43.297765
0.8075973439474216,1605,4,1,0,0,-1,0.0,0.0,2025-Jan-30-21:37:43.354897
0.8075973439474216,1606,4,1,0,0,-1,0.0,0.0,2025-Jan-30-21:37:43.410095
0.8075973439474216,1607,4,1,0,0,-1,0.0,0.0,2025-Jan-30-21:37:43.470498
0.8075973439474216,1608,4,1,0,0,-1,0.0,0.0,2025-Jan-30-21:37:43.527587
0.7207724114122968,1609,7,1,0,0,1,0.0,1.7,2025-Jan-30-21:37:43.580877
0.7207724114122968,1610,7,1,0,0,1,0.0,1.7,2025-Jan-30-21:37:43.635349
0.7207724114122968,1611,7,1,0,0,1,0.0,1.7,2025-Jan-30-21:37:43.691479
0.7207724114122968,1612,7,1,0,0,1,0.0,1.7,2025-Jan-30-21:37:43.747118
0.7207724114122968,1613,7,1,0,0,1,0.0,1.7,2025-Jan-30-21:37:43.803215
0.7207724114122968,1614,7,1,0,0,1,0.0,1.7,2025-Jan-30-21:37:43.856740
0.7207724116682485,1615,6,1,0,0,1,0.0,1.2,2025-Jan-30-21:37:43.910446
0.7207724116682485,1616,6,1,0,0,1,0.0,1.2,2025-Jan-30-21:37:43.988630
0.7207724116682485,1617,6,1,0,0,1,0.0,1.2,2025-Jan-30-21:37:44.074057
0.7207724116682485,1618,6,1,0,0,1,0.0,1.2,2025-Jan-30-21:37:44.156949
0.7207724114708871,1619,6,1,0,0,1,0.0,1.1,2025-Jan-30-21:37:44.210684
0.7207724114708871,1620,6,1,0,0,1,0.0,1.1,2025-Jan-30-21:37:44.265184
0.7207724245866639,1621,2,1,0,0,0,0.0,0.0,2025-Jan-30-21:37:44.309841
0.7207724245866639,1622,2,1,0,0,0,0.0,0.0,2025-Jan-30-21:37:44.426250
0.7207724245866639,1623,2,1,0,0,0,0.0,0.0,2025-Jan-30-21:37:44.468884
0.7207724245866639,1624,2,1,0,0,0,0.0,0.0,2025-Jan-30-21:37:44.511979
0.7207724245866639,1625,2,1,0,0,0,0.0,0.0,2025-Jan-30-21:37:44.554282
0.7207724245866639,1626,2,1,0,0,0,0.0,0.0,2025-Jan-30-21:37:44.599499
0.7207724244414657,1627,3,1,0,0,0,0.0,0.0,2025-Jan-30-21:37:44.645705
0.7207724244414657,1628,3,1,0,0,0,0.0,0.0,2025-Jan-30-21:37:44.690216
0.7207724244414657,1629,3,1,0,0,0,0.0,0.0,2025-Jan-30-21:37:44.734040
0.7207724244414657,1630,3,1,0,0,0,0.0,0.0,2025-Jan-30-21:37:44.775665
0.7207724244414657,1631,3,1,0,0,0,0.0,0.0,2025-Jan-30-21:37:44.818916
0.8075973436857562,1632,3,1,0,0,-1,0.0,0.0,2025-Jan-30-21:37:44.874184
0.7207724244414657,1633,3,1,0,0,0,0.0,0.0,2025-Jan-30-21:37:44.915965
0.7207724244414657,1634,3,1,0,0,0,0.0,0.0,2025-Jan-30-21:37:44.974042
0.7207724244414657,1635,3,1,0,0,0,0.0,0.0,2025-Jan-30-21:37:45.041163
0.7207724244414657,1636,3,1,0,0,0,0.0,0.0,2025-Jan-30-21:37:45.111022
0.7207724244414657,1637,3,1,0,0,0,0.0,0.0,2025-Jan-30-21:37:45.183901
0.7207724244414657,1638,3,1,0,0,0,0.0,0.0,2025-Jan-30-21:37:45.225970
0.7207724244414657,1639,3,1,0,0,0,0.0,0.0,2025-Jan-30-21:37:45.268079
0.7207724244414657,1640,3,1,0,0,0,0.0,0.0,2025-Jan-30-21:37:45.312529
0.7207724244414657,1641,3,1,0,0,0,0.0,0.0,2025-Jan-30-21:37:45.356880
0.7207724244414657,1642,3,1,0,0,0,0.0,0.0,2025-Jan-30-21:37:45.398897
0.7207724245866639,1643,2,1,0,0,0,0.0,0.0,2025-Jan-30-21:37:45.441342
0.7207724245866639,1644,2,1,0,0,0,0.0,0.0,2025-Jan-30-21:37:45.488038
0.7207724247317727,1645,6,1,0,0,0,0.0,0.0,2025-Jan-30-21:37:45.531245
0.7207724247317727,1646,6,1,0,0,0,0.0,0.0,2025-Jan-30-21:37:45.573021
0.7207724247317727,1647,6,1,0,0,0,0.0,0.0,2025-Jan-30-21:37:45.615362
0.7207724247317727,1648,6,1,0,0,0,0.0,0.0,2025-Jan-30-21:37:45.659023
0.7207724247317727,1649,6,1,0,0,0,0.0,0.0,2025-Jan-30-21:37:45.701000
0.7207724247317727,1650,6,1,0,0,0,0.0,0.0,2025-Jan-30-21:37:45.743568
0.7207724245865745,1651,5,1,0,0,0,0.0,0.0,2025-Jan-30-21:37:45.787252
0.7207724245865745,1652,5,1,0,0,0,0.0,0.0,2025-Jan-30-21:37:45.830455
0.7207724245865745,1653,5,1,0,0,0,0.0,0.0,2025-Jan-30-21:37:45.872829
0.7207724245865745,1654,5,1,0,0,0,0.0,0.0,2025-Jan-30-21:37:45.914969
0.7207724245865745,1655,5,1,0,0,0,0.0,0.0,2025-Jan-30-21:37:45.981314
0.7207724245865745,1656,5,1,0,0,0,0.0,0.0,2025-Jan-30-21:37:46.059653
0.7207724245865745,1657,5,1,0,0,0,0.0,0.0,2025-Jan-30-21:37:46.129084
0.7207724245865745,1658,5,1,0,0,0,0.0,0.0,2025-Jan-30-21:37:46.184943
0.7207724245865745,1659,5,1,0,0,0,0.0,0.0,2025-Jan-30-21:37:46.227089
0.7207724245865745,1660,5,1,0,0,0,0.0,0.0,2025-Jan-30-21:37:46.269220
0.7207724245865745,1661,5,1,0,0,0,0.0,0.0,2025-Jan-30-21:37:46.314186
0.7207724245865745,1662,5,1,0,0,0,0.0,0.0,2025-Jan-30-21:37:46.358076
0.7207724247317727,1663,6,1,0,0,0,0.0,0.0,2025-Jan-30-21:37:46.400145
0.7207724247317727,1664,6,1,0,0,0,0.0,0.0,2025-Jan-30-21:37:46.443622
0.7207724247317727,1665,6,1,0,0,0,0.0,0.0,2025-Jan-30-21:37:46.489862
0.7207724247317727,1666,6,1,0,0,0,0.0,0.0,2025-Jan-30-21:37:46.532849
0.7207724247317727,1667,6,1,0,0,0,0.0,0.0,2025-Jan-30-21:37:46.574814
0.7207724247317727,1668,6,1,0,0,0,0.0,0.0,2025-Jan-30-21:37:46.617504
0.7207724245865745,1669,7,1,0,0,0,0.0,0.0,2025-Jan-30-21:37:46.659980
0.7207724245865745,1670,7,1,0,0,0,0.0,0.0,2025-Jan-30-21:37:46.704964
0.7207724245865745,1671,7,1,0,0,0,0.0,0.0,2025-Jan-30-21:37:46.749404
0.7207724245865745,1672,7,1,0,0,0,0.0,0.0,2025-Jan-30-21:37:46.793682
0.7207724245865745,1673,7,1,0,0,0,0.0,0.0,2025-Jan-30-21:37:46.836801
0.7207724245865745,1674,7,1,0,0,0,0.0,0.0,2025-Jan-30-21:37:46.878436
0.7207724247317727,1675,6,1,0,0,0,0.0,0.0,2025-Jan-30-21:37:46.920359
0.7207724247317727,1676,6,1,0,0,0,0.0,0.0,2025-Jan-30-21:37:46.988747
0.7207724247317727,1677,6,1,0,0,0,0.0,0.0,2025-Jan-30-21:37:47.067980
0.7207724247317727,1678,6,1,0,0,0,0.0,0.0,2025-Jan-30-21:37:47.129981
0.7207724247317727,1679,6,1,0,0,0,0.0,0.0,2025-Jan-30-21:37:47.275235
0.7207724247317727,1680,6,1,0,0,0,0.0,0.0,2025-Jan-30-21:37:47.320489
0.7207724277510894,1681,7,1,0,0,-1,0.0,0.0,2025-Jan-30-21:37:47.364425
0.7207724277510894,1682,7,1,0,0,-1,0.0,0.0,2025-Jan-30-21:37:47.407194
0.7207724277510894,1683,7,1,0,0,-1,0.0,0.0,2025-Jan-30-21:37:47.450385
0.7207724245865745,1684,7,1,0,0,0,0.0,0.0,2025-Jan-30-21:37:47.496062
0.7207724245865745,1685,7,1,0,0,0,0.0,0.0,2025-Jan-30-21:37:47.539982
0.7207724245865745,1686,7,1,0,0,0,0.0,0.0,2025-Jan-30-21:37:47.582081
0.720772427896289,1687,4,1,0,-1,0,0.0,0.0,2025-Jan-30-21:37:47.624665
0.720772427896289,1688,4,1,0,-1,0,0.0,0.0,2025-Jan-30-21:37:47.667176
0.720772427896289,1689,4,1,0,-1,0,0.0,0.0,2025-Jan-30-21:37:47.710482
0.720772427896289,1690,4,1,0,-1,0,0.0,0.0,2025-Jan-30-21:37:47.753919
0.720772427896289,1691,4,1,0,-1,0,0.0,0.0,2025-Jan-30-21:37:47.798735
0.749469553143833,1692,3,1,0,-1,0,0.0,0.0,2025-Jan-30-21:37:47.854487
0.749469553143833,1693,3,1,0,-1,0,0.0,0.0,2025-Jan-30-21:37:47.908827
0.749469553143833,1694,3,1,0,-1,0,0.0,0.0,2025-Jan-30-21:37:47.983294
0.749469553143833,1695,3,1,0,-1,0,0.0,0.0,2025-Jan-30-21:37:48.070160
0.749469553143833,1696,3,1,0,-1,0,0.0,0.0,2025-Jan-30-21:37:48.156347
0.749469553143833,1697,3,1,0,-1,0,0.0,0.0,2025-Jan-30-21:37:48.211913
0.749469553143833,1698,3,1,0,-1,0,0.0,0.0,2025-Jan-30-21:37:48.267167
1.2419215143445705,1699,0,1,0,-1,0,0.0,0.0,2025-Jan-30-21:37:48.349022
1.2419215143445705,1700,0,1,0,-1,0,0.0,0.0,2025-Jan-30-21:37:48.427769
1.2419215143445705,1701,0,1,0,-1,0,0.0,0.0,2025-Jan-30-21:37:48.507702
1.2419215143445705,1702,0,1,0,-1,0,0.0,0.0,2025-Jan-30-21:37:48.585304
1.2419215143445705,1703,0,1,0,-1,0,0.0,0.0,2025-Jan-30-21:37:48.662003
1.2419215143445705,1704,0,1,0,-1,0,0.0,0.0,2025-Jan-30-21:37:48.739423
0.8075955916472131,1705,1,1,0,0,-1,0.0,0.0,2025-Jan-30-21:37:48.794547
0.8075955916472131,1706,1,1,0,0,-1,0.0,0.0,2025-Jan-30-21:37:48.849450
0.8075955916472131,1707,1,1,0,0,-1,0.0,0.0,2025-Jan-30-21:37:48.903944
0.8075955916472131,1708,1,1,0,0,-1,0.0,0.0,2025-Jan-30-21:37:48.982748
0.8075955916472131,1709,1,1,0,0,-1,0.0,0.0,2025-Jan-30-21:37:49.071290
0.8075955916472131,1710,1,1,0,0,-1,0.0,0.0,2025-Jan-30-21:37:49.156038
1.175750641146208,1711,10,1,0,0,0,0.0,0.0,2025-Jan-30-21:37:49.214722
0.8981528611798282,1712,7,1,1,1,0,1.8,0.0,2025-Jan-30-21:37:49.286814
0.8981528611798282,1713,7,1,1,1,0,1.8,0.0,2025-Jan-30-21:37:49.359345
0.8981528611798282,1714,7,1,1,1,0,1.8,0.0,2025-Jan-30-21:37:49.430933
0.8981528611798282,1715,7,1,1,1,0,1.8,0.0,2025-Jan-30-21:37:49.505471
0.8981528611798282,1716,7,1,1,1,0,1.8,0.0,2025-Jan-30-21:37:49.580587
0.9198412698652599,1717,2,1,1,1,0,1.1,0.0,2025-Jan-30-21:37:49.631974
0.9198412698652599,1718,2,1,1,1,0,1.1,0.0,2025-Jan-30-21:37:49.675036
0.9198412698652599,1719,2,1,1,1,0,1.1,0.0,2025-Jan-30-21:37:49.717751
0.9198412698652599,1720,2,1,1,1,0,1.1,0.0,2025-Jan-30-21:37:49.761035
0.9198412698652599,1721,2,1,1,1,0,1.1,0.0,2025-Jan-30-21:37:49.805554
1.0757730648283506,1722,6,1,1,0,0,0.0,0.0,2025-Jan-30-21:37:49.850538
1.1625979840341714,1723,4,1,1,0,-1,0.0,0.0,2025-Jan-30-21:37:49.905704
1.1625979840341714,1724,4,1,1,0,-1,0.0,0.0,2025-Jan-30-21:37:49.990884
1.1625979840341714,1725,4,1,1,0,-1,0.0,0.0,2025-Jan-30-21:37:50.168851
1.1625979840341714,1726,4,1,1,0,-1,0.0,0.0,2025-Jan-30-21:37:50.251066
1.1625979840341714,1727,4,1,1,0,-1,0.0,0.0,2025-Jan-30-21:37:50.308617
1.070893498094094,1728,8,1,0,-1,0,0.0,0.0,2025-Jan-30-21:37:50.371121
1.070893498094094,1729,8,1,0,-1,0,0.0,0.0,2025-Jan-30-21:37:50.432009
1.070893498094094,1730,8,1,0,-1,0,0.0,0.0,2025-Jan-30-21:37:50.491690
1.070893498094094,1731,8,1,0,-1,0,0.0,0.0,2025-Jan-30-21:37:50.553525
1.070893498094094,1732,8,1,0,-1,0,0.0,0.0,2025-Jan-30-21:37:50.613659
1.0757509623273078,1733,7,1,1,0,1,0.0,1.3,2025-Jan-30-21:37:50.669047
0.7207724111708105,1734,7,1,0,0,1,0.0,1.3,2025-Jan-30-21:37:50.722529
0.7207724111708105,1735,7,1,0,0,1,0.0,1.3,2025-Jan-30-21:37:50.779409
0.7207724111708105,1736,7,1,0,0,1,0.0,1.3,2025-Jan-30-21:37:50.834698
1.0757509769736244,1737,3,1,1,0,0,0.0,0.0,2025-Jan-30-21:37:50.877349
1.0757509769736244,1738,3,1,1,0,0,0.0,0.0,2025-Jan-30-21:37:50.919459
1.0757509769736244,1739,3,1,1,0,0,0.0,0.0,2025-Jan-30-21:37:50.979119
1.0757509769736244,1740,3,1,1,0,0,0.0,0.0,2025-Jan-30-21:37:51.054686
1.0757711430969912,1741,1,1,1,0,0,0.0,0.0,2025-Jan-30-21:37:51.128890
1.0757711430969912,1742,1,1,1,0,0,0.0,0.0,2025-Jan-30-21:37:51.189391
1.0757711430969912,1743,1,1,1,0,0,0.0,0.0,2025-Jan-30-21:37:51.233351
1.0757711430969912,1744,1,1,1,0,0,0.0,0.0,2025-Jan-30-21:37:51.276257
0.7711421126246019,1745,2,1,1,1,1,1.9,1.6,2025-Jan-30-21:37:51.374120
0.8981852982171483,1746,6,1,1,1,-1,1.6,0.0,2025-Jan-30-21:37:51.444102
0.948688649453714,1747,5,1,1,1,1,0.3,1.9,2025-Jan-30-21:37:51.523682
1.0757742047112246,1748,10,1,1,0,1,0.0,1.1,2025-Jan-30-21:37:51.579589
1.0757742047112246,1749,10,1,1,0,1,0.0,1.1,2025-Jan-30-21:37:51.632528
1.1757506373546993,1750,10,1,0,0,1,0.0,1.1,2025-Jan-30-21:37:51.688631
1.1757506373546993,1751,10,1,0,0,1,0.0,1.1,2025-Jan-30-21:37:51.743916
0.9848980705104573,1752,1,1,1,-1,1,0.0,1.4,2025-Jan-30-21:37:51.828764
1.0757742179740988,1753,9,1,1,0,0,0.0,0.0,2025-Jan-30-21:37:51.871630
1.0757742179740988,1754,9,1,1,0,0,0.0,0.0,2025-Jan-30-21:37:51.913221
1.0757742179740988,1755,9,1,1,0,0,0.0,0.0,2025-Jan-30-21:37:51.969630
1.0757742179740988,1756,9,1,1,0,0,0.0,0.0,2025-Jan-30-21:37:52.042388
1.1757506670483657,1757,10,1,0,0,-1,0.0,0.0,2025-Jan-30-21:37:52.128183
1.111937103539876,1758,6,1,1,-1,-1,0.0,0.0,2025-Jan-30-21:37:52.196904
1.111937103539876,1759,6,1,1,-1,-1,0.0,0.0,2025-Jan-30-21:37:52.251420
1.111937103539876,1760,6,1,1,-1,-1,0.0,0.0,2025-Jan-30-21:37:52.308294
1.111937103539876,1761,6,1,1,-1,-1,0.0,0.0,2025-Jan-30-21:37:52.365978
0.5431855865599827,1762,2,1,0,1,0,1.9,0.0,2025-Jan-30-21:37:52.437243
1.1241434980757994,1763,9,1,0,0,-1,0.0,0.0,2025-Jan-30-21:37:52.496591
1.1241434980757994,1764,9,1,0,0,-1,0.0,0.0,2025-Jan-30-21:37:52.557155
1.1241434980757994,1765,9,1,0,0,-1,0.0,0.0,2025-Jan-30-21:37:52.616975
1.1241434980757994,1766,9,1,0,0,-1,0.0,0.0,2025-Jan-30-21:37:52.678942
1.0757509786022807,1767,7,1,1,0,-1,0.0,0.0,2025-Jan-30-21:37:52.722204
1.1625867659373892,1768,5,1,1,0,-1,0.0,0.0,2025-Jan-30-21:37:52.777746
0.9487199381468113,1769,8,1,1,0,1,0.0,1.9,2025-Jan-30-21:37:52.937358
1.175750641146208,1770,10,1,0,0,0,0.0,0.0,2025-Jan-30-21:37:53.014187
1.0757509770459617,1771,7,1,1,0,0,0.0,0.0,2025-Jan-30-21:37:53.089236
0.5431846542494557,1772,6,1,0,1,0,1.6,0.0,2025-Jan-30-21:37:53.200341
0.5431846542494557,1773,6,1,0,1,0,1.6,0.0,2025-Jan-30-21:37:53.271918
0.5431846542494557,1774,6,1,0,1,0,1.6,0.0,2025-Jan-30-21:37:53.346953
0.5431846542494557,1775,6,1,0,1,0,1.6,0.0,2025-Jan-30-21:37:53.417762
0.7207724247317727,1776,6,1,0,0,0,0.0,0.0,2025-Jan-30-21:37:53.461435
0.7207724247317727,1777,6,1,0,0,0,0.0,0.0,2025-Jan-30-21:37:53.505901
0.7207724247317727,1778,6,1,0,0,0,0.0,0.0,2025-Jan-30-21:37:53.548746
0.7207724247317727,1779,6,1,0,0,0,0.0,0.0,2025-Jan-30-21:37:53.595974
0.5431855865599827,1780,2,1,0,1,0,1.9,0.0,2025-Jan-30-21:37:53.667893
0.5431855865599827,1781,2,1,0,1,0,1.9,0.0,2025-Jan-30-21:37:53.738789
0.5431855865599827,1782,2,1,0,1,0,1.9,0.0,2025-Jan-30-21:37:53.810926
0.5431855865599827,1783,2,1,0,1,0,1.9,0.0,2025-Jan-30-21:37:53.881315
0.5431828218322844,1784,1,1,0,1,0,1.9,0.0,2025-Jan-30-21:37:53.966173
0.7494822890755525,1785,1,1,0,-1,0,0.0,0.0,2025-Jan-30-21:37:54.065227
0.7494822890755525,1786,1,1,0,-1,0,0.0,0.0,2025-Jan-30-21:37:54.158996
0.7494822890755525,1787,1,1,0,-1,0,0.0,0.0,2025-Jan-30-21:37:54.214425
0.7207724114708871,1788,6,1,0,0,1,0.0,1.1,2025-Jan-30-21:37:54.267820
0.5937321857371666,1789,5,1,0,0,1,0.0,1.1,2025-Jan-30-21:37:54.343877
0.5937321857371666,1790,5,1,0,0,1,0.0,1.1,2025-Jan-30-21:37:54.416744
0.5937321857371666,1791,5,1,0,0,1,0.0,1.1,2025-Jan-30-21:37:54.487836
0.5937321857371666,1792,5,1,0,0,1,0.0,1.1,2025-Jan-30-21:37:54.560507
0.5937321857371666,1793,5,1,0,0,1,0.0,1.1,2025-Jan-30-21:37:54.633192
0.5937321728156024,1794,5,1,0,1,1,1.2,1.1,2025-Jan-30-21:37:54.710932
0.5937321728156024,1795,5,1,0,1,1,1.2,1.1,2025-Jan-30-21:37:54.788074
0.5931936754112624,1796,2,1,0,1,0,0.9,0.0,2025-Jan-30-21:37:54.832629
0.5931936754112624,1797,2,1,0,1,0,0.9,0.0,2025-Jan-30-21:37:54.875191
0.5931936754112624,1798,2,1,0,1,0,0.9,0.0,2025-Jan-30-21:37:54.917015
0.5931936754112624,1799,2,1,0,1,0,0.9,0.0,2025-Jan-30-21:37:54.983721
0.7207724245866639,1800,2,1,0,0,0,0.0,0.0,2025-Jan-30-21:37:55.054603
0.7207724245866639,1801,2,1,0,0,0,0.0,0.0,2025-Jan-30-21:37:55.138737
0.7207724245866639,1802,2,1,0,0,0,0.0,0.0,2025-Jan-30-21:37:55.199798
0.720770503000503,1803,1,1,0,0,0,0.0,0.0,2025-Jan-30-21:37:55.242514
0.5937300151980632,1804,1,1,0,0,1,0.0,1.1,2025-Jan-30-21:37:55.314404
0.5937300151980632,1805,1,1,0,0,1,0.0,1.1,2025-Jan-30-21:37:55.387562
0.5937300151980632,1806,1,1,0,0,1,0.0,1.1,2025-Jan-30-21:37:55.458662
0.5937300151980632,1807,1,1,0,0,1,0.0,1.1,2025-Jan-30-21:37:55.530939
0.5937300151980632,1808,1,1,0,0,1,0.0,1.1,2025-Jan-30-21:37:55.602452
0.5937300151980632,1809,1,1,0,0,1,0.0,1.1,2025-Jan-30-21:37:55.678674
0.8075973467942734,1810,4,1,0,-1,-1,0.0,0.0,2025-Jan-30-21:37:55.732981
0.8075973467942734,1811,4,1,0,-1,-1,0.0,0.0,2025-Jan-30-21:37:55.863543
0.8075973467942734,1812,4,1,0,-1,-1,0.0,0.0,2025-Jan-30-21:37:55.919484
0.8075973467942734,1813,4,1,0,-1,-1,0.0,0.0,2025-Jan-30-21:37:55.996388
0.8075973467942734,1814,4,1,0,-1,-1,0.0,0.0,2025-Jan-30-21:37:56.090393
0.8075973467942734,1815,4,1,0,-1,-1,0.0,0.0,2025-Jan-30-21:37:56.178365
0.8075973467942734,1816,4,1,0,-1,-1,0.0,0.0,2025-Jan-30-21:37:56.234949
0.6640040466337559,1817,4,1,0,0,1,0.0,0.4,2025-Jan-30-21:37:56.280385
0.6640040466337559,1818,4,1,0,0,1,0.0,0.4,2025-Jan-30-21:37:56.326328
0.6640040466337559,1819,4,1,0,0,1,0.0,0.4,2025-Jan-30-21:37:56.370663
0.6640040466337559,1820,4,1,0,0,1,0.0,0.4,2025-Jan-30-21:37:56.413313
0.6640040466337559,1821,4,1,0,0,1,0.0,0.4,2025-Jan-30-21:37:56.456688
0.6640040466337559,1822,4,1,0,0,1,0.0,0.4,2025-Jan-30-21:37:56.499388
0.6640040466337559,1823,4,1,0,0,1,0.0,0.4,2025-Jan-30-21:37:56.541147
1.2057564061623827,1824,0,1,0,0,0,0.0,0.0,2025-Jan-30-21:37:56.594483
1.2057564061623827,1825,0,1,0,0,0,0.0,0.0,2025-Jan-30-21:37:56.651371
1.2057564061623827,1826,0,1,0,0,0,0.0,0.0,2025-Jan-30-21:37:56.706606
1.2057564061623827,1827,0,1,0,0,0,0.0,0.0,2025-Jan-30-21:37:56.761392
1.2057564061623827,1828,0,1,0,0,0,0.0,0.0,2025-Jan-30-21:37:56.816699
1.2057564061623827,1829,0,1,0,0,0,0.0,0.0,2025-Jan-30-21:37:56.869854
0.7207724247317727,1830,6,1,0,0,0,0.0,0.0,2025-Jan-30-21:37:56.912511
0.7207724247317727,1831,6,1,0,0,0,0.0,0.0,2025-Jan-30-21:37:56.977315
0.7207724247317727,1832,6,1,0,0,0,0.0,0.0,2025-Jan-30-21:37:57.051042
0.7207724247317727,1833,6,1,0,0,0,0.0,0.0,2025-Jan-30-21:37:57.122172
0.7207724247317727,1834,6,1,0,0,0,0.0,0.0,2025-Jan-30-21:37:57.186863
0.7207724247317727,1835,6,1,0,0,0,0.0,0.0,2025-Jan-30-21:37:57.228653
0.7207724277510894,1836,7,1,0,0,-1,0.0,0.0,2025-Jan-30-21:37:57.271124
0.7207724111708105,1837,7,1,0,0,1,0.0,1.3,2025-Jan-30-21:37:57.327049
0.7207724111708105,1838,7,1,0,0,1,0.0,1.3,2025-Jan-30-21:37:57.382336
0.7207724111708105,1839,7,1,0,0,1,0.0,1.3,2025-Jan-30-21:37:57.435922
0.7207724111708105,1840,7,1,0,0,1,0.0,1.3,2025-Jan-30-21:37:57.495230
0.7207724111708105,1841,7,1,0,0,1,0.0,1.3,2025-Jan-30-21:37:57.551242
0.8075973439474216,1842,4,1,0,0,-1,0.0,0.0,2025-Jan-30-21:37:57.606152
0.8075973439474216,1843,4,1,0,0,-1,0.0,0.0,2025-Jan-30-21:37:57.664026
0.8075973439474216,1844,4,1,0,0,-1,0.0,0.0,2025-Jan-30-21:37:57.718729
0.8075973439474216,1845,4,1,0,0,-1,0.0,0.0,2025-Jan-30-21:37:57.774119
0.8075973439474216,1846,4,1,0,0,-1,0.0,0.0,2025-Jan-30-21:37:57.831302
0.8075973439474216,1847,4,1,0,0,-1,0.0,0.0,2025-Jan-30-21:37:57.887268
0.7207724114122968,1848,7,1,0,0,1,0.0,1.7,2025-Jan-30-21:37:57.939946
0.7207724114122968,1849,7,1,0,0,1,0.0,1.7,2025-Jan-30-21:37:58.018610
0.7207724114122968,1850,7,1,0,0,1,0.0,1.7,2025-Jan-30-21:37:58.108462
0.7207724114122968,1851,7,1,0,0,1,0.0,1.7,2025-Jan-30-21:37:58.185706
0.7207724245865745,1852,7,1,0,0,0,0.0,0.0,2025-Jan-30-21:37:58.227788
0.7207724245865745,1853,7,1,0,0,0,0.0,0.0,2025-Jan-30-21:37:58.270029
0.7207724114708871,1854,6,1,0,0,1,0.0,1.1,2025-Jan-30-21:37:58.406899
0.7207724114708871,1855,6,1,0,0,1,0.0,1.1,2025-Jan-30-21:37:58.460570
0.7207724114708871,1856,6,1,0,0,1,0.0,1.1,2025-Jan-30-21:37:58.513668
0.7207724114708871,1857,6,1,0,0,1,0.0,1.1,2025-Jan-30-21:37:58.566624
0.7207724114708871,1858,6,1,0,0,1,0.0,1.1,2025-Jan-30-21:37:58.621227
0.7207724114708871,1859,6,1,0,0,1,0.0,1.1,2025-Jan-30-21:37:58.677363
0.8075973436857562,1860,3,1,0,0,-1,0.0,0.0,2025-Jan-30-21:37:58.734245
0.8075973436857562,1861,3,1,0,0,-1,0.0,0.0,2025-Jan-30-21:37:58.788646
0.8075973436857562,1862,3,1,0,0,-1,0.0,0.0,2025-Jan-30-21:37:58.846711
0.8075973436857562,1863,3,1,0,0,-1,0.0,0.0,2025-Jan-30-21:37:58.901257
0.8437667697874734,1864,3,1,0,-1,-1,0.0,0.0,2025-Jan-30-21:37:58.992688
0.749469553143833,1865,3,1,0,-1,0,0.0,0.0,2025-Jan-30-21:37:59.086155
0.749469553143833,1866,3,1,0,-1,0,0.0,0.0,2025-Jan-30-21:37:59.161420
0.7207724244414657,1867,3,1,0,0,0,0.0,0.0,2025-Jan-30-21:37:59.203802
0.7207724244414657,1868,3,1,0,0,0,0.0,0.0,2025-Jan-30-21:37:59.246406
0.7207724244414657,1869,3,1,0,0,0,0.0,0.0,2025-Jan-30-21:37:59.288682
0.7207724244414657,1870,3,1,0,0,0,0.0,0.0,2025-Jan-30-21:37:59.334524
0.7207724244414657,1871,3,1,0,0,0,0.0,0.0,2025-Jan-30-21:37:59.377581
0.7207724244414657,1872,3,1,0,0,0,0.0,0.0,2025-Jan-30-21:37:59.421049
0.7207724245866639,1873,2,1,0,0,0,0.0,0.0,2025-Jan-30-21:37:59.466641
0.7207724245866639,1874,2,1,0,0,0,0.0,0.0,2025-Jan-30-21:37:59.511045
0.7207724245866639,1875,2,1,0,0,0,0.0,0.0,2025-Jan-30-21:37:59.553930
0.7207724245866639,1876,2,1,0,0,0,0.0,0.0,2025-Jan-30-21:37:59.594763
0.7207724245866639,1877,2,1,0,0,0,0.0,0.0,2025-Jan-30-21:37:59.636188
0.7207724245866639,1878,2,1,0,0,0,0.0,0.0,2025-Jan-30-21:37:59.680111
0.7207724247317727,1879,6,1,0,0,0,0.0,0.0,2025-Jan-30-21:37:59.722302
0.7207724247317727,1880,6,1,0,0,0,0.0,0.0,2025-Jan-30-21:37:59.764304
0.7207724247317727,1881,6,1,0,0,0,0.0,0.0,2025-Jan-30-21:37:59.805951
0.7207724247317727,1882,6,1,0,0,0,0.0,0.0,2025-Jan-30-21:37:59.849759
0.7207724247317727,1883,6,1,0,0,0,0.0,0.0,2025-Jan-30-21:37:59.891712
0.7207724247317727,1884,6,1,0,0,0,0.0,0.0,2025-Jan-30-21:37:59.933460
0.7207724245865745,1885,5,1,0,0,0,0.0,0.0,2025-Jan-30-21:37:59.994973
0.7207724245865745,1886,5,1,0,0,0,0.0,0.0,2025-Jan-30-21:38:00.079558
0.7207724245865745,1887,5,1,0,0,0,0.0,0.0,2025-Jan-30-21:38:00.151468
0.7207724245865745,1888,5,1,0,0,0,0.0,0.0,2025-Jan-30-21:38:00.214650
0.7207724245865745,1889,5,1,0,0,0,0.0,0.0,2025-Jan-30-21:38:00.259048
0.7207724245865745,1890,5,1,0,0,0,0.0,0.0,2025-Jan-30-21:38:00.304941
0.7207724245865745,1891,5,1,0,0,0,0.0,0.0,2025-Jan-30-21:38:00.350930
0.7207724245865745,1892,5,1,0,0,0,0.0,0.0,2025-Jan-30-21:38:00.396208
0.7207724245865745,1893,5,1,0,0,0,0.0,0.0,2025-Jan-30-21:38:00.440006
0.7207724245865745,1894,5,1,0,0,0,0.0,0.0,2025-Jan-30-21:38:00.483811
0.7207724245865745,1895,5,1,0,0,0,0.0,0.0,2025-Jan-30-21:38:00.641470
0.7207724245865745,1896,5,1,0,0,0,0.0,0.0,2025-Jan-30-21:38:00.687974
1.5625338273476104,1897,0,1,1,1,-1,0.6,0.0,2025-Jan-30-21:38:00.767043
0.7207724245865745,1898,7,1,0,0,0,0.0,0.0,2025-Jan-30-21:38:00.811267
0.7207724247317727,1899,6,1,0,0,0,0.0,0.0,2025-Jan-30-21:38:00.854751
0.7207724247317727,1900,6,1,0,0,0,0.0,0.0,2025-Jan-30-21:38:00.899013
0.7207724247317727,1901,6,1,0,0,0,0.0,0.0,2025-Jan-30-21:38:00.943248
0.7207724247317727,1902,6,1,0,0,0,0.0,0.0,2025-Jan-30-21:38:01.032977
0.7207724247317727,1903,6,1,0,0,0,0.0,0.0,2025-Jan-30-21:38:01.118201
0.7207724277510894,1904,7,1,0,0,-1,0.0,0.0,2025-Jan-30-21:38:01.207065
0.7207724277510894,1905,7,1,0,0,-1,0.0,0.0,2025-Jan-30-21:38:01.251165
0.7207724277510894,1906,7,1,0,0,-1,0.0,0.0,2025-Jan-30-21:38:01.295433
0.7569364633080932,1907,7,1,0,-1,-1,0.0,0.0,2025-Jan-30-21:38:01.352365
0.7569364633080932,1908,7,1,0,-1,-1,0.0,0.0,2025-Jan-30-21:38:01.409285
0.7569364602753836,1909,7,1,0,-1,0,0.0,0.0,2025-Jan-30-21:38:01.466642
0.7207724247317727,1910,6,1,0,0,0,0.0,0.0,2025-Jan-30-21:38:01.510768
0.7207724247317727,1911,6,1,0,0,0,0.0,0.0,2025-Jan-30-21:38:01.554556
0.7207724247317727,1912,6,1,0,0,0,0.0,0.0,2025-Jan-30-21:38:01.598864
0.7207724247317727,1913,6,1,0,0,0,0.0,0.0,2025-Jan-30-21:38:01.642854
0.7207724247317727,1914,6,1,0,0,0,0.0,0.0,2025-Jan-30-21:38:01.690200
0.7207724247317727,1915,6,1,0,0,0,0.0,0.0,2025-Jan-30-21:38:01.734087
0.749469553143833,1916,3,1,0,-1,0,0.0,0.0,2025-Jan-30-21:38:01.790639
0.749469553143833,1917,3,1,0,-1,0,0.0,0.0,2025-Jan-30-21:38:01.846996
0.7207724244414657,1918,3,1,0,0,0,0.0,0.0,2025-Jan-30-21:38:01.890743
0.7207724247317728,1919,4,1,0,0,0,0.0,0.0,2025-Jan-30-21:38:01.934481
0.7207724247317728,1920,4,1,0,0,0,0.0,0.0,2025-Jan-30-21:38:01.992438
0.7207724247317728,1921,4,1,0,0,0,0.0,0.0,2025-Jan-30-21:38:02.074264
0.749469553143833,1922,3,1,0,-1,0,0.0,0.0,2025-Jan-30-21:38:02.190725
0.749469553143833,1923,3,1,0,-1,0,0.0,0.0,2025-Jan-30-21:38:02.253093
0.749469553143833,1924,3,1,0,-1,0,0.0,0.0,2025-Jan-30-21:38:02.309668
0.7207724244414657,1925,3,1,0,0,0,0.0,0.0,2025-Jan-30-21:38:02.353735
0.7207724244414657,1926,3,1,0,0,0,0.0,0.0,2025-Jan-30-21:38:02.397819
0.7207724244414657,1927,3,1,0,0,0,0.0,0.0,2025-Jan-30-21:38:02.442027
1.2419215143445705,1928,0,1,0,-1,0,0.0,0.0,2025-Jan-30-21:38:02.521719
1.2419215143445705,1929,0,1,0,-1,0,0.0,0.0,2025-Jan-30-21:38:02.600378
1.2419215143445705,1930,0,1,0,-1,0,0.0,0.0,2025-Jan-30-21:38:02.680356
1.2419215143445705,1931,0,1,0,-1,0,0.0,0.0,2025-Jan-30-21:38:02.756108
1.2419215143445705,1932,0,1,0,-1,0,0.0,0.0,2025-Jan-30-21:38:02.832507
1.2419215143445705,1933,0,1,0,-1,0,0.0,0.0,2025-Jan-30-21:38:02.909538
0.7711421126246019,1934,2,1,1,1,1,1.9,1.6,2025-Jan-30-21:38:03.033638
0.7711421126246019,1935,2,1,1,1,1,1.9,1.6,2025-Jan-30-21:38:03.249318
0.7711421126246019,1936,2,1,1,1,1,1.9,1.6,2025-Jan-30-21:38:03.345556
0.7711421126246019,1937,2,1,1,1,1,1.9,1.6,2025-Jan-30-21:38:03.439740
0.7711421126246019,1938,2,1,1,1,1,1.9,1.6,2025-Jan-30-21:38:03.538895
0.7711421126246019,1939,2,1,1,1,1,1.9,1.6,2025-Jan-30-21:38:03.632093
1.2925893835362965,1940,0,1,0,0,-1,0.0,0.0,2025-Jan-30-21:38:03.710215
0.8075955916472131,1941,1,1,0,0,-1,0.0,0.0,2025-Jan-30-21:38:03.764416
0.8075955916472131,1942,1,1,0,0,-1,0.0,0.0,2025-Jan-30-21:38:03.819143
0.8075955916472131,1943,1,1,0,0,-1,0.0,0.0,2025-Jan-30-21:38:03.873501
0.8075955916472131,1944,1,1,0,0,-1,0.0,0.0,2025-Jan-30-21:38:03.926866
0.8981528611798282,1945,7,1,1,1,0,1.8,0.0,2025-Jan-30-21:38:04.021612
0.8981528611798282,1946,7,1,1,1,0,1.8,0.0,2025-Jan-30-21:38:04.131807
0.8981528611798282,1947,7,1,1,1,0,1.8,0.0,2025-Jan-30-21:38:04.213436
0.543185275212381,1948,7,1,0,1,0,1.8,0.0,2025-Jan-30-21:38:04.285721
0.543185275212381,1949,7,1,0,1,0,1.8,0.0,2025-Jan-30-21:38:04.359808
0.8981852982171483,1950,6,1,1,1,-1,1.6,0.0,2025-Jan-30-21:38:04.429919
0.8981852982171483,1951,6,1,1,1,-1,1.6,0.0,2025-Jan-30-21:38:04.500668
0.5431846580992333,1952,6,1,0,1,-1,1.6,0.0,2025-Jan-30-21:38:04.571670
0.5431846580992333,1953,6,1,0,1,-1,1.6,0.0,2025-Jan-30-21:38:04.641916
0.5431846580992333,1954,6,1,0,1,-1,1.6,0.0,2025-Jan-30-21:38:04.716931
0.7207724244414657,1955,3,1,0,0,0,0.0,0.0,2025-Jan-30-21:38:04.759736
1.5181923214595567,1956,0,1,1,0,1,0.0,0.3,2025-Jan-30-21:38:04.813165
0.9487199381468113,1957,8,1,1,0,1,0.0,1.9,2025-Jan-30-21:38:04.885348
0.9487199381468113,1958,8,1,1,0,1,0.0,1.9,2025-Jan-30-21:38:04.986483
0.9487199381468113,1959,8,1,1,0,1,0.0,1.9,2025-Jan-30-21:38:05.094819
0.9487199381468113,1960,8,1,1,0,1,0.0,1.9,2025-Jan-30-21:38:05.198012
0.9487199381468113,1961,8,1,1,0,1,0.0,1.9,2025-Jan-30-21:38:05.270782
1.1757506638666808,1962,9,1,0,1,1,0.5,0.1,2025-Jan-30-21:38:05.324515
1.1119371005071663,1963,6,1,1,-1,0,0.0,0.0,2025-Jan-30-21:38:05.380617
1.0281619003378426,1964,0,1,0,1,0,1.7,0.0,2025-Jan-30-21:38:05.460306
1.0757509769736244,1965,3,1,1,0,0,0.0,0.0,2025-Jan-30-21:38:05.503286
1.0757509769736244,1966,3,1,1,0,0,0.0,0.0,2025-Jan-30-21:38:05.546877
1.0757509769736244,1967,3,1,1,0,0,0.0,0.0,2025-Jan-30-21:38:05.587316
1.0757509769736244,1968,3,1,1,0,0,0.0,0.0,2025-Jan-30-21:38:05.629270
1.162599289019349,1969,8,1,1,0,-1,0.0,0.0,2025-Jan-30-21:38:05.685150
1.0757509770459617,1970,7,1,1,0,0,0.0,0.0,2025-Jan-30-21:38:05.731019
1.0757509770459617,1971,7,1,1,0,0,0.0,0.0,2025-Jan-30-21:38:05.773712
1.0757509770459617,1972,7,1,1,0,0,0.0,0.0,2025-Jan-30-21:38:05.815048
1.0757509770459617,1973,7,1,1,0,0,0.0,0.0,2025-Jan-30-21:38:05.858889
1.0757742178287177,1974,8,1,1,0,0,0.0,0.0,2025-Jan-30-21:38:05.900943
1.0757730648283506,1975,6,1,1,0,0,0.0,0.0,2025-Jan-30-21:38:05.942638
1.0757730648283506,1976,6,1,1,0,0,0.0,0.0,2025-Jan-30-21:38:06.126381
0.7207724247317727,1977,6,1,0,0,0,0.0,0.0,2025-Jan-30-21:38:06.196673
0.7207724247317727,1978,6,1,0,0,0,0.0,0.0,2025-Jan-30-21:38:06.267496
1.2419215143445705,1979,0,1,0,-1,0,0.0,0.0,2025-Jan-30-21:38:06.346857
1.0757742179740988,1980,9,1,1,0,0,0.0,0.0,2025-Jan-30-21:38:06.389514
1.0757742179740988,1981,9,1,1,0,0,0.0,0.0,2025-Jan-30-21:38:06.431387
1.0757742179740988,1982,9,1,1,0,0,0.0,0.0,2025-Jan-30-21:38:06.473412
1.0757742179740988,1983,9,1,1,0,0,0.0,0.0,2025-Jan-30-21:38:06.515918
1.0757730679928654,1984,6,1,1,0,-1,0.0,0.0,2025-Jan-30-21:38:06.557900
1.0757730679928654,1985,6,1,1,0,-1,0.0,0.0,2025-Jan-30-21:38:06.600053
1.0757730648283506,1986,6,1,1,0,0,0.0,0.0,2025-Jan-30-21:38:06.642582
1.0757730648283506,1987,6,1,1,0,0,0.0,0.0,2025-Jan-30-21:38:06.684391
1.1241434980757994,1988,9,1,0,0,-1,0.0,0.0,2025-Jan-30-21:38:06.748836
1.1241434980757994,1989,9,1,0,0,-1,0.0,0.0,2025-Jan-30-21:38:06.807917
1.1241434980757994,1990,9,1,0,0,-1,0.0,0.0,2025-Jan-30-21:38:06.868183
1.1241434980757945,1991,8,1,0,0,-1,0.0,0.0,2025-Jan-30-21:38:06.925826
0.6299019586641412,1992,2,1,0,-1,1,0.0,1.2,2025-Jan-30-21:38:07.034467
1.175750641146208,1993,10,1,0,0,0,0.0,0.0,2025-Jan-30-21:38:07.116082
1.175750641146208,1994,10,1,0,0,0,0.0,0.0,2025-Jan-30-21:38:07.191298
1.175750641146208,1995,10,1,0,0,0,0.0,0.0,2025-Jan-30-21:38:07.244342
1.175750641146208,1996,10,1,0,0,0,0.0,0.0,2025-Jan-30-21:38:07.297034
1.175750641146208,1997,10,1,0,0,0,0.0,0.0,2025-Jan-30-21:38:07.352253
1.175750641146208,1998,10,1,0,0,0,0.0,0.0,2025-Jan-30-21:38:07.405530
1.175750641146208,1999,10,1,0,0,0,0.0,0.0,2025-Jan-30-21:38:07.460559
1.175750641146208,2000,10,1,0,0,0,0.0,0.0,2025-Jan-30-21:38:07.516117
0.7207724245865745,2001,5,1,0,0,0,0.0,0.0,2025-Jan-30-21:38:07.556762
0.7494822890755525,2002,1,1,0,-1,0,0.0,0.0,2025-Jan-30-21:38:07.611947
0.7494822890755525,2003,1,1,0,-1,0,0.0,0.0,2025-Jan-30-21:38:07.665772
0.7494822890755525,2004,1,1,0,-1,0,0.0,0.0,2025-Jan-30-21:38:07.722581
0.7494822890755525,2005,1,1,0,-1,0,0.0,0.0,2025-Jan-30-21:38:07.777477
0.7494822890755525,2006,1,1,0,-1,0,0.0,0.0,2025-Jan-30-21:38:07.831071
0.7569364602754676,2007,2,1,0,-1,0,0.0,0.0,2025-Jan-30-21:38:07.885690
0.7569364602754676,2008,2,1,0,-1,0,0.0,0.0,2025-Jan-30-21:38:07.940377
0.7569364602754676,2009,2,1,0,-1,0,0.0,0.0,2025-Jan-30-21:38:08.044423
0.7207724247317727,2010,6,1,0,0,0,0.0,0.0,2025-Jan-30-21:38:08.111605
0.7207724247317727,2011,6,1,0,0,0,0.0,0.0,2025-Jan-30-21:38:08.171148
0.7207724247317727,2012,6,1,0,0,0,0.0,0.0,2025-Jan-30-21:38:08.212401
0.7207724247317727,2013,6,1,0,0,0,0.0,0.0,2025-Jan-30-21:38:08.257760
0.7207724247317727,2014,6,1,0,0,0,0.0,0.0,2025-Jan-30-21:38:08.299414
0.7207724247317727,2015,6,1,0,0,0,0.0,0.0,2025-Jan-30-21:38:08.344502
0.7207724247317727,2016,6,1,0,0,0,0.0,0.0,2025-Jan-30-21:38:08.386764
0.7207724247317727,2017,6,1,0,0,0,0.0,0.0,2025-Jan-30-21:38:08.428829
0.5431846580992333,2018,6,1,0,1,-1,1.6,0.0,2025-Jan-30-21:38:08.499309
0.5431846580992333,2019,6,1,0,1,-1,1.6,0.0,2025-Jan-30-21:38:08.569526
0.5431846580992333,2020,6,1,0,1,-1,1.6,0.0,2025-Jan-30-21:38:08.639257
0.5431846580992333,2021,6,1,0,1,-1,1.6,0.0,2025-Jan-30-21:38:08.709806
0.5431846580992333,2022,6,1,0,1,-1,1.6,0.0,2025-Jan-30-21:38:08.781534
0.7494695558329538,2023,6,1,0,-1,-1,0.0,0.0,2025-Jan-30-21:38:08.835888
0.7494695558329538,2024,6,1,0,-1,-1,0.0,0.0,2025-Jan-30-21:38:08.890033
0.7494695558329538,2025,6,1,0,-1,-1,0.0,0.0,2025-Jan-30-21:38:08.959194
0.543185275212381,2026,7,1,0,1,0,1.8,0.0,2025-Jan-30-21:38:09.072014
0.543185275212381,2027,7,1,0,1,0,1.8,0.0,2025-Jan-30-21:38:09.175577
1.1757506458198483,2028,8,1,0,1,0,1.8,0.0,2025-Jan-30-21:38:09.227142
1.1757506458198483,2029,8,1,0,1,0,1.8,0.0,2025-Jan-30-21:38:09.359870
1.1757506458198483,2030,8,1,0,1,0,1.8,0.0,2025-Jan-30-21:38:09.414713
1.1757506458198483,2031,8,1,0,1,0,1.8,0.0,2025-Jan-30-21:38:09.471190
1.1757506458198483,2032,8,1,0,1,0,1.8,0.0,2025-Jan-30-21:38:09.527111
1.1757506458198483,2033,8,1,0,1,0,1.8,0.0,2025-Jan-30-21:38:09.580575
0.7207724115230508,2034,5,1,0,1,0,1.2,0.0,2025-Jan-30-21:38:09.633845
0.7207724115230508,2035,5,1,0,1,0,1.2,0.0,2025-Jan-30-21:38:09.687443
0.7207724115230508,2036,5,1,0,1,0,1.2,0.0,2025-Jan-30-21:38:09.741463
0.7207724115230508,2037,5,1,0,1,0,1.2,0.0,2025-Jan-30-21:38:09.803166
0.7207724115230508,2038,5,1,0,1,0,1.2,0.0,2025-Jan-30-21:38:09.866632
0.7207724115230508,2039,5,1,0,1,0,1.2,0.0,2025-Jan-30-21:38:09.932157
0.5506638017748042,2040,6,1,0,1,0,1.2,0.0,2025-Jan-30-21:38:09.995551
0.5506638017748042,2041,6,1,0,1,0,1.2,0.0,2025-Jan-30-21:38:10.068994
0.7207724245866639,2042,2,1,0,0,0,0.0,0.0,2025-Jan-30-21:38:10.159119
0.7207724245866639,2043,2,1,0,0,0,0.0,0.0,2025-Jan-30-21:38:10.209647
0.7569364602754676,2044,2,1,0,-1,0,0.0,0.0,2025-Jan-30-21:38:10.269891
0.7569364602754676,2045,2,1,0,-1,0,0.0,0.0,2025-Jan-30-21:38:10.333185
0.749469553143833,2046,3,1,0,-1,0,0.0,0.0,2025-Jan-30-21:38:10.397715
0.749469553143833,2047,3,1,0,-1,0,0.0,0.0,2025-Jan-30-21:38:10.460826
0.749469553143833,2048,3,1,0,-1,0,0.0,0.0,2025-Jan-30-21:38:10.524194
0.5937300151980632,2049,1,1,0,0,1,0.0,1.1,2025-Jan-30-21:38:10.608996
0.5937300151980632,2050,1,1,0,0,1,0.0,1.1,2025-Jan-30-21:38:10.694298
0.5937300151980632,2051,1,1,0,0,1,0.0,1.1,2025-Jan-30-21:38:10.780004
0.5937300151980632,2052,1,1,0,0,1,0.0,1.1,2025-Jan-30-21:38:10.863209
0.5937300151980632,2053,1,1,0,0,1,0.0,1.1,2025-Jan-30-21:38:10.936024
0.5937300151980632,2054,1,1,0,0,1,0.0,1.1,2025-Jan-30-21:38:11.034937
0.5937300151980632,2055,1,1,0,0,1,0.0,1.1,2025-Jan-30-21:38:11.143048
0.6299019586641412,2056,2,1,0,-1,1,0.0,1.2,2025-Jan-30-21:38:11.235336
0.5937304888661115,2057,2,1,0,0,1,0.0,1.2,2025-Jan-30-21:38:11.318656
0.5937304888661115,2058,2,1,0,0,1,0.0,1.2,2025-Jan-30-21:38:11.394505
0.5937304888661115,2059,2,1,0,0,1,0.0,1.2,2025-Jan-30-21:38:11.469548
0.5937304888661115,2060,2,1,0,0,1,0.0,1.2,2025-Jan-30-21:38:11.548170
0.5937304888661115,2061,2,1,0,0,1,0.0,1.2,2025-Jan-30-21:38:11.626167
0.8075973438166071,2062,2,1,0,0,-1,0.0,0.0,2025-Jan-30-21:38:11.684581
0.8075973467942734,2063,4,1,0,-1,-1,0.0,0.0,2025-Jan-30-21:38:11.741504
0.8075973467942734,2064,4,1,0,-1,-1,0.0,0.0,2025-Jan-30-21:38:11.802464
0.8075973467942734,2065,4,1,0,-1,-1,0.0,0.0,2025-Jan-30-21:38:11.860154
0.8075973467942734,2066,4,1,0,-1,-1,0.0,0.0,2025-Jan-30-21:38:11.915615
0.8075973467942734,2067,4,1,0,-1,-1,0.0,0.0,2025-Jan-30-21:38:12.084741
0.8075973467942734,2068,4,1,0,-1,-1,0.0,0.0,2025-Jan-30-21:38:12.182839
0.6640040466337559,2069,4,1,0,0,1,0.0,0.4,2025-Jan-30-21:38:12.243339
0.6640040466337559,2070,4,1,0,0,1,0.0,0.4,2025-Jan-30-21:38:12.288314
0.6782093237810412,2071,4,1,0,0,1,0.0,0.3,2025-Jan-30-21:38:12.332195
0.8075973439474216,2072,4,1,0,0,-1,0.0,0.0,2025-Jan-30-21:38:12.388451
0.8075973439474216,2073,4,1,0,0,-1,0.0,0.0,2025-Jan-30-21:38:12.443379
0.8075973439474216,2074,4,1,0,0,-1,0.0,0.0,2025-Jan-30-21:38:12.499260
1.2057564061623827,2075,0,1,0,0,0,0.0,0.0,2025-Jan-30-21:38:12.553246
1.2057564061623827,2076,0,1,0,0,0,0.0,0.0,2025-Jan-30-21:38:12.607226
1.2057564061623827,2077,0,1,0,0,0,0.0,0.0,2025-Jan-30-21:38:12.660521
1.2057564061623827,2078,0,1,0,0,0,0.0,0.0,2025-Jan-30-21:38:12.713675
1.2057564061623827,2079,0,1,0,0,0,0.0,0.0,2025-Jan-30-21:38:12.770224
1.2057564061623827,2080,0,1,0,0,0,0.0,0.0,2025-Jan-30-21:38:12.822586
0.7207724247317727,2081,6,1,0,0,0,0.0,0.0,2025-Jan-30-21:38:12.867614
0.7207724247317727,2082,6,1,0,0,0,0.0,0.0,2025-Jan-30-21:38:12.909464
0.7207724247317727,2083,6,1,0,0,0,0.0,0.0,2025-Jan-30-21:38:12.956230
0.7207724247317727,2084,6,1,0,0,0,0.0,0.0,2025-Jan-30-21:38:13.016135
0.7207724247317727,2085,6,1,0,0,0,0.0,0.0,2025-Jan-30-21:38:13.091320
0.7207724247317727,2086,6,1,0,0,0,0.0,0.0,2025-Jan-30-21:38:13.170831
0.7207724247317728,2087,4,1,0,0,0,0.0,0.0,2025-Jan-30-21:38:13.229679
0.8075973439474216,2088,4,1,0,0,-1,0.0,0.0,2025-Jan-30-21:38:13.287500
0.8075973439474216,2089,4,1,0,0,-1,0.0,0.0,2025-Jan-30-21:38:13.345864
0.8075973439474216,2090,4,1,0,0,-1,0.0,0.0,2025-Jan-30-21:38:13.401845
0.8075973439474216,2091,4,1,0,0,-1,0.0,0.0,2025-Jan-30-21:38:13.458689
0.8075973439474216,2092,4,1,0,0,-1,0.0,0.0,2025-Jan-30-21:38:13.517658
0.8075973439474216,2093,4,1,0,0,-1,0.0,0.0,2025-Jan-30-21:38:13.573970
1.5969221544039711,2094,0,1,1,-1,0,0.0,0.0,2025-Jan-30-21:38:13.650536
0.7207724114708871,2095,6,1,0,0,1,0.0,1.1,2025-Jan-30-21:38:13.704150
0.7207724114708871,2096,6,1,0,0,1,0.0,1.1,2025-Jan-30-21:38:13.760719
0.7207724114708871,2097,6,1,0,0,1,0.0,1.1,2025-Jan-30-21:38:13.817066
0.7207724114708871,2098,6,1,0,0,1,0.0,1.1,2025-Jan-30-21:38:13.873584
0.7207724114708871,2099,6,1,0,0,1,0.0,1.1,2025-Jan-30-21:38:13.926893
0.7207724114708871,2100,6,1,0,0,1,0.0,1.1,2025-Jan-30-21:38:13.999411
0.749469553143833,2101,3,1,0,-1,0,0.0,0.0,2025-Jan-30-21:38:14.084501
0.749469553143833,2102,3,1,0,-1,0,0.0,0.0,2025-Jan-30-21:38:14.165038
0.749469553143833,2103,3,1,0,-1,0,0.0,0.0,2025-Jan-30-21:38:14.219411
0.749469553143833,2104,3,1,0,-1,0,0.0,0.0,2025-Jan-30-21:38:14.275376
0.749469553143833,2105,3,1,0,-1,0,0.0,0.0,2025-Jan-30-21:38:14.335261
0.749469553143833,2106,3,1,0,-1,0,0.0,0.0,2025-Jan-30-21:38:14.391745
0.7207724244414657,2107,3,1,0,0,0,0.0,0.0,2025-Jan-30-21:38:14.434369
0.7207724244414657,2108,3,1,0,0,0,0.0,0.0,2025-Jan-30-21:38:14.477229
0.7207724244414657,2109,3,1,0,0,0,0.0,0.0,2025-Jan-30-21:38:14.520867
0.7207724244414657,2110,3,1,0,0,0,0.0,0.0,2025-Jan-30-21:38:14.563776
0.7207724244414657,2111,3,1,0,0,0,0.0,0.0,2025-Jan-30-21:38:14.605978
0.7207724244414657,2112,3,1,0,0,0,0.0,0.0,2025-Jan-30-21:38:14.652081
0.7207724245866639,2113,2,1,0,0,0,0.0,0.0,2025-Jan-30-21:38:14.703025
1.0757730646832417,2114,2,1,1,0,0,0.0,0.0,2025-Jan-30-21:38:14.749267
1.0757730646832417,2115,2,1,1,0,0,0.0,0.0,2025-Jan-30-21:38:14.794249
1.0757730646832417,2116,2,1,1,0,0,0.0,0.0,2025-Jan-30-21:38:14.837327
1.0757730646832417,2117,2,1,1,0,0,0.0,0.0,2025-Jan-30-21:38:14.881734
1.0757730646832417,2118,2,1,1,0,0,0.0,0.0,2025-Jan-30-21:38:14.923490
0.7207724244414657,2119,3,1,0,0,0,0.0,0.0,2025-Jan-30-21:38:14.986304
0.7207724244414657,2120,3,1,0,0,0,0.0,0.0,2025-Jan-30-21:38:15.058369
0.7207724244414657,2121,3,1,0,0,0,0.0,0.0,2025-Jan-30-21:38:15.125124
0.7207724244414657,2122,3,1,0,0,0,0.0,0.0,2025-Jan-30-21:38:15.189312
0.7207724244414657,2123,3,1,0,0,0,0.0,0.0,2025-Jan-30-21:38:15.231544
0.7207724244414657,2124,3,1,0,0,0,0.0,0.0,2025-Jan-30-21:38:15.281723
0.7207724244414657,2125,3,1,0,0,0,0.0,0.0,2025-Jan-30-21:38:15.412841
0.7207724244414657,2126,3,1,0,0,0,0.0,0.0,2025-Jan-30-21:38:15.456254
0.7207724244414657,2127,3,1,0,0,0,0.0,0.0,2025-Jan-30-21:38:15.501691
0.7207724244414657,2128,3,1,0,0,0,0.0,0.0,2025-Jan-30-21:38:15.546952
0.7207724244414657,2129,3,1,0,0,0,0.0,0.0,2025-Jan-30-21:38:15.592436
0.7207724244414657,2130,3,1,0,0,0,0.0,0.0,2025-Jan-30-21:38:15.637868
0.7207724244414657,2131,3,1,0,0,0,0.0,0.0,2025-Jan-30-21:38:15.683142
0.7207724244414657,2132,3,1,0,0,0,0.0,0.0,2025-Jan-30-21:38:15.728075
0.7207724244414657,2133,3,1,0,0,0,0.0,0.0,2025-Jan-30-21:38:15.773167
0.7207724244414657,2134,3,1,0,0,0,0.0,0.0,2025-Jan-30-21:38:15.818294
0.7207724244414657,2135,3,1,0,0,0,0.0,0.0,2025-Jan-30-21:38:15.863029
0.7207724244414657,2136,3,1,0,0,0,0.0,0.0,2025-Jan-30-21:38:15.908175
0.7207724247317727,2137,6,1,0,0,0,0.0,0.0,2025-Jan-30-21:38:15.970844
0.7207724247317727,2138,6,1,0,0,0,0.0,0.0,2025-Jan-30-21:38:16.056267
0.7207724247317727,2139,6,1,0,0,0,0.0,0.0,2025-Jan-30-21:38:16.151259
0.7207724247317727,2140,6,1,0,0,0,0.0,0.0,2025-Jan-30-21:38:16.217105
0.7207724247317727,2141,6,1,0,0,0,0.0,0.0,2025-Jan-30-21:38:16.259761
0.7207724247317727,2142,6,1,0,0,0,0.0,0.0,2025-Jan-30-21:38:16.305442
0.7207724245865745,2143,5,1,0,0,0,0.0,0.0,2025-Jan-30-21:38:16.352042
0.7207724245865745,2144,5,1,0,0,0,0.0,0.0,2025-Jan-30-21:38:16.395615
0.7207724245865745,2145,5,1,0,0,0,0.0,0.0,2025-Jan-30-21:38:16.437888
0.7207724245865745,2146,5,1,0,0,0,0.0,0.0,2025-Jan-30-21:38:16.480987
0.7207724245865745,2147,5,1,0,0,0,0.0,0.0,2025-Jan-30-21:38:16.524928
0.7207724245865745,2148,5,1,0,0,0,0.0,0.0,2025-Jan-30-21:38:16.567551
0.7207724245865745,2149,5,1,0,0,0,0.0,0.0,2025-Jan-30-21:38:16.611214
0.7207724245865745,2150,5,1,0,0,0,0.0,0.0,2025-Jan-30-21:38:16.653935
0.7207724245865745,2151,5,1,0,0,0,0.0,0.0,2025-Jan-30-21:38:16.697312
0.7207724245865745,2152,5,1,0,0,0,0.0,0.0,2025-Jan-30-21:38:16.740126
0.7207724245865745,2153,5,1,0,0,0,0.0,0.0,2025-Jan-30-21:38:16.785095
0.7207724245865745,2154,5,1,0,0,0,0.0,0.0,2025-Jan-30-21:38:16.830426
0.7207724247317727,2155,6,1,0,0,0,0.0,0.0,2025-Jan-30-21:38:16.876204
0.7207724247317727,2156,6,1,0,0,0,0.0,0.0,2025-Jan-30-21:38:16.918273
0.7207724247317727,2157,6,1,0,0,0,0.0,0.0,2025-Jan-30-21:38:16.982600
0.7207724247317727,2158,6,1,0,0,0,0.0,0.0,2025-Jan-30-21:38:17.054162
0.7207724247317727,2159,6,1,0,0,0,0.0,0.0,2025-Jan-30-21:38:17.117323
0.7207724247317727,2160,6,1,0,0,0,0.0,0.0,2025-Jan-30-21:38:17.180454
0.7569364633080932,2161,7,1,0,-1,-1,0.0,0.0,2025-Jan-30-21:38:17.235328
0.7569364633080932,2162,7,1,0,-1,-1,0.0,0.0,2025-Jan-30-21:38:17.290718
0.7569364633080932,2163,7,1,0,-1,-1,0.0,0.0,2025-Jan-30-21:38:17.351111
0.7569364633080932,2164,7,1,0,-1,-1,0.0,0.0,2025-Jan-30-21:38:17.407432
0.7569364633080932,2165,7,1,0,-1,-1,0.0,0.0,2025-Jan-30-21:38:17.465747
0.7569364633080932,2166,7,1,0,-1,-1,0.0,0.0,2025-Jan-30-21:38:17.523597
0.7207724245865745,2167,5,1,0,0,0,0.0,0.0,2025-Jan-30-21:38:17.565681
0.7207724245865745,2168,5,1,0,0,0,0.0,0.0,2025-Jan-30-21:38:17.608338
0.7207724245865745,2169,5,1,0,0,0,0.0,0.0,2025-Jan-30-21:38:17.650344
0.7207724245865745,2170,5,1,0,0,0,0.0,0.0,2025-Jan-30-21:38:17.692798
0.7207724245865745,2171,5,1,0,0,0,0.0,0.0,2025-Jan-30-21:38:17.735301
0.7207724245865745,2172,5,1,0,0,0,0.0,0.0,2025-Jan-30-21:38:17.777599
0.7207724247317727,2173,6,1,0,0,0,0.0,0.0,2025-Jan-30-21:38:17.821042
0.7207724247317727,2174,6,1,0,0,0,0.0,0.0,2025-Jan-30-21:38:17.864391
0.7207724247317727,2175,6,1,0,0,0,0.0,0.0,2025-Jan-30-21:38:17.906726
0.7207724247317727,2176,6,1,0,0,0,0.0,0.0,2025-Jan-30-21:38:17.967804
0.7207724247317727,2177,6,1,0,0,0,0.0,0.0,2025-Jan-30-21:38:18.067280
0.7207724247317727,2178,6,1,0,0,0,0.0,0.0,2025-Jan-30-21:38:18.151215
0.7207724247317727,2179,6,1,0,0,0,0.0,0.0,2025-Jan-30-21:38:18.217771
0.7207724247317727,2180,6,1,0,0,0,0.0,0.0,2025-Jan-30-21:38:18.262833
0.7207724247317727,2181,6,1,0,0,0,0.0,0.0,2025-Jan-30-21:38:18.308163
0.7207724247317727,2182,6,1,0,0,0,0.0,0.0,2025-Jan-30-21:38:18.355527
0.7207724247317727,2183,6,1,0,0,0,0.0,0.0,2025-Jan-30-21:38:18.400746
0.7207724247317727,2184,6,1,0,0,0,0.0,0.0,2025-Jan-30-21:38:18.445989
1.2419215143445705,2185,0,1,0,-1,0,0.0,0.0,2025-Jan-30-21:38:18.525710
1.2419215143445705,2186,0,1,0,-1,0,0.0,0.0,2025-Jan-30-21:38:18.605621
1.2419215143445705,2187,0,1,0,-1,0,0.0,0.0,2025-Jan-30-21:38:18.685926
1.2419215143445705,2188,0,1,0,-1,0,0.0,0.0,2025-Jan-30-21:38:18.882236
1.2419215143445705,2189,0,1,0,-1,0,0.0,0.0,2025-Jan-30-21:38:18.991719
1.2419215143445705,2190,0,1,0,-1,0,0.0,0.0,2025-Jan-30-21:38:19.124222
0.7711421126246019,2191,2,1,1,1,1,1.9,1.6,2025-Jan-30-21:38:19.247940
0.7711421126246019,2192,2,1,1,1,1,1.9,1.6,2025-Jan-30-21:38:19.350823
0.7711421126246019,2193,2,1,1,1,1,1.9,1.6,2025-Jan-30-21:38:19.449078
0.7711421126246019,2194,2,1,1,1,1,1.9,1.6,2025-Jan-30-21:38:19.546648
0.9487243546563935,2195,2,1,1,0,1,0.0,1.6,2025-Jan-30-21:38:19.620565
0.9487243546563935,2196,2,1,1,0,1,0.0,1.6,2025-Jan-30-21:38:19.695073
0.8075955916472131,2197,1,1,0,0,-1,0.0,0.0,2025-Jan-30-21:38:19.752445
0.8075955916472131,2198,1,1,0,0,-1,0.0,0.0,2025-Jan-30-21:38:19.810248
0.8075955916472131,2199,1,1,0,0,-1,0.0,0.0,2025-Jan-30-21:38:19.868294
0.720770503000503,2200,1,1,0,0,0,0.0,0.0,2025-Jan-30-21:38:19.912997
0.720770503000503,2201,1,1,0,0,0,0.0,0.0,2025-Jan-30-21:38:19.988258
0.8075973436857562,2202,3,1,0,0,-1,0.0,0.0,2025-Jan-30-21:38:20.082789
0.8075973436857562,2203,3,1,0,0,-1,0.0,0.0,2025-Jan-30-21:38:20.181917
0.8075973436857562,2204,3,1,0,0,-1,0.0,0.0,2025-Jan-30-21:38:20.242460
0.8075973436857562,2205,3,1,0,0,-1,0.0,0.0,2025-Jan-30-21:38:20.300814
0.8075973436857562,2206,3,1,0,0,-1,0.0,0.0,2025-Jan-30-21:38:20.358749
0.5937254062919886,2207,4,1,0,0,1,0.0,1.5,2025-Jan-30-21:38:20.433616
0.7934223374798417,2208,3,1,0,1,-1,0.1,0.0,2025-Jan-30-21:38:20.491314
1.0757509769736244,2209,3,1,1,0,0,0.0,0.0,2025-Jan-30-21:38:20.535745
1.0757509769736244,2210,3,1,1,0,0,0.0,0.0,2025-Jan-30-21:38:20.580551
1.0757509769736244,2211,3,1,1,0,0,0.0,0.0,2025-Jan-30-21:38:20.624755
1.0757509769736244,2212,3,1,1,0,0,0.0,0.0,2025-Jan-30-21:38:20.669342
1.0757509770459617,2213,7,1,1,0,0,0.0,0.0,2025-Jan-30-21:38:20.713992
1.0757509770459617,2214,7,1,1,0,0,0.0,0.0,2025-Jan-30-21:38:20.758263
1.0757509770459617,2215,7,1,1,0,0,0.0,0.0,2025-Jan-30-21:38:20.803172
0.7207724245865745,2216,7,1,0,0,0,0.0,0.0,2025-Jan-30-21:38:20.850936
1.111937103539876,2217,6,1,1,-1,-1,0.0,0.0,2025-Jan-30-21:38:20.908556
1.0757730679928654,2218,6,1,1,0,-1,0.0,0.0,2025-Jan-30-21:38:20.980095
0.8075973467942734,2219,4,1,0,-1,-1,0.0,0.0,2025-Jan-30-21:38:21.097525
1.1119371005071663,2220,6,1,1,-1,0,0.0,0.0,2025-Jan-30-21:38:21.184725
1.1119371005071663,2221,6,1,1,-1,0,0.0,0.0,2025-Jan-30-21:38:21.239125
1.1119371005071663,2222,6,1,1,-1,0,0.0,0.0,2025-Jan-30-21:38:21.293886
1.1119371005071663,2223,6,1,1,-1,0,0.0,0.0,2025-Jan-30-21:38:21.351273
0.9487294331001815,2224,2,1,1,0,1,0.0,1.3,2025-Jan-30-21:38:21.423229
1.1241434980757945,2225,8,1,0,0,-1,0.0,0.0,2025-Jan-30-21:38:21.487135
1.1241434980757945,2226,8,1,0,0,-1,0.0,0.0,2025-Jan-30-21:38:21.550351
1.1241434980757945,2227,8,1,0,0,-1,0.0,0.0,2025-Jan-30-21:38:21.610422
1.1241434980757945,2228,8,1,0,0,-1,0.0,0.0,2025-Jan-30-21:38:21.671751
1.175750641146208,2229,10,1,0,0,0,0.0,0.0,2025-Jan-30-21:38:21.724541
1.175750641146208,2230,10,1,0,0,0,0.0,0.0,2025-Jan-30-21:38:21.779749
1.175750641146208,2231,10,1,0,0,0,0.0,0.0,2025-Jan-30-21:38:21.833413
1.175750641146208,2232,10,1,0,0,0,0.0,0.0,2025-Jan-30-21:38:21.892361
1.175750641146208,2233,10,1,0,0,0,0.0,0.0,2025-Jan-30-21:38:21.963912
1.175750641146208,2234,10,1,0,0,0,0.0,0.0,2025-Jan-30-21:38:22.167951
1.175750641146208,2235,10,1,0,0,0,0.0,0.0,2025-Jan-30-21:38:22.253219
1.175750641146208,2236,10,1,0,0,0,0.0,0.0,2025-Jan-30-21:38:22.321107
1.1757506638666808,2237,9,1,0,1,1,0.5,0.1,2025-Jan-30-21:38:22.378632
1.1757506638666808,2238,9,1,0,1,1,0.5,0.1,2025-Jan-30-21:38:22.432202
1.1757506638666808,2239,9,1,0,1,1,0.5,0.1,2025-Jan-30-21:38:22.485815
1.1757506638666808,2240,9,1,0,1,1,0.5,0.1,2025-Jan-30-21:38:22.539632
1.2419215143445705,2241,0,1,0,-1,0,0.0,0.0,2025-Jan-30-21:38:22.616427
1.2419215143445705,2242,0,1,0,-1,0,0.0,0.0,2025-Jan-30-21:38:22.692849
1.2419215143445705,2243,0,1,0,-1,0,0.0,0.0,2025-Jan-30-21:38:22.771262
1.2419215143445705,2244,0,1,0,-1,0,0.0,0.0,2025-Jan-30-21:38:22.848558
1.6475900235901046,2245,0,1,1,0,-1,0.0,0.0,2025-Jan-30-21:38:22.929136
1.2925893835362965,2246,0,1,0,0,-1,0.0,0.0,2025-Jan-30-21:38:23.026806
1.2925893835362965,2247,0,1,0,0,-1,0.0,0.0,2025-Jan-30-21:38:23.138059
1.5625338273476104,2248,0,1,1,1,-1,0.6,0.0,2025-Jan-30-21:38:23.214217
1.5625338273476104,2249,0,1,1,1,-1,0.6,0.0,2025-Jan-30-21:38:23.291055
1.6475900235901046,2250,0,1,1,0,-1,0.0,0.0,2025-Jan-30-21:38:23.372480
