Cost,Sim,Switch_State_Indx,Gen1_on,Gen2_on,Batt1_mode,Batt2_mode,Batt1_power_kW,Batt2_power_kW,Timestamp
0.7207724247317728,2251,4,1,0,0,0,0.0,0.0,2025-Jan-30-21:38:23.417042
0.8129447464466469,2252,3,1,1,1,1,1.3,0.6,2025-Jan-30-21:38:23.493028
0.7207724247317728,2253,4,1,0,0,0,0.0,0.0,2025-Jan-30-21:38:23.538203
0.7083681223836683,2254,2,1,0,1,-1,0.7,0.0,2025-Jan-30-21:38:23.594174
0.9056330050412849,2255,7,1,1,1,0,1.2,0.0,2025-Jan-30-21:38:23.636505
1.1757506431328455,2256,10,1,0,0,1,0.0,1.8,2025-Jan-30-21:38:23.690409
0.5362857998853487,2257,3,1,0,1,1,0.6,0.7,2025-Jan-30-21:38:23.732727
1.0757742179736964,2258,10,1,1,0,0,0.0,0.0,2025-Jan-30-21:38:23.777354
1.0757509625855364,2259,7,1,1,0,1,0.0,0.9,2025-Jan-30-21:38:23.830484
0.7207724245865745,2260,5,1,0,0,0,0.0,0.0,2025-Jan-30-21:38:23.877638
0.6498973418512147,2261,2,1,0,1,0,0.5,0.0,2025-Jan-30-21:38:23.928427
1.1625979839033573,2262,2,1,1,0,-1,0.0,0.0,2025-Jan-30-21:38:24.011588
1.0047915624287524,2263,9,1,1,0,1,0.0,0.5,2025-Jan-30-21:38:24.104853
1.175750641146208,2264,10,1,0,0,0,0.0,0.0,2025-Jan-30-21:38:24.189429
1.1119380949877005,2265,10,1,1,-1,0,0.0,0.0,2025-Jan-30-21:38:24.244247
1.0757730514544641,2266,6,1,1,0,1,0.0,1.0,2025-Jan-30-21:38:24.298122
0.6300035332676375,2267,3,1,0,1,-1,1.3,0.0,2025-Jan-30-21:38:24.385656
0.6300031780782928,2268,2,1,0,1,-1,1.7,0.0,2025-Jan-30-21:38:24.479281
1.0757742179736964,2269,10,1,1,0,0,0.0,0.0,2025-Jan-30-21:38:24.529070
0.8981834619501591,2270,1,1,1,1,0,1.9,0.0,2025-Jan-30-21:38:24.611558
0.6924229895265904,2271,7,1,0,1,0,0.2,0.0,2025-Jan-30-21:38:24.661535
0.7569364633080932,2272,7,1,0,-1,-1,0.0,0.0,2025-Jan-30-21:38:24.724314
0.720770503000503,2273,1,1,0,0,0,0.0,0.0,2025-Jan-30-21:38:24.772194
1.1119353369785046,2274,1,1,1,-1,0,0.0,0.0,2025-Jan-30-21:38:24.833876
1.1757506510236093,2275,8,1,0,0,1,0.0,1.4,2025-Jan-30-21:38:24.898174
0.7207724247317728,2276,4,1,0,0,0,0.0,0.0,2025-Jan-30-21:38:24.963440
1.0757730646832417,2277,2,1,1,0,0,0.0,0.0,2025-Jan-30-21:38:25.052193
1.2057564061623827,2278,0,1,0,0,0,0.0,0.0,2025-Jan-30-21:38:25.142948
1.1119380949877005,2279,10,1,1,-1,0,0.0,0.0,2025-Jan-30-21:38:25.218651
0.9486886493797589,2280,5,1,1,1,1,1.4,1.9,2025-Jan-30-21:38:25.297568
1.1625979840341714,2281,4,1,1,0,-1,0.0,0.0,2025-Jan-30-21:38:25.355645
0.9486904281504417,2282,5,1,1,-1,1,0.0,1.8,2025-Jan-30-21:38:25.511256
1.1119163928822093,2283,7,1,1,-1,-1,0.0,0.0,2025-Jan-30-21:38:25.568699
1.0757711430969912,2284,1,1,1,0,0,0.0,0.0,2025-Jan-30-21:38:25.612042
0.7207724245865745,2285,5,1,0,0,0,0.0,0.0,2025-Jan-30-21:38:25.654083
0.9760400572977265,2286,8,1,1,-1,1,0.0,1.0,2025-Jan-30-21:38:25.737523
1.175750641146208,2287,10,1,0,0,0,0.0,0.0,2025-Jan-30-21:38:25.792830
1.1757506618716298,2288,8,1,0,0,1,0.0,0.7,2025-Jan-30-21:38:25.847239
0.898187960228381,2289,8,1,1,1,0,1.7,0.0,2025-Jan-30-21:38:25.919873
1.1757506670486992,2290,9,1,0,-1,0,0.0,0.0,2025-Jan-30-21:38:25.997650
1.1757506752852616,2291,9,1,0,1,1,1.8,1.3,2025-Jan-30-21:38:26.082361
1.0757730646832417,2292,2,1,1,0,0,0.0,0.0,2025-Jan-30-21:38:26.157823
0.7083681222358739,2293,3,1,0,1,-1,0.7,0.0,2025-Jan-30-21:38:26.213017
1.162599289019349,2294,8,1,1,0,-1,0.0,0.0,2025-Jan-30-21:38:26.275711
0.985006449998779,2295,8,1,1,1,-1,1.5,0.0,2025-Jan-30-21:38:26.364834
1.1757506424348998,2296,9,1,0,1,0,1.9,0.0,2025-Jan-30-21:38:26.419516
1.175750641146208,2297,10,1,0,0,0,0.0,0.0,2025-Jan-30-21:38:26.473256
0.9340178814679181,2298,6,1,1,1,1,1.0,1.1,2025-Jan-30-21:38:26.527411
1.0757730679928654,2299,6,1,1,0,-1,0.0,0.0,2025-Jan-30-21:38:26.569426
0.6210557516153219,2300,1,1,0,-1,1,0.0,1.7,2025-Jan-30-21:38:26.652437
0.5937338879144258,2301,5,1,0,-1,1,0.0,1.0,2025-Jan-30-21:38:26.724516
0.7207724245865745,2302,7,1,0,0,0,0.0,0.0,2025-Jan-30-21:38:26.768680
0.7569364471122969,2303,6,1,0,-1,1,0.0,1.9,2025-Jan-30-21:38:26.845371
1.1757506411834284,2304,8,1,0,0,0,0.0,0.0,2025-Jan-30-21:38:26.899906
0.8075955916472131,2305,1,1,0,0,-1,0.0,0.0,2025-Jan-30-21:38:26.972198
1.0281624957047018,2306,0,1,0,1,0,1.9,0.0,2025-Jan-30-21:38:27.082414
0.7207724247317727,2307,6,1,0,0,0,0.0,0.0,2025-Jan-30-21:38:27.158287
1.2277433484182283,2308,0,1,0,-1,1,0.0,0.1,2025-Jan-30-21:38:27.237015
0.7494822890755525,2309,1,1,0,-1,0,0.0,0.0,2025-Jan-30-21:38:27.292361
0.8437667697874734,2310,3,1,0,-1,-1,0.0,0.0,2025-Jan-30-21:38:27.360695
0.6213354744516955,2311,3,1,0,0,1,0.0,0.7,2025-Jan-30-21:38:27.404635
0.720772410906665,2312,4,1,0,1,0,0.8,0.0,2025-Jan-30-21:38:27.458767
1.2419215143445705,2313,0,1,0,-1,0,0.0,0.0,2025-Jan-30-21:38:27.542188
1.1283317900769627,2314,0,1,0,-1,1,0.0,0.8,2025-Jan-30-21:38:27.619169
1.2925893835362965,2315,0,1,0,0,-1,0.0,0.0,2025-Jan-30-21:38:27.695540
0.6782479726074269,2316,2,1,0,1,0,0.3,0.0,2025-Jan-30-21:38:27.738163
0.7207724245865745,2317,5,1,0,0,0,0.0,0.0,2025-Jan-30-21:38:27.782140
1.175750641146208,2318,10,1,0,0,0,0.0,0.0,2025-Jan-30-21:38:27.838126
1.2500621651016184,2319,0,1,0,1,-1,0.3,0.0,2025-Jan-30-21:38:27.917452
1.1241434980757945,2320,8,1,0,0,-1,0.0,0.0,2025-Jan-30-21:38:28.014589
0.5937317139206233,2321,1,1,0,0,1,0.0,1.0,2025-Jan-30-21:38:28.125117
0.7207724245866639,2322,2,1,0,0,0,0.0,0.0,2025-Jan-30-21:38:28.183092
0.7569364464145187,2323,7,1,0,-1,1,0.0,1.4,2025-Jan-30-21:38:28.259191
0.8075973436857562,2324,3,1,0,0,-1,0.0,0.0,2025-Jan-30-21:38:28.315082
0.6357217267864548,2325,2,1,0,1,0,0.6,0.0,2025-Jan-30-21:38:28.359717
0.7569364469195129,2326,6,1,0,-1,1,0.0,1.3,2025-Jan-30-21:38:28.438588
0.6640040500156619,2327,4,1,0,-1,1,0.0,0.4,2025-Jan-30-21:38:28.480517
1.070893495434121,2328,10,1,0,-1,1,0.0,1.0,2025-Jan-30-21:38:28.559578
0.8075955916472131,2329,1,1,0,0,-1,0.0,0.0,2025-Jan-30-21:38:28.615819
0.7207724244414657,2330,3,1,0,0,0,0.0,0.0,2025-Jan-30-21:38:28.755605
0.7207724277510907,2331,5,1,0,-1,0,0.0,0.0,2025-Jan-30-21:38:28.800604
0.7207724244414657,2332,3,1,0,0,0,0.0,0.0,2025-Jan-30-21:38:28.843398
1.2057564061623827,2333,0,1,0,0,0,0.0,0.0,2025-Jan-30-21:38:28.897393
0.722544322022553,2334,3,1,0,1,-1,0.6,0.0,2025-Jan-30-21:38:28.978477
0.5795578001266765,2335,3,1,0,1,1,0.1,1.1,2025-Jan-30-21:38:29.094340
1.2057564061623827,2336,0,1,0,0,0,0.0,0.0,2025-Jan-30-21:38:29.161662
1.1508251237833078,2337,0,1,0,1,-1,1.0,0.0,2025-Jan-30-21:38:29.238013
1.2419215143445705,2338,0,1,0,-1,0,0.0,0.0,2025-Jan-30-21:38:29.314894
1.1915769506311984,2339,0,1,0,0,1,0.0,0.1,2025-Jan-30-21:38:29.371445
1.2925893835362965,2340,0,1,0,0,-1,0.0,0.0,2025-Jan-30-21:38:29.449244
1.2057564061623827,2341,0,1,0,0,0,0.0,0.0,2025-Jan-30-21:38:29.507200
0.6490238600804906,2342,3,1,0,-1,1,0.0,0.7,2025-Jan-30-21:38:29.564097
0.7207724247317728,2343,4,1,0,0,0,0.0,0.0,2025-Jan-30-21:38:29.613359
1.2419215143445705,2344,0,1,0,-1,0,0.0,0.0,2025-Jan-30-21:38:29.691010
1.2057564061623827,2345,0,1,0,0,0,0.0,0.0,2025-Jan-30-21:38:29.744264
1.1773887082905579,2346,0,1,0,0,1,0.0,0.2,2025-Jan-30-21:38:29.797095
1.0639936157530818,2347,0,1,0,1,1,0.9,0.1,2025-Jan-30-21:38:29.852281
0.7207724245866639,2348,2,1,0,0,0,0.0,0.0,2025-Jan-30-21:38:29.895848
0.5431837275529764,2349,2,1,0,1,0,1.3,0.0,2025-Jan-30-21:38:29.981960
0.7207724245865745,2350,7,1,0,0,0,0.0,0.0,2025-Jan-30-21:38:30.064975
0.7207724244414657,2351,3,1,0,0,0,0.0,0.0,2025-Jan-30-21:38:30.141922
0.7207724247317728,2352,4,1,0,0,0,0.0,0.0,2025-Jan-30-21:38:30.199360
0.7207724244414657,2353,3,1,0,0,0,0.0,0.0,2025-Jan-30-21:38:30.242806
1.2358860351128524,2354,0,1,0,1,-1,0.4,0.0,2025-Jan-30-21:38:30.319195
0.8075973438166071,2355,2,1,0,0,-1,0.0,0.0,2025-Jan-30-21:38:30.377026
1.028162197718034,2356,0,1,0,1,0,1.8,0.0,2025-Jan-30-21:38:30.454818
0.720772410906665,2357,4,1,0,1,0,0.8,0.0,2025-Jan-30-21:38:30.510383
1.1757506411834284,2358,8,1,0,0,0,0.0,0.0,2025-Jan-30-21:38:30.564592
0.7207724245865745,2359,7,1,0,0,0,0.0,0.0,2025-Jan-30-21:38:30.606781
0.7207724245865745,2360,5,1,0,0,0,0.0,0.0,2025-Jan-30-21:38:30.649522
0.6213354744516955,2361,3,1,0,0,1,0.0,0.7,2025-Jan-30-21:38:30.692455
0.7207724114470306,2362,4,1,0,1,0,0.7,0.0,2025-Jan-30-21:38:30.746083
1.075774204647745,2363,10,1,1,0,1,0.0,0.3,2025-Jan-30-21:38:30.800633
1.1148838749746837,2364,0,1,0,-1,1,0.0,1.0,2025-Jan-30-21:38:30.900793
1.1119380949877005,2365,10,1,1,-1,0,0.0,0.0,2025-Jan-30-21:38:30.988565
1.1915812448205214,2366,0,1,0,1,0,0.1,0.0,2025-Jan-30-21:38:31.084186
0.6300032667540255,2367,2,1,0,1,-1,1.6,0.0,2025-Jan-30-21:38:31.195987
0.7207724244414657,2368,3,1,0,0,0,0.0,0.0,2025-Jan-30-21:38:31.239132
1.0757742179736964,2369,10,1,1,0,0,0.0,0.0,2025-Jan-30-21:38:31.281339
0.5790146671129663,2370,1,1,0,1,0,1.0,0.0,2025-Jan-30-21:38:31.323774
1.1063157077136516,2371,0,1,0,0,1,0.0,0.7,2025-Jan-30-21:38:31.379859
0.6357217266267199,2372,3,1,0,1,0,0.6,0.0,2025-Jan-30-21:38:31.422388
1.2057564061623827,2373,0,1,0,0,0,0.0,0.0,2025-Jan-30-21:38:31.477820
0.63556712287877,2374,3,1,0,0,1,0.0,0.6,2025-Jan-30-21:38:31.521385
0.7207724244414657,2375,3,1,0,0,0,0.0,0.0,2025-Jan-30-21:38:31.566415
0.7207724244414657,2376,3,1,0,0,0,0.0,0.0,2025-Jan-30-21:38:31.608445
0.8437667697874734,2377,3,1,0,-1,-1,0.0,0.0,2025-Jan-30-21:38:31.675086
1.111938081244198,2378,10,1,1,-1,1,0.0,0.9,2025-Jan-30-21:38:31.752101
0.8075955916472131,2379,1,1,0,0,-1,0.0,0.0,2025-Jan-30-21:38:31.805774
0.7207724244414657,2380,3,1,0,0,0,0.0,0.0,2025-Jan-30-21:38:31.849942
0.7207724277510907,2381,5,1,0,-1,0,0.0,0.0,2025-Jan-30-21:38:31.892382
0.7207724245866639,2382,2,1,0,0,0,0.0,0.0,2025-Jan-30-21:38:31.934221
1.0757509786022807,2383,7,1,1,0,-1,0.0,0.0,2025-Jan-30-21:38:31.993910
0.7934223376131126,2384,2,1,0,1,-1,0.1,0.0,2025-Jan-30-21:38:32.082082
0.5653849079507492,2385,3,1,0,1,1,0.2,1.0,2025-Jan-30-21:38:32.180589
1.1119380814927746,2386,10,1,1,-1,1,0.0,1.3,2025-Jan-30-21:38:32.261021
1.1508251237833078,2387,0,1,0,1,-1,1.0,0.0,2025-Jan-30-21:38:32.341486
0.7207724247317728,2388,4,1,0,0,0,0.0,0.0,2025-Jan-30-21:38:32.462705
0.8981530757025221,2389,7,1,1,1,0,1.9,0.0,2025-Jan-30-21:38:32.536073
1.175750641146208,2390,10,1,0,0,0,0.0,0.0,2025-Jan-30-21:38:32.589885
0.7207724247317727,2391,6,1,0,0,0,0.0,0.0,2025-Jan-30-21:38:32.631957
1.120699293272914,2392,0,1,0,1,1,0.5,0.1,2025-Jan-30-21:38:32.684844
0.7207724244414657,2393,3,1,0,0,0,0.0,0.0,2025-Jan-30-21:38:32.727357
1.0757509786022807,2394,7,1,1,0,-1,0.0,0.0,2025-Jan-30-21:38:32.769820
1.1757506411462284,2395,9,1,0,0,0,0.0,0.0,2025-Jan-30-21:38:32.824131
1.0708934980940992,2396,10,1,0,-1,0,0.0,0.0,2025-Jan-30-21:38:32.884225
0.7207724247317728,2397,4,1,0,0,0,0.0,0.0,2025-Jan-30-21:38:32.926772
0.7207724247317728,2398,4,1,0,0,0,0.0,0.0,2025-Jan-30-21:38:32.981450
0.7207724112495479,2399,4,1,0,1,0,1.4,0.0,2025-Jan-30-21:38:33.068091
0.7207724111043498,2400,5,1,0,1,0,1.4,0.0,2025-Jan-30-21:38:33.151839
0.7207724247317728,2401,4,1,0,0,0,0.0,0.0,2025-Jan-30-21:38:33.195302
0.720770503000503,2402,1,1,0,0,0,0.0,0.0,2025-Jan-30-21:38:33.237428
0.7207724245866639,2403,2,1,0,0,0,0.0,0.0,2025-Jan-30-21:38:33.279961
1.2057564061623827,2404,0,1,0,0,0,0.0,0.0,2025-Jan-30-21:38:33.333896
0.7207724245866639,2405,2,1,0,0,0,0.0,0.0,2025-Jan-30-21:38:33.378343
0.720770503000503,2406,1,1,0,0,0,0.0,0.0,2025-Jan-30-21:38:33.421128
0.720770503000503,2407,1,1,0,0,0,0.0,0.0,2025-Jan-30-21:38:33.466347
1.2057564061623827,2408,0,1,0,0,0,0.0,0.0,2025-Jan-30-21:38:33.520286
0.720770503000503,2409,1,1,0,0,0,0.0,0.0,2025-Jan-30-21:38:33.564863
1.2057564061623827,2410,0,1,0,0,0,0.0,0.0,2025-Jan-30-21:38:33.617284
0.720770503000503,2411,1,1,0,0,0,0.0,0.0,2025-Jan-30-21:38:33.659408
0.7207724245866639,2412,2,1,0,0,0,0.0,0.0,2025-Jan-30-21:38:33.701338
0.7207724245866639,2413,2,1,0,0,0,0.0,0.0,2025-Jan-30-21:38:33.743559
0.720770503000503,2414,1,1,0,0,0,0.0,0.0,2025-Jan-30-21:38:33.785947
0.7207724245866639,2415,2,1,0,0,0,0.0,0.0,2025-Jan-30-21:38:33.828274
0.720770503000503,2416,1,1,0,0,0,0.0,0.0,2025-Jan-30-21:38:33.871781
1.2057564061623827,2417,0,1,0,0,0,0.0,0.0,2025-Jan-30-21:38:33.925537
1.2057564061623827,2418,0,1,0,0,0,0.0,0.0,2025-Jan-30-21:38:33.993698
0.720770503000503,2419,1,1,0,0,0,0.0,0.0,2025-Jan-30-21:38:34.069253
0.720770503000503,2420,1,1,0,0,0,0.0,0.0,2025-Jan-30-21:38:34.146904
1.2057564061623827,2421,0,1,0,0,0,0.0,0.0,2025-Jan-30-21:38:34.208021
1.2057564061623827,2422,0,1,0,0,0,0.0,0.0,2025-Jan-30-21:38:34.260861
0.720770503000503,2423,1,1,0,0,0,0.0,0.0,2025-Jan-30-21:38:34.302941
0.720770503000503,2424,1,1,0,0,0,0.0,0.0,2025-Jan-30-21:38:34.345690
1.2057564061623827,2425,0,1,0,0,0,0.0,0.0,2025-Jan-30-21:38:34.401124
0.7207724245866639,2426,2,1,0,0,0,0.0,0.0,2025-Jan-30-21:38:34.442712
0.7207724245866639,2427,2,1,0,0,0,0.0,0.0,2025-Jan-30-21:38:34.484914
0.720770503000503,2428,1,1,0,0,0,0.0,0.0,2025-Jan-30-21:38:34.528459
1.2057564061623827,2429,0,1,0,0,0,0.0,0.0,2025-Jan-30-21:38:34.662501
0.720770503000503,2430,1,1,0,0,0,0.0,0.0,2025-Jan-30-21:38:34.705342
1.2057564061623827,2431,0,1,0,0,0,0.0,0.0,2025-Jan-30-21:38:34.761103
1.2057564061623827,2432,0,1,0,0,0,0.0,0.0,2025-Jan-30-21:38:34.814362
0.7207724245866639,2433,2,1,0,0,0,0.0,0.0,2025-Jan-30-21:38:34.858498
1.2057564061623827,2434,0,1,0,0,0,0.0,0.0,2025-Jan-30-21:38:34.912995
1.2057564061623827,2435,0,1,0,0,0,0.0,0.0,2025-Jan-30-21:38:34.984342
0.720770503000503,2436,1,1,0,0,0,0.0,0.0,2025-Jan-30-21:38:35.052239
1.2057564061623827,2437,0,1,0,0,0,0.0,0.0,2025-Jan-30-21:38:35.144060
1.2057564061623827,2438,0,1,0,0,0,0.0,0.0,2025-Jan-30-21:38:35.216269
0.720770503000503,2439,1,1,0,0,0,0.0,0.0,2025-Jan-30-21:38:35.257618
0.7207724245866639,2440,2,1,0,0,0,0.0,0.0,2025-Jan-30-21:38:35.300430
1.2057564061623827,2441,0,1,0,0,0,0.0,0.0,2025-Jan-30-21:38:35.355530
0.720770503000503,2442,1,1,0,0,0,0.0,0.0,2025-Jan-30-21:38:35.398751
0.7207724245866639,2443,2,1,0,0,0,0.0,0.0,2025-Jan-30-21:38:35.441708
1.2057564061623827,2444,0,1,0,0,0,0.0,0.0,2025-Jan-30-21:38:35.498602
0.7207724245866639,2445,2,1,0,0,0,0.0,0.0,2025-Jan-30-21:38:35.541824
1.2057564061623827,2446,0,1,0,0,0,0.0,0.0,2025-Jan-30-21:38:35.595491
0.7207724245866639,2447,2,1,0,0,0,0.0,0.0,2025-Jan-30-21:38:35.639569
0.720770503000503,2448,1,1,0,0,0,0.0,0.0,2025-Jan-30-21:38:35.682805
0.720770503000503,2449,1,1,0,0,0,0.0,0.0,2025-Jan-30-21:38:35.725172
1.2057564061623827,2450,0,1,0,0,0,0.0,0.0,2025-Jan-30-21:38:35.778573
0.7207724245866639,2451,2,1,0,0,0,0.0,0.0,2025-Jan-30-21:38:35.820682
0.593733871344552,2452,4,1,0,1,1,0.9,1.0,2025-Jan-30-21:38:35.903102
0.6433600230516086,2453,2,1,0,-1,1,0.0,0.8,2025-Jan-30-21:38:35.981613
0.7207724244414657,2454,3,1,0,0,0,0.0,0.0,2025-Jan-30-21:38:36.065600
0.6357217266267199,2455,3,1,0,1,0,0.6,0.0,2025-Jan-30-21:38:36.151439
0.5937355711598074,2456,4,1,0,1,1,0.7,0.9,2025-Jan-30-21:38:36.234591
0.7207724244414657,2457,3,1,0,0,0,0.0,0.0,2025-Jan-30-21:38:36.277181
0.6859908323921626,2458,1,1,0,-1,1,0.0,0.5,2025-Jan-30-21:38:36.332386
0.5937287802852083,2459,5,1,0,1,1,1.2,1.3,2025-Jan-30-21:38:36.410226
1.328758056291552,2460,0,1,0,-1,-1,0.0,0.0,2025-Jan-30-21:38:36.509115
0.7207724245866639,2461,2,1,0,0,0,0.0,0.0,2025-Jan-30-21:38:36.550867
0.720770503000503,2462,1,1,0,0,0,0.0,0.0,2025-Jan-30-21:38:36.592217
0.7207724244414657,2463,3,1,0,0,0,0.0,0.0,2025-Jan-30-21:38:36.635942
0.5362857998853487,2464,3,1,0,1,1,0.6,0.7,2025-Jan-30-21:38:36.678092
0.8075973303578098,2465,4,1,0,1,-1,1.0,0.0,2025-Jan-30-21:38:36.753020
0.63556712287877,2466,3,1,0,0,1,0.0,0.6,2025-Jan-30-21:38:36.795032
0.7207724244414657,2467,3,1,0,0,0,0.0,0.0,2025-Jan-30-21:38:36.837755
0.7207724247317728,2468,4,1,0,0,0,0.0,0.0,2025-Jan-30-21:38:36.882081
0.5937304755671526,2469,5,1,0,1,1,1.1,1.2,2025-Jan-30-21:38:36.982181
0.8075973436857562,2470,3,1,0,0,-1,0.0,0.0,2025-Jan-30-21:38:37.079857
0.7207724113718842,2471,4,1,0,1,0,0.1,0.0,2025-Jan-30-21:38:37.158830
0.7207724245866639,2472,2,1,0,0,0,0.0,0.0,2025-Jan-30-21:38:37.200908
0.6433600228928407,2473,3,1,0,-1,1,0.0,0.8,2025-Jan-30-21:38:37.256280
0.7207724245866639,2474,2,1,0,0,0,0.0,0.0,2025-Jan-30-21:38:37.298328
0.7207724247317728,2475,4,1,0,0,0,0.0,0.0,2025-Jan-30-21:38:37.341275
0.6490364662574499,2476,1,1,0,-1,1,0.0,0.7,2025-Jan-30-21:38:37.396290
0.7207724245866639,2477,2,1,0,0,0,0.0,0.0,2025-Jan-30-21:38:37.439893
0.5362857998853487,2478,3,1,0,1,1,0.6,0.7,2025-Jan-30-21:38:37.484898
0.7207724244414657,2479,3,1,0,0,0,0.0,0.0,2025-Jan-30-21:38:37.606253
0.593732173033535,2480,4,1,0,1,1,1.1,1.1,2025-Jan-30-21:38:37.685889
0.8075955916472131,2481,1,1,0,0,-1,0.0,0.0,2025-Jan-30-21:38:37.741087
0.7207724245866639,2482,2,1,0,0,0,0.0,0.0,2025-Jan-30-21:38:37.782981
0.7207724113578873,2483,4,1,0,1,0,1.0,0.0,2025-Jan-30-21:38:37.835479
0.7207724245866639,2484,2,1,0,0,0,0.0,0.0,2025-Jan-30-21:38:37.879851
0.7207724245866639,2485,2,1,0,0,0,0.0,0.0,2025-Jan-30-21:38:37.923492
0.4661588529618456,2486,3,1,0,1,1,0.9,0.9,2025-Jan-30-21:38:38.018195
1.1757506411462284,2487,9,1,0,0,0,0.0,0.0,2025-Jan-30-21:38:38.103141
0.5079316475820558,2488,1,1,0,1,1,0.8,0.7,2025-Jan-30-21:38:38.165861
0.5937304755671526,2489,5,1,0,1,1,1.1,1.2,2025-Jan-30-21:38:38.241271
0.7207724244414657,2490,3,1,0,0,0,0.0,0.0,2025-Jan-30-21:38:38.283921
1.1851731369833711,2491,0,1,0,-1,1,0.0,0.4,2025-Jan-30-21:38:38.363418
0.7207724245866639,2492,2,1,0,0,0,0.0,0.0,2025-Jan-30-21:38:38.405300
0.7207724244414657,2493,3,1,0,0,0,0.0,0.0,2025-Jan-30-21:38:38.447356
1.2419215143445705,2494,0,1,0,-1,0,0.0,0.0,2025-Jan-30-21:38:38.522381
0.7207724244414657,2495,3,1,0,0,0,0.0,0.0,2025-Jan-30-21:38:38.563752
1.1915769506311984,2496,0,1,0,0,1,0.0,0.1,2025-Jan-30-21:38:38.616560
0.7207724244414657,2497,3,1,0,0,0,0.0,0.0,2025-Jan-30-21:38:38.661646
0.5221101510393981,2498,3,1,0,1,1,0.7,0.7,2025-Jan-30-21:38:38.704151
0.8075973436857562,2499,3,1,0,0,-1,0.0,0.0,2025-Jan-30-21:38:38.758756
0.7207724247317728,2500,4,1,0,0,0,0.0,0.0,2025-Jan-30-21:38:38.811016
1.2057564061623827,2501,0,1,0,0,0,0.0,0.0,2025-Jan-30-21:38:38.868524
0.720770503000503,2502,1,1,0,0,0,0.0,0.0,2025-Jan-30-21:38:38.916676
0.6071610316990798,2503,3,1,0,1,1,0.1,0.7,2025-Jan-30-21:38:38.979199
0.5937287803158875,2504,4,1,0,1,1,1.1,1.3,2025-Jan-30-21:38:39.128644
0.6941917221244963,2505,3,1,0,1,-1,0.8,0.0,2025-Jan-30-21:38:39.224882
0.5078698758175744,2506,3,1,0,1,1,0.7,0.8,2025-Jan-30-21:38:39.276421
0.7207724244414657,2507,3,1,0,0,0,0.0,0.0,2025-Jan-30-21:38:39.325232
1.213559155205243,2508,0,1,0,-1,1,0.0,0.2,2025-Jan-30-21:38:39.416179
1.2057564061623827,2509,0,1,0,0,0,0.0,0.0,2025-Jan-30-21:38:39.477643
0.7207724247317728,2510,4,1,0,0,0,0.0,0.0,2025-Jan-30-21:38:39.527357
0.5937355838359837,2511,3,1,0,0,1,0.0,0.9,2025-Jan-30-21:38:39.606764
0.720770503000503,2512,1,1,0,0,0,0.0,0.0,2025-Jan-30-21:38:39.649919
0.7207724247317728,2513,4,1,0,0,0,0.0,0.0,2025-Jan-30-21:38:39.694471
0.45197980502908963,2514,1,1,0,1,1,1.0,0.9,2025-Jan-30-21:38:39.765097
0.720770503000503,2515,1,1,0,0,0,0.0,0.0,2025-Jan-30-21:38:39.807344
0.6497899798130522,2516,3,1,0,0,1,0.0,0.5,2025-Jan-30-21:38:39.937085
0.6300035334288238,2517,2,1,0,1,-1,1.3,0.0,2025-Jan-30-21:38:40.054716
0.720770503000503,2518,1,1,0,0,0,0.0,0.0,2025-Jan-30-21:38:40.129569
1.175750670041477,2519,8,1,0,1,1,1.4,1.5,2025-Jan-30-21:38:40.198328
0.9511329613952378,2520,0,1,0,1,1,0.9,0.9,2025-Jan-30-21:38:40.286232
0.7207724244414657,2521,3,1,0,0,0,0.0,0.0,2025-Jan-30-21:38:40.336437
0.6215459109445581,2522,3,1,0,1,0,0.7,0.0,2025-Jan-30-21:38:40.386294
0.536220925256788,2523,3,1,0,1,1,0.5,0.8,2025-Jan-30-21:38:40.436501
0.6355671231981772,2524,4,1,0,0,1,0.0,0.6,2025-Jan-30-21:38:40.485766
0.664070570586488,2525,1,1,0,1,0,0.4,0.0,2025-Jan-30-21:38:40.535877
0.7207724244414657,2526,3,1,0,0,0,0.0,0.0,2025-Jan-30-21:38:40.585562
0.7569364602754676,2527,2,1,0,-1,0,0.0,0.0,2025-Jan-30-21:38:40.650644
0.7207724244414657,2528,3,1,0,0,0,0.0,0.0,2025-Jan-30-21:38:40.702232
0.6921181242403267,2529,1,1,0,-1,1,0.0,0.4,2025-Jan-30-21:38:40.767202
0.5937338711998192,2530,4,1,0,1,1,1.0,1.0,2025-Jan-30-21:38:40.847408
0.8075973438166071,2531,2,1,0,0,-1,0.0,0.0,2025-Jan-30-21:38:40.910979
0.5221101510393981,2532,3,1,0,1,1,0.7,0.7,2025-Jan-30-21:38:40.977792
0.5220455014445136,2533,3,1,0,1,1,0.6,0.8,2025-Jan-30-21:38:41.042956
0.7207724245866639,2534,2,1,0,0,0,0.0,0.0,2025-Jan-30-21:38:41.115371
0.5795578001266765,2535,3,1,0,1,1,0.1,1.1,2025-Jan-30-21:38:41.216737
0.5512094457902303,2536,1,1,0,1,1,0.3,0.9,2025-Jan-30-21:38:41.301194
0.6941917221244963,2537,3,1,0,1,-1,0.8,0.0,2025-Jan-30-21:38:41.370035
1.0071421723642822,2538,0,1,0,1,1,0.8,0.6,2025-Jan-30-21:38:41.432574
0.5937321727120493,2539,5,1,0,1,1,1.3,1.1,2025-Jan-30-21:38:41.520726
0.7207724245865745,2540,5,1,0,0,0,0.0,0.0,2025-Jan-30-21:38:41.568891
0.7207724245865745,2541,7,1,0,0,0,0.0,0.0,2025-Jan-30-21:38:41.617275
0.8075973436857562,2542,3,1,0,0,-1,0.0,0.0,2025-Jan-30-21:38:41.673756
0.7207724114280046,2543,4,1,0,1,0,0.2,0.0,2025-Jan-30-21:38:41.732794
1.162599289019349,2544,8,1,1,0,-1,0.0,0.0,2025-Jan-30-21:38:41.791010
0.7207724245866639,2545,2,1,0,0,0,0.0,0.0,2025-Jan-30-21:38:41.834300
1.070893498094094,2546,8,1,0,-1,0,0.0,0.0,2025-Jan-30-21:38:41.895843
0.7207724245866639,2547,2,1,0,0,0,0.0,0.0,2025-Jan-30-21:38:41.940850
0.5362857998853487,2548,3,1,0,1,1,0.6,0.7,2025-Jan-30-21:38:42.022728
0.5431815835612117,2549,1,1,0,1,0,1.5,0.0,2025-Jan-30-21:38:42.134649
0.6298955774360234,2550,2,1,0,-1,1,0.0,1.7,2025-Jan-30-21:38:42.238277
0.8075973439474216,2551,4,1,0,0,-1,0.0,0.0,2025-Jan-30-21:38:42.298731
1.2057564061623827,2552,0,1,0,0,0,0.0,0.0,2025-Jan-30-21:38:42.356856
0.720770503000503,2553,1,1,0,0,0,0.0,0.0,2025-Jan-30-21:38:42.400367
0.720770503000503,2554,1,1,0,0,0,0.0,0.0,2025-Jan-30-21:38:42.444765
0.720770503000503,2555,1,1,0,0,0,0.0,0.0,2025-Jan-30-21:38:42.486568
0.7207724245866639,2556,2,1,0,0,0,0.0,0.0,2025-Jan-30-21:38:42.530127
0.720770503000503,2557,1,1,0,0,0,0.0,0.0,2025-Jan-30-21:38:42.572556
0.720770503000503,2558,1,1,0,0,0,0.0,0.0,2025-Jan-30-21:38:42.614972
0.7207724245866639,2559,2,1,0,0,0,0.0,0.0,2025-Jan-30-21:38:42.658130
0.7207724245866639,2560,2,1,0,0,0,0.0,0.0,2025-Jan-30-21:38:42.703613
0.7207724245866639,2561,2,1,0,0,0,0.0,0.0,2025-Jan-30-21:38:42.748048
0.720770503000503,2562,1,1,0,0,0,0.0,0.0,2025-Jan-30-21:38:42.790309
0.7207724245866639,2563,2,1,0,0,0,0.0,0.0,2025-Jan-30-21:38:42.833026
1.2057564061623827,2564,0,1,0,0,0,0.0,0.0,2025-Jan-30-21:38:42.887592
0.7207724245866639,2565,2,1,0,0,0,0.0,0.0,2025-Jan-30-21:38:42.935130
0.7207724245866639,2566,2,1,0,0,0,0.0,0.0,2025-Jan-30-21:38:43.068223
0.720770503000503,2567,1,1,0,0,0,0.0,0.0,2025-Jan-30-21:38:43.140029
1.2057564061623827,2568,0,1,0,0,0,0.0,0.0,2025-Jan-30-21:38:43.227316
0.7207724245866639,2569,2,1,0,0,0,0.0,0.0,2025-Jan-30-21:38:43.288329
1.2057564061623827,2570,0,1,0,0,0,0.0,0.0,2025-Jan-30-21:38:43.344039
0.7207724245866639,2571,2,1,0,0,0,0.0,0.0,2025-Jan-30-21:38:43.387717
0.7207724245866639,2572,2,1,0,0,0,0.0,0.0,2025-Jan-30-21:38:43.432330
1.2057564061623827,2573,0,1,0,0,0,0.0,0.0,2025-Jan-30-21:38:43.491996
0.720770503000503,2574,1,1,0,0,0,0.0,0.0,2025-Jan-30-21:38:43.541822
0.720770503000503,2575,1,1,0,0,0,0.0,0.0,2025-Jan-30-21:38:43.590756
1.2057564061623827,2576,0,1,0,0,0,0.0,0.0,2025-Jan-30-21:38:43.652125
0.7207724245866639,2577,2,1,0,0,0,0.0,0.0,2025-Jan-30-21:38:43.698174
1.2057564061623827,2578,0,1,0,0,0,0.0,0.0,2025-Jan-30-21:38:43.758821
1.2057564061623827,2579,0,1,0,0,0,0.0,0.0,2025-Jan-30-21:38:43.817755
1.2057564061623827,2580,0,1,0,0,0,0.0,0.0,2025-Jan-30-21:38:43.877599
0.7207724245866639,2581,2,1,0,0,0,0.0,0.0,2025-Jan-30-21:38:43.926206
0.720770503000503,2582,1,1,0,0,0,0.0,0.0,2025-Jan-30-21:38:43.972523
1.2057564061623827,2583,0,1,0,0,0,0.0,0.0,2025-Jan-30-21:38:44.070928
0.720770503000503,2584,1,1,0,0,0,0.0,0.0,2025-Jan-30-21:38:44.146213
0.720770503000503,2585,1,1,0,0,0,0.0,0.0,2025-Jan-30-21:38:44.219782
0.7207724245866639,2586,2,1,0,0,0,0.0,0.0,2025-Jan-30-21:38:44.265954
0.7207724245866639,2587,2,1,0,0,0,0.0,0.0,2025-Jan-30-21:38:44.314628
1.2057564061623827,2588,0,1,0,0,0,0.0,0.0,2025-Jan-30-21:38:44.369498
1.2057564061623827,2589,0,1,0,0,0,0.0,0.0,2025-Jan-30-21:38:44.425477
0.720770503000503,2590,1,1,0,0,0,0.0,0.0,2025-Jan-30-21:38:44.467920
1.2057564061623827,2591,0,1,0,0,0,0.0,0.0,2025-Jan-30-21:38:44.527801
1.2057564061623827,2592,0,1,0,0,0,0.0,0.0,2025-Jan-30-21:38:44.581890
0.720770503000503,2593,1,1,0,0,0,0.0,0.0,2025-Jan-30-21:38:44.624828
1.2057564061623827,2594,0,1,0,0,0,0.0,0.0,2025-Jan-30-21:38:44.678288
1.2057564061623827,2595,0,1,0,0,0,0.0,0.0,2025-Jan-30-21:38:44.734819
0.7207724245866639,2596,2,1,0,0,0,0.0,0.0,2025-Jan-30-21:38:44.777458
0.7207724245866639,2597,2,1,0,0,0,0.0,0.0,2025-Jan-30-21:38:44.820040
0.720770503000503,2598,1,1,0,0,0,0.0,0.0,2025-Jan-30-21:38:44.864353
0.7207724245866639,2599,2,1,0,0,0,0.0,0.0,2025-Jan-30-21:38:44.909002
0.7207724245866639,2600,2,1,0,0,0,0.0,0.0,2025-Jan-30-21:38:44.982370
0.720770503000503,2601,1,1,0,0,0,0.0,0.0,2025-Jan-30-21:38:45.054712
0.9787335888590265,2602,0,1,0,1,1,0.9,0.7,2025-Jan-30-21:38:45.163969
0.4161466283814514,2603,1,1,0,1,1,1.5,1.0,2025-Jan-30-21:38:45.266281
0.45197980502908963,2604,1,1,0,1,1,1.0,0.9,2025-Jan-30-21:38:45.337893
0.4378033287274701,2605,1,1,0,1,1,1.1,0.9,2025-Jan-30-21:38:45.411059
0.4378033287274701,2606,1,1,0,1,1,1.1,0.9,2025-Jan-30-21:38:45.483944
0.4161459820351257,2607,2,1,0,1,1,1.5,1.2,2025-Jan-30-21:38:45.582346
0.5937270859608316,2608,4,1,0,1,1,1.7,1.4,2025-Jan-30-21:38:45.662596
1.2419215143445705,2609,0,1,0,-1,0,0.0,0.0,2025-Jan-30-21:38:45.742050
1.0637901160391492,2610,0,1,0,1,1,0.3,0.7,2025-Jan-30-21:38:45.797054
0.4653389650301345,2611,1,1,0,1,1,1.0,0.8,2025-Jan-30-21:38:45.841114
0.4511653426461117,2612,2,1,0,1,1,1.1,0.8,2025-Jan-30-21:38:45.885744
0.4236249518937625,2613,1,1,0,1,1,1.2,1.0,2025-Jan-30-21:38:45.981178
0.45197980502908963,2614,1,1,0,1,1,1.0,0.9,2025-Jan-30-21:38:46.101454
0.5937220116239958,2615,4,1,0,1,1,1.9,1.7,2025-Jan-30-21:38:46.346434
0.45197980502908963,2616,1,1,0,1,1,1.0,0.9,2025-Jan-30-21:38:46.432212
0.6215309780298597,2617,2,1,0,1,1,0.5,0.2,2025-Jan-30-21:38:46.480097
0.692418922923158,2618,3,1,0,1,1,0.1,0.1,2025-Jan-30-21:38:46.526430
1.328758056291552,2619,0,1,0,-1,-1,0.0,0.0,2025-Jan-30-21:38:46.630485
0.45197980502908963,2620,1,1,0,1,1,1.0,0.9,2025-Jan-30-21:38:46.706522
0.7225443221679263,2621,2,1,0,1,-1,0.6,0.0,2025-Jan-30-21:38:46.764235
0.4519781089618125,2622,1,1,0,1,1,1.0,1.0,2025-Jan-30-21:38:46.839353
0.423626647162912,2623,1,1,0,1,1,1.2,0.9,2025-Jan-30-21:38:46.917385
1.0281613073837461,2624,0,1,0,1,0,1.5,0.0,2025-Jan-30-21:38:47.026775
0.43780285184071954,2625,2,1,0,1,1,1.1,1.1,2025-Jan-30-21:38:47.156879
0.7083681223836683,2626,2,1,0,1,-1,0.7,0.0,2025-Jan-30-21:38:47.234234
0.9369494167340388,2627,0,1,0,1,1,1.0,1.3,2025-Jan-30-21:38:47.314854
0.4236249518937625,2628,1,1,0,1,1,1.2,1.0,2025-Jan-30-21:38:47.392587
0.41614656760843055,2629,2,1,0,1,1,1.3,1.1,2025-Jan-30-21:38:47.492791
1.021318579980135,2630,0,1,0,1,1,0.7,0.6,2025-Jan-30-21:38:47.551501
0.4161420335559785,2631,3,1,0,1,1,1.7,1.5,2025-Jan-30-21:38:47.652271
0.43780163305934394,2632,1,1,0,1,1,1.1,1.0,2025-Jan-30-21:38:47.728409
0.423626647162912,2633,1,1,0,1,1,1.2,0.9,2025-Jan-30-21:38:47.802091
0.41614316092354964,2634,3,1,0,1,1,1.6,1.4,2025-Jan-30-21:38:47.902045
0.7494822890755525,2635,1,1,0,-1,0,0.0,0.0,2025-Jan-30-21:38:47.979143
0.6433580119095207,2636,1,1,0,-1,1,0.0,0.8,2025-Jan-30-21:38:48.088074
0.4653389650301345,2637,1,1,0,1,1,1.0,0.8,2025-Jan-30-21:38:48.166654
0.451980953397919,2638,3,1,0,1,1,1.0,1.0,2025-Jan-30-21:38:48.261317
0.9929101748151785,2639,0,1,0,1,1,0.8,0.7,2025-Jan-30-21:38:48.317673
0.42362623931139964,2640,2,1,0,1,1,1.2,1.1,2025-Jan-30-21:38:48.391984
1.0779655107880208,2641,0,1,0,1,1,0.2,0.7,2025-Jan-30-21:38:48.446951
0.4161452409216919,2642,1,1,0,1,1,1.3,1.0,2025-Jan-30-21:38:48.543699
0.4236127419390243,2643,2,1,0,1,1,1.2,1.9,2025-Jan-30-21:38:48.618729
1.036182360951404,2644,0,1,0,1,1,0.3,1.3,2025-Jan-30-21:38:48.698269
0.46615607671591125,2645,1,1,0,1,1,0.9,0.9,2025-Jan-30-21:38:48.771314
0.41614316092354964,2646,3,1,0,1,1,1.6,1.4,2025-Jan-30-21:38:48.869753
0.41614656760843055,2647,2,1,0,1,1,1.3,1.1,2025-Jan-30-21:38:48.996711
0.4236249518937625,2648,1,1,0,1,1,1.2,1.0,2025-Jan-30-21:38:49.119465
0.8075973467942734,2649,4,1,0,-1,-1,0.0,0.0,2025-Jan-30-21:38:49.203045
0.4654602268979904,2650,2,1,0,1,1,1.2,0.6,2025-Jan-30-21:38:49.248357
0.9786693863616165,2651,0,1,0,1,1,0.8,0.8,2025-Jan-30-21:38:49.305532
0.5937338715600645,2652,4,1,0,1,1,0.8,1.0,2025-Jan-30-21:38:49.385648
0.5937334138569235,2653,1,1,0,0,1,0.0,0.9,2025-Jan-30-21:38:49.459760
0.5653849079507492,2654,3,1,0,1,1,0.2,1.0,2025-Jan-30-21:38:49.534311
0.41614484838216,2655,3,1,0,1,1,1.6,1.3,2025-Jan-30-21:38:49.634332
0.9362026245885889,2656,0,1,0,1,1,1.2,0.7,2025-Jan-30-21:38:49.824863
0.41614316092354964,2657,3,1,0,1,1,1.6,1.4,2025-Jan-30-21:38:49.966337
0.6300034445526976,2658,2,1,0,1,-1,1.4,0.0,2025-Jan-30-21:38:50.106661
0.5937355710168366,2659,5,1,0,1,1,1.1,0.9,2025-Jan-30-21:38:50.212915
0.7207724247317727,2660,6,1,0,0,0,0.0,0.0,2025-Jan-30-21:38:50.257758
1.0070865607261388,2661,0,1,0,1,1,0.7,0.7,2025-Jan-30-21:38:50.313508
0.47957920043892754,2662,1,1,0,1,1,1.0,0.7,2025-Jan-30-21:38:50.360033
0.43780624125395284,2663,2,1,0,1,1,1.1,0.9,2025-Jan-30-21:38:50.434775
0.42362623931139964,2664,2,1,0,1,1,1.2,1.1,2025-Jan-30-21:38:50.507275
0.4161429582898809,2665,1,1,0,1,1,1.5,1.2,2025-Jan-30-21:38:50.602888
0.6516613136497739,2666,3,1,0,1,-1,1.1,0.0,2025-Jan-30-21:38:50.660212
0.5221657584487325,2667,2,1,0,1,1,0.8,0.6,2025-Jan-30-21:38:50.703198
0.720770503000503,2668,1,1,0,0,0,0.0,0.0,2025-Jan-30-21:38:50.746410
0.5937304755671526,2669,5,1,0,1,1,1.1,1.2,2025-Jan-30-21:38:50.832091
0.45197980502908963,2670,1,1,0,1,1,1.0,0.9,2025-Jan-30-21:38:50.909622
0.5937317139206233,2671,1,1,0,0,1,0.0,1.0,2025-Jan-30-21:38:51.010372
0.4377999388923184,2672,1,1,0,1,1,1.1,1.1,2025-Jan-30-21:38:51.124488
0.41614705307474276,2673,1,1,0,1,1,1.3,0.9,2025-Jan-30-21:38:51.244107
0.8075973439474216,2674,4,1,0,0,-1,0.0,0.0,2025-Jan-30-21:38:51.301749
0.43780285184071954,2675,2,1,0,1,1,1.1,1.1,2025-Jan-30-21:38:51.380499
0.593732173033535,2676,4,1,0,1,1,1.1,1.1,2025-Jan-30-21:38:51.464301
0.5370300421971954,2677,2,1,0,1,1,0.4,1.3,2025-Jan-30-21:38:51.539423
0.4161435477294968,2678,1,1,0,1,1,1.3,1.1,2025-Jan-30-21:38:51.636770
0.41614711943916943,2679,2,1,0,1,1,1.4,1.1,2025-Jan-30-21:38:51.732003
0.4378011591952844,2680,3,1,0,1,1,1.1,1.2,2025-Jan-30-21:38:51.811548
0.4378033287274701,2681,1,1,0,1,1,1.1,0.9,2025-Jan-30-21:38:51.890410
0.43780163305934394,2682,1,1,0,1,1,1.1,1.0,2025-Jan-30-21:38:51.998668
0.42362325812616697,2683,1,1,0,1,1,1.2,1.1,2025-Jan-30-21:38:52.104405
0.4661537688748857,2684,2,1,0,1,1,0.9,1.2,2025-Jan-30-21:38:52.196731
0.5512101180930316,2685,3,1,0,1,1,0.3,1.0,2025-Jan-30-21:38:52.269997
0.8075973439474216,2686,4,1,0,0,-1,0.0,0.0,2025-Jan-30-21:38:52.328846
0.465341781891923,2687,2,1,0,1,1,1.0,0.8,2025-Jan-30-21:38:52.375991
0.6941917221244963,2688,3,1,0,1,-1,0.8,0.0,2025-Jan-30-21:38:52.434886
0.5648406166687203,2689,7,1,0,1,1,1.1,1.3,2025-Jan-30-21:38:52.495250
0.42362325812616697,2690,1,1,0,1,1,1.2,1.1,2025-Jan-30-21:38:52.575221
1.175750641146208,2691,10,1,0,0,0,0.0,0.0,2025-Jan-30-21:38:52.632731
0.4236249518937625,2692,1,1,0,1,1,1.2,1.0,2025-Jan-30-21:38:52.708026
0.41613418701104743,2693,2,1,0,1,1,1.5,1.9,2025-Jan-30-21:38:52.820172
0.45198095358908097,2694,2,1,0,1,1,1.0,1.0,2025-Jan-30-21:38:52.896326
0.45198264944706784,2695,2,1,0,1,1,1.0,0.9,2025-Jan-30-21:38:52.998197
0.41613643165672515,2696,3,1,0,1,1,1.9,1.9,2025-Jan-30-21:38:53.151849
0.41614656760843055,2697,2,1,0,1,1,1.3,1.1,2025-Jan-30-21:38:53.270579
0.4161435477294968,2698,1,1,0,1,1,1.3,1.1,2025-Jan-30-21:38:53.386187
0.5431840358458833,2699,2,1,0,1,0,1.4,0.0,2025-Jan-30-21:38:53.464192
0.44375218737756045,2700,3,1,0,1,1,1.3,0.7,2025-Jan-30-21:38:53.540158
0.7207724247317727,2701,6,1,0,0,0,0.0,0.0,2025-Jan-30-21:38:53.586236
0.7083659094996353,2702,1,1,0,1,-1,0.7,0.0,2025-Jan-30-21:38:53.641977
1.2057564061623827,2703,0,1,0,0,0,0.0,0.0,2025-Jan-30-21:38:53.697174
1.2419215143445705,2704,0,1,0,-1,0,0.0,0.0,2025-Jan-30-21:38:53.857114
1.2057564061623827,2705,0,1,0,0,0,0.0,0.0,2025-Jan-30-21:38:53.913815
1.2057564061623827,2706,0,1,0,0,0,0.0,0.0,2025-Jan-30-21:38:53.994371
1.2057564061623827,2707,0,1,0,0,0,0.0,0.0,2025-Jan-30-21:38:54.082040
1.2057564061623827,2708,0,1,0,0,0,0.0,0.0,2025-Jan-30-21:38:54.165466
1.2057564061623827,2709,0,1,0,0,0,0.0,0.0,2025-Jan-30-21:38:54.220018
1.2057564061623827,2710,0,1,0,0,0,0.0,0.0,2025-Jan-30-21:38:54.275054
1.2057564061623827,2711,0,1,0,0,0,0.0,0.0,2025-Jan-30-21:38:54.333327
0.45197980502908963,2712,1,1,0,1,1,1.0,0.9,2025-Jan-30-21:38:54.406235
1.2057564061623827,2713,0,1,0,0,0,0.0,0.0,2025-Jan-30-21:38:54.465085
0.47951526779569237,2714,1,1,0,1,1,0.9,0.8,2025-Jan-30-21:38:54.508949
0.7494822890755525,2715,1,1,0,-1,0,0.0,0.0,2025-Jan-30-21:38:54.571409
1.2057564061623827,2716,0,1,0,0,0,0.0,0.0,2025-Jan-30-21:38:54.625027
0.47951526779569237,2717,1,1,0,1,1,0.9,0.8,2025-Jan-30-21:38:54.670196
1.2057564061623827,2718,0,1,0,0,0,0.0,0.0,2025-Jan-30-21:38:54.723460
1.2057564061623827,2719,0,1,0,0,0,0.0,0.0,2025-Jan-30-21:38:54.779825
0.621543524967523,2720,1,1,0,1,0,0.7,0.0,2025-Jan-30-21:38:54.824298
0.47951526779569237,2721,1,1,0,1,1,0.9,0.8,2025-Jan-30-21:38:54.870735
1.2057564061623827,2722,0,1,0,0,0,0.0,0.0,2025-Jan-30-21:38:54.925811
1.2057564061623827,2723,0,1,0,0,0,0.0,0.0,2025-Jan-30-21:38:55.000497
0.7494822890755525,2724,1,1,0,-1,0,0.0,0.0,2025-Jan-30-21:38:55.091638
1.2057564061623827,2725,0,1,0,0,0,0.0,0.0,2025-Jan-30-21:38:55.172943
1.2057564061623827,2726,0,1,0,0,0,0.0,0.0,2025-Jan-30-21:38:55.230693
0.7083659094996353,2727,1,1,0,1,-1,0.7,0.0,2025-Jan-30-21:38:55.287000
1.2057564061623827,2728,0,1,0,0,0,0.0,0.0,2025-Jan-30-21:38:55.343955
1.2057564061623827,2729,0,1,0,0,0,0.0,0.0,2025-Jan-30-21:38:55.398411
0.7494822890755525,2730,1,1,0,-1,0,0.0,0.0,2025-Jan-30-21:38:55.459687
0.7083659094996353,2731,1,1,0,1,-1,0.7,0.0,2025-Jan-30-21:38:55.516317
0.7494822890755525,2732,1,1,0,-1,0,0.0,0.0,2025-Jan-30-21:38:55.574259
1.2057564061623827,2733,0,1,0,0,0,0.0,0.0,2025-Jan-30-21:38:55.627398
0.621543524967523,2734,1,1,0,1,0,0.7,0.0,2025-Jan-30-21:38:55.670881
0.5079316475820558,2735,1,1,0,1,1,0.8,0.7,2025-Jan-30-21:38:55.713253
1.2057564061623827,2736,0,1,0,0,0,0.0,0.0,2025-Jan-30-21:38:55.768313
0.5079316475820558,2737,1,1,0,1,1,0.8,0.7,2025-Jan-30-21:38:55.811995
0.7494822890755525,2738,1,1,0,-1,0,0.0,0.0,2025-Jan-30-21:38:55.869568
1.2057564061623827,2739,0,1,0,0,0,0.0,0.0,2025-Jan-30-21:38:55.925165
1.2057564061623827,2740,0,1,0,0,0,0.0,0.0,2025-Jan-30-21:38:55.997429
1.2057564061623827,2741,0,1,0,0,0,0.0,0.0,2025-Jan-30-21:38:56.087934
0.4653389650301345,2742,1,1,0,1,1,1.0,0.8,2025-Jan-30-21:38:56.266030
1.2057564061623827,2743,0,1,0,0,0,0.0,0.0,2025-Jan-30-21:38:56.334789
0.7494822890755525,2744,1,1,0,-1,0,0.0,0.0,2025-Jan-30-21:38:56.397529
0.7494822890755525,2745,1,1,0,-1,0,0.0,0.0,2025-Jan-30-21:38:56.455301
1.2057564061623827,2746,0,1,0,0,0,0.0,0.0,2025-Jan-30-21:38:56.509198
1.2057564061623827,2747,0,1,0,0,0,0.0,0.0,2025-Jan-30-21:38:56.564688
0.5079316475820558,2748,1,1,0,1,1,0.8,0.7,2025-Jan-30-21:38:56.608580
1.2057564061623827,2749,0,1,0,0,0,0.0,0.0,2025-Jan-30-21:38:56.664986
1.2057564061623827,2750,0,1,0,0,0,0.0,0.0,2025-Jan-30-21:38:56.718965
0.621543524967523,2751,1,1,0,1,0,0.7,0.0,2025-Jan-30-21:38:56.763370
0.9011080126635409,2752,0,1,0,1,1,1.9,1.9,2025-Jan-30-21:38:56.869164
0.5937186363983333,2753,4,1,0,1,1,1.0,1.9,2025-Jan-30-21:38:56.970511
0.41613418701104743,2754,2,1,0,1,1,1.5,1.9,2025-Jan-30-21:38:57.108615
0.46614591945310296,2755,1,1,0,1,1,0.9,1.5,2025-Jan-30-21:38:57.202276
0.5937186365292924,2756,4,1,0,1,1,1.6,1.9,2025-Jan-30-21:38:57.284119
0.43779609010409226,2757,2,1,0,1,1,1.1,1.5,2025-Jan-30-21:38:57.363355
0.42361610765158253,2758,2,1,0,1,1,1.2,1.7,2025-Jan-30-21:38:57.435565
0.41613284273901086,2759,1,1,0,1,1,1.5,1.8,2025-Jan-30-21:38:57.535839
0.9511159777781416,2760,0,1,0,1,1,0.9,1.9,2025-Jan-30-21:38:57.617041
0.5937186359542693,2761,5,1,0,1,1,1.8,1.9,2025-Jan-30-21:38:57.696672
0.5937186361211373,2762,4,1,0,1,1,1.8,1.9,2025-Jan-30-21:38:57.775588
0.5937186365292924,2763,4,1,0,1,1,1.6,1.9,2025-Jan-30-21:38:57.856067
0.41613418701104743,2764,2,1,0,1,1,1.5,1.9,2025-Jan-30-21:38:57.970664
0.41613418681378267,2765,3,1,0,1,1,1.5,1.9,2025-Jan-30-21:38:58.099933
0.5937186361211373,2766,4,1,0,1,1,1.8,1.9,2025-Jan-30-21:38:58.199230
0.5937186363281997,2767,4,1,0,1,1,1.9,1.9,2025-Jan-30-21:38:58.279379
0.42361779239920644,2768,3,1,0,1,1,1.2,1.6,2025-Jan-30-21:38:58.357447
0.9011086350973794,2769,0,1,0,1,1,1.7,1.8,2025-Jan-30-21:38:58.461701
0.5937186361211373,2770,4,1,0,1,1,1.8,1.9,2025-Jan-30-21:38:58.540156
0.4161358679515782,2771,3,1,0,1,1,1.8,1.9,2025-Jan-30-21:38:58.637492
0.416134745488314,2772,3,1,0,1,1,1.6,1.9,2025-Jan-30-21:38:58.734175
0.5937186361568143,2773,4,1,0,1,1,1.5,1.9,2025-Jan-30-21:38:58.814260
0.41613339913442554,2774,1,1,0,1,1,1.9,1.9,2025-Jan-30-21:38:58.915420
0.4161353060056502,2775,3,1,0,1,1,1.7,1.9,2025-Jan-30-21:38:59.040845
0.9011081047010807,2776,0,1,0,1,1,1.6,1.8,2025-Jan-30-21:38:59.175800
0.41613979084548336,2777,3,1,0,1,1,1.9,1.7,2025-Jan-30-21:38:59.273232
0.593718636346788,2778,4,1,0,1,1,1.4,1.9,2025-Jan-30-21:38:59.354202
0.41613418701104743,2779,2,1,0,1,1,1.5,1.9,2025-Jan-30-21:38:59.454614
0.41613418701104743,2780,2,1,0,1,1,1.5,1.9,2025-Jan-30-21:38:59.553150
0.7494822890755525,2781,1,1,0,-1,0,0.0,0.0,2025-Jan-30-21:38:59.610239
0.416134745488314,2782,3,1,0,1,1,1.6,1.9,2025-Jan-30-21:38:59.707440
0.41613418681378267,2783,3,1,0,1,1,1.5,1.9,2025-Jan-30-21:38:59.804648
0.7494822890755525,2784,1,1,0,-1,0,0.0,0.0,2025-Jan-30-21:38:59.864092
0.4161353060056502,2785,3,1,0,1,1,1.7,1.9,2025-Jan-30-21:38:59.987066
0.41613339913442554,2786,1,1,0,1,1,1.9,1.9,2025-Jan-30-21:39:00.127408
0.5937186361211373,2787,4,1,0,1,1,1.8,1.9,2025-Jan-30-21:39:00.301449
0.4161353062029225,2788,2,1,0,1,1,1.7,1.9,2025-Jan-30-21:39:00.407775
0.9011120168819482,2789,0,1,0,1,1,1.7,1.6,2025-Jan-30-21:39:00.511395
0.5937186361568143,2790,4,1,0,1,1,1.5,1.9,2025-Jan-30-21:39:00.589615
0.9227623114232358,2791,0,1,0,1,1,1.1,1.9,2025-Jan-30-21:39:00.666951
0.41613418701104743,2792,2,1,0,1,1,1.5,1.9,2025-Jan-30-21:39:00.763348
0.4161431857700979,2793,2,1,0,1,1,1.3,1.3,2025-Jan-30-21:39:00.857513
0.4161353060056502,2794,3,1,0,1,1,1.7,1.9,2025-Jan-30-21:39:00.967853
0.41613418701104743,2795,2,1,0,1,1,1.5,1.9,2025-Jan-30-21:39:01.093483
0.522042955562042,2796,1,1,0,1,1,0.6,0.8,2025-Jan-30-21:39:01.163127
0.5937203233779841,2797,4,1,0,1,1,1.3,1.8,2025-Jan-30-21:39:01.241038
0.5937186361568143,2798,4,1,0,1,1,1.5,1.9,2025-Jan-30-21:39:01.319478
0.5937253929656602,2799,4,1,0,1,1,1.0,1.5,2025-Jan-30-21:39:01.403535
0.4161336305451351,2800,2,1,0,1,1,1.4,1.9,2025-Jan-30-21:39:01.501828
0.41613116175409415,2801,1,1,0,1,1,1.5,1.9,2025-Jan-30-21:39:01.600794
0.4378011591952844,2802,3,1,0,1,1,1.1,1.2,2025-Jan-30-21:39:01.674675
0.8075955916472131,2803,1,1,0,0,-1,0.0,0.0,2025-Jan-30-21:39:01.728996
0.4161353060056502,2804,3,1,0,1,1,1.7,1.9,2025-Jan-30-21:39:01.827427
0.6300031779171098,2805,3,1,0,1,-1,1.7,0.0,2025-Jan-30-21:39:01.915867
0.9361390896514963,2806,0,1,0,1,1,1.1,0.8,2025-Jan-30-21:39:01.990361
0.41614598183782664,2807,3,1,0,1,1,1.5,1.2,2025-Jan-30-21:39:02.126136
0.4236177925951917,2808,2,1,0,1,1,1.2,1.6,2025-Jan-30-21:39:02.212420
0.9011064155079336,2809,0,1,0,1,1,1.6,1.9,2025-Jan-30-21:39:02.314951
0.7207724247317728,2810,4,1,0,0,0,0.0,0.0,2025-Jan-30-21:39:02.361975
0.9787335888590265,2811,0,1,0,1,1,0.9,0.7,2025-Jan-30-21:39:02.417928
0.4795819883842215,2812,2,1,0,1,1,1.0,0.7,2025-Jan-30-21:39:02.462928
0.4938106416936884,2813,1,1,0,1,1,1.0,0.6,2025-Jan-30-21:39:02.507061
0.41613339913442554,2814,1,1,0,1,1,1.9,1.9,2025-Jan-30-21:39:02.602009
0.41613363034787376,2815,3,1,0,1,1,1.4,1.9,2025-Jan-30-21:39:02.697395
0.7367182415753417,2816,1,1,0,1,-1,0.5,0.0,2025-Jan-30-21:39:02.753116
0.9929655648543567,2817,0,1,0,1,1,0.9,0.6,2025-Jan-30-21:39:02.806070
0.42361779239920644,2818,3,1,0,1,1,1.2,1.6,2025-Jan-30-21:39:02.880172
0.5937304755671526,2819,5,1,0,1,1,1.1,1.2,2025-Jan-30-21:39:02.981786
0.42362454726299154,2820,2,1,0,1,1,1.2,1.2,2025-Jan-30-21:39:03.086779
0.5937186363281997,2821,4,1,0,1,1,1.9,1.9,2025-Jan-30-21:39:03.192913
0.416141475061514,2822,3,1,0,1,1,1.6,1.5,2025-Jan-30-21:39:03.287912
0.43698574537823853,2823,1,1,0,1,1,1.2,0.8,2025-Jan-30-21:39:03.331434
0.4161386670950875,2824,2,1,0,1,1,1.7,1.7,2025-Jan-30-21:39:03.432605
0.41614091843656054,2825,3,1,0,1,1,1.5,1.5,2025-Jan-30-21:39:03.532920
0.5931936622558858,2826,7,1,0,1,1,0.9,0.9,2025-Jan-30-21:39:03.590293
0.41613643165672515,2827,3,1,0,1,1,1.9,1.9,2025-Jan-30-21:39:03.687672
0.4161457905285979,2828,1,1,0,1,1,1.4,1.0,2025-Jan-30-21:39:03.782792
0.4161347456855824,2829,2,1,0,1,1,1.6,1.9,2025-Jan-30-21:39:03.877989
0.41613531133374937,2830,2,1,0,1,1,1.4,1.8,2025-Jan-30-21:39:03.994162
0.41614316092354964,2831,3,1,0,1,1,1.6,1.4,2025-Jan-30-21:39:04.123990
0.41613531113648317,2832,3,1,0,1,1,1.4,1.8,2025-Jan-30-21:39:04.236151
0.41613418681378267,2833,3,1,0,1,1,1.5,1.9,2025-Jan-30-21:39:04.332630
0.4161426048993781,2834,3,1,0,1,1,1.5,1.4,2025-Jan-30-21:39:04.431348
0.4161353060056502,2835,3,1,0,1,1,1.7,1.9,2025-Jan-30-21:39:04.530374
0.9011080126635409,2836,0,1,0,1,1,1.9,1.9,2025-Jan-30-21:39:04.633020
0.4161403634283557,2837,2,1,0,1,1,1.4,1.5,2025-Jan-30-21:39:04.727574
0.4161364258852727,2838,2,1,0,1,1,1.6,1.8,2025-Jan-30-21:39:04.824571
0.5937270858957254,2839,4,1,0,1,1,1.3,1.4,2025-Jan-30-21:39:04.903505
0.4236249518937625,2840,1,1,0,1,1,1.2,1.0,2025-Jan-30-21:39:05.002672
0.5937287800569628,2841,4,1,0,1,1,1.5,1.3,2025-Jan-30-21:39:05.224863
0.41613586760822174,2842,3,1,0,1,1,1.5,1.8,2025-Jan-30-21:39:05.341321
0.41613418701104743,2843,2,1,0,1,1,1.5,1.9,2025-Jan-30-21:39:05.441260
0.41613642568799936,2844,3,1,0,1,1,1.6,1.8,2025-Jan-30-21:39:05.542030
0.4161358678054915,2845,2,1,0,1,1,1.5,1.8,2025-Jan-30-21:39:05.640330
0.4161375474516251,2846,3,1,0,1,1,1.8,1.8,2025-Jan-30-21:39:05.738583
0.4236296279235041,2847,2,1,0,1,1,1.2,0.9,2025-Jan-30-21:39:05.812744
1.2419215143445705,2848,0,1,0,-1,0,0.0,0.0,2025-Jan-30-21:39:05.893227
0.5431843446612961,2849,2,1,0,1,0,1.5,0.0,2025-Jan-30-21:39:05.988176
0.4161409186338447,2850,2,1,0,1,1,1.5,1.5,2025-Jan-30-21:39:06.136590
0.4161317185465651,2851,1,1,0,1,1,1.6,1.9,2025-Jan-30-21:39:06.251525
0.4236177925951917,2852,2,1,0,1,1,1.2,1.6,2025-Jan-30-21:39:06.325822
0.720770503000503,2853,1,1,0,0,0,0.0,0.0,2025-Jan-30-21:39:06.371261
1.2057564061623827,2854,0,1,0,0,0,0.0,0.0,2025-Jan-30-21:39:06.427552
0.42361947919985105,2855,2,1,0,1,1,1.2,1.5,2025-Jan-30-21:39:06.501632
0.41613812390392535,2856,2,1,0,1,1,1.3,1.6,2025-Jan-30-21:39:06.599160
0.43779777858722246,2857,2,1,0,1,1,1.1,1.4,2025-Jan-30-21:39:06.673021
0.4519730293091119,2858,1,1,0,1,1,1.0,1.3,2025-Jan-30-21:39:06.746660
0.4161364395584982,2859,2,1,0,1,1,1.3,1.7,2025-Jan-30-21:39:06.845301
1.2057564061623827,2860,0,1,0,0,0,0.0,0.0,2025-Jan-30-21:39:06.898921
0.7494822890755525,2861,1,1,0,-1,0,0.0,0.0,2025-Jan-30-21:39:06.970715
0.720770503000503,2862,1,1,0,0,0,0.0,0.0,2025-Jan-30-21:39:07.038499
0.46615268528290477,2863,1,1,0,1,1,0.9,1.1,2025-Jan-30-21:39:07.137477
0.720770503000503,2864,1,1,0,0,0,0.0,0.0,2025-Jan-30-21:39:07.198886
0.46615268528290477,2865,1,1,0,1,1,0.9,1.1,2025-Jan-30-21:39:07.271140
0.720770503000503,2866,1,1,0,0,0,0.0,0.0,2025-Jan-30-21:39:07.314753
0.41613812390392535,2867,2,1,0,1,1,1.3,1.6,2025-Jan-30-21:39:07.411840
1.2057564061623827,2868,0,1,0,0,0,0.0,0.0,2025-Jan-30-21:39:07.472491
0.720770503000503,2869,1,1,0,0,0,0.0,0.0,2025-Jan-30-21:39:07.514918
0.720770503000503,2870,1,1,0,0,0,0.0,0.0,2025-Jan-30-21:39:07.557586
0.41613531133374937,2871,2,1,0,1,1,1.4,1.8,2025-Jan-30-21:39:07.655046
0.4236177925951917,2872,2,1,0,1,1,1.2,1.6,2025-Jan-30-21:39:07.725979
0.720770503000503,2873,1,1,0,0,0,0.0,0.0,2025-Jan-30-21:39:07.769238
1.2057564061623827,2874,0,1,0,0,0,0.0,0.0,2025-Jan-30-21:39:07.822542
1.2057564061623827,2875,0,1,0,0,0,0.0,0.0,2025-Jan-30-21:39:07.875762
1.2057564061623827,2876,0,1,0,0,0,0.0,0.0,2025-Jan-30-21:39:07.932645
0.41613531133374937,2877,2,1,0,1,1,1.4,1.8,2025-Jan-30-21:39:08.059072
1.2057564061623827,2878,0,1,0,0,0,0.0,0.0,2025-Jan-30-21:39:08.136990
1.2057564061623827,2879,0,1,0,0,0,0.0,0.0,2025-Jan-30-21:39:08.195821
1.2057564061623827,2880,0,1,0,0,0,0.0,0.0,2025-Jan-30-21:39:08.249339
0.720770503000503,2881,1,1,0,0,0,0.0,0.0,2025-Jan-30-21:39:08.291971
0.46615099181438974,2882,1,1,0,1,1,0.9,1.2,2025-Jan-30-21:39:08.366191
1.2057564061623827,2883,0,1,0,0,0,0.0,0.0,2025-Jan-30-21:39:08.419667
0.423621167275727,2884,2,1,0,1,1,1.2,1.4,2025-Jan-30-21:39:08.496724
1.2057564061623827,2885,0,1,0,0,0,0.0,0.0,2025-Jan-30-21:39:08.550130
1.2057564061623827,2886,0,1,0,0,0,0.0,0.0,2025-Jan-30-21:39:08.604570
0.7494822890755525,2887,1,1,0,-1,0,0.0,0.0,2025-Jan-30-21:39:08.742638
0.41613812390392535,2888,2,1,0,1,1,1.3,1.6,2025-Jan-30-21:39:08.848085
0.41613531133374937,2889,2,1,0,1,1,1.4,1.8,2025-Jan-30-21:39:08.966823
0.720770503000503,2890,1,1,0,0,0,0.0,0.0,2025-Jan-30-21:39:09.053156
1.2057564061623827,2891,0,1,0,0,0,0.0,0.0,2025-Jan-30-21:39:09.142619
0.720770503000503,2892,1,1,0,0,0,0.0,0.0,2025-Jan-30-21:39:09.205346
0.4161358678054915,2893,2,1,0,1,1,1.5,1.8,2025-Jan-30-21:39:09.301406
0.4161369940249876,2894,2,1,0,1,1,1.4,1.7,2025-Jan-30-21:39:09.399017
0.45197472132906175,2895,1,1,0,1,1,1.0,1.2,2025-Jan-30-21:39:09.475625
1.2057564061623827,2896,0,1,0,0,0,0.0,0.0,2025-Jan-30-21:39:09.531360
1.2057564061623827,2897,0,1,0,0,0,0.0,0.0,2025-Jan-30-21:39:09.586749
1.2057564061623827,2898,0,1,0,0,0,0.0,0.0,2025-Jan-30-21:39:09.640487
1.2057564061623827,2899,0,1,0,0,0,0.0,0.0,2025-Jan-30-21:39:09.695109
0.46615268528290477,2900,1,1,0,1,1,0.9,1.1,2025-Jan-30-21:39:09.765874
1.2057564061623827,2901,0,1,0,0,0,0.0,0.0,2025-Jan-30-21:39:09.827686
0.4161364318540046,2902,2,1,0,1,1,1.9,1.9,2025-Jan-30-21:39:09.928661
0.4161336305451351,2903,2,1,0,1,1,1.4,1.9,2025-Jan-30-21:39:10.044001
0.4161390281887202,2904,1,1,0,1,1,1.4,1.4,2025-Jan-30-21:39:10.175497
0.9011048322436755,2905,0,1,0,1,1,1.3,1.9,2025-Jan-30-21:39:10.283234
0.4161317185465651,2906,1,1,0,1,1,1.6,1.9,2025-Jan-30-21:39:10.395543
0.9011048322436755,2907,0,1,0,1,1,1.3,1.9,2025-Jan-30-21:39:10.517348
0.4161347456855824,2908,2,1,0,1,1,1.6,1.9,2025-Jan-30-21:39:10.630294
0.416139233232534,2909,3,1,0,1,1,1.5,1.6,2025-Jan-30-21:39:10.742291
0.9011058862349146,2910,0,1,0,1,1,1.5,1.9,2025-Jan-30-21:39:10.855985
0.5937186363281997,2911,4,1,0,1,1,1.9,1.9,2025-Jan-30-21:39:10.936354
0.4161364318540046,2912,2,1,0,1,1,1.9,1.9,2025-Jan-30-21:39:11.062089
0.4161353062029225,2913,2,1,0,1,1,1.7,1.9,2025-Jan-30-21:39:11.181219
0.43779440308496925,2914,2,1,0,1,1,1.1,1.6,2025-Jan-30-21:39:11.257663
0.4161384490159806,2915,1,1,0,1,1,1.6,1.5,2025-Jan-30-21:39:11.359603
0.4161353062029225,2916,2,1,0,1,1,1.7,1.9,2025-Jan-30-21:39:11.457693
0.4161392282169829,2917,2,1,0,1,1,1.8,1.7,2025-Jan-30-21:39:11.555453
0.41613283729843537,2918,1,1,0,1,1,1.8,1.9,2025-Jan-30-21:39:11.651067
0.4161317185465651,2919,1,1,0,1,1,1.6,1.9,2025-Jan-30-21:39:11.745639
0.4161364318540046,2920,2,1,0,1,1,1.9,1.9,2025-Jan-30-21:39:11.843186
0.4161350809854455,2921,1,1,0,1,1,1.6,1.7,2025-Jan-30-21:39:11.936553
0.9011104327252484,2922,0,1,0,1,1,1.4,1.6,2025-Jan-30-21:39:12.064772
0.4161317185465651,2923,1,1,0,1,1,1.6,1.9,2025-Jan-30-21:39:12.188655
0.41613116175409415,2924,1,1,0,1,1,1.5,1.9,2025-Jan-30-21:39:12.284136
0.9227724805616448,2925,0,1,0,1,1,1.1,1.3,2025-Jan-30-21:39:12.365188
0.4161317185465651,2926,1,1,0,1,1,1.6,1.9,2025-Jan-30-21:39:12.460647
0.41613339897416207,2927,1,1,0,1,1,1.6,1.8,2025-Jan-30-21:39:12.560249
0.4161353060056502,2928,3,1,0,1,1,1.7,1.9,2025-Jan-30-21:39:12.655464
0.4161362088068732,2929,1,1,0,1,1,1.5,1.6,2025-Jan-30-21:39:12.751586
0.4161390281887202,2930,1,1,0,1,1,1.4,1.4,2025-Jan-30-21:39:12.847720
0.9011048322436755,2931,0,1,0,1,1,1.3,1.9,2025-Jan-30-21:39:12.962864
0.41613734085927956,2932,1,1,0,1,1,1.4,1.5,2025-Jan-30-21:39:13.113279
0.9011155197526441,2933,0,1,0,1,1,1.4,1.3,2025-Jan-30-21:39:13.236975
0.9011058862349146,2934,0,1,0,1,1,1.5,1.9,2025-Jan-30-21:39:13.337951
0.4161339710169244,2935,1,1,0,1,1,1.4,1.7,2025-Jan-30-21:39:13.434385
0.41613531133374937,2936,2,1,0,1,1,1.4,1.8,2025-Jan-30-21:39:13.539452
0.41613116175409415,2937,1,1,0,1,1,1.5,1.9,2025-Jan-30-21:39:13.641759
0.416135102943441,2938,1,1,0,1,1,1.3,1.6,2025-Jan-30-21:39:13.737123
0.41613116175409415,2939,1,1,0,1,1,1.5,1.9,2025-Jan-30-21:39:13.832225
0.4161317185465651,2940,1,1,0,1,1,1.6,1.9,2025-Jan-30-21:39:13.932560
0.9011048322436755,2941,0,1,0,1,1,1.3,1.9,2025-Jan-30-21:39:14.062733
0.41614071636257377,2942,1,1,0,1,1,1.4,1.3,2025-Jan-30-21:39:14.184224
0.41613958091390424,2943,1,1,0,1,1,1.5,1.4,2025-Jan-30-21:39:14.361338
0.416135102943441,2944,1,1,0,1,1,1.3,1.6,2025-Jan-30-21:39:14.457934
0.4161390281887202,2945,1,1,0,1,1,1.4,1.4,2025-Jan-30-21:39:14.556527
0.9794807195837741,2946,0,1,0,1,1,0.7,1.2,2025-Jan-30-21:39:14.637528
0.4161317185465651,2947,1,1,0,1,1,1.6,1.9,2025-Jan-30-21:39:14.749503
0.4161358679515782,2948,3,1,0,1,1,1.8,1.9,2025-Jan-30-21:39:14.846494
0.7710910882475271,2949,3,1,1,1,1,1.4,1.9,2025-Jan-30-21:39:14.940118
0.41613116175409415,2950,1,1,0,1,1,1.5,1.9,2025-Jan-30-21:39:15.100539
0.41613754998404984,2951,2,1,0,1,1,1.5,1.7,2025-Jan-30-21:39:15.219324
0.4161364318540046,2952,2,1,0,1,1,1.9,1.9,2025-Jan-30-21:39:15.313469
0.41613418701104743,2953,2,1,0,1,1,1.5,1.9,2025-Jan-30-21:39:15.411784
0.4161317185465651,2954,1,1,0,1,1,1.6,1.9,2025-Jan-30-21:39:15.510139
0.5937203228962885,2955,5,1,0,1,1,1.9,1.8,2025-Jan-30-21:39:15.590102
0.4161364258852727,2956,2,1,0,1,1,1.6,1.8,2025-Jan-30-21:39:15.684435
0.5937321729080037,2957,5,1,0,1,1,1.7,1.1,2025-Jan-30-21:39:15.761777
0.416135868148854,2958,2,1,0,1,1,1.8,1.9,2025-Jan-30-21:39:15.856612
0.41613754764890576,2959,2,1,0,1,1,1.8,1.8,2025-Jan-30-21:39:15.965718
0.7207724247317727,2960,6,1,0,0,0,0.0,0.0,2025-Jan-30-21:39:16.035893
0.41613698589196185,2961,2,1,0,1,1,1.7,1.8,2025-Jan-30-21:39:16.165524
0.4161353062029225,2962,2,1,0,1,1,1.7,1.9,2025-Jan-30-21:39:16.259610
0.41613698589196185,2963,2,1,0,1,1,1.7,1.8,2025-Jan-30-21:39:16.355223
0.41613339913442554,2964,1,1,0,1,1,1.9,1.9,2025-Jan-30-21:39:16.450853
0.41613586760822174,2965,3,1,0,1,1,1.5,1.8,2025-Jan-30-21:39:16.546349
0.41613284273901086,2966,1,1,0,1,1,1.5,1.8,2025-Jan-30-21:39:16.646279
0.41613812390392535,2967,2,1,0,1,1,1.3,1.6,2025-Jan-30-21:39:16.741710
0.41613586760822174,2968,3,1,0,1,1,1.5,1.8,2025-Jan-30-21:39:16.838916
0.41613418701104743,2969,2,1,0,1,1,1.5,1.9,2025-Jan-30-21:39:16.938802
0.7711370719876921,2970,2,1,1,1,1,1.9,1.9,2025-Jan-30-21:39:17.077876
0.7207724247317728,2971,4,1,0,0,0,0.0,0.0,2025-Jan-30-21:39:17.150298
0.5431815835612117,2972,1,1,0,1,0,1.5,0.0,2025-Jan-30-21:39:17.227082
0.41613116175409415,2973,1,1,0,1,1,1.5,1.9,2025-Jan-30-21:39:17.321857
0.41613116175409415,2974,1,1,0,1,1,1.5,1.9,2025-Jan-30-21:39:17.419856
0.7207724115574958,2975,4,1,0,1,0,1.7,0.0,2025-Jan-30-21:39:17.477124
0.4161364258852727,2976,2,1,0,1,1,1.6,1.8,2025-Jan-30-21:39:17.574615
0.41613979067997364,2977,2,1,0,1,1,1.6,1.6,2025-Jan-30-21:39:17.669742
0.4161358678054915,2978,2,1,0,1,1,1.5,1.8,2025-Jan-30-21:39:17.764146
0.41613418701104743,2979,2,1,0,1,1,1.5,1.9,2025-Jan-30-21:39:17.858666
0.41613418681378267,2980,3,1,0,1,1,1.5,1.9,2025-Jan-30-21:39:17.969391
0.4161397904826907,2981,3,1,0,1,1,1.6,1.6,2025-Jan-30-21:39:18.112592
0.5937186361568143,2982,4,1,0,1,1,1.5,1.9,2025-Jan-30-21:39:18.225305
0.416134745488314,2983,3,1,0,1,1,1.6,1.9,2025-Jan-30-21:39:18.319841
0.41614034943056866,2984,3,1,0,1,1,1.7,1.6,2025-Jan-30-21:39:18.417030
0.41613678916163843,2985,1,1,0,1,1,1.3,1.5,2025-Jan-30-21:39:18.511336
0.4161336305451351,2986,2,1,0,1,1,1.4,1.9,2025-Jan-30-21:39:18.605449
0.41613116175409415,2987,1,1,0,1,1,1.5,1.9,2025-Jan-30-21:39:18.709756
0.4161397904826907,2988,3,1,0,1,1,1.6,1.6,2025-Jan-30-21:39:18.816113
0.9011099079422416,2989,0,1,0,1,1,1.3,1.6,2025-Jan-30-21:39:18.921290
0.41613979067997364,2990,2,1,0,1,1,1.6,1.6,2025-Jan-30-21:39:19.055177
0.7207724247317727,2991,6,1,0,0,0,0.0,0.0,2025-Jan-30-21:39:19.226680
0.4161330751512926,2992,2,1,0,1,1,1.3,1.9,2025-Jan-30-21:39:19.346719
0.41613418681378267,2993,3,1,0,1,1,1.5,1.9,2025-Jan-30-21:39:19.443904
0.4161356550563073,2994,1,1,0,1,1,1.4,1.6,2025-Jan-30-21:39:19.546934
0.41613418681378267,2995,3,1,0,1,1,1.5,1.9,2025-Jan-30-21:39:19.649779
0.5937186361613319,2996,5,1,0,1,1,1.9,1.9,2025-Jan-30-21:39:19.728195
0.4161358678054915,2997,2,1,0,1,1,1.5,1.8,2025-Jan-30-21:39:19.827225
0.4161364258852727,2998,2,1,0,1,1,1.6,1.8,2025-Jan-30-21:39:19.923870
0.5431815835612117,2999,1,1,0,1,0,1.5,0.0,2025-Jan-30-21:39:20.025267
0.4161358678054915,3000,2,1,0,1,1,1.5,1.8,2025-Jan-30-21:39:20.168468
0.41613116175409415,3001,1,1,0,1,1,1.5,1.9,2025-Jan-30-21:39:20.264650
1.2057564061623827,3002,0,1,0,0,0,0.0,0.0,2025-Jan-30-21:39:20.320894
1.2057564061623827,3003,0,1,0,0,0,0.0,0.0,2025-Jan-30-21:39:20.379249
0.4377965546135547,3004,1,1,0,1,1,1.1,1.3,2025-Jan-30-21:39:20.452521
1.2057564061623827,3005,0,1,0,0,0,0.0,0.0,2025-Jan-30-21:39:20.510526
1.2057564061623827,3006,0,1,0,0,0,0.0,0.0,2025-Jan-30-21:39:20.565846
1.2057564061623827,3007,0,1,0,0,0,0.0,0.0,2025-Jan-30-21:39:20.622028
1.2057564061623827,3008,0,1,0,0,0,0.0,0.0,2025-Jan-30-21:39:20.677765
1.2057564061623827,3009,0,1,0,0,0,0.0,0.0,2025-Jan-30-21:39:20.731333
0.41613678916163843,3010,1,1,0,1,1,1.3,1.5,2025-Jan-30-21:39:20.828263
1.2057564061623827,3011,0,1,0,0,0,0.0,0.0,2025-Jan-30-21:39:20.883514
1.2057564061623827,3012,0,1,0,0,0,0.0,0.0,2025-Jan-30-21:39:20.941498
0.9653077916106652,3013,0,1,0,1,1,0.8,1.0,2025-Jan-30-21:39:21.071606
1.2057564061623827,3014,0,1,0,0,0,0.0,0.0,2025-Jan-30-21:39:21.158985
0.45197472132906175,3015,1,1,0,1,1,1.0,1.2,2025-Jan-30-21:39:21.233065
0.4161339710169244,3016,1,1,0,1,1,1.4,1.7,2025-Jan-30-21:39:21.331007
0.416135102943441,3017,1,1,0,1,1,1.3,1.6,2025-Jan-30-21:39:21.429526
1.2057564061623827,3018,0,1,0,0,0,0.0,0.0,2025-Jan-30-21:39:21.488179
1.2057564061623827,3019,0,1,0,0,0,0.0,0.0,2025-Jan-30-21:39:21.547823
1.2057564061623827,3020,0,1,0,0,0,0.0,0.0,2025-Jan-30-21:39:21.608266
1.2057564061623827,3021,0,1,0,0,0,0.0,0.0,2025-Jan-30-21:39:21.665189
1.2057564061623827,3022,0,1,0,0,0,0.0,0.0,2025-Jan-30-21:39:21.722267
0.41613116175409415,3023,1,1,0,1,1,1.5,1.9,2025-Jan-30-21:39:21.824316
1.2057564061623827,3024,0,1,0,0,0,0.0,0.0,2025-Jan-30-21:39:21.880835
0.46615268528290477,3025,1,1,0,1,1,0.9,1.1,2025-Jan-30-21:39:21.982578
1.2057564061623827,3026,0,1,0,0,0,0.0,0.0,2025-Jan-30-21:39:22.086213
0.4519730293091119,3027,1,1,0,1,1,1.0,1.3,2025-Jan-30-21:39:22.186199
1.2057564061623827,3028,0,1,0,0,0,0.0,0.0,2025-Jan-30-21:39:22.244879
1.2057564061623827,3029,0,1,0,0,0,0.0,0.0,2025-Jan-30-21:39:22.303011
1.2057564061623827,3030,0,1,0,0,0,0.0,0.0,2025-Jan-30-21:39:22.360909
1.2057564061623827,3031,0,1,0,0,0,0.0,0.0,2025-Jan-30-21:39:22.418740
1.2057564061623827,3032,0,1,0,0,0,0.0,0.0,2025-Jan-30-21:39:22.477409
1.2057564061623827,3033,0,1,0,0,0,0.0,0.0,2025-Jan-30-21:39:22.533179
1.2057564061623827,3034,0,1,0,0,0,0.0,0.0,2025-Jan-30-21:39:22.589237
0.4377965546135547,3035,1,1,0,1,1,1.1,1.3,2025-Jan-30-21:39:22.663559
0.45197472132906175,3036,1,1,0,1,1,1.0,1.2,2025-Jan-30-21:39:22.737599
1.2057564061623827,3037,0,1,0,0,0,0.0,0.0,2025-Jan-30-21:39:22.794288
1.2057564061623827,3038,0,1,0,0,0,0.0,0.0,2025-Jan-30-21:39:22.850690
1.2057564061623827,3039,0,1,0,0,0,0.0,0.0,2025-Jan-30-21:39:22.904640
1.2057564061623827,3040,0,1,0,0,0,0.0,0.0,2025-Jan-30-21:39:22.983081
1.2057564061623827,3041,0,1,0,0,0,0.0,0.0,2025-Jan-30-21:39:23.073174
0.951129553735052,3042,0,1,0,1,1,0.9,1.1,2025-Jan-30-21:39:23.187350
0.41613116175409415,3043,1,1,0,1,1,1.5,1.9,2025-Jan-30-21:39:23.283988
0.41613116175409415,3044,1,1,0,1,1,1.5,1.9,2025-Jan-30-21:39:23.385921
1.2057564061623827,3045,0,1,0,0,0,0.0,0.0,2025-Jan-30-21:39:23.441352
0.42361649715692196,3046,1,1,0,1,1,1.2,1.5,2025-Jan-30-21:39:23.519544
1.2057564061623827,3047,0,1,0,0,0,0.0,0.0,2025-Jan-30-21:39:23.575490
0.41613284273901086,3048,1,1,0,1,1,1.5,1.8,2025-Jan-30-21:39:23.675794
0.46615268528290477,3049,1,1,0,1,1,0.9,1.1,2025-Jan-30-21:39:23.747522
1.2057564061623827,3050,0,1,0,0,0,0.0,0.0,2025-Jan-30-21:39:23.806231
0.41613678916163843,3051,1,1,0,1,1,1.3,1.5,2025-Jan-30-21:39:23.902899
