Cost,Sim,Switch_State_Indx,Gen1_on,Gen2_on,Batt1_mode,Batt2_mode,Batt1_power_kW,Batt2_power_kW,Timestamp
0.5431837273774114,8420,3,1,0,1,0,1.3,0.0,2025-Jan-30-21:45:39.324549
0.9061640050739509,8421,3,1,1,1,1,0.3,1.8,2025-Jan-30-21:45:39.400285
0.5937237143777033,8422,3,1,0,0,1,0.0,1.6,2025-Jan-30-21:45:39.475539
1.026787973930189,8423,2,1,1,-1,1,0.0,0.6,2025-Jan-30-21:45:39.539541
1.075774204647745,8424,10,1,1,0,1,0.0,0.3,2025-Jan-30-21:45:39.603056
1.0757509770459617,8425,7,1,1,0,0,0.0,0.0,2025-Jan-30-21:45:39.655039
1.0331854396274291,8426,5,1,1,0,1,0.0,0.3,2025-Jan-30-21:45:39.704724
0.8075973438165706,8427,5,1,0,0,-1,0.0,0.0,2025-Jan-30-21:45:39.763205
1.0757509770459617,8428,7,1,1,0,0,0.0,0.0,2025-Jan-30-21:45:39.807365
1.0757742179740988,8429,9,1,1,0,0,0.0,0.0,2025-Jan-30-21:45:39.853946
0.7207724245866639,8430,2,1,0,0,0,0.0,0.0,2025-Jan-30-21:45:39.899949
1.1757506510236717,8431,8,1,0,1,0,1.4,0.0,2025-Jan-30-21:45:39.969720
0.4511653426461117,8432,2,1,0,1,1,1.1,0.8,2025-Jan-30-21:45:40.038386
1.0757711430969912,8433,1,1,1,0,0,0.0,0.0,2025-Jan-30-21:45:40.114378
1.2057564061623827,8434,0,1,0,0,0,0.0,0.0,2025-Jan-30-21:45:40.201582
0.8075973436857562,8435,3,1,0,0,-1,0.0,0.0,2025-Jan-30-21:45:40.267607
0.7207724277510894,8436,7,1,0,0,-1,0.0,0.0,2025-Jan-30-21:45:40.318724
0.9763361148843991,8437,4,1,1,0,1,0.0,0.7,2025-Jan-30-21:45:40.369305
1.0757730679928668,8438,4,1,1,-1,0,0.0,0.0,2025-Jan-30-21:45:40.419919
0.7207724277510907,8439,5,1,0,-1,0,0.0,0.0,2025-Jan-30-21:45:40.470645
1.1085655952507665,8440,7,1,1,-1,0,0.0,0.0,2025-Jan-30-21:45:40.537398
1.1625979840341714,8441,4,1,1,0,-1,0.0,0.0,2025-Jan-30-21:45:40.604396
1.433699932053663,8442,0,1,1,0,1,0.0,1.8,2025-Jan-30-21:45:40.697137
0.7207724277510907,8443,5,1,0,-1,0,0.0,0.0,2025-Jan-30-21:45:40.747699
1.0757742179740988,8444,9,1,1,0,0,0.0,0.0,2025-Jan-30-21:45:40.798507
1.2057564061623827,8445,0,1,0,0,0,0.0,0.0,2025-Jan-30-21:45:40.854639
0.4864242946271904,8446,3,1,0,1,1,1.6,0.4,2025-Jan-30-21:45:40.930012
0.8075955916472131,8447,1,1,0,0,-1,0.0,0.0,2025-Jan-30-21:45:41.008529
0.8981862266779493,8448,2,1,1,1,0,1.9,0.0,2025-Jan-30-21:45:41.136702
0.976544165075847,8449,1,1,1,1,0,0.7,0.0,2025-Jan-30-21:45:41.201862
1.019005674961166,8450,8,1,1,0,1,0.0,0.4,2025-Jan-30-21:45:41.249638
0.6215459109445581,8451,3,1,0,1,0,0.7,0.0,2025-Jan-30-21:45:41.298908
0.9487277256811691,8452,4,1,1,1,1,1.4,1.4,2025-Jan-30-21:45:41.385158
0.7207724245866639,8453,2,1,0,0,0,0.0,0.0,2025-Jan-30-21:45:41.427590
1.1757506411462284,8454,9,1,0,0,0,0.0,0.0,2025-Jan-30-21:45:41.482166
1.1625979868810234,8455,4,1,1,-1,-1,0.0,0.0,2025-Jan-30-21:45:41.540882
0.7207724115230502,8456,7,1,0,0,1,0.0,1.2,2025-Jan-30-21:45:41.598087
0.948702796975719,8457,5,1,1,0,1,0.0,1.1,2025-Jan-30-21:45:41.671645
1.0708934950570552,8458,10,1,0,-1,1,0.0,0.6,2025-Jan-30-21:45:41.751282
1.1625992920030483,8459,9,1,1,-1,-1,0.0,0.0,2025-Jan-30-21:45:41.807957
0.8075973438166071,8460,2,1,0,0,-1,0.0,0.0,2025-Jan-30-21:45:41.866663
0.7207724113578873,8461,4,1,0,1,0,1.0,0.0,2025-Jan-30-21:45:41.922953
0.7207724245865745,8462,5,1,0,0,0,0.0,0.0,2025-Jan-30-21:45:41.987909
1.175750641146208,8463,10,1,0,0,0,0.0,0.0,2025-Jan-30-21:45:42.083902
1.0757730646832417,8464,2,1,1,0,0,0.0,0.0,2025-Jan-30-21:45:42.162990
1.1241434980757994,8465,9,1,0,0,-1,0.0,0.0,2025-Jan-30-21:45:42.247249
1.1063157077136516,8466,0,1,0,0,1,0.0,0.7,2025-Jan-30-21:45:42.305664
1.0757742179736964,8467,10,1,1,0,0,0.0,0.0,2025-Jan-30-21:45:42.351851
1.2277433484182283,8468,0,1,0,-1,1,0.0,0.1,2025-Jan-30-21:45:42.601081
1.162586765871954,8469,3,1,1,0,-1,0.0,0.0,2025-Jan-30-21:45:42.661625
0.7569364602753836,8470,7,1,0,-1,0,0.0,0.0,2025-Jan-30-21:45:42.720004
0.5370249686787202,8471,2,1,0,1,1,0.4,1.6,2025-Jan-30-21:45:42.795167
0.5228514701797843,8472,2,1,0,1,1,0.5,1.5,2025-Jan-30-21:45:42.868366
0.508679462419384,8473,2,1,0,1,1,0.6,1.3,2025-Jan-30-21:45:42.943549
0.494505562974642,8474,2,1,0,1,1,0.7,1.2,2025-Jan-30-21:45:43.087900
1.0757742179736964,8475,10,1,1,0,0,0.0,0.0,2025-Jan-30-21:45:43.153346
0.5937270990945863,8476,2,1,0,0,1,0.0,1.4,2025-Jan-30-21:45:43.245035
0.5937270990945863,8477,2,1,0,0,1,0.0,1.4,2025-Jan-30-21:45:43.318488
0.5937270990945863,8478,2,1,0,0,1,0.0,1.4,2025-Jan-30-21:45:43.391375
0.5937270990945863,8479,2,1,0,0,1,0.0,1.4,2025-Jan-30-21:45:43.467258
0.63556712668913,8480,4,1,0,-1,1,0.0,0.6,2025-Jan-30-21:45:43.512186
0.6575764315360584,8481,2,1,0,-1,1,0.0,0.7,2025-Jan-30-21:45:43.569333
0.6433600230516086,8482,2,1,0,-1,1,0.0,0.8,2025-Jan-30-21:45:43.625751
0.6575764315360584,8483,2,1,0,-1,1,0.0,0.7,2025-Jan-30-21:45:43.682655
0.6575764315360584,8484,2,1,0,-1,1,0.0,0.7,2025-Jan-30-21:45:43.742669
1.0757730648283506,8485,4,1,1,0,0,0.0,0.0,2025-Jan-30-21:45:43.785895
1.1757506673822595,8486,9,1,0,0,1,0.0,0.3,2025-Jan-30-21:45:43.841548
1.1757506673822595,8487,9,1,0,0,1,0.0,0.3,2025-Jan-30-21:45:43.896910
1.1757506673822595,8488,9,1,0,0,1,0.0,0.3,2025-Jan-30-21:45:43.968235
1.1757506673822595,8489,9,1,0,0,1,0.0,0.3,2025-Jan-30-21:45:44.058623
0.7207724245865745,8490,7,1,0,0,0,0.0,0.0,2025-Jan-30-21:45:44.130759
0.7207724247317727,8491,6,1,0,0,0,0.0,0.0,2025-Jan-30-21:45:44.197242
0.7207724245865745,8492,5,1,0,0,0,0.0,0.0,2025-Jan-30-21:45:44.244201
0.7207724247317728,8493,4,1,0,0,0,0.0,0.0,2025-Jan-30-21:45:44.287863
0.7207724247317728,8494,4,1,0,0,0,0.0,0.0,2025-Jan-30-21:45:44.332865
1.006644221739009,8495,3,1,1,1,-1,1.1,0.0,2025-Jan-30-21:45:44.389197
0.6640040466337559,8496,4,1,0,0,1,0.0,0.4,2025-Jan-30-21:45:44.434865
0.6497899798130522,8497,3,1,0,0,1,0.0,0.5,2025-Jan-30-21:45:44.478457
0.63556712287877,8498,3,1,0,0,1,0.0,0.6,2025-Jan-30-21:45:44.523455
0.6213354746139012,8499,2,1,0,0,1,0.0,0.7,2025-Jan-30-21:45:44.567982
0.905632990579744,8500,7,1,1,1,1,1.2,0.7,2025-Jan-30-21:45:44.624968
0.8075973439474216,8501,4,1,0,0,-1,0.0,0.0,2025-Jan-30-21:45:44.681329
0.8075973439474216,8502,4,1,0,0,-1,0.0,0.0,2025-Jan-30-21:45:44.740690
0.8075973439474216,8503,4,1,0,0,-1,0.0,0.0,2025-Jan-30-21:45:44.795981
0.8075973439474216,8504,4,1,0,0,-1,0.0,0.0,2025-Jan-30-21:45:44.852132
0.7207724114034513,8505,7,1,0,0,1,0.0,0.4,2025-Jan-30-21:45:44.909498
0.7207724247317727,8506,6,1,0,0,0,0.0,0.0,2025-Jan-30-21:45:44.970175
0.7207724247317727,8507,6,1,0,0,0,0.0,0.0,2025-Jan-30-21:45:45.041172
0.7207724247317727,8508,6,1,0,0,0,0.0,0.0,2025-Jan-30-21:45:45.115807
0.7207724247317727,8509,6,1,0,0,0,0.0,0.0,2025-Jan-30-21:45:45.175247
1.0757730648283506,8510,6,1,1,0,0,0.0,0.0,2025-Jan-30-21:45:45.220858
1.1757506411834284,8511,8,1,0,0,0,0.0,0.0,2025-Jan-30-21:45:45.278519
1.1757506411834284,8512,8,1,0,0,0,0.0,0.0,2025-Jan-30-21:45:45.335182
1.1757506411834284,8513,8,1,0,0,0,0.0,0.0,2025-Jan-30-21:45:45.389485
1.1757506411834284,8514,8,1,0,0,0,0.0,0.0,2025-Jan-30-21:45:45.446289
1.019005674961166,8515,8,1,1,0,1,0.0,0.4,2025-Jan-30-21:45:45.491891
0.7207724245866639,8516,2,1,0,0,0,0.0,0.0,2025-Jan-30-21:45:45.537191
0.7207724245866639,8517,2,1,0,0,0,0.0,0.0,2025-Jan-30-21:45:45.583936
0.7207724245866639,8518,2,1,0,0,0,0.0,0.0,2025-Jan-30-21:45:45.630084
0.7207724245866639,8519,2,1,0,0,0,0.0,0.0,2025-Jan-30-21:45:45.676407
1.0757730646832417,8520,2,1,1,0,0,0.0,0.0,2025-Jan-30-21:45:45.721372
0.5431837275528582,8521,7,1,0,1,0,1.3,0.0,2025-Jan-30-21:45:45.794613
0.5506638017748042,8522,6,1,0,1,0,1.2,0.0,2025-Jan-30-21:45:45.838730
0.5506638017748042,8523,6,1,0,1,0,1.2,0.0,2025-Jan-30-21:45:45.883221
0.5506638017748042,8524,6,1,0,1,0,1.2,0.0,2025-Jan-30-21:45:45.928940
0.7207724106249206,8525,5,1,0,1,0,1.8,0.0,2025-Jan-30-21:45:46.007702
0.5937186361613319,8526,5,1,0,1,1,1.9,1.9,2025-Jan-30-21:45:46.123482
0.5937237017879959,8527,4,1,0,1,1,1.9,1.6,2025-Jan-30-21:45:46.216287
1.1757506566540592,8528,8,1,0,1,1,1.9,1.9,2025-Jan-30-21:45:46.275786
1.17575066565376,8529,10,1,0,1,1,1.9,1.9,2025-Jan-30-21:45:46.332866
1.253160549381156,8530,8,1,0,1,-1,1.1,0.0,2025-Jan-30-21:45:46.396803
0.720770503000503,8531,1,1,0,0,0,0.0,0.0,2025-Jan-30-21:45:46.442134
0.720770503000503,8532,1,1,0,0,0,0.0,0.0,2025-Jan-30-21:45:46.487360
0.720770503000503,8533,1,1,0,0,0,0.0,0.0,2025-Jan-30-21:45:46.533531
0.720770503000503,8534,1,1,0,0,0,0.0,0.0,2025-Jan-30-21:45:46.580583
1.0757742179740988,8535,9,1,1,0,0,0.0,0.0,2025-Jan-30-21:45:46.737508
1.2057564061623827,8536,0,1,0,0,0,0.0,0.0,2025-Jan-30-21:45:46.793893
1.2057564061623827,8537,0,1,0,0,0,0.0,0.0,2025-Jan-30-21:45:46.850072
1.2057564061623827,8538,0,1,0,0,0,0.0,0.0,2025-Jan-30-21:45:46.906449
1.2057564061623827,8539,0,1,0,0,0,0.0,0.0,2025-Jan-30-21:45:46.983765
0.7207724278962877,8540,6,1,0,0,-1,0.0,0.0,2025-Jan-30-21:45:47.061832
0.8075973438166071,8541,2,1,0,0,-1,0.0,0.0,2025-Jan-30-21:45:47.155601
0.8075973438166071,8542,2,1,0,0,-1,0.0,0.0,2025-Jan-30-21:45:47.225510
0.8075973438166071,8543,2,1,0,0,-1,0.0,0.0,2025-Jan-30-21:45:47.283390
0.8075973438166071,8544,2,1,0,0,-1,0.0,0.0,2025-Jan-30-21:45:47.340964
1.0757509786066803,8545,5,1,1,-1,0,0.0,0.0,2025-Jan-30-21:45:47.386867
0.7207724278962877,8546,6,1,0,0,-1,0.0,0.0,2025-Jan-30-21:45:47.432636
0.7207724278962877,8547,6,1,0,0,-1,0.0,0.0,2025-Jan-30-21:45:47.478169
0.7207724278962877,8548,6,1,0,0,-1,0.0,0.0,2025-Jan-30-21:45:47.524199
0.7207724278962877,8549,6,1,0,0,-1,0.0,0.0,2025-Jan-30-21:45:47.569114
1.162586765871954,8550,3,1,1,0,-1,0.0,0.0,2025-Jan-30-21:45:47.627452
0.6213354744516955,8551,3,1,0,0,1,0.0,0.7,2025-Jan-30-21:45:47.672524
0.6213354744516955,8552,3,1,0,0,1,0.0,0.7,2025-Jan-30-21:45:47.717931
0.6213354744516955,8553,3,1,0,0,1,0.0,0.7,2025-Jan-30-21:45:47.766518
0.6213354744516955,8554,3,1,0,0,1,0.0,0.7,2025-Jan-30-21:45:47.811224
0.9487306553097412,8555,1,1,1,0,1,0.0,1.1,2025-Jan-30-21:45:47.884572
0.749469553143833,8556,3,1,0,-1,0,0.0,0.0,2025-Jan-30-21:45:47.942616
0.749469553143833,8557,3,1,0,-1,0,0.0,0.0,2025-Jan-30-21:45:48.044526
0.749469553143833,8558,3,1,0,-1,0,0.0,0.0,2025-Jan-30-21:45:48.156230
0.749469553143833,8559,3,1,0,-1,0,0.0,0.0,2025-Jan-30-21:45:48.245744
0.7569364471377134,8560,6,1,0,-1,1,0.0,0.5,2025-Jan-30-21:45:48.329708
0.720772427896289,8561,4,1,0,-1,0,0.0,0.0,2025-Jan-30-21:45:48.377422
0.720772427896289,8562,4,1,0,-1,0,0.0,0.0,2025-Jan-30-21:45:48.423954
0.720772427896289,8563,4,1,0,-1,0,0.0,0.0,2025-Jan-30-21:45:48.467522
0.720772427896289,8564,4,1,0,-1,0,0.0,0.0,2025-Jan-30-21:45:48.512136
1.0757509624222248,8565,7,1,1,0,1,0.0,0.6,2025-Jan-30-21:45:48.571081
0.7569364604146629,8566,6,1,0,-1,0,0.0,0.0,2025-Jan-30-21:45:48.629017
0.7569364604146629,8567,6,1,0,-1,0,0.0,0.0,2025-Jan-30-21:45:48.685354
0.7569364604146629,8568,6,1,0,-1,0,0.0,0.0,2025-Jan-30-21:45:48.744337
0.7569364604146629,8569,6,1,0,-1,0,0.0,0.0,2025-Jan-30-21:45:48.801213
1.1757506373546025,8570,9,1,0,1,0,0.3,0.0,2025-Jan-30-21:45:48.857510
0.8075973436857562,8571,3,1,0,0,-1,0.0,0.0,2025-Jan-30-21:45:48.917821
0.8075973436857562,8572,3,1,0,0,-1,0.0,0.0,2025-Jan-30-21:45:48.997139
0.8075973436857562,8573,3,1,0,0,-1,0.0,0.0,2025-Jan-30-21:45:49.079871
0.8075973436857562,8574,3,1,0,0,-1,0.0,0.0,2025-Jan-30-21:45:49.163849
1.1757506670486992,8575,9,1,0,-1,0,0.0,0.0,2025-Jan-30-21:45:49.222242
1.078702687055819,8576,0,1,0,0,1,0.0,1.6,2025-Jan-30-21:45:49.308113
1.0787043866744745,8577,0,1,0,0,1,0.0,1.5,2025-Jan-30-21:45:49.391295
1.0787043866744745,8578,0,1,0,0,1,0.0,1.5,2025-Jan-30-21:45:49.475689
1.0787043866744745,8579,0,1,0,0,1,0.0,1.5,2025-Jan-30-21:45:49.558630
0.6782073191849425,8580,1,1,0,0,1,0.0,0.3,2025-Jan-30-21:45:49.604971
0.720772427896289,8581,4,1,0,-1,0,0.0,0.0,2025-Jan-30-21:45:49.651212
0.720772427896289,8582,4,1,0,-1,0,0.0,0.0,2025-Jan-30-21:45:49.695776
0.720772427896289,8583,4,1,0,-1,0,0.0,0.0,2025-Jan-30-21:45:49.745167
0.720772427896289,8584,4,1,0,-1,0,0.0,0.0,2025-Jan-30-21:45:49.795787
1.2419215143445705,8585,0,1,0,-1,0,0.0,0.0,2025-Jan-30-21:45:50.016006
1.1757506411834284,8586,8,1,0,0,0,0.0,0.0,2025-Jan-30-21:45:50.099750
1.1757506411834284,8587,8,1,0,0,0,0.0,0.0,2025-Jan-30-21:45:50.181213
1.1757506411834284,8588,8,1,0,0,0,0.0,0.0,2025-Jan-30-21:45:50.240486
1.1757506411834284,8589,8,1,0,0,0,0.0,0.0,2025-Jan-30-21:45:50.301849
1.0757509626614619,8590,7,1,1,0,1,0.0,1.4,2025-Jan-30-21:45:50.362076
1.2057564061623827,8591,0,1,0,0,0,0.0,0.0,2025-Jan-30-21:45:50.421484
1.2057564061623827,8592,0,1,0,0,0,0.0,0.0,2025-Jan-30-21:45:50.477586
1.2057564061623827,8593,0,1,0,0,0,0.0,0.0,2025-Jan-30-21:45:50.535410
1.2057564061623827,8594,0,1,0,0,0,0.0,0.0,2025-Jan-30-21:45:50.593901
1.0757730679928654,8595,6,1,1,0,-1,0.0,0.0,2025-Jan-30-21:45:50.641164
0.4722081888882458,8596,2,1,0,1,1,1.4,0.5,2025-Jan-30-21:45:50.715653
0.45798274466147626,8597,2,1,0,1,1,1.3,0.6,2025-Jan-30-21:45:50.793374
0.46540552654409273,8598,2,1,0,1,1,1.1,0.7,2025-Jan-30-21:45:50.838030
0.46540552654409273,8599,2,1,0,1,1,1.1,0.7,2025-Jan-30-21:45:50.882948
1.0757711430969912,8600,1,1,1,0,0,0.0,0.0,2025-Jan-30-21:45:50.930173
0.8075955916472131,8601,1,1,0,0,-1,0.0,0.0,2025-Jan-30-21:45:51.009930
0.8075955916472131,8602,1,1,0,0,-1,0.0,0.0,2025-Jan-30-21:45:51.103834
0.8075955916472131,8603,1,1,0,0,-1,0.0,0.0,2025-Jan-30-21:45:51.180219
0.8075955916472131,8604,1,1,0,0,-1,0.0,0.0,2025-Jan-30-21:45:51.240006
0.9487250311517,8605,9,1,1,0,1,0.0,1.6,2025-Jan-30-21:45:51.321008
0.5431849642618007,8606,2,1,0,1,0,1.7,0.0,2025-Jan-30-21:45:51.398872
0.543184654074004,8607,2,1,0,1,0,1.6,0.0,2025-Jan-30-21:45:51.476922
0.5431843446612961,8608,2,1,0,1,0,1.5,0.0,2025-Jan-30-21:45:51.552025
0.5431840358458833,8609,2,1,0,1,0,1.4,0.0,2025-Jan-30-21:45:51.628896
0.8630711880629786,8610,1,1,1,1,1,1.1,0.4,2025-Jan-30-21:45:51.674945
0.621543524967523,8611,1,1,0,1,0,0.7,0.0,2025-Jan-30-21:45:51.719620
0.6073674412085484,8612,1,1,0,1,0,0.8,0.0,2025-Jan-30-21:45:51.769520
0.593191155466653,8613,1,1,0,1,0,0.9,0.0,2025-Jan-30-21:45:51.814279
0.593191155466653,8614,1,1,0,1,0,0.9,0.0,2025-Jan-30-21:45:51.861130
0.6640727430786442,8615,7,1,0,1,1,0.4,1.8,2025-Jan-30-21:45:51.918948
0.7207724114034513,8616,7,1,0,0,1,0.0,0.4,2025-Jan-30-21:45:51.997634
0.7207724113867224,8617,6,1,0,0,1,0.0,0.5,2025-Jan-30-21:45:52.088064
0.6355671230384019,8618,5,1,0,0,1,0.0,0.6,2025-Jan-30-21:45:52.167729
0.6213354747759543,8619,4,1,0,0,1,0.0,0.7,2025-Jan-30-21:45:52.217972
1.0708934980940992,8620,10,1,0,-1,0,0.0,0.0,2025-Jan-30-21:45:52.279578
0.6215459111067165,8621,2,1,0,1,0,0.7,0.0,2025-Jan-30-21:45:52.323617
0.6215459111067165,8622,2,1,0,1,0,0.7,0.0,2025-Jan-30-21:45:52.368077
0.6215459111067165,8623,2,1,0,1,0,0.7,0.0,2025-Jan-30-21:45:52.412249
0.6215459111067165,8624,2,1,0,1,0,0.7,0.0,2025-Jan-30-21:45:52.458512
0.8075973304947386,8625,4,1,0,1,-1,0.9,0.0,2025-Jan-30-21:45:52.550381
0.41614487593890037,8626,3,1,0,1,1,1.3,1.2,2025-Jan-30-21:45:52.650899
0.4236279326703385,8627,3,1,0,1,1,1.2,1.0,2025-Jan-30-21:45:52.725158
0.4236279326703385,8628,3,1,0,1,1,1.2,1.0,2025-Jan-30-21:45:52.802338
0.4236279326703385,8629,3,1,0,1,1,1.2,1.0,2025-Jan-30-21:45:52.876710
1.0332500091843686,8630,10,1,1,1,0,0.3,0.0,2025-Jan-30-21:45:52.925023
0.7207724245866639,8631,2,1,0,0,0,0.0,0.0,2025-Jan-30-21:45:52.997416
0.7207724245866639,8632,2,1,0,0,0,0.0,0.0,2025-Jan-30-21:45:53.072875
0.7207724245866639,8633,2,1,0,0,0,0.0,0.0,2025-Jan-30-21:45:53.152795
0.7207724245866639,8634,2,1,0,0,0,0.0,0.0,2025-Jan-30-21:45:53.207810
0.48033485300879475,8635,2,1,0,1,1,0.8,0.9,2025-Jan-30-21:45:53.287468
1.1757506411834284,8636,8,1,0,0,0,0.0,0.0,2025-Jan-30-21:45:53.350982
1.1757506411834284,8637,8,1,0,0,0,0.0,0.0,2025-Jan-30-21:45:53.408857
1.1757506411834284,8638,8,1,0,0,0,0.0,0.0,2025-Jan-30-21:45:53.469627
1.1757506411834284,8639,8,1,0,0,0,0.0,0.0,2025-Jan-30-21:45:53.527040
0.9848769458070554,8640,3,1,1,-1,1,0.0,0.9,2025-Jan-30-21:45:53.617792
0.8437667697874734,8641,3,1,0,-1,-1,0.0,0.0,2025-Jan-30-21:45:53.692584
0.8437667699124402,8642,2,1,0,-1,-1,0.0,0.0,2025-Jan-30-21:45:53.763779
0.8437667699124402,8643,2,1,0,-1,-1,0.0,0.0,2025-Jan-30-21:45:53.836817
0.8437667699124402,8644,2,1,0,-1,-1,0.0,0.0,2025-Jan-30-21:45:53.906466
1.0757509626219592,8645,7,1,1,0,1,0.0,1.9,2025-Jan-30-21:45:53.985737
0.7207724114708871,8646,6,1,0,0,1,0.0,1.1,2025-Jan-30-21:45:54.080140
0.5937338842627506,8647,5,1,0,0,1,0.0,1.0,2025-Jan-30-21:45:54.177414
0.5937355840027311,8648,5,1,0,0,1,0.0,0.9,2025-Jan-30-21:45:54.252977
0.5937355840027311,8649,5,1,0,0,1,0.0,0.9,2025-Jan-30-21:45:54.328679
0.579017254311169,8650,6,1,0,1,0,1.0,0.0,2025-Jan-30-21:45:54.375271
0.5937355841696484,8651,4,1,0,0,1,0.0,0.9,2025-Jan-30-21:45:54.569606
0.5937355838359837,8652,3,1,0,0,1,0.0,0.9,2025-Jan-30-21:45:54.646871
0.6070950334571948,8653,3,1,0,0,1,0.0,0.8,2025-Jan-30-21:45:54.692281
0.6070950334571948,8654,3,1,0,0,1,0.0,0.8,2025-Jan-30-21:45:54.738583
0.6924229896766333,8655,6,1,0,1,0,0.2,0.0,2025-Jan-30-21:45:54.783868
1.1757506923755163,8656,9,1,0,-1,1,0.0,0.6,2025-Jan-30-21:45:54.844689
1.1757506923755163,8657,9,1,0,-1,1,0.0,0.6,2025-Jan-30-21:45:54.899430
1.1757506923755163,8658,9,1,0,-1,1,0.0,0.6,2025-Jan-30-21:45:54.983902
1.1757506923755163,8659,9,1,0,-1,1,0.0,0.6,2025-Jan-30-21:45:55.081343
0.8075973438166071,8660,2,1,0,0,-1,0.0,0.0,2025-Jan-30-21:45:55.172072
1.0322733681651044,8661,8,1,0,-1,-1,0.0,0.0,2025-Jan-30-21:45:55.257624
0.7569364633080932,8662,7,1,0,-1,-1,0.0,0.0,2025-Jan-30-21:45:55.322153
0.7494695558329538,8663,6,1,0,-1,-1,0.0,0.0,2025-Jan-30-21:45:55.380308
0.8075973466634223,8664,5,1,0,-1,-1,0.0,0.0,2025-Jan-30-21:45:55.440486
0.7207724245865745,8665,7,1,0,0,0,0.0,0.0,2025-Jan-30-21:45:55.489526
0.8075973438166071,8666,2,1,0,0,-1,0.0,0.0,2025-Jan-30-21:45:55.548744
0.8075973438166071,8667,2,1,0,0,-1,0.0,0.0,2025-Jan-30-21:45:55.609249
0.8075973438166071,8668,2,1,0,0,-1,0.0,0.0,2025-Jan-30-21:45:55.670377
0.8075973438166071,8669,2,1,0,0,-1,0.0,0.0,2025-Jan-30-21:45:55.728323
1.0757730648283506,8670,6,1,1,0,0,0.0,0.0,2025-Jan-30-21:45:55.773431
0.57901725397242,8671,3,1,0,1,0,1.0,0.0,2025-Jan-30-21:45:55.817808
0.5648406297500207,8672,2,1,0,1,0,1.1,0.0,2025-Jan-30-21:45:55.862741
0.5790146671129663,8673,1,1,0,1,0,1.0,0.0,2025-Jan-30-21:45:55.905887
0.5790146671129663,8674,1,1,0,1,0,1.0,0.0,2025-Jan-30-21:45:55.977102
0.8919969475323594,8675,3,1,1,1,1,0.4,1.3,2025-Jan-30-21:45:56.100016
0.7207724247317728,8676,4,1,0,0,0,0.0,0.0,2025-Jan-30-21:45:56.166273
0.7207724247317728,8677,4,1,0,0,0,0.0,0.0,2025-Jan-30-21:45:56.211114
0.7207724247317728,8678,4,1,0,0,0,0.0,0.0,2025-Jan-30-21:45:56.259737
0.7207724247317728,8679,4,1,0,0,0,0.0,0.0,2025-Jan-30-21:45:56.308672
0.7207724245865745,8680,7,1,0,0,0,0.0,0.0,2025-Jan-30-21:45:56.356661
1.1757506411462284,8681,9,1,0,0,0,0.0,0.0,2025-Jan-30-21:45:56.413017
1.1757506411462284,8682,9,1,0,0,0,0.0,0.0,2025-Jan-30-21:45:56.469320
1.1757506411462284,8683,9,1,0,0,0,0.0,0.0,2025-Jan-30-21:45:56.526163
1.1757506411462284,8684,9,1,0,0,0,0.0,0.0,2025-Jan-30-21:45:56.583978
1.0757711430969912,8685,1,1,1,0,0,0.0,0.0,2025-Jan-30-21:45:56.629530
0.7207724245866639,8686,2,1,0,0,0,0.0,0.0,2025-Jan-30-21:45:56.676019
0.7207724245866639,8687,2,1,0,0,0,0.0,0.0,2025-Jan-30-21:45:56.720450
0.7207724245866639,8688,2,1,0,0,0,0.0,0.0,2025-Jan-30-21:45:56.766584
0.7207724245866639,8689,2,1,0,0,0,0.0,0.0,2025-Jan-30-21:45:56.810973
1.1757506582273232,8690,10,1,0,1,1,1.0,0.2,2025-Jan-30-21:45:56.867588
1.1241434980757945,8691,8,1,0,0,-1,0.0,0.0,2025-Jan-30-21:45:56.931159
0.7207724277510894,8692,7,1,0,0,-1,0.0,0.0,2025-Jan-30-21:45:57.000863
0.7207724277510894,8693,7,1,0,0,-1,0.0,0.0,2025-Jan-30-21:45:57.082016
0.7207724277510894,8694,7,1,0,0,-1,0.0,0.0,2025-Jan-30-21:45:57.157769
1.162599289150435,8695,9,1,1,0,-1,0.0,0.0,2025-Jan-30-21:45:57.221609
1.1063157077136516,8696,0,1,0,0,1,0.0,0.7,2025-Jan-30-21:45:57.281857
1.1063157077136516,8697,0,1,0,0,1,0.0,0.7,2025-Jan-30-21:45:57.340908
1.1063157077136516,8698,0,1,0,0,1,0.0,0.7,2025-Jan-30-21:45:57.397606
1.1063157077136516,8699,0,1,0,0,1,0.0,0.7,2025-Jan-30-21:45:57.458138
0.6355671231981772,8700,4,1,0,0,1,0.0,0.6,2025-Jan-30-21:45:57.503485
1.1757506411462284,8701,9,1,0,0,0,0.0,0.0,2025-Jan-30-21:45:57.561759
1.1757506411462284,8702,9,1,0,0,0,0.0,0.0,2025-Jan-30-21:45:57.619684
1.1757506411462284,8703,9,1,0,0,0,0.0,0.0,2025-Jan-30-21:45:57.679792
1.1757506411462284,8704,9,1,0,0,0,0.0,0.0,2025-Jan-30-21:45:57.734473
1.1757506670483657,8705,10,1,0,0,-1,0.0,0.0,2025-Jan-30-21:45:57.789618
1.213559155205243,8706,0,1,0,-1,1,0.0,0.2,2025-Jan-30-21:45:57.870063
1.1851731369833711,8707,0,1,0,-1,1,0.0,0.4,2025-Jan-30-21:45:57.966625
0.6717853899106828,8708,1,1,0,-1,1,0.0,0.6,2025-Jan-30-21:45:58.072651
0.6490364662574499,8709,1,1,0,-1,1,0.0,0.7,2025-Jan-30-21:45:58.170150
1.0757742041523009,8710,9,1,1,1,0,0.8,0.0,2025-Jan-30-21:45:58.233250
0.8075973438166071,8711,2,1,0,0,-1,0.0,0.0,2025-Jan-30-21:45:58.290977
0.8075973438166071,8712,2,1,0,0,-1,0.0,0.0,2025-Jan-30-21:45:58.351873
0.8075973438166071,8713,2,1,0,0,-1,0.0,0.0,2025-Jan-30-21:45:58.409521
0.8075973438166071,8714,2,1,0,0,-1,0.0,0.0,2025-Jan-30-21:45:58.468705
1.0757509770459617,8715,7,1,1,0,0,0.0,0.0,2025-Jan-30-21:45:58.626193
0.7569364604146629,8716,6,1,0,-1,0,0.0,0.0,2025-Jan-30-21:45:58.686899
0.7569364604146629,8717,6,1,0,-1,0,0.0,0.0,2025-Jan-30-21:45:58.744150
0.7569364604146629,8718,6,1,0,-1,0,0.0,0.0,2025-Jan-30-21:45:58.800210
0.7569364604146629,8719,6,1,0,-1,0,0.0,0.0,2025-Jan-30-21:45:58.861637
0.7207724107701181,8720,6,1,0,0,1,0.0,1.8,2025-Jan-30-21:45:58.917516
1.1757506411462284,8721,9,1,0,0,0,0.0,0.0,2025-Jan-30-21:45:58.996967
1.1757506411462284,8722,9,1,0,0,0,0.0,0.0,2025-Jan-30-21:45:59.093635
1.1757506411462284,8723,9,1,0,0,0,0.0,0.0,2025-Jan-30-21:45:59.176861
1.1757506411462284,8724,9,1,0,0,0,0.0,0.0,2025-Jan-30-21:45:59.233842
0.649789979970263,8725,5,1,0,0,1,0.0,0.5,2025-Jan-30-21:45:59.281109
0.6490238600804906,8726,3,1,0,-1,1,0.0,0.7,2025-Jan-30-21:45:59.343731
0.6490238600804906,8727,3,1,0,-1,1,0.0,0.7,2025-Jan-30-21:45:59.402420
0.6490238600804906,8728,3,1,0,-1,1,0.0,0.7,2025-Jan-30-21:45:59.464157
0.6490238600804906,8729,3,1,0,-1,1,0.0,0.7,2025-Jan-30-21:45:59.520547
0.8437651642955636,8730,1,1,0,-1,-1,0.0,0.0,2025-Jan-30-21:45:59.590377
0.7207724244414657,8731,3,1,0,0,0,0.0,0.0,2025-Jan-30-21:45:59.635202
0.7207724244414657,8732,3,1,0,0,0,0.0,0.0,2025-Jan-30-21:45:59.681695
0.7207724244414657,8733,3,1,0,0,0,0.0,0.0,2025-Jan-30-21:45:59.726437
0.7207724244414657,8734,3,1,0,0,0,0.0,0.0,2025-Jan-30-21:45:59.771344
1.5969221544039711,8735,0,1,1,-1,0,0.0,0.0,2025-Jan-30-21:45:59.851672
0.7207724247317727,8736,6,1,0,0,0,0.0,0.0,2025-Jan-30-21:45:59.896133
0.7207724247317727,8737,6,1,0,0,0,0.0,0.0,2025-Jan-30-21:45:59.943245
0.7207724247317727,8738,6,1,0,0,0,0.0,0.0,2025-Jan-30-21:46:00.041133
0.7207724247317727,8739,6,1,0,0,0,0.0,0.0,2025-Jan-30-21:46:00.118052
1.4698832144877194,8740,0,1,1,-1,1,0.0,1.1,2025-Jan-30-21:46:00.245394
0.6516613138072558,8741,2,1,0,1,-1,1.1,0.0,2025-Jan-30-21:46:00.304612
0.6516613138072558,8742,2,1,0,1,-1,1.1,0.0,2025-Jan-30-21:46:00.370517
0.6516613138072558,8743,2,1,0,1,-1,1.1,0.0,2025-Jan-30-21:46:00.428334
0.6516613138072558,8744,2,1,0,1,-1,1.1,0.0,2025-Jan-30-21:46:00.484306
1.1625979868810234,8745,4,1,1,-1,-1,0.0,0.0,2025-Jan-30-21:46:00.540951
0.6213354615655318,8746,5,1,0,1,1,1.1,0.7,2025-Jan-30-21:46:00.600043
0.6213354617277375,8747,4,1,0,1,1,1.1,0.7,2025-Jan-30-21:46:00.657642
0.6213354617277375,8748,4,1,0,1,1,1.1,0.7,2025-Jan-30-21:46:00.712653
0.6213354617277375,8749,4,1,0,1,1,1.1,0.7,2025-Jan-30-21:46:00.768821
1.162596231733874,8750,1,1,1,0,-1,0.0,0.0,2025-Jan-30-21:46:00.826261
0.7207724115486495,8751,6,1,0,0,1,0.0,0.4,2025-Jan-30-21:46:00.884861
0.7207724115486495,8752,6,1,0,0,1,0.0,0.4,2025-Jan-30-21:46:00.940871
0.7207724115486495,8753,6,1,0,0,1,0.0,0.4,2025-Jan-30-21:46:01.032494
0.7207724115486495,8754,6,1,0,0,1,0.0,0.4,2025-Jan-30-21:46:01.122030
1.1757506411462284,8755,9,1,0,0,0,0.0,0.0,2025-Jan-30-21:46:01.203887
0.7207724245865745,8756,5,1,0,0,0,0.0,0.0,2025-Jan-30-21:46:01.251537
0.7207724245865745,8757,5,1,0,0,0,0.0,0.0,2025-Jan-30-21:46:01.297472
0.7207724245865745,8758,5,1,0,0,0,0.0,0.0,2025-Jan-30-21:46:01.345331
0.7207724245865745,8759,5,1,0,0,0,0.0,0.0,2025-Jan-30-21:46:01.389545
1.078697596516042,8760,0,1,0,0,1,0.0,1.9,2025-Jan-30-21:46:01.475548
0.7207724112415242,8761,7,1,0,0,1,0.0,0.5,2025-Jan-30-21:46:01.531077
0.7207724113867224,8762,6,1,0,0,1,0.0,0.5,2025-Jan-30-21:46:01.587469
0.7207724113867224,8763,6,1,0,0,1,0.0,0.5,2025-Jan-30-21:46:01.642718
0.7207724113867224,8764,6,1,0,0,1,0.0,0.5,2025-Jan-30-21:46:01.697617
0.8075973436857562,8765,3,1,0,0,-1,0.0,0.0,2025-Jan-30-21:46:01.755803
0.7207724245866639,8766,2,1,0,0,0,0.0,0.0,2025-Jan-30-21:46:01.799997
0.7207724245866639,8767,2,1,0,0,0,0.0,0.0,2025-Jan-30-21:46:01.847488
0.7207724245866639,8768,2,1,0,0,0,0.0,0.0,2025-Jan-30-21:46:01.891646
0.7207724245866639,8769,2,1,0,0,0,0.0,0.0,2025-Jan-30-21:46:01.935770
0.6782093237810412,8770,4,1,0,0,1,0.0,0.3,2025-Jan-30-21:46:01.998556
0.7207724116372796,8771,4,1,0,1,0,1.6,0.0,2025-Jan-30-21:46:02.206581
0.7207724116372796,8772,4,1,0,1,0,1.6,0.0,2025-Jan-30-21:46:02.289752
0.7207724116372796,8773,4,1,0,1,0,1.6,0.0,2025-Jan-30-21:46:02.350580
0.7207724116372796,8774,4,1,0,1,0,1.6,0.0,2025-Jan-30-21:46:02.409230
0.7207724247317728,8775,4,1,0,0,0,0.0,0.0,2025-Jan-30-21:46:02.456848
0.5648406335145044,8776,7,1,0,1,-1,1.1,0.0,2025-Jan-30-21:46:02.502926
0.5648406336863598,8777,6,1,0,1,-1,1.1,0.0,2025-Jan-30-21:46:02.548610
0.5648406336863598,8778,6,1,0,1,-1,1.1,0.0,2025-Jan-30-21:46:02.593518
0.5648406336863598,8779,6,1,0,1,-1,1.1,0.0,2025-Jan-30-21:46:02.639577
1.175750667659047,8780,10,1,0,1,-1,1.8,0.0,2025-Jan-30-21:46:02.697650
1.1757506411834284,8781,8,1,0,0,0,0.0,0.0,2025-Jan-30-21:46:02.755361
1.1757506411834284,8782,8,1,0,0,0,0.0,0.0,2025-Jan-30-21:46:02.811221
1.1757506411834284,8783,8,1,0,0,0,0.0,0.0,2025-Jan-30-21:46:02.869568
1.1757506411834284,8784,8,1,0,0,0,0.0,0.0,2025-Jan-30-21:46:02.926441
1.1625979839033573,8785,2,1,1,0,-1,0.0,0.0,2025-Jan-30-21:46:03.008461
0.8075973438165706,8786,5,1,0,0,-1,0.0,0.0,2025-Jan-30-21:46:03.100204
0.8075973438165706,8787,5,1,0,0,-1,0.0,0.0,2025-Jan-30-21:46:03.181350
0.8075973438165706,8788,5,1,0,0,-1,0.0,0.0,2025-Jan-30-21:46:03.243374
0.8075973438165706,8789,5,1,0,0,-1,0.0,0.0,2025-Jan-30-21:46:03.303712
1.0708934980940992,8790,10,1,0,-1,0,0.0,0.0,2025-Jan-30-21:46:03.370557
0.720772427896289,8791,4,1,0,-1,0,0.0,0.0,2025-Jan-30-21:46:03.416605
0.720772427896289,8792,4,1,0,-1,0,0.0,0.0,2025-Jan-30-21:46:03.467052
0.720772427896289,8793,4,1,0,-1,0,0.0,0.0,2025-Jan-30-21:46:03.513512
0.720772427896289,8794,4,1,0,-1,0,0.0,0.0,2025-Jan-30-21:46:03.562326
0.9487323540322935,8795,1,1,1,0,1,0.0,1.0,2025-Jan-30-21:46:03.637714
0.8075973438166071,8796,2,1,0,0,-1,0.0,0.0,2025-Jan-30-21:46:03.698466
0.8075973438166071,8797,2,1,0,0,-1,0.0,0.0,2025-Jan-30-21:46:03.757110
0.8075973438166071,8798,2,1,0,0,-1,0.0,0.0,2025-Jan-30-21:46:03.813446
0.8075973438166071,8799,2,1,0,0,-1,0.0,0.0,2025-Jan-30-21:46:03.874557
1.1757506411462284,8800,9,1,0,0,0,0.0,0.0,2025-Jan-30-21:46:03.931595
0.5937317139206233,8801,1,1,0,0,1,0.0,1.0,2025-Jan-30-21:46:04.031738
0.5937334138569235,8802,1,1,0,0,1,0.0,0.9,2025-Jan-30-21:46:04.144651
0.5937334138569235,8803,1,1,0,0,1,0.0,0.9,2025-Jan-30-21:46:04.230079
0.5937334138569235,8804,1,1,0,0,1,0.0,0.9,2025-Jan-30-21:46:04.306334
1.0917209623370367,8805,2,1,1,1,-1,0.5,0.0,2025-Jan-30-21:46:04.371389
0.6497899834066628,8806,5,1,0,-1,1,0.0,0.5,2025-Jan-30-21:46:04.419991
0.63556712668913,8807,4,1,0,-1,1,0.0,0.6,2025-Jan-30-21:46:04.468409
0.6490238600804906,8808,3,1,0,-1,1,0.0,0.7,2025-Jan-30-21:46:04.528165
0.6490238600804906,8809,3,1,0,-1,1,0.0,0.7,2025-Jan-30-21:46:04.590164
0.8437667699124402,8810,2,1,0,-1,-1,0.0,0.0,2025-Jan-30-21:46:04.661744
0.7207724114621342,8811,6,1,0,0,1,0.0,0.6,2025-Jan-30-21:46:04.720484
0.6355671230384019,8812,5,1,0,0,1,0.0,0.6,2025-Jan-30-21:46:04.767631
0.6213354746137486,8813,5,1,0,0,1,0.0,0.7,2025-Jan-30-21:46:04.811618
0.6213354747759543,8814,4,1,0,0,1,0.0,0.7,2025-Jan-30-21:46:04.858087
0.9487255680725922,8815,1,1,1,0,1,0.0,1.4,2025-Jan-30-21:46:04.932383
1.1757506626297909,8816,8,1,0,1,0,0.4,0.0,2025-Jan-30-21:46:05.010007
1.1757506626297909,8817,8,1,0,1,0,0.4,0.0,2025-Jan-30-21:46:05.094376
1.1757506626297909,8818,8,1,0,1,0,0.4,0.0,2025-Jan-30-21:46:05.178824
1.1757506626297909,8819,8,1,0,1,0,0.4,0.0,2025-Jan-30-21:46:05.236187
0.9486992568853948,8820,5,1,1,0,1,0.0,1.3,2025-Jan-30-21:46:05.310020
1.070893498094094,8821,8,1,0,-1,0,0.0,0.0,2025-Jan-30-21:46:05.379497
0.7569364602753836,8822,7,1,0,-1,0,0.0,0.0,2025-Jan-30-21:46:05.437088
0.7569364604146629,8823,6,1,0,-1,0,0.0,0.0,2025-Jan-30-21:46:05.499266
0.7569364604146629,8824,6,1,0,-1,0,0.0,0.0,2025-Jan-30-21:46:05.560729
1.0757730646832417,8825,2,1,1,0,0,0.0,0.0,2025-Jan-30-21:46:05.609135
0.664002014316627,8826,1,1,0,0,1,0.0,0.4,2025-Jan-30-21:46:05.659008
0.6497879200389898,8827,1,1,0,0,1,0.0,0.5,2025-Jan-30-21:46:05.705385
0.6213333589924062,8828,1,1,0,0,1,0.0,0.7,2025-Jan-30-21:46:05.752091
0.6070928900790291,8829,1,1,0,0,1,0.0,0.8,2025-Jan-30-21:46:05.796433
1.1241434980757994,8830,9,1,0,0,-1,0.0,0.0,2025-Jan-30-21:46:05.864163
1.2419215143445705,8831,0,1,0,-1,0,0.0,0.0,2025-Jan-30-21:46:05.958736
1.2419215143445705,8832,0,1,0,-1,0,0.0,0.0,2025-Jan-30-21:46:06.097833
1.2419215143445705,8833,0,1,0,-1,0,0.0,0.0,2025-Jan-30-21:46:06.217369
1.2419215143445705,8834,0,1,0,-1,0,0.0,0.0,2025-Jan-30-21:46:06.299747
0.7207724245865745,8835,7,1,0,0,0,0.0,0.0,2025-Jan-30-21:46:06.345739
0.7207724116682485,8836,6,1,0,0,1,0.0,1.2,2025-Jan-30-21:46:06.404099
0.5937321857371666,8837,5,1,0,0,1,0.0,1.1,2025-Jan-30-21:46:06.480366
0.5937338844296631,8838,4,1,0,0,1,0.0,1.0,2025-Jan-30-21:46:06.554492
0.5937338844296631,8839,4,1,0,0,1,0.0,1.0,2025-Jan-30-21:46:06.628189
1.1212605820592958,8840,8,1,0,1,-1,0.2,0.0,2025-Jan-30-21:46:06.693977
0.8075973438165706,8841,5,1,0,0,-1,0.0,0.0,2025-Jan-30-21:46:06.753727
0.8075973438165706,8842,5,1,0,0,-1,0.0,0.0,2025-Jan-30-21:46:06.810418
0.8075973438165706,8843,5,1,0,0,-1,0.0,0.0,2025-Jan-30-21:46:06.872649
0.8075973438165706,8844,5,1,0,0,-1,0.0,0.0,2025-Jan-30-21:46:06.928770
0.9486886634647963,8845,5,1,1,0,1,0.0,1.9,2025-Jan-30-21:46:07.029794
0.720770503000503,8846,1,1,0,0,0,0.0,0.0,2025-Jan-30-21:46:07.112900
0.720770503000503,8847,1,1,0,0,0,0.0,0.0,2025-Jan-30-21:46:07.182384
0.720770503000503,8848,1,1,0,0,0,0.0,0.0,2025-Jan-30-21:46:07.383584
0.720770503000503,8849,1,1,0,0,0,0.0,0.0,2025-Jan-30-21:46:07.430549
0.43779609010409226,8850,2,1,0,1,1,1.1,1.5,2025-Jan-30-21:46:07.507876
1.1757506510236093,8851,8,1,0,0,1,0.0,1.4,2025-Jan-30-21:46:07.564347
1.1757506510236093,8852,8,1,0,0,1,0.0,1.4,2025-Jan-30-21:46:07.621039
1.1757506510236093,8853,8,1,0,0,1,0.0,1.4,2025-Jan-30-21:46:07.677285
1.1757506510236093,8854,8,1,0,0,1,0.0,1.4,2025-Jan-30-21:46:07.733278
1.0757730646832417,8855,2,1,1,0,0,0.0,0.0,2025-Jan-30-21:46:07.779195
0.49385671468100767,8856,1,1,0,1,1,1.1,0.5,2025-Jan-30-21:46:07.823356
0.46540267068951047,8857,1,1,0,1,1,1.1,0.7,2025-Jan-30-21:46:07.868274
0.45116245777328,8858,1,1,0,1,1,1.1,0.8,2025-Jan-30-21:46:07.914907
0.46540552654409273,8859,2,1,0,1,1,1.1,0.7,2025-Jan-30-21:46:07.990812
1.2419215143445705,8860,0,1,0,-1,0,0.0,0.0,2025-Jan-30-21:46:08.123093
0.6640727441014078,8861,6,1,0,1,1,0.4,1.6,2025-Jan-30-21:46:08.203321
0.6640727441014078,8862,6,1,0,1,1,0.4,1.6,2025-Jan-30-21:46:08.261589
0.6640727441014078,8863,6,1,0,1,1,0.4,1.6,2025-Jan-30-21:46:08.319439
0.6640727441014078,8864,6,1,0,1,1,0.4,1.6,2025-Jan-30-21:46:08.381386
1.1119380980176448,8865,10,1,1,-1,-1,0.0,0.0,2025-Jan-30-21:46:08.442664
1.1757506670486992,8866,9,1,0,-1,0,0.0,0.0,2025-Jan-30-21:46:08.497624
1.1757506670486992,8867,9,1,0,-1,0,0.0,0.0,2025-Jan-30-21:46:08.552579
1.1757506670486992,8868,9,1,0,-1,0,0.0,0.0,2025-Jan-30-21:46:08.608823
1.1757506670486992,8869,9,1,0,-1,0,0.0,0.0,2025-Jan-30-21:46:08.665112
1.175750645732307,8870,8,1,0,0,1,0.0,1.8,2025-Jan-30-21:46:08.721605
0.6800151210707939,8871,3,1,0,1,-1,0.9,0.0,2025-Jan-30-21:46:08.779534
0.6658383184539178,8872,3,1,0,1,-1,1.0,0.0,2025-Jan-30-21:46:08.834699
0.6658383186089771,8873,2,1,0,1,-1,1.0,0.0,2025-Jan-30-21:46:08.892850
0.6658383186089771,8874,2,1,0,1,-1,1.0,0.0,2025-Jan-30-21:46:08.977144
1.028161011805214,8875,0,1,0,1,0,1.4,0.0,2025-Jan-30-21:46:09.096715
1.1757506460973821,8876,9,1,0,1,0,0.4,0.0,2025-Jan-30-21:46:09.184443
1.1757506460973821,8877,9,1,0,1,0,0.4,0.0,2025-Jan-30-21:46:09.242901
1.1757506460973821,8878,9,1,0,1,0,0.4,0.0,2025-Jan-30-21:46:09.298186
1.1757506460973821,8879,9,1,0,1,0,0.4,0.0,2025-Jan-30-21:46:09.358067
0.7207724247317728,8880,4,1,0,0,0,0.0,0.0,2025-Jan-30-21:46:09.408015
0.47951801677123984,8881,2,1,0,1,1,0.9,0.8,2025-Jan-30-21:46:09.454945
0.46540552654409273,8882,2,1,0,1,1,1.1,0.7,2025-Jan-30-21:46:09.500181
0.47951801677123984,8883,2,1,0,1,1,0.9,0.8,2025-Jan-30-21:46:09.545883
0.47951801677123984,8884,2,1,0,1,1,0.9,0.8,2025-Jan-30-21:46:09.592325
1.1625979868810234,8885,4,1,1,-1,-1,0.0,0.0,2025-Jan-30-21:46:09.650045
0.6433600230516086,8886,2,1,0,-1,1,0.0,0.8,2025-Jan-30-21:46:09.709683
0.6433600230516086,8887,2,1,0,-1,1,0.0,0.8,2025-Jan-30-21:46:09.767980
0.6433600230516086,8888,2,1,0,-1,1,0.0,0.8,2025-Jan-30-21:46:09.824523
0.6433600230516086,8889,2,1,0,-1,1,0.0,0.8,2025-Jan-30-21:46:09.892201
0.7065978115053049,8890,7,1,0,1,-1,0.1,0.0,2025-Jan-30-21:46:09.964063
0.720772411557495,8891,6,1,0,0,1,0.0,1.7,2025-Jan-30-21:46:10.068883
0.7207724116372788,8892,6,1,0,0,1,0.0,1.6,2025-Jan-30-21:46:10.171914
0.7207724116372788,8893,6,1,0,0,1,0.0,1.6,2025-Jan-30-21:46:10.241615
0.7207724116372788,8894,6,1,0,0,1,0.0,1.6,2025-Jan-30-21:46:10.304200
1.1119353369785046,8895,1,1,1,-1,0,0.0,0.0,2025-Jan-30-21:46:10.371538
0.720772411212689,8896,5,1,0,1,0,1.0,0.0,2025-Jan-30-21:46:10.437118
0.720772411212689,8897,5,1,0,1,0,1.0,0.0,2025-Jan-30-21:46:10.499782
0.720772411212689,8898,5,1,0,1,0,1.0,0.0,2025-Jan-30-21:46:10.564228
0.720772411212689,8899,5,1,0,1,0,1.0,0.0,2025-Jan-30-21:46:10.629435
1.0757509621876802,8900,5,1,1,1,0,1.8,0.0,2025-Jan-30-21:46:10.693348
0.7207724112622118,8901,5,1,0,1,0,0.3,0.0,2025-Jan-30-21:46:10.756596
0.7207724112622118,8902,5,1,0,1,0,0.3,0.0,2025-Jan-30-21:46:10.820173
0.7207724112622118,8903,5,1,0,1,0,0.3,0.0,2025-Jan-30-21:46:10.880425
0.7207724112622118,8904,5,1,0,1,0,0.3,0.0,2025-Jan-30-21:46:10.939113
1.1207024870472044,8905,0,1,0,1,0,0.6,0.0,2025-Jan-30-21:46:11.048713
0.8075973438166071,8906,2,1,0,0,-1,0.0,0.0,2025-Jan-30-21:46:11.143413
0.8075973438166071,8907,2,1,0,0,-1,0.0,0.0,2025-Jan-30-21:46:11.222090
0.8075973438166071,8908,2,1,0,0,-1,0.0,0.0,2025-Jan-30-21:46:11.280559
0.8075973438166071,8909,2,1,0,0,-1,0.0,0.0,2025-Jan-30-21:46:11.341614
0.9056329909201652,8910,7,1,1,1,1,1.2,1.6,2025-Jan-30-21:46:11.408024
0.7207724247317727,8911,6,1,0,0,0,0.0,0.0,2025-Jan-30-21:46:11.586505
0.7207724247317727,8912,6,1,0,0,0,0.0,0.0,2025-Jan-30-21:46:11.633397
0.7207724247317727,8913,6,1,0,0,0,0.0,0.0,2025-Jan-30-21:46:11.682895
0.7207724247317727,8914,6,1,0,0,0,0.0,0.0,2025-Jan-30-21:46:11.729465
1.1625979840341714,8915,4,1,1,0,-1,0.0,0.0,2025-Jan-30-21:46:11.789342
0.7207724245865745,8916,5,1,0,0,0,0.0,0.0,2025-Jan-30-21:46:11.834040
0.7207724247317728,8917,4,1,0,0,0,0.0,0.0,2025-Jan-30-21:46:11.880484
0.7207724247317728,8918,4,1,0,0,0,0.0,0.0,2025-Jan-30-21:46:11.926016
0.7207724247317728,8919,4,1,0,0,0,0.0,0.0,2025-Jan-30-21:46:11.990913
1.1085655952507665,8920,7,1,1,-1,0,0.0,0.0,2025-Jan-30-21:46:12.096445
0.5228582416723486,8921,2,1,0,1,1,0.5,1.1,2025-Jan-30-21:46:12.208494
0.5086845462880243,8922,2,1,0,1,1,0.6,1.0,2025-Jan-30-21:46:12.286724
0.48033485300879475,8923,2,1,0,1,1,0.8,0.9,2025-Jan-30-21:46:12.367053
0.47951801677123984,8924,2,1,0,1,1,0.9,0.8,2025-Jan-30-21:46:12.414441
0.9849006287555747,8925,8,1,1,-1,1,0.0,1.4,2025-Jan-30-21:46:12.502118
0.7207724247317727,8926,6,1,0,0,0,0.0,0.0,2025-Jan-30-21:46:12.547049
0.7207724247317727,8927,6,1,0,0,0,0.0,0.0,2025-Jan-30-21:46:12.593651
0.7207724247317727,8928,6,1,0,0,0,0.0,0.0,2025-Jan-30-21:46:12.637877
0.7207724247317727,8929,6,1,0,0,0,0.0,0.0,2025-Jan-30-21:46:12.685658
1.0473827485203913,8930,3,1,1,0,1,0.0,0.2,2025-Jan-30-21:46:12.733015
0.720770503000503,8931,1,1,0,0,0,0.0,0.0,2025-Jan-30-21:46:12.777621
0.720770503000503,8932,1,1,0,0,0,0.0,0.0,2025-Jan-30-21:46:12.823395
0.720770503000503,8933,1,1,0,0,0,0.0,0.0,2025-Jan-30-21:46:12.869188
0.720770503000503,8934,1,1,0,0,0,0.0,0.0,2025-Jan-30-21:46:12.917535
1.075774204519099,8935,9,1,1,1,0,0.9,0.0,2025-Jan-30-21:46:12.992266
1.1757506595846143,8936,9,1,0,1,1,1.0,0.3,2025-Jan-30-21:46:13.075991
1.1757506595846143,8937,9,1,0,1,1,1.0,0.3,2025-Jan-30-21:46:13.166797
1.1757506595846143,8938,9,1,0,1,1,1.0,0.3,2025-Jan-30-21:46:13.224215
1.1757506595846143,8939,9,1,0,1,1,1.0,0.3,2025-Jan-30-21:46:13.282082
1.162596231733874,8940,1,1,1,0,-1,0.0,0.0,2025-Jan-30-21:46:13.340220
1.1241434980757945,8941,8,1,0,0,-1,0.0,0.0,2025-Jan-30-21:46:13.404141
0.7207724277510894,8942,7,1,0,0,-1,0.0,0.0,2025-Jan-30-21:46:13.452263
0.7207724277510894,8943,7,1,0,0,-1,0.0,0.0,2025-Jan-30-21:46:13.498001
0.7207724277510894,8944,7,1,0,0,-1,0.0,0.0,2025-Jan-30-21:46:13.543906
0.9983613205432099,8945,8,1,1,-1,1,0.0,0.8,2025-Jan-30-21:46:13.602285
0.63556712287877,8946,3,1,0,0,1,0.0,0.6,2025-Jan-30-21:46:13.648312
0.6213354744516955,8947,3,1,0,0,1,0.0,0.7,2025-Jan-30-21:46:13.694055
0.6213354746139012,8948,2,1,0,0,1,0.0,0.7,2025-Jan-30-21:46:13.739427
0.6213354746139012,8949,2,1,0,0,1,0.0,0.7,2025-Jan-30-21:46:13.784892
1.1757506411462284,8950,9,1,0,0,0,0.0,0.0,2025-Jan-30-21:46:13.841102
1.1241434980757994,8951,9,1,0,0,-1,0.0,0.0,2025-Jan-30-21:46:13.904890
1.1241434980757945,8952,8,1,0,0,-1,0.0,0.0,2025-Jan-30-21:46:13.988076
0.7207724277510894,8953,7,1,0,0,-1,0.0,0.0,2025-Jan-30-21:46:14.069518
0.7207724278962877,8954,6,1,0,0,-1,0.0,0.0,2025-Jan-30-21:46:14.151263
0.7207724113160096,8955,4,1,0,1,0,1.3,0.0,2025-Jan-30-21:46:14.227106
1.1757506573921237,8956,8,1,0,1,0,0.8,0.0,2025-Jan-30-21:46:14.292851
1.1757506573921237,8957,8,1,0,1,0,0.8,0.0,2025-Jan-30-21:46:14.350985
1.1757506573921237,8958,8,1,0,1,0,0.8,0.0,2025-Jan-30-21:46:14.408748
1.1757506573921237,8959,8,1,0,1,0,0.8,0.0,2025-Jan-30-21:46:14.465629
1.5401737770493025,8960,0,1,1,-1,1,0.0,0.4,2025-Jan-30-21:46:14.546409
0.7207724247317727,8961,6,1,0,0,0,0.0,0.0,2025-Jan-30-21:46:14.592459
0.7207724247317727,8962,6,1,0,0,0,0.0,0.0,2025-Jan-30-21:46:14.639563
0.7207724247317727,8963,6,1,0,0,0,0.0,0.0,2025-Jan-30-21:46:14.850639
0.7207724247317727,8964,6,1,0,0,0,0.0,0.0,2025-Jan-30-21:46:14.898204
1.175750641146208,8965,10,1,0,0,0,0.0,0.0,2025-Jan-30-21:46:14.971581
0.5937237145444157,8966,5,1,0,0,1,0.0,1.6,2025-Jan-30-21:46:15.100136
0.5937270990944161,8967,5,1,0,0,1,0.0,1.4,2025-Jan-30-21:46:15.203709
0.5937270990944161,8968,5,1,0,0,1,0.0,1.4,2025-Jan-30-21:46:15.280240
0.5937270990944161,8969,5,1,0,0,1,0.0,1.4,2025-Jan-30-21:46:15.354609
1.0757730648283506,8970,6,1,1,0,0,0.0,0.0,2025-Jan-30-21:46:15.400048
0.6355671231981772,8971,4,1,0,0,1,0.0,0.6,2025-Jan-30-21:46:15.446923
0.6213354747759543,8972,4,1,0,0,1,0.0,0.7,2025-Jan-30-21:46:15.493815
0.5937355841696484,8973,4,1,0,0,1,0.0,0.9,2025-Jan-30-21:46:15.569063
0.5937338840960084,8974,3,1,0,0,1,0.0,1.0,2025-Jan-30-21:46:15.645430
0.7207724245865745,8975,5,1,0,0,0,0.0,0.0,2025-Jan-30-21:46:15.692823
0.8437651642955636,8976,1,1,0,-1,-1,0.0,0.0,2025-Jan-30-21:46:15.764363
0.8437651642955636,8977,1,1,0,-1,-1,0.0,0.0,2025-Jan-30-21:46:15.836119
0.8437651642955636,8978,1,1,0,-1,-1,0.0,0.0,2025-Jan-30-21:46:15.907255
0.8437651642955636,8979,1,1,0,-1,-1,0.0,0.0,2025-Jan-30-21:46:16.041031
1.0615712615610624,8980,3,1,1,0,1,0.0,0.1,2025-Jan-30-21:46:16.150052
1.2419215143445705,8981,0,1,0,-1,0,0.0,0.0,2025-Jan-30-21:46:16.252208
1.2419215143445705,8982,0,1,0,-1,0,0.0,0.0,2025-Jan-30-21:46:16.336735
1.2419215143445705,8983,0,1,0,-1,0,0.0,0.0,2025-Jan-30-21:46:16.419813
1.2419215143445705,8984,0,1,0,-1,0,0.0,0.0,2025-Jan-30-21:46:16.504414
1.2925893835362965,8985,0,1,0,0,-1,0.0,0.0,2025-Jan-30-21:46:16.585396
1.1148825744136357,8986,0,1,0,-1,1,0.0,1.1,2025-Jan-30-21:46:16.691959
1.1148812491284976,8987,0,1,0,-1,1,0.0,1.2,2025-Jan-30-21:46:16.798417
1.1148798936954598,8988,0,1,0,-1,1,0.0,1.3,2025-Jan-30-21:46:16.904251
1.1148798936954598,8989,0,1,0,-1,1,0.0,1.3,2025-Jan-30-21:46:17.060904
1.1347712698274188,8990,0,1,0,0,1,0.0,0.5,2025-Jan-30-21:46:17.153153
0.8437667697874734,8991,3,1,0,-1,-1,0.0,0.0,2025-Jan-30-21:46:17.250034
0.8437667697874734,8992,3,1,0,-1,-1,0.0,0.0,2025-Jan-30-21:46:17.324613
0.8437667697874734,8993,3,1,0,-1,-1,0.0,0.0,2025-Jan-30-21:46:17.398480
0.8437667697874734,8994,3,1,0,-1,-1,0.0,0.0,2025-Jan-30-21:46:17.470754
1.0066594751689646,8995,1,1,1,1,-1,1.1,0.0,2025-Jan-30-21:46:17.531706
0.8075955916472131,8996,1,1,0,0,-1,0.0,0.0,2025-Jan-30-21:46:17.592602
0.8075955916472131,8997,1,1,0,0,-1,0.0,0.0,2025-Jan-30-21:46:17.652551
0.8075955916472131,8998,1,1,0,0,-1,0.0,0.0,2025-Jan-30-21:46:17.711786
0.8075955916472131,8999,1,1,0,0,-1,0.0,0.0,2025-Jan-30-21:46:17.771489
1.0757509770459617,9000,7,1,1,0,0,0.0,0.0,2025-Jan-30-21:46:17.818302
1.1757506411834284,9001,8,1,0,0,0,0.0,0.0,2025-Jan-30-21:46:17.877028
1.1757506411834284,9002,8,1,0,0,0,0.0,0.0,2025-Jan-30-21:46:17.935061
1.1757506411834284,9003,8,1,0,0,0,0.0,0.0,2025-Jan-30-21:46:18.012557
1.1757506411834284,9004,8,1,0,0,0,0.0,0.0,2025-Jan-30-21:46:18.121378
1.1757506411834284,9005,8,1,0,0,0,0.0,0.0,2025-Jan-30-21:46:18.199015
1.0786992919755165,9006,0,1,0,0,1,0.0,1.8,2025-Jan-30-21:46:18.283046
1.0786992919755165,9007,0,1,0,0,1,0.0,1.8,2025-Jan-30-21:46:18.367013
1.0786992919755165,9008,0,1,0,0,1,0.0,1.8,2025-Jan-30-21:46:18.448783
1.0786992919755165,9009,0,1,0,0,1,0.0,1.8,2025-Jan-30-21:46:18.533963
1.1757506578195729,9010,9,1,0,0,1,0.0,1.0,2025-Jan-30-21:46:18.591826
0.8075973438166071,9011,2,1,0,0,-1,0.0,0.0,2025-Jan-30-21:46:18.651061
0.8075973438166071,9012,2,1,0,0,-1,0.0,0.0,2025-Jan-30-21:46:18.710131
0.8075973438166071,9013,2,1,0,0,-1,0.0,0.0,2025-Jan-30-21:46:18.768687
0.8075973438166071,9014,2,1,0,0,-1,0.0,0.0,2025-Jan-30-21:46:18.828407
0.7207724244414657,9015,3,1,0,0,0,0.0,0.0,2025-Jan-30-21:46:18.874957
0.6640040463240509,9016,3,1,0,0,1,0.0,0.4,2025-Jan-30-21:46:18.921706
0.63556712287877,9017,3,1,0,0,1,0.0,0.6,2025-Jan-30-21:46:18.994687
0.6070950334571948,9018,3,1,0,0,1,0.0,0.8,2025-Jan-30-21:46:19.072601
0.5937338840960084,9019,3,1,0,0,1,0.0,1.0,2025-Jan-30-21:46:19.188110
1.0757730514833002,9020,6,1,1,0,1,0.0,0.5,2025-Jan-30-21:46:19.252136
0.7207724244414657,9021,3,1,0,0,0,0.0,0.0,2025-Jan-30-21:46:19.304623
0.7207724244414657,9022,3,1,0,0,0,0.0,0.0,2025-Jan-30-21:46:19.521280
0.7207724244414657,9023,3,1,0,0,0,0.0,0.0,2025-Jan-30-21:46:19.570885
0.7207724244414657,9024,3,1,0,0,0,0.0,0.0,2025-Jan-30-21:46:19.628691
1.0757730648283506,9025,6,1,1,0,0,0.0,0.0,2025-Jan-30-21:46:19.675414
1.1241434920212514,9026,9,1,0,1,-1,1.6,0.0,2025-Jan-30-21:46:19.757577
1.249156286508125,9027,8,1,0,1,-1,1.5,0.0,2025-Jan-30-21:46:19.821842
1.249156286508125,9028,8,1,0,1,-1,1.5,0.0,2025-Jan-30-21:46:19.884918
1.249156286508125,9029,8,1,0,1,-1,1.5,0.0,2025-Jan-30-21:46:19.964499
1.0757509769736244,9030,3,1,1,0,0,0.0,0.0,2025-Jan-30-21:46:20.053025
0.8075973438166071,9031,2,1,0,0,-1,0.0,0.0,2025-Jan-30-21:46:20.157967
0.8075973438166071,9032,2,1,0,0,-1,0.0,0.0,2025-Jan-30-21:46:20.240115
0.8075973438166071,9033,2,1,0,0,-1,0.0,0.0,2025-Jan-30-21:46:20.308881
0.8075973438166071,9034,2,1,0,0,-1,0.0,0.0,2025-Jan-30-21:46:20.368915
1.1490545794427374,9035,0,1,0,1,0,0.4,0.0,2025-Jan-30-21:46:20.427517
1.1757506670486992,9036,9,1,0,-1,0,0.0,0.0,2025-Jan-30-21:46:20.486139
1.1757506670486992,9037,9,1,0,-1,0,0.0,0.0,2025-Jan-30-21:46:20.545086
1.1757506670486992,9038,9,1,0,-1,0,0.0,0.0,2025-Jan-30-21:46:20.604535
1.1757506670486992,9039,9,1,0,-1,0,0.0,0.0,2025-Jan-30-21:46:20.662771
1.0757742179736964,9040,10,1,1,0,0,0.0,0.0,2025-Jan-30-21:46:20.711812
0.5937300151980632,9041,1,1,0,0,1,0.0,1.1,2025-Jan-30-21:46:20.788183
0.5937266220535479,9042,1,1,0,0,1,0.0,1.3,2025-Jan-30-21:46:20.863712
0.5937249279608908,9043,1,1,0,0,1,0.0,1.4,2025-Jan-30-21:46:20.940127
0.5937232347922028,9044,1,1,0,0,1,0.0,1.5,2025-Jan-30-21:46:21.067721
0.9338686856667165,9045,2,1,1,1,1,0.4,0.6,2025-Jan-30-21:46:21.146472
1.1757506411834284,9046,8,1,0,0,0,0.0,0.0,2025-Jan-30-21:46:21.223837
1.1757506411834284,9047,8,1,0,0,0,0.0,0.0,2025-Jan-30-21:46:21.290713
1.1757506411834284,9048,8,1,0,0,0,0.0,0.0,2025-Jan-30-21:46:21.347994
1.1757506411834284,9049,8,1,0,0,0,0.0,0.0,2025-Jan-30-21:46:21.404742
1.1119380949877005,9050,10,1,1,-1,0,0.0,0.0,2025-Jan-30-21:46:21.462268
0.7225443221679263,9051,2,1,0,1,-1,0.6,0.0,2025-Jan-30-21:46:21.521363
0.7083681223836683,9052,2,1,0,1,-1,0.7,0.0,2025-Jan-30-21:46:21.579486
0.6941917222747122,9053,2,1,0,1,-1,0.8,0.0,2025-Jan-30-21:46:21.638136
0.6800151212234314,9054,2,1,0,1,-1,0.9,0.0,2025-Jan-30-21:46:21.696258
0.8437667697874734,9055,3,1,0,-1,-1,0.0,0.0,2025-Jan-30-21:46:21.768374
0.8437667699124402,9056,2,1,0,-1,-1,0.0,0.0,2025-Jan-30-21:46:21.839660
0.8437667699124402,9057,2,1,0,-1,-1,0.0,0.0,2025-Jan-30-21:46:21.910620
0.8437667699124402,9058,2,1,0,-1,-1,0.0,0.0,2025-Jan-30-21:46:22.022789
0.8437667699124402,9059,2,1,0,-1,-1,0.0,0.0,2025-Jan-30-21:46:22.151535
0.7207724245865745,9060,7,1,0,0,0,0.0,0.0,2025-Jan-30-21:46:22.212929
0.5937249279608908,9061,1,1,0,0,1,0.0,1.4,2025-Jan-30-21:46:22.286693
0.5937249279608908,9062,1,1,0,0,1,0.0,1.4,2025-Jan-30-21:46:22.359684
0.5937249279608908,9063,1,1,0,0,1,0.0,1.4,2025-Jan-30-21:46:22.432737
0.5937249279608908,9064,1,1,0,0,1,0.0,1.4,2025-Jan-30-21:46:22.505253
0.7792471302990671,9065,2,1,0,1,-1,0.2,0.0,2025-Jan-30-21:46:22.562584
0.593728793155125,9066,4,1,0,0,1,0.0,1.3,2025-Jan-30-21:46:22.636588
0.593728793155125,9067,4,1,0,0,1,0.0,1.3,2025-Jan-30-21:46:22.711147
0.593728793155125,9068,4,1,0,0,1,0.0,1.3,2025-Jan-30-21:46:22.785009
0.593728793155125,9069,4,1,0,0,1,0.0,1.3,2025-Jan-30-21:46:22.859443
0.6300004163207482,9070,1,1,0,1,-1,1.9,0.0,2025-Jan-30-21:46:22.962795
0.7207724245866639,9071,2,1,0,0,0,0.0,0.0,2025-Jan-30-21:46:23.046877
0.7207724245866639,9072,2,1,0,0,0,0.0,0.0,2025-Jan-30-21:46:23.124723
0.7207724245866639,9073,2,1,0,0,0,0.0,0.0,2025-Jan-30-21:46:23.207756
0.7207724245866639,9074,2,1,0,0,0,0.0,0.0,2025-Jan-30-21:46:23.258816
1.0757509786022807,9075,7,1,1,0,-1,0.0,0.0,2025-Jan-30-21:46:23.304379
1.1241434980757945,9076,8,1,0,0,-1,0.0,0.0,2025-Jan-30-21:46:23.553479
0.7207724277510894,9077,7,1,0,0,-1,0.0,0.0,2025-Jan-30-21:46:23.601398
0.7207724278962877,9078,6,1,0,0,-1,0.0,0.0,2025-Jan-30-21:46:23.647442
0.7207724278962877,9079,6,1,0,0,-1,0.0,0.0,2025-Jan-30-21:46:23.691310
0.7065935140839481,9080,2,1,0,0,1,0.0,0.1,2025-Jan-30-21:46:23.736507
0.7207724247317727,9081,6,1,0,0,0,0.0,0.0,2025-Jan-30-21:46:23.781078
0.7207724247317727,9082,6,1,0,0,0,0.0,0.0,2025-Jan-30-21:46:23.826506
0.7207724247317727,9083,6,1,0,0,0,0.0,0.0,2025-Jan-30-21:46:23.871819
0.7207724247317727,9084,6,1,0,0,0,0.0,0.0,2025-Jan-30-21:46:23.915597
1.1757506411834284,9085,8,1,0,0,0,0.0,0.0,2025-Jan-30-21:46:23.983006
0.6782479759347995,9086,7,1,0,1,-1,0.3,0.0,2025-Jan-30-21:46:24.064482
0.6640727604563996,9087,6,1,0,1,-1,0.4,0.0,2025-Jan-30-21:46:24.134790
0.6357217304370355,9088,6,1,0,1,-1,0.6,0.0,2025-Jan-30-21:46:24.204689
0.8075973303506594,9089,5,1,0,1,-1,0.7,0.0,2025-Jan-30-21:46:24.285312
1.0757742046035297,9090,9,1,1,1,0,1.0,0.0,2025-Jan-30-21:46:24.341890
0.5937203365120884,9091,4,1,0,0,1,0.0,1.8,2025-Jan-30-21:46:24.415001
0.5937220248198757,9092,4,1,0,0,1,0.0,1.7,2025-Jan-30-21:46:24.488476
0.5937220248198757,9093,4,1,0,0,1,0.0,1.7,2025-Jan-30-21:46:24.562260
0.5937220248198757,9094,4,1,0,0,1,0.0,1.7,2025-Jan-30-21:46:24.636112
1.122469898611488,9095,0,1,0,1,-1,1.2,0.0,2025-Jan-30-21:46:24.715768
0.41613643165672515,9096,3,1,0,1,1,1.9,1.9,2025-Jan-30-21:46:24.813875
0.41613698569468516,9097,3,1,0,1,1,1.7,1.8,2025-Jan-30-21:46:24.912334
0.41613698569468516,9098,3,1,0,1,1,1.7,1.8,2025-Jan-30-21:46:25.052677
0.41613698569468516,9099,3,1,0,1,1,1.7,1.8,2025-Jan-30-21:46:25.189219
1.0786992919755165,9100,0,1,0,0,1,0.0,1.8,2025-Jan-30-21:46:25.269779
0.7207724245866639,9101,2,1,0,0,0,0.0,0.0,2025-Jan-30-21:46:25.313539
0.7207724245866639,9102,2,1,0,0,0,0.0,0.0,2025-Jan-30-21:46:25.358519
0.7207724245866639,9103,2,1,0,0,0,0.0,0.0,2025-Jan-30-21:46:25.401799
0.7207724245866639,9104,2,1,0,0,0,0.0,0.0,2025-Jan-30-21:46:25.444777
0.7207724247317728,9105,4,1,0,0,0,0.0,0.0,2025-Jan-30-21:46:25.489631
1.2419215143445705,9106,0,1,0,-1,0,0.0,0.0,2025-Jan-30-21:46:25.570076
1.2419215143445705,9107,0,1,0,-1,0,0.0,0.0,2025-Jan-30-21:46:25.647630
1.2419215143445705,9108,0,1,0,-1,0,0.0,0.0,2025-Jan-30-21:46:25.726685
1.2419215143445705,9109,0,1,0,-1,0,0.0,0.0,2025-Jan-30-21:46:25.803359
1.1241435174156138,9110,9,1,0,-1,-1,0.0,0.0,2025-Jan-30-21:46:25.863286
1.1241435174156138,9111,9,1,0,-1,-1,0.0,0.0,2025-Jan-30-21:46:25.924168
1.1241435174156138,9112,9,1,0,-1,-1,0.0,0.0,2025-Jan-30-21:46:26.004805
1.1241435174156138,9113,9,1,0,-1,-1,0.0,0.0,2025-Jan-30-21:46:26.107489
1.1241435174156138,9114,9,1,0,-1,-1,0.0,0.0,2025-Jan-30-21:46:26.199236
1.0757730648283506,9115,6,1,1,0,0,0.0,0.0,2025-Jan-30-21:46:26.242432
0.7207724114122968,9116,7,1,0,0,1,0.0,1.7,2025-Jan-30-21:46:26.298026
0.720772411557495,9117,6,1,0,0,1,0.0,1.7,2025-Jan-30-21:46:26.365365
0.720772411557495,9118,6,1,0,0,1,0.0,1.7,2025-Jan-30-21:46:26.421472
0.720772411557495,9119,6,1,0,0,1,0.0,1.7,2025-Jan-30-21:46:26.476580
0.7207724244414657,9120,3,1,0,0,0,0.0,0.0,2025-Jan-30-21:46:26.521543
1.0281607168137357,9121,0,1,0,1,0,1.3,0.0,2025-Jan-30-21:46:26.604203
1.0356414432899137,9122,0,1,0,1,0,1.2,0.0,2025-Jan-30-21:46:26.658682
1.0356414432899137,9123,0,1,0,1,0,1.2,0.0,2025-Jan-30-21:46:26.712863
1.0356414432899137,9124,0,1,0,1,0,1.2,0.0,2025-Jan-30-21:46:26.766838
0.720772411212689,9125,5,1,0,1,0,1.0,0.0,2025-Jan-30-21:46:26.821379
0.7207724244414657,9126,3,1,0,0,0,0.0,0.0,2025-Jan-30-21:46:26.866504
0.7207724245866639,9127,2,1,0,0,0,0.0,0.0,2025-Jan-30-21:46:26.910191
0.7207724245866639,9128,2,1,0,0,0,0.0,0.0,2025-Jan-30-21:46:26.967992
0.7207724245866639,9129,2,1,0,0,0,0.0,0.0,2025-Jan-30-21:46:27.039245
0.8437667699124402,9130,2,1,0,-1,-1,0.0,0.0,2025-Jan-30-21:46:27.153258
0.8437667697874734,9131,3,1,0,-1,-1,0.0,0.0,2025-Jan-30-21:46:27.233782
0.8437667697874734,9132,3,1,0,-1,-1,0.0,0.0,2025-Jan-30-21:46:27.304045
0.8437667697874734,9133,3,1,0,-1,-1,0.0,0.0,2025-Jan-30-21:46:27.374940
0.8437667697874734,9134,3,1,0,-1,-1,0.0,0.0,2025-Jan-30-21:46:27.443119
0.8075973438165706,9135,5,1,0,0,-1,0.0,0.0,2025-Jan-30-21:46:27.501504
0.692422992949726,9136,6,1,0,1,-1,0.2,0.0,2025-Jan-30-21:46:27.544680
0.6640727604563996,9137,6,1,0,1,-1,0.4,0.0,2025-Jan-30-21:46:27.588862
0.8075973303860554,9138,5,1,0,1,-1,0.5,0.0,2025-Jan-30-21:46:27.669067
0.8075973303860554,9139,5,1,0,1,-1,0.5,0.0,2025-Jan-30-21:46:27.747629
1.1119380948486355,9140,8,1,1,-1,0,0.0,0.0,2025-Jan-30-21:46:27.803861
0.7494822890755525,9141,1,1,0,-1,0,0.0,0.0,2025-Jan-30-21:46:27.859011
0.7494822890755525,9142,1,1,0,-1,0,0.0,0.0,2025-Jan-30-21:46:27.913553
0.7494822890755525,9143,1,1,0,-1,0,0.0,0.0,2025-Jan-30-21:46:27.991118
0.7494822890755525,9144,1,1,0,-1,0,0.0,0.0,2025-Jan-30-21:46:28.079092
1.033209963730319,9145,2,1,1,0,1,0.0,0.3,2025-Jan-30-21:46:28.158805
0.7207724116372796,9146,4,1,0,1,0,1.6,0.0,2025-Jan-30-21:46:28.368386
0.7207724112290309,9147,4,1,0,1,0,1.5,0.0,2025-Jan-30-21:46:28.424131
0.5431837273774114,9148,3,1,0,1,0,1.3,0.0,2025-Jan-30-21:46:28.497039
0.5506638014263608,9149,3,1,0,1,0,1.2,0.0,2025-Jan-30-21:46:28.540086
0.720770503000503,9150,1,1,0,0,0,0.0,0.0,2025-Jan-30-21:46:28.584497
1.106526144435294,9151,0,1,0,1,0,0.7,0.0,2025-Jan-30-21:46:28.641265
1.0781728634015328,9152,0,1,0,1,0,0.9,0.0,2025-Jan-30-21:46:28.696218
0.5790146671129663,9153,1,1,0,1,0,1.0,0.0,2025-Jan-30-21:46:28.739555
0.5648379755153077,9154,1,1,0,1,0,1.1,0.0,2025-Jan-30-21:46:28.783120
0.8075973305169065,9155,4,1,0,1,-1,0.5,0.0,2025-Jan-30-21:46:28.860303
0.593725393329686,9156,5,1,0,1,1,1.1,1.5,2025-Jan-30-21:46:28.938133
0.5937253934965736,9157,4,1,0,1,1,1.1,1.5,2025-Jan-30-21:46:29.052655
0.5937253934965736,9158,4,1,0,1,1,1.1,1.5,2025-Jan-30-21:46:29.160313
0.5937253934965736,9159,4,1,0,1,1,1.1,1.5,2025-Jan-30-21:46:29.240509
0.9486957210186867,9160,5,1,1,0,1,0.0,1.5,2025-Jan-30-21:46:29.313649
0.8075973436857562,9161,3,1,0,0,-1,0.0,0.0,2025-Jan-30-21:46:29.371113
0.8075973436857562,9162,3,1,0,0,-1,0.0,0.0,2025-Jan-30-21:46:29.428077
0.8075973436857562,9163,3,1,0,0,-1,0.0,0.0,2025-Jan-30-21:46:29.486702
0.8075973436857562,9164,3,1,0,0,-1,0.0,0.0,2025-Jan-30-21:46:29.544731
0.7065935140839481,9165,2,1,0,0,1,0.0,0.1,2025-Jan-30-21:46:29.588258
0.7569364604146629,9166,6,1,0,-1,0,0.0,0.0,2025-Jan-30-21:46:29.645079
0.7207724277510907,9167,5,1,0,-1,0,0.0,0.0,2025-Jan-30-21:46:29.690772
0.7207724277510907,9168,5,1,0,-1,0,0.0,0.0,2025-Jan-30-21:46:29.737199
0.7207724277510907,9169,5,1,0,-1,0,0.0,0.0,2025-Jan-30-21:46:29.785055
1.0757742179736964,9170,10,1,1,0,0,0.0,0.0,2025-Jan-30-21:46:29.828471
0.7569364464145187,9171,7,1,0,-1,1,0.0,1.4,2025-Jan-30-21:46:29.906009
0.7569364465537981,9172,6,1,0,-1,1,0.0,1.4,2025-Jan-30-21:46:30.005928
0.7569364465537981,9173,6,1,0,-1,1,0.0,1.4,2025-Jan-30-21:46:30.113452
0.7569364465537981,9174,6,1,0,-1,1,0.0,1.4,2025-Jan-30-21:46:30.216829
1.0757730646832417,9175,2,1,1,0,0,0.0,0.0,2025-Jan-30-21:46:30.262540
0.6782093236286718,9176,2,1,0,0,1,0.0,0.3,2025-Jan-30-21:46:30.308983
0.6497899799703973,9177,2,1,0,0,1,0.0,0.5,2025-Jan-30-21:46:30.354866
0.6355671230385452,9178,2,1,0,0,1,0.0,0.6,2025-Jan-30-21:46:30.398297
0.6070950336218313,9179,2,1,0,0,1,0.0,0.8,2025-Jan-30-21:46:30.441601
0.5937338844296631,9180,4,1,0,0,1,0.0,1.0,2025-Jan-30-21:46:30.519619
1.1757506585448518,9181,8,1,0,1,0,0.9,0.0,2025-Jan-30-21:46:30.574140
1.1757506585448518,9182,8,1,0,1,0,0.9,0.0,2025-Jan-30-21:46:30.629488
1.1757506585448518,9183,8,1,0,1,0,0.9,0.0,2025-Jan-30-21:46:30.684416
1.1757506585448518,9184,8,1,0,1,0,0.9,0.0,2025-Jan-30-21:46:30.739057
0.7207724245866639,9185,2,1,0,0,0,0.0,0.0,2025-Jan-30-21:46:30.782825
0.8075955916472131,9186,1,1,0,0,-1,0.0,0.0,2025-Jan-30-21:46:30.838590
0.8075955916472131,9187,1,1,0,0,-1,0.0,0.0,2025-Jan-30-21:46:30.894250
0.8075955916472131,9188,1,1,0,0,-1,0.0,0.0,2025-Jan-30-21:46:30.964366
0.8075955916472131,9189,1,1,0,0,-1,0.0,0.0,2025-Jan-30-21:46:31.065096
1.0757730648283506,9190,6,1,1,0,0,0.0,0.0,2025-Jan-30-21:46:31.144134
0.7569364470467964,9191,7,1,0,-1,1,0.0,0.9,2025-Jan-30-21:46:31.240109
0.7569364469096542,9192,6,1,0,-1,1,0.0,1.0,2025-Jan-30-21:46:31.321543
0.7569364468434135,9193,6,1,0,-1,1,0.0,1.1,2025-Jan-30-21:46:31.401455
0.5937304925178586,9194,5,1,0,-1,1,0.0,1.2,2025-Jan-30-21:46:31.476153
1.0757509623299466,9195,5,1,1,1,0,1.3,0.0,2025-Jan-30-21:46:31.531766
1.1757506411834284,9196,8,1,0,0,0,0.0,0.0,2025-Jan-30-21:46:31.586992
1.1757506411834284,9197,8,1,0,0,0,0.0,0.0,2025-Jan-30-21:46:31.641004
1.1757506411834284,9198,8,1,0,0,0,0.0,0.0,2025-Jan-30-21:46:31.695432
1.1757506411834284,9199,8,1,0,0,0,0.0,0.0,2025-Jan-30-21:46:31.749839
0.6070950334571948,9200,3,1,0,0,1,0.0,0.8,2025-Jan-30-21:46:31.793136
0.5506638014263608,9201,3,1,0,1,0,1.2,0.0,2025-Jan-30-21:46:31.836252
0.5506638014263608,9202,3,1,0,1,0,1.2,0.0,2025-Jan-30-21:46:31.879761
0.5506638014263608,9203,3,1,0,1,0,1.2,0.0,2025-Jan-30-21:46:31.923072
0.5506638014263608,9204,3,1,0,1,0,1.2,0.0,2025-Jan-30-21:46:31.983626
0.9056666675099819,9205,10,1,1,1,1,1.2,0.8,2025-Jan-30-21:46:32.072583
1.1709714391413972,9206,0,1,0,-1,1,0.0,0.5,2025-Jan-30-21:46:32.182742
1.156763962120217,9207,0,1,0,-1,1,0.0,0.6,2025-Jan-30-21:46:32.263837
1.1283317900769627,9208,0,1,0,-1,1,0.0,0.8,2025-Jan-30-21:46:32.471610
1.114885156517734,9209,0,1,0,-1,1,0.0,0.9,2025-Jan-30-21:46:32.576829
1.0757730679928668,9210,4,1,1,-1,0,0.0,0.0,2025-Jan-30-21:46:32.621869
1.1757506411834284,9211,8,1,0,0,0,0.0,0.0,2025-Jan-30-21:46:32.681366
1.1757506411834284,9212,8,1,0,0,0,0.0,0.0,2025-Jan-30-21:46:32.736038
1.1757506411834284,9213,8,1,0,0,0,0.0,0.0,2025-Jan-30-21:46:32.790571
1.1757506411834284,9214,8,1,0,0,0,0.0,0.0,2025-Jan-30-21:46:32.844787
0.7207724244414657,9215,3,1,0,0,0,0.0,0.0,2025-Jan-30-21:46:32.890127
0.7207724245865745,9216,5,1,0,0,0,0.0,0.0,2025-Jan-30-21:46:32.935068
0.7207724245865745,9217,5,1,0,0,0,0.0,0.0,2025-Jan-30-21:46:32.988947
0.7207724245865745,9218,5,1,0,0,0,0.0,0.0,2025-Jan-30-21:46:33.066824
0.7207724245865745,9219,5,1,0,0,0,0.0,0.0,2025-Jan-30-21:46:33.142262
0.5431837275528582,9220,7,1,0,1,0,1.3,0.0,2025-Jan-30-21:46:33.239505
0.7207724247317728,9221,4,1,0,0,0,0.0,0.0,2025-Jan-30-21:46:33.286750
0.7207724247317728,9222,4,1,0,0,0,0.0,0.0,2025-Jan-30-21:46:33.330286
0.7207724247317728,9223,4,1,0,0,0,0.0,0.0,2025-Jan-30-21:46:33.373755
0.7207724247317728,9224,4,1,0,0,0,0.0,0.0,2025-Jan-30-21:46:33.417378
0.8075973439474216,9225,4,1,0,0,-1,0.0,0.0,2025-Jan-30-21:46:33.475743
0.6924058124788826,9226,2,1,0,0,1,0.0,0.2,2025-Jan-30-21:46:33.520117
0.664004046478966,9227,2,1,0,0,1,0.0,0.4,2025-Jan-30-21:46:33.563549
0.6355671230385452,9228,2,1,0,0,1,0.0,0.6,2025-Jan-30-21:46:33.607142
0.6213354746139012,9229,2,1,0,0,1,0.0,0.7,2025-Jan-30-21:46:33.651103
1.1149884987756231,9230,0,1,0,1,-1,1.5,0.0,2025-Jan-30-21:46:33.754154
1.2925893835362965,9231,0,1,0,0,-1,0.0,0.0,2025-Jan-30-21:46:33.832345
1.2925893835362965,9232,0,1,0,0,-1,0.0,0.0,2025-Jan-30-21:46:33.909543
1.2925893835362965,9233,0,1,0,0,-1,0.0,0.0,2025-Jan-30-21:46:34.008015
1.2925893835362965,9234,0,1,0,0,-1,0.0,0.0,2025-Jan-30-21:46:34.118719
1.162596231733874,9235,1,1,1,0,-1,0.0,0.0,2025-Jan-30-21:46:34.202352
1.1205478831063669,9236,0,1,0,0,1,0.0,0.6,2025-Jan-30-21:46:34.256501
1.1063157077136516,9237,0,1,0,0,1,0.0,0.7,2025-Jan-30-21:46:34.313226
1.0787146133654009,9238,0,1,0,0,1,0.0,0.9,2025-Jan-30-21:46:34.392991
1.0787129054821942,9239,0,1,0,0,1,0.0,1.0,2025-Jan-30-21:46:34.470937
1.0757730646832417,9240,2,1,1,0,0,0.0,0.0,2025-Jan-30-21:46:34.514268
0.6516588350637988,9241,1,1,0,1,-1,1.1,0.0,2025-Jan-30-21:46:34.570161
0.6516588350637988,9242,1,1,0,1,-1,1.1,0.0,2025-Jan-30-21:46:34.626467
0.6516588350637988,9243,1,1,0,1,-1,1.1,0.0,2025-Jan-30-21:46:34.685356
0.6516588350637988,9244,1,1,0,1,-1,1.1,0.0,2025-Jan-30-21:46:34.741811
0.8981876405340211,9245,10,1,1,1,-1,1.6,0.0,2025-Jan-30-21:46:34.814109
0.7207724247317727,9246,6,1,0,0,0,0.0,0.0,2025-Jan-30-21:46:34.858634
0.7207724245865745,9247,5,1,0,0,0,0.0,0.0,2025-Jan-30-21:46:34.902138
0.7207724245865745,9248,5,1,0,0,0,0.0,0.0,2025-Jan-30-21:46:34.962795
0.7207724245865745,9249,5,1,0,0,0,0.0,0.0,2025-Jan-30-21:46:35.043212
0.7207724247317727,9250,6,1,0,0,0,0.0,0.0,2025-Jan-30-21:46:35.114135
0.7207724245865745,9251,7,1,0,0,0,0.0,0.0,2025-Jan-30-21:46:35.182922
0.7207724247317727,9252,6,1,0,0,0,0.0,0.0,2025-Jan-30-21:46:35.228795
0.7207724247317727,9253,6,1,0,0,0,0.0,0.0,2025-Jan-30-21:46:35.272425
0.7207724247317727,9254,6,1,0,0,0,0.0,0.0,2025-Jan-30-21:46:35.315809
1.5181923214595567,9255,0,1,1,0,1,0.0,0.3,2025-Jan-30-21:46:35.371954
1.17575065370729,9256,8,1,0,0,1,0.0,1.1,2025-Jan-30-21:46:35.427886
0.7207724115230502,9257,7,1,0,0,1,0.0,1.2,2025-Jan-30-21:46:35.485095
0.7207724116682485,9258,6,1,0,0,1,0.0,1.2,2025-Jan-30-21:46:35.543793
0.7207724116682485,9259,6,1,0,0,1,0.0,1.2,2025-Jan-30-21:46:35.598026
0.9340178981344475,9260,6,1,1,1,-1,1.0,0.0,2025-Jan-30-21:46:35.641550
0.7207724245866639,9261,2,1,0,0,0,0.0,0.0,2025-Jan-30-21:46:35.835604
0.7207724245866639,9262,2,1,0,0,0,0.0,0.0,2025-Jan-30-21:46:35.879832
0.7207724245866639,9263,2,1,0,0,0,0.0,0.0,2025-Jan-30-21:46:35.923570
0.7207724245866639,9264,2,1,0,0,0,0.0,0.0,2025-Jan-30-21:46:35.985368
0.692403835703447,9265,1,1,0,0,1,0.0,0.2,2025-Jan-30-21:46:36.051757
0.6355671230384019,9266,5,1,0,0,1,0.0,0.6,2025-Jan-30-21:46:36.126571
0.6213354746137486,9267,5,1,0,0,1,0.0,0.7,2025-Jan-30-21:46:36.195197
0.5937355841696484,9268,4,1,0,0,1,0.0,0.9,2025-Jan-30-21:46:36.272066
0.5937338844296631,9269,4,1,0,0,1,0.0,1.0,2025-Jan-30-21:46:36.351858
0.7207724112266858,9270,5,1,0,1,0,0.1,0.0,2025-Jan-30-21:46:36.407331
0.7207724245865745,9271,5,1,0,0,0,0.0,0.0,2025-Jan-30-21:46:36.451596
0.7207724247317728,9272,4,1,0,0,0,0.0,0.0,2025-Jan-30-21:46:36.496553
0.7207724247317728,9273,4,1,0,0,0,0.0,0.0,2025-Jan-30-21:46:36.541968
0.7207724247317728,9274,4,1,0,0,0,0.0,0.0,2025-Jan-30-21:46:36.587007
1.0757730514125874,9275,4,1,1,1,0,1.3,0.0,2025-Jan-30-21:46:36.642739
0.7207724245866639,9276,2,1,0,0,0,0.0,0.0,2025-Jan-30-21:46:36.687877
0.7207724245866639,9277,2,1,0,0,0,0.0,0.0,2025-Jan-30-21:46:36.732245
0.7207724245866639,9278,2,1,0,0,0,0.0,0.0,2025-Jan-30-21:46:36.776152
0.7207724245866639,9279,2,1,0,0,0,0.0,0.0,2025-Jan-30-21:46:36.820324
0.8075973438165706,9280,5,1,0,0,-1,0.0,0.0,2025-Jan-30-21:46:36.878542
1.1490545794427374,9281,0,1,0,1,0,0.4,0.0,2025-Jan-30-21:46:36.934728
1.1490545794427374,9282,0,1,0,1,0,0.4,0.0,2025-Jan-30-21:46:37.012550
1.1490545794427374,9283,0,1,0,1,0,0.4,0.0,2025-Jan-30-21:46:37.101229
1.1490545794427374,9284,0,1,0,1,0,0.4,0.0,2025-Jan-30-21:46:37.185729
0.7207724114034519,9285,5,1,0,1,0,0.4,0.0,2025-Jan-30-21:46:37.243497
1.1757506411462284,9286,9,1,0,0,0,0.0,0.0,2025-Jan-30-21:46:37.299011
1.1757506411462284,9287,9,1,0,0,0,0.0,0.0,2025-Jan-30-21:46:37.360408
1.1757506411462284,9288,9,1,0,0,0,0.0,0.0,2025-Jan-30-21:46:37.417752
1.1757506411462284,9289,9,1,0,0,0,0.0,0.0,2025-Jan-30-21:46:37.478142
0.5648406335145044,9290,7,1,0,1,-1,1.1,0.0,2025-Jan-30-21:46:37.525159
0.5504612472436169,9291,2,1,0,1,1,0.5,0.7,2025-Jan-30-21:46:37.570571
0.5220455016236953,9292,2,1,0,1,1,0.6,0.8,2025-Jan-30-21:46:37.616098
0.4945089526022425,9293,2,1,0,1,1,0.7,1.0,2025-Jan-30-21:46:37.691231
0.4803314611902687,9294,2,1,0,1,1,0.8,1.1,2025-Jan-30-21:46:37.763867
0.7207724245866639,9295,2,1,0,0,0,0.0,0.0,2025-Jan-30-21:46:37.807714
1.1757506670486992,9296,9,1,0,-1,0,0.0,0.0,2025-Jan-30-21:46:37.866370
1.1757506670486992,9297,9,1,0,-1,0,0.0,0.0,2025-Jan-30-21:46:37.921187
1.1757506670486992,9298,9,1,0,-1,0,0.0,0.0,2025-Jan-30-21:46:37.997232
1.1757506670486992,9299,9,1,0,-1,0,0.0,0.0,2025-Jan-30-21:46:38.089372
1.0757730648283506,9300,6,1,1,0,0,0.0,0.0,2025-Jan-30-21:46:38.158897
0.8437667699124402,9301,2,1,0,-1,-1,0.0,0.0,2025-Jan-30-21:46:38.232068
0.8437667699124402,9302,2,1,0,-1,-1,0.0,0.0,2025-Jan-30-21:46:38.303944
0.8437667699124402,9303,2,1,0,-1,-1,0.0,0.0,2025-Jan-30-21:46:38.376977
0.8437667699124402,9304,2,1,0,-1,-1,0.0,0.0,2025-Jan-30-21:46:38.448339
1.0551941321054112,9305,8,1,1,-1,1,0.0,0.4,2025-Jan-30-21:46:38.503996
0.7207724247317727,9306,6,1,0,0,0,0.0,0.0,2025-Jan-30-21:46:38.549347
0.7207724247317727,9307,6,1,0,0,0,0.0,0.0,2025-Jan-30-21:46:38.593137
0.7207724247317727,9308,6,1,0,0,0,0.0,0.0,2025-Jan-30-21:46:38.637235
0.7207724247317727,9309,6,1,0,0,0,0.0,0.0,2025-Jan-30-21:46:38.684246
0.720770503000503,9310,1,1,0,0,0,0.0,0.0,2025-Jan-30-21:46:38.728769
0.765071725700948,9311,2,1,0,1,-1,0.3,0.0,2025-Jan-30-21:46:38.784580
0.736720322241915,9312,2,1,0,1,-1,0.5,0.0,2025-Jan-30-21:46:38.840576
0.7083681223836683,9313,2,1,0,1,-1,0.7,0.0,2025-Jan-30-21:46:38.897101
0.6800151212234314,9314,2,1,0,1,-1,0.9,0.0,2025-Jan-30-21:46:38.975388
0.7207724245865745,9315,5,1,0,0,0,0.0,0.0,2025-Jan-30-21:46:39.049283
0.630000594118721,9316,1,1,0,1,-1,1.7,0.0,2025-Jan-30-21:46:39.173218
0.630000594118721,9317,1,1,0,1,-1,1.7,0.0,2025-Jan-30-21:46:39.258339
0.630000594118721,9318,1,1,0,1,-1,1.7,0.0,2025-Jan-30-21:46:39.475977
0.630000594118721,9319,1,1,0,1,-1,1.7,0.0,2025-Jan-30-21:46:39.562922
0.7207724245866639,9320,2,1,0,0,0,0.0,0.0,2025-Jan-30-21:46:39.607272
0.7207724278962877,9321,6,1,0,0,-1,0.0,0.0,2025-Jan-30-21:46:39.650951
0.7207724278962877,9322,6,1,0,0,-1,0.0,0.0,2025-Jan-30-21:46:39.696814
0.7207724278962877,9323,6,1,0,0,-1,0.0,0.0,2025-Jan-30-21:46:39.740349
0.7207724278962877,9324,6,1,0,0,-1,0.0,0.0,2025-Jan-30-21:46:39.783857
0.7207724247317727,9325,6,1,0,0,0,0.0,0.0,2025-Jan-30-21:46:39.828034
0.6924058124788826,9326,2,1,0,0,1,0.0,0.2,2025-Jan-30-21:46:39.873150
0.664004046478966,9327,2,1,0,0,1,0.0,0.4,2025-Jan-30-21:46:39.920281
0.6355671230385452,9328,2,1,0,0,1,0.0,0.6,2025-Jan-30-21:46:39.982789
0.6070950336218313,9329,2,1,0,0,1,0.0,0.8,2025-Jan-30-21:46:40.051262
1.1625979840341714,9330,4,1,1,0,-1,0.0,0.0,2025-Jan-30-21:46:40.148626
0.7207724245865745,9331,7,1,0,0,0,0.0,0.0,2025-Jan-30-21:46:40.206777
0.7207724247317727,9332,6,1,0,0,0,0.0,0.0,2025-Jan-30-21:46:40.248737
0.7207724247317727,9333,6,1,0,0,0,0.0,0.0,2025-Jan-30-21:46:40.292142
0.7207724247317727,9334,6,1,0,0,0,0.0,0.0,2025-Jan-30-21:46:40.336892
1.1757506482427775,9335,9,1,0,1,0,1.7,0.0,2025-Jan-30-21:46:40.394051
1.175750655999938,9336,8,1,0,1,0,1.0,0.0,2025-Jan-30-21:46:40.450861
1.175750655999938,9337,8,1,0,1,0,1.0,0.0,2025-Jan-30-21:46:40.507958
1.175750655999938,9338,8,1,0,1,0,1.0,0.0,2025-Jan-30-21:46:40.565227
1.175750655999938,9339,8,1,0,1,0,1.0,0.0,2025-Jan-30-21:46:40.621973
1.1241434980757945,9340,8,1,0,0,-1,0.0,0.0,2025-Jan-30-21:46:40.687225
1.1366476111483423,9341,0,1,0,1,-1,1.1,0.0,2025-Jan-30-21:46:40.769283
1.1366476111483423,9342,0,1,0,1,-1,1.1,0.0,2025-Jan-30-21:46:40.850942
1.1366476111483423,9343,0,1,0,1,-1,1.1,0.0,2025-Jan-30-21:46:40.931688
1.1366476111483423,9344,0,1,0,1,-1,1.1,0.0,2025-Jan-30-21:46:41.038823
0.5931936790661124,9345,7,1,0,1,-1,0.9,0.0,2025-Jan-30-21:46:41.136786
1.078702687055819,9346,0,1,0,0,1,0.0,1.6,2025-Jan-30-21:46:41.242211
1.078702687055819,9347,0,1,0,0,1,0.0,1.6,2025-Jan-30-21:46:41.331609
1.078702687055819,9348,0,1,0,0,1,0.0,1.6,2025-Jan-30-21:46:41.420524
1.078702687055819,9349,0,1,0,0,1,0.0,1.6,2025-Jan-30-21:46:41.502778
0.7569364602753836,9350,7,1,0,-1,0,0.0,0.0,2025-Jan-30-21:46:41.562801
0.7207724244414657,9351,3,1,0,0,0,0.0,0.0,2025-Jan-30-21:46:41.609688
0.7207724244414657,9352,3,1,0,0,0,0.0,0.0,2025-Jan-30-21:46:41.657024
0.7207724244414657,9353,3,1,0,0,0,0.0,0.0,2025-Jan-30-21:46:41.704169
0.7207724244414657,9354,3,1,0,0,0,0.0,0.0,2025-Jan-30-21:46:41.750800
0.7207724245866639,9355,2,1,0,0,0,0.0,0.0,2025-Jan-30-21:46:41.796700
1.0322733681651044,9356,8,1,0,-1,-1,0.0,0.0,2025-Jan-30-21:46:41.874276
0.7569364633080932,9357,7,1,0,-1,-1,0.0,0.0,2025-Jan-30-21:46:41.932680
0.7494695558329538,9358,6,1,0,-1,-1,0.0,0.0,2025-Jan-30-21:46:42.023059
0.8075973466634223,9359,5,1,0,-1,-1,0.0,0.0,2025-Jan-30-21:46:42.128118
0.692422992949726,9360,6,1,0,1,-1,0.2,0.0,2025-Jan-30-21:46:42.197708
0.7207724245865745,9361,5,1,0,0,0,0.0,0.0,2025-Jan-30-21:46:42.244688
0.7207724247317728,9362,4,1,0,0,0,0.0,0.0,2025-Jan-30-21:46:42.291802
0.7207724247317728,9363,4,1,0,0,0,0.0,0.0,2025-Jan-30-21:46:42.338924
0.7207724247317728,9364,4,1,0,0,0,0.0,0.0,2025-Jan-30-21:46:42.384547
0.8075973438166071,9365,2,1,0,0,-1,0.0,0.0,2025-Jan-30-21:46:42.443445
0.7207724245866639,9366,2,1,0,0,0,0.0,0.0,2025-Jan-30-21:46:42.488803
0.7207724245866639,9367,2,1,0,0,0,0.0,0.0,2025-Jan-30-21:46:42.706850
0.7207724245866639,9368,2,1,0,0,0,0.0,0.0,2025-Jan-30-21:46:42.754147
0.7207724245866639,9369,2,1,0,0,0,0.0,0.0,2025-Jan-30-21:46:42.800353
1.1119371005071663,9370,6,1,1,-1,0,0.0,0.0,2025-Jan-30-21:46:42.858840
0.7207724113578873,9371,4,1,0,1,0,1.0,0.0,2025-Jan-30-21:46:42.917816
0.7207724113578873,9372,4,1,0,1,0,1.0,0.0,2025-Jan-30-21:46:42.990367
0.7207724113578873,9373,4,1,0,1,0,1.0,0.0,2025-Jan-30-21:46:43.086191
0.7207724113578873,9374,4,1,0,1,0,1.0,0.0,2025-Jan-30-21:46:43.164769
1.1085655952507665,9375,7,1,1,-1,0,0.0,0.0,2025-Jan-30-21:46:43.228258
0.8437667699124402,9376,2,1,0,-1,-1,0.0,0.0,2025-Jan-30-21:46:43.299456
0.8437667699124402,9377,2,1,0,-1,-1,0.0,0.0,2025-Jan-30-21:46:43.371976
0.8437667699124402,9378,2,1,0,-1,-1,0.0,0.0,2025-Jan-30-21:46:43.443065
0.8437667699124402,9379,2,1,0,-1,-1,0.0,0.0,2025-Jan-30-21:46:43.516209
1.175750641146208,9380,10,1,0,0,0,0.0,0.0,2025-Jan-30-21:46:43.573573
0.8075973439474216,9381,4,1,0,0,-1,0.0,0.0,2025-Jan-30-21:46:43.632566
0.8075973439474216,9382,4,1,0,0,-1,0.0,0.0,2025-Jan-30-21:46:43.693477
0.8075973439474216,9383,4,1,0,0,-1,0.0,0.0,2025-Jan-30-21:46:43.751735
0.8075973439474216,9384,4,1,0,0,-1,0.0,0.0,2025-Jan-30-21:46:43.809124
0.7494822890755525,9385,1,1,0,-1,0,0.0,0.0,2025-Jan-30-21:46:43.867838
0.7569364602753836,9386,7,1,0,-1,0,0.0,0.0,2025-Jan-30-21:46:43.925333
0.7569364602753836,9387,7,1,0,-1,0,0.0,0.0,2025-Jan-30-21:46:44.009327
0.7569364602753836,9388,7,1,0,-1,0,0.0,0.0,2025-Jan-30-21:46:44.105751
0.7569364602753836,9389,7,1,0,-1,0,0.0,0.0,2025-Jan-30-21:46:44.188020
1.0474215759002583,9390,1,1,1,1,0,0.2,0.0,2025-Jan-30-21:46:44.233369
0.664004046478966,9391,2,1,0,0,1,0.0,0.4,2025-Jan-30-21:46:44.279076
0.6355671230385452,9392,2,1,0,0,1,0.0,0.6,2025-Jan-30-21:46:44.325139
0.6070950336218313,9393,2,1,0,0,1,0.0,0.8,2025-Jan-30-21:46:44.369218
0.593735584002901,9394,2,1,0,0,1,0.0,0.9,2025-Jan-30-21:46:44.442893
0.7207724113160096,9395,4,1,0,1,0,1.3,0.0,2025-Jan-30-21:46:44.500031
0.720770503000503,9396,1,1,0,0,0,0.0,0.0,2025-Jan-30-21:46:44.544738
0.720770503000503,9397,1,1,0,0,0,0.0,0.0,2025-Jan-30-21:46:44.589182
0.720770503000503,9398,1,1,0,0,0,0.0,0.0,2025-Jan-30-21:46:44.633371
0.720770503000503,9399,1,1,0,0,0,0.0,0.0,2025-Jan-30-21:46:44.680045
0.8075973439474216,9400,4,1,0,0,-1,0.0,0.0,2025-Jan-30-21:46:44.739250
0.722544322022553,9401,3,1,0,1,-1,0.6,0.0,2025-Jan-30-21:46:44.797111
0.6941917221244963,9402,3,1,0,1,-1,0.8,0.0,2025-Jan-30-21:46:44.854959
0.6800151212234314,9403,2,1,0,1,-1,0.9,0.0,2025-Jan-30-21:46:44.911790
0.6658383186089771,9404,2,1,0,1,-1,1.0,0.0,2025-Jan-30-21:46:45.001873
0.7569364604146629,9405,6,1,0,-1,0,0.0,0.0,2025-Jan-30-21:46:45.090486
0.5937254062919886,9406,4,1,0,0,1,0.0,1.5,2025-Jan-30-21:46:45.188486
0.5937254062919886,9407,4,1,0,0,1,0.0,1.5,2025-Jan-30-21:46:45.267371
0.5937254062919886,9408,4,1,0,0,1,0.0,1.5,2025-Jan-30-21:46:45.341734
0.5937254062919886,9409,4,1,0,0,1,0.0,1.5,2025-Jan-30-21:46:45.414117
1.1625992920030483,9410,9,1,1,-1,-1,0.0,0.0,2025-Jan-30-21:46:45.475532
0.6924058124788826,9411,2,1,0,0,1,0.0,0.2,2025-Jan-30-21:46:45.523815
0.664004046478966,9412,2,1,0,0,1,0.0,0.4,2025-Jan-30-21:46:45.567486
0.6355671230385452,9413,2,1,0,0,1,0.0,0.6,2025-Jan-30-21:46:45.611403
0.6070950336218313,9414,2,1,0,0,1,0.0,0.8,2025-Jan-30-21:46:45.654878
0.9481917955783833,9415,1,1,1,1,0,0.9,0.0,2025-Jan-30-21:46:45.701584
1.1757506411462284,9416,9,1,0,0,0,0.0,0.0,2025-Jan-30-21:46:45.758021
1.1757506411462284,9417,9,1,0,0,0,0.0,0.0,2025-Jan-30-21:46:45.812762
1.1757506411462284,9418,9,1,0,0,0,0.0,0.0,2025-Jan-30-21:46:45.869352
1.1757506411462284,9419,9,1,0,0,0,0.0,0.0,2025-Jan-30-21:46:45.925226
1.0048720980062904,9420,7,1,1,1,-1,0.5,0.0,2025-Jan-30-21:46:45.989262
0.7207724245866639,9421,2,1,0,0,0,0.0,0.0,2025-Jan-30-21:46:46.058234
0.7207724245866639,9422,2,1,0,0,0,0.0,0.0,2025-Jan-30-21:46:46.138762
0.7207724245866639,9423,2,1,0,0,0,0.0,0.0,2025-Jan-30-21:46:46.205108
0.7207724245866639,9424,2,1,0,0,0,0.0,0.0,2025-Jan-30-21:46:46.363752
1.2057564061623827,9425,0,1,0,0,0,0.0,0.0,2025-Jan-30-21:46:46.419582
0.5937321855704293,9426,3,1,0,0,1,0.0,1.1,2025-Jan-30-21:46:46.492870
0.5937287928215003,9427,3,1,0,0,1,0.0,1.3,2025-Jan-30-21:46:46.565136
0.5937270990945863,9428,2,1,0,0,1,0.0,1.4,2025-Jan-30-21:46:46.637832
0.5937254061252712,9429,2,1,0,0,1,0.0,1.5,2025-Jan-30-21:46:46.710515
1.0757509623155141,9430,7,1,1,0,1,0.0,1.0,2025-Jan-30-21:46:46.765686
0.7207724245866639,9431,2,1,0,0,0,0.0,0.0,2025-Jan-30-21:46:46.809119
0.7207724245866639,9432,2,1,0,0,0,0.0,0.0,2025-Jan-30-21:46:46.853980
0.7207724245866639,9433,2,1,0,0,0,0.0,0.0,2025-Jan-30-21:46:46.897139
0.7207724245866639,9434,2,1,0,0,0,0.0,0.0,2025-Jan-30-21:46:46.942215
0.8981849847791938,9435,2,1,1,1,0,1.5,0.0,2025-Jan-30-21:46:47.055346
0.7207724245865745,9436,5,1,0,0,0,0.0,0.0,2025-Jan-30-21:46:47.140942
0.7207724245865745,9437,5,1,0,0,0,0.0,0.0,2025-Jan-30-21:46:47.208592
0.7207724245865745,9438,5,1,0,0,0,0.0,0.0,2025-Jan-30-21:46:47.254054
0.7207724245865745,9439,5,1,0,0,0,0.0,0.0,2025-Jan-30-21:46:47.298677
1.0615922050248086,9440,1,1,1,0,1,0.0,0.1,2025-Jan-30-21:46:47.346376
0.7207724116682491,9441,4,1,0,1,0,1.2,0.0,2025-Jan-30-21:46:47.400881
0.5648406295781653,9442,3,1,0,1,0,1.1,0.0,2025-Jan-30-21:46:47.446041
0.5648406297500207,9443,2,1,0,1,0,1.1,0.0,2025-Jan-30-21:46:47.492026
0.5648406297500207,9444,2,1,0,1,0,1.1,0.0,2025-Jan-30-21:46:47.538658
1.175750653253924,9445,10,1,0,1,0,1.6,0.0,2025-Jan-30-21:46:47.592550
0.593735584002901,9446,2,1,0,0,1,0.0,0.9,2025-Jan-30-21:46:47.663732
0.5937321857373368,9447,2,1,0,0,1,0.0,1.1,2025-Jan-30-21:46:47.739677
0.5937287929883976,9448,2,1,0,0,1,0.0,1.3,2025-Jan-30-21:46:47.811469
0.5937270990945863,9449,2,1,0,0,1,0.0,1.4,2025-Jan-30-21:46:47.884494
0.7569364604146629,9450,6,1,0,-1,0,0.0,0.0,2025-Jan-30-21:46:47.939922
1.1757506558961612,9451,9,1,0,1,1,1.1,0.9,2025-Jan-30-21:46:48.023255
1.1757506558961612,9452,9,1,0,1,1,1.1,0.9,2025-Jan-30-21:46:48.105133
1.1757506558961612,9453,9,1,0,1,1,1.1,0.9,2025-Jan-30-21:46:48.186279
1.1757506558961612,9454,9,1,0,1,1,1.1,0.9,2025-Jan-30-21:46:48.245302
0.6298999453150318,9455,1,1,0,-1,1,0.0,1.2,2025-Jan-30-21:46:48.331692
0.749469553143833,9456,3,1,0,-1,0,0.0,0.0,2025-Jan-30-21:46:48.388555
0.749469553143833,9457,3,1,0,-1,0,0.0,0.0,2025-Jan-30-21:46:48.445734
0.749469553143833,9458,3,1,0,-1,0,0.0,0.0,2025-Jan-30-21:46:48.501521
0.749469553143833,9459,3,1,0,-1,0,0.0,0.0,2025-Jan-30-21:46:48.559547
1.1757506411462284,9460,9,1,0,0,0,0.0,0.0,2025-Jan-30-21:46:48.614199
0.7207724245866639,9461,2,1,0,0,0,0.0,0.0,2025-Jan-30-21:46:48.658358
0.7207724245866639,9462,2,1,0,0,0,0.0,0.0,2025-Jan-30-21:46:48.703617
0.7207724245866639,9463,2,1,0,0,0,0.0,0.0,2025-Jan-30-21:46:48.748393
0.7207724245866639,9464,2,1,0,0,0,0.0,0.0,2025-Jan-30-21:46:48.791941
1.078700988822401,9465,0,1,0,0,1,0.0,1.7,2025-Jan-30-21:46:48.871276
0.5506638017748042,9466,6,1,0,1,0,1.2,0.0,2025-Jan-30-21:46:48.914925
0.5506638017748042,9467,6,1,0,1,0,1.2,0.0,2025-Jan-30-21:46:48.981680
0.5506638017748042,9468,6,1,0,1,0,1.2,0.0,2025-Jan-30-21:46:49.054704
0.5506638017748042,9469,6,1,0,1,0,1.2,0.0,2025-Jan-30-21:46:49.127700
0.6357194073691619,9470,1,1,0,1,0,0.6,0.0,2025-Jan-30-21:46:49.189025
0.8075973436857562,9471,3,1,0,0,-1,0.0,0.0,2025-Jan-30-21:46:49.247674
0.8075973436857562,9472,3,1,0,0,-1,0.0,0.0,2025-Jan-30-21:46:49.304091
0.8075973436857562,9473,3,1,0,0,-1,0.0,0.0,2025-Jan-30-21:46:49.363128
0.8075973436857562,9474,3,1,0,0,-1,0.0,0.0,2025-Jan-30-21:46:49.419936
1.175750651611902,9475,8,1,0,1,0,1.3,0.0,2025-Jan-30-21:46:49.476673
1.114988592511671,9476,0,1,0,1,-1,1.4,0.0,2025-Jan-30-21:46:49.585147
1.114988592511671,9477,0,1,0,1,-1,1.4,0.0,2025-Jan-30-21:46:49.689867
1.114988592511671,9478,0,1,0,1,-1,1.4,0.0,2025-Jan-30-21:46:49.804045
1.114988592511671,9479,0,1,0,1,-1,1.4,0.0,2025-Jan-30-21:46:49.925431
1.1757506424348998,9480,9,1,0,1,0,1.9,0.0,2025-Jan-30-21:46:50.003415
0.8075955916472131,9481,1,1,0,0,-1,0.0,0.0,2025-Jan-30-21:46:50.087915
0.8075955916472131,9482,1,1,0,0,-1,0.0,0.0,2025-Jan-30-21:46:50.276941
0.8075955916472131,9483,1,1,0,0,-1,0.0,0.0,2025-Jan-30-21:46:50.338961
0.8075955916472131,9484,1,1,0,0,-1,0.0,0.0,2025-Jan-30-21:46:50.397059
1.1757506460814662,9485,10,1,0,0,1,0.0,1.5,2025-Jan-30-21:46:50.453244
0.7207724245866639,9486,2,1,0,0,0,0.0,0.0,2025-Jan-30-21:46:50.497527
0.7207724245866639,9487,2,1,0,0,0,0.0,0.0,2025-Jan-30-21:46:50.544210
0.7207724245866639,9488,2,1,0,0,0,0.0,0.0,2025-Jan-30-21:46:50.588290
0.7207724245866639,9489,2,1,0,0,0,0.0,0.0,2025-Jan-30-21:46:50.632526
0.6924229895266845,9490,2,1,0,1,0,0.2,0.0,2025-Jan-30-21:46:50.676581
1.1241434953269296,9491,9,1,0,1,-1,1.5,0.0,2025-Jan-30-21:46:50.756005
1.1241434953269296,9492,9,1,0,1,-1,1.5,0.0,2025-Jan-30-21:46:50.834263
1.1241434953269296,9493,9,1,0,1,-1,1.5,0.0,2025-Jan-30-21:46:50.911678
1.1241434953269296,9494,9,1,0,1,-1,1.5,0.0,2025-Jan-30-21:46:51.013670
0.8075973439474216,9495,4,1,0,0,-1,0.0,0.0,2025-Jan-30-21:46:51.117757
0.7207724245865745,9496,5,1,0,0,0,0.0,0.0,2025-Jan-30-21:46:51.178861
0.7207724247317728,9497,4,1,0,0,0,0.0,0.0,2025-Jan-30-21:46:51.223108
0.7207724247317728,9498,4,1,0,0,0,0.0,0.0,2025-Jan-30-21:46:51.267686
0.7207724247317728,9499,4,1,0,0,0,0.0,0.0,2025-Jan-30-21:46:51.313979
1.0757742045982241,9500,10,1,1,0,1,0.0,1.0,2025-Jan-30-21:46:51.370634
1.1489858689121855,9501,0,1,0,0,1,0.0,0.4,2025-Jan-30-21:46:51.427573
1.1205478831063669,9502,0,1,0,0,1,0.0,0.6,2025-Jan-30-21:46:51.484631
1.1063157077136516,9503,0,1,0,0,1,0.0,0.7,2025-Jan-30-21:46:51.540897
1.0787146133654009,9504,0,1,0,0,1,0.0,0.9,2025-Jan-30-21:46:51.621225
1.1625979868810234,9505,4,1,1,-1,-1,0.0,0.0,2025-Jan-30-21:46:51.680583
0.8075973302269588,9506,5,1,0,1,-1,1.0,0.0,2025-Jan-30-21:46:51.760701
0.8075973303578098,9507,4,1,0,1,-1,1.0,0.0,2025-Jan-30-21:46:51.839972
0.8075973303578098,9508,4,1,0,1,-1,1.0,0.0,2025-Jan-30-21:46:51.918726
0.8075973303578098,9509,4,1,0,1,-1,1.0,0.0,2025-Jan-30-21:46:52.024822
1.2057564061623827,9510,0,1,0,0,0,0.0,0.0,2025-Jan-30-21:46:52.127863
0.6782073191849425,9511,1,1,0,0,1,0.0,0.3,2025-Jan-30-21:46:52.207704
0.6497879200389898,9512,1,1,0,0,1,0.0,0.5,2025-Jan-30-21:46:52.254311
0.6355650352874672,9513,1,1,0,0,1,0.0,0.6,2025-Jan-30-21:46:52.302128
0.6070928900790291,9514,1,1,0,0,1,0.0,0.8,2025-Jan-30-21:46:52.348937
0.7207724278962877,9515,6,1,0,0,-1,0.0,0.0,2025-Jan-30-21:46:52.394934
0.7207724114280046,9516,4,1,0,1,0,0.2,0.0,2025-Jan-30-21:46:52.451343
0.7207724114280046,9517,4,1,0,1,0,0.2,0.0,2025-Jan-30-21:46:52.508906
0.7207724114280046,9518,4,1,0,1,0,0.2,0.0,2025-Jan-30-21:46:52.569325
0.7207724114280046,9519,4,1,0,1,0,0.2,0.0,2025-Jan-30-21:46:52.625514
1.2057564061623827,9520,0,1,0,0,0,0.0,0.0,2025-Jan-30-21:46:52.682248
0.5506638014263608,9521,3,1,0,1,0,1.2,0.0,2025-Jan-30-21:46:52.727734
0.5506638014263608,9522,3,1,0,1,0,1.2,0.0,2025-Jan-30-21:46:52.773288
0.5506638014263608,9523,3,1,0,1,0,1.2,0.0,2025-Jan-30-21:46:52.819474
0.5506638014263608,9524,3,1,0,1,0,1.2,0.0,2025-Jan-30-21:46:52.864566
0.8981528471602092,9525,7,1,1,1,1,1.8,0.1,2025-Jan-30-21:46:52.950008
0.8075973439474216,9526,4,1,0,0,-1,0.0,0.0,2025-Jan-30-21:46:53.064113
0.8075973439474216,9527,4,1,0,0,-1,0.0,0.0,2025-Jan-30-21:46:53.163192
0.8075973439474216,9528,4,1,0,0,-1,0.0,0.0,2025-Jan-30-21:46:53.240082
0.8075973439474216,9529,4,1,0,0,-1,0.0,0.0,2025-Jan-30-21:46:53.303068
1.111937100367971,9530,2,1,1,-1,0,0.0,0.0,2025-Jan-30-21:46:53.364928
0.7207724113867233,9531,4,1,0,1,0,0.5,0.0,2025-Jan-30-21:46:53.421773
0.7207724114470306,9532,4,1,0,1,0,0.7,0.0,2025-Jan-30-21:46:53.478081
0.7207724114470306,9533,4,1,0,1,0,0.7,0.0,2025-Jan-30-21:46:53.533318
0.7207724114470306,9534,4,1,0,1,0,0.7,0.0,2025-Jan-30-21:46:53.592100
0.7494695558329538,9535,6,1,0,-1,-1,0.0,0.0,2025-Jan-30-21:46:53.650173
0.5648406336863598,9536,6,1,0,1,-1,1.1,0.0,2025-Jan-30-21:46:53.696853
0.5648406336863598,9537,6,1,0,1,-1,1.1,0.0,2025-Jan-30-21:46:53.743019
0.5648406336863598,9538,6,1,0,1,-1,1.1,0.0,2025-Jan-30-21:46:53.787540
0.5648406336863598,9539,6,1,0,1,-1,1.1,0.0,2025-Jan-30-21:46:53.832576
1.1119380948486355,9540,8,1,1,-1,0,0.0,0.0,2025-Jan-30-21:46:53.891475
0.7207724245866639,9541,2,1,0,0,0,0.0,0.0,2025-Jan-30-21:46:53.936159
0.7207724245866639,9542,2,1,0,0,0,0.0,0.0,2025-Jan-30-21:46:54.003713
0.7207724245866639,9543,2,1,0,0,0,0.0,0.0,2025-Jan-30-21:46:54.101531
0.7207724245866639,9544,2,1,0,0,0,0.0,0.0,2025-Jan-30-21:46:54.189585
1.111937103539876,9545,6,1,1,-1,-1,0.0,0.0,2025-Jan-30-21:46:54.255742
0.7207724245865745,9546,5,1,0,0,0,0.0,0.0,2025-Jan-30-21:46:54.303315
0.7207724247317728,9547,4,1,0,0,0,0.0,0.0,2025-Jan-30-21:46:54.350148
0.7207724247317728,9548,4,1,0,0,0,0.0,0.0,2025-Jan-30-21:46:54.394360
0.7207724247317728,9549,4,1,0,0,0,0.0,0.0,2025-Jan-30-21:46:54.437917
1.111937100367971,9550,2,1,1,-1,0,0.0,0.0,2025-Jan-30-21:46:54.494747
0.756936446998434,9551,7,1,0,-1,1,0.0,0.5,2025-Jan-30-21:46:54.577505
0.7569364471117329,9552,7,1,0,-1,1,0.0,0.6,2025-Jan-30-21:46:54.656119
0.7569364471117329,9553,7,1,0,-1,1,0.0,0.6,2025-Jan-30-21:46:54.734186
0.7569364471117329,9554,7,1,0,-1,1,0.0,0.6,2025-Jan-30-21:46:54.811728
1.0757509786022807,9555,7,1,1,0,-1,0.0,0.0,2025-Jan-30-21:46:54.858877
0.720770503000503,9556,1,1,0,0,0,0.0,0.0,2025-Jan-30-21:46:54.903164
0.720770503000503,9557,1,1,0,0,0,0.0,0.0,2025-Jan-30-21:46:54.960960
0.720770503000503,9558,1,1,0,0,0,0.0,0.0,2025-Jan-30-21:46:55.150925
0.720770503000503,9559,1,1,0,0,0,0.0,0.0,2025-Jan-30-21:46:55.235688
0.7207724115230508,9560,5,1,0,1,0,1.2,0.0,2025-Jan-30-21:46:55.309335
0.7207724247317728,9561,4,1,0,0,0,0.0,0.0,2025-Jan-30-21:46:55.356116
0.7207724247317728,9562,4,1,0,0,0,0.0,0.0,2025-Jan-30-21:46:55.402615
0.7207724247317728,9563,4,1,0,0,0,0.0,0.0,2025-Jan-30-21:46:55.446009
0.7207724247317728,9564,4,1,0,0,0,0.0,0.0,2025-Jan-30-21:46:55.492762
0.8437667697874734,9565,3,1,0,-1,-1,0.0,0.0,2025-Jan-30-21:46:55.565501
0.7207724245866639,9566,2,1,0,0,0,0.0,0.0,2025-Jan-30-21:46:55.610912
0.7207724245866639,9567,2,1,0,0,0,0.0,0.0,2025-Jan-30-21:46:55.658245
0.7207724245866639,9568,2,1,0,0,0,0.0,0.0,2025-Jan-30-21:46:55.703208
0.7207724245866639,9569,2,1,0,0,0,0.0,0.0,2025-Jan-30-21:46:55.747624
1.162599289150435,9570,9,1,1,0,-1,0.0,0.0,2025-Jan-30-21:46:55.804999
0.7207724245865745,9571,5,1,0,0,0,0.0,0.0,2025-Jan-30-21:46:55.850832
0.7207724245865745,9572,5,1,0,0,0,0.0,0.0,2025-Jan-30-21:46:55.894301
0.7207724245865745,9573,5,1,0,0,0,0.0,0.0,2025-Jan-30-21:46:55.937863
0.7207724245865745,9574,5,1,0,0,0,0.0,0.0,2025-Jan-30-21:46:56.000167
1.0757730514684618,9575,4,1,1,1,0,0.1,0.0,2025-Jan-30-21:46:56.086677
0.8075973436857562,9576,3,1,0,0,-1,0.0,0.0,2025-Jan-30-21:46:56.170148
0.8075973436857562,9577,3,1,0,0,-1,0.0,0.0,2025-Jan-30-21:46:56.231501
0.8075973436857562,9578,3,1,0,0,-1,0.0,0.0,2025-Jan-30-21:46:56.294623
0.8075973436857562,9579,3,1,0,0,-1,0.0,0.0,2025-Jan-30-21:46:56.356418
0.4519657549434658,9580,3,1,0,1,1,1.0,1.9,2025-Jan-30-21:46:56.431616
1.1757506499836414,9581,8,1,0,1,0,1.5,0.0,2025-Jan-30-21:46:56.487906
1.1757506499836414,9582,8,1,0,1,0,1.5,0.0,2025-Jan-30-21:46:56.543946
1.1757506499836414,9583,8,1,0,1,0,1.5,0.0,2025-Jan-30-21:46:56.600598
1.1757506499836414,9584,8,1,0,1,0,1.5,0.0,2025-Jan-30-21:46:56.657683
1.0322733681651044,9585,8,1,0,-1,-1,0.0,0.0,2025-Jan-30-21:46:56.731851
0.7207724277510894,9586,7,1,0,0,-1,0.0,0.0,2025-Jan-30-21:46:56.776866
0.7207724278962877,9587,6,1,0,0,-1,0.0,0.0,2025-Jan-30-21:46:56.821223
0.7207724278962877,9588,6,1,0,0,-1,0.0,0.0,2025-Jan-30-21:46:56.865738
0.7207724278962877,9589,6,1,0,0,-1,0.0,0.0,2025-Jan-30-21:46:56.910695
1.0757730679928654,9590,6,1,1,0,-1,0.0,0.0,2025-Jan-30-21:46:56.978402
0.5931936792331188,9591,6,1,0,1,-1,0.9,0.0,2025-Jan-30-21:46:57.062547
0.5931936792331188,9592,6,1,0,1,-1,0.9,0.0,2025-Jan-30-21:46:57.153788
0.5931936792331188,9593,6,1,0,1,-1,0.9,0.0,2025-Jan-30-21:46:57.219904
0.5931936792331188,9594,6,1,0,1,-1,0.9,0.0,2025-Jan-30-21:46:57.265708
0.720770503000503,9595,1,1,0,0,0,0.0,0.0,2025-Jan-30-21:46:57.311131
0.7569364604146629,9596,6,1,0,-1,0,0.0,0.0,2025-Jan-30-21:46:57.370437
0.7569364604146629,9597,6,1,0,-1,0,0.0,0.0,2025-Jan-30-21:46:57.428331
0.7569364604146629,9598,6,1,0,-1,0,0.0,0.0,2025-Jan-30-21:46:57.488720
0.7569364604146629,9599,6,1,0,-1,0,0.0,0.0,2025-Jan-30-21:46:57.545185
0.8981882887630984,9600,10,1,1,1,-1,1.8,0.0,2025-Jan-30-21:46:57.620221
0.7207724245866639,9601,2,1,0,0,0,0.0,0.0,2025-Jan-30-21:46:57.666877
0.7207724245866639,9602,2,1,0,0,0,0.0,0.0,2025-Jan-30-21:46:57.711158
0.7207724245866639,9603,2,1,0,0,0,0.0,0.0,2025-Jan-30-21:46:57.756727
0.7207724245866639,9604,2,1,0,0,0,0.0,0.0,2025-Jan-30-21:46:57.801422
0.6073698940254721,9605,3,1,0,1,0,0.8,0.0,2025-Jan-30-21:46:57.847724
0.807597330177465,9606,5,1,0,1,-1,0.3,0.0,2025-Jan-30-21:46:57.925660
0.807597330177465,9607,5,1,0,1,-1,0.3,0.0,2025-Jan-30-21:46:58.034521
0.807597330177465,9608,5,1,0,1,-1,0.3,0.0,2025-Jan-30-21:46:58.148973
0.807597330177465,9609,5,1,0,1,-1,0.3,0.0,2025-Jan-30-21:46:58.229504
0.9340199307177154,9610,8,1,1,1,0,1.0,0.0,2025-Jan-30-21:46:58.275010
0.8075973438166071,9611,2,1,0,0,-1,0.0,0.0,2025-Jan-30-21:46:58.478639
0.8075973438166071,9612,2,1,0,0,-1,0.0,0.0,2025-Jan-30-21:46:58.536021
0.8075973438166071,9613,2,1,0,0,-1,0.0,0.0,2025-Jan-30-21:46:58.593933
0.8075973438166071,9614,2,1,0,0,-1,0.0,0.0,2025-Jan-30-21:46:58.651231
0.9623723811698056,9615,10,1,1,1,-1,0.8,0.0,2025-Jan-30-21:46:58.695251
0.7207724277510907,9616,5,1,0,-1,0,0.0,0.0,2025-Jan-30-21:46:58.739815
0.720772427896289,9617,4,1,0,-1,0,0.0,0.0,2025-Jan-30-21:46:58.784240
0.720772427896289,9618,4,1,0,-1,0,0.0,0.0,2025-Jan-30-21:46:58.827477
0.720772427896289,9619,4,1,0,-1,0,0.0,0.0,2025-Jan-30-21:46:58.872660
0.8075973438165706,9620,5,1,0,0,-1,0.0,0.0,2025-Jan-30-21:46:58.929018
0.7569364604146629,9621,6,1,0,-1,0,0.0,0.0,2025-Jan-30-21:46:59.006823
0.7207724277510907,9622,5,1,0,-1,0,0.0,0.0,2025-Jan-30-21:46:59.077784
0.720772427896289,9623,4,1,0,-1,0,0.0,0.0,2025-Jan-30-21:46:59.163655
0.720772427896289,9624,4,1,0,-1,0,0.0,0.0,2025-Jan-30-21:46:59.212257
0.7569364602753836,9625,7,1,0,-1,0,0.0,0.0,2025-Jan-30-21:46:59.271560
1.1757506411462284,9626,9,1,0,0,0,0.0,0.0,2025-Jan-30-21:46:59.327480
1.1757506411462284,9627,9,1,0,0,0,0.0,0.0,2025-Jan-30-21:46:59.384724
1.1757506411462284,9628,9,1,0,0,0,0.0,0.0,2025-Jan-30-21:46:59.440586
1.1757506411462284,9629,9,1,0,0,0,0.0,0.0,2025-Jan-30-21:46:59.498659
1.1625867511066308,9630,5,1,1,1,-1,0.8,0.0,2025-Jan-30-21:46:59.579595
0.7494822890755525,9631,1,1,0,-1,0,0.0,0.0,2025-Jan-30-21:46:59.636248
0.7494822890755525,9632,1,1,0,-1,0,0.0,0.0,2025-Jan-30-21:46:59.692601
0.7494822890755525,9633,1,1,0,-1,0,0.0,0.0,2025-Jan-30-21:46:59.748795
0.7494822890755525,9634,1,1,0,-1,0,0.0,0.0,2025-Jan-30-21:46:59.806478
1.175750667724631,9635,10,1,0,1,0,0.5,0.0,2025-Jan-30-21:46:59.861934
0.6782458526371321,9636,1,1,0,1,0,0.3,0.0,2025-Jan-30-21:46:59.906228
0.664070570586488,9637,1,1,0,1,0,0.4,0.0,2025-Jan-30-21:46:59.968120
0.6498950890357883,9638,1,1,0,1,0,0.5,0.0,2025-Jan-30-21:47:00.045072
0.6357194073691619,9639,1,1,0,1,0,0.6,0.0,2025-Jan-30-21:47:00.124207
0.7207724110838325,9640,5,1,0,1,0,1.5,0.0,2025-Jan-30-21:47:00.216887
0.5506638014263608,9641,3,1,0,1,0,1.2,0.0,2025-Jan-30-21:47:00.262421
0.5506638014263608,9642,3,1,0,1,0,1.2,0.0,2025-Jan-30-21:47:00.306323
0.5506638014263608,9643,3,1,0,1,0,1.2,0.0,2025-Jan-30-21:47:00.352744
0.5506638014263608,9644,3,1,0,1,0,1.2,0.0,2025-Jan-30-21:47:00.401002
0.5937237145444157,9645,5,1,0,0,1,0.0,1.6,2025-Jan-30-21:47:00.476573
0.8075973436857562,9646,3,1,0,0,-1,0.0,0.0,2025-Jan-30-21:47:00.532597
0.8075973436857562,9647,3,1,0,0,-1,0.0,0.0,2025-Jan-30-21:47:00.590001
0.8075973436857562,9648,3,1,0,0,-1,0.0,0.0,2025-Jan-30-21:47:00.646437
0.8075973436857562,9649,3,1,0,0,-1,0.0,0.0,2025-Jan-30-21:47:00.704377
1.175750641146208,9650,10,1,0,0,0,0.0,0.0,2025-Jan-30-21:47:00.760216
0.7207724277510907,9651,5,1,0,-1,0,0.0,0.0,2025-Jan-30-21:47:00.805106
0.720772427896289,9652,4,1,0,-1,0,0.0,0.0,2025-Jan-30-21:47:00.850786
0.720772427896289,9653,4,1,0,-1,0,0.0,0.0,2025-Jan-30-21:47:00.896500
0.720772427896289,9654,4,1,0,-1,0,0.0,0.0,2025-Jan-30-21:47:00.939921
1.0757742178287177,9655,8,1,1,0,0,0.0,0.0,2025-Jan-30-21:47:01.023013
1.0322733681651044,9656,8,1,0,-1,-1,0.0,0.0,2025-Jan-30-21:47:01.136651
0.7569364633080932,9657,7,1,0,-1,-1,0.0,0.0,2025-Jan-30-21:47:01.213006
0.7494695558329538,9658,6,1,0,-1,-1,0.0,0.0,2025-Jan-30-21:47:01.272446
0.8075973466634223,9659,5,1,0,-1,-1,0.0,0.0,2025-Jan-30-21:47:01.331560
1.0757742179736964,9660,10,1,1,0,0,0.0,0.0,2025-Jan-30-21:47:01.375977
0.5790146671129663,9661,1,1,0,1,0,1.0,0.0,2025-Jan-30-21:47:01.419633
0.5790146671129663,9662,1,1,0,1,0,1.0,0.0,2025-Jan-30-21:47:01.466405
0.5790146671129663,9663,1,1,0,1,0,1.0,0.0,2025-Jan-30-21:47:01.510392
0.5790146671129663,9664,1,1,0,1,0,1.0,0.0,2025-Jan-30-21:47:01.554409
0.9339880525039725,9665,7,1,1,1,1,1.0,1.9,2025-Jan-30-21:47:01.610666
0.6357217304370355,9666,6,1,0,1,-1,0.6,0.0,2025-Jan-30-21:47:01.653938
0.8075973303506594,9667,5,1,0,1,-1,0.7,0.0,2025-Jan-30-21:47:01.734059
0.8075973303506594,9668,5,1,0,1,-1,0.7,0.0,2025-Jan-30-21:47:01.811991
0.8075973303506594,9669,5,1,0,1,-1,0.7,0.0,2025-Jan-30-21:47:01.889805
1.2057564061623827,9670,0,1,0,0,0,0.0,0.0,2025-Jan-30-21:47:01.964884
1.2057564061623827,9671,0,1,0,0,0,0.0,0.0,2025-Jan-30-21:47:02.055897
1.2057564061623827,9672,0,1,0,0,0,0.0,0.0,2025-Jan-30-21:47:02.152073
1.2057564061623827,9673,0,1,0,0,0,0.0,0.0,2025-Jan-30-21:47:02.218908
1.2057564061623827,9674,0,1,0,0,0,0.0,0.0,2025-Jan-30-21:47:02.274134
1.0757742178287177,9675,8,1,1,0,0,0.0,0.0,2025-Jan-30-21:47:02.319254
0.7207724113578864,9676,6,1,0,0,1,0.0,1.0,2025-Jan-30-21:47:02.374834
0.5937321857371666,9677,5,1,0,0,1,0.0,1.1,2025-Jan-30-21:47:02.561434
0.5937304888659414,9678,5,1,0,0,1,0.0,1.2,2025-Jan-30-21:47:02.635700
0.593728793155125,9679,4,1,0,0,1,0.0,1.3,2025-Jan-30-21:47:02.708863
0.7207724245865745,9680,7,1,0,0,0,0.0,0.0,2025-Jan-30-21:47:02.753112
0.5431840358458833,9681,2,1,0,1,0,1.4,0.0,2025-Jan-30-21:47:02.827195
0.5431837275529764,9682,2,1,0,1,0,1.3,0.0,2025-Jan-30-21:47:02.899579
0.5506638016006411,9683,2,1,0,1,0,1.2,0.0,2025-Jan-30-21:47:02.961679
0.5506638016006411,9684,2,1,0,1,0,1.2,0.0,2025-Jan-30-21:47:03.036201
1.0757730648283506,9685,4,1,1,0,0,0.0,0.0,2025-Jan-30-21:47:03.123199
0.692403835703447,9686,1,1,0,0,1,0.0,0.2,2025-Jan-30-21:47:03.193806
0.664002014316627,9687,1,1,0,0,1,0.0,0.4,2025-Jan-30-21:47:03.238534
0.6497879200389898,9688,1,1,0,0,1,0.0,0.5,2025-Jan-30-21:47:03.282476
0.6213333589924062,9689,1,1,0,0,1,0.0,0.7,2025-Jan-30-21:47:03.326910
1.0757730648283506,9690,6,1,1,0,0,0.0,0.0,2025-Jan-30-21:47:03.371176
1.1757506461757101,9691,9,1,0,1,0,1.5,0.0,2025-Jan-30-21:47:03.427922
1.1757506510236717,9692,8,1,0,1,0,1.4,0.0,2025-Jan-30-21:47:03.485862
1.1757506510236717,9693,8,1,0,1,0,1.4,0.0,2025-Jan-30-21:47:03.541012
1.1757506510236717,9694,8,1,0,1,0,1.4,0.0,2025-Jan-30-21:47:03.596256
1.111937100367971,9695,2,1,1,-1,0,0.0,0.0,2025-Jan-30-21:47:03.652473
0.7207724277510907,9696,5,1,0,-1,0,0.0,0.0,2025-Jan-30-21:47:03.696259
0.7207724277510907,9697,5,1,0,-1,0,0.0,0.0,2025-Jan-30-21:47:03.740011
0.7207724277510907,9698,5,1,0,-1,0,0.0,0.0,2025-Jan-30-21:47:03.783647
0.7207724277510907,9699,5,1,0,-1,0,0.0,0.0,2025-Jan-30-21:47:03.828094
1.0757730648283506,9700,6,1,1,0,0,0.0,0.0,2025-Jan-30-21:47:03.872388
0.6298986946439116,9701,1,1,0,-1,1,0.0,1.3,2025-Jan-30-21:47:03.978668
0.6298961543480093,9702,1,1,0,-1,1,0.0,1.5,2025-Jan-30-21:47:04.107715
0.629899444354489,9703,2,1,0,-1,1,0.0,1.4,2025-Jan-30-21:47:04.224133
0.629899444354489,9704,2,1,0,-1,1,0.0,1.4,2025-Jan-30-21:47:04.311601
1.2561120302421354,9705,0,1,1,1,1,1.9,1.7,2025-Jan-30-21:47:04.415687
1.1757506411834284,9706,8,1,0,0,0,0.0,0.0,2025-Jan-30-21:47:04.471297
1.1757506411834284,9707,8,1,0,0,0,0.0,0.0,2025-Jan-30-21:47:04.528542
1.1757506411834284,9708,8,1,0,0,0,0.0,0.0,2025-Jan-30-21:47:04.584596
1.1757506411834284,9709,8,1,0,0,0,0.0,0.0,2025-Jan-30-21:47:04.639092
1.1241434980757945,9710,8,1,0,0,-1,0.0,0.0,2025-Jan-30-21:47:04.703670
1.078702687055819,9711,0,1,0,0,1,0.0,1.6,2025-Jan-30-21:47:04.783917
1.078702687055819,9712,0,1,0,0,1,0.0,1.6,2025-Jan-30-21:47:04.864194
1.078702687055819,9713,0,1,0,0,1,0.0,1.6,2025-Jan-30-21:47:04.959476
1.078702687055819,9714,0,1,0,0,1,0.0,1.6,2025-Jan-30-21:47:05.077933
0.8981862266779493,9715,2,1,1,1,0,1.9,0.0,2025-Jan-30-21:47:05.172301
0.621543524967523,9716,1,1,0,1,0,0.7,0.0,2025-Jan-30-21:47:05.219417
0.6073674412085484,9717,1,1,0,1,0,0.8,0.0,2025-Jan-30-21:47:05.264663
0.593191155466653,9718,1,1,0,1,0,0.9,0.0,2025-Jan-30-21:47:05.309472
0.5790146671129663,9719,1,1,0,1,0,1.0,0.0,2025-Jan-30-21:47:05.356552
1.0757730646832417,9720,2,1,1,0,0,0.0,0.0,2025-Jan-30-21:47:05.401216
