Cost,Sim,Switch_State_Indx,Gen1_on,Gen2_on,Batt1_mode,Batt2_mode,Batt1_power_kW,Batt2_power_kW,Timestamp
1.1241434951644111,9721,9,1,0,1,-1,1.0,0.0,2025-Jan-30-21:47:05.486964
1.3831613568977392,9722,0,1,1,1,0,1.3,0.0,2025-Jan-30-21:47:05.572259
1.175750649363613,9723,9,1,0,1,0,1.6,0.0,2025-Jan-30-21:47:05.631881
1.0757730646832417,9724,2,1,1,0,0,0.0,0.0,2025-Jan-30-21:47:05.683200
0.6941917221244963,9725,3,1,0,1,-1,0.8,0.0,2025-Jan-30-21:47:05.747458
1.0190046735342828,9726,4,1,1,1,1,0.3,0.4,2025-Jan-30-21:47:05.809220
1.1625867673436139,9727,5,1,1,-1,-1,0.0,0.0,2025-Jan-30-21:47:05.869710
0.7569364604146629,9728,6,1,0,-1,0,0.0,0.0,2025-Jan-30-21:47:05.928766
1.0474064560018803,9729,4,1,1,-1,1,0.0,0.2,2025-Jan-30-21:47:05.992851
1.1119353369785046,9730,1,1,1,-1,0,0.0,0.0,2025-Jan-30-21:47:06.081562
0.7207724245865745,9731,7,1,0,0,0,0.0,0.0,2025-Jan-30-21:47:06.290079
1.0757509769736244,9732,3,1,1,0,0,0.0,0.0,2025-Jan-30-21:47:06.345498
1.2057564061623827,9733,0,1,0,0,0,0.0,0.0,2025-Jan-30-21:47:06.407151
1.0757711430969912,9734,1,1,1,0,0,0.0,0.0,2025-Jan-30-21:47:06.456070
0.7569364602754676,9735,2,1,0,-1,0,0.0,0.0,2025-Jan-30-21:47:06.518270
0.7207724113867233,9736,4,1,0,1,0,0.5,0.0,2025-Jan-30-21:47:06.579073
0.720770503000503,9737,1,1,0,0,0,0.0,0.0,2025-Jan-30-21:47:06.627288
1.0757742179736964,9738,10,1,1,0,0,0.0,0.0,2025-Jan-30-21:47:06.674923
1.0757730513696815,9739,6,1,1,0,1,0.0,0.9,2025-Jan-30-21:47:06.735912
0.7207724277510907,9740,5,1,0,-1,0,0.0,0.0,2025-Jan-30-21:47:06.784722
0.7207724277510907,9741,5,1,0,-1,0,0.0,0.0,2025-Jan-30-21:47:06.832071
0.8075973467942734,9742,4,1,0,-1,-1,0.0,0.0,2025-Jan-30-21:47:06.891707
0.8346854710765969,9743,8,1,1,1,1,1.2,0.5,2025-Jan-30-21:47:06.937563
1.3831631357888023,9744,0,1,1,1,0,1.9,0.0,2025-Jan-30-21:47:07.035676
0.8075955916472131,9745,1,1,0,0,-1,0.0,0.0,2025-Jan-30-21:47:07.125219
1.075774221135453,9746,10,1,1,0,-1,0.0,0.0,2025-Jan-30-21:47:07.198896
1.075774221135453,9747,10,1,1,0,-1,0.0,0.0,2025-Jan-30-21:47:07.246956
0.5937181644094506,9748,1,1,0,0,1,0.0,1.8,2025-Jan-30-21:47:07.321824
1.162599289019349,9749,8,1,1,0,-1,0.0,0.0,2025-Jan-30-21:47:07.381162
1.1757506411834284,9750,8,1,0,0,0,0.0,0.0,2025-Jan-30-21:47:07.436167
1.0047915624287524,9751,9,1,1,0,1,0.0,0.5,2025-Jan-30-21:47:07.484372
0.593193675244256,9752,3,1,0,1,0,0.9,0.0,2025-Jan-30-21:47:07.530173
1.0757730514125874,9753,4,1,1,1,0,1.3,0.0,2025-Jan-30-21:47:07.587203
1.5607570462257478,9754,0,1,1,0,0,0.0,0.0,2025-Jan-30-21:47:07.643300
1.2057564061623827,9755,0,1,0,0,0,0.0,0.0,2025-Jan-30-21:47:07.698669
0.8981886098547648,9756,10,1,1,1,0,1.9,0.0,2025-Jan-30-21:47:07.773814
1.1757506670486992,9757,9,1,0,-1,0,0.0,0.0,2025-Jan-30-21:47:07.830578
0.6921181242403267,9758,1,1,0,-1,1,0.0,0.4,2025-Jan-30-21:47:07.888487
1.0757711430969912,9759,1,1,1,0,0,0.0,0.0,2025-Jan-30-21:47:07.933445
0.9620956608155059,9760,4,1,1,1,1,0.3,0.8,2025-Jan-30-21:47:08.008797
1.0757730648283506,9761,4,1,1,0,0,0.0,0.0,2025-Jan-30-21:47:08.076230
1.175750642436547,9762,10,1,0,0,1,0.0,1.9,2025-Jan-30-21:47:08.165449
0.7494822890755525,9763,1,1,0,-1,0,0.0,0.0,2025-Jan-30-21:47:08.230189
1.1757506527704114,9764,10,1,0,1,1,1.3,0.7,2025-Jan-30-21:47:08.292421
1.0757509627133244,9765,5,1,1,1,0,0.4,0.0,2025-Jan-30-21:47:08.352716
0.8075973466634223,9766,5,1,0,-1,-1,0.0,0.0,2025-Jan-30-21:47:08.411108
0.8075973301418495,9767,4,1,0,1,-1,0.2,0.0,2025-Jan-30-21:47:08.492329
1.0757730648283506,9768,4,1,1,0,0,0.0,0.0,2025-Jan-30-21:47:08.536708
1.1625979840341714,9769,4,1,1,0,-1,0.0,0.0,2025-Jan-30-21:47:08.595720
0.8075973438166071,9770,2,1,0,0,-1,0.0,0.0,2025-Jan-30-21:47:08.653114
1.1241434980757994,9771,9,1,0,0,-1,0.0,0.0,2025-Jan-30-21:47:08.714681
0.6215459109445581,9772,3,1,0,1,0,0.7,0.0,2025-Jan-30-21:47:08.761498
0.543184035845765,9773,7,1,0,1,0,1.4,0.0,2025-Jan-30-21:47:08.836592
0.6215459109445581,9774,3,1,0,1,0,0.7,0.0,2025-Jan-30-21:47:08.883717
0.593193675244256,9775,3,1,0,1,0,0.9,0.0,2025-Jan-30-21:47:08.929380
0.6357217266267199,9776,3,1,0,1,0,0.6,0.0,2025-Jan-30-21:47:08.991000
0.720772427896289,9777,4,1,0,-1,0,0.0,0.0,2025-Jan-30-21:47:09.068088
0.6073698941900545,9778,2,1,0,1,0,0.8,0.0,2025-Jan-30-21:47:09.139243
0.6498973418512147,9779,2,1,0,1,0,0.5,0.0,2025-Jan-30-21:47:09.200431
0.7569364602754676,9780,2,1,0,-1,0,0.0,0.0,2025-Jan-30-21:47:09.262407
0.5931936754112624,9781,2,1,0,1,0,0.9,0.0,2025-Jan-30-21:47:09.308487
0.6073698940254721,9782,3,1,0,1,0,0.8,0.0,2025-Jan-30-21:47:09.355747
0.7207724113578873,9783,4,1,0,1,0,1.0,0.0,2025-Jan-30-21:47:09.410381
0.7207724245866639,9784,2,1,0,0,0,0.0,0.0,2025-Jan-30-21:47:09.456413
0.7569364602754676,9785,2,1,0,-1,0,0.0,0.0,2025-Jan-30-21:47:09.630621
0.5931936754112624,9786,2,1,0,1,0,0.9,0.0,2025-Jan-30-21:47:09.677572
0.593193675244256,9787,3,1,0,1,0,0.9,0.0,2025-Jan-30-21:47:09.721729
1.1207024870472044,9788,0,1,0,1,0,0.6,0.0,2025-Jan-30-21:47:09.778680
0.7207724244414657,9789,3,1,0,0,0,0.0,0.0,2025-Jan-30-21:47:09.823274
0.720772427896289,9790,4,1,0,-1,0,0.0,0.0,2025-Jan-30-21:47:09.871471
0.6073698941900545,9791,2,1,0,1,0,0.8,0.0,2025-Jan-30-21:47:09.916238
0.749469553143833,9792,3,1,0,-1,0,0.0,0.0,2025-Jan-30-21:47:09.997540
0.7207724112731045,9793,4,1,0,1,0,0.9,0.0,2025-Jan-30-21:47:10.095424
0.6357217266267199,9794,3,1,0,1,0,0.6,0.0,2025-Jan-30-21:47:10.168572
0.7207724245866639,9795,2,1,0,0,0,0.0,0.0,2025-Jan-30-21:47:10.216860
1.0781728634015328,9796,0,1,0,1,0,0.9,0.0,2025-Jan-30-21:47:10.280414
0.593191155466653,9797,1,1,0,1,0,0.9,0.0,2025-Jan-30-21:47:10.331606
0.7207724245866639,9798,2,1,0,0,0,0.0,0.0,2025-Jan-30-21:47:10.382527
0.7207724245865745,9799,7,1,0,0,0,0.0,0.0,2025-Jan-30-21:47:10.433105
1.0356414432899137,9800,0,1,0,1,0,1.2,0.0,2025-Jan-30-21:47:10.496507
0.7207724247317728,9801,4,1,0,0,0,0.0,0.0,2025-Jan-30-21:47:10.546872
0.593193675244256,9802,3,1,0,1,0,0.9,0.0,2025-Jan-30-21:47:10.596756
1.0757509770461597,9803,5,1,1,0,0,0.0,0.0,2025-Jan-30-21:47:10.646993
0.720770503000503,9804,1,1,0,0,0,0.0,0.0,2025-Jan-30-21:47:10.697393
0.720770503000503,9805,1,1,0,0,0,0.0,0.0,2025-Jan-30-21:47:10.747730
0.7207724115230508,9806,5,1,0,1,0,1.2,0.0,2025-Jan-30-21:47:10.813399
1.2057564061623827,9807,0,1,0,0,0,0.0,0.0,2025-Jan-30-21:47:10.874744
0.7494822890755525,9808,1,1,0,-1,0,0.0,0.0,2025-Jan-30-21:47:10.931105
0.720770503000503,9809,1,1,0,0,0,0.0,0.0,2025-Jan-30-21:47:10.990677
0.6215459109445581,9810,3,1,0,1,0,0.7,0.0,2025-Jan-30-21:47:11.068567
0.7207724244414657,9811,3,1,0,0,0,0.0,0.0,2025-Jan-30-21:47:11.144758
0.7207724245865745,9812,7,1,0,0,0,0.0,0.0,2025-Jan-30-21:47:11.210995
0.6073698940254721,9813,3,1,0,1,0,0.8,0.0,2025-Jan-30-21:47:11.258052
0.6073674412085484,9814,1,1,0,1,0,0.8,0.0,2025-Jan-30-21:47:11.311415
1.0757509770461597,9815,5,1,1,0,0,0.0,0.0,2025-Jan-30-21:47:11.361212
0.720772427896289,9816,4,1,0,-1,0,0.0,0.0,2025-Jan-30-21:47:11.404927
0.6357217266267199,9817,3,1,0,1,0,0.6,0.0,2025-Jan-30-21:47:11.449307
0.7207724244414657,9818,3,1,0,0,0,0.0,0.0,2025-Jan-30-21:47:11.496992
0.7207724244414657,9819,3,1,0,0,0,0.0,0.0,2025-Jan-30-21:47:11.541812
0.7207724245866639,9820,2,1,0,0,0,0.0,0.0,2025-Jan-30-21:47:11.587108
1.0639959237779304,9821,0,1,0,1,0,1.0,0.0,2025-Jan-30-21:47:11.642056
1.0356414432899137,9822,0,1,0,1,0,1.2,0.0,2025-Jan-30-21:47:11.699653
1.1757506499836414,9823,8,1,0,1,0,1.5,0.0,2025-Jan-30-21:47:11.756449
1.1757506411834284,9824,8,1,0,0,0,0.0,0.0,2025-Jan-30-21:47:11.812393
0.5431837275528582,9825,7,1,0,1,0,1.3,0.0,2025-Jan-30-21:47:11.886906
1.1757506365308092,9826,9,1,0,1,0,1.0,0.0,2025-Jan-30-21:47:11.942473
0.7569364602753836,9827,7,1,0,-1,0,0.0,0.0,2025-Jan-30-21:47:12.046957
1.1757506670486992,9828,9,1,0,-1,0,0.0,0.0,2025-Jan-30-21:47:12.138312
1.111916376752614,9829,7,1,1,-1,1,0.0,0.1,2025-Jan-30-21:47:12.237286
0.7207724277510907,9830,5,1,0,-1,0,0.0,0.0,2025-Jan-30-21:47:12.284558
1.175750641146208,9831,10,1,0,0,0,0.0,0.0,2025-Jan-30-21:47:12.343637
1.0757742178287177,9832,8,1,1,0,0,0.0,0.0,2025-Jan-30-21:47:12.387228
1.2057564061623827,9833,0,1,0,0,0,0.0,0.0,2025-Jan-30-21:47:12.444011
0.7207724244414657,9834,3,1,0,0,0,0.0,0.0,2025-Jan-30-21:47:12.489777
1.175750643132414,9835,9,1,0,1,0,1.8,0.0,2025-Jan-30-21:47:12.544648
1.1757506577377732,9836,10,1,0,1,0,1.1,0.0,2025-Jan-30-21:47:12.601033
0.7207724244414657,9837,3,1,0,0,0,0.0,0.0,2025-Jan-30-21:47:12.645116
1.1757506411462284,9838,9,1,0,0,0,0.0,0.0,2025-Jan-30-21:47:12.700560
0.7207724247317728,9839,4,1,0,0,0,0.0,0.0,2025-Jan-30-21:47:12.744902
0.7569364604146629,9840,6,1,0,-1,0,0.0,0.0,2025-Jan-30-21:47:12.805931
1.1757506670486992,9841,9,1,0,-1,0,0.0,0.0,2025-Jan-30-21:47:12.862462
0.7569364604146629,9842,6,1,0,-1,0,0.0,0.0,2025-Jan-30-21:47:12.922778
1.0047915491680848,9843,9,1,1,1,1,1.3,0.5,2025-Jan-30-21:47:12.996829
0.5431855865598645,9844,7,1,0,1,0,1.9,0.0,2025-Jan-30-21:47:13.107243
0.720770503000503,9845,1,1,0,0,0,0.0,0.0,2025-Jan-30-21:47:13.179617
0.543184035845765,9846,7,1,0,1,0,1.4,0.0,2025-Jan-30-21:47:13.254118
0.5790146671129663,9847,1,1,0,1,0,1.0,0.0,2025-Jan-30-21:47:13.301661
0.720770503000503,9848,1,1,0,0,0,0.0,0.0,2025-Jan-30-21:47:13.348421
0.7207724245865745,9849,7,1,0,0,0,0.0,0.0,2025-Jan-30-21:47:13.394702
1.175750641146208,9850,10,1,0,0,0,0.0,0.0,2025-Jan-30-21:47:13.450879
1.1757506411834284,9851,8,1,0,0,0,0.0,0.0,2025-Jan-30-21:47:13.510034
0.7207724113578873,9852,4,1,0,1,0,1.0,0.0,2025-Jan-30-21:47:13.565756
1.0757730648283506,9853,4,1,1,0,0,0.0,0.0,2025-Jan-30-21:47:13.612734
0.7207724245865745,9854,5,1,0,0,0,0.0,0.0,2025-Jan-30-21:47:13.659100
0.7207724245865745,9855,7,1,0,0,0,0.0,0.0,2025-Jan-30-21:47:13.704685
1.175750648703159,9856,10,1,0,1,0,1.9,0.0,2025-Jan-30-21:47:13.760720
0.5431849644372543,9857,6,1,0,1,0,1.7,0.0,2025-Jan-30-21:47:13.991566
0.7494822890755525,9858,1,1,0,-1,0,0.0,0.0,2025-Jan-30-21:47:14.084898
0.7207724244414657,9859,3,1,0,0,0,0.0,0.0,2025-Jan-30-21:47:14.167145
1.1757506585448518,9860,8,1,0,1,0,0.9,0.0,2025-Jan-30-21:47:14.227766
0.7207724245865745,9861,7,1,0,0,0,0.0,0.0,2025-Jan-30-21:47:14.274710
0.5431855867354398,9862,6,1,0,1,0,1.9,0.0,2025-Jan-30-21:47:14.353587
0.720772427896289,9863,4,1,0,-1,0,0.0,0.0,2025-Jan-30-21:47:14.399364
1.1757506497820258,9864,10,1,0,1,0,1.7,0.0,2025-Jan-30-21:47:14.460630
1.0757730648283506,9865,4,1,1,0,0,0.0,0.0,2025-Jan-30-21:47:14.506575
1.1757506499836414,9866,8,1,0,1,0,1.5,0.0,2025-Jan-30-21:47:14.564628
0.6498973416939033,9867,3,1,0,1,0,0.5,0.0,2025-Jan-30-21:47:14.612388
0.7207724245865745,9868,5,1,0,0,0,0.0,0.0,2025-Jan-30-21:47:14.660152
0.7207724245866639,9869,2,1,0,0,0,0.0,0.0,2025-Jan-30-21:47:14.712135
0.7207724244414657,9870,3,1,0,0,0,0.0,0.0,2025-Jan-30-21:47:14.759408
1.175750641146208,9871,10,1,0,0,0,0.0,0.0,2025-Jan-30-21:47:14.815282
1.3831619474677819,9872,0,1,1,1,0,1.5,0.0,2025-Jan-30-21:47:14.900090
1.1757506499836414,9873,8,1,0,1,0,1.5,0.0,2025-Jan-30-21:47:14.984511
0.664070570586488,9874,1,1,0,1,0,0.4,0.0,2025-Jan-30-21:47:15.059704
0.7207724112731045,9875,4,1,0,1,0,0.9,0.0,2025-Jan-30-21:47:15.139771
0.564840629749906,9876,7,1,0,1,0,1.1,0.0,2025-Jan-30-21:47:15.209870
0.7569364602753836,9877,7,1,0,-1,0,0.0,0.0,2025-Jan-30-21:47:15.270455
0.7569364604146629,9878,6,1,0,-1,0,0.0,0.0,2025-Jan-30-21:47:15.332194
1.070893498094094,9879,8,1,0,-1,0,0.0,0.0,2025-Jan-30-21:47:15.397018
0.7207724277510907,9880,5,1,0,-1,0,0.0,0.0,2025-Jan-30-21:47:15.443776
1.1757506411462284,9881,9,1,0,0,0,0.0,0.0,2025-Jan-30-21:47:15.503274
1.0757730648283506,9882,4,1,1,0,0,0.0,0.0,2025-Jan-30-21:47:15.548581
0.7207724245865745,9883,5,1,0,0,0,0.0,0.0,2025-Jan-30-21:47:15.593064
0.7207724244414657,9884,3,1,0,0,0,0.0,0.0,2025-Jan-30-21:47:15.638359
1.175750643132414,9885,9,1,0,1,0,1.8,0.0,2025-Jan-30-21:47:15.695070
0.720772410906665,9886,4,1,0,1,0,0.8,0.0,2025-Jan-30-21:47:15.751943
0.720770503000503,9887,1,1,0,0,0,0.0,0.0,2025-Jan-30-21:47:15.797945
0.7207724245865745,9888,7,1,0,0,0,0.0,0.0,2025-Jan-30-21:47:15.844808
0.7207724245865745,9889,7,1,0,0,0,0.0,0.0,2025-Jan-30-21:47:15.890975
0.5431837275528582,9890,7,1,0,1,0,1.3,0.0,2025-Jan-30-21:47:15.995547
1.070893498094094,9891,8,1,0,-1,0,0.0,0.0,2025-Jan-30-21:47:16.084796
0.720772427896289,9892,4,1,0,-1,0,0.0,0.0,2025-Jan-30-21:47:16.168078
0.7207724244414657,9893,3,1,0,0,0,0.0,0.0,2025-Jan-30-21:47:16.216919
0.7207724110838325,9894,5,1,0,1,0,1.5,0.0,2025-Jan-30-21:47:16.276717
1.1757506461757101,9895,9,1,0,1,0,1.5,0.0,2025-Jan-30-21:47:16.336368
1.075774221135453,9896,10,1,1,0,-1,0.0,0.0,2025-Jan-30-21:47:16.383680
0.7207724245865745,9897,7,1,0,0,0,0.0,0.0,2025-Jan-30-21:47:16.430044
0.5431837275528582,9898,7,1,0,1,0,1.3,0.0,2025-Jan-30-21:47:16.505647
0.7207724245865745,9899,7,1,0,0,0,0.0,0.0,2025-Jan-30-21:47:16.551235
1.175750641146208,9900,10,1,0,0,0,0.0,0.0,2025-Jan-30-21:47:16.609261
1.1757506411462284,9901,9,1,0,0,0,0.0,0.0,2025-Jan-30-21:47:16.665840
0.57901725397242,9902,3,1,0,1,0,1.0,0.0,2025-Jan-30-21:47:16.710580
1.0757509770461597,9903,5,1,1,0,0,0.0,0.0,2025-Jan-30-21:47:16.755879
1.175750635998325,9904,9,1,0,1,0,1.4,0.0,2025-Jan-30-21:47:16.813172
0.7207724247317728,9905,4,1,0,0,0,0.0,0.0,2025-Jan-30-21:47:16.860931
1.1757506499836414,9906,8,1,0,1,0,1.5,0.0,2025-Jan-30-21:47:16.919950
1.070893498094094,9907,8,1,0,-1,0,0.0,0.0,2025-Jan-30-21:47:17.008668
0.7569364602754676,9908,2,1,0,-1,0,0.0,0.0,2025-Jan-30-21:47:17.097695
0.7207724245866639,9909,2,1,0,0,0,0.0,0.0,2025-Jan-30-21:47:17.172562
0.8075973303974883,9910,4,1,0,1,-1,0.4,0.0,2025-Jan-30-21:47:17.255124
0.7207724245865745,9911,7,1,0,0,0,0.0,0.0,2025-Jan-30-21:47:17.301980
1.1757506411834284,9912,8,1,0,0,0,0.0,0.0,2025-Jan-30-21:47:17.364219
0.7207724244414657,9913,3,1,0,0,0,0.0,0.0,2025-Jan-30-21:47:17.410549
0.5431837275528582,9914,7,1,0,1,0,1.3,0.0,2025-Jan-30-21:47:17.490300
0.7207724114034519,9915,5,1,0,1,0,0.4,0.0,2025-Jan-30-21:47:17.546513
0.7207724247317728,9916,4,1,0,0,0,0.0,0.0,2025-Jan-30-21:47:17.591782
0.5931936754111524,9917,7,1,0,1,0,0.9,0.0,2025-Jan-30-21:47:17.637575
0.7207724247317727,9918,6,1,0,0,0,0.0,0.0,2025-Jan-30-21:47:17.683076
0.7207724247317727,9919,6,1,0,0,0,0.0,0.0,2025-Jan-30-21:47:17.728516
0.7207724245865745,9920,5,1,0,0,0,0.0,0.0,2025-Jan-30-21:47:17.774763
1.1757506670483657,9921,10,1,0,0,-1,0.0,0.0,2025-Jan-30-21:47:17.829746
0.5431843444857276,9922,3,1,0,1,0,1.5,0.0,2025-Jan-30-21:47:17.908707
1.1757506510236717,9923,8,1,0,1,0,1.4,0.0,2025-Jan-30-21:47:17.994002
1.0757730648283506,9924,4,1,1,0,0,0.0,0.0,2025-Jan-30-21:47:18.075230
0.5506638017748042,9925,6,1,0,1,0,1.2,0.0,2025-Jan-30-21:47:18.271305
1.0615984483848824,9926,2,1,1,1,0,0.1,0.0,2025-Jan-30-21:47:18.339883
0.7569364604146629,9927,6,1,0,-1,0,0.0,0.0,2025-Jan-30-21:47:18.399911
1.0708934980940992,9928,10,1,0,-1,0,0.0,0.0,2025-Jan-30-21:47:18.465416
0.713750654217219,9929,10,1,0,-1,-1,0.0,0.0,2025-Jan-30-21:47:18.522784
0.7494822890755525,9930,1,1,0,-1,0,0.0,0.0,2025-Jan-30-21:47:18.581156
1.1757506411462284,9931,9,1,0,0,0,0.0,0.0,2025-Jan-30-21:47:18.640191
0.7207724244414657,9932,3,1,0,0,0,0.0,0.0,2025-Jan-30-21:47:18.687856
0.593193675244256,9933,3,1,0,1,0,0.9,0.0,2025-Jan-30-21:47:18.734041
0.7207724244414657,9934,3,1,0,0,0,0.0,0.0,2025-Jan-30-21:47:18.780130
0.7569364602754676,9935,2,1,0,-1,0,0.0,0.0,2025-Jan-30-21:47:18.837224
0.7207724245866639,9936,2,1,0,0,0,0.0,0.0,2025-Jan-30-21:47:18.882888
0.7207724245866639,9937,2,1,0,0,0,0.0,0.0,2025-Jan-30-21:47:18.926976
0.7207724245865745,9938,7,1,0,0,0,0.0,0.0,2025-Jan-30-21:47:18.995870
1.1757506670483657,9939,10,1,0,0,-1,0.0,0.0,2025-Jan-30-21:47:19.080432
0.7207724277510907,9940,5,1,0,-1,0,0.0,0.0,2025-Jan-30-21:47:19.160722
1.070893498094094,9941,8,1,0,-1,0,0.0,0.0,2025-Jan-30-21:47:19.232139
0.5431837275528582,9942,7,1,0,1,0,1.3,0.0,2025-Jan-30-21:47:19.311435
1.175750686425523,9943,10,1,0,1,-1,1.5,0.0,2025-Jan-30-21:47:19.373324
1.028161011805214,9944,0,1,0,1,0,1.4,0.0,2025-Jan-30-21:47:19.453073
0.7207724247317727,9945,6,1,0,0,0,0.0,0.0,2025-Jan-30-21:47:19.504287
1.1241434980757994,9946,9,1,0,0,-1,0.0,0.0,2025-Jan-30-21:47:19.567844
1.175750641146208,9947,10,1,0,0,0,0.0,0.0,2025-Jan-30-21:47:19.626317
0.720770503000503,9948,1,1,0,0,0,0.0,0.0,2025-Jan-30-21:47:19.674283
0.543185275212381,9949,7,1,0,1,0,1.8,0.0,2025-Jan-30-21:47:19.747811
1.175750641146208,9950,10,1,0,0,0,0.0,0.0,2025-Jan-30-21:47:19.804543
0.7207724247317727,9951,6,1,0,0,0,0.0,0.0,2025-Jan-30-21:47:19.851887
0.593193675244256,9952,3,1,0,1,0,0.9,0.0,2025-Jan-30-21:47:19.898678
0.7207724107614668,9953,5,1,0,1,0,0.8,0.0,2025-Jan-30-21:47:19.969524
0.7207724244414657,9954,3,1,0,0,0,0.0,0.0,2025-Jan-30-21:47:20.040490
0.7207724244414657,9955,3,1,0,0,0,0.0,0.0,2025-Jan-30-21:47:20.117065
1.1757506461757101,9956,9,1,0,1,0,1.5,0.0,2025-Jan-30-21:47:20.209623
1.1757506670486992,9957,9,1,0,-1,0,0.0,0.0,2025-Jan-30-21:47:20.269734
0.720772427896289,9958,4,1,0,-1,0,0.0,0.0,2025-Jan-30-21:47:20.315439
1.1757506510236717,9959,8,1,0,1,0,1.4,0.0,2025-Jan-30-21:47:20.374218
0.7207724107614668,9960,5,1,0,1,0,0.8,0.0,2025-Jan-30-21:47:20.430530
0.7207724247317728,9961,4,1,0,0,0,0.0,0.0,2025-Jan-30-21:47:20.477828
1.1757506411462284,9962,9,1,0,0,0,0.0,0.0,2025-Jan-30-21:47:20.533301
1.2419215143445705,9963,0,1,0,-1,0,0.0,0.0,2025-Jan-30-21:47:20.617733
1.175750651611902,9964,8,1,0,1,0,1.3,0.0,2025-Jan-30-21:47:20.675444
0.7207724113169367,9965,5,1,0,1,0,0.6,0.0,2025-Jan-30-21:47:20.732250
0.7569364604146629,9966,6,1,0,-1,0,0.0,0.0,2025-Jan-30-21:47:20.790644
0.5931936755781589,9967,6,1,0,1,0,0.9,0.0,2025-Jan-30-21:47:20.837179
1.1757506411834284,9968,8,1,0,0,0,0.0,0.0,2025-Jan-30-21:47:20.895421
0.7207724247317727,9969,6,1,0,0,0,0.0,0.0,2025-Jan-30-21:47:20.942869
0.7207724247317727,9970,6,1,0,0,0,0.0,0.0,2025-Jan-30-21:47:21.032070
1.1757506411462284,9971,9,1,0,0,0,0.0,0.0,2025-Jan-30-21:47:21.120971
0.5431812756458804,9972,1,1,0,1,0,1.4,0.0,2025-Jan-30-21:47:21.242049
1.1757506510236717,9973,8,1,0,1,0,1.4,0.0,2025-Jan-30-21:47:21.302743
0.7207724247317727,9974,6,1,0,0,0,0.0,0.0,2025-Jan-30-21:47:21.352194
0.7225421754516693,9975,1,1,0,1,-1,0.6,0.0,2025-Jan-30-21:47:21.530043
0.579017254311169,9976,6,1,0,1,0,1.0,0.0,2025-Jan-30-21:47:21.577915
0.7207724277510907,9977,5,1,0,-1,0,0.0,0.0,2025-Jan-30-21:47:21.626639
0.7207724277510907,9978,5,1,0,-1,0,0.0,0.0,2025-Jan-30-21:47:21.673292
0.7569364604146629,9979,6,1,0,-1,0,0.0,0.0,2025-Jan-30-21:47:21.731166
0.749469553143833,9980,3,1,0,-1,0,0.0,0.0,2025-Jan-30-21:47:21.789137
0.7207724245865745,9981,7,1,0,0,0,0.0,0.0,2025-Jan-30-21:47:21.836560
0.7207724247317727,9982,6,1,0,0,0,0.0,0.0,2025-Jan-30-21:47:21.881696
0.720770503000503,9983,1,1,0,0,0,0.0,0.0,2025-Jan-30-21:47:21.927119
0.7207724247317728,9984,4,1,0,0,0,0.0,0.0,2025-Jan-30-21:47:21.992744
0.7207724277510907,9985,5,1,0,-1,0,0.0,0.0,2025-Jan-30-21:47:22.063492
0.6357217269460864,9986,6,1,0,1,0,0.6,0.0,2025-Jan-30-21:47:22.148800
0.7207724247317727,9987,6,1,0,0,0,0.0,0.0,2025-Jan-30-21:47:22.210786
1.1757506411834284,9988,8,1,0,0,0,0.0,0.0,2025-Jan-30-21:47:22.272951
0.7207724247317728,9989,4,1,0,0,0,0.0,0.0,2025-Jan-30-21:47:22.324417
0.7207724277510907,9990,5,1,0,-1,0,0.0,0.0,2025-Jan-30-21:47:22.370236
1.070893498094094,9991,8,1,0,-1,0,0.0,0.0,2025-Jan-30-21:47:22.434037
0.8437667697874734,9992,3,1,0,-1,-1,0.0,0.0,2025-Jan-30-21:47:22.506836
0.5648406299217614,9993,6,1,0,1,0,1.1,0.0,2025-Jan-30-21:47:22.551946
1.0356414432899137,9994,0,1,0,1,0,1.2,0.0,2025-Jan-30-21:47:22.610462
1.1757506510236717,9995,8,1,0,1,0,1.4,0.0,2025-Jan-30-21:47:22.665970
1.1757506411834284,9996,8,1,0,0,0,0.0,0.0,2025-Jan-30-21:47:22.722940
1.075774221135453,9997,10,1,1,0,-1,0.0,0.0,2025-Jan-30-21:47:22.767079
0.7207724244414657,9998,3,1,0,0,0,0.0,0.0,2025-Jan-30-21:47:22.813051
0.7207724277510894,9999,7,1,0,0,-1,0.0,0.0,2025-Jan-30-21:47:22.858435
1.175750641146208,10000,10,1,0,0,0,0.0,0.0,2025-Jan-30-21:47:22.916594
0.7207724245865745,10001,5,1,0,0,0,0.0,0.0,2025-Jan-30-21:47:22.984921
1.1757506510236717,10002,8,1,0,1,0,1.4,0.0,2025-Jan-30-21:47:23.078068
0.7207724247317727,10003,6,1,0,0,0,0.0,0.0,2025-Jan-30-21:47:23.149345
1.5607570462257478,10004,0,1,1,0,0,0.0,0.0,2025-Jan-30-21:47:23.228583
1.2057564061623827,10005,0,1,0,0,0,0.0,0.0,2025-Jan-30-21:47:23.285937
0.7207724245865745,10006,7,1,0,0,0,0.0,0.0,2025-Jan-30-21:47:23.335492
1.070893498094094,10007,8,1,0,-1,0,0.0,0.0,2025-Jan-30-21:47:23.394544
0.7569364602754676,10008,2,1,0,-1,0,0.0,0.0,2025-Jan-30-21:47:23.448165
0.7207724245866639,10009,2,1,0,0,0,0.0,0.0,2025-Jan-30-21:47:23.491262
0.720772411212689,10010,5,1,0,1,0,1.0,0.0,2025-Jan-30-21:47:23.547153
0.7207724247317727,10011,6,1,0,0,0,0.0,0.0,2025-Jan-30-21:47:23.591138
0.7207724110648798,10012,5,1,0,1,0,1.9,0.0,2025-Jan-30-21:47:23.646986
1.2419215143445705,10013,0,1,0,-1,0,0.0,0.0,2025-Jan-30-21:47:23.728703
1.175750651611902,10014,8,1,0,1,0,1.3,0.0,2025-Jan-30-21:47:23.784363
0.6073698943545289,10015,6,1,0,1,0,0.8,0.0,2025-Jan-30-21:47:23.829084
1.070893498094094,10016,8,1,0,-1,0,0.0,0.0,2025-Jan-30-21:47:23.891398
0.7207724115486502,10017,4,1,0,1,0,0.4,0.0,2025-Jan-30-21:47:23.971159
0.7207724245865745,10018,5,1,0,0,0,0.0,0.0,2025-Jan-30-21:47:24.071090
0.7207724244414657,10019,3,1,0,0,0,0.0,0.0,2025-Jan-30-21:47:24.157110
0.7207724244414657,10020,3,1,0,0,0,0.0,0.0,2025-Jan-30-21:47:24.221483
1.1757506670483657,10021,10,1,0,0,-1,0.0,0.0,2025-Jan-30-21:47:24.279734
