Cost,Sim,Switch_State_Indx,Gen1_on,Gen2_on,Batt1_mode,Batt2_mode,Batt1_power_kW,Batt2_power_kW,Timestamp
1.1119370872785788,10022,6,1,1,-1,1,0.0,0.9,2025-Jan-30-21:47:24.366017
0.9487238749039121,10023,1,1,1,0,1,0.0,1.5,2025-Jan-30-21:47:24.442279
1.0757509623193564,10024,7,1,1,0,1,0.0,0.8,2025-Jan-30-21:47:24.498482
1.0757509786022807,10025,7,1,1,0,-1,0.0,0.0,2025-Jan-30-21:47:24.547297
0.8981866695870512,10026,8,1,1,1,0,1.3,0.0,2025-Jan-30-21:47:24.626667
1.0757742178287177,10027,8,1,1,0,0,0.0,0.0,2025-Jan-30-21:47:24.671793
0.720772411210078,10028,4,1,0,1,0,1.9,0.0,2025-Jan-30-21:47:24.726912
0.9487294331001815,10029,2,1,1,0,1,0.0,1.3,2025-Jan-30-21:47:24.811677
1.0757742179740988,10030,9,1,1,0,0,0.0,0.0,2025-Jan-30-21:47:24.861305
0.8075973439474216,10031,4,1,0,0,-1,0.0,0.0,2025-Jan-30-21:47:24.923133
1.0757742044557146,10032,9,1,1,1,0,1.9,0.0,2025-Jan-30-21:47:24.997857
1.0757509770461597,10033,5,1,1,0,0,0.0,0.0,2025-Jan-30-21:47:25.070614
1.0322733681651044,10034,8,1,0,-1,-1,0.0,0.0,2025-Jan-30-21:47:25.178288
1.0757730646832417,10035,2,1,1,0,0,0.0,0.0,2025-Jan-30-21:47:25.225070
1.0322733681651044,10036,8,1,0,-1,-1,0.0,0.0,2025-Jan-30-21:47:25.425671
0.7207724244414657,10037,3,1,0,0,0,0.0,0.0,2025-Jan-30-21:47:25.477045
0.7207724244414657,10038,3,1,0,0,0,0.0,0.0,2025-Jan-30-21:47:25.526047
1.0757730646832417,10039,2,1,1,0,0,0.0,0.0,2025-Jan-30-21:47:25.575640
1.175750636530588,10040,10,1,0,0,1,0.0,1.0,2025-Jan-30-21:47:25.637334
1.0708934980940992,10041,10,1,0,-1,0,0.0,0.0,2025-Jan-30-21:47:25.704461
1.4048194240250371,10042,0,1,1,1,0,1.1,0.0,2025-Jan-30-21:47:25.766046
1.162596231733874,10043,1,1,1,0,-1,0.0,0.0,2025-Jan-30-21:47:25.828748
1.070893498094094,10044,8,1,0,-1,0,0.0,0.0,2025-Jan-30-21:47:25.896952
1.1625867673436139,10045,5,1,1,-1,-1,0.0,0.0,2025-Jan-30-21:47:25.979998
0.8981869914926421,10046,10,1,1,1,0,1.4,0.0,2025-Jan-30-21:47:26.097959
1.1625867659373892,10047,5,1,1,0,-1,0.0,0.0,2025-Jan-30-21:47:26.190563
1.0757742179740988,10048,9,1,1,0,0,0.0,0.0,2025-Jan-30-21:47:26.236036
1.1757506411462284,10049,9,1,0,0,0,0.0,0.0,2025-Jan-30-21:47:26.297204
0.7207724113867233,10050,4,1,0,1,0,0.5,0.0,2025-Jan-30-21:47:26.360893
1.1757506573921237,10051,8,1,0,1,0,0.8,0.0,2025-Jan-30-21:47:26.416684
0.7569364604146629,10052,6,1,0,-1,0,0.0,0.0,2025-Jan-30-21:47:26.476342
1.019005674961166,10053,8,1,1,0,1,0.0,0.4,2025-Jan-30-21:47:26.525649
1.1625992753201575,10054,9,1,1,1,-1,1.7,0.0,2025-Jan-30-21:47:26.608355
1.0757730515436075,10055,6,1,1,0,1,0.0,0.7,2025-Jan-30-21:47:26.664316
0.7207724277510907,10056,5,1,0,-1,0,0.0,0.0,2025-Jan-30-21:47:26.708565
1.0708934980940992,10057,10,1,0,-1,0,0.0,0.0,2025-Jan-30-21:47:26.769842
1.0757742179736964,10058,10,1,1,0,0,0.0,0.0,2025-Jan-30-21:47:26.813758
1.1241434980757945,10059,8,1,0,0,-1,0.0,0.0,2025-Jan-30-21:47:26.878387
0.9486904262714438,10060,3,1,1,0,1,0.0,1.8,2025-Jan-30-21:47:26.971418
1.0757730648283506,10061,6,1,1,0,0,0.0,0.0,2025-Jan-30-21:47:27.046675
1.0757730648283506,10062,6,1,1,0,0,0.0,0.0,2025-Jan-30-21:47:27.117618
1.075774221135453,10063,10,1,1,0,-1,0.0,0.0,2025-Jan-30-21:47:27.187779
1.0757509786022807,10064,7,1,1,0,-1,0.0,0.0,2025-Jan-30-21:47:27.235225
0.8920265506608513,10065,1,1,1,1,1,0.4,1.4,2025-Jan-30-21:47:27.309631
1.033250012509093,10066,10,1,1,1,-1,0.3,0.0,2025-Jan-30-21:47:27.356752
1.0757509770459617,10067,7,1,1,0,0,0.0,0.0,2025-Jan-30-21:47:27.403089
1.1757506670483657,10068,10,1,0,0,-1,0.0,0.0,2025-Jan-30-21:47:27.459816
0.7207724115230508,10069,5,1,0,1,0,1.2,0.0,2025-Jan-30-21:47:27.517083
0.9486974902315591,10070,5,1,1,-1,1,0.0,1.4,2025-Jan-30-21:47:27.592547
1.0835746637589398,10071,1,1,1,-1,1,0.0,0.2,2025-Jan-30-21:47:27.651470
1.0757509770459617,10072,7,1,1,0,0,0.0,0.0,2025-Jan-30-21:47:27.696096
0.9487345115951942,10073,4,1,1,1,1,0.6,1.0,2025-Jan-30-21:47:27.773854
1.376198521364076,10074,0,1,1,1,1,0.5,0.8,2025-Jan-30-21:47:27.827488
1.047395907932521,10075,3,1,1,1,1,0.1,0.1,2025-Jan-30-21:47:27.871540
0.8920334186894577,10076,8,1,1,1,1,0.4,1.2,2025-Jan-30-21:47:27.967833
1.0757742179736964,10077,10,1,1,0,0,0.0,0.0,2025-Jan-30-21:47:28.042339
1.2057564061623827,10078,0,1,0,0,0,0.0,0.0,2025-Jan-30-21:47:28.132523
1.0757509626245971,10079,5,1,1,1,0,1.9,0.0,2025-Jan-30-21:47:28.206755
1.306116617871282,10080,0,1,1,1,1,0.9,1.9,2025-Jan-30-21:47:28.290220
1.2777765215733323,10081,0,1,1,1,1,1.1,1.1,2025-Jan-30-21:47:28.372285
1.061595256206128,10082,9,1,1,1,1,1.6,0.1,2025-Jan-30-21:47:28.426231
0.9907240120124833,10083,10,1,1,1,1,0.6,0.1,2025-Jan-30-21:47:28.483151
1.1757506411834284,10084,8,1,0,0,0,0.0,0.0,2025-Jan-30-21:47:28.539069
1.2057564061623827,10085,0,1,0,0,0,0.0,0.0,2025-Jan-30-21:47:28.597114
0.7494695558329538,10086,6,1,0,-1,-1,0.0,0.0,2025-Jan-30-21:47:28.656631
0.7494695558329538,10087,6,1,0,-1,-1,0.0,0.0,2025-Jan-30-21:47:28.715345
1.5324024530902798,10088,0,1,1,1,1,0.1,0.1,2025-Jan-30-21:47:28.770218
1.418994255832887,10089,0,1,1,1,1,0.9,0.1,2025-Jan-30-21:47:28.825403
1.2057564061623827,10090,0,1,0,0,0,0.0,0.0,2025-Jan-30-21:47:28.883138
1.4755968655211904,10091,0,1,1,1,1,0.1,0.5,2025-Jan-30-21:47:28.940109
1.1757506630284849,10092,8,1,0,1,0,0.5,0.0,2025-Jan-30-21:47:29.021003
1.5607570462257478,10093,0,1,1,0,0,0.0,0.0,2025-Jan-30-21:47:29.112384
1.004791548621308,10094,9,1,1,1,1,1.8,0.5,2025-Jan-30-21:47:29.191885
1.4331735034796793,10095,0,1,1,1,0,0.9,0.0,2025-Jan-30-21:47:29.251191
1.2057564061623827,10096,0,1,0,0,0,0.0,0.0,2025-Jan-30-21:47:29.308343
0.9198434063336048,10097,10,1,1,1,0,1.1,0.0,2025-Jan-30-21:47:29.356357
0.9056666670146402,10098,10,1,1,1,1,1.2,1.4,2025-Jan-30-21:47:29.545410
1.0757742179740988,10099,9,1,1,0,0,0.0,0.0,2025-Jan-30-21:47:29.593922
1.1625867673436139,10100,5,1,1,-1,-1,0.0,0.0,2025-Jan-30-21:47:29.653970
1.5324024530902798,10101,0,1,1,1,1,0.1,0.1,2025-Jan-30-21:47:29.709645
1.2057564061623827,10102,0,1,0,0,0,0.0,0.0,2025-Jan-30-21:47:29.772303
1.2784138401304301,10103,0,1,0,1,-1,0.1,0.0,2025-Jan-30-21:47:29.861420
1.4471413491723384,10104,0,1,1,1,1,0.1,0.7,2025-Jan-30-21:47:29.927844
1.0757730648283506,10105,6,1,1,0,0,0.0,0.0,2025-Jan-30-21:47:29.986268
0.5937237018800123,10106,4,1,0,1,1,0.1,1.6,2025-Jan-30-21:47:30.107154
1.047395907932521,10107,3,1,1,1,1,0.1,0.1,2025-Jan-30-21:47:30.183713
1.2057564061623827,10108,0,1,0,0,0,0.0,0.0,2025-Jan-30-21:47:30.241897
1.1915812448205214,10109,0,1,0,1,0,0.1,0.0,2025-Jan-30-21:47:30.298407
1.0047644309021901,10110,5,1,1,0,1,0.0,0.5,2025-Jan-30-21:47:30.345607
0.7569364604146629,10111,6,1,0,-1,0,0.0,0.0,2025-Jan-30-21:47:30.403585
0.9479212551796727,10112,2,1,1,1,1,0.1,0.8,2025-Jan-30-21:47:30.448291
0.8981856084053332,10113,6,1,1,1,-1,1.7,0.0,2025-Jan-30-21:47:30.523078
1.2057564061623827,10114,0,1,0,0,0,0.0,0.0,2025-Jan-30-21:47:30.578797
1.4195266863042368,10115,0,1,1,1,1,0.1,1.7,2025-Jan-30-21:47:30.665491
1.4195351894476502,10116,0,1,1,1,1,0.1,1.2,2025-Jan-30-21:47:30.745198
0.9907169152855259,10117,1,1,1,1,1,0.5,0.1,2025-Jan-30-21:47:30.790418
1.0332109832767373,10118,9,1,1,1,1,1.1,0.3,2025-Jan-30-21:47:30.850183
0.9487277265175135,10119,4,1,1,1,1,0.3,1.4,2025-Jan-30-21:47:30.932782
1.2057564061623827,10120,0,1,0,0,0,0.0,0.0,2025-Jan-30-21:47:31.010209
1.3770057618657314,10121,0,1,1,1,1,0.4,1.4,2025-Jan-30-21:47:31.126991
1.0615755980398909,10122,7,1,1,1,1,0.1,0.5,2025-Jan-30-21:47:31.206223
1.0190733970230317,10123,2,1,1,1,0,0.4,0.0,2025-Jan-30-21:47:31.251598
1.3203016256314624,10124,0,1,1,1,1,0.8,1.4,2025-Jan-30-21:47:31.332272
1.0615712471383913,10125,5,1,1,1,1,0.1,0.1,2025-Jan-30-21:47:31.391290
0.720770503000503,10126,1,1,0,0,0,0.0,0.0,2025-Jan-30-21:47:31.436569
1.447198280864358,10127,0,1,1,1,1,0.2,0.6,2025-Jan-30-21:47:31.495892
0.9807505513140943,10128,3,1,1,-1,1,0.0,1.3,2025-Jan-30-21:47:31.581287
1.0615755983533863,10129,7,1,1,1,1,0.1,1.0,2025-Jan-30-21:47:31.639167
1.5827439884792591,10130,0,1,1,-1,1,0.0,0.1,2025-Jan-30-21:47:31.720291
1.1241434980757994,10131,9,1,0,0,-1,0.0,0.0,2025-Jan-30-21:47:31.782760
0.8075973466634223,10132,5,1,0,-1,-1,0.0,0.0,2025-Jan-30-21:47:31.840109
1.0615996675245682,10133,10,1,1,1,1,0.1,0.4,2025-Jan-30-21:47:31.897582
0.9056666801341634,10134,10,1,1,1,0,1.2,0.0,2025-Jan-30-21:47:31.941840
0.8636724568119539,10135,1,1,1,1,1,0.6,1.6,2025-Jan-30-21:47:32.054920
1.0474195631731575,10136,2,1,1,1,1,0.1,0.1,2025-Jan-30-21:47:32.137799
0.9620669152667874,10137,5,1,1,1,1,1.4,0.8,2025-Jan-30-21:47:32.210321
1.2057564061623827,10138,0,1,0,0,0,0.0,0.0,2025-Jan-30-21:47:32.267331
0.720772411210078,10139,4,1,0,1,0,1.9,0.0,2025-Jan-30-21:47:32.326775
0.8437667699124402,10140,2,1,0,-1,-1,0.0,0.0,2025-Jan-30-21:47:32.399987
1.2561182701678546,10141,0,1,1,1,1,1.8,1.3,2025-Jan-30-21:47:32.504591
1.047382734113764,10142,5,1,1,1,1,0.1,0.2,2025-Jan-30-21:47:32.560055
1.019074865454288,10143,10,1,1,1,1,0.4,0.1,2025-Jan-30-21:47:32.620846
1.2057564061623827,10144,0,1,0,0,0,0.0,0.0,2025-Jan-30-21:47:32.676088
1.0757711430969912,10145,1,1,1,0,0,0.0,0.0,2025-Jan-30-21:47:32.722245
1.0332203471360177,10146,3,1,1,1,1,0.2,0.1,2025-Jan-30-21:47:32.766420
0.9487362112862381,10147,4,1,1,1,1,0.6,0.9,2025-Jan-30-21:47:32.845005
1.061594141000172,10148,4,1,1,1,1,0.1,0.1,2025-Jan-30-21:47:32.900545
1.5607570462257478,10149,0,1,1,0,0,0.0,0.0,2025-Jan-30-21:47:32.971637
1.2057564061623827,10150,0,1,0,0,0,0.0,0.0,2025-Jan-30-21:47:33.061658
1.4613735017550162,10151,0,1,1,1,1,0.1,0.6,2025-Jan-30-21:47:33.150241
0.8981882721736677,10152,10,1,1,1,1,1.8,0.6,2025-Jan-30-21:47:33.250964
0.7207724247317727,10153,6,1,0,0,0,0.0,0.0,2025-Jan-30-21:47:33.296005
1.2057564061623827,10154,0,1,0,0,0,0.0,0.0,2025-Jan-30-21:47:33.497761
1.2057564061623827,10155,0,1,0,0,0,0.0,0.0,2025-Jan-30-21:47:33.554761
1.2057564061623827,10156,0,1,0,0,0,0.0,0.0,2025-Jan-30-21:47:33.611522
1.1757506586818585,10157,10,1,0,1,0,1.3,0.0,2025-Jan-30-21:47:33.676347
0.948196241601756,10158,10,1,1,1,1,0.9,1.6,2025-Jan-30-21:47:33.733927
0.8981866566653204,10159,10,1,1,1,1,1.3,1.9,2025-Jan-30-21:47:33.813105
1.0473827341705,10160,5,1,1,1,1,0.9,0.2,2025-Jan-30-21:47:33.869948
1.6475900235901046,10161,0,1,1,0,-1,0.0,0.0,2025-Jan-30-21:47:33.963548
0.7207724245866639,10162,2,1,0,0,0,0.0,0.0,2025-Jan-30-21:47:34.056347
0.593718636406461,10163,4,1,0,1,1,0.1,1.9,2025-Jan-30-21:47:34.176355
0.7065978082866218,10164,2,1,0,1,0,0.1,0.0,2025-Jan-30-21:47:34.223411
0.7207724113718842,10165,4,1,0,1,0,0.1,0.0,2025-Jan-30-21:47:34.280719
0.9621616719738548,10166,2,1,1,1,1,0.1,0.7,2025-Jan-30-21:47:34.326211
0.821103824781589,10167,3,1,1,1,1,0.9,1.9,2025-Jan-30-21:47:34.401442
1.2057564061623827,10168,0,1,0,0,0,0.0,0.0,2025-Jan-30-21:47:34.457089
0.7207724247317728,10169,4,1,0,0,0,0.0,0.0,2025-Jan-30-21:47:34.503505
0.9487362111973688,10170,4,1,1,1,1,0.1,0.9,2025-Jan-30-21:47:34.582935
1.162586751406762,10171,5,1,1,1,-1,1.9,0.0,2025-Jan-30-21:47:34.665504
1.4471413491723384,10172,0,1,1,1,1,0.1,0.7,2025-Jan-30-21:47:34.723290
1.0189793339804858,10173,5,1,1,0,1,0.0,0.4,2025-Jan-30-21:47:34.767395
0.720770503000503,10174,1,1,0,0,0,0.0,0.0,2025-Jan-30-21:47:34.812232
0.9486886633815196,10175,3,1,1,0,1,0.0,1.9,2025-Jan-30-21:47:34.885184
0.5937186490196917,10176,5,1,0,0,1,0.0,1.9,2025-Jan-30-21:47:34.979824
1.4614607125056789,10177,0,1,1,1,1,0.3,0.4,2025-Jan-30-21:47:35.072455
0.8981517771394208,10178,7,1,1,1,1,1.3,0.1,2025-Jan-30-21:47:35.175753
1.0757509770461597,10179,5,1,1,0,0,0.0,0.0,2025-Jan-30-21:47:35.221492
1.2057564061623827,10180,0,1,0,0,0,0.0,0.0,2025-Jan-30-21:47:35.280674
1.2925893835362965,10181,0,1,0,0,-1,0.0,0.0,2025-Jan-30-21:47:35.363856
1.2057564061623827,10182,0,1,0,0,0,0.0,0.0,2025-Jan-30-21:47:35.418945
0.9623054147958227,10183,2,1,1,1,1,0.4,0.4,2025-Jan-30-21:47:35.466958
1.04742494624815,10184,10,1,1,1,-1,0.2,0.0,2025-Jan-30-21:47:35.511232
1.5324024530902798,10185,0,1,1,1,1,0.1,0.1,2025-Jan-30-21:47:35.567261
1.2057564061623827,10186,0,1,0,0,0,0.0,0.0,2025-Jan-30-21:47:35.622559
1.0048560998423954,10187,3,1,1,1,1,0.3,0.2,2025-Jan-30-21:47:35.667723
0.7207724244414657,10188,3,1,0,0,0,0.0,0.0,2025-Jan-30-21:47:35.712383
0.919841256868153,10189,6,1,1,1,1,1.1,1.5,2025-Jan-30-21:47:35.766566
1.0615984352779722,10190,6,1,1,1,1,0.1,0.7,2025-Jan-30-21:47:35.821924
1.5827439884792591,10191,0,1,1,-1,1,0.0,0.1,2025-Jan-30-21:47:35.901795
0.9056644418917567,10192,6,1,1,1,0,1.2,0.0,2025-Jan-30-21:47:35.957087
1.320293149429043,10193,0,1,1,1,1,0.8,1.9,2025-Jan-30-21:47:36.086410
1.0615755983533863,10194,7,1,1,1,1,0.1,1.0,2025-Jan-30-21:47:36.173505
0.9765190900135068,10195,7,1,1,1,1,0.7,1.4,2025-Jan-30-21:47:36.230769
0.7711370719876921,10196,2,1,1,1,1,1.9,1.9,2025-Jan-30-21:47:36.328993
1.5324024530902798,10197,0,1,1,1,1,0.1,0.1,2025-Jan-30-21:47:36.385338
1.2057564061623827,10198,0,1,0,0,0,0.0,0.0,2025-Jan-30-21:47:36.441615
1.3831631357888023,10199,0,1,1,1,0,1.9,0.0,2025-Jan-30-21:47:36.520669
1.320293149429043,10200,0,1,1,1,1,0.8,1.9,2025-Jan-30-21:47:36.600640
1.2057564061623827,10201,0,1,0,0,0,0.0,0.0,2025-Jan-30-21:47:36.658356
1.0615952561174982,10202,9,1,1,1,1,0.4,0.1,2025-Jan-30-21:47:36.715881
0.9765465382443815,10203,6,1,1,1,1,0.7,0.5,2025-Jan-30-21:47:36.770173
1.2057564061623827,10204,0,1,0,0,0,0.0,0.0,2025-Jan-30-21:47:36.826477
1.5607570462257478,10205,0,1,1,0,0,0.0,0.0,2025-Jan-30-21:47:36.882434
1.0474236165524637,10206,6,1,1,1,1,0.2,0.7,2025-Jan-30-21:47:36.937788
0.7494695558329538,10207,6,1,0,-1,-1,0.0,0.0,2025-Jan-30-21:47:37.017200
1.061594141000172,10208,4,1,1,1,1,0.1,0.1,2025-Jan-30-21:47:37.114830
1.5607570462257478,10209,0,1,1,0,0,0.0,0.0,2025-Jan-30-21:47:37.191772
0.8075973467942734,10210,4,1,0,-1,-1,0.0,0.0,2025-Jan-30-21:47:37.252706
0.7207724245866639,10211,2,1,0,0,0,0.0,0.0,2025-Jan-30-21:47:37.298079
0.7569364468662557,10212,6,1,0,-1,1,0.0,1.8,2025-Jan-30-21:47:37.382473
0.8981885972941742,10213,10,1,1,1,1,1.9,0.7,2025-Jan-30-21:47:37.464652
1.0757711430969912,10214,1,1,1,0,0,0.0,0.0,2025-Jan-30-21:47:37.509581
1.2057564061623827,10215,0,1,0,0,0,0.0,0.0,2025-Jan-30-21:47:37.567712
1.106490133937312,10216,0,1,0,1,1,0.4,0.3,2025-Jan-30-21:47:37.623464
1.5324024530902798,10217,0,1,1,1,1,0.1,0.1,2025-Jan-30-21:47:37.684483
0.8981869784273931,10218,10,1,1,1,1,1.4,1.9,2025-Jan-30-21:47:37.765260
1.075774204561653,10219,9,1,1,1,0,1.3,0.0,2025-Jan-30-21:47:37.819668
0.9765465381543253,10220,6,1,1,1,1,0.7,0.9,2025-Jan-30-21:47:37.873964
1.5324024530902798,10221,0,1,1,1,1,0.1,0.1,2025-Jan-30-21:47:37.928557
1.2057564061623827,10222,0,1,0,0,0,0.0,0.0,2025-Jan-30-21:47:37.996949
0.9486886494382587,10223,5,1,1,1,1,0.1,1.9,2025-Jan-30-21:47:38.114110
0.9345533549821949,10224,2,1,1,1,1,0.1,1.4,2025-Jan-30-21:47:38.210985
0.7207724113718842,10225,4,1,0,1,0,0.1,0.0,2025-Jan-30-21:47:38.388288
0.7927493589981153,10226,3,1,1,1,1,1.1,1.9,2025-Jan-30-21:47:38.463226
1.391188113080764,10227,0,1,1,1,1,0.3,1.0,2025-Jan-30-21:47:38.542637
0.8981526327097681,10228,7,1,1,1,1,1.7,0.1,2025-Jan-30-21:47:38.620277
1.2057564061623827,10229,0,1,0,0,0,0.0,0.0,2025-Jan-30-21:47:38.680174
0.7207724247317728,10230,4,1,0,0,0,0.0,0.0,2025-Jan-30-21:47:38.725394
0.7207724245866639,10231,2,1,0,0,0,0.0,0.0,2025-Jan-30-21:47:38.770363
1.0615941403982316,10232,4,1,1,1,1,1.8,0.1,2025-Jan-30-21:47:38.824407
1.4755968655211904,10233,0,1,1,1,1,0.1,0.5,2025-Jan-30-21:47:38.880548
1.2057564061623827,10234,0,1,0,0,0,0.0,0.0,2025-Jan-30-21:47:38.934884
0.593720339997871,10235,5,1,0,-1,1,0.0,1.8,2025-Jan-30-21:47:39.033166
1.0332109834742162,10236,9,1,1,1,1,1.2,0.3,2025-Jan-30-21:47:39.120211
0.9487192891316932,10237,2,1,1,0,1,0.0,1.9,2025-Jan-30-21:47:39.217956
1.4615238114932394,10238,0,1,1,1,1,0.6,0.1,2025-Jan-30-21:47:39.276774
0.9345562029858906,10239,1,1,1,1,1,0.1,1.1,2025-Jan-30-21:47:39.354003
1.2419215143445705,10240,0,1,0,-1,0,0.0,0.0,2025-Jan-30-21:47:39.432130
1.2057564061623827,10241,0,1,0,0,0,0.0,0.0,2025-Jan-30-21:47:39.491561
1.2057564061623827,10242,0,1,0,0,0,0.0,0.0,2025-Jan-30-21:47:39.548849
1.5607570462257478,10243,0,1,1,0,0,0.0,0.0,2025-Jan-30-21:47:39.604672
1.1058983900828392,10244,8,1,1,1,-1,0.4,0.0,2025-Jan-30-21:47:39.663739
1.5324024530902798,10245,0,1,1,1,1,0.1,0.1,2025-Jan-30-21:47:39.722049
1.2057564061623827,10246,0,1,0,0,0,0.0,0.0,2025-Jan-30-21:47:39.777251
0.7207724244414657,10247,3,1,0,0,0,0.0,0.0,2025-Jan-30-21:47:39.822274
0.7207724245866639,10248,2,1,0,0,0,0.0,0.0,2025-Jan-30-21:47:39.866268
1.0757509770461597,10249,5,1,1,0,0,0.0,0.0,2025-Jan-30-21:47:39.910469
0.9487328131453034,10250,4,1,1,1,1,1.1,1.1,2025-Jan-30-21:47:40.010129
1.0615984352028405,10251,6,1,1,1,1,0.1,0.1,2025-Jan-30-21:47:40.093571
1.2057564061623827,10252,0,1,0,0,0,0.0,0.0,2025-Jan-30-21:47:40.178048
1.25610865276287,10253,0,1,1,1,1,1.9,1.9,2025-Jan-30-21:47:40.293253
0.8353175639085729,10254,1,1,1,1,1,0.8,1.8,2025-Jan-30-21:47:40.380280
0.8778566137584987,10255,8,1,1,1,1,0.5,1.3,2025-Jan-30-21:47:40.465299
0.9486957068716356,10256,5,1,1,1,1,1.9,1.5,2025-Jan-30-21:47:40.559517
1.061594141000172,10257,4,1,1,1,1,0.1,0.1,2025-Jan-30-21:47:40.623205
1.2057564061623827,10258,0,1,0,0,0,0.0,0.0,2025-Jan-30-21:47:40.687472
0.5431855865599827,10259,2,1,0,1,0,1.9,0.0,2025-Jan-30-21:47:40.773522
1.2057564061623827,10260,0,1,0,0,0,0.0,0.0,2025-Jan-30-21:47:40.832383
1.2057564061623827,10261,0,1,0,0,0,0.0,0.0,2025-Jan-30-21:47:40.890324
0.8069798993613253,10262,2,1,1,1,1,1.0,1.1,2025-Jan-30-21:47:40.983713
0.9340175277794076,10263,8,1,1,1,1,0.9,0.1,2025-Jan-30-21:47:41.068030
0.8211527167869848,10264,2,1,1,1,1,0.9,1.3,2025-Jan-30-21:47:41.181813
1.2057564061623827,10265,0,1,0,0,0,0.0,0.0,2025-Jan-30-21:47:41.245466
0.5937355876542858,10266,5,1,0,-1,1,0.0,0.9,2025-Jan-30-21:47:41.327383
0.9487045542038082,10267,5,1,1,1,1,0.8,1.0,2025-Jan-30-21:47:41.410168
0.8437667697874734,10268,3,1,0,-1,-1,0.0,0.0,2025-Jan-30-21:47:41.483365
1.019057117791978,10269,2,1,1,1,1,0.2,0.2,2025-Jan-30-21:47:41.529248
1.2057564061623827,10270,0,1,0,0,0,0.0,0.0,2025-Jan-30-21:47:41.585579
1.2057564061623827,10271,0,1,0,0,0,0.0,0.0,2025-Jan-30-21:47:41.641616
1.061575598261145,10272,7,1,1,1,1,0.1,1.9,2025-Jan-30-21:47:41.698511
0.898187623971086,10273,10,1,1,1,1,1.6,0.4,2025-Jan-30-21:47:41.777097
1.5607570462257478,10274,0,1,1,0,0,0.0,0.0,2025-Jan-30-21:47:41.834039
1.489875857842165,10275,0,1,1,1,1,0.4,0.1,2025-Jan-30-21:47:41.890113
1.2057564061623827,10276,0,1,0,0,0,0.0,0.0,2025-Jan-30-21:47:41.963036
1.1915769506311984,10277,0,1,0,0,1,0.0,0.1,2025-Jan-30-21:47:42.059646
0.9623705212044987,10278,6,1,1,1,1,0.8,1.5,2025-Jan-30-21:47:42.144855
1.0189793193155912,10279,5,1,1,1,1,0.8,0.4,2025-Jan-30-21:47:42.225954
0.9487045542764302,10280,5,1,1,1,1,0.5,1.0,2025-Jan-30-21:47:42.308930
1.5182271171271227,10281,0,1,1,1,1,0.2,0.1,2025-Jan-30-21:47:42.368200
1.2057564061623827,10282,0,1,0,0,0,0.0,0.0,2025-Jan-30-21:47:42.425937
0.9345449070068588,10283,2,1,1,1,1,0.1,1.9,2025-Jan-30-21:47:42.498665
0.9345449070068588,10284,2,1,1,1,1,0.1,1.9,2025-Jan-30-21:47:42.571867
1.0615712471383913,10285,5,1,1,1,1,0.1,0.1,2025-Jan-30-21:47:42.626967
0.8069266960103918,10286,3,1,1,1,1,1.0,1.9,2025-Jan-30-21:47:42.705932
0.8981522044002036,10287,7,1,1,1,1,1.5,1.0,2025-Jan-30-21:47:42.903061
1.2057564061623827,10288,0,1,0,0,0,0.0,0.0,2025-Jan-30-21:47:42.982698
1.2057564061623827,10289,0,1,0,0,0,0.0,0.0,2025-Jan-30-21:47:43.064829
0.9760506821042699,10290,2,1,1,-1,1,0.0,1.0,2025-Jan-30-21:47:43.185284
1.1625979704344478,10291,4,1,1,1,-1,0.1,0.0,2025-Jan-30-21:47:43.271200
1.162597970212941,10292,4,1,1,1,-1,1.8,0.0,2025-Jan-30-21:47:43.352998
1.4195403078845485,10293,0,1,1,1,1,0.1,0.9,2025-Jan-30-21:47:43.434234
1.2057564061623827,10294,0,1,0,0,0,0.0,0.0,2025-Jan-30-21:47:43.492421
0.5937186491865596,10295,4,1,0,0,1,0.0,1.9,2025-Jan-30-21:47:43.566706
0.8981522044119737,10296,7,1,1,1,1,1.5,0.1,2025-Jan-30-21:47:43.645174
1.5182142342673042,10297,0,1,1,1,1,0.1,0.2,2025-Jan-30-21:47:43.700848
0.9486904262714438,10298,3,1,1,0,1,0.0,1.8,2025-Jan-30-21:47:43.775980
1.4195351894476502,10299,0,1,1,1,1,0.1,1.2,2025-Jan-30-21:47:43.856220
0.9487289582411372,10300,1,1,1,0,1,0.0,1.2,2025-Jan-30-21:47:43.929562
0.7207724245866639,10301,2,1,0,0,0,0.0,0.0,2025-Jan-30-21:47:43.993209
1.0787146133654009,10302,0,1,0,0,1,0.0,0.9,2025-Jan-30-21:47:44.101422
1.5607570462257478,10303,0,1,1,0,0,0.0,0.0,2025-Jan-30-21:47:44.181086
1.04742494624815,10304,10,1,1,1,-1,0.2,0.0,2025-Jan-30-21:47:44.228430
1.047382734113764,10305,5,1,1,1,1,0.1,0.2,2025-Jan-30-21:47:44.283956
1.2057564061623827,10306,0,1,0,0,0,0.0,0.0,2025-Jan-30-21:47:44.339455
0.9056000257354421,10307,3,1,1,1,1,0.9,0.3,2025-Jan-30-21:47:44.384389
0.7207724244414657,10308,3,1,0,0,0,0.0,0.0,2025-Jan-30-21:47:44.429141
1.0757509626640993,10309,5,1,1,1,0,1.4,0.0,2025-Jan-30-21:47:44.484115
0.7711029357275163,10310,3,1,1,1,1,1.8,1.3,2025-Jan-30-21:47:44.581737
1.0615984352930612,10311,6,1,1,1,1,0.1,0.6,2025-Jan-30-21:47:44.636124
1.0757730648283506,10312,4,1,1,0,0,0.0,0.0,2025-Jan-30-21:47:44.681418
0.7711340392680203,10313,1,1,1,1,1,1.9,1.9,2025-Jan-30-21:47:44.779570
1.256108118750246,10314,0,1,1,1,1,1.8,1.9,2025-Jan-30-21:47:44.882937
1.0473827339662043,10315,5,1,1,1,1,0.2,0.2,2025-Jan-30-21:47:44.939060
0.9763369459191767,10316,9,1,1,1,1,0.8,0.7,2025-Jan-30-21:47:45.025149
1.5324024530902798,10317,0,1,1,1,1,0.1,0.1,2025-Jan-30-21:47:45.116224
1.2057564061623827,10318,0,1,0,0,0,0.0,0.0,2025-Jan-30-21:47:45.197663
1.2561114969003502,10319,0,1,1,1,1,1.8,1.7,2025-Jan-30-21:47:45.307890
0.8486946880509739,10320,2,1,1,1,1,0.8,0.8,2025-Jan-30-21:47:45.354757
1.320293149429043,10321,0,1,1,1,1,0.8,1.9,2025-Jan-30-21:47:45.434396
0.8913422729246196,10322,2,1,1,1,1,0.7,0.6,2025-Jan-30-21:47:45.480388
0.9765452257977664,10323,8,1,1,1,1,0.6,0.1,2025-Jan-30-21:47:45.524855
0.720770503000503,10324,1,1,0,0,0,0.0,0.0,2025-Jan-30-21:47:45.568497
1.0048686102640563,10325,3,1,1,1,1,0.4,0.1,2025-Jan-30-21:47:45.613419
0.8352913345616061,10326,3,1,1,1,1,0.8,1.3,2025-Jan-30-21:47:45.688688
0.7494695558329538,10327,6,1,0,-1,-1,0.0,0.0,2025-Jan-30-21:47:45.747201
1.5182142342673042,10328,0,1,1,1,1,0.1,0.2,2025-Jan-30-21:47:45.804603
1.5324024530902798,10329,0,1,1,1,1,0.1,0.1,2025-Jan-30-21:47:45.862787
1.2057564061623827,10330,0,1,0,0,0,0.0,0.0,2025-Jan-30-21:47:45.920203
1.2057564061623827,10331,0,1,0,0,0,0.0,0.0,2025-Jan-30-21:47:45.994812
0.7207724245865745,10332,5,1,0,0,0,0.0,0.0,2025-Jan-30-21:47:46.079396
0.8981526327097681,10333,7,1,1,1,1,1.7,0.1,2025-Jan-30-21:47:46.197242
1.5607570462257478,10334,0,1,1,0,0,0.0,0.0,2025-Jan-30-21:47:46.258861
1.2057564061623827,10335,0,1,0,0,0,0.0,0.0,2025-Jan-30-21:47:46.315392
1.2057564061623827,10336,0,1,0,0,0,0.0,0.0,2025-Jan-30-21:47:46.372249
1.5324024530902798,10337,0,1,1,1,1,0.1,0.1,2025-Jan-30-21:47:46.428481
0.9487199255198187,10338,9,1,1,1,1,0.9,1.9,2025-Jan-30-21:47:46.506569
0.9623705214044881,10339,6,1,1,1,1,0.8,0.2,2025-Jan-30-21:47:46.560198
0.9763082149160532,10340,5,1,1,1,1,0.6,0.7,2025-Jan-30-21:47:46.615352
0.9481943027804541,10341,6,1,1,1,1,0.9,0.4,2025-Jan-30-21:47:46.671223
0.7207724245866639,10342,2,1,0,0,0,0.0,0.0,2025-Jan-30-21:47:46.715866
0.9345133970800493,10343,3,1,1,1,1,0.1,1.9,2025-Jan-30-21:47:46.791131
1.0645226549800175,10344,0,1,0,1,1,0.1,1.9,2025-Jan-30-21:47:46.870882
1.061594141056356,10345,4,1,1,1,1,0.2,0.1,2025-Jan-30-21:47:46.926742
0.9486886492967542,10346,5,1,1,1,1,1.1,1.9,2025-Jan-30-21:47:47.026691
0.8981852814122663,10347,6,1,1,1,1,1.6,1.3,2025-Jan-30-21:47:47.143079
1.2057564061623827,10348,0,1,0,0,0,0.0,0.0,2025-Jan-30-21:47:47.202877
1.2057564061623827,10349,0,1,0,0,0,0.0,0.0,2025-Jan-30-21:47:47.263437
0.7207724245866639,10350,2,1,0,0,0,0.0,0.0,2025-Jan-30-21:47:47.308555
0.720772427896289,10351,4,1,0,-1,0,0.0,0.0,2025-Jan-30-21:47:47.495926
1.162586751406762,10352,5,1,1,1,-1,1.9,0.0,2025-Jan-30-21:47:47.574202
1.2057564061623827,10353,0,1,0,0,0,0.0,0.0,2025-Jan-30-21:47:47.630020
1.2057564061623827,10354,0,1,0,0,0,0.0,0.0,2025-Jan-30-21:47:47.687635
0.6298929165193906,10355,2,1,0,-1,1,0.0,1.9,2025-Jan-30-21:47:47.776504
0.8914880248970901,10356,8,1,1,1,1,1.2,0.1,2025-Jan-30-21:47:47.822617
0.9345275298461859,10357,3,1,1,1,1,0.1,1.1,2025-Jan-30-21:47:47.895665
0.9486886633815196,10358,3,1,1,0,1,0.0,1.9,2025-Jan-30-21:47:47.993843
0.9487188045211835,10359,1,1,1,0,1,0.0,1.8,2025-Jan-30-21:47:48.091453
1.2057564061623827,10360,0,1,0,0,0,0.0,0.0,2025-Jan-30-21:47:48.176071
1.1625979839033573,10361,2,1,1,0,-1,0.0,0.0,2025-Jan-30-21:47:48.236895
1.2057564061623827,10362,0,1,0,0,0,0.0,0.0,2025-Jan-30-21:47:48.298698
1.5040515855729675,10363,0,1,1,1,1,0.3,0.1,2025-Jan-30-21:47:48.355495
1.1625992755092334,10364,9,1,1,1,-1,0.3,0.0,2025-Jan-30-21:47:48.433032
1.0615712471383913,10365,5,1,1,1,1,0.1,0.1,2025-Jan-30-21:47:48.486767
1.2057564061623827,10366,0,1,0,0,0,0.0,0.0,2025-Jan-30-21:47:48.542512
0.720772411462135,10367,4,1,0,1,0,0.6,0.0,2025-Jan-30-21:47:48.596886
0.77110489698936,10368,3,1,1,1,1,1.3,1.1,2025-Jan-30-21:47:48.694457
0.9620956608787006,10369,4,1,1,1,1,1.1,0.8,2025-Jan-30-21:47:48.749808
0.9487328129194914,10370,4,1,1,1,1,1.5,1.1,2025-Jan-30-21:47:48.828478
1.0474207571532244,10371,8,1,1,1,1,0.1,0.1,2025-Jan-30-21:47:48.872951
1.2057564061623827,10372,0,1,0,0,0,0.0,0.0,2025-Jan-30-21:47:48.928657
