Cost,Sim,Switch_State_Indx,Gen1_on,Gen2_on,Batt1_mode,Batt2_mode,Batt1_power_kW,Batt2_power_kW,Timestamp
1.0757509770459617,10373,7,1,1,0,0,0.0,0.0,2025-Jan-30-21:47:48.997286
0.5431846406993246,10374,6,1,0,1,1,1.6,1.8,2025-Jan-30-21:47:49.145545
0.720770503000503,10375,1,1,0,0,0,0.0,0.0,2025-Jan-30-21:47:49.203749
1.1757506892163803,10376,10,1,0,1,-1,0.4,0.0,2025-Jan-30-21:47:49.263057
0.7569364604146629,10377,6,1,0,-1,0,0.0,0.0,2025-Jan-30-21:47:49.324254
1.1085655951940978,10378,3,1,1,-1,0,0.0,0.0,2025-Jan-30-21:47:49.380254
0.6213354781593134,10379,5,1,0,-1,1,0.0,0.7,2025-Jan-30-21:47:49.425036
1.0281607168137357,10380,0,1,0,1,0,1.3,0.0,2025-Jan-30-21:47:49.505125
1.1625992920030483,10381,9,1,1,-1,-1,0.0,0.0,2025-Jan-30-21:47:49.561119
0.7065935173026259,10382,5,1,0,-1,1,0.0,0.1,2025-Jan-30-21:47:49.604183
0.9620964690939566,10383,9,1,1,-1,1,0.0,0.8,2025-Jan-30-21:47:49.649644
0.8981520046727328,10384,3,1,1,1,0,1.4,0.0,2025-Jan-30-21:47:49.728847
1.1119163928822093,10385,7,1,1,-1,-1,0.0,0.0,2025-Jan-30-21:47:49.792281
0.7569364633080932,10386,7,1,0,-1,-1,0.0,0.0,2025-Jan-30-21:47:49.854408
1.1757506670486992,10387,9,1,0,-1,0,0.0,0.0,2025-Jan-30-21:47:49.912409
0.7207724277510907,10388,5,1,0,-1,0,0.0,0.0,2025-Jan-30-21:47:49.978851
0.9850014124372704,10389,1,1,1,1,-1,1.5,0.0,2025-Jan-30-21:47:50.125791
0.7207724115486502,10390,4,1,0,1,0,0.4,0.0,2025-Jan-30-21:47:50.200487
1.1625979840341714,10391,4,1,1,0,-1,0.0,0.0,2025-Jan-30-21:47:50.257673
1.0190046737951342,10392,4,1,1,1,1,1.2,0.4,2025-Jan-30-21:47:50.311000
1.175750641146208,10393,10,1,0,0,0,0.0,0.0,2025-Jan-30-21:47:50.363661
0.7569364602754676,10394,2,1,0,-1,0,0.0,0.0,2025-Jan-30-21:47:50.419232
1.0708934980940992,10395,10,1,0,-1,0,0.0,0.0,2025-Jan-30-21:47:50.480850
0.720772411210078,10396,4,1,0,1,0,1.9,0.0,2025-Jan-30-21:47:50.536208
1.1085655952507665,10397,7,1,1,-1,0,0.0,0.0,2025-Jan-30-21:47:50.593646
0.8075973466634223,10398,5,1,0,-1,-1,0.0,0.0,2025-Jan-30-21:47:50.652178
1.0708934965243746,10399,10,1,0,-1,1,0.0,0.9,2025-Jan-30-21:47:50.932366
0.6300033554759421,10400,3,1,0,1,-1,1.5,0.0,2025-Jan-30-21:47:51.058699
1.2925893835362965,10401,0,1,0,0,-1,0.0,0.0,2025-Jan-30-21:47:51.181393
1.0047644308236314,10402,3,1,1,0,1,0.0,0.5,2025-Jan-30-21:47:51.227380
0.8075973438166071,10403,2,1,0,0,-1,0.0,0.0,2025-Jan-30-21:47:51.285303
0.9763932960508191,10404,2,1,1,1,1,0.1,0.6,2025-Jan-30-21:47:51.329799
1.0066619539125123,10405,2,1,1,1,-1,1.1,0.0,2025-Jan-30-21:47:51.389685
0.7207724114621342,10406,6,1,0,0,1,0.0,0.6,2025-Jan-30-21:47:51.445561
0.5937220246531681,10407,2,1,0,0,1,0.0,1.7,2025-Jan-30-21:47:51.519791
1.1085655952507665,10408,7,1,1,-1,0,0.0,0.0,2025-Jan-30-21:47:51.577081
0.706593513936321,10409,3,1,0,0,1,0.0,0.1,2025-Jan-30-21:47:51.622023
0.9487063414865716,10410,3,1,1,0,1,0.0,0.9,2025-Jan-30-21:47:51.695511
1.1757506704749998,10411,9,1,0,0,1,0.0,0.1,2025-Jan-30-21:47:51.751534
1.0757742178287177,10412,8,1,1,0,0,0.0,0.0,2025-Jan-30-21:47:51.796677
0.6782093271085119,10413,4,1,0,-1,1,0.0,0.3,2025-Jan-30-21:47:51.841709
1.0757509770459617,10414,7,1,1,0,0,0.0,0.0,2025-Jan-30-21:47:51.886157
1.5969221544039711,10415,0,1,1,-1,0,0.0,0.0,2025-Jan-30-21:47:51.990292
1.1119353369785046,10416,1,1,1,-1,0,0.0,0.0,2025-Jan-30-21:47:52.092092
0.7569364604146629,10417,6,1,0,-1,0,0.0,0.0,2025-Jan-30-21:47:52.177727
0.7207724245866639,10418,2,1,0,0,0,0.0,0.0,2025-Jan-30-21:47:52.221709
1.0757742178287177,10419,8,1,1,0,0,0.0,0.0,2025-Jan-30-21:47:52.269652
1.4699893263878079,10420,0,1,1,1,-1,1.3,0.0,2025-Jan-30-21:47:52.374703
1.1757506578212604,10421,10,1,0,1,0,1.0,0.0,2025-Jan-30-21:47:52.429455
1.1757506638666808,10422,9,1,0,1,1,0.5,0.1,2025-Jan-30-21:47:52.483661
1.68375869634143,10423,0,1,1,-1,-1,0.0,0.0,2025-Jan-30-21:47:52.584023
0.5431846406993246,10424,6,1,0,1,1,1.6,1.8,2025-Jan-30-21:47:52.662574
0.7207724247317728,10425,4,1,0,0,0,0.0,0.0,2025-Jan-30-21:47:52.706072
0.5790172578514877,10426,7,1,0,1,-1,1.0,0.0,2025-Jan-30-21:47:52.750318
0.7569364604146629,10427,6,1,0,-1,0,0.0,0.0,2025-Jan-30-21:47:52.806265
0.720772427896289,10428,4,1,0,-1,0,0.0,0.0,2025-Jan-30-21:47:52.850005
0.5937321893889627,10429,5,1,0,-1,1,0.0,1.1,2025-Jan-30-21:47:52.923305
0.7207724245865745,10430,5,1,0,0,0,0.0,0.0,2025-Jan-30-21:47:52.985032
0.7207724245865745,10431,7,1,0,0,0,0.0,0.0,2025-Jan-30-21:47:53.052302
0.7207724245866639,10432,2,1,0,0,0,0.0,0.0,2025-Jan-30-21:47:53.129453
0.7207724244414657,10433,3,1,0,0,0,0.0,0.0,2025-Jan-30-21:47:53.195991
0.5431840356703166,10434,3,1,0,1,0,1.4,0.0,2025-Jan-30-21:47:53.270195
0.7207724245865745,10435,5,1,0,0,0,0.0,0.0,2025-Jan-30-21:47:53.315666
1.2057564061623827,10436,0,1,0,0,0,0.0,0.0,2025-Jan-30-21:47:53.370485
0.7569364602753836,10437,7,1,0,-1,0,0.0,0.0,2025-Jan-30-21:47:53.437227
0.7207724277510907,10438,5,1,0,-1,0,0.0,0.0,2025-Jan-30-21:47:53.479031
0.6300007723295036,10439,1,1,0,1,-1,1.5,0.0,2025-Jan-30-21:47:53.564088
0.720772411212689,10440,5,1,0,1,0,1.0,0.0,2025-Jan-30-21:47:53.619869
0.7207724244414657,10441,3,1,0,0,0,0.0,0.0,2025-Jan-30-21:47:53.664528
0.7207724244414657,10442,3,1,0,0,0,0.0,0.0,2025-Jan-30-21:47:53.708798
1.1757506411462284,10443,9,1,0,0,0,0.0,0.0,2025-Jan-30-21:47:53.764606
0.7207724245866639,10444,2,1,0,0,0,0.0,0.0,2025-Jan-30-21:47:53.809108
0.7207724245865745,10445,5,1,0,0,0,0.0,0.0,2025-Jan-30-21:47:53.853900
0.7207724244414657,10446,3,1,0,0,0,0.0,0.0,2025-Jan-30-21:47:53.897975
0.7569364604146629,10447,6,1,0,-1,0,0.0,0.0,2025-Jan-30-21:47:53.970676
0.720770503000503,10448,1,1,0,0,0,0.0,0.0,2025-Jan-30-21:47:54.045027
1.162586765871954,10449,3,1,1,0,-1,0.0,0.0,2025-Jan-30-21:47:54.146813
0.7137506327411989,10450,10,1,0,-1,1,0.0,0.1,2025-Jan-30-21:47:54.250136
1.1987674099951708,10451,2,1,1,-1,-1,0.0,0.0,2025-Jan-30-21:47:54.321968
0.6300030007733916,10452,3,1,0,1,-1,1.9,0.0,2025-Jan-30-21:47:54.410891
1.6475900235901046,10453,0,1,1,0,-1,0.0,0.0,2025-Jan-30-21:47:54.490473
1.2925893835362965,10454,0,1,0,0,-1,0.0,0.0,2025-Jan-30-21:47:54.568937
0.9763361148843991,10455,4,1,1,0,1,0.0,0.7,2025-Jan-30-21:47:54.614122
0.720770503000503,10456,1,1,0,0,0,0.0,0.0,2025-Jan-30-21:47:54.657936
0.6070950336216697,10457,5,1,0,0,1,0.0,0.8,2025-Jan-30-21:47:54.936991
0.7207724245866639,10458,2,1,0,0,0,0.0,0.0,2025-Jan-30-21:47:55.003466
0.7207724245865745,10459,7,1,0,0,0,0.0,0.0,2025-Jan-30-21:47:55.084687
0.7207724245866639,10460,2,1,0,0,0,0.0,0.0,2025-Jan-30-21:47:55.161903
0.7207724247317727,10461,6,1,0,0,0,0.0,0.0,2025-Jan-30-21:47:55.230996
0.7207724245866639,10462,2,1,0,0,0,0.0,0.0,2025-Jan-30-21:47:55.275720
1.1757506411834284,10463,8,1,0,0,0,0.0,0.0,2025-Jan-30-21:47:55.332547
0.6782093236285555,10464,5,1,0,0,1,0.0,0.3,2025-Jan-30-21:47:55.377118
1.070893498094094,10465,8,1,0,-1,0,0.0,0.0,2025-Jan-30-21:47:55.443466
1.078697596516042,10466,0,1,0,0,1,0.0,1.9,2025-Jan-30-21:47:55.524350
1.0757742178287177,10467,8,1,1,0,0,0.0,0.0,2025-Jan-30-21:47:55.569681
0.7207724247317728,10468,4,1,0,0,0,0.0,0.0,2025-Jan-30-21:47:55.614880
1.1757506411834284,10469,8,1,0,0,0,0.0,0.0,2025-Jan-30-21:47:55.671163
1.1915769506311984,10470,0,1,0,0,1,0.0,0.1,2025-Jan-30-21:47:55.728121
1.0757509769736244,10471,3,1,1,0,0,0.0,0.0,2025-Jan-30-21:47:55.773499
1.0331854395512798,10472,3,1,1,0,1,0.0,0.3,2025-Jan-30-21:47:55.819072
1.1757506670486992,10473,9,1,0,-1,0,0.0,0.0,2025-Jan-30-21:47:55.875234
1.1757506411462284,10474,9,1,0,0,0,0.0,0.0,2025-Jan-30-21:47:55.931137
0.720772427896289,10475,4,1,0,-1,0,0.0,0.0,2025-Jan-30-21:47:55.991049
0.7207724245865745,10476,5,1,0,0,0,0.0,0.0,2025-Jan-30-21:47:56.069068
1.0757730679928668,10477,4,1,1,-1,0,0.0,0.0,2025-Jan-30-21:47:56.147695
0.7065935174502529,10478,4,1,0,-1,1,0.0,0.1,2025-Jan-30-21:47:56.218344
1.175750641146208,10479,10,1,0,0,0,0.0,0.0,2025-Jan-30-21:47:56.274864
1.0757509770461597,10480,5,1,1,0,0,0.0,0.0,2025-Jan-30-21:47:56.320164
0.9487284336648374,10481,8,1,1,0,1,0.0,1.4,2025-Jan-30-21:47:56.394722
0.7207724245866639,10482,2,1,0,0,0,0.0,0.0,2025-Jan-30-21:47:56.442286
1.2419215143445705,10483,0,1,0,-1,0,0.0,0.0,2025-Jan-30-21:47:56.522221
1.1119353369785046,10484,1,1,1,-1,0,0.0,0.0,2025-Jan-30-21:47:56.578977
0.9486886494471649,10485,5,1,1,1,1,0.7,1.9,2025-Jan-30-21:47:56.657894
0.7569364604146629,10486,6,1,0,-1,0,0.0,0.0,2025-Jan-30-21:47:56.716147
1.1757506670486992,10487,9,1,0,-1,0,0.0,0.0,2025-Jan-30-21:47:56.772842
1.2057564061623827,10488,0,1,0,0,0,0.0,0.0,2025-Jan-30-21:47:56.828432
1.1119380980176448,10489,10,1,1,-1,-1,0.0,0.0,2025-Jan-30-21:47:56.885970
1.0757730648283506,10490,6,1,1,0,0,0.0,0.0,2025-Jan-30-21:47:56.931318
0.5937321726444641,10491,5,1,0,1,1,0.5,1.1,2025-Jan-30-21:47:57.042396
0.7083681222358739,10492,3,1,0,1,-1,0.7,0.0,2025-Jan-30-21:47:57.135245
1.111937103539876,10493,6,1,1,-1,-1,0.0,0.0,2025-Jan-30-21:47:57.213172
0.7569364602753836,10494,7,1,0,-1,0,0.0,0.0,2025-Jan-30-21:47:57.271705
1.0757730646832417,10495,2,1,1,0,0,0.0,0.0,2025-Jan-30-21:47:57.316152
1.2057564061623827,10496,0,1,0,0,0,0.0,0.0,2025-Jan-30-21:47:57.372553
1.1205478831063669,10497,0,1,0,0,1,0.0,0.6,2025-Jan-30-21:47:57.428859
1.2925893835362965,10498,0,1,0,0,-1,0.0,0.0,2025-Jan-30-21:47:57.508329
0.5431846406993246,10499,6,1,0,1,1,1.6,1.8,2025-Jan-30-21:47:57.589337
1.2057564061623827,10500,0,1,0,0,0,0.0,0.0,2025-Jan-30-21:47:57.646029
1.252116245170665,10501,8,1,0,1,-1,1.2,0.0,2025-Jan-30-21:47:57.708187
0.7569364604146629,10502,6,1,0,-1,0,0.0,0.0,2025-Jan-30-21:47:57.765881
0.7207724247317728,10503,4,1,0,0,0,0.0,0.0,2025-Jan-30-21:47:57.810674
0.7569364468746577,10504,6,1,0,-1,1,0.0,1.2,2025-Jan-30-21:47:57.891366
0.7207724116682485,10505,6,1,0,0,1,0.0,1.2,2025-Jan-30-21:47:57.957760
0.7207724245865745,10506,7,1,0,0,0,0.0,0.0,2025-Jan-30-21:47:58.045698
0.7207724247317728,10507,4,1,0,0,0,0.0,0.0,2025-Jan-30-21:47:58.134080
0.7207724245866639,10508,2,1,0,0,0,0.0,0.0,2025-Jan-30-21:47:58.207341
1.0757509621327603,10509,5,1,1,1,0,1.7,0.0,2025-Jan-30-21:47:58.263500
0.7207724245865745,10510,5,1,0,0,0,0.0,0.0,2025-Jan-30-21:47:58.308795
0.7207724245865745,10511,7,1,0,0,0,0.0,0.0,2025-Jan-30-21:47:58.353832
0.7207724247317727,10512,6,1,0,0,0,0.0,0.0,2025-Jan-30-21:47:58.399087
0.7207724277510907,10513,5,1,0,-1,0,0.0,0.0,2025-Jan-30-21:47:58.443848
0.720770503000503,10514,1,1,0,0,0,0.0,0.0,2025-Jan-30-21:47:58.489154
0.7207724244414657,10515,3,1,0,0,0,0.0,0.0,2025-Jan-30-21:47:58.534492
0.7207724247317728,10516,4,1,0,0,0,0.0,0.0,2025-Jan-30-21:47:58.579025
1.0190046737951342,10517,4,1,1,1,1,1.2,0.4,2025-Jan-30-21:47:58.635143
0.8981885968170219,10518,10,1,1,1,1,1.9,1.7,2025-Jan-30-21:47:58.715773
0.749469553143833,10519,3,1,0,-1,0,0.0,0.0,2025-Jan-30-21:47:58.773664
0.7569364602753836,10520,7,1,0,-1,0,0.0,0.0,2025-Jan-30-21:47:58.832044
0.720772411210078,10521,4,1,0,1,0,1.9,0.0,2025-Jan-30-21:47:59.107691
0.7207724245866639,10522,2,1,0,0,0,0.0,0.0,2025-Jan-30-21:47:59.191026
0.7207724245866639,10523,2,1,0,0,0,0.0,0.0,2025-Jan-30-21:47:59.272301
0.7569364602753836,10524,7,1,0,-1,0,0.0,0.0,2025-Jan-30-21:47:59.332609
0.7207724245866639,10525,2,1,0,0,0,0.0,0.0,2025-Jan-30-21:47:59.377266
0.8075973438166071,10526,2,1,0,0,-1,0.0,0.0,2025-Jan-30-21:47:59.435063
0.720770503000503,10527,1,1,0,0,0,0.0,0.0,2025-Jan-30-21:47:59.480523
0.720770503000503,10528,1,1,0,0,0,0.0,0.0,2025-Jan-30-21:47:59.525328
0.720770503000503,10529,1,1,0,0,0,0.0,0.0,2025-Jan-30-21:47:59.572838
1.2057564061623827,10530,0,1,0,0,0,0.0,0.0,2025-Jan-30-21:47:59.628165
0.7207724114621342,10531,6,1,0,0,1,0.0,0.6,2025-Jan-30-21:47:59.684070
0.5937220246531681,10532,2,1,0,0,1,0.0,1.7,2025-Jan-30-21:47:59.758606
0.7207724247317728,10533,4,1,0,0,0,0.0,0.0,2025-Jan-30-21:47:59.803707
1.2057564061623827,10534,0,1,0,0,0,0.0,0.0,2025-Jan-30-21:47:59.860511
0.9486992568853948,10535,5,1,1,0,1,0.0,1.3,2025-Jan-30-21:47:59.933960
0.7207724247317728,10536,4,1,0,0,0,0.0,0.0,2025-Jan-30-21:47:59.997998
0.7207724244414657,10537,3,1,0,0,0,0.0,0.0,2025-Jan-30-21:48:00.080851
0.7207724245866639,10538,2,1,0,0,0,0.0,0.0,2025-Jan-30-21:48:00.163850
0.7207724244414657,10539,3,1,0,0,0,0.0,0.0,2025-Jan-30-21:48:00.247694
1.2057564061623827,10540,0,1,0,0,0,0.0,0.0,2025-Jan-30-21:48:00.306048
0.898184971870959,10541,6,1,1,1,1,1.5,1.0,2025-Jan-30-21:48:00.391231
0.8981869784273931,10542,10,1,1,1,1,1.4,1.9,2025-Jan-30-21:48:00.472362
1.2057564061623827,10543,0,1,0,0,0,0.0,0.0,2025-Jan-30-21:48:00.527847
0.7207724247317727,10544,6,1,0,0,0,0.0,0.0,2025-Jan-30-21:48:00.573094
1.2057564061623827,10545,0,1,0,0,0,0.0,0.0,2025-Jan-30-21:48:00.628268
0.7207724245866639,10546,2,1,0,0,0,0.0,0.0,2025-Jan-30-21:48:00.672753
0.7207724245865745,10547,7,1,0,0,0,0.0,0.0,2025-Jan-30-21:48:00.717206
0.9487294369189481,10548,4,1,1,-1,1,0.0,1.3,2025-Jan-30-21:48:00.791804
1.2057564061623827,10549,0,1,0,0,0,0.0,0.0,2025-Jan-30-21:48:00.849251
0.720770503000503,10550,1,1,0,0,0,0.0,0.0,2025-Jan-30-21:48:00.894327
0.564840629749906,10551,7,1,0,1,0,1.1,0.0,2025-Jan-30-21:48:00.940870
0.7207724277510907,10552,5,1,0,-1,0,0.0,0.0,2025-Jan-30-21:48:01.038801
0.7207724247317728,10553,4,1,0,0,0,0.0,0.0,2025-Jan-30-21:48:01.130057
0.720772427896289,10554,4,1,0,-1,0,0.0,0.0,2025-Jan-30-21:48:01.222544
0.7207724247317728,10555,4,1,0,0,0,0.0,0.0,2025-Jan-30-21:48:01.272422
1.2057564061623827,10556,0,1,0,0,0,0.0,0.0,2025-Jan-30-21:48:01.329402
0.7207724244414657,10557,3,1,0,0,0,0.0,0.0,2025-Jan-30-21:48:01.375087
0.720770503000503,10558,1,1,0,0,0,0.0,0.0,2025-Jan-30-21:48:01.420437
0.5431840356703166,10559,3,1,0,1,0,1.4,0.0,2025-Jan-30-21:48:01.494388
0.7207724247317728,10560,4,1,0,0,0,0.0,0.0,2025-Jan-30-21:48:01.538820
1.2057564061623827,10561,0,1,0,0,0,0.0,0.0,2025-Jan-30-21:48:01.595185
0.7207724245866639,10562,2,1,0,0,0,0.0,0.0,2025-Jan-30-21:48:01.640035
0.720770503000503,10563,1,1,0,0,0,0.0,0.0,2025-Jan-30-21:48:01.684903
0.7207724245866639,10564,2,1,0,0,0,0.0,0.0,2025-Jan-30-21:48:01.729926
1.2057564061623827,10565,0,1,0,0,0,0.0,0.0,2025-Jan-30-21:48:01.786243
0.7207724244414657,10566,3,1,0,0,0,0.0,0.0,2025-Jan-30-21:48:01.831880
0.720770503000503,10567,1,1,0,0,0,0.0,0.0,2025-Jan-30-21:48:01.877271
0.7207724245865745,10568,7,1,0,0,0,0.0,0.0,2025-Jan-30-21:48:01.921604
0.720770503000503,10569,1,1,0,0,0,0.0,0.0,2025-Jan-30-21:48:01.982910
0.7207724247317728,10570,4,1,0,0,0,0.0,0.0,2025-Jan-30-21:48:02.067803
0.5431843444857276,10571,3,1,0,1,0,1.5,0.0,2025-Jan-30-21:48:02.397388
0.7207724244414657,10572,3,1,0,0,0,0.0,0.0,2025-Jan-30-21:48:02.446460
0.720770503000503,10573,1,1,0,0,0,0.0,0.0,2025-Jan-30-21:48:02.494008
0.720772411212689,10574,5,1,0,1,0,1.0,0.0,2025-Jan-30-21:48:02.551323
0.7137506327411989,10575,10,1,0,-1,1,0.0,0.1,2025-Jan-30-21:48:02.631624
1.1757506513253375,10576,9,1,0,1,1,0.5,1.1,2025-Jan-30-21:48:02.687831
0.6300004163207482,10577,1,1,0,1,-1,1.9,0.0,2025-Jan-30-21:48:02.775340
1.0708934980940992,10578,10,1,0,-1,0,0.0,0.0,2025-Jan-30-21:48:02.838242
0.8075955916472131,10579,1,1,0,0,-1,0.0,0.0,2025-Jan-30-21:48:02.895841
1.328758056291552,10580,0,1,0,-1,-1,0.0,0.0,2025-Jan-30-21:48:03.028100
0.7207724245866639,10581,2,1,0,0,0,0.0,0.0,2025-Jan-30-21:48:03.113771
1.0757509769736244,10582,3,1,1,0,0,0.0,0.0,2025-Jan-30-21:48:03.189567
1.2925893835362965,10583,0,1,0,0,-1,0.0,0.0,2025-Jan-30-21:48:03.271012
0.8981869913173207,10584,8,1,1,1,0,1.4,0.0,2025-Jan-30-21:48:03.348013
1.2925893835362965,10585,0,1,0,0,-1,0.0,0.0,2025-Jan-30-21:48:03.429920
1.0757742044557146,10586,9,1,1,1,0,1.9,0.0,2025-Jan-30-21:48:03.486661
1.2057564061623827,10587,0,1,0,0,0,0.0,0.0,2025-Jan-30-21:48:03.542495
0.7711513849379547,10588,8,1,1,1,1,1.9,1.2,2025-Jan-30-21:48:03.639361
0.706593513936321,10589,3,1,0,0,1,0.0,0.1,2025-Jan-30-21:48:03.684052
1.1757506411834284,10590,8,1,0,0,0,0.0,0.0,2025-Jan-30-21:48:03.740676
1.078697596516042,10591,0,1,0,0,1,0.0,1.9,2025-Jan-30-21:48:03.821603
0.5506638016006411,10592,2,1,0,1,0,1.2,0.0,2025-Jan-30-21:48:03.867294
0.7207724244414657,10593,3,1,0,0,0,0.0,0.0,2025-Jan-30-21:48:03.912009
1.0615996805315544,10594,8,1,1,1,0,0.1,0.0,2025-Jan-30-21:48:03.981474
1.1915769506311984,10595,0,1,0,0,1,0.0,0.1,2025-Jan-30-21:48:04.075450
0.7494695558329538,10596,6,1,0,-1,-1,0.0,0.0,2025-Jan-30-21:48:04.175046
0.9486992568853948,10597,5,1,1,0,1,0.0,1.3,2025-Jan-30-21:48:04.272448
1.0708934980940992,10598,10,1,0,-1,0,0.0,0.0,2025-Jan-30-21:48:04.340318
0.7207724247317728,10599,4,1,0,0,0,0.0,0.0,2025-Jan-30-21:48:04.386934
0.5937287929882276,10600,5,1,0,0,1,0.0,1.3,2025-Jan-30-21:48:04.460999
0.7207724244414657,10601,3,1,0,0,0,0.0,0.0,2025-Jan-30-21:48:04.505728
0.8437651642955636,10602,1,1,0,-1,-1,0.0,0.0,2025-Jan-30-21:48:04.576524
0.6924058159019256,10603,4,1,0,-1,1,0.0,0.2,2025-Jan-30-21:48:04.624145
0.8075955916472131,10604,1,1,0,0,-1,0.0,0.0,2025-Jan-30-21:48:04.681841
0.7207724245865745,10605,5,1,0,0,0,0.0,0.0,2025-Jan-30-21:48:04.728122
0.8981855915356277,10606,6,1,1,1,1,1.7,1.7,2025-Jan-30-21:48:04.807788
0.7207724245866639,10607,2,1,0,0,0,0.0,0.0,2025-Jan-30-21:48:04.853913
1.111937100367971,10608,2,1,1,-1,0,0.0,0.0,2025-Jan-30-21:48:04.912752
0.771153329319332,10609,8,1,1,1,1,1.9,1.1,2025-Jan-30-21:48:05.054002
1.162599289150435,10610,9,1,1,0,-1,0.0,0.0,2025-Jan-30-21:48:05.158601
0.720772427896289,10611,4,1,0,-1,0,0.0,0.0,2025-Jan-30-21:48:05.222975
1.0757509621301287,10612,7,1,1,0,1,0.0,1.7,2025-Jan-30-21:48:05.283706
1.2057564061623827,10613,0,1,0,0,0,0.0,0.0,2025-Jan-30-21:48:05.341874
1.1757506401923283,10614,9,1,0,1,0,1.2,0.0,2025-Jan-30-21:48:05.400834
1.0757730648283506,10615,4,1,1,0,0,0.0,0.0,2025-Jan-30-21:48:05.445595
0.8981524325810275,10616,7,1,1,1,0,1.6,0.0,2025-Jan-30-21:48:05.520352
0.7934205199716692,10617,1,1,0,1,-1,0.1,0.0,2025-Jan-30-21:48:05.577898
0.7207724247317728,10618,4,1,0,0,0,0.0,0.0,2025-Jan-30-21:48:05.624155
1.2057564061623827,10619,0,1,0,0,0,0.0,0.0,2025-Jan-30-21:48:05.684901
0.6073698979547594,10620,6,1,0,1,-1,0.8,0.0,2025-Jan-30-21:48:05.731331
0.7207724247317727,10621,6,1,0,0,0,0.0,0.0,2025-Jan-30-21:48:05.776516
1.0047644163176401,10622,5,1,1,1,1,0.2,0.5,2025-Jan-30-21:48:05.833362
0.9487226685842223,10623,4,1,1,-1,1,0.0,1.7,2025-Jan-30-21:48:05.907400
1.1757506566540592,10624,8,1,0,1,1,1.9,1.9,2025-Jan-30-21:48:05.982821
0.7207724244414657,10625,3,1,0,0,0,0.0,0.0,2025-Jan-30-21:48:06.067387
0.7207724247317727,10626,6,1,0,0,0,0.0,0.0,2025-Jan-30-21:48:06.159020
0.7569364604146629,10627,6,1,0,-1,0,0.0,0.0,2025-Jan-30-21:48:06.245006
1.2057564061623827,10628,0,1,0,0,0,0.0,0.0,2025-Jan-30-21:48:06.304933
0.720770503000503,10629,1,1,0,0,0,0.0,0.0,2025-Jan-30-21:48:06.350776
0.720772411104349,10630,7,1,0,0,1,0.0,1.4,2025-Jan-30-21:48:06.407859
0.7207724245865745,10631,5,1,0,0,0,0.0,0.0,2025-Jan-30-21:48:06.453860
0.7065935173026259,10632,5,1,0,-1,1,0.0,0.1,2025-Jan-30-21:48:06.499536
0.7207724245866639,10633,2,1,0,0,0,0.0,0.0,2025-Jan-30-21:48:06.545392
0.7207724245866639,10634,2,1,0,0,0,0.0,0.0,2025-Jan-30-21:48:06.591378
0.7207724247317727,10635,6,1,0,0,0,0.0,0.0,2025-Jan-30-21:48:06.636694
0.7207724247317727,10636,6,1,0,0,0,0.0,0.0,2025-Jan-30-21:48:06.684710
1.2057564061623827,10637,0,1,0,0,0,0.0,0.0,2025-Jan-30-21:48:06.741554
0.720770503000503,10638,1,1,0,0,0,0.0,0.0,2025-Jan-30-21:48:06.787348
0.6300007723295036,10639,1,1,0,1,-1,1.5,0.0,2025-Jan-30-21:48:06.875814
0.7207724245866639,10640,2,1,0,0,0,0.0,0.0,2025-Jan-30-21:48:06.925751
0.720770503000503,10641,1,1,0,0,0,0.0,0.0,2025-Jan-30-21:48:07.169829
1.2057564061623827,10642,0,1,0,0,0,0.0,0.0,2025-Jan-30-21:48:07.265359
0.7207724247317727,10643,6,1,0,0,0,0.0,0.0,2025-Jan-30-21:48:07.348164
1.2057564061623827,10644,0,1,0,0,0,0.0,0.0,2025-Jan-30-21:48:07.404878
1.070893498094094,10645,8,1,0,-1,0,0.0,0.0,2025-Jan-30-21:48:07.468495
0.7207724106249206,10646,5,1,0,1,0,1.8,0.0,2025-Jan-30-21:48:07.522579
0.7207724114920812,10647,5,1,0,1,0,1.6,0.0,2025-Jan-30-21:48:07.577095
0.7207724245866639,10648,2,1,0,0,0,0.0,0.0,2025-Jan-30-21:48:07.620449
1.1757506670486992,10649,9,1,0,-1,0,0.0,0.0,2025-Jan-30-21:48:07.676712
1.2057564061623827,10650,0,1,0,0,0,0.0,0.0,2025-Jan-30-21:48:07.731707
0.8075955916472131,10651,1,1,0,0,-1,0.0,0.0,2025-Jan-30-21:48:07.787334
0.7207724247317728,10652,4,1,0,0,0,0.0,0.0,2025-Jan-30-21:48:07.829897
0.7207724245866639,10653,2,1,0,0,0,0.0,0.0,2025-Jan-30-21:48:07.873281
0.9479870251932231,10654,2,1,1,1,1,0.2,0.7,2025-Jan-30-21:48:07.916439
0.7207724245866639,10655,2,1,0,0,0,0.0,0.0,2025-Jan-30-21:48:07.963296
0.7207724247317728,10656,4,1,0,0,0,0.0,0.0,2025-Jan-30-21:48:08.006738
0.5937186488529942,10657,3,1,0,0,1,0.0,1.9,2025-Jan-30-21:48:08.098976
0.7207724244414657,10658,3,1,0,0,0,0.0,0.0,2025-Jan-30-21:48:08.174656
0.7207724245866639,10659,2,1,0,0,0,0.0,0.0,2025-Jan-30-21:48:08.240744
0.9487328260158423,10660,4,1,1,0,1,0.0,1.1,2025-Jan-30-21:48:08.338974
0.7207724244414657,10661,3,1,0,0,0,0.0,0.0,2025-Jan-30-21:48:08.382574
0.7207724247317728,10662,4,1,0,0,0,0.0,0.0,2025-Jan-30-21:48:08.426149
0.6640040500156619,10663,4,1,0,-1,1,0.0,0.4,2025-Jan-30-21:48:08.469523
0.7207724244414657,10664,3,1,0,0,0,0.0,0.0,2025-Jan-30-21:48:08.512376
1.0757730648283506,10665,4,1,1,0,0,0.0,0.0,2025-Jan-30-21:48:08.555644
0.9487318283859498,10666,9,1,1,1,1,1.9,1.2,2025-Jan-30-21:48:08.632380
0.749469553143833,10667,3,1,0,-1,0,0.0,0.0,2025-Jan-30-21:48:08.690657
0.720770503000503,10668,1,1,0,0,0,0.0,0.0,2025-Jan-30-21:48:08.735944
1.0757742178287177,10669,8,1,1,0,0,0.0,0.0,2025-Jan-30-21:48:08.780226
0.8075973304815104,10670,4,1,0,1,-1,0.7,0.0,2025-Jan-30-21:48:08.857763
0.720770503000503,10671,1,1,0,0,0,0.0,0.0,2025-Jan-30-21:48:08.900640
0.7207724245865745,10672,7,1,0,0,0,0.0,0.0,2025-Jan-30-21:48:08.944606
0.8981862139644008,10673,6,1,1,1,1,1.9,1.9,2025-Jan-30-21:48:09.049364
0.7207724112495479,10674,4,1,0,1,0,1.4,0.0,2025-Jan-30-21:48:09.145346
0.7207724245866639,10675,2,1,0,0,0,0.0,0.0,2025-Jan-30-21:48:09.232606
1.2057564061623827,10676,0,1,0,0,0,0.0,0.0,2025-Jan-30-21:48:09.289831
0.749469553143833,10677,3,1,0,-1,0,0.0,0.0,2025-Jan-30-21:48:09.346389
0.7207724244414657,10678,3,1,0,0,0,0.0,0.0,2025-Jan-30-21:48:09.391155
0.7207724244414657,10679,3,1,0,0,0,0.0,0.0,2025-Jan-30-21:48:09.434629
0.7207724112495473,10680,6,1,0,0,1,0.0,1.4,2025-Jan-30-21:48:09.490153
0.7207724247317727,10681,6,1,0,0,0,0.0,0.0,2025-Jan-30-21:48:09.533750
0.720770503000503,10682,1,1,0,0,0,0.0,0.0,2025-Jan-30-21:48:09.577405
0.720770503000503,10683,1,1,0,0,0,0.0,0.0,2025-Jan-30-21:48:09.619778
0.5431840356703166,10684,3,1,0,1,0,1.4,0.0,2025-Jan-30-21:48:09.692648
0.7207724245865745,10685,5,1,0,0,0,0.0,0.0,2025-Jan-30-21:48:09.737324
0.7207724247317727,10686,6,1,0,0,0,0.0,0.0,2025-Jan-30-21:48:09.781000
0.7207724244414657,10687,3,1,0,0,0,0.0,0.0,2025-Jan-30-21:48:09.823647
0.7207724244414657,10688,3,1,0,0,0,0.0,0.0,2025-Jan-30-21:48:09.872414
0.720770503000503,10689,1,1,0,0,0,0.0,0.0,2025-Jan-30-21:48:09.923760
0.7207724113160096,10690,4,1,0,1,0,1.3,0.0,2025-Jan-30-21:48:10.002180
0.720770503000503,10691,1,1,0,0,0,0.0,0.0,2025-Jan-30-21:48:10.075727
0.7207724245866639,10692,2,1,0,0,0,0.0,0.0,2025-Jan-30-21:48:10.149474
1.2057564061623827,10693,0,1,0,0,0,0.0,0.0,2025-Jan-30-21:48:10.227611
0.720770503000503,10694,1,1,0,0,0,0.0,0.0,2025-Jan-30-21:48:10.276046
0.720770503000503,10695,1,1,0,0,0,0.0,0.0,2025-Jan-30-21:48:10.325145
1.2057564061623827,10696,0,1,0,0,0,0.0,0.0,2025-Jan-30-21:48:10.387157
0.7207724247317728,10697,4,1,0,0,0,0.0,0.0,2025-Jan-30-21:48:10.436301
0.720770503000503,10698,1,1,0,0,0,0.0,0.0,2025-Jan-30-21:48:10.486142
1.1489858689121855,10699,0,1,0,0,1,0.0,0.4,2025-Jan-30-21:48:10.544329
0.7137506327411989,10700,10,1,0,-1,1,0.0,0.1,2025-Jan-30-21:48:10.633797
1.070893495646785,10701,10,1,0,-1,1,0.0,1.5,2025-Jan-30-21:48:10.724348
1.1149881243547568,10702,0,1,0,1,-1,1.9,0.0,2025-Jan-30-21:48:10.843490
1.2057564061623827,10703,0,1,0,0,0,0.0,0.0,2025-Jan-30-21:48:10.900514
0.8075973436857562,10704,3,1,0,0,-1,0.0,0.0,2025-Jan-30-21:48:10.983151
1.1757506670486992,10705,9,1,0,-1,0,0.0,0.0,2025-Jan-30-21:48:11.066851
1.2057564061623827,10706,0,1,0,0,0,0.0,0.0,2025-Jan-30-21:48:11.313096
1.2419215143445705,10707,0,1,0,-1,0,0.0,0.0,2025-Jan-30-21:48:11.404378
0.8075973438166071,10708,2,1,0,0,-1,0.0,0.0,2025-Jan-30-21:48:11.459703
1.162596231733874,10709,1,1,1,0,-1,0.0,0.0,2025-Jan-30-21:48:11.516566
0.7065958206858112,10710,1,1,0,1,0,0.1,0.0,2025-Jan-30-21:48:11.560852
1.0757509770459617,10711,7,1,1,0,0,0.0,0.0,2025-Jan-30-21:48:11.605724
1.2057564061623827,10712,0,1,0,0,0,0.0,0.0,2025-Jan-30-21:48:11.661417
0.593193675244256,10713,3,1,0,1,0,0.9,0.0,2025-Jan-30-21:48:11.707260
0.8075973438165706,10714,5,1,0,0,-1,0.0,0.0,2025-Jan-30-21:48:11.764922
1.1625979706036564,10715,4,1,1,1,-1,0.5,0.0,2025-Jan-30-21:48:11.845262
0.5937186488529942,10716,3,1,0,0,1,0.0,1.9,2025-Jan-30-21:48:11.919427
0.5431855867354398,10717,6,1,0,1,0,1.9,0.0,2025-Jan-30-21:48:12.019094
0.7207724247317728,10718,4,1,0,0,0,0.0,0.0,2025-Jan-30-21:48:12.104583
0.720772427896289,10719,4,1,0,-1,0,0.0,0.0,2025-Jan-30-21:48:12.187226
0.7065935140839481,10720,2,1,0,0,1,0.0,0.1,2025-Jan-30-21:48:12.235866
0.7207724278962877,10721,6,1,0,0,-1,0.0,0.0,2025-Jan-30-21:48:12.282876
0.8075973438165706,10722,5,1,0,0,-1,0.0,0.0,2025-Jan-30-21:48:12.340691
0.713750654217219,10723,10,1,0,-1,-1,0.0,0.0,2025-Jan-30-21:48:12.398505
0.7207724245865745,10724,7,1,0,0,0,0.0,0.0,2025-Jan-30-21:48:12.442895
0.7207724245866639,10725,2,1,0,0,0,0.0,0.0,2025-Jan-30-21:48:12.488031
0.7207724247317728,10726,4,1,0,0,0,0.0,0.0,2025-Jan-30-21:48:12.532657
1.0757730646832417,10727,2,1,1,0,0,0.0,0.0,2025-Jan-30-21:48:12.578228
0.7569364467474639,10728,7,1,0,-1,1,0.0,0.1,2025-Jan-30-21:48:12.656975
0.5937220246531681,10729,2,1,0,0,1,0.0,1.7,2025-Jan-30-21:48:12.731795
0.7207724245866639,10730,2,1,0,0,0,0.0,0.0,2025-Jan-30-21:48:12.780710
0.9905656753941184,10731,1,1,1,0,1,0.0,0.6,2025-Jan-30-21:48:12.825955
0.7207724245866639,10732,2,1,0,0,0,0.0,0.0,2025-Jan-30-21:48:12.870930
1.2419215143445705,10733,0,1,0,-1,0,0.0,0.0,2025-Jan-30-21:48:12.972204
0.8981885970482956,10734,10,1,1,1,1,1.9,0.9,2025-Jan-30-21:48:13.099738
1.0322733681651044,10735,8,1,0,-1,-1,0.0,0.0,2025-Jan-30-21:48:13.208160
0.7569364602754676,10736,2,1,0,-1,0,0.0,0.0,2025-Jan-30-21:48:13.271406
0.9486886491832734,10737,5,1,1,1,1,1.2,1.9,2025-Jan-30-21:48:13.351208
1.2057564061623827,10738,0,1,0,0,0,0.0,0.0,2025-Jan-30-21:48:13.407877
0.720770503000503,10739,1,1,0,0,0,0.0,0.0,2025-Jan-30-21:48:13.453506
0.7207724247317728,10740,4,1,0,0,0,0.0,0.0,2025-Jan-30-21:48:13.499097
1.1757506411834284,10741,8,1,0,0,0,0.0,0.0,2025-Jan-30-21:48:13.555055
1.1366476111483423,10742,0,1,0,1,-1,1.1,0.0,2025-Jan-30-21:48:13.635726
0.7494822890755525,10743,1,1,0,-1,0,0.0,0.0,2025-Jan-30-21:48:13.693777
0.7207724245866639,10744,2,1,0,0,0,0.0,0.0,2025-Jan-30-21:48:13.739619
0.7207724277510907,10745,5,1,0,-1,0,0.0,0.0,2025-Jan-30-21:48:13.784538
0.7207724245865745,10746,7,1,0,0,0,0.0,0.0,2025-Jan-30-21:48:13.828820
0.7786133820715224,10747,2,1,1,1,1,1.2,1.9,2025-Jan-30-21:48:13.902664
0.9487192762686457,10748,4,1,1,1,1,1.5,1.9,2025-Jan-30-21:48:14.017935
0.7207724245865745,10749,5,1,0,0,0,0.0,0.0,2025-Jan-30-21:48:14.102584
1.2057564061623827,10750,0,1,0,0,0,0.0,0.0,2025-Jan-30-21:48:14.187302
0.7207724247317727,10751,6,1,0,0,0,0.0,0.0,2025-Jan-30-21:48:14.234888
0.7207724245865745,10752,5,1,0,0,0,0.0,0.0,2025-Jan-30-21:48:14.281074
0.7207724244414657,10753,3,1,0,0,0,0.0,0.0,2025-Jan-30-21:48:14.326578
0.5937304925178586,10754,5,1,0,-1,1,0.0,1.2,2025-Jan-30-21:48:14.401327
0.7207724116682485,10755,6,1,0,0,1,0.0,1.2,2025-Jan-30-21:48:14.457868
0.7207724247317727,10756,6,1,0,0,0,0.0,0.0,2025-Jan-30-21:48:14.502653
0.7494695388862638,10757,6,1,0,-1,1,0.0,0.3,2025-Jan-30-21:48:14.581245
1.075773051764827,10758,4,1,1,1,0,1.2,0.0,2025-Jan-30-21:48:14.637379
0.7207724114920812,10759,5,1,0,1,0,1.6,0.0,2025-Jan-30-21:48:14.693347
0.7569364633080932,10760,7,1,0,-1,-1,0.0,0.0,2025-Jan-30-21:48:14.751724
0.7207724245865745,10761,5,1,0,0,0,0.0,0.0,2025-Jan-30-21:48:14.798415
0.7207724110838325,10762,5,1,0,1,0,1.5,0.0,2025-Jan-30-21:48:15.036039
0.7207724245866639,10763,2,1,0,0,0,0.0,0.0,2025-Jan-30-21:48:15.109352
0.9849849554800639,10764,3,1,1,1,-1,1.7,0.0,2025-Jan-30-21:48:15.226608
0.7207724247317728,10765,4,1,0,0,0,0.0,0.0,2025-Jan-30-21:48:15.270429
0.720770503000503,10766,1,1,0,0,0,0.0,0.0,2025-Jan-30-21:48:15.315583
0.7207724245866639,10767,2,1,0,0,0,0.0,0.0,2025-Jan-30-21:48:15.360300
0.7207724247317727,10768,6,1,0,0,0,0.0,0.0,2025-Jan-30-21:48:15.405133
1.2057564061623827,10769,0,1,0,0,0,0.0,0.0,2025-Jan-30-21:48:15.461004
1.2057564061623827,10770,0,1,0,0,0,0.0,0.0,2025-Jan-30-21:48:15.516773
0.7207724245866639,10771,2,1,0,0,0,0.0,0.0,2025-Jan-30-21:48:15.561612
0.7207724244414657,10772,3,1,0,0,0,0.0,0.0,2025-Jan-30-21:48:15.606891
0.7207724245866639,10773,2,1,0,0,0,0.0,0.0,2025-Jan-30-21:48:15.651535
1.070893493707126,10774,10,1,0,-1,1,0.0,0.3,2025-Jan-30-21:48:15.730705
0.720770503000503,10775,1,1,0,0,0,0.0,0.0,2025-Jan-30-21:48:15.775610
1.2925893835362965,10776,0,1,0,0,-1,0.0,0.0,2025-Jan-30-21:48:15.854194
1.2057564061623827,10777,0,1,0,0,0,0.0,0.0,2025-Jan-30-21:48:15.909563
1.2057564061623827,10778,0,1,0,0,0,0.0,0.0,2025-Jan-30-21:48:15.987986
1.1915812448205214,10779,0,1,0,1,0,0.1,0.0,2025-Jan-30-21:48:16.093187
0.7207724245866639,10780,2,1,0,0,0,0.0,0.0,2025-Jan-30-21:48:16.177211
0.720772411316936,10781,7,1,0,0,1,0.0,0.6,2025-Jan-30-21:48:16.248816
0.5937186491865596,10782,4,1,0,0,1,0.0,1.9,2025-Jan-30-21:48:16.324092
0.7207724245866639,10783,2,1,0,0,0,0.0,0.0,2025-Jan-30-21:48:16.369091
0.706593513936321,10784,3,1,0,0,1,0.0,0.1,2025-Jan-30-21:48:16.414337
0.7207724278962877,10785,6,1,0,0,-1,0.0,0.0,2025-Jan-30-21:48:16.459938
0.7207724245865745,10786,5,1,0,0,0,0.0,0.0,2025-Jan-30-21:48:16.504418
0.7207724244414657,10787,3,1,0,0,0,0.0,0.0,2025-Jan-30-21:48:16.558364
0.7207724245866639,10788,2,1,0,0,0,0.0,0.0,2025-Jan-30-21:48:16.602469
0.7207724245865745,10789,5,1,0,0,0,0.0,0.0,2025-Jan-30-21:48:16.645335
0.7207724245866639,10790,2,1,0,0,0,0.0,0.0,2025-Jan-30-21:48:16.690242
0.9487301239145173,10791,9,1,1,1,1,1.9,1.3,2025-Jan-30-21:48:16.769529
0.720772427896289,10792,4,1,0,-1,0,0.0,0.0,2025-Jan-30-21:48:16.814409
0.720770503000503,10793,1,1,0,0,0,0.0,0.0,2025-Jan-30-21:48:16.859702
0.7207724247317727,10794,6,1,0,0,0,0.0,0.0,2025-Jan-30-21:48:16.903674
0.8075973304815104,10795,4,1,0,1,-1,0.7,0.0,2025-Jan-30-21:48:17.007751
0.720770503000503,10796,1,1,0,0,0,0.0,0.0,2025-Jan-30-21:48:17.096161
0.7207724245865745,10797,7,1,0,0,0,0.0,0.0,2025-Jan-30-21:48:17.171600
0.9486921753139991,10798,5,1,1,1,1,1.7,1.7,2025-Jan-30-21:48:17.254895
0.7207724110838325,10799,5,1,0,1,0,1.5,0.0,2025-Jan-30-21:48:17.317071
0.720770503000503,10800,1,1,0,0,0,0.0,0.0,2025-Jan-30-21:48:17.363076
0.7207724113160096,10801,4,1,0,1,0,1.3,0.0,2025-Jan-30-21:48:17.419927
0.7207724244414657,10802,3,1,0,0,0,0.0,0.0,2025-Jan-30-21:48:17.465761
0.7207724244414657,10803,3,1,0,0,0,0.0,0.0,2025-Jan-30-21:48:17.511236
0.720770503000503,10804,1,1,0,0,0,0.0,0.0,2025-Jan-30-21:48:17.556902
1.2057564061623827,10805,0,1,0,0,0,0.0,0.0,2025-Jan-30-21:48:17.613185
0.7207724247317727,10806,6,1,0,0,0,0.0,0.0,2025-Jan-30-21:48:17.658333
0.720770503000503,10807,1,1,0,0,0,0.0,0.0,2025-Jan-30-21:48:17.702307
0.720770503000503,10808,1,1,0,0,0,0.0,0.0,2025-Jan-30-21:48:17.746584
0.5431840356703166,10809,3,1,0,1,0,1.4,0.0,2025-Jan-30-21:48:17.821029
0.7207724245865745,10810,5,1,0,0,0,0.0,0.0,2025-Jan-30-21:48:17.865643
0.7207724245865745,10811,5,1,0,0,0,0.0,0.0,2025-Jan-30-21:48:17.910567
0.7207724110838325,10812,5,1,0,1,0,1.5,0.0,2025-Jan-30-21:48:18.179797
0.7207724245866639,10813,2,1,0,0,0,0.0,0.0,2025-Jan-30-21:48:18.266937
0.7207724245866639,10814,2,1,0,0,0,0.0,0.0,2025-Jan-30-21:48:18.350620
1.2057564061623827,10815,0,1,0,0,0,0.0,0.0,2025-Jan-30-21:48:18.424591
0.7207724244414657,10816,3,1,0,0,0,0.0,0.0,2025-Jan-30-21:48:18.470865
0.7207724245866639,10817,2,1,0,0,0,0.0,0.0,2025-Jan-30-21:48:18.516481
0.7207724245866639,10818,2,1,0,0,0,0.0,0.0,2025-Jan-30-21:48:18.561875
0.7207724245866639,10819,2,1,0,0,0,0.0,0.0,2025-Jan-30-21:48:18.606895
0.720770503000503,10820,1,1,0,0,0,0.0,0.0,2025-Jan-30-21:48:18.651590
0.720770503000503,10821,1,1,0,0,0,0.0,0.0,2025-Jan-30-21:48:18.696068
0.7207724112290309,10822,4,1,0,1,0,1.5,0.0,2025-Jan-30-21:48:18.751662
0.720770503000503,10823,1,1,0,0,0,0.0,0.0,2025-Jan-30-21:48:18.796070
1.0757742211443824,10824,9,1,1,-1,0,0.0,0.0,2025-Jan-30-21:48:18.840146
0.7137506327411989,10825,10,1,0,-1,1,0.0,0.1,2025-Jan-30-21:48:18.917702
1.1119380949877005,10826,10,1,1,-1,0,0.0,0.0,2025-Jan-30-21:48:18.976026
1.1149881243547568,10827,0,1,0,1,-1,1.9,0.0,2025-Jan-30-21:48:19.100060
0.6300030007733916,10828,3,1,0,1,-1,1.9,0.0,2025-Jan-30-21:48:19.254810
0.720770503000503,10829,1,1,0,0,0,0.0,0.0,2025-Jan-30-21:48:19.321842
1.1119380949877005,10830,10,1,1,-1,0,0.0,0.0,2025-Jan-30-21:48:19.383214
1.2057564061623827,10831,0,1,0,0,0,0.0,0.0,2025-Jan-30-21:48:19.439990
1.5181923214595567,10832,0,1,1,0,1,0.0,0.3,2025-Jan-30-21:48:19.497026
0.7207724245866639,10833,2,1,0,0,0,0.0,0.0,2025-Jan-30-21:48:19.543520
0.7494822890755525,10834,1,1,0,-1,0,0.0,0.0,2025-Jan-30-21:48:19.601913
1.0474175479054404,10835,1,1,1,1,1,0.1,0.1,2025-Jan-30-21:48:19.648604
1.4698717072808436,10836,0,1,1,-1,1,0.0,1.9,2025-Jan-30-21:48:19.752894
0.7207724244414657,10837,3,1,0,0,0,0.0,0.0,2025-Jan-30-21:48:19.796967
1.0757509770459617,10838,7,1,1,0,0,0.0,0.0,2025-Jan-30-21:48:19.844475
0.7065935142314769,10839,4,1,0,0,1,0.0,0.1,2025-Jan-30-21:48:19.889678
1.1774058853411369,10840,0,1,0,1,0,0.2,0.0,2025-Jan-30-21:48:19.945435
0.7207724112100773,10841,6,1,0,0,1,0.0,1.9,2025-Jan-30-21:48:20.007632
0.6924209358004021,10842,1,1,0,1,0,0.2,0.0,2025-Jan-30-21:48:20.074520
0.7207724245866639,10843,2,1,0,0,0,0.0,0.0,2025-Jan-30-21:48:20.158008
1.1085655951940978,10844,3,1,1,-1,0,0.0,0.0,2025-Jan-30-21:48:20.243693
0.706593513936321,10845,3,1,0,0,1,0.0,0.1,2025-Jan-30-21:48:20.292423
1.0757509770461597,10846,5,1,1,0,0,0.0,0.0,2025-Jan-30-21:48:20.338608
0.7207724277510894,10847,7,1,0,0,-1,0.0,0.0,2025-Jan-30-21:48:20.385901
0.9487233320050891,10848,8,1,1,0,1,0.0,1.7,2025-Jan-30-21:48:20.462384
1.2057564061623827,10849,0,1,0,0,0,0.0,0.0,2025-Jan-30-21:48:20.519672
1.0757509786066803,10850,5,1,1,-1,0,0.0,0.0,2025-Jan-30-21:48:20.565085
0.720770503000503,10851,1,1,0,0,0,0.0,0.0,2025-Jan-30-21:48:20.609403
1.5607570462257478,10852,0,1,1,0,0,0.0,0.0,2025-Jan-30-21:48:20.664666
0.6640040498607466,10853,5,1,0,-1,1,0.0,0.4,2025-Jan-30-21:48:20.709529
1.1757506411834284,10854,8,1,0,0,0,0.0,0.0,2025-Jan-30-21:48:20.767105
0.7207724244414657,10855,3,1,0,0,0,0.0,0.0,2025-Jan-30-21:48:20.811834
0.5937220119323934,10856,5,1,0,1,1,0.4,1.7,2025-Jan-30-21:48:20.891194
0.7207724247317728,10857,4,1,0,0,0,0.0,0.0,2025-Jan-30-21:48:20.937770
1.0757711430969912,10858,1,1,1,0,0,0.0,0.0,2025-Jan-30-21:48:21.012333
0.898188597457188,10859,10,1,1,1,1,1.9,1.3,2025-Jan-30-21:48:21.140250
1.0757711430969912,10860,1,1,1,0,0,0.0,0.0,2025-Jan-30-21:48:21.226085
0.7569364604146629,10861,6,1,0,-1,0,0.0,0.0,2025-Jan-30-21:48:21.287595
1.0757742179740988,10862,9,1,1,0,0,0.0,0.0,2025-Jan-30-21:48:21.335681
0.720770503000503,10863,1,1,0,0,0,0.0,0.0,2025-Jan-30-21:48:21.384530
0.8075973438166071,10864,2,1,0,0,-1,0.0,0.0,2025-Jan-30-21:48:21.441480
1.0757742179736964,10865,10,1,1,0,0,0.0,0.0,2025-Jan-30-21:48:21.489813
1.1119380948486355,10866,8,1,1,-1,0,0.0,0.0,2025-Jan-30-21:48:21.548073
0.7934205199716692,10867,1,1,0,1,-1,0.1,0.0,2025-Jan-30-21:48:21.605553
0.9487260500560725,10868,4,1,1,-1,1,0.0,1.5,2025-Jan-30-21:48:21.678535
1.2057564061623827,10869,0,1,0,0,0,0.0,0.0,2025-Jan-30-21:48:21.733482
1.1085655951940978,10870,3,1,1,-1,0,0.0,0.0,2025-Jan-30-21:48:21.790648
0.7207724245865745,10871,7,1,0,0,0,0.0,0.0,2025-Jan-30-21:48:21.834402
1.0757742178287177,10872,8,1,1,0,0,0.0,0.0,2025-Jan-30-21:48:21.883030
0.8981862139644008,10873,6,1,1,1,1,1.9,1.9,2025-Jan-30-21:48:21.979798
0.7207724245865745,10874,5,1,0,0,0,0.0,0.0,2025-Jan-30-21:48:22.065122
0.720770503000503,10875,1,1,0,0,0,0.0,0.0,2025-Jan-30-21:48:22.139354
0.7207724247317727,10876,6,1,0,0,0,0.0,0.0,2025-Jan-30-21:48:22.208719
0.7207724244414657,10877,3,1,0,0,0,0.0,0.0,2025-Jan-30-21:48:22.256364
0.7207724244414657,10878,3,1,0,0,0,0.0,0.0,2025-Jan-30-21:48:22.302384
0.7569364469195129,10879,6,1,0,-1,1,0.0,1.3,2025-Jan-30-21:48:22.387396
1.175750649983466,10880,8,1,0,0,1,0.0,1.5,2025-Jan-30-21:48:22.441909
0.7207724245865745,10881,7,1,0,0,0,0.0,0.0,2025-Jan-30-21:48:22.486991
0.7065935173026259,10882,5,1,0,-1,1,0.0,0.1,2025-Jan-30-21:48:22.531059
0.720770503000503,10883,1,1,0,0,0,0.0,0.0,2025-Jan-30-21:48:22.575379
0.7207724244414657,10884,3,1,0,0,0,0.0,0.0,2025-Jan-30-21:48:22.619554
0.7207724247317728,10885,4,1,0,0,0,0.0,0.0,2025-Jan-30-21:48:22.662934
0.7569364633080932,10886,7,1,0,-1,-1,0.0,0.0,2025-Jan-30-21:48:22.719454
0.8981849849546438,10887,6,1,1,1,0,1.5,0.0,2025-Jan-30-21:48:22.794310
0.720770503000503,10888,1,1,0,0,0,0.0,0.0,2025-Jan-30-21:48:22.838648
1.2057564061623827,10889,0,1,0,0,0,0.0,0.0,2025-Jan-30-21:48:22.893226
0.7207724247317728,10890,4,1,0,0,0,0.0,0.0,2025-Jan-30-21:48:22.937117
0.7207724245866639,10891,2,1,0,0,0,0.0,0.0,2025-Jan-30-21:48:22.999175
0.720770503000503,10892,1,1,0,0,0,0.0,0.0,2025-Jan-30-21:48:23.081180
0.7207724245865745,10893,7,1,0,0,0,0.0,0.0,2025-Jan-30-21:48:23.155277
0.720770503000503,10894,1,1,0,0,0,0.0,0.0,2025-Jan-30-21:48:23.211690
0.7207724245866639,10895,2,1,0,0,0,0.0,0.0,2025-Jan-30-21:48:23.257736
0.7207724106249206,10896,5,1,0,1,0,1.8,0.0,2025-Jan-30-21:48:23.320311
0.7207724116372796,10897,4,1,0,1,0,1.6,0.0,2025-Jan-30-21:48:23.377387
0.7207724244414657,10898,3,1,0,0,0,0.0,0.0,2025-Jan-30-21:48:23.563904
1.070893493707126,10899,10,1,0,-1,1,0.0,0.3,2025-Jan-30-21:48:23.644030
1.2057564061623827,10900,0,1,0,0,0,0.0,0.0,2025-Jan-30-21:48:23.700167
0.7207724245866639,10901,2,1,0,0,0,0.0,0.0,2025-Jan-30-21:48:23.743594
0.720770503000503,10902,1,1,0,0,0,0.0,0.0,2025-Jan-30-21:48:23.787784
0.720770503000503,10903,1,1,0,0,0,0.0,0.0,2025-Jan-30-21:48:23.831815
1.1915812448205214,10904,0,1,0,1,0,0.1,0.0,2025-Jan-30-21:48:23.885934
0.7207724244414657,10905,3,1,0,0,0,0.0,0.0,2025-Jan-30-21:48:23.929140
0.6782093236285555,10906,5,1,0,0,1,0.0,0.3,2025-Jan-30-21:48:23.993384
0.593720336178513,10907,3,1,0,0,1,0.0,1.8,2025-Jan-30-21:48:24.111325
0.7207724245866639,10908,2,1,0,0,0,0.0,0.0,2025-Jan-30-21:48:24.179036
0.7207724245866639,10909,2,1,0,0,0,0.0,0.0,2025-Jan-30-21:48:24.225265
0.7207724277510894,10910,7,1,0,0,-1,0.0,0.0,2025-Jan-30-21:48:24.273608
0.7207724244414657,10911,3,1,0,0,0,0.0,0.0,2025-Jan-30-21:48:24.318759
1.2057564061623827,10912,0,1,0,0,0,0.0,0.0,2025-Jan-30-21:48:24.375276
0.7569364472510123,10913,6,1,0,-1,1,0.0,0.6,2025-Jan-30-21:48:24.453702
0.7207724245866639,10914,2,1,0,0,0,0.0,0.0,2025-Jan-30-21:48:24.497736
0.7207724244414657,10915,3,1,0,0,0,0.0,0.0,2025-Jan-30-21:48:24.543665
0.9487301239145173,10916,9,1,1,1,1,1.9,1.3,2025-Jan-30-21:48:24.622590
0.720772427896289,10917,4,1,0,-1,0,0.0,0.0,2025-Jan-30-21:48:24.667177
0.7207724245866639,10918,2,1,0,0,0,0.0,0.0,2025-Jan-30-21:48:24.710726
0.7207724245865745,10919,5,1,0,0,0,0.0,0.0,2025-Jan-30-21:48:24.756802
0.8075973303638879,10920,5,1,0,1,-1,0.9,0.0,2025-Jan-30-21:48:24.835383
0.720770503000503,10921,1,1,0,0,0,0.0,0.0,2025-Jan-30-21:48:24.882124
0.7207724247317727,10922,6,1,0,0,0,0.0,0.0,2025-Jan-30-21:48:24.925387
0.9487260500560725,10923,4,1,1,-1,1,0.0,1.5,2025-Jan-30-21:48:25.021847
0.7207724112290309,10924,4,1,0,1,0,1.5,0.0,2025-Jan-30-21:48:25.127353
0.7207724245866639,10925,2,1,0,0,0,0.0,0.0,2025-Jan-30-21:48:25.188521
0.7207724247317728,10926,4,1,0,0,0,0.0,0.0,2025-Jan-30-21:48:25.234251
0.7207724244414657,10927,3,1,0,0,0,0.0,0.0,2025-Jan-30-21:48:25.282800
0.7207724244414657,10928,3,1,0,0,0,0.0,0.0,2025-Jan-30-21:48:25.327744
1.2057564061623827,10929,0,1,0,0,0,0.0,0.0,2025-Jan-30-21:48:25.385343
0.7207724244414657,10930,3,1,0,0,0,0.0,0.0,2025-Jan-30-21:48:25.429483
0.7207724247317728,10931,4,1,0,0,0,0.0,0.0,2025-Jan-30-21:48:25.475288
0.7207724245866639,10932,2,1,0,0,0,0.0,0.0,2025-Jan-30-21:48:25.519277
0.7207724245866639,10933,2,1,0,0,0,0.0,0.0,2025-Jan-30-21:48:25.564499
0.7207724245866639,10934,2,1,0,0,0,0.0,0.0,2025-Jan-30-21:48:25.608649
0.7207724245865745,10935,5,1,0,0,0,0.0,0.0,2025-Jan-30-21:48:25.654258
0.7207724247317727,10936,6,1,0,0,0,0.0,0.0,2025-Jan-30-21:48:25.698866
0.5431840356703166,10937,3,1,0,1,0,1.4,0.0,2025-Jan-30-21:48:25.771694
0.7207724244414657,10938,3,1,0,0,0,0.0,0.0,2025-Jan-30-21:48:25.815525
0.5431840358458833,10939,2,1,0,1,0,1.4,0.0,2025-Jan-30-21:48:25.888035
0.7207724114708879,10940,4,1,0,1,0,1.1,0.0,2025-Jan-30-21:48:25.941968
0.7207724244414657,10941,3,1,0,0,0,0.0,0.0,2025-Jan-30-21:48:26.009130
0.7207724245866639,10942,2,1,0,0,0,0.0,0.0,2025-Jan-30-21:48:26.091108
0.7207724245865745,10943,5,1,0,0,0,0.0,0.0,2025-Jan-30-21:48:26.161390
0.720770503000503,10944,1,1,0,0,0,0.0,0.0,2025-Jan-30-21:48:26.210970
0.720770503000503,10945,1,1,0,0,0,0.0,0.0,2025-Jan-30-21:48:26.260162
0.5431843444857276,10946,3,1,0,1,0,1.5,0.0,2025-Jan-30-21:48:26.338246
1.2057564061623827,10947,0,1,0,0,0,0.0,0.0,2025-Jan-30-21:48:26.393937
0.7207724245866639,10948,2,1,0,0,0,0.0,0.0,2025-Jan-30-21:48:26.437455
1.1757506492458072,10949,9,1,0,1,1,1.1,1.6,2025-Jan-30-21:48:26.493163
0.7137506327411989,10950,10,1,0,-1,1,0.0,0.1,2025-Jan-30-21:48:26.569779
0.7207724247317728,10951,4,1,0,0,0,0.0,0.0,2025-Jan-30-21:48:26.613442
1.1149881243547568,10952,0,1,0,1,-1,1.9,0.0,2025-Jan-30-21:48:26.714656
0.720770503000503,10953,1,1,0,0,0,0.0,0.0,2025-Jan-30-21:48:26.758976
0.720770503000503,10954,1,1,0,0,0,0.0,0.0,2025-Jan-30-21:48:26.802126
0.7569364604146629,10955,6,1,0,-1,0,0.0,0.0,2025-Jan-30-21:48:26.857986
1.2057564061623827,10956,0,1,0,0,0,0.0,0.0,2025-Jan-30-21:48:26.912686
1.0757509786066803,10957,5,1,1,-1,0,0.0,0.0,2025-Jan-30-21:48:26.976680
1.2925893835362965,10958,0,1,0,0,-1,0.0,0.0,2025-Jan-30-21:48:27.079491
0.990722370543751,10959,6,1,1,1,-1,0.6,0.0,2025-Jan-30-21:48:27.151042
1.1915812448205214,10960,0,1,0,1,0,0.1,0.0,2025-Jan-30-21:48:27.210817
1.2419215143445705,10961,0,1,0,-1,0,0.0,0.0,2025-Jan-30-21:48:27.289828
0.7207724244414657,10962,3,1,0,0,0,0.0,0.0,2025-Jan-30-21:48:27.336160
0.7207724247317728,10963,4,1,0,0,0,0.0,0.0,2025-Jan-30-21:48:27.380186
0.6924058124787751,10964,5,1,0,0,1,0.0,0.2,2025-Jan-30-21:48:27.426559
1.162586765871954,10965,3,1,1,0,-1,0.0,0.0,2025-Jan-30-21:48:27.484728
0.5937186491865596,10966,4,1,0,0,1,0.0,1.9,2025-Jan-30-21:48:27.556401
1.2419215143445705,10967,0,1,0,-1,0,0.0,0.0,2025-Jan-30-21:48:27.634062
0.7207724245865745,10968,5,1,0,0,0,0.0,0.0,2025-Jan-30-21:48:27.815411
0.7207724247317728,10969,4,1,0,0,0,0.0,0.0,2025-Jan-30-21:48:27.860845
0.7065935140839481,10970,2,1,0,0,1,0.0,0.1,2025-Jan-30-21:48:27.908068
0.7207724245865745,10971,7,1,0,0,0,0.0,0.0,2025-Jan-30-21:48:27.967927
0.7207724247317728,10972,4,1,0,0,0,0.0,0.0,2025-Jan-30-21:48:28.031024
0.9905407152163361,10973,5,1,1,1,1,0.1,0.6,2025-Jan-30-21:48:28.115444
0.7207724244414657,10974,3,1,0,0,0,0.0,0.0,2025-Jan-30-21:48:28.180957
1.162599289150435,10975,9,1,1,0,-1,0.0,0.0,2025-Jan-30-21:48:28.239091
1.2057564061623827,10976,0,1,0,0,0,0.0,0.0,2025-Jan-30-21:48:28.297114
0.7065978082865301,10977,7,1,0,1,0,0.1,0.0,2025-Jan-30-21:48:28.343751
0.6782093271085119,10978,4,1,0,-1,1,0.0,0.3,2025-Jan-30-21:48:28.387815
0.7207724277510907,10979,5,1,0,-1,0,0.0,0.0,2025-Jan-30-21:48:28.434870
0.7207724244414657,10980,3,1,0,0,0,0.0,0.0,2025-Jan-30-21:48:28.478859
0.9062066184163132,10981,8,1,1,1,1,0.3,1.3,2025-Jan-30-21:48:28.551073
0.720770503000503,10982,1,1,0,0,0,0.0,0.0,2025-Jan-30-21:48:28.594237
1.0047906202326486,10983,4,1,1,0,1,0.0,0.5,2025-Jan-30-21:48:28.637878
0.9487318283859498,10984,9,1,1,1,1,1.9,1.2,2025-Jan-30-21:48:28.714721
0.7207724244414657,10985,3,1,0,0,0,0.0,0.0,2025-Jan-30-21:48:28.757582
0.7207724245866639,10986,2,1,0,0,0,0.0,0.0,2025-Jan-30-21:48:28.801430
0.664070570586488,10987,1,1,0,1,0,0.4,0.0,2025-Jan-30-21:48:28.845079
0.720770503000503,10988,1,1,0,0,0,0.0,0.0,2025-Jan-30-21:48:28.888713
1.1119380948486355,10989,8,1,1,-1,0,0.0,0.0,2025-Jan-30-21:48:28.961674
0.7207724247317728,10990,4,1,0,0,0,0.0,0.0,2025-Jan-30-21:48:29.036282
1.070893498094094,10991,8,1,0,-1,0,0.0,0.0,2025-Jan-30-21:48:29.137883
0.9936619665353592,10992,0,1,0,1,1,0.6,0.9,2025-Jan-30-21:48:29.238611
0.8437667699124402,10993,2,1,0,-1,-1,0.0,0.0,2025-Jan-30-21:48:29.316903
0.720770503000503,10994,1,1,0,0,0,0.0,0.0,2025-Jan-30-21:48:29.362042
0.8981882887630984,10995,10,1,1,1,-1,1.8,0.0,2025-Jan-30-21:48:29.434517
0.7207724247317727,10996,6,1,0,0,0,0.0,0.0,2025-Jan-30-21:48:29.479968
1.1625992758217047,10997,9,1,1,1,-1,0.6,0.0,2025-Jan-30-21:48:29.557787
0.9486886488549064,10998,5,1,1,1,1,1.9,1.9,2025-Jan-30-21:48:29.637076
0.5431849513266335,10999,6,1,0,1,1,1.7,1.9,2025-Jan-30-21:48:29.714963
1.2057564061623827,11000,0,1,0,0,0,0.0,0.0,2025-Jan-30-21:48:29.775130
0.7207724247317727,11001,6,1,0,0,0,0.0,0.0,2025-Jan-30-21:48:29.820877
0.7207724112290309,11002,4,1,0,1,0,1.5,0.0,2025-Jan-30-21:48:29.875793
0.720772427896289,11003,4,1,0,-1,0,0.0,0.0,2025-Jan-30-21:48:29.920090
0.5937321893889627,11004,5,1,0,-1,1,0.0,1.1,2025-Jan-30-21:48:30.008193
0.720772411104349,11005,7,1,0,0,1,0.0,1.4,2025-Jan-30-21:48:30.090472
0.7207724245865745,11006,7,1,0,0,0,0.0,0.0,2025-Jan-30-21:48:30.160191
0.7065935173026259,11007,5,1,0,-1,1,0.0,0.1,2025-Jan-30-21:48:30.206448
0.7207724245866639,11008,2,1,0,0,0,0.0,0.0,2025-Jan-30-21:48:30.251215
0.7207724244414657,11009,3,1,0,0,0,0.0,0.0,2025-Jan-30-21:48:30.295381
0.7207724247317727,11010,6,1,0,0,0,0.0,0.0,2025-Jan-30-21:48:30.340326
0.7569364633080932,11011,7,1,0,-1,-1,0.0,0.0,2025-Jan-30-21:48:30.395696
0.7207724245866639,11012,2,1,0,0,0,0.0,0.0,2025-Jan-30-21:48:30.439853
0.720770503000503,11013,1,1,0,0,0,0.0,0.0,2025-Jan-30-21:48:30.483192
0.5431843444857276,11014,3,1,0,1,0,1.5,0.0,2025-Jan-30-21:48:30.555502
0.7207724247317728,11015,4,1,0,0,0,0.0,0.0,2025-Jan-30-21:48:30.598443
0.7207724244414657,11016,3,1,0,0,0,0.0,0.0,2025-Jan-30-21:48:30.642249
0.720770503000503,11017,1,1,0,0,0,0.0,0.0,2025-Jan-30-21:48:30.686139
0.7207724245865745,11018,7,1,0,0,0,0.0,0.0,2025-Jan-30-21:48:30.729641
1.2057564061623827,11019,0,1,0,0,0,0.0,0.0,2025-Jan-30-21:48:30.784918
0.720770503000503,11020,1,1,0,0,0,0.0,0.0,2025-Jan-30-21:48:30.828061
0.7207724244414657,11021,3,1,0,0,0,0.0,0.0,2025-Jan-30-21:48:30.871466
0.7207724247317728,11022,4,1,0,0,0,0.0,0.0,2025-Jan-30-21:48:30.914940
0.7207724245866639,11023,2,1,0,0,0,0.0,0.0,2025-Jan-30-21:48:30.984222
1.1757506670486992,11024,9,1,0,-1,0,0.0,0.0,2025-Jan-30-21:48:31.064204
1.2057564061623827,11025,0,1,0,0,0,0.0,0.0,2025-Jan-30-21:48:31.165925
0.720770503000503,11026,1,1,0,0,0,0.0,0.0,2025-Jan-30-21:48:31.212268
0.720770503000503,11027,1,1,0,0,0,0.0,0.0,2025-Jan-30-21:48:31.259774
0.7207724245866639,11028,2,1,0,0,0,0.0,0.0,2025-Jan-30-21:48:31.305177
0.7065978082866218,11029,2,1,0,1,0,0.1,0.0,2025-Jan-30-21:48:31.350662
0.7207724244414657,11030,3,1,0,0,0,0.0,0.0,2025-Jan-30-21:48:31.394686
0.720772411316936,11031,7,1,0,0,1,0.0,0.6,2025-Jan-30-21:48:31.449581
0.5937186488529942,11032,3,1,0,0,1,0.0,1.9,2025-Jan-30-21:48:31.522996
0.7207724244414657,11033,3,1,0,0,0,0.0,0.0,2025-Jan-30-21:48:31.566920
0.706593513936321,11034,3,1,0,0,1,0.0,0.1,2025-Jan-30-21:48:31.611494
0.7207724247317728,11035,4,1,0,0,0,0.0,0.0,2025-Jan-30-21:48:31.655809
0.7207724245866639,11036,2,1,0,0,0,0.0,0.0,2025-Jan-30-21:48:31.852712
0.7207724245866639,11037,2,1,0,0,0,0.0,0.0,2025-Jan-30-21:48:31.897307
0.6640040498607466,11038,5,1,0,-1,1,0.0,0.4,2025-Jan-30-21:48:31.941564
0.7207724244414657,11039,3,1,0,0,0,0.0,0.0,2025-Jan-30-21:48:32.014276
1.0757730646832417,11040,2,1,1,0,0,0.0,0.0,2025-Jan-30-21:48:32.087806
0.7711544625550026,11041,8,1,1,1,1,1.8,1.0,2025-Jan-30-21:48:32.210700
1.2057564061623827,11042,0,1,0,0,0,0.0,0.0,2025-Jan-30-21:48:32.270522
0.720770503000503,11043,1,1,0,0,0,0.0,0.0,2025-Jan-30-21:48:32.319098
0.7207724245865745,11044,5,1,0,0,0,0.0,0.0,2025-Jan-30-21:48:32.367349
0.7083681222358739,11045,3,1,0,1,-1,0.7,0.0,2025-Jan-30-21:48:32.425020
0.720770503000503,11046,1,1,0,0,0,0.0,0.0,2025-Jan-30-21:48:32.473016
0.7207724245865745,11047,7,1,0,0,0,0.0,0.0,2025-Jan-30-21:48:32.516142
0.8981862139644008,11048,6,1,1,1,1,1.9,1.9,2025-Jan-30-21:48:32.593651
