Cost,Sim,Switch_State_Indx,Gen1_on,Gen2_on,Batt1_mode,Batt2_mode,Batt1_power_kW,Batt2_power_kW,Timestamp
1.175750641146208,11049,10,1,0,0,0,0.0,0.0,2025-Jan-30-21:48:32.651811
1.175750641146208,11050,10,1,0,0,0,0.0,0.0,2025-Jan-30-21:48:32.706312
0.6210557516153219,11051,1,1,0,-1,1,0.0,1.7,2025-Jan-30-21:48:32.791033
0.7207724244414657,11052,3,1,0,0,0,0.0,0.0,2025-Jan-30-21:48:32.835149
1.1085655952507665,11053,7,1,1,-1,0,0.0,0.0,2025-Jan-30-21:48:32.893583
1.0708934980940992,11054,10,1,0,-1,0,0.0,0.0,2025-Jan-30-21:48:32.996695
0.7207724112290309,11055,4,1,0,1,0,1.5,0.0,2025-Jan-30-21:48:33.096356
0.6213354746137486,11056,5,1,0,0,1,0.0,0.7,2025-Jan-30-21:48:33.161408
1.162586765871954,11057,3,1,1,0,-1,0.0,0.0,2025-Jan-30-21:48:33.224808
1.0190748785396977,11058,8,1,1,1,0,0.4,0.0,2025-Jan-30-21:48:33.270664
0.7569364469730177,11059,7,1,0,-1,1,0.0,1.9,2025-Jan-30-21:48:33.352241
1.0757742179736964,11060,10,1,1,0,0,0.0,0.0,2025-Jan-30-21:48:33.394688
1.1757506670483657,11061,10,1,0,0,-1,0.0,0.0,2025-Jan-30-21:48:33.454483
1.6475900235901046,11062,0,1,1,0,-1,0.0,0.0,2025-Jan-30-21:48:33.535304
1.68375869634143,11063,0,1,1,-1,-1,0.0,0.0,2025-Jan-30-21:48:33.646620
1.0757730648283506,11064,4,1,1,0,0,0.0,0.0,2025-Jan-30-21:48:33.696144
0.7494822890755525,11065,1,1,0,-1,0,0.0,0.0,2025-Jan-30-21:48:33.756917
1.0757742179740988,11066,9,1,1,0,0,0.0,0.0,2025-Jan-30-21:48:33.807000
0.7207724277510907,11067,5,1,0,-1,0,0.0,0.0,2025-Jan-30-21:48:33.855695
1.1757506579024655,11068,9,1,0,1,1,1.0,1.7,2025-Jan-30-21:48:33.918211
0.8075973302229839,11069,5,1,0,1,-1,1.1,0.0,2025-Jan-30-21:48:34.036414
1.1241435174156138,11070,9,1,0,-1,-1,0.0,0.0,2025-Jan-30-21:48:34.142475
1.0332242649315764,11071,7,1,1,1,0,0.3,0.0,2025-Jan-30-21:48:34.208936
1.1757506670483657,11072,10,1,0,0,-1,0.0,0.0,2025-Jan-30-21:48:34.270557
0.7711342706786111,11073,2,1,1,1,1,1.4,1.9,2025-Jan-30-21:48:34.370896
1.0835746637589398,11074,1,1,1,-1,1,0.0,0.2,2025-Jan-30-21:48:34.426855
1.175750659067008,11075,9,1,0,1,1,1.6,1.1,2025-Jan-30-21:48:34.483145
1.2057564061623827,11076,0,1,0,0,0,0.0,0.0,2025-Jan-30-21:48:34.539966
1.2925893835362965,11077,0,1,0,0,-1,0.0,0.0,2025-Jan-30-21:48:34.622250
1.0920747426090922,11078,0,1,0,0,1,0.0,0.8,2025-Jan-30-21:48:34.678167
1.0757742211443824,11079,9,1,1,-1,0,0.0,0.0,2025-Jan-30-21:48:34.721388
0.8981524325810275,11080,7,1,1,1,0,1.6,0.0,2025-Jan-30-21:48:34.793967
0.6497899671050406,11081,4,1,0,1,1,1.7,0.5,2025-Jan-30-21:48:34.850338
1.162596231733874,11082,1,1,1,0,-1,0.0,0.0,2025-Jan-30-21:48:34.906334
0.9056666799601274,11083,8,1,1,1,0,1.2,0.0,2025-Jan-30-21:48:34.964438
1.1757506602892205,11084,8,1,0,1,0,0.6,0.0,2025-Jan-30-21:48:35.056037
1.1119380949877005,11085,10,1,1,-1,0,0.0,0.0,2025-Jan-30-21:48:35.152261
1.0757730648283506,11086,4,1,1,0,0,0.0,0.0,2025-Jan-30-21:48:35.207168
0.5931936625277201,11087,6,1,0,1,1,0.9,0.3,2025-Jan-30-21:48:35.263636
0.7569364469123261,11088,7,1,0,-1,1,0.0,0.7,2025-Jan-30-21:48:35.343965
1.2925893835362965,11089,0,1,0,0,-1,0.0,0.0,2025-Jan-30-21:48:35.422102
1.1757506936678708,11090,9,1,0,-1,1,0.0,0.5,2025-Jan-30-21:48:35.478857
1.0757730679928668,11091,4,1,1,-1,0,0.0,0.0,2025-Jan-30-21:48:35.522227
1.0048720962401305,11092,3,1,1,1,0,0.5,0.0,2025-Jan-30-21:48:35.566788
1.070893498094094,11093,8,1,0,-1,0,0.0,0.0,2025-Jan-30-21:48:35.627919
0.6299055867478092,11094,2,1,0,-1,1,0.0,0.9,2025-Jan-30-21:48:35.866514
1.5607570462257478,11095,0,1,1,0,0,0.0,0.0,2025-Jan-30-21:48:35.922970
1.0775428155483833,11096,1,1,1,1,-1,0.6,0.0,2025-Jan-30-21:48:35.998274
0.9487294331001815,11097,2,1,1,0,1,0.0,1.3,2025-Jan-30-21:48:36.109308
1.2057564061623827,11098,0,1,0,0,0,0.0,0.0,2025-Jan-30-21:48:36.180825
1.162597970212941,11099,4,1,1,1,-1,1.8,0.0,2025-Jan-30-21:48:36.262573
1.1757506411462284,11100,9,1,0,0,0,0.0,0.0,2025-Jan-30-21:48:36.320058
0.6298948657471959,11101,1,1,0,-1,1,0.0,1.6,2025-Jan-30-21:48:36.407719
0.7207724244414657,11102,3,1,0,0,0,0.0,0.0,2025-Jan-30-21:48:36.451159
0.7569364604146629,11103,6,1,0,-1,0,0.0,0.0,2025-Jan-30-21:48:36.510033
1.1757506670486992,11104,9,1,0,-1,0,0.0,0.0,2025-Jan-30-21:48:36.564478
0.7207724112495479,11105,4,1,0,1,0,1.4,0.0,2025-Jan-30-21:48:36.620796
0.6213354747759543,11106,4,1,0,0,1,0.0,0.7,2025-Jan-30-21:48:36.664635
1.1625979839033573,11107,2,1,1,0,-1,0.0,0.0,2025-Jan-30-21:48:36.721651
0.6640727569196077,11108,7,1,0,1,0,0.4,0.0,2025-Jan-30-21:48:36.766072
0.7569364468662557,11109,6,1,0,-1,1,0.0,1.8,2025-Jan-30-21:48:36.844844
1.1757506411462284,11110,9,1,0,0,0,0.0,0.0,2025-Jan-30-21:48:36.899934
1.1241434980757994,11111,9,1,0,0,-1,0.0,0.0,2025-Jan-30-21:48:36.985526
1.2925893835362965,11112,0,1,0,0,-1,0.0,0.0,2025-Jan-30-21:48:37.098039
1.328758056291552,11113,0,1,0,-1,-1,0.0,0.0,2025-Jan-30-21:48:37.229734
1.0757509769736244,11114,3,1,1,0,0,0.0,0.0,2025-Jan-30-21:48:37.276250
0.7494822890755525,11115,1,1,0,-1,0,0.0,0.0,2025-Jan-30-21:48:37.334184
1.0757742179740988,11116,9,1,1,0,0,0.0,0.0,2025-Jan-30-21:48:37.378026
0.720772427896289,11117,4,1,0,-1,0,0.0,0.0,2025-Jan-30-21:48:37.423289
1.1757506579024655,11118,9,1,0,1,1,1.0,1.7,2025-Jan-30-21:48:37.482034
0.8075973303538349,11119,4,1,0,1,-1,1.1,0.0,2025-Jan-30-21:48:37.559058
1.0322733681651044,11120,8,1,0,-1,-1,0.0,0.0,2025-Jan-30-21:48:37.632213
1.0474000412521947,11121,7,1,1,1,0,0.2,0.0,2025-Jan-30-21:48:37.676744
1.1757506670483657,11122,10,1,0,0,-1,0.0,0.0,2025-Jan-30-21:48:37.731579
0.7711312472241957,11123,1,1,1,1,1,1.4,1.9,2025-Jan-30-21:48:37.828235
1.5827439884792591,11124,0,1,1,-1,1,0.0,0.1,2025-Jan-30-21:48:37.906590
1.175750659067008,11125,9,1,0,1,1,1.6,1.1,2025-Jan-30-21:48:37.978690
1.2057564061623827,11126,0,1,0,0,0,0.0,0.0,2025-Jan-30-21:48:38.058526
1.2925893835362965,11127,0,1,0,0,-1,0.0,0.0,2025-Jan-30-21:48:38.169389
1.1063157077136516,11128,0,1,0,0,1,0.0,0.7,2025-Jan-30-21:48:38.228657
1.0757742211443824,11129,9,1,1,-1,0,0.0,0.0,2025-Jan-30-21:48:38.272839
0.8981524325810275,11130,7,1,1,1,0,1.6,0.0,2025-Jan-30-21:48:38.352045
0.4722167313791822,11131,3,1,0,1,1,1.7,0.5,2025-Jan-30-21:48:38.425351
0.8075955916472131,11132,1,1,0,0,-1,0.0,0.0,2025-Jan-30-21:48:38.483404
0.9056666799601274,11133,8,1,1,1,0,1.2,0.0,2025-Jan-30-21:48:38.527668
0.6357217267863515,11134,7,1,0,1,0,0.6,0.0,2025-Jan-30-21:48:38.571264
1.1757506670486992,11135,9,1,0,-1,0,0.0,0.0,2025-Jan-30-21:48:38.625834
0.7207724247317728,11136,4,1,0,0,0,0.0,0.0,2025-Jan-30-21:48:38.670918
0.5931936625277201,11137,6,1,0,1,1,0.9,0.3,2025-Jan-30-21:48:38.726768
0.7569364469123261,11138,7,1,0,-1,1,0.0,0.7,2025-Jan-30-21:48:38.806423
1.2925893835362965,11139,0,1,0,0,-1,0.0,0.0,2025-Jan-30-21:48:38.883642
1.1757506936678708,11140,9,1,0,-1,1,0.0,0.5,2025-Jan-30-21:48:38.939764
0.720772427896289,11141,4,1,0,-1,0,0.0,0.0,2025-Jan-30-21:48:39.002428
0.6498973416939033,11142,3,1,0,1,0,0.5,0.0,2025-Jan-30-21:48:39.077283
1.070893498094094,11143,8,1,0,-1,0,0.0,0.0,2025-Jan-30-21:48:39.179687
0.6299035745608996,11144,1,1,0,-1,1,0.0,0.9,2025-Jan-30-21:48:39.268005
1.2057564061623827,11145,0,1,0,0,0,0.0,0.0,2025-Jan-30-21:48:39.326297
0.7225421754516693,11146,1,1,0,1,-1,0.6,0.0,2025-Jan-30-21:48:39.382358
0.9487272621652416,11147,1,1,1,0,1,0.0,1.3,2025-Jan-30-21:48:39.454594
1.2057564061623827,11148,0,1,0,0,0,0.0,0.0,2025-Jan-30-21:48:39.513312
0.807597330115852,11149,4,1,0,1,-1,1.7,0.0,2025-Jan-30-21:48:39.591058
1.2642380999149359,11150,0,1,0,1,-1,0.2,0.0,2025-Jan-30-21:48:39.670305
0.9487352549095692,11151,8,1,1,0,1,0.0,1.0,2025-Jan-30-21:48:39.743422
1.1625979868810234,11152,4,1,1,-1,-1,0.0,0.0,2025-Jan-30-21:48:39.801638
1.162586765871954,11153,3,1,1,0,-1,0.0,0.0,2025-Jan-30-21:48:39.859445
0.7207724245865745,11154,7,1,0,0,0,0.0,0.0,2025-Jan-30-21:48:39.903084
0.7207724244414657,11155,3,1,0,0,0,0.0,0.0,2025-Jan-30-21:48:39.962910
0.749469553143833,11156,3,1,0,-1,0,0.0,0.0,2025-Jan-30-21:48:40.071154
1.1757506842772245,11157,9,1,0,1,1,1.7,0.1,2025-Jan-30-21:48:40.150575
1.162599289019349,11158,8,1,1,0,-1,0.0,0.0,2025-Jan-30-21:48:40.365221
0.9198412698652599,11159,2,1,1,1,0,1.1,0.0,2025-Jan-30-21:48:40.416243
1.0757509770461597,11160,5,1,1,0,0,0.0,0.0,2025-Jan-30-21:48:40.466025
1.1982057000075539,11161,3,1,1,-1,-1,0.0,0.0,2025-Jan-30-21:48:40.548010
0.7792452470766542,11162,1,1,0,1,-1,0.2,0.0,2025-Jan-30-21:48:40.612713
1.1757506411462284,11163,9,1,0,0,0,0.0,0.0,2025-Jan-30-21:48:40.675392
0.7207724245865745,11164,7,1,0,0,0,0.0,0.0,2025-Jan-30-21:48:40.724546
0.4722167313791822,11165,3,1,0,1,1,1.7,0.5,2025-Jan-30-21:48:40.812845
0.6782093102708049,11166,5,1,0,1,1,0.9,0.3,2025-Jan-30-21:48:40.868176
0.6298948657471959,11167,1,1,0,-1,1,0.0,1.6,2025-Jan-30-21:48:40.966539
0.6213354746137486,11168,5,1,0,0,1,0.0,0.7,2025-Jan-30-21:48:41.045160
0.6433580119095207,11169,1,1,0,-1,1,0.0,0.8,2025-Jan-30-21:48:41.150370
0.6357217267863515,11170,7,1,0,1,0,0.6,0.0,2025-Jan-30-21:48:41.208261
1.0190482833154215,11171,3,1,1,1,0,0.4,0.0,2025-Jan-30-21:48:41.255106
1.1757506647386748,11172,8,1,0,1,0,0.3,0.0,2025-Jan-30-21:48:41.319254
0.5431843444857276,11173,3,1,0,1,0,1.5,0.0,2025-Jan-30-21:48:41.394688
0.7207724245866639,11174,2,1,0,0,0,0.0,0.0,2025-Jan-30-21:48:41.439805
1.0757730648283506,11175,4,1,1,0,0,0.0,0.0,2025-Jan-30-21:48:41.484677
0.720772427896289,11176,4,1,0,-1,0,0.0,0.0,2025-Jan-30-21:48:41.531180
0.720772427896289,11177,4,1,0,-1,0,0.0,0.0,2025-Jan-30-21:48:41.574204
1.5767103494300598,11178,0,1,1,1,-1,0.5,0.0,2025-Jan-30-21:48:41.652152
1.2419215143445705,11179,0,1,0,-1,0,0.0,0.0,2025-Jan-30-21:48:41.733485
0.7569364467269762,11180,7,1,0,-1,1,0.0,1.8,2025-Jan-30-21:48:41.812332
0.7569364472510123,11181,6,1,0,-1,1,0.0,0.6,2025-Jan-30-21:48:41.889399
0.7569364604146629,11182,6,1,0,-1,0,0.0,0.0,2025-Jan-30-21:48:41.968806
0.7711312472241957,11183,1,1,1,1,1,1.4,1.9,2025-Jan-30-21:48:42.120027
0.8075955916472131,11184,1,1,0,0,-1,0.0,0.0,2025-Jan-30-21:48:42.204478
0.807597330115852,11185,4,1,0,1,-1,1.7,0.0,2025-Jan-30-21:48:42.284837
0.8075973302269588,11186,5,1,0,1,-1,1.0,0.0,2025-Jan-30-21:48:42.366035
0.5431846542494557,11187,6,1,0,1,0,1.6,0.0,2025-Jan-30-21:48:42.440284
0.9198434061619916,11188,8,1,1,1,0,1.1,0.0,2025-Jan-30-21:48:42.485425
0.5937304888661115,11189,2,1,0,0,1,0.0,1.2,2025-Jan-30-21:48:42.560574
1.0322733681651044,11190,8,1,0,-1,-1,0.0,0.0,2025-Jan-30-21:48:42.636452
1.0474000412521947,11191,7,1,1,1,0,0.2,0.0,2025-Jan-30-21:48:42.681322
0.7569364602753836,11192,7,1,0,-1,0,0.0,0.0,2025-Jan-30-21:48:42.739798
1.1757506670486992,11193,9,1,0,-1,0,0.0,0.0,2025-Jan-30-21:48:42.795247
1.0757509769736244,11194,3,1,1,0,0,0.0,0.0,2025-Jan-30-21:48:42.840213
1.1757506411462284,11195,9,1,0,0,0,0.0,0.0,2025-Jan-30-21:48:42.895503
1.0757742179740988,11196,9,1,1,0,0,0.0,0.0,2025-Jan-30-21:48:42.941054
1.070893498094094,11197,8,1,0,-1,0,0.0,0.0,2025-Jan-30-21:48:43.064863
1.5827439884792591,11198,0,1,1,-1,1,0.0,0.1,2025-Jan-30-21:48:43.179324
1.1063157077136516,11199,0,1,0,0,1,0.0,0.7,2025-Jan-30-21:48:43.235794
1.2500621651016184,11200,0,1,0,1,-1,0.3,0.0,2025-Jan-30-21:48:43.323963
0.9487352549095692,11201,8,1,1,0,1,0.0,1.0,2025-Jan-30-21:48:43.396120
1.1625979868810234,11202,4,1,1,-1,-1,0.0,0.0,2025-Jan-30-21:48:43.453045
1.162586765871954,11203,3,1,1,0,-1,0.0,0.0,2025-Jan-30-21:48:43.510668
0.7207724245865745,11204,7,1,0,0,0,0.0,0.0,2025-Jan-30-21:48:43.557309
0.7207724244414657,11205,3,1,0,0,0,0.0,0.0,2025-Jan-30-21:48:43.600358
0.749469553143833,11206,3,1,0,-1,0,0.0,0.0,2025-Jan-30-21:48:43.656160
1.1757506842772245,11207,9,1,0,1,1,1.7,0.1,2025-Jan-30-21:48:43.711853
1.162599289019349,11208,8,1,1,0,-1,0.0,0.0,2025-Jan-30-21:48:43.767656
0.9198412698652599,11209,2,1,1,1,0,1.1,0.0,2025-Jan-30-21:48:43.814177
1.0757509770461597,11210,5,1,1,0,0,0.0,0.0,2025-Jan-30-21:48:43.858840
1.1982057000075539,11211,3,1,1,-1,-1,0.0,0.0,2025-Jan-30-21:48:43.929488
0.7792452470766542,11212,1,1,0,1,-1,0.2,0.0,2025-Jan-30-21:48:44.032983
1.1757506411462284,11213,9,1,0,0,0,0.0,0.0,2025-Jan-30-21:48:44.122417
0.7207724245865745,11214,7,1,0,0,0,0.0,0.0,2025-Jan-30-21:48:44.187150
0.749469553143833,11215,3,1,0,-1,0,0.0,0.0,2025-Jan-30-21:48:44.249368
1.162599289150435,11216,9,1,1,0,-1,0.0,0.0,2025-Jan-30-21:48:44.309609
1.5969221544039711,11217,0,1,1,-1,0,0.0,0.0,2025-Jan-30-21:48:44.390526
1.0757730648283506,11218,6,1,1,0,0,0.0,0.0,2025-Jan-30-21:48:44.434522
1.2419215143445705,11219,0,1,0,-1,0,0.0,0.0,2025-Jan-30-21:48:44.513260
0.6300031780782928,11220,2,1,0,1,-1,1.7,0.0,2025-Jan-30-21:48:44.599083
1.5607570462257478,11221,0,1,1,0,0,0.0,0.0,2025-Jan-30-21:48:44.652697
1.1987685683099123,11222,8,1,1,-1,-1,0.0,0.0,2025-Jan-30-21:48:44.722043
0.7569364467474639,11223,7,1,0,-1,1,0.0,0.1,2025-Jan-30-21:48:44.798370
0.7207724247317728,11224,4,1,0,0,0,0.0,0.0,2025-Jan-30-21:48:44.841848
0.8075973439474216,11225,4,1,0,0,-1,0.0,0.0,2025-Jan-30-21:48:44.899182
1.1757506411462284,11226,9,1,0,0,0,0.0,0.0,2025-Jan-30-21:48:45.101735
1.1757506578212604,11227,10,1,0,1,0,1.0,0.0,2025-Jan-30-21:48:45.202775
1.1625979840341714,11228,4,1,1,0,-1,0.0,0.0,2025-Jan-30-21:48:45.279423
1.1757506411834284,11229,8,1,0,0,0,0.0,0.0,2025-Jan-30-21:48:45.339891
0.4722167313791822,11230,3,1,0,1,1,1.7,0.5,2025-Jan-30-21:48:45.414404
0.5431843444857276,11231,3,1,0,1,0,1.5,0.0,2025-Jan-30-21:48:45.488537
0.5431846542494557,11232,6,1,0,1,0,1.6,0.0,2025-Jan-30-21:48:45.561360
0.6782093102708049,11233,5,1,0,1,1,0.9,0.3,2025-Jan-30-21:48:45.619292
0.5937304888661115,11234,2,1,0,0,1,0.0,1.2,2025-Jan-30-21:48:45.694312
1.1148741130999507,11235,0,1,0,-1,1,0.0,1.7,2025-Jan-30-21:48:45.797374
0.6213354746137486,11236,5,1,0,0,1,0.0,0.7,2025-Jan-30-21:48:45.840940
0.6299035745608996,11237,1,1,0,-1,1,0.0,0.9,2025-Jan-30-21:48:45.926575
0.6357217267863515,11238,7,1,0,1,0,0.6,0.0,2025-Jan-30-21:48:45.974079
0.6640727567648179,11239,3,1,0,1,0,0.4,0.0,2025-Jan-30-21:48:46.042828
0.6640727569196077,11240,7,1,0,1,0,0.4,0.0,2025-Jan-30-21:48:46.121975
0.7207724245866639,11241,2,1,0,0,0,0.0,0.0,2025-Jan-30-21:48:46.207629
0.7207724244414657,11242,3,1,0,0,0,0.0,0.0,2025-Jan-30-21:48:46.257435
0.7207724245865745,11243,7,1,0,0,0,0.0,0.0,2025-Jan-30-21:48:46.305184
0.7207724245865745,11244,7,1,0,0,0,0.0,0.0,2025-Jan-30-21:48:46.351843
0.7207724247317728,11245,4,1,0,0,0,0.0,0.0,2025-Jan-30-21:48:46.396225
0.720772427896289,11246,4,1,0,-1,0,0.0,0.0,2025-Jan-30-21:48:46.441421
0.720772427896289,11247,4,1,0,-1,0,0.0,0.0,2025-Jan-30-21:48:46.484494
0.7225421754516693,11248,1,1,0,1,-1,0.6,0.0,2025-Jan-30-21:48:46.541036
0.749469553143833,11249,3,1,0,-1,0,0.0,0.0,2025-Jan-30-21:48:46.599419
1.2419215143445705,11250,0,1,0,-1,0,0.0,0.0,2025-Jan-30-21:48:46.677252
0.7569364468662557,11251,6,1,0,-1,1,0.0,1.8,2025-Jan-30-21:48:46.754644
0.7569364472510123,11252,6,1,0,-1,1,0.0,0.6,2025-Jan-30-21:48:46.832274
0.7569364602753836,11253,7,1,0,-1,0,0.0,0.0,2025-Jan-30-21:48:46.887383
0.7569364604146629,11254,6,1,0,-1,0,0.0,0.0,2025-Jan-30-21:48:46.943721
0.7711312472241957,11255,1,1,1,1,1,1.4,1.9,2025-Jan-30-21:48:47.096901
0.7792452470766542,11256,1,1,0,1,-1,0.2,0.0,2025-Jan-30-21:48:47.177140
1.162596231733874,11257,1,1,1,0,-1,0.0,0.0,2025-Jan-30-21:48:47.235010
0.807597330115852,11258,4,1,0,1,-1,1.7,0.0,2025-Jan-30-21:48:47.320619
0.8075973303538349,11259,4,1,0,1,-1,1.1,0.0,2025-Jan-30-21:48:47.399736
0.9198434061619916,11260,8,1,1,1,0,1.1,0.0,2025-Jan-30-21:48:47.444210
0.9198412698652599,11261,2,1,1,1,0,1.1,0.0,2025-Jan-30-21:48:47.489850
0.9487352549095692,11262,8,1,1,0,1,0.0,1.0,2025-Jan-30-21:48:47.562841
1.0322733681651044,11263,8,1,0,-1,-1,0.0,0.0,2025-Jan-30-21:48:47.639607
0.678247972759796,11264,6,1,0,1,0,0.3,0.0,2025-Jan-30-21:48:47.685249
0.749469553143833,11265,3,1,0,-1,0,0.0,0.0,2025-Jan-30-21:48:47.741872
1.162599289150435,11266,9,1,1,0,-1,0.0,0.0,2025-Jan-30-21:48:47.799039
1.5969221544039711,11267,0,1,1,-1,0,0.0,0.0,2025-Jan-30-21:48:47.877478
1.0757730648283506,11268,6,1,1,0,0,0.0,0.0,2025-Jan-30-21:48:47.921569
1.2419215143445705,11269,0,1,0,-1,0,0.0,0.0,2025-Jan-30-21:48:48.028408
0.6300031780782928,11270,2,1,0,1,-1,1.7,0.0,2025-Jan-30-21:48:48.150371
1.5607570462257478,11271,0,1,1,0,0,0.0,0.0,2025-Jan-30-21:48:48.206544
1.1987685683099123,11272,8,1,1,-1,-1,0.0,0.0,2025-Jan-30-21:48:48.277955
0.7569364467474639,11273,7,1,0,-1,1,0.0,0.1,2025-Jan-30-21:48:48.360119
0.7207724247317728,11274,4,1,0,0,0,0.0,0.0,2025-Jan-30-21:48:48.404435
0.8075973439474216,11275,4,1,0,0,-1,0.0,0.0,2025-Jan-30-21:48:48.461193
1.1757506411462284,11276,9,1,0,0,0,0.0,0.0,2025-Jan-30-21:48:48.515264
1.1757506578212604,11277,10,1,0,1,0,1.0,0.0,2025-Jan-30-21:48:48.569696
1.1625979840341714,11278,4,1,1,0,-1,0.0,0.0,2025-Jan-30-21:48:48.631405
1.1757506411834284,11279,8,1,0,0,0,0.0,0.0,2025-Jan-30-21:48:48.687867
1.2925893835362965,11280,0,1,0,0,-1,0.0,0.0,2025-Jan-30-21:48:48.767601
0.8075973467942734,11281,4,1,0,-1,-1,0.0,0.0,2025-Jan-30-21:48:48.824550
1.04742494624815,11282,10,1,1,1,-1,0.2,0.0,2025-Jan-30-21:48:48.867258
0.6299019586641412,11283,2,1,0,-1,1,0.0,1.2,2025-Jan-30-21:48:48.976659
1.1757506411462284,11284,9,1,0,0,0,0.0,0.0,2025-Jan-30-21:48:49.062613
1.1757506411462284,11285,9,1,0,0,0,0.0,0.0,2025-Jan-30-21:48:49.464771
1.2419215143445705,11286,0,1,0,-1,0,0.0,0.0,2025-Jan-30-21:48:49.563011
1.0473827485953358,11287,5,1,1,0,1,0.0,0.2,2025-Jan-30-21:48:49.607801
1.1241434936622328,11288,9,1,0,1,-1,1.2,0.0,2025-Jan-30-21:48:49.686476
1.5607570462257478,11289,0,1,1,0,0,0.0,0.0,2025-Jan-30-21:48:49.741673
1.1119371005071663,11290,6,1,1,-1,0,0.0,0.0,2025-Jan-30-21:48:49.802267
0.7494822890755525,11291,1,1,0,-1,0,0.0,0.0,2025-Jan-30-21:48:49.865194
0.8437651642955636,11292,1,1,0,-1,-1,0.0,0.0,2025-Jan-30-21:48:49.962464
0.7207724113718833,11293,6,1,0,0,1,0.0,0.1,2025-Jan-30-21:48:50.048807
0.7207724245865745,11294,5,1,0,0,0,0.0,0.0,2025-Jan-30-21:48:50.134893
0.4722167313791822,11295,3,1,0,1,1,1.7,0.5,2025-Jan-30-21:48:50.233368
0.7207724112495479,11296,4,1,0,1,0,1.4,0.0,2025-Jan-30-21:48:50.289178
0.5431846542494557,11297,6,1,0,1,0,1.6,0.0,2025-Jan-30-21:48:50.363851
0.6073698812943714,11298,6,1,0,1,1,0.8,0.2,2025-Jan-30-21:48:50.418952
0.5937304888661115,11299,2,1,0,0,1,0.0,1.2,2025-Jan-30-21:48:50.491435
0.6298948657471959,11300,1,1,0,-1,1,0.0,1.6,2025-Jan-30-21:48:50.576814
0.6213354746137486,11301,5,1,0,0,1,0.0,0.7,2025-Jan-30-21:48:50.622237
0.6299035745608996,11302,1,1,0,-1,1,0.0,0.9,2025-Jan-30-21:48:50.705962
0.6300031780782928,11303,2,1,0,1,-1,1.7,0.0,2025-Jan-30-21:48:50.790618
0.6357217267863515,11304,7,1,0,1,0,0.6,0.0,2025-Jan-30-21:48:50.833678
1.0190733970230317,11305,2,1,1,1,0,0.4,0.0,2025-Jan-30-21:48:50.876760
0.6782479726073305,11306,7,1,0,1,0,0.3,0.0,2025-Jan-30-21:48:50.922416
1.0474000412521947,11307,7,1,1,1,0,0.2,0.0,2025-Jan-30-21:48:50.985980
0.7207724245866639,11308,2,1,0,0,0,0.0,0.0,2025-Jan-30-21:48:51.066240
0.7207724244414657,11309,3,1,0,0,0,0.0,0.0,2025-Jan-30-21:48:51.153569
0.7207724245865745,11310,7,1,0,0,0,0.0,0.0,2025-Jan-30-21:48:51.208152
0.7207724245865745,11311,7,1,0,0,0,0.0,0.0,2025-Jan-30-21:48:51.250542
0.7207724247317728,11312,4,1,0,0,0,0.0,0.0,2025-Jan-30-21:48:51.293673
0.7207724247317728,11313,4,1,0,0,0,0.0,0.0,2025-Jan-30-21:48:51.338404
0.720772427896289,11314,4,1,0,-1,0,0.0,0.0,2025-Jan-30-21:48:51.383324
0.720772427896289,11315,4,1,0,-1,0,0.0,0.0,2025-Jan-30-21:48:51.428011
1.5767103494300598,11316,0,1,1,1,-1,0.5,0.0,2025-Jan-30-21:48:51.508192
0.749469553143833,11317,3,1,0,-1,0,0.0,0.0,2025-Jan-30-21:48:51.566339
0.749469553143833,11318,3,1,0,-1,0,0.0,0.0,2025-Jan-30-21:48:51.623385
1.2419215143445705,11319,0,1,0,-1,0,0.0,0.0,2025-Jan-30-21:48:51.703048
0.7569364467269762,11320,7,1,0,-1,1,0.0,1.8,2025-Jan-30-21:48:51.782471
0.7569364467474639,11321,7,1,0,-1,1,0.0,0.1,2025-Jan-30-21:48:51.861475
0.7569364469123261,11322,7,1,0,-1,1,0.0,0.7,2025-Jan-30-21:48:51.941192
0.7569364602753836,11323,7,1,0,-1,0,0.0,0.0,2025-Jan-30-21:48:52.041152
0.7569364604146629,11324,6,1,0,-1,0,0.0,0.0,2025-Jan-30-21:48:52.148603
0.7711312472241957,11325,1,1,1,1,1,1.4,1.9,2025-Jan-30-21:48:52.262570
0.7792452470766542,11326,1,1,0,1,-1,0.2,0.0,2025-Jan-30-21:48:52.325311
0.8075955916472131,11327,1,1,0,0,-1,0.0,0.0,2025-Jan-30-21:48:52.388186
0.807597330115852,11328,4,1,0,1,-1,1.7,0.0,2025-Jan-30-21:48:52.470086
0.8075973303538349,11329,4,1,0,1,-1,1.1,0.0,2025-Jan-30-21:48:52.549070
1.2925893835362965,11330,0,1,0,0,-1,0.0,0.0,2025-Jan-30-21:48:52.627413
0.8075973467942734,11331,4,1,0,-1,-1,0.0,0.0,2025-Jan-30-21:48:52.684333
1.04742494624815,11332,10,1,1,1,-1,0.2,0.0,2025-Jan-30-21:48:52.729336
0.6299019586641412,11333,2,1,0,-1,1,0.0,1.2,2025-Jan-30-21:48:52.816297
1.1757506411462284,11334,9,1,0,0,0,0.0,0.0,2025-Jan-30-21:48:52.872641
1.1757506411462284,11335,9,1,0,0,0,0.0,0.0,2025-Jan-30-21:48:52.930647
1.2419215143445705,11336,0,1,0,-1,0,0.0,0.0,2025-Jan-30-21:48:53.035092
1.0473827485953358,11337,5,1,1,0,1,0.0,0.2,2025-Jan-30-21:48:53.117181
1.1241434936622328,11338,9,1,0,1,-1,1.2,0.0,2025-Jan-30-21:48:53.214641
1.5607570462257478,11339,0,1,1,0,0,0.0,0.0,2025-Jan-30-21:48:53.271968
1.1119371005071663,11340,6,1,1,-1,0,0.0,0.0,2025-Jan-30-21:48:53.333539
0.7494822890755525,11341,1,1,0,-1,0,0.0,0.0,2025-Jan-30-21:48:53.391568
0.8437651642955636,11342,1,1,0,-1,-1,0.0,0.0,2025-Jan-30-21:48:53.462853
0.7207724113718833,11343,6,1,0,0,1,0.0,0.1,2025-Jan-30-21:48:53.519251
0.7207724245865745,11344,5,1,0,0,0,0.0,0.0,2025-Jan-30-21:48:53.564386
0.7569364604146629,11345,6,1,0,-1,0,0.0,0.0,2025-Jan-30-21:48:53.621273
1.070893498094094,11346,8,1,0,-1,0,0.0,0.0,2025-Jan-30-21:48:53.684334
1.0757742179736964,11347,10,1,1,0,0,0.0,0.0,2025-Jan-30-21:48:53.879534
1.2057564061623827,11348,0,1,0,0,0,0.0,0.0,2025-Jan-30-21:48:53.938878
1.162586765871954,11349,3,1,1,0,-1,0.0,0.0,2025-Jan-30-21:48:54.028233
0.7207724277510907,11350,5,1,0,-1,0,0.0,0.0,2025-Jan-30-21:48:54.114063
1.0757730515436084,11351,4,1,1,1,0,0.7,0.0,2025-Jan-30-21:48:54.195718
1.1119353369785046,11352,1,1,1,-1,0,0.0,0.0,2025-Jan-30-21:48:54.257373
1.0757742179736964,11353,10,1,1,0,0,0.0,0.0,2025-Jan-30-21:48:54.303211
1.0757509769736244,11354,3,1,1,0,0,0.0,0.0,2025-Jan-30-21:48:54.351711
0.9056330049544874,11355,3,1,1,1,0,1.2,0.0,2025-Jan-30-21:48:54.395873
1.1757506894484424,11356,8,1,0,1,1,0.2,0.4,2025-Jan-30-21:48:54.451337
0.720770503000503,11357,1,1,0,0,0,0.0,0.0,2025-Jan-30-21:48:54.494608
1.0757730648283506,11358,4,1,1,0,0,0.0,0.0,2025-Jan-30-21:48:54.540430
0.7569364604146629,11359,6,1,0,-1,0,0.0,0.0,2025-Jan-30-21:48:54.597935
0.4722167313791822,11360,3,1,0,1,1,1.7,0.5,2025-Jan-30-21:48:54.671564
0.7207724112495479,11361,4,1,0,1,0,1.4,0.0,2025-Jan-30-21:48:54.725795
0.5431846542494557,11362,6,1,0,1,0,1.6,0.0,2025-Jan-30-21:48:54.799306
0.6782093102708049,11363,5,1,0,1,1,0.9,0.3,2025-Jan-30-21:48:54.858212
0.5937304888661115,11364,2,1,0,0,1,0.0,1.2,2025-Jan-30-21:48:54.932430
0.6298948657471959,11365,1,1,0,-1,1,0.0,1.6,2025-Jan-30-21:48:55.062815
0.6213354746137486,11366,5,1,0,0,1,0.0,0.7,2025-Jan-30-21:48:55.137494
0.6299019586641412,11367,2,1,0,-1,1,0.0,1.2,2025-Jan-30-21:48:55.235611
0.6299035745608996,11368,1,1,0,-1,1,0.0,0.9,2025-Jan-30-21:48:55.327412
0.6300031780782928,11369,2,1,0,1,-1,1.7,0.0,2025-Jan-30-21:48:55.416671
0.6357217267863515,11370,7,1,0,1,0,0.6,0.0,2025-Jan-30-21:48:55.461416
0.6498973416939033,11371,3,1,0,1,0,0.5,0.0,2025-Jan-30-21:48:55.505650
0.6640727569196077,11372,7,1,0,1,0,0.4,0.0,2025-Jan-30-21:48:55.550650
0.678247972759796,11373,6,1,0,1,0,0.3,0.0,2025-Jan-30-21:48:55.593324
0.7207724113718833,11374,6,1,0,0,1,0.0,0.1,2025-Jan-30-21:48:55.650769
0.7207724245866639,11375,2,1,0,0,0,0.0,0.0,2025-Jan-30-21:48:55.695728
0.7207724244414657,11376,3,1,0,0,0,0.0,0.0,2025-Jan-30-21:48:55.739262
0.7207724245865745,11377,7,1,0,0,0,0.0,0.0,2025-Jan-30-21:48:55.781694
0.7207724245865745,11378,7,1,0,0,0,0.0,0.0,2025-Jan-30-21:48:55.827411
0.7207724245865745,11379,5,1,0,0,0,0.0,0.0,2025-Jan-30-21:48:55.870494
0.7207724247317728,11380,4,1,0,0,0,0.0,0.0,2025-Jan-30-21:48:55.912928
0.7207724247317728,11381,4,1,0,0,0,0.0,0.0,2025-Jan-30-21:48:55.984140
0.720772427896289,11382,4,1,0,-1,0,0.0,0.0,2025-Jan-30-21:48:56.061563
0.720772427896289,11383,4,1,0,-1,0,0.0,0.0,2025-Jan-30-21:48:56.144004
1.5767103494300598,11384,0,1,1,1,-1,0.5,0.0,2025-Jan-30-21:48:56.236516
0.749469553143833,11385,3,1,0,-1,0,0.0,0.0,2025-Jan-30-21:48:56.299282
0.749469553143833,11386,3,1,0,-1,0,0.0,0.0,2025-Jan-30-21:48:56.361794
1.2419215143445705,11387,0,1,0,-1,0,0.0,0.0,2025-Jan-30-21:48:56.442854
0.7494822890755525,11388,1,1,0,-1,0,0.0,0.0,2025-Jan-30-21:48:56.499717
0.7569364468662557,11389,6,1,0,-1,1,0.0,1.8,2025-Jan-30-21:48:56.578712
0.7569364467474639,11390,7,1,0,-1,1,0.0,0.1,2025-Jan-30-21:48:56.656262
0.7569364472510123,11391,6,1,0,-1,1,0.0,0.6,2025-Jan-30-21:48:56.735503
1.070893498094094,11392,8,1,0,-1,0,0.0,0.0,2025-Jan-30-21:48:56.798576
0.7569364604146629,11393,6,1,0,-1,0,0.0,0.0,2025-Jan-30-21:48:56.857251
0.7711312472241957,11394,1,1,1,1,1,1.4,1.9,2025-Jan-30-21:48:56.969655
0.7569364604146629,11395,6,1,0,-1,0,0.0,0.0,2025-Jan-30-21:48:57.056948
1.070893498094094,11396,8,1,0,-1,0,0.0,0.0,2025-Jan-30-21:48:57.164906
1.0757742179736964,11397,10,1,1,0,0,0.0,0.0,2025-Jan-30-21:48:57.210203
1.2057564061623827,11398,0,1,0,0,0,0.0,0.0,2025-Jan-30-21:48:57.268969
1.162586765871954,11399,3,1,1,0,-1,0.0,0.0,2025-Jan-30-21:48:57.477154
0.7207724277510907,11400,5,1,0,-1,0,0.0,0.0,2025-Jan-30-21:48:57.523198
1.0757730515436084,11401,4,1,1,1,0,0.7,0.0,2025-Jan-30-21:48:57.578102
1.1119353369785046,11402,1,1,1,-1,0,0.0,0.0,2025-Jan-30-21:48:57.635382
1.0757742179736964,11403,10,1,1,0,0,0.0,0.0,2025-Jan-30-21:48:57.682681
1.0757509769736244,11404,3,1,1,0,0,0.0,0.0,2025-Jan-30-21:48:57.725829
0.9056330049544874,11405,3,1,1,1,0,1.2,0.0,2025-Jan-30-21:48:57.769835
1.1757506894484424,11406,8,1,0,1,1,0.2,0.4,2025-Jan-30-21:48:57.828132
0.720770503000503,11407,1,1,0,0,0,0.0,0.0,2025-Jan-30-21:48:57.874607
1.0757730648283506,11408,4,1,1,0,0,0.0,0.0,2025-Jan-30-21:48:57.917513
0.7569364604146629,11409,6,1,0,-1,0,0.0,0.0,2025-Jan-30-21:48:58.009968
1.37701428020825,11410,0,1,1,1,1,0.4,0.9,2025-Jan-30-21:48:58.132927
1.2925893835362965,11411,0,1,0,0,-1,0.0,0.0,2025-Jan-30-21:48:58.225567
0.5648406299217614,11412,6,1,0,1,0,1.1,0.0,2025-Jan-30-21:48:58.271569
1.328758056291552,11413,0,1,0,-1,-1,0.0,0.0,2025-Jan-30-21:48:58.381728
1.070893498094094,11414,8,1,0,-1,0,0.0,0.0,2025-Jan-30-21:48:58.445650
0.7207724245865745,11415,5,1,0,0,0,0.0,0.0,2025-Jan-30-21:48:58.488939
1.0757730648283506,11416,6,1,1,0,0,0.0,0.0,2025-Jan-30-21:48:58.532712
1.1757506460970888,11417,10,1,0,0,1,0.0,0.4,2025-Jan-30-21:48:58.586032
0.8075973436857562,11418,3,1,0,0,-1,0.0,0.0,2025-Jan-30-21:48:58.642869
1.433170973335729,11419,0,1,1,1,1,0.8,0.1,2025-Jan-30-21:48:58.700439
1.1625979703065297,11420,4,1,1,1,-1,0.8,0.0,2025-Jan-30-21:48:58.777756
0.6497899798130522,11421,3,1,0,0,1,0.0,0.5,2025-Jan-30-21:48:58.823412
1.5607570462257478,11422,0,1,1,0,0,0.0,0.0,2025-Jan-30-21:48:58.878633
1.2057564061623827,11423,0,1,0,0,0,0.0,0.0,2025-Jan-30-21:48:58.933113
1.0708934980940992,11424,10,1,0,-1,0,0.0,0.0,2025-Jan-30-21:48:59.031905
