Cost,Sim,Switch_State_Indx,Gen1_on,Gen2_on,Batt1_mode,Batt2_mode,Batt1_power_kW,Batt2_power_kW,Timestamp
1.1113749487582494,0,-3,1,1,-1,0,0.0,0.0,2025-Jan-29-23:30:20.918259
1.1113749487582494,1,-3,1,1,-1,0,0.0,0.0,2025-Jan-29-23:30:21.007658
0.7190205031455159,2,-3,1,0,0,0,0.0,0.0,2025-Jan-29-23:30:21.054066
0.7190205063079972,3,-3,1,0,0,-1,0.0,0.0,2025-Jan-29-23:30:21.097765
1.0740211432420042,4,-3,1,1,0,0,0.0,0.0,2025-Jan-29-23:30:21.140667
1.1039829148308842,5,-3,1,1,-1,1,0.0,1.3000000000000003,2025-Jan-29-23:30:21.219535
0.7563742950600578,6,-3,1,0,-1,1,0.0,0.30000000000000004,2025-Jan-29-23:30:21.298684
1.0740211432420042,7,-3,1,1,0,0,0.0,0.0,2025-Jan-29-23:30:21.344586
1.0740211464044855,8,-3,1,1,0,-1,0.0,0.0,2025-Jan-29-23:30:21.567947
1.0740211432420042,9,-3,1,1,0,0,0.0,0.0,2025-Jan-29-23:30:21.615735
1.1113749487582494,10,-3,1,1,-1,0,0.0,0.0,2025-Jan-29-23:30:21.710970
0.9889700476353208,11,-3,1,1,1,0,0.6,0.0,2025-Jan-29-23:30:21.803883
0.5426189689348903,12,-3,1,0,1,1,1.6,1.5000000000000002,2025-Jan-29-23:30:21.918667
1.0740211432420042,13,-3,1,1,0,0,0.0,0.0,2025-Jan-29-23:30:21.962569
1.0740211432420042,14,-3,1,1,0,0,0.0,0.0,2025-Jan-29-23:30:22.005278
1.031496492890949,15,-3,1,1,1,0,0.30000000000000004,0.0,2025-Jan-29-23:30:22.048705
1.1113749487582494,16,-3,1,1,-1,0,0.0,0.0,2025-Jan-29-23:30:22.105768
0.7190205063079972,17,-3,1,0,0,-1,0.0,0.0,2025-Jan-29-23:30:22.149890
1.1113749517846028,18,-3,1,1,-1,-1,0.0,0.0,2025-Jan-29-23:30:22.208176
1.0740211432420042,19,-3,1,1,0,0,0.0,0.0,2025-Jan-29-23:30:22.252872
0.7489822891669069,20,-3,1,0,-1,0,0.0,0.0,2025-Jan-29-23:30:22.309994
0.6764958527894045,21,-3,1,0,1,0,0.30000000000000004,0.0,2025-Jan-29-23:30:22.354635
1.0740211432420042,22,-3,1,1,0,0,0.0,0.0,2025-Jan-29-23:30:22.400059
0.7190205031455159,23,-3,1,0,0,0,0.0,0.0,2025-Jan-29-23:30:22.445133
0.9606180683090846,24,-3,1,1,1,1,0.8,1.3000000000000003,2025-Jan-29-23:30:22.499404
1.05984646414815,25,-3,1,1,1,-1,0.1,0.0,2025-Jan-29-23:30:22.542983
1.0740211299370634,26,-3,1,1,0,1,0.0,0.2,2025-Jan-29-23:30:22.598304
0.7563743116923222,27,-3,1,0,-1,-1,0.0,0.0,2025-Jan-29-23:30:22.704988
1.0740211432420042,28,-3,1,1,0,0,0.0,0.0,2025-Jan-29-23:30:22.797834
0.7190205031455159,29,-3,1,0,0,0,0.0,0.0,2025-Jan-29-23:30:22.869239
1.1039829151569538,30,-3,1,1,-1,1,0.0,0.9,2025-Jan-29-23:30:22.947919
1.0740211432420042,31,-3,1,1,0,0,0.0,0.0,2025-Jan-29-23:30:22.991788
0.7190205063079972,32,-3,1,0,0,-1,0.0,0.0,2025-Jan-29-23:30:23.034356
0.6623205568990406,33,-3,1,0,1,1,0.4,1.8000000000000003,2025-Jan-29-23:30:23.088251
1.1113749352286868,34,-3,1,1,-1,1,0.0,0.1,2025-Jan-29-23:30:23.165199
1.0740211432420042,35,-3,1,1,0,0,0.0,0.0,2025-Jan-29-23:30:23.211011
1.0740211432420042,36,-3,1,1,0,0,0.0,0.0,2025-Jan-29-23:30:23.255139
1.0740211299799491,37,-3,1,1,0,1,0.0,1.1,2025-Jan-29-23:30:23.309715
0.7190204898405751,38,-3,1,0,0,1,0.0,0.2,2025-Jan-29-23:30:23.363491
0.7190205031455159,39,-3,1,0,0,0,0.0,0.0,2025-Jan-29-23:30:23.406904
1.1113749517846028,40,-3,1,1,-1,-1,0.0,0.0,2025-Jan-29-23:30:23.462983
0.9322653073956236,41,-3,1,1,1,0,1.0,0.0,2025-Jan-29-23:30:23.507077
1.0740211432420042,42,-3,1,1,0,0,0.0,0.0,2025-Jan-29-23:30:23.551826
0.9180886158020971,43,-3,1,1,1,0,1.1,0.0,2025-Jan-29-23:30:23.773300
1.0740211432420042,44,-3,1,1,0,0,0.0,0.0,2025-Jan-29-23:30:23.851881
0.7048458069005652,45,-3,1,0,1,1,0.1,1.8000000000000003,2025-Jan-29-23:30:23.935457
0.7190205031455159,46,-3,1,0,0,0,0.0,0.0,2025-Jan-29-23:30:23.998190
0.5426199054488166,47,-3,1,0,1,0,1.9000000000000001,0.0,2025-Jan-29-23:30:24.070821
1.1113749517846028,48,-3,1,1,-1,-1,0.0,0.0,2025-Jan-29-23:30:24.127529
1.0740211464044855,49,-3,1,1,0,-1,0.0,0.0,2025-Jan-29-23:30:24.171438
0.7190205031455159,50,-3,1,0,0,0,0.0,0.0,2025-Jan-29-23:30:24.214539
0.704845807488496,51,-3,1,0,1,1,0.1,1.0,2025-Jan-29-23:30:24.270393
0.8976205327746593,52,-3,1,1,1,1,1.9000000000000001,1.0,2025-Jan-29-23:30:24.349829
1.0740211432420042,53,-3,1,1,0,0,0.0,0.0,2025-Jan-29-23:30:24.394250
1.1113749352807267,54,-3,1,1,-1,1,0.0,0.8,2025-Jan-29-23:30:24.477766
0.8976193026900107,55,-3,1,1,1,1,1.5000000000000002,0.1,2025-Jan-29-23:30:24.583342
0.7040048287490615,56,0,1,0,0,0,0.0,0.0,2025-Jan-29-23:30:24.689020
1.0598464476006715,57,-3,1,1,1,1,0.1,0.1,2025-Jan-29-23:30:24.775670
0.8976193028364577,58,-3,1,1,1,1,1.5000000000000002,0.4,2025-Jan-29-23:30:24.877656
1.05900546881293,59,0,1,1,0,0,0.0,0.0,2025-Jan-29-23:30:24.934786
1.0456715793211582,60,-3,1,1,1,-1,0.2,0.0,2025-Jan-29-23:30:24.980782
1.1113749487582494,61,-3,1,1,-1,0,0.0,0.0,2025-Jan-29-23:30:25.038038
1.059005455031731,62,0,1,1,0,1,0.0,0.1,2025-Jan-29-23:30:25.093800
1.059005442409949,63,0,1,1,1,1,1.9000000000000001,1.7000000000000002,2025-Jan-29-23:30:25.150135
0.9889700346332311,64,-3,1,1,1,1,0.6,0.4,2025-Jan-29-23:30:25.206096
1.0456715626272226,65,-3,1,1,1,1,0.2,1.4000000000000001,2025-Jan-29-23:30:25.261652
1.0173211974426446,66,-3,1,1,1,1,0.4,1.9000000000000001,2025-Jan-29-23:30:25.317222
0.8976193027370146,67,-3,1,1,1,1,1.5000000000000002,0.2,2025-Jan-29-23:30:25.400713
0.7040048287490615,68,0,1,0,0,0,0.0,0.0,2025-Jan-29-23:30:25.459877
1.059005442716252,69,0,1,1,1,1,0.1,1.1,2025-Jan-29-23:30:25.516836
0.7563743116923222,70,-3,1,0,-1,-1,0.0,0.0,2025-Jan-29-23:30:25.604139
1.0598464474387956,71,-3,1,1,1,1,0.1,1.9000000000000001,2025-Jan-29-23:30:25.696931
0.9322652944376448,72,-3,1,1,1,1,1.0,1.1,2025-Jan-29-23:30:25.794335
1.0590054728462381,73,0,1,1,-1,-1,0.0,0.0,2025-Jan-29-23:30:25.855409
0.7040048287490615,74,0,1,0,0,0,0.0,0.0,2025-Jan-29-23:30:25.912243
0.7048458208332435,75,-3,1,0,1,0,0.1,0.0,2025-Jan-29-23:30:25.957776
0.7190205031455159,76,-3,1,0,0,0,0.0,0.0,2025-Jan-29-23:30:26.003214
1.059005442394077,77,0,1,1,1,1,0.1,0.6,2025-Jan-29-23:30:26.060058
1.059846447897077,78,-3,1,1,1,1,0.1,1.2000000000000002,2025-Jan-29-23:30:26.115985
0.8976196092228802,79,-3,1,1,1,1,1.6,0.7000000000000001,2025-Jan-29-23:30:26.197441
0.7040048287490615,80,0,1,0,0,0,0.0,0.0,2025-Jan-29-23:30:26.252434
0.7190205031455159,81,-3,1,0,0,0,0.0,0.0,2025-Jan-29-23:30:26.296869
0.9889700345554743,82,-3,1,1,1,1,0.6,1.1,2025-Jan-29-23:30:26.356353
1.0740211432420042,83,-3,1,1,0,0,0.0,0.0,2025-Jan-29-23:30:26.401137
0.9180886027755959,84,-3,1,1,1,1,1.1,0.1,2025-Jan-29-23:30:26.594611
1.0590054425198356,85,0,1,1,1,1,0.6,0.1,2025-Jan-29-23:30:26.680788
0.7040048287490615,86,0,1,0,0,0,0.0,0.0,2025-Jan-29-23:30:26.771348
0.7040048014846926,87,0,1,0,1,1,0.1,1.9000000000000001,2025-Jan-29-23:30:26.834071
0.9322652945153979,88,-3,1,1,1,1,1.0,0.4,2025-Jan-29-23:30:26.887938
0.7190205031455159,89,-3,1,0,0,0,0.0,0.0,2025-Jan-29-23:30:26.931240
1.05900546881293,90,0,1,1,0,0,0.0,0.0,2025-Jan-29-23:30:26.985503
0.9747941520893659,91,-3,1,1,1,1,0.7000000000000001,0.1,2025-Jan-29-23:30:27.038912
0.7190205031455159,92,-3,1,0,0,0,0.0,0.0,2025-Jan-29-23:30:27.084975
0.8976202244052234,93,-3,1,1,1,1,1.8000000000000003,0.1,2025-Jan-29-23:30:27.164407
0.9039117073900059,94,-3,1,1,1,1,1.2000000000000002,0.2,2025-Jan-29-23:30:27.219617
1.0590054426138091,95,0,1,1,1,1,0.1,1.2000000000000002,2025-Jan-29-23:30:27.274442
1.0590054425713218,96,0,1,1,1,1,0.9,0.1,2025-Jan-29-23:30:27.330982
1.1113749517846028,97,-3,1,1,-1,-1,0.0,0.0,2025-Jan-29-23:30:27.388300
0.7040048287490615,98,0,1,0,0,0,0.0,0.0,2025-Jan-29-23:30:27.442267
0.7048458073406245,99,-3,1,0,1,1,0.1,1.9000000000000001,2025-Jan-29-23:30:27.500943
0.9464417826576725,100,-3,1,1,1,1,0.9,0.1,2025-Jan-29-23:30:27.581355
0.9322652943386087,101,-3,1,1,1,1,1.0,0.1,2025-Jan-29-23:30:27.673307
0.9606180682025848,102,-3,1,1,1,1,0.8,1.9000000000000001,2025-Jan-29-23:30:27.759299
0.7190205031455159,103,-3,1,0,0,0,0.0,0.0,2025-Jan-29-23:30:27.821746
0.7190205031455159,104,-3,1,0,0,0,0.0,0.0,2025-Jan-29-23:30:27.864590
0.8976205494107398,105,-3,1,1,1,-1,1.9000000000000001,0.0,2025-Jan-29-23:30:27.940195
0.5426199054488166,106,-3,1,0,1,0,1.9000000000000001,0.0,2025-Jan-29-23:30:28.012639
1.059005442678656,107,0,1,1,1,1,0.1,1.7000000000000002,2025-Jan-29-23:30:28.071208
0.9464417826576725,108,-3,1,1,1,1,0.9,0.1,2025-Jan-29-23:30:28.125351
1.059005441969103,109,0,1,1,1,1,1.5000000000000002,0.2,2025-Jan-29-23:30:28.181584
0.7190205031455159,110,-3,1,0,0,0,0.0,0.0,2025-Jan-29-23:30:28.224728
1.0590054429107165,111,0,1,1,1,1,0.1,0.1,2025-Jan-29-23:30:28.281900
0.7563742948803054,112,-3,1,0,-1,1,0.0,0.9,2025-Jan-29-23:30:28.358856
0.7190205063079972,113,-3,1,0,0,-1,0.0,0.0,2025-Jan-29-23:30:28.405482
0.9464417826576725,114,-3,1,1,1,1,0.9,0.1,2025-Jan-29-23:30:28.459624
1.0031457164602053,115,-3,1,1,1,1,0.5,0.8,2025-Jan-29-23:30:28.516961
0.7040048287490615,116,0,1,0,0,0,0.0,0.0,2025-Jan-29-23:30:28.599856
0.8976199158270565,117,-3,1,1,1,1,1.7000000000000002,1.8000000000000003,2025-Jan-29-23:30:28.719148
1.031496479620896,118,-3,1,1,1,1,0.30000000000000004,0.1,2025-Jan-29-23:30:28.790291
1.0456715628059485,119,-3,1,1,1,1,0.2,0.2,2025-Jan-29-23:30:28.846214
1.059005455031731,120,0,1,1,0,1,0.0,0.1,2025-Jan-29-23:30:28.901378
1.0740211432420042,121,-3,1,1,0,0,0.0,0.0,2025-Jan-29-23:30:28.944579
0.7040048287490615,122,0,1,0,0,0,0.0,0.0,2025-Jan-29-23:30:28.999953
0.7040048287490615,123,0,1,0,0,0,0.0,0.0,2025-Jan-29-23:30:29.053707
1.0590054413878938,124,0,1,1,1,1,1.4000000000000001,0.30000000000000004,2025-Jan-29-23:30:29.191175
0.8976186914291577,125,-3,1,1,1,1,1.3000000000000003,0.5,2025-Jan-29-23:30:29.269486
1.0598464477774403,126,-3,1,1,1,1,0.1,0.4,2025-Jan-29-23:30:29.323259
1.0314964794588755,127,-3,1,1,1,1,0.30000000000000004,1.9000000000000001,2025-Jan-29-23:30:29.377162
0.7190205031455159,128,-3,1,0,0,0,0.0,0.0,2025-Jan-29-23:30:29.423515
1.0590054429107165,129,0,1,1,1,1,0.1,0.1,2025-Jan-29-23:30:29.480057
1.0590054422855373,130,0,1,1,1,1,0.1,0.9,2025-Jan-29-23:30:29.534685
0.7489822891669069,131,-3,1,0,-1,0,0.0,0.0,2025-Jan-29-23:30:29.615382
1.0598464474782645,132,-3,1,1,1,1,0.1,1.4000000000000001,2025-Jan-29-23:30:29.698239
1.0590054425198356,133,0,1,1,1,1,0.6,0.1,2025-Jan-29-23:30:29.773701
0.7040048287490615,134,0,1,0,0,0,0.0,0.0,2025-Jan-29-23:30:29.828574
1.0598464476362346,135,-3,1,1,1,1,0.1,0.30000000000000004,2025-Jan-29-23:30:29.884760
1.0590054429107165,136,0,1,1,1,1,0.1,0.1,2025-Jan-29-23:30:29.939584
0.5426186754555834,137,-3,1,0,1,0,1.5000000000000002,0.0,2025-Jan-29-23:30:30.011009
0.8976189969580333,138,-3,1,1,1,1,1.4000000000000001,0.4,2025-Jan-29-23:30:30.090650
1.0456715628487132,139,-3,1,1,1,1,0.2,1.1,2025-Jan-29-23:30:30.145375
0.7040048287490615,140,0,1,0,0,0,0.0,0.0,2025-Jan-29-23:30:30.203665
1.05900546881293,141,0,1,1,0,0,0.0,0.0,2025-Jan-29-23:30:30.258751
0.7190205031455159,142,-3,1,0,0,0,0.0,0.0,2025-Jan-29-23:30:30.302948
0.7563743116923222,143,-3,1,0,-1,-1,0.0,0.0,2025-Jan-29-23:30:30.365306
0.9322652943386087,144,-3,1,1,1,1,1.0,0.1,2025-Jan-29-23:30:30.423046
1.05900546881293,145,0,1,1,0,0,0.0,0.0,2025-Jan-29-23:30:30.481237
0.7190205031455159,146,-3,1,0,0,0,0.0,0.0,2025-Jan-29-23:30:30.525072
0.6481450758214523,147,-3,1,0,1,1,0.5,1.9000000000000001,2025-Jan-29-23:30:30.609656
0.7040048287490615,148,0,1,0,0,0,0.0,0.0,2025-Jan-29-23:30:30.714025
0.7040048287490615,149,0,1,0,0,0,0.0,0.0,2025-Jan-29-23:30:30.809450
0.8976202244663277,150,-3,1,1,1,1,1.8000000000000003,0.6,2025-Jan-29-23:30:30.901788
1.0173211978701469,151,-3,1,1,1,1,0.4,1.6,2025-Jan-29-23:30:30.961752
0.7040048287490615,152,0,1,0,0,0,0.0,0.0,2025-Jan-29-23:30:31.022486
0.7040048287490615,153,0,1,0,0,0,0.0,0.0,2025-Jan-29-23:30:31.087118
0.7190204897844568,154,-3,1,0,0,1,0.0,0.1,2025-Jan-29-23:30:31.149644
0.7190205031455159,155,-3,1,0,0,0,0.0,0.0,2025-Jan-29-23:30:31.199801
1.0590054429107165,156,0,1,1,1,1,0.1,0.1,2025-Jan-29-23:30:31.261990
1.0590054423628983,157,0,1,1,1,1,0.1,1.3000000000000003,2025-Jan-29-23:30:31.330401
0.7040048287490615,158,0,1,0,0,0,0.0,0.0,2025-Jan-29-23:30:31.383502
0.704845824049979,159,-3,1,0,1,-1,0.1,0.0,2025-Jan-29-23:30:31.425915
0.7048458076880972,160,-3,1,0,1,1,0.1,1.7000000000000002,2025-Jan-29-23:30:31.482642
0.988970034377389,161,-3,1,1,1,1,0.6,0.9,2025-Jan-29-23:30:31.545177
0.9464417957451812,162,-3,1,1,1,0,0.9,0.0,2025-Jan-29-23:30:31.654277
1.0031457161449833,163,-3,1,1,1,1,0.5,0.2,2025-Jan-29-23:30:31.761904
0.7040048287490615,164,0,1,0,0,0,0.0,0.0,2025-Jan-29-23:30:31.854223
0.8976205494107398,165,-3,1,1,1,-1,1.9000000000000001,0.0,2025-Jan-29-23:30:31.927452
0.5426199054488166,166,-3,1,0,1,0,1.9000000000000001,0.0,2025-Jan-29-23:30:32.004665
1.059005441548561,167,0,1,1,1,1,0.1,1.9000000000000001,2025-Jan-29-23:30:32.070382
1.0590054544995802,168,0,1,1,0,1,0.0,1.0,2025-Jan-29-23:30:32.131475
1.0456715628059485,169,-3,1,1,1,1,0.2,0.2,2025-Jan-29-23:30:32.190688
0.7190205031455159,170,-3,1,0,0,0,0.0,0.0,2025-Jan-29-23:30:32.235463
0.7040048287490615,171,0,1,0,0,0,0.0,0.0,2025-Jan-29-23:30:32.293858
1.05900546881293,172,0,1,1,0,0,0.0,0.0,2025-Jan-29-23:30:32.355377
1.0598464476006715,173,-3,1,1,1,1,0.1,0.1,2025-Jan-29-23:30:32.411753
0.7190205063079972,174,-3,1,0,0,-1,0.0,0.0,2025-Jan-29-23:30:32.459014
0.8976205327849068,175,-3,1,1,1,1,1.9000000000000001,0.1,2025-Jan-29-23:30:32.539482
1.0598464474387956,176,-3,1,1,1,1,0.1,1.9000000000000001,2025-Jan-29-23:30:32.635705
0.7190205031455159,177,-3,1,0,0,0,0.0,0.0,2025-Jan-29-23:30:32.728103
0.7040048287490615,178,0,1,0,0,0,0.0,0.0,2025-Jan-29-23:30:32.962651
0.5426195842024334,179,-3,1,0,1,1,1.8000000000000003,1.1,2025-Jan-29-23:30:33.043367
1.059005442921701,180,0,1,1,1,1,0.1,0.5,2025-Jan-29-23:30:33.099941
1.0590054549383545,181,0,1,1,0,1,0.0,0.30000000000000004,2025-Jan-29-23:30:33.155751
0.5426195844145261,182,-3,1,0,1,1,1.8000000000000003,1.7000000000000002,2025-Jan-29-23:30:33.234238
0.7040048287490615,183,0,1,0,0,0,0.0,0.0,2025-Jan-29-23:30:33.288820
0.7040048287490615,184,0,1,0,0,0,0.0,0.0,2025-Jan-29-23:30:33.343633
0.9180886028655124,185,-3,1,1,1,1,1.1,0.6,2025-Jan-29-23:30:33.401503
0.8976196091668148,186,-3,1,1,1,1,1.6,0.5,2025-Jan-29-23:30:33.484024
0.9606180684549769,187,-3,1,1,1,1,0.8,0.6,2025-Jan-29-23:30:33.539949
0.7040048287490615,188,0,1,0,0,0,0.0,0.0,2025-Jan-29-23:30:33.621438
1.059005470746512,189,0,1,1,-1,0,0.0,0.0,2025-Jan-29-23:30:33.720112
0.7040048287490615,190,0,1,0,0,0,0.0,0.0,2025-Jan-29-23:30:33.811177
0.7190205063079972,191,-3,1,0,0,-1,0.0,0.0,2025-Jan-29-23:30:33.855536
0.7489822891669069,192,-3,1,0,-1,0,0.0,0.0,2025-Jan-29-23:30:33.911410
1.0590054429107165,193,0,1,1,1,1,0.1,0.1,2025-Jan-29-23:30:33.967695
1.0740211297380937,194,-3,1,1,0,1,0.0,1.5000000000000002,2025-Jan-29-23:30:34.021652
0.8976205327746593,195,-3,1,1,1,1,1.9000000000000001,1.0,2025-Jan-29-23:30:34.100441
0.6481450926272355,196,-3,1,0,1,-1,0.5,0.0,2025-Jan-29-23:30:34.143773
1.0456715628059485,197,-3,1,1,1,1,0.2,0.2,2025-Jan-29-23:30:34.197870
0.7040048287490615,198,0,1,0,0,0,0.0,0.0,2025-Jan-29-23:30:34.258008
0.8976202241380888,199,-3,1,1,1,1,1.8000000000000003,0.5,2025-Jan-29-23:30:34.338958
0.7190205063079972,200,-3,1,0,0,-1,0.0,0.0,2025-Jan-29-23:30:34.383186
0.7040048287490615,201,0,1,0,0,0,0.0,0.0,2025-Jan-29-23:30:34.449290
1.059005442445025,202,0,1,1,1,1,1.0,0.1,2025-Jan-29-23:30:34.513143
1.0590054429107165,203,0,1,1,1,1,0.1,0.1,2025-Jan-29-23:30:34.592156
0.7563743116923222,204,-3,1,0,-1,-1,0.0,0.0,2025-Jan-29-23:30:34.699764
0.9180886027755959,205,-3,1,1,1,1,1.1,0.1,2025-Jan-29-23:30:34.812715
0.7040048287490615,206,0,1,0,0,0,0.0,0.0,2025-Jan-29-23:30:34.875833
0.6623205573394095,207,-3,1,0,1,1,0.4,1.9000000000000001,2025-Jan-29-23:30:34.934660
1.059005441548561,208,0,1,1,1,1,0.1,1.9000000000000001,2025-Jan-29-23:30:34.994210
1.059005442678656,209,0,1,1,1,1,0.1,1.7000000000000002,2025-Jan-29-23:30:35.052534
0.7489822891669069,210,-3,1,0,-1,0,0.0,0.0,2025-Jan-29-23:30:35.110817
0.8976205328080654,211,-3,1,1,1,1,1.9000000000000001,0.30000000000000004,2025-Jan-29-23:30:35.191334
0.7040048287490615,212,0,1,0,0,0,0.0,0.0,2025-Jan-29-23:30:35.247905
1.0590054565755196,213,0,1,1,1,0,0.1,0.0,2025-Jan-29-23:30:35.304808
0.7040048287490615,214,0,1,0,0,0,0.0,0.0,2025-Jan-29-23:30:35.359275
1.0173211976611105,215,-3,1,1,1,1,0.4,0.2,2025-Jan-29-23:30:35.413846
0.7190205031455159,216,-3,1,0,0,0,0.0,0.0,2025-Jan-29-23:30:35.457698
1.0590054422855373,217,0,1,1,1,1,0.1,0.9,2025-Jan-29-23:30:35.663713
0.7190205031455159,218,-3,1,0,0,0,0.0,0.0,2025-Jan-29-23:30:35.754222
0.7040048287490615,219,0,1,0,0,0,0.0,0.0,2025-Jan-29-23:30:35.862584
0.704004818611377,220,0,1,0,1,-1,0.1,0.0,2025-Jan-29-23:30:35.931646
0.7040048022521187,221,0,1,0,1,1,0.1,1.6,2025-Jan-29-23:30:35.991447
0.7190205031455159,222,-3,1,0,0,0,0.0,0.0,2025-Jan-29-23:30:36.039143
1.0031457160885462,223,-3,1,1,1,1,0.5,0.1,2025-Jan-29-23:30:36.095977
0.7190205031455159,224,-3,1,0,0,0,0.0,0.0,2025-Jan-29-23:30:36.143476
1.059005458072526,225,0,1,1,1,-1,1.7000000000000002,0.0,2025-Jan-29-23:30:36.203706
0.8976193026900107,226,-3,1,1,1,1,1.5000000000000002,0.1,2025-Jan-29-23:30:36.288107
0.5489110802122255,227,-3,1,0,1,0,1.2000000000000002,0.0,2025-Jan-29-23:30:36.336009
1.0590054416442511,228,0,1,1,1,1,0.7000000000000001,0.30000000000000004,2025-Jan-29-23:30:36.400956
0.8976199162088613,229,-3,1,1,1,1,1.7000000000000002,1.7000000000000002,2025-Jan-29-23:30:36.484849
0.7190205031455159,230,-3,1,0,0,0,0.0,0.0,2025-Jan-29-23:30:36.532111
0.7040048287490615,231,0,1,0,0,0,0.0,0.0,2025-Jan-29-23:30:36.614665
0.7040048287490615,232,0,1,0,0,0,0.0,0.0,2025-Jan-29-23:30:36.728103
1.059846447897077,233,-3,1,1,1,1,0.1,1.2000000000000002,2025-Jan-29-23:30:36.826576
0.7190205063079972,234,-3,1,0,0,-1,0.0,0.0,2025-Jan-29-23:30:36.872488
0.8976193026900107,235,-3,1,1,1,1,1.5000000000000002,0.1,2025-Jan-29-23:30:36.951456
1.0740211432420042,236,-3,1,1,0,0,0.0,0.0,2025-Jan-29-23:30:36.996762
1.059005442542067,237,0,1,1,1,1,0.9,1.4000000000000001,2025-Jan-29-23:30:37.053402
0.8976205326768777,238,-3,1,1,1,1,1.9000000000000001,1.9000000000000001,2025-Jan-29-23:30:37.132413
0.7190205031455159,239,-3,1,0,0,0,0.0,0.0,2025-Jan-29-23:30:37.177443
1.05900546881293,240,0,1,1,0,0,0.0,0.0,2025-Jan-29-23:30:37.232302
1.0590054429107165,241,0,1,1,1,1,0.1,0.1,2025-Jan-29-23:30:37.287434
1.0740211464044855,242,-3,1,1,0,-1,0.0,0.0,2025-Jan-29-23:30:37.331221
0.7040048287490615,243,0,1,0,0,0,0.0,0.0,2025-Jan-29-23:30:37.386339
0.7040048287490615,244,0,1,0,0,0,0.0,0.0,2025-Jan-29-23:30:37.441437
0.7040048287490615,245,0,1,0,0,0,0.0,0.0,2025-Jan-29-23:30:37.497065
0.9889700344709532,246,-3,1,1,1,1,0.6,0.5,2025-Jan-29-23:30:37.571863
0.5772646709898425,247,-3,1,0,1,-1,1.0,0.0,2025-Jan-29-23:30:37.659825
0.8976205327849068,248,-3,1,1,1,1,1.9000000000000001,0.1,2025-Jan-29-23:30:37.801183
0.7040048287490615,249,0,1,0,0,0,0.0,0.0,2025-Jan-29-23:30:37.867497
0.7040048287490615,250,0,1,0,0,0,0.0,0.0,2025-Jan-29-23:30:37.923903
0.7190205063079972,251,-3,1,0,0,-1,0.0,0.0,2025-Jan-29-23:30:37.967851
0.7563742951686023,252,-3,1,0,-1,1,0.0,1.3000000000000003,2025-Jan-29-23:30:38.047409
1.0590054416986108,253,0,1,1,1,1,0.4,0.6,2025-Jan-29-23:30:38.104826
0.7190205031455159,254,-3,1,0,0,0,0.0,0.0,2025-Jan-29-23:30:38.149937
0.8976205327746593,255,-3,1,1,1,1,1.9000000000000001,1.0,2025-Jan-29-23:30:38.229167
0.9606180686616655,256,-3,1,1,1,1,0.8,1.2000000000000002,2025-Jan-29-23:30:38.284566
1.0590054429107165,257,0,1,1,1,1,0.1,0.1,2025-Jan-29-23:30:38.341889
0.7040048287490615,258,0,1,0,0,0,0.0,0.0,2025-Jan-29-23:30:38.398540
1.0456715627644315,259,-3,1,1,1,1,0.2,0.5,2025-Jan-29-23:30:38.455369
0.7190205063079972,260,-3,1,0,0,-1,0.0,0.0,2025-Jan-29-23:30:38.500153
0.7040048287490615,261,0,1,0,0,0,0.0,0.0,2025-Jan-29-23:30:38.591817
0.9464417825346759,262,-3,1,1,1,1,0.9,1.4000000000000001,2025-Jan-29-23:30:38.699536
0.7190205031455159,263,-3,1,0,0,0,0.0,0.0,2025-Jan-29-23:30:38.931981
0.8976189969580333,264,-3,1,1,1,1,1.4000000000000001,0.4,2025-Jan-29-23:30:39.036550
0.7563743116923222,265,-3,1,0,-1,-1,0.0,0.0,2025-Jan-29-23:30:39.096467
0.7040048287490615,266,0,1,0,0,0,0.0,0.0,2025-Jan-29-23:30:39.152623
0.9747941514863757,267,-3,1,1,1,1,0.7000000000000001,1.8000000000000003,2025-Jan-29-23:30:39.208300
1.0598464476006715,268,-3,1,1,1,1,0.1,0.1,2025-Jan-29-23:30:39.262157
1.05900546881293,269,0,1,1,0,0,0.0,0.0,2025-Jan-29-23:30:39.317401
0.7040048287490615,270,0,1,0,0,0,0.0,0.0,2025-Jan-29-23:30:39.376165
0.6906709227400383,271,-3,1,0,1,1,0.2,0.6,2025-Jan-29-23:30:39.432577
0.7190205031455159,272,-3,1,0,0,0,0.0,0.0,2025-Jan-29-23:30:39.479401
0.7040048287490615,273,0,1,0,0,0,0.0,0.0,2025-Jan-29-23:30:39.536581
0.7040048287490615,274,0,1,0,0,0,0.0,0.0,2025-Jan-29-23:30:39.611669
1.0590054569653131,275,0,1,1,-1,1,0.0,0.1,2025-Jan-29-23:30:39.704181
0.7190205031455159,276,-3,1,0,0,0,0.0,0.0,2025-Jan-29-23:30:39.795443
0.7040048287490615,277,0,1,0,0,0,0.0,0.0,2025-Jan-29-23:30:39.884940
0.7040048287490615,278,0,1,0,0,0,0.0,0.0,2025-Jan-29-23:30:39.941013
1.059005441548561,279,0,1,1,1,1,0.1,1.9000000000000001,2025-Jan-29-23:30:39.997803
0.7040048022990296,280,0,1,0,1,1,0.1,1.3000000000000003,2025-Jan-29-23:30:40.054612
0.7040048028578325,281,0,1,0,1,1,0.1,0.5,2025-Jan-29-23:30:40.110881
1.0740211432420042,282,-3,1,1,0,0,0.0,0.0,2025-Jan-29-23:30:40.155734
0.7190205031455159,283,-3,1,0,0,0,0.0,0.0,2025-Jan-29-23:30:40.199872
0.7190205031455159,284,-3,1,0,0,0,0.0,0.0,2025-Jan-29-23:30:40.243223
0.897619916408209,285,-3,1,1,1,1,1.7000000000000002,0.1,2025-Jan-29-23:30:40.323477
1.0590054424221784,286,0,1,1,1,1,0.7000000000000001,0.1,2025-Jan-29-23:30:40.383342
1.0598464475447957,287,-3,1,1,1,1,0.1,1.3000000000000003,2025-Jan-29-23:30:40.438652
1.0590054429107165,288,0,1,1,1,1,0.1,0.1,2025-Jan-29-23:30:40.495446
0.9322652941760794,289,-3,1,1,1,1,1.0,1.9000000000000001,2025-Jan-29-23:30:40.563348
0.7190205031455159,290,-3,1,0,0,0,0.0,0.0,2025-Jan-29-23:30:40.663488
1.05900546881293,291,0,1,1,0,0,0.0,0.0,2025-Jan-29-23:30:40.775380
0.7040048287490615,292,0,1,0,0,0,0.0,0.0,2025-Jan-29-23:30:40.853604
1.059846447897077,293,-3,1,1,1,1,0.1,1.2000000000000002,2025-Jan-29-23:30:40.908701
0.7190205063079972,294,-3,1,0,0,-1,0.0,0.0,2025-Jan-29-23:30:40.952863
0.8976186914149639,295,-3,1,1,1,1,1.3000000000000003,0.1,2025-Jan-29-23:30:41.030841
0.7040048287490615,296,0,1,0,0,0,0.0,0.0,2025-Jan-29-23:30:41.086541
0.8976199162088613,297,-3,1,1,1,1,1.7000000000000002,1.7000000000000002,2025-Jan-29-23:30:41.164990
0.8976205326768777,298,-3,1,1,1,1,1.9000000000000001,1.9000000000000001,2025-Jan-29-23:30:41.243637
0.8976205326768777,299,-3,1,1,1,1,1.9000000000000001,1.9000000000000001,2025-Jan-29-23:30:41.321806
1.0590054429107165,300,0,1,1,1,1,0.1,0.1,2025-Jan-29-23:30:41.379155
1.0598464476006715,301,-3,1,1,1,1,0.1,0.1,2025-Jan-29-23:30:41.433911
0.7190205063079972,302,-3,1,0,0,-1,0.0,0.0,2025-Jan-29-23:30:41.478660
0.9180886028324183,303,-3,1,1,1,1,1.1,0.2,2025-Jan-29-23:30:41.533509
0.7040048287490615,304,0,1,0,0,0,0.0,0.0,2025-Jan-29-23:30:41.617032
0.7040048287490615,305,0,1,0,0,0,0.0,0.0,2025-Jan-29-23:30:41.707846
0.7040048287490615,306,0,1,0,0,0,0.0,0.0,2025-Jan-29-23:30:41.920259
0.8976189968134155,307,-3,1,1,1,1,1.4000000000000001,0.5,2025-Jan-29-23:30:41.999476
0.7040048287490615,308,0,1,0,0,0,0.0,0.0,2025-Jan-29-23:30:42.055134
1.0590054429107165,309,0,1,1,1,1,0.1,0.1,2025-Jan-29-23:30:42.112419
0.7040048287490615,310,0,1,0,0,0,0.0,0.0,2025-Jan-29-23:30:42.167386
0.9747941519270554,311,-3,1,1,1,1,0.7000000000000001,1.9000000000000001,2025-Jan-29-23:30:42.222711
0.7190205063079972,312,-3,1,0,0,-1,0.0,0.0,2025-Jan-29-23:30:42.267802
0.7489822891669069,313,-3,1,0,-1,0,0.0,0.0,2025-Jan-29-23:30:42.324012
0.7040048287490615,314,0,1,0,0,0,0.0,0.0,2025-Jan-29-23:30:42.379463
0.8976202244562538,315,-3,1,1,1,1,1.8000000000000003,0.7000000000000001,2025-Jan-29-23:30:42.459666
0.897618691277372,316,-3,1,1,1,1,1.3000000000000003,1.4000000000000001,2025-Jan-29-23:30:42.540465
0.7040048287490615,317,0,1,0,0,0,0.0,0.0,2025-Jan-29-23:30:42.622523
0.7040048287490615,318,0,1,0,0,0,0.0,0.0,2025-Jan-29-23:30:42.723028
0.7190205063079972,319,-3,1,0,0,-1,0.0,0.0,2025-Jan-29-23:30:42.809588
0.7190205031455159,320,-3,1,0,0,0,0.0,0.0,2025-Jan-29-23:30:42.873323
0.7040048308487874,321,0,1,0,0,-1,0.0,0.0,2025-Jan-29-23:30:42.931355
0.7040048287490615,322,0,1,0,0,0,0.0,0.0,2025-Jan-29-23:30:42.989456
0.7040048287490615,323,0,1,0,0,0,0.0,0.0,2025-Jan-29-23:30:43.047258
1.0598464609314147,324,-3,1,1,1,0,0.1,0.0,2025-Jan-29-23:30:43.092866
0.7190205031455159,325,-3,1,0,0,0,0.0,0.0,2025-Jan-29-23:30:43.138729
0.7040048287490615,326,0,1,0,0,0,0.0,0.0,2025-Jan-29-23:30:43.196155
0.6481450758214523,327,-3,1,0,1,1,0.5,1.9000000000000001,2025-Jan-29-23:30:43.254012
1.0314964796959984,328,-3,1,1,1,1,0.30000000000000004,0.7000000000000001,2025-Jan-29-23:30:43.311167
1.031496479620896,329,-3,1,1,1,1,0.30000000000000004,0.1,2025-Jan-29-23:30:43.368648
0.9322652941760794,330,-3,1,1,1,1,1.0,1.9000000000000001,2025-Jan-29-23:30:43.426592
0.7048458075380637,331,-3,1,0,1,1,0.1,0.30000000000000004,2025-Jan-29-23:30:43.486830
0.7040048287490615,332,0,1,0,0,0,0.0,0.0,2025-Jan-29-23:30:43.544279
0.7040048287490615,333,0,1,0,0,0,0.0,0.0,2025-Jan-29-23:30:43.630536
0.7040048287490615,334,0,1,0,0,0,0.0,0.0,2025-Jan-29-23:30:43.736196
0.7040048287490615,335,0,1,0,0,0,0.0,0.0,2025-Jan-29-23:30:43.834865
0.7040048287490615,336,0,1,0,0,0,0.0,0.0,2025-Jan-29-23:30:43.892473
0.7190204897844568,337,-3,1,0,0,1,0.0,0.1,2025-Jan-29-23:30:43.947812
0.7040048287490615,338,0,1,0,0,0,0.0,0.0,2025-Jan-29-23:30:44.004379
0.7040048014846926,339,0,1,0,1,1,0.1,1.9000000000000001,2025-Jan-29-23:30:44.063546
1.059005442490852,340,0,1,1,1,1,0.1,0.8,2025-Jan-29-23:30:44.122007
0.7040048023829464,341,0,1,0,1,1,0.1,0.30000000000000004,2025-Jan-29-23:30:44.178982
1.0740211432420042,342,-3,1,1,0,0,0.0,0.0,2025-Jan-29-23:30:44.223273
0.7190205031455159,343,-3,1,0,0,0,0.0,0.0,2025-Jan-29-23:30:44.267166
0.7040048287490615,344,0,1,0,0,0,0.0,0.0,2025-Jan-29-23:30:44.321897
1.0590054581895476,345,0,1,1,1,-1,1.5000000000000002,0.0,2025-Jan-29-23:30:44.378170
1.059005442445025,346,0,1,1,1,1,1.0,0.1,2025-Jan-29-23:30:44.434649
1.0590054425198356,347,0,1,1,1,1,0.6,0.1,2025-Jan-29-23:30:44.648167
1.059005441949442,348,0,1,1,1,1,0.1,1.0,2025-Jan-29-23:30:44.744762
0.897620223605084,349,-3,1,1,1,1,1.8000000000000003,1.8000000000000003,2025-Jan-29-23:30:44.850171
0.7040048287490615,350,0,1,0,0,0,0.0,0.0,2025-Jan-29-23:30:44.907528
