Cost,Sim,Switch_State_Indx,Gen1_on,Gen2_on,Batt1_mode,Batt2_mode,Batt1_power_kW,Batt2_power_kW,Timestamp
0.7190205031455159,351,-3,1,0,0,0,0.0,0.0,2025-Jan-29-23:30:44.953811
1.0740211464044855,352,-3,1,1,0,-1,0.0,0.0,2025-Jan-29-23:30:44.998367
0.7190204898834608,353,-3,1,0,0,1,0.0,1.1,2025-Jan-29-23:30:45.052772
1.0740211301463412,354,-3,1,1,0,1,0.0,1.6,2025-Jan-29-23:30:45.107988
1.031496479620896,355,-3,1,1,1,1,0.30000000000000004,0.1,2025-Jan-29-23:30:45.162040
0.9606180814829505,356,-3,1,1,1,0,0.8,0.0,2025-Jan-29-23:30:45.205687
1.0740211297586115,357,-3,1,1,0,1,0.0,1.4000000000000001,2025-Jan-29-23:30:45.259760
0.7190204897285821,358,-3,1,0,0,1,0.0,1.3000000000000003,2025-Jan-29-23:30:45.314899
1.0740211432420042,359,-3,1,1,0,0,0.0,0.0,2025-Jan-29-23:30:45.359790
0.7489822891669069,360,-3,1,0,-1,0,0.0,0.0,2025-Jan-29-23:30:45.419986
1.1113749517846028,361,-3,1,1,-1,-1,0.0,0.0,2025-Jan-29-23:30:45.482216
0.7563742951109366,362,-3,1,0,-1,1,0.0,1.8000000000000003,2025-Jan-29-23:30:45.579833
0.5772646709898425,363,-3,1,0,1,-1,1.0,0.0,2025-Jan-29-23:30:45.665886
0.7190205031455159,364,-3,1,0,0,0,0.0,0.0,2025-Jan-29-23:30:45.737861
0.7190205063079972,365,-3,1,0,0,-1,0.0,0.0,2025-Jan-29-23:30:45.808877
1.05900546881293,366,0,1,1,0,0,0.0,0.0,2025-Jan-29-23:30:45.864208
0.6764958394303493,367,-3,1,0,1,1,0.30000000000000004,0.9,2025-Jan-29-23:30:45.919559
1.0740211432420042,368,-3,1,1,0,0,0.0,0.0,2025-Jan-29-23:30:45.963356
0.7040048306826437,369,0,1,0,-1,0,0.0,0.0,2025-Jan-29-23:30:46.017185
0.5426183734439688,370,-3,1,0,1,-1,1.4000000000000001,0.0,2025-Jan-29-23:30:46.089257
0.7190205031455159,371,-3,1,0,0,0,0.0,0.0,2025-Jan-29-23:30:46.133244
0.6339694075286959,372,-3,1,0,1,0,0.6,0.0,2025-Jan-29-23:30:46.177879
1.0740211432420042,373,-3,1,1,0,0,0.0,0.0,2025-Jan-29-23:30:46.221403
1.0740211432420042,374,-3,1,1,0,0,0.0,0.0,2025-Jan-29-23:30:46.264487
1.0740211301773095,375,-3,1,1,0,1,0.0,1.2000000000000002,2025-Jan-29-23:30:46.318593
0.8976205327930501,376,-3,1,1,1,1,1.9000000000000001,0.5,2025-Jan-29-23:30:46.396643
1.0740211464044855,377,-3,1,1,0,-1,0.0,0.0,2025-Jan-29-23:30:46.440817
1.0740211298809452,378,-3,1,1,0,1,0.0,0.1,2025-Jan-29-23:30:46.494926
0.7489822891669069,379,-3,1,0,-1,0,0.0,0.0,2025-Jan-29-23:30:46.570266
1.0740211299164697,380,-3,1,1,0,1,0.0,0.30000000000000004,2025-Jan-29-23:30:46.668180
0.7190205031455159,381,-3,1,0,0,0,0.0,0.0,2025-Jan-29-23:30:46.760277
0.7489822749024629,382,-3,1,0,-1,1,0.0,0.1,2025-Jan-29-23:30:46.874034
0.9889700476353208,383,-3,1,1,1,0,0.6,0.0,2025-Jan-29-23:30:46.918023
0.8976193155732469,384,-3,1,1,1,0,1.5000000000000002,0.0,2025-Jan-29-23:30:46.990226
0.7190205031455159,385,-3,1,0,0,0,0.0,0.0,2025-Jan-29-23:30:47.033092
0.7489822891669069,386,-3,1,0,-1,0,0.0,0.0,2025-Jan-29-23:30:47.088417
0.7190205063079972,387,-3,1,0,0,-1,0.0,0.0,2025-Jan-29-23:30:47.132272
1.0740211432420042,388,-3,1,1,0,0,0.0,0.0,2025-Jan-29-23:30:47.176862
0.5426186792983064,389,-3,1,0,1,-1,1.5000000000000002,0.0,2025-Jan-29-23:30:47.255029
0.7489822891669069,390,-3,1,0,-1,0,0.0,0.0,2025-Jan-29-23:30:47.315637
0.7040048306826437,391,0,1,0,-1,0,0.0,0.0,2025-Jan-29-23:30:47.371649
0.7190205063079972,392,-3,1,0,0,-1,0.0,0.0,2025-Jan-29-23:30:47.421730
0.7040048308487874,393,0,1,0,0,-1,0.0,0.0,2025-Jan-29-23:30:47.479006
1.0740211432420042,394,-3,1,1,0,0,0.0,0.0,2025-Jan-29-23:30:47.522583
0.9747941652378019,395,-3,1,1,1,0,0.7000000000000001,0.0,2025-Jan-29-23:30:47.600900
1.0740211432420042,396,-3,1,1,0,0,0.0,0.0,2025-Jan-29-23:30:47.692879
1.0740211464044855,397,-3,1,1,0,-1,0.0,0.0,2025-Jan-29-23:30:47.773149
0.7489822891669069,398,-3,1,0,-1,0,0.0,0.0,2025-Jan-29-23:30:47.938270
0.7190204896855531,399,-3,1,0,0,1,0.0,0.9,2025-Jan-29-23:30:47.994395
0.7190205031455159,400,-3,1,0,0,0,0.0,0.0,2025-Jan-29-23:30:48.037537
0.7190205031455159,401,-3,1,0,0,0,0.0,0.0,2025-Jan-29-23:30:48.086362
0.7190205063079972,402,-3,1,0,0,-1,0.0,0.0,2025-Jan-29-23:30:48.133532
0.7190205031455159,403,-3,1,0,0,0,0.0,0.0,2025-Jan-29-23:30:48.175871
0.7190205031455159,404,-3,1,0,0,0,0.0,0.0,2025-Jan-29-23:30:48.220948
0.5914411592863241,405,-3,1,0,1,-1,0.9,0.0,2025-Jan-29-23:30:48.264280
0.5489110802122255,406,-3,1,0,1,0,1.2000000000000002,0.0,2025-Jan-29-23:30:48.307307
0.7190205031455159,407,-3,1,0,0,0,0.0,0.0,2025-Jan-29-23:30:48.352804
0.7190205063079972,408,-3,1,0,0,-1,0.0,0.0,2025-Jan-29-23:30:48.396817
0.7190205031455159,409,-3,1,0,0,0,0.0,0.0,2025-Jan-29-23:30:48.443713
0.7190205031455159,410,-3,1,0,0,0,0.0,0.0,2025-Jan-29-23:30:48.485872
0.7563743116923222,411,-3,1,0,-1,-1,0.0,0.0,2025-Jan-29-23:30:48.545621
0.7563743116923222,412,-3,1,0,-1,-1,0.0,0.0,2025-Jan-29-23:30:48.667041
0.7190205031455159,413,-3,1,0,0,0,0.0,0.0,2025-Jan-29-23:30:48.747394
0.7190205031455159,414,-3,1,0,0,0,0.0,0.0,2025-Jan-29-23:30:48.812892
0.7190205031455159,415,-3,1,0,0,0,0.0,0.0,2025-Jan-29-23:30:48.860024
0.7190205031455159,416,-3,1,0,0,0,0.0,0.0,2025-Jan-29-23:30:48.904820
0.7190205031455159,417,-3,1,0,0,0,0.0,0.0,2025-Jan-29-23:30:48.949874
0.7190205031455159,418,-3,1,0,0,0,0.0,0.0,2025-Jan-29-23:30:48.994616
0.7190205031455159,419,-3,1,0,0,0,0.0,0.0,2025-Jan-29-23:30:49.039976
0.7190205031455159,420,-3,1,0,0,0,0.0,0.0,2025-Jan-29-23:30:49.083882
0.7190205031455159,421,-3,1,0,0,0,0.0,0.0,2025-Jan-29-23:30:49.128394
0.7190205031455159,422,-3,1,0,0,0,0.0,0.0,2025-Jan-29-23:30:49.172332
0.7190205031455159,423,-3,1,0,0,0,0.0,0.0,2025-Jan-29-23:30:49.218944
0.7190205031455159,424,-3,1,0,0,0,0.0,0.0,2025-Jan-29-23:30:49.273237
0.7190205031455159,425,-3,1,0,0,0,0.0,0.0,2025-Jan-29-23:30:49.318450
0.7190205031455159,426,-3,1,0,0,0,0.0,0.0,2025-Jan-29-23:30:49.363401
1.1113749517846028,427,-3,1,1,-1,-1,0.0,0.0,2025-Jan-29-23:30:49.423829
1.0740211464044855,428,-3,1,1,0,-1,0.0,0.0,2025-Jan-29-23:30:49.468889
0.719020489622653,429,-3,1,0,0,1,0.0,1.9000000000000001,2025-Jan-29-23:30:49.524467
0.7190204893192401,430,-3,1,0,0,1,0.0,0.8,2025-Jan-29-23:30:49.612069
0.7190205031455159,431,-3,1,0,0,0,0.0,0.0,2025-Jan-29-23:30:49.741598
0.7190205031455159,432,-3,1,0,0,0,0.0,0.0,2025-Jan-29-23:30:49.824259
1.0740211464044855,433,-3,1,1,0,-1,0.0,0.0,2025-Jan-29-23:30:49.871070
1.0740211300577118,434,-3,1,1,0,1,0.0,0.4,2025-Jan-29-23:30:49.926441
0.6197935286729634,435,-3,1,0,1,-1,0.7000000000000001,0.0,2025-Jan-29-23:30:49.970557
0.7190205031455159,436,-3,1,0,0,0,0.0,0.0,2025-Jan-29-23:30:50.015716
1.0740211292791848,437,-3,1,1,0,1,0.0,1.8000000000000003,2025-Jan-29-23:30:50.071302
0.7040048169014446,438,0,1,0,-1,1,0.0,0.1,2025-Jan-29-23:30:50.127332
0.7190205031455159,439,-3,1,0,0,0,0.0,0.0,2025-Jan-29-23:30:50.172453
0.7190205031455159,440,-3,1,0,0,0,0.0,0.0,2025-Jan-29-23:30:50.222037
1.0740211464044855,441,-3,1,1,0,-1,0.0,0.0,2025-Jan-29-23:30:50.266077
0.9039117203290862,442,-3,1,1,1,0,1.2000000000000002,0.0,2025-Jan-29-23:30:50.310295
0.7190205031455159,443,-3,1,0,0,0,0.0,0.0,2025-Jan-29-23:30:50.354121
0.7190205031455159,444,-3,1,0,0,0,0.0,0.0,2025-Jan-29-23:30:50.397758
0.5914411556334509,445,-3,1,0,1,0,0.9,0.0,2025-Jan-29-23:30:50.595870
0.7489822891669069,446,-3,1,0,-1,0,0.0,0.0,2025-Jan-29-23:30:50.736477
1.0740211297191413,447,-3,1,1,0,1,0.0,1.9000000000000001,2025-Jan-29-23:30:50.839419
0.7190205063079972,448,-3,1,0,0,-1,0.0,0.0,2025-Jan-29-23:30:50.886230
1.1113749517846028,449,-3,1,1,-1,-1,0.0,0.0,2025-Jan-29-23:30:50.949385
1.0740211432420042,450,-3,1,1,0,0,0.0,0.0,2025-Jan-29-23:30:50.994622
0.7040048287490615,451,0,1,0,0,0,0.0,0.0,2025-Jan-29-23:30:51.050404
0.5426189857434771,452,-3,1,0,1,-1,1.6,0.0,2025-Jan-29-23:30:51.124484
0.7563743116923222,453,-3,1,0,-1,-1,0.0,0.0,2025-Jan-29-23:30:51.184984
0.7489822891669069,454,-3,1,0,-1,0,0.0,0.0,2025-Jan-29-23:30:51.243518
0.719020489874709,455,-3,1,0,0,1,0.0,0.6,2025-Jan-29-23:30:51.298306
0.7040048306826437,456,0,1,0,-1,0,0.0,0.0,2025-Jan-29-23:30:51.353869
0.7190205031455159,457,-3,1,0,0,0,0.0,0.0,2025-Jan-29-23:30:51.398828
0.7190205031455159,458,-3,1,0,0,0,0.0,0.0,2025-Jan-29-23:30:51.444207
1.0740211432420042,459,-3,1,1,0,0,0.0,0.0,2025-Jan-29-23:30:51.487848
0.7040048308487874,460,0,1,0,0,-1,0.0,0.0,2025-Jan-29-23:30:51.542859
0.7190205031455159,461,-3,1,0,0,0,0.0,0.0,2025-Jan-29-23:30:51.607534
0.7190205031455159,462,-3,1,0,0,0,0.0,0.0,2025-Jan-29-23:30:51.706371
0.8976190135616154,463,-3,1,1,1,-1,1.4000000000000001,0.0,2025-Jan-29-23:30:51.821198
0.9606180814829505,464,-3,1,1,1,0,0.8,0.0,2025-Jan-29-23:30:51.867671
1.1113749487582494,465,-3,1,1,-1,0,0.0,0.0,2025-Jan-29-23:30:51.924892
1.0740211432420042,466,-3,1,1,0,0,0.0,0.0,2025-Jan-29-23:30:51.969168
1.1113749487582494,467,-3,1,1,-1,0,0.0,0.0,2025-Jan-29-23:30:52.026250
1.0740211464044855,468,-3,1,1,0,-1,0.0,0.0,2025-Jan-29-23:30:52.070211
0.7190205063079972,469,-3,1,0,0,-1,0.0,0.0,2025-Jan-29-23:30:52.114873
0.7190205031455159,470,-3,1,0,0,0,0.0,0.0,2025-Jan-29-23:30:52.159341
1.0740211432420042,471,-3,1,1,0,0,0.0,0.0,2025-Jan-29-23:30:52.204954
0.7190204899612234,472,-3,1,0,0,1,0.0,0.4,2025-Jan-29-23:30:52.261662
0.5426180642548899,473,-3,1,0,1,0,1.3000000000000003,0.0,2025-Jan-29-23:30:52.335156
0.7190205031455159,474,-3,1,0,0,0,0.0,0.0,2025-Jan-29-23:30:52.380127
0.7563742953010874,475,-3,1,0,-1,1,0.0,0.7000000000000001,2025-Jan-29-23:30:52.461953
0.7190205031455159,476,-3,1,0,0,0,0.0,0.0,2025-Jan-29-23:30:52.509791
0.7190205031455159,477,-3,1,0,0,0,0.0,0.0,2025-Jan-29-23:30:52.572302
0.7190205031455159,478,-3,1,0,0,0,0.0,0.0,2025-Jan-29-23:30:52.781870
0.7489822891669069,479,-3,1,0,-1,0,0.0,0.0,2025-Jan-29-23:30:52.892795
0.8976199166248714,480,-3,1,1,1,1,1.7000000000000002,1.2000000000000002,2025-Jan-29-23:30:52.995519
0.5426192929604894,481,-3,1,0,1,-1,1.7000000000000002,0.0,2025-Jan-29-23:30:53.071501
0.7040048287490615,482,0,1,0,0,0,0.0,0.0,2025-Jan-29-23:30:53.128736
0.7040048287490615,483,0,1,0,0,0,0.0,0.0,2025-Jan-29-23:30:53.185037
0.7040048287490615,484,0,1,0,0,0,0.0,0.0,2025-Jan-29-23:30:53.241178
0.5772646709898425,485,-3,1,0,1,-1,1.0,0.0,2025-Jan-29-23:30:53.287054
0.7563743116923222,486,-3,1,0,-1,-1,0.0,0.0,2025-Jan-29-23:30:53.345943
0.7190205031455159,487,-3,1,0,0,0,0.0,0.0,2025-Jan-29-23:30:53.392679
0.5630879794494487,488,-3,1,0,1,-1,1.1,0.0,2025-Jan-29-23:30:53.438185
0.7190205031455159,489,-3,1,0,0,0,0.0,0.0,2025-Jan-29-23:30:53.488299
0.7040048287490615,490,0,1,0,0,0,0.0,0.0,2025-Jan-29-23:30:53.544381
0.7563743116923222,491,-3,1,0,-1,-1,0.0,0.0,2025-Jan-29-23:30:53.630852
0.6764958394303493,492,-3,1,0,1,1,0.30000000000000004,0.9,2025-Jan-29-23:30:53.726116
0.7190205031455159,493,-3,1,0,0,0,0.0,0.0,2025-Jan-29-23:30:53.802467
0.7040048287490615,494,0,1,0,0,0,0.0,0.0,2025-Jan-29-23:30:53.858182
0.5426192929604894,495,-3,1,0,1,-1,1.7000000000000002,0.0,2025-Jan-29-23:30:53.931931
0.7190205031455159,496,-3,1,0,0,0,0.0,0.0,2025-Jan-29-23:30:53.977444
0.5630879756869492,497,-3,1,0,1,0,1.1,0.0,2025-Jan-29-23:30:54.021504
0.7563743116923222,498,-3,1,0,-1,-1,0.0,0.0,2025-Jan-29-23:30:54.077098
0.7040048287490615,499,0,1,0,0,0,0.0,0.0,2025-Jan-29-23:30:54.132458
0.7190205031455159,500,-3,1,0,0,0,0.0,0.0,2025-Jan-29-23:30:54.178576
0.7040048287490615,501,0,1,0,0,0,0.0,0.0,2025-Jan-29-23:30:54.237476
1.0740211464044855,502,-3,1,1,0,-1,0.0,0.0,2025-Jan-29-23:30:54.281796
0.7190205031455159,503,-3,1,0,0,0,0.0,0.0,2025-Jan-29-23:30:54.324432
0.7190205031455159,504,-3,1,0,0,0,0.0,0.0,2025-Jan-29-23:30:54.367744
0.7040048287490615,505,0,1,0,0,0,0.0,0.0,2025-Jan-29-23:30:54.423658
0.7190205031455159,506,-3,1,0,0,0,0.0,0.0,2025-Jan-29-23:30:54.467683
0.7489822749024629,507,-3,1,0,-1,1,0.0,0.1,2025-Jan-29-23:30:54.545910
0.7040048287490615,508,0,1,0,0,0,0.0,0.0,2025-Jan-29-23:30:54.651875
0.8976193155732469,509,-3,1,1,1,0,1.5000000000000002,0.0,2025-Jan-29-23:30:54.770076
0.7190205031455159,510,-3,1,0,0,0,0.0,0.0,2025-Jan-29-23:30:54.824731
0.7489822891669069,511,-3,1,0,-1,0,0.0,0.0,2025-Jan-29-23:30:54.881869
0.7190205063079972,512,-3,1,0,0,-1,0.0,0.0,2025-Jan-29-23:30:54.928592
0.7040048287490615,513,0,1,0,0,0,0.0,0.0,2025-Jan-29-23:30:54.993448
0.5426189857434771,514,-3,1,0,1,-1,1.6,0.0,2025-Jan-29-23:30:55.066596
0.7190205031455159,515,-3,1,0,0,0,0.0,0.0,2025-Jan-29-23:30:55.115670
0.7040048287490615,516,0,1,0,0,0,0.0,0.0,2025-Jan-29-23:30:55.174999
0.7190204891826966,517,-3,1,0,0,1,0.0,1.8000000000000003,2025-Jan-29-23:30:55.229059
0.7190205063079972,518,-3,1,0,0,-1,0.0,0.0,2025-Jan-29-23:30:55.273653
0.7190205031455159,519,-3,1,0,0,0,0.0,0.0,2025-Jan-29-23:30:55.317416
0.9606180814829505,520,-3,1,1,1,0,0.8,0.0,2025-Jan-29-23:30:55.362696
1.0740211432420042,521,-3,1,1,0,0,0.0,0.0,2025-Jan-29-23:30:55.409271
0.7190205031455159,522,-3,1,0,0,0,0.0,0.0,2025-Jan-29-23:30:55.454067
0.7040048287490615,523,0,1,0,0,0,0.0,0.0,2025-Jan-29-23:30:55.507823
0.7190204896855531,524,-3,1,0,0,1,0.0,0.9,2025-Jan-29-23:30:55.596102
0.7190205031455159,525,-3,1,0,0,0,0.0,0.0,2025-Jan-29-23:30:55.678298
0.7190205031455159,526,-3,1,0,0,0,0.0,0.0,2025-Jan-29-23:30:55.757179
0.7190205031455159,527,-3,1,0,0,0,0.0,0.0,2025-Jan-29-23:30:55.825257
0.7190205031455159,528,-3,1,0,0,0,0.0,0.0,2025-Jan-29-23:30:55.869453
0.7190205031455159,529,-3,1,0,0,0,0.0,0.0,2025-Jan-29-23:30:55.913745
0.5426180680968833,530,-3,1,0,1,-1,1.3000000000000003,0.0,2025-Jan-29-23:30:55.988505
0.5426180642548899,531,-3,1,0,1,0,1.3000000000000003,0.0,2025-Jan-29-23:30:56.061187
0.7190205031455159,532,-3,1,0,0,0,0.0,0.0,2025-Jan-29-23:30:56.232068
0.7190205031455159,533,-3,1,0,0,0,0.0,0.0,2025-Jan-29-23:30:56.277325
0.7190205031455159,534,-3,1,0,0,0,0.0,0.0,2025-Jan-29-23:30:56.321304
0.7190205031455159,535,-3,1,0,0,0,0.0,0.0,2025-Jan-29-23:30:56.364567
0.7190205031455159,536,-3,1,0,0,0,0.0,0.0,2025-Jan-29-23:30:56.408717
0.7190205031455159,537,-3,1,0,0,0,0.0,0.0,2025-Jan-29-23:30:56.452300
0.7190205031455159,538,-3,1,0,0,0,0.0,0.0,2025-Jan-29-23:30:56.493695
0.7190205031455159,539,-3,1,0,0,0,0.0,0.0,2025-Jan-29-23:30:56.536211
0.7190205031455159,540,-3,1,0,0,0,0.0,0.0,2025-Jan-29-23:30:56.612550
0.7190205031455159,541,-3,1,0,0,0,0.0,0.0,2025-Jan-29-23:30:56.687061
0.6056174449710743,542,-3,1,0,1,-1,0.8,0.0,2025-Jan-29-23:30:56.763197
0.7190205031455159,543,-3,1,0,0,0,0.0,0.0,2025-Jan-29-23:30:56.819244
0.7190205031455159,544,-3,1,0,0,0,0.0,0.0,2025-Jan-29-23:30:56.862430
0.7190205031455159,545,-3,1,0,0,0,0.0,0.0,2025-Jan-29-23:30:56.905018
0.7190205031455159,546,-3,1,0,0,0,0.0,0.0,2025-Jan-29-23:30:56.950381
0.5914411556334509,547,-3,1,0,1,0,0.9,0.0,2025-Jan-29-23:30:56.997888
0.7190205031455159,548,-3,1,0,0,0,0.0,0.0,2025-Jan-29-23:30:57.043848
0.7190205031455159,549,-3,1,0,0,0,0.0,0.0,2025-Jan-29-23:30:57.086306
0.7190205031455159,550,-3,1,0,0,0,0.0,0.0,2025-Jan-29-23:30:57.130584
0.7190205031455159,551,-3,1,0,0,0,0.0,0.0,2025-Jan-29-23:30:57.176153
0.7489822891669069,552,-3,1,0,-1,0,0.0,0.0,2025-Jan-29-23:30:57.233574
0.7040048287490615,553,0,1,0,0,0,0.0,0.0,2025-Jan-29-23:30:57.287335
1.0740211299560924,554,-3,1,1,0,1,0.0,0.7000000000000001,2025-Jan-29-23:30:57.342320
0.7190204897704602,555,-3,1,0,0,1,0.0,1.0,2025-Jan-29-23:30:57.395752
0.5772646672821861,556,-3,1,0,1,0,1.0,0.0,2025-Jan-29-23:30:57.439260
0.7190205031455159,557,-3,1,0,0,0,0.0,0.0,2025-Jan-29-23:30:57.482318
0.9464417993980544,558,-3,1,1,1,-1,0.9,0.0,2025-Jan-29-23:30:57.525216
0.7040048287490615,559,0,1,0,0,0,0.0,0.0,2025-Jan-29-23:30:57.604780
1.0740211432420042,560,-3,1,1,0,0,0.0,0.0,2025-Jan-29-23:30:57.679315
0.7190205031455159,561,-3,1,0,0,0,0.0,0.0,2025-Jan-29-23:30:57.746847
0.7190205031455159,562,-3,1,0,0,0,0.0,0.0,2025-Jan-29-23:30:57.800414
0.7040048169014446,563,0,1,0,-1,1,0.0,0.1,2025-Jan-29-23:30:57.854474
1.1113749487582494,564,-3,1,1,-1,0,0.0,0.0,2025-Jan-29-23:30:57.911184
0.7040048287490615,565,0,1,0,0,0,0.0,0.0,2025-Jan-29-23:30:57.967757
1.0740211432420042,566,-3,1,1,0,0,0.0,0.0,2025-Jan-29-23:30:58.014999
0.8976202372078245,567,-3,1,1,1,0,1.8000000000000003,0.0,2025-Jan-29-23:30:58.089600
1.1113749353933677,568,-3,1,1,-1,1,0.0,0.7000000000000001,2025-Jan-29-23:30:58.178209
0.7190205031455159,569,-3,1,0,0,0,0.0,0.0,2025-Jan-29-23:30:58.223815
1.0740211298809452,570,-3,1,1,0,1,0.0,0.1,2025-Jan-29-23:30:58.281260
0.7489822891669069,571,-3,1,0,-1,0,0.0,0.0,2025-Jan-29-23:30:58.336630
0.7190205063079972,572,-3,1,0,0,-1,0.0,0.0,2025-Jan-29-23:30:58.383826
0.7190205063079972,573,-3,1,0,0,-1,0.0,0.0,2025-Jan-29-23:30:58.428695
0.7563743116923222,574,-3,1,0,-1,-1,0.0,0.0,2025-Jan-29-23:30:58.489847
1.05900546881293,575,0,1,1,0,0,0.0,0.0,2025-Jan-29-23:30:58.544319
0.8976190097192577,576,-3,1,1,1,0,1.4000000000000001,0.0,2025-Jan-29-23:30:58.643610
0.5426186792983064,577,-3,1,0,1,-1,1.5000000000000002,0.0,2025-Jan-29-23:30:58.751933
0.7190204900498527,578,-3,1,0,0,1,0.0,1.6,2025-Jan-29-23:30:58.827638
0.7190205031455159,579,-3,1,0,0,0,0.0,0.0,2025-Jan-29-23:30:58.948908
0.9747941687812872,580,-3,1,1,1,-1,0.7000000000000001,0.0,2025-Jan-29-23:30:58.993667
0.7040048287490615,581,0,1,0,0,0,0.0,0.0,2025-Jan-29-23:30:59.053224
1.0598464609314147,582,-3,1,1,1,0,0.1,0.0,2025-Jan-29-23:30:59.097450
0.719020489622653,583,-3,1,0,0,1,0.0,1.9000000000000001,2025-Jan-29-23:30:59.153916
1.1113749351915718,584,-3,1,1,-1,1,0.0,1.1,2025-Jan-29-23:30:59.233482
0.7040048308487874,585,0,1,0,0,-1,0.0,0.0,2025-Jan-29-23:30:59.287343
0.9322652946353899,586,-3,1,1,1,1,1.0,1.2000000000000002,2025-Jan-29-23:30:59.341264
0.7190205031455159,587,-3,1,0,0,0,0.0,0.0,2025-Jan-29-23:30:59.388091
1.0740211432420042,588,-3,1,1,0,0,0.0,0.0,2025-Jan-29-23:30:59.431710
1.0590054565755196,589,0,1,1,1,0,0.1,0.0,2025-Jan-29-23:30:59.487160
0.7190204898834608,590,-3,1,0,0,1,0.0,1.1,2025-Jan-29-23:30:59.543569
0.7190205031455159,591,-3,1,0,0,0,0.0,0.0,2025-Jan-29-23:30:59.607597
0.6056174413729246,592,-3,1,0,1,0,0.8,0.0,2025-Jan-29-23:30:59.695403
0.7190205031455159,593,-3,1,0,0,0,0.0,0.0,2025-Jan-29-23:30:59.787400
1.05900546881293,594,0,1,1,0,0,0.0,0.0,2025-Jan-29-23:30:59.864760
0.7190205031455159,595,-3,1,0,0,0,0.0,0.0,2025-Jan-29-23:30:59.916303
1.0740211432420042,596,-3,1,1,0,0,0.0,0.0,2025-Jan-29-23:30:59.970462
0.7190204897704602,597,-3,1,0,0,1,0.0,1.0,2025-Jan-29-23:31:00.036589
0.6764958561148223,598,-3,1,0,1,-1,0.30000000000000004,0.0,2025-Jan-29-23:31:00.090297
0.7190205031455159,599,-3,1,0,0,0,0.0,0.0,2025-Jan-29-23:31:00.139861
1.0456715760501107,600,-3,1,1,1,0,0.2,0.0,2025-Jan-29-23:31:00.187273
0.7190205031455159,601,-3,1,0,0,0,0.0,0.0,2025-Jan-29-23:31:00.230993
0.7040048287490615,602,0,1,0,0,0,0.0,0.0,2025-Jan-29-23:31:00.285406
0.7190205031455159,603,-3,1,0,0,0,0.0,0.0,2025-Jan-29-23:31:00.329405
0.7489822891669069,604,-3,1,0,-1,0,0.0,0.0,2025-Jan-29-23:31:00.387503
0.5426199092930079,605,-3,1,0,1,-1,1.9000000000000001,0.0,2025-Jan-29-23:31:00.462366
0.5426180642548899,606,-3,1,0,1,0,1.3000000000000003,0.0,2025-Jan-29-23:31:00.536044
0.7040048287490615,607,0,1,0,0,0,0.0,0.0,2025-Jan-29-23:31:00.603837
0.7040048287490615,608,0,1,0,0,0,0.0,0.0,2025-Jan-29-23:31:00.694004
0.7190205031455159,609,-3,1,0,0,0,0.0,0.0,2025-Jan-29-23:31:00.771826
0.7190205031455159,610,-3,1,0,0,0,0.0,0.0,2025-Jan-29-23:31:00.822930
0.7190205031455159,611,-3,1,0,0,0,0.0,0.0,2025-Jan-29-23:31:00.866778
0.7190205031455159,612,-3,1,0,0,0,0.0,0.0,2025-Jan-29-23:31:00.911141
0.5426180680968833,613,-3,1,0,1,-1,1.3000000000000003,0.0,2025-Jan-29-23:31:01.060151
0.7190205031455159,614,-3,1,0,0,0,0.0,0.0,2025-Jan-29-23:31:01.104634
0.7040048287490615,615,0,1,0,0,0,0.0,0.0,2025-Jan-29-23:31:01.160089
0.7190205031455159,616,-3,1,0,0,0,0.0,0.0,2025-Jan-29-23:31:01.203930
0.5914411592863241,617,-3,1,0,1,-1,0.9,0.0,2025-Jan-29-23:31:01.249185
0.7190205031455159,618,-3,1,0,0,0,0.0,0.0,2025-Jan-29-23:31:01.291741
0.7040048287490615,619,0,1,0,0,0,0.0,0.0,2025-Jan-29-23:31:01.344802
0.5426183734439688,620,-3,1,0,1,-1,1.4000000000000001,0.0,2025-Jan-29-23:31:01.417235
0.7190205031455159,621,-3,1,0,0,0,0.0,0.0,2025-Jan-29-23:31:01.464739
0.5630879756869492,622,-3,1,0,1,0,1.1,0.0,2025-Jan-29-23:31:01.508858
0.7563743116923222,623,-3,1,0,-1,-1,0.0,0.0,2025-Jan-29-23:31:01.595043
0.7040048287490615,624,0,1,0,0,0,0.0,0.0,2025-Jan-29-23:31:01.702554
0.7040048287490615,625,0,1,0,0,0,0.0,0.0,2025-Jan-29-23:31:01.804473
0.7190205031455159,626,-3,1,0,0,0,0.0,0.0,2025-Jan-29-23:31:01.862221
0.7040048287490615,627,0,1,0,0,0,0.0,0.0,2025-Jan-29-23:31:01.925533
0.7190205031455159,628,-3,1,0,0,0,0.0,0.0,2025-Jan-29-23:31:01.975355
0.7190205031455159,629,-3,1,0,0,0,0.0,0.0,2025-Jan-29-23:31:02.023798
0.7040048287490615,630,0,1,0,0,0,0.0,0.0,2025-Jan-29-23:31:02.086624
0.7190205031455159,631,-3,1,0,0,0,0.0,0.0,2025-Jan-29-23:31:02.132134
0.7489822748812069,632,-3,1,0,-1,1,0.0,0.2,2025-Jan-29-23:31:02.214025
0.7040048287490615,633,0,1,0,0,0,0.0,0.0,2025-Jan-29-23:31:02.271559
0.7190205031455159,634,-3,1,0,0,0,0.0,0.0,2025-Jan-29-23:31:02.316235
0.7040048287490615,635,0,1,0,0,0,0.0,0.0,2025-Jan-29-23:31:02.372306
0.7489822891669069,636,-3,1,0,-1,0,0.0,0.0,2025-Jan-29-23:31:02.430228
0.7190205063079972,637,-3,1,0,0,-1,0.0,0.0,2025-Jan-29-23:31:02.474721
1.0740211432420042,638,-3,1,1,0,0,0.0,0.0,2025-Jan-29-23:31:02.521450
0.5426189857434771,639,-3,1,0,1,-1,1.6,0.0,2025-Jan-29-23:31:02.624159
0.7489822891669069,640,-3,1,0,-1,0,0.0,0.0,2025-Jan-29-23:31:02.726894
0.7040048287490615,641,0,1,0,0,0,0.0,0.0,2025-Jan-29-23:31:02.803876
0.7190204891826966,642,-3,1,0,0,1,0.0,1.8000000000000003,2025-Jan-29-23:31:02.862001
0.7040048308487874,643,0,1,0,0,-1,0.0,0.0,2025-Jan-29-23:31:02.916280
0.7040048287490615,644,0,1,0,0,0,0.0,0.0,2025-Jan-29-23:31:02.972348
0.9322653073956236,645,-3,1,1,1,0,1.0,0.0,2025-Jan-29-23:31:03.019152
0.7190205031455159,646,-3,1,0,0,0,0.0,0.0,2025-Jan-29-23:31:03.064684
0.7190205031455159,647,-3,1,0,0,0,0.0,0.0,2025-Jan-29-23:31:03.108285
0.7190205031455159,648,-3,1,0,0,0,0.0,0.0,2025-Jan-29-23:31:03.153905
0.7190205031455159,649,-3,1,0,0,0,0.0,0.0,2025-Jan-29-23:31:03.199235
0.7190205031455159,650,-3,1,0,0,0,0.0,0.0,2025-Jan-29-23:31:03.242792
0.7190205031455159,651,-3,1,0,0,0,0.0,0.0,2025-Jan-29-23:31:03.285953
0.5489110802122255,652,-3,1,0,1,0,1.2000000000000002,0.0,2025-Jan-29-23:31:03.329575
0.7190205031455159,653,-3,1,0,0,0,0.0,0.0,2025-Jan-29-23:31:03.380353
0.7190205031455159,654,-3,1,0,0,0,0.0,0.0,2025-Jan-29-23:31:03.433369
0.5426180642548899,655,-3,1,0,1,0,1.3000000000000003,0.0,2025-Jan-29-23:31:03.524084
0.7190205031455159,656,-3,1,0,0,0,0.0,0.0,2025-Jan-29-23:31:03.586723
0.7190205031455159,657,-3,1,0,0,0,0.0,0.0,2025-Jan-29-23:31:03.666424
0.7190205031455159,658,-3,1,0,0,0,0.0,0.0,2025-Jan-29-23:31:03.745749
0.7190205031455159,659,-3,1,0,0,0,0.0,0.0,2025-Jan-29-23:31:03.809295
0.7190205031455159,660,-3,1,0,0,0,0.0,0.0,2025-Jan-29-23:31:03.856654
0.7190205031455159,661,-3,1,0,0,0,0.0,0.0,2025-Jan-29-23:31:03.905011
0.7489822891669069,662,-3,1,0,-1,0,0.0,0.0,2025-Jan-29-23:31:03.968859
0.7190205031455159,663,-3,1,0,0,0,0.0,0.0,2025-Jan-29-23:31:04.019272
0.7190205031455159,664,-3,1,0,0,0,0.0,0.0,2025-Jan-29-23:31:04.152711
0.7190205031455159,665,-3,1,0,0,0,0.0,0.0,2025-Jan-29-23:31:04.201182
0.7489822891669069,666,-3,1,0,-1,0,0.0,0.0,2025-Jan-29-23:31:04.262788
0.6056174449710743,667,-3,1,0,1,-1,0.8,0.0,2025-Jan-29-23:31:04.313552
0.7190205031455159,668,-3,1,0,0,0,0.0,0.0,2025-Jan-29-23:31:04.365913
0.7489822891669069,669,-3,1,0,-1,0,0.0,0.0,2025-Jan-29-23:31:04.429047
0.5426180642548899,670,-3,1,0,1,0,1.3000000000000003,0.0,2025-Jan-29-23:31:04.517644
0.7190205031455159,671,-3,1,0,0,0,0.0,0.0,2025-Jan-29-23:31:04.592536
0.5489110802122255,672,-3,1,0,1,0,1.2000000000000002,0.0,2025-Jan-29-23:31:04.670318
0.7190205031455159,673,-3,1,0,0,0,0.0,0.0,2025-Jan-29-23:31:04.751552
0.7190205031455159,674,-3,1,0,0,0,0.0,0.0,2025-Jan-29-23:31:04.819287
0.7190205031455159,675,-3,1,0,0,0,0.0,0.0,2025-Jan-29-23:31:04.865995
0.7190205031455159,676,-3,1,0,0,0,0.0,0.0,2025-Jan-29-23:31:04.912648
0.7190205031455159,677,-3,1,0,0,0,0.0,0.0,2025-Jan-29-23:31:04.959056
0.7040048306826437,678,0,1,0,-1,0,0.0,0.0,2025-Jan-29-23:31:05.023878
0.7563742952492334,679,-3,1,0,-1,1,0.0,0.4,2025-Jan-29-23:31:05.108592
1.0740211298250704,680,-3,1,1,0,1,0.0,1.3000000000000003,2025-Jan-29-23:31:05.171313
1.0740211432420042,681,-3,1,1,0,0,0.0,0.0,2025-Jan-29-23:31:05.221248
0.7489822891669069,682,-3,1,0,-1,0,0.0,0.0,2025-Jan-29-23:31:05.282855
0.5426183734439688,683,-3,1,0,1,-1,1.4000000000000001,0.0,2025-Jan-29-23:31:05.366237
0.7190205031455159,684,-3,1,0,0,0,0.0,0.0,2025-Jan-29-23:31:05.414186
0.704845824049979,685,-3,1,0,1,-1,0.1,0.0,2025-Jan-29-23:31:05.462440
0.7190205031455159,686,-3,1,0,0,0,0.0,0.0,2025-Jan-29-23:31:05.509673
1.0740211432420042,687,-3,1,1,0,0,0.0,0.0,2025-Jan-29-23:31:05.581402
0.7040048169014446,688,0,1,0,-1,1,0.0,0.1,2025-Jan-29-23:31:05.675342
0.7190205063079972,689,-3,1,0,0,-1,0.0,0.0,2025-Jan-29-23:31:05.753651
0.7040048287490615,690,0,1,0,0,0,0.0,0.0,2025-Jan-29-23:31:05.826046
0.5630879627172706,691,-3,1,0,1,1,1.1,0.2,2025-Jan-29-23:31:05.884052
0.7190205031455159,692,-3,1,0,0,0,0.0,0.0,2025-Jan-29-23:31:05.930385
0.7563743116923222,693,-3,1,0,-1,-1,0.0,0.0,2025-Jan-29-23:31:05.992786
0.7040048287490615,694,0,1,0,0,0,0.0,0.0,2025-Jan-29-23:31:06.054400
0.542619276199227,695,-3,1,0,1,1,1.7000000000000002,1.4000000000000001,2025-Jan-29-23:31:06.134594
0.7489822891669069,696,-3,1,0,-1,0,0.0,0.0,2025-Jan-29-23:31:06.198108
0.7190205031455159,697,-3,1,0,0,0,0.0,0.0,2025-Jan-29-23:31:06.243066
0.7190205031455159,698,-3,1,0,0,0,0.0,0.0,2025-Jan-29-23:31:06.291803
0.9180886158020971,699,-3,1,1,1,0,1.1,0.0,2025-Jan-29-23:31:06.338622
0.7040048287490615,700,0,1,0,0,0,0.0,0.0,2025-Jan-29-23:31:06.398338
1.0740211464044855,701,-3,1,1,0,-1,0.0,0.0,2025-Jan-29-23:31:06.441723
0.5426199092930079,702,-3,1,0,1,-1,1.9000000000000001,0.0,2025-Jan-29-23:31:06.522444
0.8976199163766454,703,-3,1,1,1,1,1.7000000000000002,0.9,2025-Jan-29-23:31:06.712155
0.7190205031455159,704,-3,1,0,0,0,0.0,0.0,2025-Jan-29-23:31:06.781786
0.5426183734439688,705,-3,1,0,1,-1,1.4000000000000001,0.0,2025-Jan-29-23:31:06.882462
0.7190205031455159,706,-3,1,0,0,0,0.0,0.0,2025-Jan-29-23:31:06.925263
1.0740211298809452,707,-3,1,1,0,1,0.0,0.1,2025-Jan-29-23:31:06.980373
0.719020489622653,708,-3,1,0,0,1,0.0,1.9000000000000001,2025-Jan-29-23:31:07.035671
1.0456715793211582,709,-3,1,1,1,-1,0.2,0.0,2025-Jan-29-23:31:07.080813
0.7040048308487874,710,0,1,0,0,-1,0.0,0.0,2025-Jan-29-23:31:07.135092
0.5426186792983064,711,-3,1,0,1,-1,1.5000000000000002,0.0,2025-Jan-29-23:31:07.208991
0.7040048287490615,712,0,1,0,0,0,0.0,0.0,2025-Jan-29-23:31:07.270799
0.7489822891669069,713,-3,1,0,-1,0,0.0,0.0,2025-Jan-29-23:31:07.330268
0.7190205031455159,714,-3,1,0,0,0,0.0,0.0,2025-Jan-29-23:31:07.374436
0.7489822891669069,715,-3,1,0,-1,0,0.0,0.0,2025-Jan-29-23:31:07.430023
0.7190205031455159,716,-3,1,0,0,0,0.0,0.0,2025-Jan-29-23:31:07.481870
0.6764958527894045,717,-3,1,0,1,0,0.30000000000000004,0.0,2025-Jan-29-23:31:07.528719
0.7190205031455159,718,-3,1,0,0,0,0.0,0.0,2025-Jan-29-23:31:07.605463
1.0740211432420042,719,-3,1,1,0,0,0.0,0.0,2025-Jan-29-23:31:07.702201
0.7040048287490615,720,0,1,0,0,0,0.0,0.0,2025-Jan-29-23:31:07.806242
1.0740211432420042,721,-3,1,1,0,0,0.0,0.0,2025-Jan-29-23:31:07.858492
0.7190204897704602,722,-3,1,0,0,1,0.0,1.0,2025-Jan-29-23:31:07.915441
0.7563743116923222,723,-3,1,0,-1,-1,0.0,0.0,2025-Jan-29-23:31:07.975166
0.7190205031455159,724,-3,1,0,0,0,0.0,0.0,2025-Jan-29-23:31:08.021206
0.7190205031455159,725,-3,1,0,0,0,0.0,0.0,2025-Jan-29-23:31:08.067075
0.7190205031455159,726,-3,1,0,0,0,0.0,0.0,2025-Jan-29-23:31:08.111663
0.5489110802122255,727,-3,1,0,1,0,1.2000000000000002,0.0,2025-Jan-29-23:31:08.155890
0.7190205031455159,728,-3,1,0,0,0,0.0,0.0,2025-Jan-29-23:31:08.199556
0.7190205031455159,729,-3,1,0,0,0,0.0,0.0,2025-Jan-29-23:31:08.245221
0.7190205031455159,730,-3,1,0,0,0,0.0,0.0,2025-Jan-29-23:31:08.292498
0.5426180680968833,731,-3,1,0,1,-1,1.3000000000000003,0.0,2025-Jan-29-23:31:08.371182
0.7040048287490615,732,0,1,0,0,0,0.0,0.0,2025-Jan-29-23:31:08.435539
0.7040048287490615,733,0,1,0,0,0,0.0,0.0,2025-Jan-29-23:31:08.495421
0.7040048287490615,734,0,1,0,0,0,0.0,0.0,2025-Jan-29-23:31:08.570610
0.7190205063079972,735,-3,1,0,0,-1,0.0,0.0,2025-Jan-29-23:31:08.771176
0.7190205031455159,736,-3,1,0,0,0,0.0,0.0,2025-Jan-29-23:31:08.851060
0.7190205031455159,737,-3,1,0,0,0,0.0,0.0,2025-Jan-29-23:31:08.933656
0.5426199092930079,738,-3,1,0,1,-1,1.9000000000000001,0.0,2025-Jan-29-23:31:09.009288
0.7190205031455159,739,-3,1,0,0,0,0.0,0.0,2025-Jan-29-23:31:09.054788
0.7040048287490615,740,0,1,0,0,0,0.0,0.0,2025-Jan-29-23:31:09.111339
0.7563743116923222,741,-3,1,0,-1,-1,0.0,0.0,2025-Jan-29-23:31:09.170740
0.5914411592863241,742,-3,1,0,1,-1,0.9,0.0,2025-Jan-29-23:31:09.215042
0.7190205031455159,743,-3,1,0,0,0,0.0,0.0,2025-Jan-29-23:31:09.262847
0.7040048287490615,744,0,1,0,0,0,0.0,0.0,2025-Jan-29-23:31:09.318269
0.7190205031455159,745,-3,1,0,0,0,0.0,0.0,2025-Jan-29-23:31:09.363723
0.7190205031455159,746,-3,1,0,0,0,0.0,0.0,2025-Jan-29-23:31:09.408311
0.5426180642548899,747,-3,1,0,1,0,1.3000000000000003,0.0,2025-Jan-29-23:31:09.482514
0.7563743116923222,748,-3,1,0,-1,-1,0.0,0.0,2025-Jan-29-23:31:09.540195
0.7040048287490615,749,0,1,0,0,0,0.0,0.0,2025-Jan-29-23:31:09.615281
0.7040048287490615,750,0,1,0,0,0,0.0,0.0,2025-Jan-29-23:31:09.703278
0.7040048287490615,751,0,1,0,0,0,0.0,0.0,2025-Jan-29-23:31:09.783756
0.7040048287490615,752,0,1,0,0,0,0.0,0.0,2025-Jan-29-23:31:09.837487
0.7190204897704602,753,-3,1,0,0,1,0.0,1.0,2025-Jan-29-23:31:09.889640
0.7190205031455159,754,-3,1,0,0,0,0.0,0.0,2025-Jan-29-23:31:09.931268
0.7190205031455159,755,-3,1,0,0,0,0.0,0.0,2025-Jan-29-23:31:09.974430
0.7190205031455159,756,-3,1,0,0,0,0.0,0.0,2025-Jan-29-23:31:10.018906
0.7040048306826437,757,0,1,0,-1,0,0.0,0.0,2025-Jan-29-23:31:10.078163
0.7040048287490615,758,0,1,0,0,0,0.0,0.0,2025-Jan-29-23:31:10.136188
0.7190205031455159,759,-3,1,0,0,0,0.0,0.0,2025-Jan-29-23:31:10.182159
0.7190205031455159,760,-3,1,0,0,0,0.0,0.0,2025-Jan-29-23:31:10.230880
0.7190205031455159,761,-3,1,0,0,0,0.0,0.0,2025-Jan-29-23:31:10.276211
0.7190205031455159,762,-3,1,0,0,0,0.0,0.0,2025-Jan-29-23:31:10.325727
0.7040048287490615,763,0,1,0,0,0,0.0,0.0,2025-Jan-29-23:31:10.382100
0.5426186792983064,764,-3,1,0,1,-1,1.5000000000000002,0.0,2025-Jan-29-23:31:10.458891
0.7190205031455159,765,-3,1,0,0,0,0.0,0.0,2025-Jan-29-23:31:10.503615
0.7040048287490615,766,0,1,0,0,0,0.0,0.0,2025-Jan-29-23:31:10.574347
0.7190204891826966,767,-3,1,0,0,1,0.0,1.8000000000000003,2025-Jan-29-23:31:10.663891
0.7040048287490615,768,0,1,0,0,0,0.0,0.0,2025-Jan-29-23:31:10.756978
0.7040048287490615,769,0,1,0,0,0,0.0,0.0,2025-Jan-29-23:31:10.830386
0.7040048287490615,770,0,1,0,0,0,0.0,0.0,2025-Jan-29-23:31:10.888216
0.7190205031455159,771,-3,1,0,0,0,0.0,0.0,2025-Jan-29-23:31:10.933326
0.7190205031455159,772,-3,1,0,0,0,0.0,0.0,2025-Jan-29-23:31:10.977687
0.7040048287490615,773,0,1,0,0,0,0.0,0.0,2025-Jan-29-23:31:11.032499
0.7190205031455159,774,-3,1,0,0,0,0.0,0.0,2025-Jan-29-23:31:11.207903
0.7190205031455159,775,-3,1,0,0,0,0.0,0.0,2025-Jan-29-23:31:11.254279
0.7190205031455159,776,-3,1,0,0,0,0.0,0.0,2025-Jan-29-23:31:11.299892
0.5426180642548899,777,-3,1,0,1,0,1.3000000000000003,0.0,2025-Jan-29-23:31:11.379038
0.7190205031455159,778,-3,1,0,0,0,0.0,0.0,2025-Jan-29-23:31:11.431325
0.7190205031455159,779,-3,1,0,0,0,0.0,0.0,2025-Jan-29-23:31:11.481567
0.5426180642548899,780,-3,1,0,1,0,1.3000000000000003,0.0,2025-Jan-29-23:31:11.581197
0.7190205031455159,781,-3,1,0,0,0,0.0,0.0,2025-Jan-29-23:31:11.665427
0.7190205031455159,782,-3,1,0,0,0,0.0,0.0,2025-Jan-29-23:31:11.743961
0.7190205031455159,783,-3,1,0,0,0,0.0,0.0,2025-Jan-29-23:31:11.819132
0.7190205031455159,784,-3,1,0,0,0,0.0,0.0,2025-Jan-29-23:31:11.862891
0.7190205031455159,785,-3,1,0,0,0,0.0,0.0,2025-Jan-29-23:31:11.907025
0.7190205031455159,786,-3,1,0,0,0,0.0,0.0,2025-Jan-29-23:31:11.950819
0.7040048287490615,787,0,1,0,0,0,0.0,0.0,2025-Jan-29-23:31:12.005753
0.5426180680968833,788,-3,1,0,1,-1,1.3000000000000003,0.0,2025-Jan-29-23:31:12.078365
0.7040048161171393,789,0,1,0,1,0,0.6,0.0,2025-Jan-29-23:31:12.135979
0.7190205031455159,790,-3,1,0,0,0,0.0,0.0,2025-Jan-29-23:31:12.179265
0.7190205031455159,791,-3,1,0,0,0,0.0,0.0,2025-Jan-29-23:31:12.223028
0.7190205031455159,792,-3,1,0,0,0,0.0,0.0,2025-Jan-29-23:31:12.266273
0.5426180642548899,793,-3,1,0,1,0,1.3000000000000003,0.0,2025-Jan-29-23:31:12.340008
0.7190205031455159,794,-3,1,0,0,0,0.0,0.0,2025-Jan-29-23:31:12.388100
0.5426180642548899,795,-3,1,0,1,0,1.3000000000000003,0.0,2025-Jan-29-23:31:12.470718
0.7190205031455159,796,-3,1,0,0,0,0.0,0.0,2025-Jan-29-23:31:12.522354
0.5426180642548899,797,-3,1,0,1,0,1.3000000000000003,0.0,2025-Jan-29-23:31:12.645773
0.7489822891669069,798,-3,1,0,-1,0,0.0,0.0,2025-Jan-29-23:31:12.744270
0.7190205031455159,799,-3,1,0,0,0,0.0,0.0,2025-Jan-29-23:31:12.812710
0.7190205031455159,800,-3,1,0,0,0,0.0,0.0,2025-Jan-29-23:31:12.857677
0.7190205031455159,801,-3,1,0,0,0,0.0,0.0,2025-Jan-29-23:31:12.903617
1.1113749487582494,802,-3,1,1,-1,0,0.0,0.0,2025-Jan-29-23:31:12.961860
0.7040048287490615,803,0,1,0,0,0,0.0,0.0,2025-Jan-29-23:31:13.017553
1.074021130066558,804,-3,1,1,0,1,0.0,1.7000000000000002,2025-Jan-29-23:31:13.074949
0.7190204893192401,805,-3,1,0,0,1,0.0,0.8,2025-Jan-29-23:31:13.131802
0.7563742950600578,806,-3,1,0,-1,1,0.0,0.30000000000000004,2025-Jan-29-23:31:13.212419
0.7190205031455159,807,-3,1,0,0,0,0.0,0.0,2025-Jan-29-23:31:13.257972
0.7489822891669069,808,-3,1,0,-1,0,0.0,0.0,2025-Jan-29-23:31:13.315215
0.7040048287490615,809,0,1,0,0,0,0.0,0.0,2025-Jan-29-23:31:13.371805
1.0740211299164697,810,-3,1,1,0,1,0.0,0.30000000000000004,2025-Jan-29-23:31:13.427298
0.7190205031455159,811,-3,1,0,0,0,0.0,0.0,2025-Jan-29-23:31:13.471372
0.7190205031455159,812,-3,1,0,0,0,0.0,0.0,2025-Jan-29-23:31:13.520853
0.7040048169014446,813,0,1,0,-1,1,0.0,0.1,2025-Jan-29-23:31:13.596662
0.7190205063079972,814,-3,1,0,0,-1,0.0,0.0,2025-Jan-29-23:31:13.670660
0.7040048287490615,815,0,1,0,0,0,0.0,0.0,2025-Jan-29-23:31:13.764080
1.0740211432420042,816,-3,1,1,0,0,0.0,0.0,2025-Jan-29-23:31:13.829970
0.7190205031455159,817,-3,1,0,0,0,0.0,0.0,2025-Jan-29-23:31:13.874279
1.111374935341514,818,-3,1,1,-1,1,0.0,0.4,2025-Jan-29-23:31:13.957752
0.7040048287490615,819,0,1,0,0,0,0.0,0.0,2025-Jan-29-23:31:14.016793
1.0740211432420042,820,-3,1,1,0,0,0.0,0.0,2025-Jan-29-23:31:14.063124
0.7040048306826437,821,0,1,0,-1,0,0.0,0.0,2025-Jan-29-23:31:14.124155
1.05984646414815,822,-3,1,1,1,-1,0.1,0.0,2025-Jan-29-23:31:14.169020
0.7190205031455159,823,-3,1,0,0,0,0.0,0.0,2025-Jan-29-23:31:14.214318
0.7040048140526418,824,0,1,0,0,1,0.0,1.9000000000000001,2025-Jan-29-23:31:14.270621
0.7040048287490615,825,0,1,0,0,0,0.0,0.0,2025-Jan-29-23:31:14.326380
0.7190204896416055,826,-3,1,0,0,1,0.0,1.5000000000000002,2025-Jan-29-23:31:14.384399
0.5426199092930079,827,-3,1,0,1,-1,1.9000000000000001,0.0,2025-Jan-29-23:31:14.464849
1.1113749487582494,828,-3,1,1,-1,0,0.0,0.0,2025-Jan-29-23:31:14.526102
0.7190205031455159,829,-3,1,0,0,0,0.0,0.0,2025-Jan-29-23:31:14.591267
0.7040048287490615,830,0,1,0,0,0,0.0,0.0,2025-Jan-29-23:31:14.675444
0.7040048287490615,831,0,1,0,0,0,0.0,0.0,2025-Jan-29-23:31:14.759822
0.7190205063079972,832,-3,1,0,0,-1,0.0,0.0,2025-Jan-29-23:31:14.921400
0.8976205323876535,833,-3,1,1,1,1,1.9000000000000001,1.8000000000000003,2025-Jan-29-23:31:15.003846
1.0740211432420042,834,-3,1,1,0,0,0.0,0.0,2025-Jan-29-23:31:15.047824
0.7040048308487874,835,0,1,0,0,-1,0.0,0.0,2025-Jan-29-23:31:15.104353
0.8976205455665484,836,-3,1,1,1,0,1.9000000000000001,0.0,2025-Jan-29-23:31:15.179820
0.7040048287490615,837,0,1,0,0,0,0.0,0.0,2025-Jan-29-23:31:15.233884
0.7563742948803054,838,-3,1,0,-1,1,0.0,0.9,2025-Jan-29-23:31:15.311644
0.7040048287490615,839,0,1,0,0,0,0.0,0.0,2025-Jan-29-23:31:15.365829
0.8976187082145128,840,-3,1,1,1,-1,1.3000000000000003,0.0,2025-Jan-29-23:31:15.444063
0.7190205031455159,841,-3,1,0,0,0,0.0,0.0,2025-Jan-29-23:31:15.492115
0.9039117203290862,842,-3,1,1,1,0,1.2000000000000002,0.0,2025-Jan-29-23:31:15.536782
0.7040048287490615,843,0,1,0,0,0,0.0,0.0,2025-Jan-29-23:31:15.620200
1.0740211432420042,844,-3,1,1,0,0,0.0,0.0,2025-Jan-29-23:31:15.695241
0.7040048287490615,845,0,1,0,0,0,0.0,0.0,2025-Jan-29-23:31:15.774988
0.6339694075286959,846,-3,1,0,1,0,0.6,0.0,2025-Jan-29-23:31:15.824156
0.7190205031455159,847,-3,1,0,0,0,0.0,0.0,2025-Jan-29-23:31:15.870462
0.54261959709011,848,-3,1,0,1,0,1.8000000000000003,0.0,2025-Jan-29-23:31:15.942386
0.7190205031455159,849,-3,1,0,0,0,0.0,0.0,2025-Jan-29-23:31:15.985392
0.7190205031455159,850,-3,1,0,0,0,0.0,0.0,2025-Jan-29-23:31:16.029444
0.7190205031455159,851,-3,1,0,0,0,0.0,0.0,2025-Jan-29-23:31:16.078349
0.5426180642548899,852,-3,1,0,1,0,1.3000000000000003,0.0,2025-Jan-29-23:31:16.159286
0.719020490080821,853,-3,1,0,0,1,0.0,1.2000000000000002,2025-Jan-29-23:31:16.214717
0.7489822891669069,854,-3,1,0,-1,0,0.0,0.0,2025-Jan-29-23:31:16.270921
0.5426183734439688,855,-3,1,0,1,-1,1.4000000000000001,0.0,2025-Jan-29-23:31:16.345264
0.5489110802122255,856,-3,1,0,1,0,1.2000000000000002,0.0,2025-Jan-29-23:31:16.405271
0.7040048287490615,857,0,1,0,0,0,0.0,0.0,2025-Jan-29-23:31:16.462585
0.7190205031455159,858,-3,1,0,0,0,0.0,0.0,2025-Jan-29-23:31:16.507532
0.7040048287490615,859,0,1,0,0,0,0.0,0.0,2025-Jan-29-23:31:16.588217
0.5489110840296278,860,-3,1,0,1,-1,1.2000000000000002,0.0,2025-Jan-29-23:31:16.671621
0.7190205031455159,861,-3,1,0,0,0,0.0,0.0,2025-Jan-29-23:31:16.746270
0.7190205031455159,862,-3,1,0,0,0,0.0,0.0,2025-Jan-29-23:31:16.813512
0.5426180680968833,863,-3,1,0,1,-1,1.3000000000000003,0.0,2025-Jan-29-23:31:16.885792
0.7040048161171393,864,0,1,0,1,0,0.6,0.0,2025-Jan-29-23:31:16.939369
0.7040048287490615,865,0,1,0,0,0,0.0,0.0,2025-Jan-29-23:31:16.994960
0.7190205031455159,866,-3,1,0,0,0,0.0,0.0,2025-Jan-29-23:31:17.038838
0.5914411592863241,867,-3,1,0,1,-1,0.9,0.0,2025-Jan-29-23:31:17.085772
0.5426192929604894,868,-3,1,0,1,-1,1.7000000000000002,0.0,2025-Jan-29-23:31:17.161552
0.7040048287490615,869,0,1,0,0,0,0.0,0.0,2025-Jan-29-23:31:17.215443
0.5426180642548899,870,-3,1,0,1,0,1.3000000000000003,0.0,2025-Jan-29-23:31:17.289411
0.7190205031455159,871,-3,1,0,0,0,0.0,0.0,2025-Jan-29-23:31:17.404735
0.5426180642548899,872,-3,1,0,1,0,1.3000000000000003,0.0,2025-Jan-29-23:31:17.480776
0.7190205031455159,873,-3,1,0,0,0,0.0,0.0,2025-Jan-29-23:31:17.523815
0.7040048287490615,874,0,1,0,0,0,0.0,0.0,2025-Jan-29-23:31:17.596250
0.7040048287490615,875,0,1,0,0,0,0.0,0.0,2025-Jan-29-23:31:17.696616
0.7190205031455159,876,-3,1,0,0,0,0.0,0.0,2025-Jan-29-23:31:17.780749
0.7040048287490615,877,0,1,0,0,0,0.0,0.0,2025-Jan-29-23:31:17.854008
0.7190204896855531,878,-3,1,0,0,1,0.0,0.9,2025-Jan-29-23:31:17.910982
0.7190205031455159,879,-3,1,0,0,0,0.0,0.0,2025-Jan-29-23:31:17.953656
0.7040048287490615,880,0,1,0,0,0,0.0,0.0,2025-Jan-29-23:31:18.010442
0.7190205031455159,881,-3,1,0,0,0,0.0,0.0,2025-Jan-29-23:31:18.055924
0.7040048306826437,882,0,1,0,-1,0,0.0,0.0,2025-Jan-29-23:31:18.110982
0.7040048287490615,883,0,1,0,0,0,0.0,0.0,2025-Jan-29-23:31:18.171812
0.7190205031455159,884,-3,1,0,0,0,0.0,0.0,2025-Jan-29-23:31:18.215560
0.7040048287490615,885,0,1,0,0,0,0.0,0.0,2025-Jan-29-23:31:18.274553
0.7040048306826437,886,0,1,0,-1,0,0.0,0.0,2025-Jan-29-23:31:18.329595
0.7190205031455159,887,-3,1,0,0,0,0.0,0.0,2025-Jan-29-23:31:18.376696
0.7040048287490615,888,0,1,0,0,0,0.0,0.0,2025-Jan-29-23:31:18.432929
0.5426186792983064,889,-3,1,0,1,-1,1.5000000000000002,0.0,2025-Jan-29-23:31:18.506629
0.7489822891669069,890,-3,1,0,-1,0,0.0,0.0,2025-Jan-29-23:31:18.587308
0.7040048287490615,891,0,1,0,0,0,0.0,0.0,2025-Jan-29-23:31:18.674366
0.8976196090377634,892,-3,1,1,1,1,1.6,1.9000000000000001,2025-Jan-29-23:31:18.784384
0.7040048287490615,893,0,1,0,0,0,0.0,0.0,2025-Jan-29-23:31:18.840766
0.7040048287490615,894,0,1,0,0,0,0.0,0.0,2025-Jan-29-23:31:18.895198
0.7040048287490615,895,0,1,0,0,0,0.0,0.0,2025-Jan-29-23:31:18.949780
0.7190205031455159,896,-3,1,0,0,0,0.0,0.0,2025-Jan-29-23:31:18.995443
0.7190205031455159,897,-3,1,0,0,0,0.0,0.0,2025-Jan-29-23:31:19.039905
0.7040048287490615,898,0,1,0,0,0,0.0,0.0,2025-Jan-29-23:31:19.097595
0.7190205031455159,899,-3,1,0,0,0,0.0,0.0,2025-Jan-29-23:31:19.145043
0.7190205031455159,900,-3,1,0,0,0,0.0,0.0,2025-Jan-29-23:31:19.192588
0.7190205031455159,901,-3,1,0,0,0,0.0,0.0,2025-Jan-29-23:31:19.235956
0.7190205031455159,902,-3,1,0,0,0,0.0,0.0,2025-Jan-29-23:31:19.280803
0.7190205031455159,903,-3,1,0,0,0,0.0,0.0,2025-Jan-29-23:31:19.325207
0.7190205031455159,904,-3,1,0,0,0,0.0,0.0,2025-Jan-29-23:31:19.368295
0.5426180642548899,905,-3,1,0,1,0,1.3000000000000003,0.0,2025-Jan-29-23:31:19.440584
0.7190205031455159,906,-3,1,0,0,0,0.0,0.0,2025-Jan-29-23:31:19.488104
0.7190205031455159,907,-3,1,0,0,0,0.0,0.0,2025-Jan-29-23:31:19.630737
0.6764958527894045,908,-3,1,0,1,0,0.30000000000000004,0.0,2025-Jan-29-23:31:19.702093
0.7190205031455159,909,-3,1,0,0,0,0.0,0.0,2025-Jan-29-23:31:19.790579
0.7190205031455159,910,-3,1,0,0,0,0.0,0.0,2025-Jan-29-23:31:19.845850
0.7190205031455159,911,-3,1,0,0,0,0.0,0.0,2025-Jan-29-23:31:19.890768
0.7190205031455159,912,-3,1,0,0,0,0.0,0.0,2025-Jan-29-23:31:19.936498
0.5426180680968833,913,-3,1,0,1,-1,1.3000000000000003,0.0,2025-Jan-29-23:31:20.013573
0.7190205031455159,914,-3,1,0,0,0,0.0,0.0,2025-Jan-29-23:31:20.061503
0.7190205031455159,915,-3,1,0,0,0,0.0,0.0,2025-Jan-29-23:31:20.107540
0.7190205031455159,916,-3,1,0,0,0,0.0,0.0,2025-Jan-29-23:31:20.154455
0.5630879794494487,917,-3,1,0,1,-1,1.1,0.0,2025-Jan-29-23:31:20.198711
0.7190205031455159,918,-3,1,0,0,0,0.0,0.0,2025-Jan-29-23:31:20.243520
0.7489822891669069,919,-3,1,0,-1,0,0.0,0.0,2025-Jan-29-23:31:20.301734
0.7190205031455159,920,-3,1,0,0,0,0.0,0.0,2025-Jan-29-23:31:20.345946
0.7190205031455159,921,-3,1,0,0,0,0.0,0.0,2025-Jan-29-23:31:20.391635
0.7190205031455159,922,-3,1,0,0,0,0.0,0.0,2025-Jan-29-23:31:20.437666
0.7190205031455159,923,-3,1,0,0,0,0.0,0.0,2025-Jan-29-23:31:20.485248
0.7190205031455159,924,-3,1,0,0,0,0.0,0.0,2025-Jan-29-23:31:20.530294
0.7190205031455159,925,-3,1,0,0,0,0.0,0.0,2025-Jan-29-23:31:20.593345
0.7190205031455159,926,-3,1,0,0,0,0.0,0.0,2025-Jan-29-23:31:20.662863
1.059846447586667,927,-3,1,1,1,1,0.1,1.0,2025-Jan-29-23:31:20.741381
0.7040048287490615,928,0,1,0,0,0,0.0,0.0,2025-Jan-29-23:31:20.817384
0.7190204891826966,929,-3,1,0,0,1,0.0,1.8000000000000003,2025-Jan-29-23:31:20.874358
0.7190205031455159,930,-3,1,0,0,0,0.0,0.0,2025-Jan-29-23:31:20.918970
0.7190205063079972,931,-3,1,0,0,-1,0.0,0.0,2025-Jan-29-23:31:20.965617
0.7190205031455159,932,-3,1,0,0,0,0.0,0.0,2025-Jan-29-23:31:21.012652
1.0740211464044855,933,-3,1,1,0,-1,0.0,0.0,2025-Jan-29-23:31:21.060824
0.7040048287490615,934,0,1,0,0,0,0.0,0.0,2025-Jan-29-23:31:21.121167
0.7190205031455159,935,-3,1,0,0,0,0.0,0.0,2025-Jan-29-23:31:21.166455
0.7190205031455159,936,-3,1,0,0,0,0.0,0.0,2025-Jan-29-23:31:21.211559
1.0740211464044855,937,-3,1,1,0,-1,0.0,0.0,2025-Jan-29-23:31:21.255196
0.7040048169014446,938,0,1,0,-1,1,0.0,0.1,2025-Jan-29-23:31:21.311891
1.111374935257234,939,-3,1,1,-1,1,0.0,1.0,2025-Jan-29-23:31:21.392162
0.7040048287490615,940,0,1,0,0,0,0.0,0.0,2025-Jan-29-23:31:21.446354
0.7190204898834608,941,-3,1,0,0,1,0.0,1.1,2025-Jan-29-23:31:21.504398
0.7190205031455159,942,-3,1,0,0,0,0.0,0.0,2025-Jan-29-23:31:21.568092
1.031496492890949,943,-3,1,1,1,0,0.30000000000000004,0.0,2025-Jan-29-23:31:21.649824
0.7040048287490615,944,0,1,0,0,0,0.0,0.0,2025-Jan-29-23:31:21.731806
0.7190205063079972,945,-3,1,0,0,-1,0.0,0.0,2025-Jan-29-23:31:21.797554
0.7040048306826437,946,0,1,0,-1,0,0.0,0.0,2025-Jan-29-23:31:21.852889
0.7190205031455159,947,-3,1,0,0,0,0.0,0.0,2025-Jan-29-23:31:21.899939
0.7190205031455159,948,-3,1,0,0,0,0.0,0.0,2025-Jan-29-23:31:21.944456
1.0740211464044855,949,-3,1,1,0,-1,0.0,0.0,2025-Jan-29-23:31:21.991149
0.7040048287490615,950,0,1,0,0,0,0.0,0.0,2025-Jan-29-23:31:22.047585
0.7190205031455159,951,-3,1,0,0,0,0.0,0.0,2025-Jan-29-23:31:22.094975
0.5426199092930079,952,-3,1,0,1,-1,1.9000000000000001,0.0,2025-Jan-29-23:31:22.172437
1.1113749487582494,953,-3,1,1,-1,0,0.0,0.0,2025-Jan-29-23:31:22.229281
0.7190205031455159,954,-3,1,0,0,0,0.0,0.0,2025-Jan-29-23:31:22.373585
1.0740211297191413,955,-3,1,1,0,1,0.0,1.9000000000000001,2025-Jan-29-23:31:22.430466
0.7040048287490615,956,0,1,0,0,0,0.0,0.0,2025-Jan-29-23:31:22.488849
0.719020489874709,957,-3,1,0,0,1,0.0,0.6,2025-Jan-29-23:31:22.544412
1.1113749354501392,958,-3,1,1,-1,1,0.0,1.9000000000000001,2025-Jan-29-23:31:22.672139
0.8976202410516475,959,-3,1,1,1,-1,1.8000000000000003,0.0,2025-Jan-29-23:31:22.764892
0.7040048287490615,960,0,1,0,0,0,0.0,0.0,2025-Jan-29-23:31:22.821944
1.0740211432420042,961,-3,1,1,0,0,0.0,0.0,2025-Jan-29-23:31:22.869647
0.7040048287490615,962,0,1,0,0,0,0.0,0.0,2025-Jan-29-23:31:22.925690
0.6481450759695815,963,-3,1,0,1,1,0.5,1.0,2025-Jan-29-23:31:22.984088
0.7040048287490615,964,0,1,0,0,0,0.0,0.0,2025-Jan-29-23:31:23.041729
0.719020490080821,965,-3,1,0,0,1,0.0,1.2000000000000002,2025-Jan-29-23:31:23.100766
0.7190205031455159,966,-3,1,0,0,0,0.0,0.0,2025-Jan-29-23:31:23.149712
1.0740211432420042,967,-3,1,1,0,0,0.0,0.0,2025-Jan-29-23:31:23.196734
0.7040048287490615,968,0,1,0,0,0,0.0,0.0,2025-Jan-29-23:31:23.252583
1.1113749487582494,969,-3,1,1,-1,0,0.0,0.0,2025-Jan-29-23:31:23.312286
0.7040048287490615,970,0,1,0,0,0,0.0,0.0,2025-Jan-29-23:31:23.369056
1.1113749487582494,971,-3,1,1,-1,0,0.0,0.0,2025-Jan-29-23:31:23.426559
0.7190204896855531,972,-3,1,0,0,1,0.0,0.9,2025-Jan-29-23:31:23.486376
1.0740211432420042,973,-3,1,1,0,0,0.0,0.0,2025-Jan-29-23:31:23.531760
0.7190205031455159,974,-3,1,0,0,0,0.0,0.0,2025-Jan-29-23:31:23.592199
1.1113749517846028,975,-3,1,1,-1,-1,0.0,0.0,2025-Jan-29-23:31:23.680774
0.7190205031455159,976,-3,1,0,0,0,0.0,0.0,2025-Jan-29-23:31:23.747703
0.5426180642548899,977,-3,1,0,1,0,1.3000000000000003,0.0,2025-Jan-29-23:31:23.834977
0.7190204898834608,978,-3,1,0,0,1,0.0,1.1,2025-Jan-29-23:31:23.893664
0.7190205031455159,979,-3,1,0,0,0,0.0,0.0,2025-Jan-29-23:31:23.939535
0.5426183734439688,980,-3,1,0,1,-1,1.4000000000000001,0.0,2025-Jan-29-23:31:24.014106
0.5426180680968833,981,-3,1,0,1,-1,1.3000000000000003,0.0,2025-Jan-29-23:31:24.095460
0.7040048287490615,982,0,1,0,0,0,0.0,0.0,2025-Jan-29-23:31:24.155210
0.6764958527894045,983,-3,1,0,1,0,0.30000000000000004,0.0,2025-Jan-29-23:31:24.199916
0.7040048287490615,984,0,1,0,0,0,0.0,0.0,2025-Jan-29-23:31:24.256469
0.897618691277372,985,-3,1,1,1,1,1.3000000000000003,1.4000000000000001,2025-Jan-29-23:31:24.337079
0.7190205031455159,986,-3,1,0,0,0,0.0,0.0,2025-Jan-29-23:31:24.385006
0.7190205031455159,987,-3,1,0,0,0,0.0,0.0,2025-Jan-29-23:31:24.429762
0.5426183734439688,988,-3,1,0,1,-1,1.4000000000000001,0.0,2025-Jan-29-23:31:24.502802
0.7040048161171393,989,0,1,0,1,0,0.6,0.0,2025-Jan-29-23:31:24.577258
0.7040048287490615,990,0,1,0,0,0,0.0,0.0,2025-Jan-29-23:31:24.669348
0.7190205031455159,991,-3,1,0,0,0,0.0,0.0,2025-Jan-29-23:31:24.764796
0.7190205031455159,992,-3,1,0,0,0,0.0,0.0,2025-Jan-29-23:31:24.830104
0.5426183734439688,993,-3,1,0,1,-1,1.4000000000000001,0.0,2025-Jan-29-23:31:24.905652
0.7040048287490615,994,0,1,0,0,0,0.0,0.0,2025-Jan-29-23:31:24.959654
0.5426186792983064,995,-3,1,0,1,-1,1.5000000000000002,0.0,2025-Jan-29-23:31:25.033989
0.7190205031455159,996,-3,1,0,0,0,0.0,0.0,2025-Jan-29-23:31:25.083121
0.5426180642548899,997,-3,1,0,1,0,1.3000000000000003,0.0,2025-Jan-29-23:31:25.227132
0.7190205031455159,998,-3,1,0,0,0,0.0,0.0,2025-Jan-29-23:31:25.274030
0.7040048287490615,999,0,1,0,0,0,0.0,0.0,2025-Jan-29-23:31:25.332221
0.7040048287490615,1000,0,1,0,0,0,0.0,0.0,2025-Jan-29-23:31:25.389476
0.7190205031455159,1001,-3,1,0,0,0,0.0,0.0,2025-Jan-29-23:31:25.433580
0.7040048287490615,1002,0,1,0,0,0,0.0,0.0,2025-Jan-29-23:31:25.491897
0.7190204898834608,1003,-3,1,0,0,1,0.0,1.1,2025-Jan-29-23:31:25.547457
0.7190205031455159,1004,-3,1,0,0,0,0.0,0.0,2025-Jan-29-23:31:25.642939
0.7190205031455159,1005,-3,1,0,0,0,0.0,0.0,2025-Jan-29-23:31:25.711944
0.7190205031455159,1006,-3,1,0,0,0,0.0,0.0,2025-Jan-29-23:31:25.783232
0.7040048169014446,1007,0,1,0,-1,1,0.0,0.1,2025-Jan-29-23:31:25.845144
0.7040048287490615,1008,0,1,0,0,0,0.0,0.0,2025-Jan-29-23:31:25.901838
0.7190205031455159,1009,-3,1,0,0,0,0.0,0.0,2025-Jan-29-23:31:25.946085
0.7040048287490615,1010,0,1,0,0,0,0.0,0.0,2025-Jan-29-23:31:26.000534
0.7040048306826437,1011,0,1,0,-1,0,0.0,0.0,2025-Jan-29-23:31:26.061970
0.7190205031455159,1012,-3,1,0,0,0,0.0,0.0,2025-Jan-29-23:31:26.109865
0.7040048287490615,1013,0,1,0,0,0,0.0,0.0,2025-Jan-29-23:31:26.167779
0.5426186792983064,1014,-3,1,0,1,-1,1.5000000000000002,0.0,2025-Jan-29-23:31:26.241342
0.7190205031455159,1015,-3,1,0,0,0,0.0,0.0,2025-Jan-29-23:31:26.287638
0.7040048287490615,1016,0,1,0,0,0,0.0,0.0,2025-Jan-29-23:31:26.342227
0.7190204899700696,1017,-3,1,0,0,1,0.0,1.7000000000000002,2025-Jan-29-23:31:26.405524
0.7040048308487874,1018,0,1,0,0,-1,0.0,0.0,2025-Jan-29-23:31:26.458412
0.7040048287490615,1019,0,1,0,0,0,0.0,0.0,2025-Jan-29-23:31:26.513095
0.7040048287490615,1020,0,1,0,0,0,0.0,0.0,2025-Jan-29-23:31:26.597259
0.7190205031455159,1021,-3,1,0,0,0,0.0,0.0,2025-Jan-29-23:31:26.691561
0.7190205031455159,1022,-3,1,0,0,0,0.0,0.0,2025-Jan-29-23:31:26.767874
0.7040048287490615,1023,0,1,0,0,0,0.0,0.0,2025-Jan-29-23:31:26.843493
0.7190204898834608,1024,-3,1,0,0,1,0.0,1.1,2025-Jan-29-23:31:26.902236
0.7190205031455159,1025,-3,1,0,0,0,0.0,0.0,2025-Jan-29-23:31:26.950052
0.7190205031455159,1026,-3,1,0,0,0,0.0,0.0,2025-Jan-29-23:31:26.997689
