Cost,Sim,Switch_State_Indx,Gen1_on,Gen2_on,Batt1_mode,Batt2_mode,Batt1_power_kW,Batt2_power_kW,Timestamp
0.8976205494107398,1027,-3,1,1,1,-1,1.9000000000000001,0.0,2025-Jan-29-23:31:27.076785
0.7190205063079972,1028,-3,1,0,0,-1,0.0,0.0,2025-Jan-29-23:31:27.124236
0.7040048308487874,1029,0,1,0,0,-1,0.0,0.0,2025-Jan-29-23:31:27.182218
1.05900546881293,1030,0,1,1,0,0,0.0,0.0,2025-Jan-29-23:31:27.239144
1.0740211464044855,1031,-3,1,1,0,-1,0.0,0.0,2025-Jan-29-23:31:27.286246
0.7190205031455159,1032,-3,1,0,0,0,0.0,0.0,2025-Jan-29-23:31:27.332593
1.1113749487582494,1033,-3,1,1,-1,0,0.0,0.0,2025-Jan-29-23:31:27.393848
0.7190205031455159,1034,-3,1,0,0,0,0.0,0.0,2025-Jan-29-23:31:27.440100
1.0740211432420042,1035,-3,1,1,0,0,0.0,0.0,2025-Jan-29-23:31:27.489797
1.0740211432420042,1036,-3,1,1,0,0,0.0,0.0,2025-Jan-29-23:31:27.545032
0.5914411556334509,1037,-3,1,0,1,0,0.9,0.0,2025-Jan-29-23:31:27.630853
1.1113749487582494,1038,-3,1,1,-1,0,0.0,0.0,2025-Jan-29-23:31:27.730061
0.7040048159303423,1039,0,1,0,1,0,0.4,0.0,2025-Jan-29-23:31:27.816253
0.5772646709898425,1040,-3,1,0,1,-1,1.0,0.0,2025-Jan-29-23:31:27.865341
0.6906709392213018,1041,-3,1,0,1,-1,0.2,0.0,2025-Jan-29-23:31:27.910901
0.7190205031455159,1042,-3,1,0,0,0,0.0,0.0,2025-Jan-29-23:31:27.957387
0.7190205031455159,1043,-3,1,0,0,0,0.0,0.0,2025-Jan-29-23:31:28.003264
0.7489822891669069,1044,-3,1,0,-1,0,0.0,0.0,2025-Jan-29-23:31:28.200912
1.05900546881293,1045,0,1,1,0,0,0.0,0.0,2025-Jan-29-23:31:28.262366
0.8976205494107398,1046,-3,1,1,1,-1,1.9000000000000001,0.0,2025-Jan-29-23:31:28.344674
0.7190204898199815,1047,-3,1,0,0,1,0.0,0.30000000000000004,2025-Jan-29-23:31:28.404536
0.7190205031455159,1048,-3,1,0,0,0,0.0,0.0,2025-Jan-29-23:31:28.456750
0.5630879756869492,1049,-3,1,0,1,0,1.1,0.0,2025-Jan-29-23:31:28.506096
0.5426199092930079,1050,-3,1,0,1,-1,1.9000000000000001,0.0,2025-Jan-29-23:31:28.611463
0.8976205455665484,1051,-3,1,1,1,0,1.9000000000000001,0.0,2025-Jan-29-23:31:28.729659
0.7489822749024629,1052,-3,1,0,-1,1,0.0,0.1,2025-Jan-29-23:31:28.838723
0.5630879625980426,1053,-3,1,0,1,1,1.1,0.9,2025-Jan-29-23:31:28.900838
1.1113749352286868,1054,-3,1,1,-1,1,0.0,0.1,2025-Jan-29-23:31:28.981716
0.7563742951109366,1055,-3,1,0,-1,1,0.0,1.8000000000000003,2025-Jan-29-23:31:29.064066
0.89761931941597,1056,-3,1,1,1,-1,1.5000000000000002,0.0,2025-Jan-29-23:31:29.141157
1.0740211299799491,1057,-3,1,1,0,1,0.0,1.1,2025-Jan-29-23:31:29.198131
0.7190205063079972,1058,-3,1,0,0,-1,0.0,0.0,2025-Jan-29-23:31:29.243349
0.719020490080821,1059,-3,1,0,0,1,0.0,1.2000000000000002,2025-Jan-29-23:31:29.304591
1.0740211432420042,1060,-3,1,1,0,0,0.0,0.0,2025-Jan-29-23:31:29.352058
1.0740211464044855,1061,-3,1,1,0,-1,0.0,0.0,2025-Jan-29-23:31:29.404910
0.897619933078187,1062,-3,1,1,1,-1,1.7000000000000002,0.0,2025-Jan-29-23:31:29.478463
1.0740211294157285,1063,-3,1,1,0,1,0.0,0.8,2025-Jan-29-23:31:29.532971
0.7040048306826437,1064,0,1,0,-1,0,0.0,0.0,2025-Jan-29-23:31:29.603847
0.7048458075776329,1065,-3,1,0,1,1,0.1,0.7000000000000001,2025-Jan-29-23:31:29.679198
1.0740211432420042,1066,-3,1,1,0,0,0.0,0.0,2025-Jan-29-23:31:29.757497
0.9889700476353208,1067,-3,1,1,1,0,0.6,0.0,2025-Jan-29-23:31:29.811145
0.7190205031455159,1068,-3,1,0,0,0,0.0,0.0,2025-Jan-29-23:31:29.856387
0.9180886158020971,1069,-3,1,1,1,0,1.1,0.0,2025-Jan-29-23:31:29.900052
0.7190205031455159,1070,-3,1,0,0,0,0.0,0.0,2025-Jan-29-23:31:29.942747
1.0031457161636186,1071,-3,1,1,1,1,0.5,0.7000000000000001,2025-Jan-29-23:31:29.996116
0.6764958561148223,1072,-3,1,0,1,-1,0.30000000000000004,0.0,2025-Jan-29-23:31:30.041071
1.05900546881293,1073,0,1,1,0,0,0.0,0.0,2025-Jan-29-23:31:30.100005
0.7190205031455159,1074,-3,1,0,0,0,0.0,0.0,2025-Jan-29-23:31:30.144362
0.7190204897704602,1075,-3,1,0,0,1,0.0,1.0,2025-Jan-29-23:31:30.198708
1.0740211432420042,1076,-3,1,1,0,0,0.0,0.0,2025-Jan-29-23:31:30.241517
0.7190205063079972,1077,-3,1,0,0,-1,0.0,0.0,2025-Jan-29-23:31:30.289228
0.7190205063079972,1078,-3,1,0,0,-1,0.0,0.0,2025-Jan-29-23:31:30.332674
0.7040048308487874,1079,0,1,0,0,-1,0.0,0.0,2025-Jan-29-23:31:30.387411
0.7040048287490615,1080,0,1,0,0,0,0.0,0.0,2025-Jan-29-23:31:30.442681
0.7190205063079972,1081,-3,1,0,0,-1,0.0,0.0,2025-Jan-29-23:31:30.489869
0.7190205031455159,1082,-3,1,0,0,0,0.0,0.0,2025-Jan-29-23:31:30.534015
1.1113749487582494,1083,-3,1,1,-1,0,0.0,0.0,2025-Jan-29-23:31:30.613815
0.7190205031455159,1084,-3,1,0,0,0,0.0,0.0,2025-Jan-29-23:31:30.683165
0.7190205031455159,1085,-3,1,0,0,0,0.0,0.0,2025-Jan-29-23:31:30.755402
0.7190205031455159,1086,-3,1,0,0,0,0.0,0.0,2025-Jan-29-23:31:30.807933
0.5914411556334509,1087,-3,1,0,1,0,0.9,0.0,2025-Jan-29-23:31:30.856444
0.7489822891669069,1088,-3,1,0,-1,0,0.0,0.0,2025-Jan-29-23:31:30.923610
0.7040048159303423,1089,0,1,0,1,0,0.4,0.0,2025-Jan-29-23:31:30.980481
0.5772646709898425,1090,-3,1,0,1,-1,1.0,0.0,2025-Jan-29-23:31:31.025471
0.6906709392213018,1091,-3,1,0,1,-1,0.2,0.0,2025-Jan-29-23:31:31.074353
0.7190205031455159,1092,-3,1,0,0,0,0.0,0.0,2025-Jan-29-23:31:31.120439
0.7190205031455159,1093,-3,1,0,0,0,0.0,0.0,2025-Jan-29-23:31:31.252630
0.7489822891669069,1094,-3,1,0,-1,0,0.0,0.0,2025-Jan-29-23:31:31.311475
0.7040048287490615,1095,0,1,0,0,0,0.0,0.0,2025-Jan-29-23:31:31.367557
0.8976205494107398,1096,-3,1,1,1,-1,1.9000000000000001,0.0,2025-Jan-29-23:31:31.440192
0.7190204898405751,1097,-3,1,0,0,1,0.0,0.2,2025-Jan-29-23:31:31.497386
0.7190205031455159,1098,-3,1,0,0,0,0.0,0.0,2025-Jan-29-23:31:31.542393
0.5772646672821861,1099,-3,1,0,1,0,1.0,0.0,2025-Jan-29-23:31:31.617704
0.5426199092930079,1100,-3,1,0,1,-1,1.9000000000000001,0.0,2025-Jan-29-23:31:31.731832
0.5426199054488166,1101,-3,1,0,1,0,1.9000000000000001,0.0,2025-Jan-29-23:31:31.835919
0.7563743116923222,1102,-3,1,0,-1,-1,0.0,0.0,2025-Jan-29-23:31:31.903402
0.5772646541594252,1103,-3,1,0,1,1,1.0,0.9,2025-Jan-29-23:31:31.965102
1.1113749352286868,1104,-3,1,1,-1,1,0.0,0.1,2025-Jan-29-23:31:32.055315
0.7563742951109366,1105,-3,1,0,-1,1,0.0,1.8000000000000003,2025-Jan-29-23:31:32.138325
0.5426186792983064,1106,-3,1,0,1,-1,1.5000000000000002,0.0,2025-Jan-29-23:31:32.217194
1.0740211299799491,1107,-3,1,1,0,1,0.0,1.1,2025-Jan-29-23:31:32.272247
0.7190205063079972,1108,-3,1,0,0,-1,0.0,0.0,2025-Jan-29-23:31:32.316721
0.719020490080821,1109,-3,1,0,0,1,0.0,1.2000000000000002,2025-Jan-29-23:31:32.370847
1.0740211432420042,1110,-3,1,1,0,0,0.0,0.0,2025-Jan-29-23:31:32.415141
1.0740211464044855,1111,-3,1,1,0,-1,0.0,0.0,2025-Jan-29-23:31:32.460705
0.8976196258611574,1112,-3,1,1,1,-1,1.6,0.0,2025-Jan-29-23:31:32.535446
0.7190205063079972,1113,-3,1,0,0,-1,0.0,0.0,2025-Jan-29-23:31:32.601954
0.7040048306826437,1114,0,1,0,-1,0,0.0,0.0,2025-Jan-29-23:31:32.691540
0.704845824049979,1115,-3,1,0,1,-1,0.1,0.0,2025-Jan-29-23:31:32.764778
1.0740211432420042,1116,-3,1,1,0,0,0.0,0.0,2025-Jan-29-23:31:32.819489
0.6339694075286959,1117,-3,1,0,1,0,0.6,0.0,2025-Jan-29-23:31:32.863745
0.7190205031455159,1118,-3,1,0,0,0,0.0,0.0,2025-Jan-29-23:31:32.910373
0.5630879756869492,1119,-3,1,0,1,0,1.1,0.0,2025-Jan-29-23:31:32.954892
0.7190205031455159,1120,-3,1,0,0,0,0.0,0.0,2025-Jan-29-23:31:32.999423
1.0173211976798249,1121,-3,1,1,1,1,0.4,0.7000000000000001,2025-Jan-29-23:31:33.057108
0.6906709392213018,1122,-3,1,0,1,-1,0.2,0.0,2025-Jan-29-23:31:33.102775
0.7040048287490615,1123,0,1,0,0,0,0.0,0.0,2025-Jan-29-23:31:33.160308
0.7190205031455159,1124,-3,1,0,0,0,0.0,0.0,2025-Jan-29-23:31:33.204159
0.7190205063079972,1125,-3,1,0,0,-1,0.0,0.0,2025-Jan-29-23:31:33.248244
0.7190205031455159,1126,-3,1,0,0,0,0.0,0.0,2025-Jan-29-23:31:33.293746
0.7190205063079972,1127,-3,1,0,0,-1,0.0,0.0,2025-Jan-29-23:31:33.337072
1.0740211432420042,1128,-3,1,1,0,0,0.0,0.0,2025-Jan-29-23:31:33.383688
0.7489822891669069,1129,-3,1,0,-1,0,0.0,0.0,2025-Jan-29-23:31:33.516320
0.7190205031455159,1130,-3,1,0,0,0,0.0,0.0,2025-Jan-29-23:31:33.590219
1.0740211432420042,1131,-3,1,1,0,0,0.0,0.0,2025-Jan-29-23:31:33.661787
0.719020490080821,1132,-3,1,0,0,1,0.0,1.2000000000000002,2025-Jan-29-23:31:33.743570
1.1113749351915718,1133,-3,1,1,-1,1,0.0,1.1,2025-Jan-29-23:31:33.845466
0.7048458208332435,1134,-3,1,0,1,0,0.1,0.0,2025-Jan-29-23:31:33.894185
0.7190204896416055,1135,-3,1,0,0,1,0.0,1.5000000000000002,2025-Jan-29-23:31:33.949793
0.633969394270764,1136,-3,1,0,1,1,0.6,0.9,2025-Jan-29-23:31:34.006917
0.7190205063079972,1137,-3,1,0,0,-1,0.0,0.0,2025-Jan-29-23:31:34.055100
0.7489822891669069,1138,-3,1,0,-1,0,0.0,0.0,2025-Jan-29-23:31:34.112131
0.7489822891669069,1139,-3,1,0,-1,0,0.0,0.0,2025-Jan-29-23:31:34.170697
0.8976205455665484,1140,-3,1,1,1,0,1.9000000000000001,0.0,2025-Jan-29-23:31:34.246090
0.7563742951109366,1141,-3,1,0,-1,1,0.0,1.8000000000000003,2025-Jan-29-23:31:34.329371
1.0740211301773095,1142,-3,1,1,0,1,0.0,1.2000000000000002,2025-Jan-29-23:31:34.384986
0.5426186792983064,1143,-3,1,0,1,-1,1.5000000000000002,0.0,2025-Jan-29-23:31:34.460325
0.5426199054488166,1144,-3,1,0,1,0,1.9000000000000001,0.0,2025-Jan-29-23:31:34.537618
0.5426196009339328,1145,-3,1,0,1,-1,1.8000000000000003,0.0,2025-Jan-29-23:31:34.632007
0.5630879794494487,1146,-3,1,0,1,-1,1.1,0.0,2025-Jan-29-23:31:34.714150
0.5630879756869492,1147,-3,1,0,1,0,1.1,0.0,2025-Jan-29-23:31:34.774690
0.5630879756869492,1148,-3,1,0,1,0,1.1,0.0,2025-Jan-29-23:31:34.819923
0.5772646709898425,1149,-3,1,0,1,-1,1.0,0.0,2025-Jan-29-23:31:34.864295
0.6056174413729246,1150,-3,1,0,1,0,0.8,0.0,2025-Jan-29-23:31:34.913133
0.6339694075286959,1151,-3,1,0,1,0,0.6,0.0,2025-Jan-29-23:31:34.958655
0.6764958561148223,1152,-3,1,0,1,-1,0.30000000000000004,0.0,2025-Jan-29-23:31:35.002805
0.704845824049979,1153,-3,1,0,1,-1,0.1,0.0,2025-Jan-29-23:31:35.047269
0.7040048163408401,1154,0,1,0,1,0,0.30000000000000004,0.0,2025-Jan-29-23:31:35.107455
0.7040048287490615,1155,0,1,0,0,0,0.0,0.0,2025-Jan-29-23:31:35.164816
0.7040048287490615,1156,0,1,0,0,0,0.0,0.0,2025-Jan-29-23:31:35.221392
0.7040048287490615,1157,0,1,0,0,0,0.0,0.0,2025-Jan-29-23:31:35.276254
0.7040048306826437,1158,0,1,0,-1,0,0.0,0.0,2025-Jan-29-23:31:35.334280
0.7040048308487874,1159,0,1,0,0,-1,0.0,0.0,2025-Jan-29-23:31:35.389258
0.7048458075776329,1160,-3,1,0,1,1,0.1,0.7000000000000001,2025-Jan-29-23:31:35.446408
0.7190205063079972,1161,-3,1,0,0,-1,0.0,0.0,2025-Jan-29-23:31:35.492869
0.7190205063079972,1162,-3,1,0,0,-1,0.0,0.0,2025-Jan-29-23:31:35.536971
0.719020490080821,1163,-3,1,0,0,1,0.0,1.2000000000000002,2025-Jan-29-23:31:35.607125
0.7190205031455159,1164,-3,1,0,0,0,0.0,0.0,2025-Jan-29-23:31:35.679998
0.7190205031455159,1165,-3,1,0,0,0,0.0,0.0,2025-Jan-29-23:31:35.753675
0.7190205031455159,1166,-3,1,0,0,0,0.0,0.0,2025-Jan-29-23:31:35.811533
0.7190205031455159,1167,-3,1,0,0,0,0.0,0.0,2025-Jan-29-23:31:35.862297
0.7190205031455159,1168,-3,1,0,0,0,0.0,0.0,2025-Jan-29-23:31:35.913708
0.7190205031455159,1169,-3,1,0,0,0,0.0,0.0,2025-Jan-29-23:31:35.962791
0.7190205031455159,1170,-3,1,0,0,0,0.0,0.0,2025-Jan-29-23:31:36.008926
0.7190205031455159,1171,-3,1,0,0,0,0.0,0.0,2025-Jan-29-23:31:36.055632
0.7190205031455159,1172,-3,1,0,0,0,0.0,0.0,2025-Jan-29-23:31:36.104680
0.7190205031455159,1173,-3,1,0,0,0,0.0,0.0,2025-Jan-29-23:31:36.152102
0.7190205031455159,1174,-3,1,0,0,0,0.0,0.0,2025-Jan-29-23:31:36.199721
0.7190205063079972,1175,-3,1,0,0,-1,0.0,0.0,2025-Jan-29-23:31:36.244314
0.7190205063079972,1176,-3,1,0,0,-1,0.0,0.0,2025-Jan-29-23:31:36.362947
0.7190205063079972,1177,-3,1,0,0,-1,0.0,0.0,2025-Jan-29-23:31:36.412953
1.0740211432420042,1178,-3,1,1,0,0,0.0,0.0,2025-Jan-29-23:31:36.461031
0.7489822891669069,1179,-3,1,0,-1,0,0.0,0.0,2025-Jan-29-23:31:36.521131
0.7190205031455159,1180,-3,1,0,0,0,0.0,0.0,2025-Jan-29-23:31:36.587773
1.0740211432420042,1181,-3,1,1,0,0,0.0,0.0,2025-Jan-29-23:31:36.659997
0.719020490080821,1182,-3,1,0,0,1,0.0,1.2000000000000002,2025-Jan-29-23:31:36.748283
1.1113749351915718,1183,-3,1,1,-1,1,0.0,1.1,2025-Jan-29-23:31:36.848161
0.7048458208332435,1184,-3,1,0,1,0,0.1,0.0,2025-Jan-29-23:31:36.896973
0.7190204896416055,1185,-3,1,0,0,1,0.0,1.5000000000000002,2025-Jan-29-23:31:36.956293
0.633969394270764,1186,-3,1,0,1,1,0.6,0.9,2025-Jan-29-23:31:37.013859
0.7190205063079972,1187,-3,1,0,0,-1,0.0,0.0,2025-Jan-29-23:31:37.064127
0.7489822891669069,1188,-3,1,0,-1,0,0.0,0.0,2025-Jan-29-23:31:37.127353
0.7489822891669069,1189,-3,1,0,-1,0,0.0,0.0,2025-Jan-29-23:31:37.189374
0.8976205455665484,1190,-3,1,1,1,0,1.9000000000000001,0.0,2025-Jan-29-23:31:37.271393
0.7563742951109366,1191,-3,1,0,-1,1,0.0,1.8000000000000003,2025-Jan-29-23:31:37.351935
1.0740211301773095,1192,-3,1,1,0,1,0.0,1.2000000000000002,2025-Jan-29-23:31:37.410239
0.7489822891669069,1193,-3,1,0,-1,0,0.0,0.0,2025-Jan-29-23:31:37.465977
1.1113749353933677,1194,-3,1,1,-1,1,0.0,0.7000000000000001,2025-Jan-29-23:31:37.542771
0.7563743116923222,1195,-3,1,0,-1,-1,0.0,0.0,2025-Jan-29-23:31:37.625438
0.7190205031455159,1196,-3,1,0,0,0,0.0,0.0,2025-Jan-29-23:31:37.698073
0.9180886158020971,1197,-3,1,1,1,0,1.1,0.0,2025-Jan-29-23:31:37.767001
1.1113749517846028,1198,-3,1,1,-1,-1,0.0,0.0,2025-Jan-29-23:31:37.831872
1.0740211432420042,1199,-3,1,1,0,0,0.0,0.0,2025-Jan-29-23:31:37.874596
1.0598464609314147,1200,-3,1,1,1,0,0.1,0.0,2025-Jan-29-23:31:37.918289
1.0740211464044855,1201,-3,1,1,0,-1,0.0,0.0,2025-Jan-29-23:31:37.963580
0.7190204897704602,1202,-3,1,0,0,1,0.0,1.0,2025-Jan-29-23:31:38.017214
0.7489822891669069,1203,-3,1,0,-1,0,0.0,0.0,2025-Jan-29-23:31:38.077967
1.1113749487582494,1204,-3,1,1,-1,0,0.0,0.0,2025-Jan-29-23:31:38.134695
1.0740211432420042,1205,-3,1,1,0,0,0.0,0.0,2025-Jan-29-23:31:38.179577
1.1113749517846028,1206,-3,1,1,-1,-1,0.0,0.0,2025-Jan-29-23:31:38.234470
0.7489822891669069,1207,-3,1,0,-1,0,0.0,0.0,2025-Jan-29-23:31:38.290111
0.5426186792983064,1208,-3,1,0,1,-1,1.5000000000000002,0.0,2025-Jan-29-23:31:38.365729
0.5426196009339328,1209,-3,1,0,1,-1,1.8000000000000003,0.0,2025-Jan-29-23:31:38.437027
0.54261959709011,1210,-3,1,0,1,0,1.8000000000000003,0.0,2025-Jan-29-23:31:38.511593
0.5772646541594252,1211,-3,1,0,1,1,1.0,0.9,2025-Jan-29-23:31:38.585340
0.5630879756869492,1212,-3,1,0,1,0,1.1,0.0,2025-Jan-29-23:31:38.659875
0.5630879756869492,1213,-3,1,0,1,0,1.1,0.0,2025-Jan-29-23:31:38.738005
0.5772646709898425,1214,-3,1,0,1,-1,1.0,0.0,2025-Jan-29-23:31:38.794092
0.6056174413729246,1215,-3,1,0,1,0,0.8,0.0,2025-Jan-29-23:31:38.838378
0.633969394270764,1216,-3,1,0,1,1,0.6,0.9,2025-Jan-29-23:31:38.893586
0.6481450891929015,1217,-3,1,0,1,0,0.5,0.0,2025-Jan-29-23:31:38.937346
0.6764958561148223,1218,-3,1,0,1,-1,0.30000000000000004,0.0,2025-Jan-29-23:31:39.065372
0.704845824049979,1219,-3,1,0,1,-1,0.1,0.0,2025-Jan-29-23:31:39.112780
0.7040048159303423,1220,0,1,0,1,0,0.4,0.0,2025-Jan-29-23:31:39.171933
0.7040048287490615,1221,0,1,0,0,0,0.0,0.0,2025-Jan-29-23:31:39.226335
0.7040048287490615,1222,0,1,0,0,0,0.0,0.0,2025-Jan-29-23:31:39.280607
0.7040048287490615,1223,0,1,0,0,0,0.0,0.0,2025-Jan-29-23:31:39.334529
0.7040048306826437,1224,0,1,0,-1,0,0.0,0.0,2025-Jan-29-23:31:39.387726
0.7040048308487874,1225,0,1,0,0,-1,0.0,0.0,2025-Jan-29-23:31:39.441371
0.7048458075776329,1226,-3,1,0,1,1,0.1,0.7000000000000001,2025-Jan-29-23:31:39.495317
0.6906709359502543,1227,-3,1,0,1,0,0.2,0.0,2025-Jan-29-23:31:39.538339
0.7190204896416055,1228,-3,1,0,0,1,0.0,1.5000000000000002,2025-Jan-29-23:31:39.614587
0.7190204897704602,1229,-3,1,0,0,1,0.0,1.0,2025-Jan-29-23:31:39.701736
0.7190204898405751,1230,-3,1,0,0,1,0.0,0.2,2025-Jan-29-23:31:39.773636
0.7190205063079972,1231,-3,1,0,0,-1,0.0,0.0,2025-Jan-29-23:31:39.818164
0.719020490080821,1232,-3,1,0,0,1,0.0,1.2000000000000002,2025-Jan-29-23:31:39.871803
0.7190205031455159,1233,-3,1,0,0,0,0.0,0.0,2025-Jan-29-23:31:39.914104
0.7190205031455159,1234,-3,1,0,0,0,0.0,0.0,2025-Jan-29-23:31:39.958799
0.7190205031455159,1235,-3,1,0,0,0,0.0,0.0,2025-Jan-29-23:31:40.001413
0.7190205031455159,1236,-3,1,0,0,0,0.0,0.0,2025-Jan-29-23:31:40.046527
0.7190205031455159,1237,-3,1,0,0,0,0.0,0.0,2025-Jan-29-23:31:40.092706
0.7190205031455159,1238,-3,1,0,0,0,0.0,0.0,2025-Jan-29-23:31:40.135548
0.7190205031455159,1239,-3,1,0,0,0,0.0,0.0,2025-Jan-29-23:31:40.180482
0.7190205031455159,1240,-3,1,0,0,0,0.0,0.0,2025-Jan-29-23:31:40.225911
0.7190205031455159,1241,-3,1,0,0,0,0.0,0.0,2025-Jan-29-23:31:40.273481
0.7190205031455159,1242,-3,1,0,0,0,0.0,0.0,2025-Jan-29-23:31:40.316366
0.7489822891669069,1243,-3,1,0,-1,0,0.0,0.0,2025-Jan-29-23:31:40.375577
1.1113749353933677,1244,-3,1,1,-1,1,0.0,0.7000000000000001,2025-Jan-29-23:31:40.452220
0.7563743116923222,1245,-3,1,0,-1,-1,0.0,0.0,2025-Jan-29-23:31:40.511466
0.7190205031455159,1246,-3,1,0,0,0,0.0,0.0,2025-Jan-29-23:31:40.567418
0.9180886158020971,1247,-3,1,1,1,0,1.1,0.0,2025-Jan-29-23:31:40.658907
1.1113749517846028,1248,-3,1,1,-1,-1,0.0,0.0,2025-Jan-29-23:31:40.743887
1.0740211432420042,1249,-3,1,1,0,0,0.0,0.0,2025-Jan-29-23:31:40.803673
1.0598464609314147,1250,-3,1,1,1,0,0.1,0.0,2025-Jan-29-23:31:40.849533
1.0740211464044855,1251,-3,1,1,0,-1,0.0,0.0,2025-Jan-29-23:31:40.895876
0.7190204897704602,1252,-3,1,0,0,1,0.0,1.0,2025-Jan-29-23:31:40.949867
0.7489822891669069,1253,-3,1,0,-1,0,0.0,0.0,2025-Jan-29-23:31:41.005466
1.1113749487582494,1254,-3,1,1,-1,0,0.0,0.0,2025-Jan-29-23:31:41.066319
1.0740211432420042,1255,-3,1,1,0,0,0.0,0.0,2025-Jan-29-23:31:41.111585
1.1113749517846028,1256,-3,1,1,-1,-1,0.0,0.0,2025-Jan-29-23:31:41.167028
0.7489822891669069,1257,-3,1,0,-1,0,0.0,0.0,2025-Jan-29-23:31:41.225687
0.7190205031455159,1258,-3,1,0,0,0,0.0,0.0,2025-Jan-29-23:31:41.269561
0.6906709359502543,1259,-3,1,0,1,0,0.2,0.0,2025-Jan-29-23:31:41.312526
0.7190204891826966,1260,-3,1,0,0,1,0.0,1.8000000000000003,2025-Jan-29-23:31:41.366511
1.0740211298669484,1261,-3,1,1,0,1,0.0,1.0,2025-Jan-29-23:31:41.423886
0.7489822891669069,1262,-3,1,0,-1,0,0.0,0.0,2025-Jan-29-23:31:41.479153
1.1113749487582494,1263,-3,1,1,-1,0,0.0,0.0,2025-Jan-29-23:31:41.534948
0.7489822891669069,1264,-3,1,0,-1,0,0.0,0.0,2025-Jan-29-23:31:41.614627
1.0740211432420042,1265,-3,1,1,0,0,0.0,0.0,2025-Jan-29-23:31:41.693118
1.0740211432420042,1266,-3,1,1,0,0,0.0,0.0,2025-Jan-29-23:31:41.860042
1.0740211464044855,1267,-3,1,1,0,-1,0.0,0.0,2025-Jan-29-23:31:41.907784
1.0740211432420042,1268,-3,1,1,0,0,0.0,0.0,2025-Jan-29-23:31:41.951571
1.0740211464044855,1269,-3,1,1,0,-1,0.0,0.0,2025-Jan-29-23:31:41.994818
0.7190205031455159,1270,-3,1,0,0,0,0.0,0.0,2025-Jan-29-23:31:42.039223
1.0740211464044855,1271,-3,1,1,0,-1,0.0,0.0,2025-Jan-29-23:31:42.087063
0.7190205031455159,1272,-3,1,0,0,0,0.0,0.0,2025-Jan-29-23:31:42.131234
0.5426186792983064,1273,-3,1,0,1,-1,1.5000000000000002,0.0,2025-Jan-29-23:31:42.205967
0.54261959709011,1274,-3,1,0,1,0,1.8000000000000003,0.0,2025-Jan-29-23:31:42.277639
0.5426196009339328,1275,-3,1,0,1,-1,1.8000000000000003,0.0,2025-Jan-29-23:31:42.349493
0.5772646541594252,1276,-3,1,0,1,1,1.0,0.9,2025-Jan-29-23:31:42.406508
0.5630879756869492,1277,-3,1,0,1,0,1.1,0.0,2025-Jan-29-23:31:42.449612
0.5772646672821861,1278,-3,1,0,1,0,1.0,0.0,2025-Jan-29-23:31:42.495903
0.5914411592863241,1279,-3,1,0,1,-1,0.9,0.0,2025-Jan-29-23:31:42.539158
0.5914411556334509,1280,-3,1,0,1,0,0.9,0.0,2025-Jan-29-23:31:42.612374
0.633969411017576,1281,-3,1,0,1,-1,0.6,0.0,2025-Jan-29-23:31:42.679744
0.6339694075286959,1282,-3,1,0,1,0,0.6,0.0,2025-Jan-29-23:31:42.745981
0.6906709392213018,1283,-3,1,0,1,-1,0.2,0.0,2025-Jan-29-23:31:42.811781
0.6906709359502543,1284,-3,1,0,1,0,0.2,0.0,2025-Jan-29-23:31:42.855813
0.6906709392213018,1285,-3,1,0,1,-1,0.2,0.0,2025-Jan-29-23:31:42.899043
0.7040048163408401,1286,0,1,0,1,0,0.30000000000000004,0.0,2025-Jan-29-23:31:42.955547
0.7040048287490615,1287,0,1,0,0,0,0.0,0.0,2025-Jan-29-23:31:43.010167
0.7040048287490615,1288,0,1,0,0,0,0.0,0.0,2025-Jan-29-23:31:43.069494
0.7040048287490615,1289,0,1,0,0,0,0.0,0.0,2025-Jan-29-23:31:43.124552
0.7040048306826437,1290,0,1,0,-1,0,0.0,0.0,2025-Jan-29-23:31:43.181022
0.7040048308487874,1291,0,1,0,0,-1,0.0,0.0,2025-Jan-29-23:31:43.235289
0.704845824049979,1292,-3,1,0,1,-1,0.1,0.0,2025-Jan-29-23:31:43.278687
0.7190204896416055,1293,-3,1,0,0,1,0.0,1.5000000000000002,2025-Jan-29-23:31:43.333120
0.7190204897704602,1294,-3,1,0,0,1,0.0,1.0,2025-Jan-29-23:31:43.386778
0.7190204897704602,1295,-3,1,0,0,1,0.0,1.0,2025-Jan-29-23:31:43.441572
0.7190205063079972,1296,-3,1,0,0,-1,0.0,0.0,2025-Jan-29-23:31:43.484617
0.7190205063079972,1297,-3,1,0,0,-1,0.0,0.0,2025-Jan-29-23:31:43.532324
0.719020490080821,1298,-3,1,0,0,1,0.0,1.2000000000000002,2025-Jan-29-23:31:43.602320
0.7190205031455159,1299,-3,1,0,0,0,0.0,0.0,2025-Jan-29-23:31:43.675305
0.7190205031455159,1300,-3,1,0,0,0,0.0,0.0,2025-Jan-29-23:31:43.747451
0.7190205031455159,1301,-3,1,0,0,0,0.0,0.0,2025-Jan-29-23:31:43.801311
0.7190205031455159,1302,-3,1,0,0,0,0.0,0.0,2025-Jan-29-23:31:43.846655
0.7190205031455159,1303,-3,1,0,0,0,0.0,0.0,2025-Jan-29-23:31:43.892360
0.7190205031455159,1304,-3,1,0,0,0,0.0,0.0,2025-Jan-29-23:31:43.935964
0.7190205031455159,1305,-3,1,0,0,0,0.0,0.0,2025-Jan-29-23:31:43.979206
0.7190205031455159,1306,-3,1,0,0,0,0.0,0.0,2025-Jan-29-23:31:44.022322
0.7190205031455159,1307,-3,1,0,0,0,0.0,0.0,2025-Jan-29-23:31:44.071394
0.7190205031455159,1308,-3,1,0,0,0,0.0,0.0,2025-Jan-29-23:31:44.117805
0.6906709359502543,1309,-3,1,0,1,0,0.2,0.0,2025-Jan-29-23:31:44.234800
0.7190204891826966,1310,-3,1,0,0,1,0.0,1.8000000000000003,2025-Jan-29-23:31:44.290022
1.0740211298669484,1311,-3,1,1,0,1,0.0,1.0,2025-Jan-29-23:31:44.344282
0.7489822891669069,1312,-3,1,0,-1,0,0.0,0.0,2025-Jan-29-23:31:44.403461
1.1113749487582494,1313,-3,1,1,-1,0,0.0,0.0,2025-Jan-29-23:31:44.460692
0.7489822891669069,1314,-3,1,0,-1,0,0.0,0.0,2025-Jan-29-23:31:44.519432
1.0740211432420042,1315,-3,1,1,0,0,0.0,0.0,2025-Jan-29-23:31:44.581610
1.0740211432420042,1316,-3,1,1,0,0,0.0,0.0,2025-Jan-29-23:31:44.655170
1.0740211464044855,1317,-3,1,1,0,-1,0.0,0.0,2025-Jan-29-23:31:44.728777
1.0740211432420042,1318,-3,1,1,0,0,0.0,0.0,2025-Jan-29-23:31:44.790908
1.0740211464044855,1319,-3,1,1,0,-1,0.0,0.0,2025-Jan-29-23:31:44.837061
0.7190205031455159,1320,-3,1,0,0,0,0.0,0.0,2025-Jan-29-23:31:44.883249
1.0740211464044855,1321,-3,1,1,0,-1,0.0,0.0,2025-Jan-29-23:31:44.927243
0.7190205031455159,1322,-3,1,0,0,0,0.0,0.0,2025-Jan-29-23:31:44.970233
1.1113749487582494,1323,-3,1,1,-1,0,0.0,0.0,2025-Jan-29-23:31:45.027022
1.031496492890949,1324,-3,1,1,1,0,0.30000000000000004,0.0,2025-Jan-29-23:31:45.074466
1.111374935590307,1325,-3,1,1,-1,1,0.0,0.6,2025-Jan-29-23:31:45.153101
0.7563742948803054,1326,-3,1,0,-1,1,0.0,0.9,2025-Jan-29-23:31:45.232790
1.0740211432420042,1327,-3,1,1,0,0,0.0,0.0,2025-Jan-29-23:31:45.276236
1.0740211432420042,1328,-3,1,1,0,0,0.0,0.0,2025-Jan-29-23:31:45.319408
1.059005470912656,1329,0,1,1,0,-1,0.0,0.0,2025-Jan-29-23:31:45.372812
0.6339694075286959,1330,-3,1,0,1,0,0.6,0.0,2025-Jan-29-23:31:45.415749
1.1039829149256817,1331,-3,1,1,-1,1,0.0,0.5,2025-Jan-29-23:31:45.492613
0.8976205455665484,1332,-3,1,1,1,0,1.9000000000000001,0.0,2025-Jan-29-23:31:45.599078
0.7040048169605004,1333,0,1,0,-1,1,0.0,0.5,2025-Jan-29-23:31:45.698874
0.9747941652378019,1334,-3,1,1,1,0,0.7000000000000001,0.0,2025-Jan-29-23:31:45.763222
0.7190204897704602,1335,-3,1,0,0,1,0.0,1.0,2025-Jan-29-23:31:45.824608
1.1113749487582494,1336,-3,1,1,-1,0,0.0,0.0,2025-Jan-29-23:31:45.883406
0.7489822891669069,1337,-3,1,0,-1,0,0.0,0.0,2025-Jan-29-23:31:45.939985
0.5426186792983064,1338,-3,1,0,1,-1,1.5000000000000002,0.0,2025-Jan-29-23:31:46.013127
0.54261959709011,1339,-3,1,0,1,0,1.8000000000000003,0.0,2025-Jan-29-23:31:46.092846
0.5426199092930079,1340,-3,1,0,1,-1,1.9000000000000001,0.0,2025-Jan-29-23:31:46.165749
0.5630879794494487,1341,-3,1,0,1,-1,1.1,0.0,2025-Jan-29-23:31:46.212775
0.5630879756869492,1342,-3,1,0,1,0,1.1,0.0,2025-Jan-29-23:31:46.256695
0.5772646672821861,1343,-3,1,0,1,0,1.0,0.0,2025-Jan-29-23:31:46.299854
0.5772646709898425,1344,-3,1,0,1,-1,1.0,0.0,2025-Jan-29-23:31:46.342961
0.6056174413729246,1345,-3,1,0,1,0,0.8,0.0,2025-Jan-29-23:31:46.387552
0.633969394270764,1346,-3,1,0,1,1,0.6,0.9,2025-Jan-29-23:31:46.441916
0.6339694075286959,1347,-3,1,0,1,0,0.6,0.0,2025-Jan-29-23:31:46.486395
0.6906709392213018,1348,-3,1,0,1,-1,0.2,0.0,2025-Jan-29-23:31:46.530332
0.6906709359502543,1349,-3,1,0,1,0,0.2,0.0,2025-Jan-29-23:31:46.592828
0.6906709359502543,1350,-3,1,0,1,0,0.2,0.0,2025-Jan-29-23:31:46.656749
0.704845824049979,1351,-3,1,0,1,-1,0.1,0.0,2025-Jan-29-23:31:46.727987
0.7040048163408401,1352,0,1,0,1,0,0.30000000000000004,0.0,2025-Jan-29-23:31:46.803339
0.7040048287490615,1353,0,1,0,0,0,0.0,0.0,2025-Jan-29-23:31:46.859580
0.7040048287490615,1354,0,1,0,0,0,0.0,0.0,2025-Jan-29-23:31:46.991853
0.7040048287490615,1355,0,1,0,0,0,0.0,0.0,2025-Jan-29-23:31:47.049116
0.7040048306826437,1356,0,1,0,-1,0,0.0,0.0,2025-Jan-29-23:31:47.106656
0.7040048308487874,1357,0,1,0,0,-1,0.0,0.0,2025-Jan-29-23:31:47.162505
0.7048458075776329,1358,-3,1,0,1,1,0.1,0.7000000000000001,2025-Jan-29-23:31:47.217790
0.7190204891826966,1359,-3,1,0,0,1,0.0,1.8000000000000003,2025-Jan-29-23:31:47.272755
0.7190204896416055,1360,-3,1,0,0,1,0.0,1.5000000000000002,2025-Jan-29-23:31:47.326564
0.7190204897704602,1361,-3,1,0,0,1,0.0,1.0,2025-Jan-29-23:31:47.384245
0.7190204897704602,1362,-3,1,0,0,1,0.0,1.0,2025-Jan-29-23:31:47.439213
0.7190205063079972,1363,-3,1,0,0,-1,0.0,0.0,2025-Jan-29-23:31:47.486399
0.719020490080821,1364,-3,1,0,0,1,0.0,1.2000000000000002,2025-Jan-29-23:31:47.541383
0.719020490080821,1365,-3,1,0,0,1,0.0,1.2000000000000002,2025-Jan-29-23:31:47.622981
0.7190205031455159,1366,-3,1,0,0,0,0.0,0.0,2025-Jan-29-23:31:47.696030
0.7190205031455159,1367,-3,1,0,0,0,0.0,0.0,2025-Jan-29-23:31:47.756478
0.7190205031455159,1368,-3,1,0,0,0,0.0,0.0,2025-Jan-29-23:31:47.813699
0.7190205031455159,1369,-3,1,0,0,0,0.0,0.0,2025-Jan-29-23:31:47.859734
0.7190205031455159,1370,-3,1,0,0,0,0.0,0.0,2025-Jan-29-23:31:47.907501
0.7190205031455159,1371,-3,1,0,0,0,0.0,0.0,2025-Jan-29-23:31:47.951423
0.7190205031455159,1372,-3,1,0,0,0,0.0,0.0,2025-Jan-29-23:31:47.994032
1.1113749487582494,1373,-3,1,1,-1,0,0.0,0.0,2025-Jan-29-23:31:48.052163
1.031496492890949,1374,-3,1,1,1,0,0.30000000000000004,0.0,2025-Jan-29-23:31:48.097705
1.111374935590307,1375,-3,1,1,-1,1,0.0,0.6,2025-Jan-29-23:31:48.175708
0.7563742948803054,1376,-3,1,0,-1,1,0.0,0.9,2025-Jan-29-23:31:48.262469
1.0740211432420042,1377,-3,1,1,0,0,0.0,0.0,2025-Jan-29-23:31:48.305049
1.0740211432420042,1378,-3,1,1,0,0,0.0,0.0,2025-Jan-29-23:31:48.348756
1.059005470912656,1379,0,1,1,0,-1,0.0,0.0,2025-Jan-29-23:31:48.405432
0.6339694075286959,1380,-3,1,0,1,0,0.6,0.0,2025-Jan-29-23:31:48.449785
1.1039829149256817,1381,-3,1,1,-1,1,0.0,0.5,2025-Jan-29-23:31:48.532549
0.8976205455665484,1382,-3,1,1,1,0,1.9000000000000001,0.0,2025-Jan-29-23:31:48.623453
0.7040048169605004,1383,0,1,0,-1,1,0.0,0.5,2025-Jan-29-23:31:48.723930
0.9747941652378019,1384,-3,1,1,1,0,0.7000000000000001,0.0,2025-Jan-29-23:31:48.795407
0.7190204897704602,1385,-3,1,0,0,1,0.0,1.0,2025-Jan-29-23:31:48.857431
1.1113749487582494,1386,-3,1,1,-1,0,0.0,0.0,2025-Jan-29-23:31:48.917328
0.7489822891669069,1387,-3,1,0,-1,0,0.0,0.0,2025-Jan-29-23:31:48.976212
0.7190205031455159,1388,-3,1,0,0,0,0.0,0.0,2025-Jan-29-23:31:49.021835
1.1113749487582494,1389,-3,1,1,-1,0,0.0,0.0,2025-Jan-29-23:31:49.081399
1.1113749487582494,1390,-3,1,1,-1,0,0.0,0.0,2025-Jan-29-23:31:49.139440
1.0740211432420042,1391,-3,1,1,0,0,0.0,0.0,2025-Jan-29-23:31:49.185096
0.7190205031455159,1392,-3,1,0,0,0,0.0,0.0,2025-Jan-29-23:31:49.230008
1.0740211464044855,1393,-3,1,1,0,-1,0.0,0.0,2025-Jan-29-23:31:49.394801
1.0740211464044855,1394,-3,1,1,0,-1,0.0,0.0,2025-Jan-29-23:31:49.442110
0.7489822891669069,1395,-3,1,0,-1,0,0.0,0.0,2025-Jan-29-23:31:49.503806
0.6339694075286959,1396,-3,1,0,1,0,0.6,0.0,2025-Jan-29-23:31:49.549556
0.8976196220180688,1397,-3,1,1,1,0,1.6,0.0,2025-Jan-29-23:31:49.669282
1.0740211432420042,1398,-3,1,1,0,0,0.0,0.0,2025-Jan-29-23:31:49.755275
0.7563743116923222,1399,-3,1,0,-1,-1,0.0,0.0,2025-Jan-29-23:31:49.835988
0.719020490080821,1400,-3,1,0,0,1,0.0,1.2000000000000002,2025-Jan-29-23:31:49.894070
1.0740211298809452,1401,-3,1,1,0,1,0.0,0.1,2025-Jan-29-23:31:49.951665
0.9039117203290862,1402,-3,1,1,1,0,1.2000000000000002,0.0,2025-Jan-29-23:31:49.998102
