Cost,Sim,Switch_State_Indx,Gen1_on,Gen2_on,Batt1_mode,Batt2_mode,Batt1_power_kW,Batt2_power_kW,Timestamp
0.5489110802122255,5156,-3,1,0,1,0,1.2000000000000002,0.0,2025-Jan-29-23:35:42.914445
0.7190205031455159,5157,-3,1,0,0,0,0.0,0.0,2025-Jan-29-23:35:42.957230
0.7190204897285821,5158,-3,1,0,0,1,0.0,1.3000000000000003,2025-Jan-29-23:35:43.009322
0.7190205031455159,5159,-3,1,0,0,0,0.0,0.0,2025-Jan-29-23:35:43.051300
1.1113749487582494,5160,-3,1,1,-1,0,0.0,0.0,2025-Jan-29-23:35:43.112006
0.6339693942270513,5161,-3,1,0,1,1,0.6,1.4000000000000001,2025-Jan-29-23:35:43.165744
1.0740211432420042,5162,-3,1,1,0,0,0.0,0.0,2025-Jan-29-23:35:43.211067
0.7190204898199815,5163,-3,1,0,0,1,0.0,0.30000000000000004,2025-Jan-29-23:35:43.276461
0.7489822891669069,5164,-3,1,0,-1,0,0.0,0.0,2025-Jan-29-23:35:43.450789
0.5426183567190569,5165,-3,1,0,1,1,1.4000000000000001,1.6,2025-Jan-29-23:35:43.529417
1.0740211432420042,5166,-3,1,1,0,0,0.0,0.0,2025-Jan-29-23:35:43.600103
1.1113749487582494,5167,-3,1,1,-1,0,0.0,0.0,2025-Jan-29-23:35:43.697433
0.9606180850811,5168,-3,1,1,1,-1,0.8,0.0,2025-Jan-29-23:35:43.778057
0.7190205031455159,5169,-3,1,0,0,0,0.0,0.0,2025-Jan-29-23:35:43.836831
0.7190205063079972,5170,-3,1,0,0,-1,0.0,0.0,2025-Jan-29-23:35:43.884600
0.7489822891669069,5171,-3,1,0,-1,0,0.0,0.0,2025-Jan-29-23:35:43.949098
0.8976196220180688,5172,-3,1,1,1,0,1.6,0.0,2025-Jan-29-23:35:44.031469
1.0740211432420042,5173,-3,1,1,0,0,0.0,0.0,2025-Jan-29-23:35:44.083876
0.6764958527894045,5174,-3,1,0,1,0,0.30000000000000004,0.0,2025-Jan-29-23:35:44.134472
0.6056174449710743,5175,-3,1,0,1,-1,0.8,0.0,2025-Jan-29-23:35:44.184061
0.7190204891826966,5176,-3,1,0,0,1,0.0,1.8000000000000003,2025-Jan-29-23:35:44.245468
0.7190204898834608,5177,-3,1,0,0,1,0.0,1.1,2025-Jan-29-23:35:44.311549
0.7563743116923222,5178,-3,1,0,-1,-1,0.0,0.0,2025-Jan-29-23:35:44.375837
1.0740211294157285,5179,-3,1,1,0,1,0.0,0.8,2025-Jan-29-23:35:44.438800
1.0740211432420042,5180,-3,1,1,0,0,0.0,0.0,2025-Jan-29-23:35:44.492413
1.1113749487582494,5181,-3,1,1,-1,0,0.0,0.0,2025-Jan-29-23:35:44.571129
0.7190204891826966,5182,-3,1,0,0,1,0.0,1.8000000000000003,2025-Jan-29-23:35:44.660585
0.704845824049979,5183,-3,1,0,1,-1,0.1,0.0,2025-Jan-29-23:35:44.740004
1.0740211294157285,5184,-3,1,1,0,1,0.0,0.8,2025-Jan-29-23:35:44.818931
0.7489822891669069,5185,-3,1,0,-1,0,0.0,0.0,2025-Jan-29-23:35:44.882926
0.7190204897844568,5186,-3,1,0,0,1,0.0,0.1,2025-Jan-29-23:35:44.936450
0.5489110802122255,5187,-3,1,0,1,0,1.2000000000000002,0.0,2025-Jan-29-23:35:44.978961
1.0740211299799491,5188,-3,1,1,0,1,0.0,1.1,2025-Jan-29-23:35:45.031286
0.7190205031455159,5189,-3,1,0,0,0,0.0,0.0,2025-Jan-29-23:35:45.077169
0.7190205063079972,5190,-3,1,0,0,-1,0.0,0.0,2025-Jan-29-23:35:45.120252
0.54261959709011,5191,-3,1,0,1,0,1.8000000000000003,0.0,2025-Jan-29-23:35:45.194712
1.0740211464044855,5192,-3,1,1,0,-1,0.0,0.0,2025-Jan-29-23:35:45.237774
0.7190205031455159,5193,-3,1,0,0,0,0.0,0.0,2025-Jan-29-23:35:45.281056
1.05900546881293,5194,0,1,1,0,0,0.0,0.0,2025-Jan-29-23:35:45.333788
0.7190205063079972,5195,-3,1,0,0,-1,0.0,0.0,2025-Jan-29-23:35:45.379142
0.7190205031455159,5196,-3,1,0,0,0,0.0,0.0,2025-Jan-29-23:35:45.424905
0.7563743116923222,5197,-3,1,0,-1,-1,0.0,0.0,2025-Jan-29-23:35:45.483409
0.7563742951884462,5198,-3,1,0,-1,1,0.0,0.8,2025-Jan-29-23:35:45.572391
0.7563743116923222,5199,-3,1,0,-1,-1,0.0,0.0,2025-Jan-29-23:35:45.672661
0.8976190097192577,5200,-3,1,1,1,0,1.4000000000000001,0.0,2025-Jan-29-23:35:45.772340
0.7190205031455159,5201,-3,1,0,0,0,0.0,0.0,2025-Jan-29-23:35:45.814875
0.7190204896416055,5202,-3,1,0,0,1,0.0,1.5000000000000002,2025-Jan-29-23:35:45.873024
0.8976199292347314,5203,-3,1,1,1,0,1.7000000000000002,0.0,2025-Jan-29-23:35:45.942764
0.7190205031455159,5204,-3,1,0,0,0,0.0,0.0,2025-Jan-29-23:35:45.984482
0.9747941687812872,5205,-3,1,1,1,-1,0.7000000000000001,0.0,2025-Jan-29-23:35:46.025955
0.7190204898405751,5206,-3,1,0,0,1,0.0,0.2,2025-Jan-29-23:35:46.081708
0.7190205031455159,5207,-3,1,0,0,0,0.0,0.0,2025-Jan-29-23:35:46.125027
0.7190205031455159,5208,-3,1,0,0,0,0.0,0.0,2025-Jan-29-23:35:46.168831
0.7190205031455159,5209,-3,1,0,0,0,0.0,0.0,2025-Jan-29-23:35:46.212393
0.7190205031455159,5210,-3,1,0,0,0,0.0,0.0,2025-Jan-29-23:35:46.256063
0.7190205031455159,5211,-3,1,0,0,0,0.0,0.0,2025-Jan-29-23:35:46.297792
0.7190205031455159,5212,-3,1,0,0,0,0.0,0.0,2025-Jan-29-23:35:46.453986
0.7190205031455159,5213,-3,1,0,0,0,0.0,0.0,2025-Jan-29-23:35:46.497355
0.7190205031455159,5214,-3,1,0,0,0,0.0,0.0,2025-Jan-29-23:35:46.539526
0.7190205031455159,5215,-3,1,0,0,0,0.0,0.0,2025-Jan-29-23:35:46.611856
0.7190205031455159,5216,-3,1,0,0,0,0.0,0.0,2025-Jan-29-23:35:46.679778
0.7190205031455159,5217,-3,1,0,0,0,0.0,0.0,2025-Jan-29-23:35:46.749620
1.1113749487582494,5218,-3,1,1,-1,0,0.0,0.0,2025-Jan-29-23:35:46.821006
0.7190205031455159,5219,-3,1,0,0,0,0.0,0.0,2025-Jan-29-23:35:46.865766
0.7190205031455159,5220,-3,1,0,0,0,0.0,0.0,2025-Jan-29-23:35:46.908702
0.7489822891669069,5221,-3,1,0,-1,0,0.0,0.0,2025-Jan-29-23:35:46.964370
1.1113749487582494,5222,-3,1,1,-1,0,0.0,0.0,2025-Jan-29-23:35:47.019189
1.0740211432420042,5223,-3,1,1,0,0,0.0,0.0,2025-Jan-29-23:35:47.061797
0.7489822891669069,5224,-3,1,0,-1,0,0.0,0.0,2025-Jan-29-23:35:47.117494
0.7489822891669069,5225,-3,1,0,-1,0,0.0,0.0,2025-Jan-29-23:35:47.171318
0.7190205031455159,5226,-3,1,0,0,0,0.0,0.0,2025-Jan-29-23:35:47.215132
0.7190205031455159,5227,-3,1,0,0,0,0.0,0.0,2025-Jan-29-23:35:47.256567
0.7190205063079972,5228,-3,1,0,0,-1,0.0,0.0,2025-Jan-29-23:35:47.298412
0.7190204893192401,5229,-3,1,0,0,1,0.0,0.8,2025-Jan-29-23:35:47.354449
0.7190205031455159,5230,-3,1,0,0,0,0.0,0.0,2025-Jan-29-23:35:47.399921
0.7190205031455159,5231,-3,1,0,0,0,0.0,0.0,2025-Jan-29-23:35:47.441992
0.7190204899700696,5232,-3,1,0,0,1,0.0,1.7000000000000002,2025-Jan-29-23:35:47.495086
0.7190205063079972,5233,-3,1,0,0,-1,0.0,0.0,2025-Jan-29-23:35:47.536898
0.7190204896855531,5234,-3,1,0,0,1,0.0,0.9,2025-Jan-29-23:35:47.605816
0.7190205031455159,5235,-3,1,0,0,0,0.0,0.0,2025-Jan-29-23:35:47.675416
0.7190204897844568,5236,-3,1,0,0,1,0.0,0.1,2025-Jan-29-23:35:47.759724
0.7190205031455159,5237,-3,1,0,0,0,0.0,0.0,2025-Jan-29-23:35:47.816629
0.7190205031455159,5238,-3,1,0,0,0,0.0,0.0,2025-Jan-29-23:35:47.861162
0.7190205031455159,5239,-3,1,0,0,0,0.0,0.0,2025-Jan-29-23:35:47.904397
0.7190205031455159,5240,-3,1,0,0,0,0.0,0.0,2025-Jan-29-23:35:47.946225
0.5426186754555834,5241,-3,1,0,1,0,1.5000000000000002,0.0,2025-Jan-29-23:35:48.018438
0.7190205031455159,5242,-3,1,0,0,0,0.0,0.0,2025-Jan-29-23:35:48.063072
0.7190205031455159,5243,-3,1,0,0,0,0.0,0.0,2025-Jan-29-23:35:48.107079
0.7190205031455159,5244,-3,1,0,0,0,0.0,0.0,2025-Jan-29-23:35:48.149784
0.7190205031455159,5245,-3,1,0,0,0,0.0,0.0,2025-Jan-29-23:35:48.194938
0.7190205031455159,5246,-3,1,0,0,0,0.0,0.0,2025-Jan-29-23:35:48.237131
0.7190205031455159,5247,-3,1,0,0,0,0.0,0.0,2025-Jan-29-23:35:48.279482
0.7563743116923222,5248,-3,1,0,-1,-1,0.0,0.0,2025-Jan-29-23:35:48.334682
0.7563743116923222,5249,-3,1,0,-1,-1,0.0,0.0,2025-Jan-29-23:35:48.393949
0.7489822891669069,5250,-3,1,0,-1,0,0.0,0.0,2025-Jan-29-23:35:48.449224
0.7190205031455159,5251,-3,1,0,0,0,0.0,0.0,2025-Jan-29-23:35:48.493094
0.7190205063079972,5252,-3,1,0,0,-1,0.0,0.0,2025-Jan-29-23:35:48.536275
0.7489822891669069,5253,-3,1,0,-1,0,0.0,0.0,2025-Jan-29-23:35:48.623637
0.7190205031455159,5254,-3,1,0,0,0,0.0,0.0,2025-Jan-29-23:35:48.699721
0.7563743116923222,5255,-3,1,0,-1,-1,0.0,0.0,2025-Jan-29-23:35:48.774404
0.7190205063079972,5256,-3,1,0,0,-1,0.0,0.0,2025-Jan-29-23:35:48.816458
1.05984646414815,5257,-3,1,1,1,-1,0.1,0.0,2025-Jan-29-23:35:48.970389
1.0740211432420042,5258,-3,1,1,0,0,0.0,0.0,2025-Jan-29-23:35:49.013140
0.7040048287490615,5259,0,1,0,0,0,0.0,0.0,2025-Jan-29-23:35:49.069220
0.9039117241464883,5260,-3,1,1,1,-1,1.2000000000000002,0.0,2025-Jan-29-23:35:49.112673
0.7190204897992981,5261,-3,1,0,0,1,0.0,0.5,2025-Jan-29-23:35:49.168017
0.7190205031455159,5262,-3,1,0,0,0,0.0,0.0,2025-Jan-29-23:35:49.216102
0.5914411424229455,5263,-3,1,0,1,1,0.9,1.4000000000000001,2025-Jan-29-23:35:49.269376
0.7190204897285821,5264,-3,1,0,0,1,0.0,1.3000000000000003,2025-Jan-29-23:35:49.321861
0.7190204893192401,5265,-3,1,0,0,1,0.0,0.8,2025-Jan-29-23:35:49.380892
0.7190205031455159,5266,-3,1,0,0,0,0.0,0.0,2025-Jan-29-23:35:49.425363
0.7190205031455159,5267,-3,1,0,0,0,0.0,0.0,2025-Jan-29-23:35:49.468427
0.7190205031455159,5268,-3,1,0,0,0,0.0,0.0,2025-Jan-29-23:35:49.509800
0.7190205031455159,5269,-3,1,0,0,0,0.0,0.0,2025-Jan-29-23:35:49.566346
0.7190205031455159,5270,-3,1,0,0,0,0.0,0.0,2025-Jan-29-23:35:49.658047
0.704845824049979,5271,-3,1,0,1,-1,0.1,0.0,2025-Jan-29-23:35:49.744880
0.7190205031455159,5272,-3,1,0,0,0,0.0,0.0,2025-Jan-29-23:35:49.806092
0.6764958527894045,5273,-3,1,0,1,0,0.30000000000000004,0.0,2025-Jan-29-23:35:49.849022
0.7190205063079972,5274,-3,1,0,0,-1,0.0,0.0,2025-Jan-29-23:35:49.893316
0.7190205031455159,5275,-3,1,0,0,0,0.0,0.0,2025-Jan-29-23:35:49.934033
0.7190205031455159,5276,-3,1,0,0,0,0.0,0.0,2025-Jan-29-23:35:49.974903
0.7190205031455159,5277,-3,1,0,0,0,0.0,0.0,2025-Jan-29-23:35:50.016704
0.7489822891669069,5278,-3,1,0,-1,0,0.0,0.0,2025-Jan-29-23:35:50.074710
0.5489110802122255,5279,-3,1,0,1,0,1.2000000000000002,0.0,2025-Jan-29-23:35:50.119430
0.6056174449710743,5280,-3,1,0,1,-1,0.8,0.0,2025-Jan-29-23:35:50.161466
0.7190205031455159,5281,-3,1,0,0,0,0.0,0.0,2025-Jan-29-23:35:50.204136
0.7190205031455159,5282,-3,1,0,0,0,0.0,0.0,2025-Jan-29-23:35:50.247619
0.7190205063079972,5283,-3,1,0,0,-1,0.0,0.0,2025-Jan-29-23:35:50.289391
0.7190205063079972,5284,-3,1,0,0,-1,0.0,0.0,2025-Jan-29-23:35:50.331863
0.7190205063079972,5285,-3,1,0,0,-1,0.0,0.0,2025-Jan-29-23:35:50.377639
0.7190205063079972,5286,-3,1,0,0,-1,0.0,0.0,2025-Jan-29-23:35:50.420507
0.7190205063079972,5287,-3,1,0,0,-1,0.0,0.0,2025-Jan-29-23:35:50.460906
0.7190205031455159,5288,-3,1,0,0,0,0.0,0.0,2025-Jan-29-23:35:50.502643
0.7190205031455159,5289,-3,1,0,0,0,0.0,0.0,2025-Jan-29-23:35:50.544103
0.7190205031455159,5290,-3,1,0,0,0,0.0,0.0,2025-Jan-29-23:35:50.613486
0.7190205031455159,5291,-3,1,0,0,0,0.0,0.0,2025-Jan-29-23:35:50.685053
0.7190205031455159,5292,-3,1,0,0,0,0.0,0.0,2025-Jan-29-23:35:50.751671
0.5426180642548899,5293,-3,1,0,1,0,1.3000000000000003,0.0,2025-Jan-29-23:35:50.838156
0.7190205031455159,5294,-3,1,0,0,0,0.0,0.0,2025-Jan-29-23:35:50.882090
0.7190205031455159,5295,-3,1,0,0,0,0.0,0.0,2025-Jan-29-23:35:50.924462
0.7190205031455159,5296,-3,1,0,0,0,0.0,0.0,2025-Jan-29-23:35:50.966351
0.7190205031455159,5297,-3,1,0,0,0,0.0,0.0,2025-Jan-29-23:35:51.007727
0.7190205031455159,5298,-3,1,0,0,0,0.0,0.0,2025-Jan-29-23:35:51.049784
0.7190205031455159,5299,-3,1,0,0,0,0.0,0.0,2025-Jan-29-23:35:51.096777
0.7190205031455159,5300,-3,1,0,0,0,0.0,0.0,2025-Jan-29-23:35:51.138955
0.5426180642548899,5301,-3,1,0,1,0,1.3000000000000003,0.0,2025-Jan-29-23:35:51.211711
0.7190205031455159,5302,-3,1,0,0,0,0.0,0.0,2025-Jan-29-23:35:51.255689
0.7190204897992981,5303,-3,1,0,0,1,0.0,0.5,2025-Jan-29-23:35:51.308102
0.7190205031455159,5304,-3,1,0,0,0,0.0,0.0,2025-Jan-29-23:35:51.352643
0.7190205031455159,5305,-3,1,0,0,0,0.0,0.0,2025-Jan-29-23:35:51.399729
0.7190205031455159,5306,-3,1,0,0,0,0.0,0.0,2025-Jan-29-23:35:51.441714
0.7190205031455159,5307,-3,1,0,0,0,0.0,0.0,2025-Jan-29-23:35:51.482763
0.7190205031455159,5308,-3,1,0,0,0,0.0,0.0,2025-Jan-29-23:35:51.523958
0.7190204897704602,5309,-3,1,0,0,1,0.0,1.0,2025-Jan-29-23:35:51.599182
0.7190205063079972,5310,-3,1,0,0,-1,0.0,0.0,2025-Jan-29-23:35:51.668155
0.719020489874709,5311,-3,1,0,0,1,0.0,0.6,2025-Jan-29-23:35:51.760914
1.0740211297191413,5312,-3,1,1,0,1,0.0,1.9000000000000001,2025-Jan-29-23:35:51.820513
1.1113749517846028,5313,-3,1,1,-1,-1,0.0,0.0,2025-Jan-29-23:35:51.979189
1.0740211432420042,5314,-3,1,1,0,0,0.0,0.0,2025-Jan-29-23:35:52.021742
1.0740211301773095,5315,-3,1,1,0,1,0.0,1.2000000000000002,2025-Jan-29-23:35:52.079880
1.0740211299164697,5316,-3,1,1,0,1,0.0,0.30000000000000004,2025-Jan-29-23:35:52.135252
0.7190205031455159,5317,-3,1,0,0,0,0.0,0.0,2025-Jan-29-23:35:52.181779
0.5914411424229455,5318,-3,1,0,1,1,0.9,1.4000000000000001,2025-Jan-29-23:35:52.235558
0.6197935286729634,5319,-3,1,0,1,-1,0.7000000000000001,0.0,2025-Jan-29-23:35:52.276442
0.7190204898834608,5320,-3,1,0,0,1,0.0,1.1,2025-Jan-29-23:35:52.332333
0.7190204897285821,5321,-3,1,0,0,1,0.0,1.3000000000000003,2025-Jan-29-23:35:52.388570
0.7190205031455159,5322,-3,1,0,0,0,0.0,0.0,2025-Jan-29-23:35:52.433397
0.7190205031455159,5323,-3,1,0,0,0,0.0,0.0,2025-Jan-29-23:35:52.475156
0.7190205031455159,5324,-3,1,0,0,0,0.0,0.0,2025-Jan-29-23:35:52.516356
0.7190205031455159,5325,-3,1,0,0,0,0.0,0.0,2025-Jan-29-23:35:52.577198
0.7190204891826966,5326,-3,1,0,0,1,0.0,1.8000000000000003,2025-Jan-29-23:35:52.664546
0.7190205031455159,5327,-3,1,0,0,0,0.0,0.0,2025-Jan-29-23:35:52.731094
0.6056174413729246,5328,-3,1,0,1,0,0.8,0.0,2025-Jan-29-23:35:52.800044
0.6056174413729246,5329,-3,1,0,1,0,0.8,0.0,2025-Jan-29-23:35:52.841434
0.6339694075286959,5330,-3,1,0,1,0,0.6,0.0,2025-Jan-29-23:35:52.884035
0.7190205031455159,5331,-3,1,0,0,0,0.0,0.0,2025-Jan-29-23:35:52.925635
0.7190205031455159,5332,-3,1,0,0,0,0.0,0.0,2025-Jan-29-23:35:52.967403
0.7190205031455159,5333,-3,1,0,0,0,0.0,0.0,2025-Jan-29-23:35:53.007819
0.7190205031455159,5334,-3,1,0,0,0,0.0,0.0,2025-Jan-29-23:35:53.049930
0.7190205031455159,5335,-3,1,0,0,0,0.0,0.0,2025-Jan-29-23:35:53.094415
0.7489822891669069,5336,-3,1,0,-1,0,0.0,0.0,2025-Jan-29-23:35:53.149635
0.7190205031455159,5337,-3,1,0,0,0,0.0,0.0,2025-Jan-29-23:35:53.192370
0.7190205031455159,5338,-3,1,0,0,0,0.0,0.0,2025-Jan-29-23:35:53.234932
0.7190205031455159,5339,-3,1,0,0,0,0.0,0.0,2025-Jan-29-23:35:53.280997
0.7190205031455159,5340,-3,1,0,0,0,0.0,0.0,2025-Jan-29-23:35:53.323810
0.7190205031455159,5341,-3,1,0,0,0,0.0,0.0,2025-Jan-29-23:35:53.369782
0.7190205031455159,5342,-3,1,0,0,0,0.0,0.0,2025-Jan-29-23:35:53.412195
0.7190205031455159,5343,-3,1,0,0,0,0.0,0.0,2025-Jan-29-23:35:53.453866
0.7190205031455159,5344,-3,1,0,0,0,0.0,0.0,2025-Jan-29-23:35:53.498379
0.7190205031455159,5345,-3,1,0,0,0,0.0,0.0,2025-Jan-29-23:35:53.541206
0.7190205031455159,5346,-3,1,0,0,0,0.0,0.0,2025-Jan-29-23:35:53.621531
0.7190205031455159,5347,-3,1,0,0,0,0.0,0.0,2025-Jan-29-23:35:53.688500
0.5426180642548899,5348,-3,1,0,1,0,1.3000000000000003,0.0,2025-Jan-29-23:35:53.788882
0.5426183696016111,5349,-3,1,0,1,0,1.4000000000000001,0.0,2025-Jan-29-23:35:53.861664
0.7190205031455159,5350,-3,1,0,0,0,0.0,0.0,2025-Jan-29-23:35:53.909193
0.7190205031455159,5351,-3,1,0,0,0,0.0,0.0,2025-Jan-29-23:35:53.952950
0.7190205031455159,5352,-3,1,0,0,0,0.0,0.0,2025-Jan-29-23:35:53.994844
0.7190205031455159,5353,-3,1,0,0,0,0.0,0.0,2025-Jan-29-23:35:54.036917
0.7190205031455159,5354,-3,1,0,0,0,0.0,0.0,2025-Jan-29-23:35:54.083732
0.7190205031455159,5355,-3,1,0,0,0,0.0,0.0,2025-Jan-29-23:35:54.128365
0.7190205031455159,5356,-3,1,0,0,0,0.0,0.0,2025-Jan-29-23:35:54.170384
0.7190205031455159,5357,-3,1,0,0,0,0.0,0.0,2025-Jan-29-23:35:54.216439
0.7190204898834608,5358,-3,1,0,0,1,0.0,1.1,2025-Jan-29-23:35:54.367129
0.7190204898596041,5359,-3,1,0,0,1,0.0,0.7000000000000001,2025-Jan-29-23:35:54.425997
0.719020489874709,5360,-3,1,0,0,1,0.0,0.6,2025-Jan-29-23:35:54.478727
0.7190205031455159,5361,-3,1,0,0,0,0.0,0.0,2025-Jan-29-23:35:54.522743
0.7190205031455159,5362,-3,1,0,0,0,0.0,0.0,2025-Jan-29-23:35:54.582148
0.7190205031455159,5363,-3,1,0,0,0,0.0,0.0,2025-Jan-29-23:35:54.649651
0.7190205031455159,5364,-3,1,0,0,0,0.0,0.0,2025-Jan-29-23:35:54.726434
0.7190205031455159,5365,-3,1,0,0,0,0.0,0.0,2025-Jan-29-23:35:54.791009
0.719020489874709,5366,-3,1,0,0,1,0.0,0.6,2025-Jan-29-23:35:54.844486
0.7190205063079972,5367,-3,1,0,0,-1,0.0,0.0,2025-Jan-29-23:35:54.888292
1.1113749487582494,5368,-3,1,1,-1,0,0.0,0.0,2025-Jan-29-23:35:54.942760
0.7190205063079972,5369,-3,1,0,0,-1,0.0,0.0,2025-Jan-29-23:35:54.984322
0.8976186914496281,5370,-3,1,1,1,1,1.3000000000000003,0.30000000000000004,2025-Jan-29-23:35:55.065744
0.9747941652378019,5371,-3,1,1,1,0,0.7000000000000001,0.0,2025-Jan-29-23:35:55.108455
0.7190205031455159,5372,-3,1,0,0,0,0.0,0.0,2025-Jan-29-23:35:55.152041
0.5772646540816884,5373,-3,1,0,1,1,1.0,1.5000000000000002,2025-Jan-29-23:35:55.206867
0.5914411592863241,5374,-3,1,0,1,-1,0.9,0.0,2025-Jan-29-23:35:55.249102
0.7190204899700696,5375,-3,1,0,0,1,0.0,1.7000000000000002,2025-Jan-29-23:35:55.304113
0.7190204897704602,5376,-3,1,0,0,1,0.0,1.0,2025-Jan-29-23:35:55.361214
0.7190204896621231,5377,-3,1,0,0,1,0.0,1.4000000000000001,2025-Jan-29-23:35:55.417574
0.7190205031455159,5378,-3,1,0,0,0,0.0,0.0,2025-Jan-29-23:35:55.459401
0.7190205031455159,5379,-3,1,0,0,0,0.0,0.0,2025-Jan-29-23:35:55.501506
0.7190205031455159,5380,-3,1,0,0,0,0.0,0.0,2025-Jan-29-23:35:55.543776
0.7190205063079972,5381,-3,1,0,0,-1,0.0,0.0,2025-Jan-29-23:35:55.616137
0.7190205031455159,5382,-3,1,0,0,0,0.0,0.0,2025-Jan-29-23:35:55.691914
0.6056174413729246,5383,-3,1,0,1,0,0.8,0.0,2025-Jan-29-23:35:55.758434
0.5914411556334509,5384,-3,1,0,1,0,0.9,0.0,2025-Jan-29-23:35:55.813736
0.6056174413729246,5385,-3,1,0,1,0,0.8,0.0,2025-Jan-29-23:35:55.859400
0.7190205031455159,5386,-3,1,0,0,0,0.0,0.0,2025-Jan-29-23:35:55.901772
0.7190205031455159,5387,-3,1,0,0,0,0.0,0.0,2025-Jan-29-23:35:55.943155
0.7190205031455159,5388,-3,1,0,0,0,0.0,0.0,2025-Jan-29-23:35:55.985376
0.7190205031455159,5389,-3,1,0,0,0,0.0,0.0,2025-Jan-29-23:35:56.027600
0.7190205031455159,5390,-3,1,0,0,0,0.0,0.0,2025-Jan-29-23:35:56.073063
0.7489822891669069,5391,-3,1,0,-1,0,0.0,0.0,2025-Jan-29-23:35:56.128061
0.7190205031455159,5392,-3,1,0,0,0,0.0,0.0,2025-Jan-29-23:35:56.168838
0.7190205031455159,5393,-3,1,0,0,0,0.0,0.0,2025-Jan-29-23:35:56.211974
0.7190205031455159,5394,-3,1,0,0,0,0.0,0.0,2025-Jan-29-23:35:56.256676
0.7190205031455159,5395,-3,1,0,0,0,0.0,0.0,2025-Jan-29-23:35:56.298230
0.7190205031455159,5396,-3,1,0,0,0,0.0,0.0,2025-Jan-29-23:35:56.341779
0.7190205031455159,5397,-3,1,0,0,0,0.0,0.0,2025-Jan-29-23:35:56.389041
0.7190205031455159,5398,-3,1,0,0,0,0.0,0.0,2025-Jan-29-23:35:56.432169
0.7190205031455159,5399,-3,1,0,0,0,0.0,0.0,2025-Jan-29-23:35:56.477216
0.7190205031455159,5400,-3,1,0,0,0,0.0,0.0,2025-Jan-29-23:35:56.519460
0.7190205031455159,5401,-3,1,0,0,0,0.0,0.0,2025-Jan-29-23:35:56.585725
0.7190205031455159,5402,-3,1,0,0,0,0.0,0.0,2025-Jan-29-23:35:56.648641
0.5426180642548899,5403,-3,1,0,1,0,1.3000000000000003,0.0,2025-Jan-29-23:35:56.757708
0.5426183696016111,5404,-3,1,0,1,0,1.4000000000000001,0.0,2025-Jan-29-23:35:56.835711
0.7190205031455159,5405,-3,1,0,0,0,0.0,0.0,2025-Jan-29-23:35:56.880168
0.7190205031455159,5406,-3,1,0,0,0,0.0,0.0,2025-Jan-29-23:35:56.922631
0.7190205031455159,5407,-3,1,0,0,0,0.0,0.0,2025-Jan-29-23:35:56.964728
0.7190205031455159,5408,-3,1,0,0,0,0.0,0.0,2025-Jan-29-23:35:57.005625
0.7190205031455159,5409,-3,1,0,0,0,0.0,0.0,2025-Jan-29-23:35:57.047279
0.7190205031455159,5410,-3,1,0,0,0,0.0,0.0,2025-Jan-29-23:35:57.090730
0.5426180642548899,5411,-3,1,0,1,0,1.3000000000000003,0.0,2025-Jan-29-23:35:57.162634
0.7190205031455159,5412,-3,1,0,0,0,0.0,0.0,2025-Jan-29-23:35:57.206066
0.719020490080821,5413,-3,1,0,0,1,0.0,1.2000000000000002,2025-Jan-29-23:35:57.259801
0.7190204896855531,5414,-3,1,0,0,1,0.0,0.9,2025-Jan-29-23:35:57.311304
0.7190204896855531,5415,-3,1,0,0,1,0.0,0.9,2025-Jan-29-23:35:57.466501
0.7190204898596041,5416,-3,1,0,0,1,0.0,0.7000000000000001,2025-Jan-29-23:35:57.526128
0.7190205031455159,5417,-3,1,0,0,0,0.0,0.0,2025-Jan-29-23:35:57.587696
0.7190205031455159,5418,-3,1,0,0,0,0.0,0.0,2025-Jan-29-23:35:57.657529
0.7190205031455159,5419,-3,1,0,0,0,0.0,0.0,2025-Jan-29-23:35:57.743070
0.7190205031455159,5420,-3,1,0,0,0,0.0,0.0,2025-Jan-29-23:35:57.808719
0.7190205031455159,5421,-3,1,0,0,0,0.0,0.0,2025-Jan-29-23:35:57.853391
1.0740211432420042,5422,-3,1,1,0,0,0.0,0.0,2025-Jan-29-23:35:57.896226
0.7563743116923222,5423,-3,1,0,-1,-1,0.0,0.0,2025-Jan-29-23:35:57.950893
0.5772646672821861,5424,-3,1,0,1,0,1.0,0.0,2025-Jan-29-23:35:57.993066
0.7040048287490615,5425,0,1,0,0,0,0.0,0.0,2025-Jan-29-23:35:58.044933
1.0740211432420042,5426,-3,1,1,0,0,0.0,0.0,2025-Jan-29-23:35:58.090768
0.7190205031455159,5427,-3,1,0,0,0,0.0,0.0,2025-Jan-29-23:35:58.135934
0.5630879625169017,5428,-3,1,0,1,1,1.1,1.5000000000000002,2025-Jan-29-23:35:58.188421
0.5772646709898425,5429,-3,1,0,1,-1,1.0,0.0,2025-Jan-29-23:35:58.231797
0.7190204891826966,5430,-3,1,0,0,1,0.0,1.8000000000000003,2025-Jan-29-23:35:58.284955
0.7190204898834608,5431,-3,1,0,0,1,0.0,1.1,2025-Jan-29-23:35:58.337841
0.7190204896416055,5432,-3,1,0,0,1,0.0,1.5000000000000002,2025-Jan-29-23:35:58.397494
0.7190205031455159,5433,-3,1,0,0,0,0.0,0.0,2025-Jan-29-23:35:58.440467
0.7190205031455159,5434,-3,1,0,0,0,0.0,0.0,2025-Jan-29-23:35:58.482207
0.7190205031455159,5435,-3,1,0,0,0,0.0,0.0,2025-Jan-29-23:35:58.524612
0.7190205031455159,5436,-3,1,0,0,0,0.0,0.0,2025-Jan-29-23:35:58.590255
0.7190205031455159,5437,-3,1,0,0,0,0.0,0.0,2025-Jan-29-23:35:58.671916
0.5772646672821861,5438,-3,1,0,1,0,1.0,0.0,2025-Jan-29-23:35:58.743406
0.5914411556334509,5439,-3,1,0,1,0,0.9,0.0,2025-Jan-29-23:35:58.803064
0.5772646672821861,5440,-3,1,0,1,0,1.0,0.0,2025-Jan-29-23:35:58.844261
0.7190205031455159,5441,-3,1,0,0,0,0.0,0.0,2025-Jan-29-23:35:58.886756
0.7190205031455159,5442,-3,1,0,0,0,0.0,0.0,2025-Jan-29-23:35:58.928870
0.7190205031455159,5443,-3,1,0,0,0,0.0,0.0,2025-Jan-29-23:35:58.971384
0.7190205031455159,5444,-3,1,0,0,0,0.0,0.0,2025-Jan-29-23:35:59.012354
0.7190205031455159,5445,-3,1,0,0,0,0.0,0.0,2025-Jan-29-23:35:59.055810
0.7489822891669069,5446,-3,1,0,-1,0,0.0,0.0,2025-Jan-29-23:35:59.113052
0.7190205031455159,5447,-3,1,0,0,0,0.0,0.0,2025-Jan-29-23:35:59.156089
0.7190205031455159,5448,-3,1,0,0,0,0.0,0.0,2025-Jan-29-23:35:59.198233
0.7190205031455159,5449,-3,1,0,0,0,0.0,0.0,2025-Jan-29-23:35:59.241706
0.7190205031455159,5450,-3,1,0,0,0,0.0,0.0,2025-Jan-29-23:35:59.282750
0.7190205031455159,5451,-3,1,0,0,0,0.0,0.0,2025-Jan-29-23:35:59.324895
0.7190205031455159,5452,-3,1,0,0,0,0.0,0.0,2025-Jan-29-23:35:59.370204
0.7190205031455159,5453,-3,1,0,0,0,0.0,0.0,2025-Jan-29-23:35:59.412362
0.7190205031455159,5454,-3,1,0,0,0,0.0,0.0,2025-Jan-29-23:35:59.454804
0.7190205031455159,5455,-3,1,0,0,0,0.0,0.0,2025-Jan-29-23:35:59.497225
0.7190205031455159,5456,-3,1,0,0,0,0.0,0.0,2025-Jan-29-23:35:59.538692
0.7190205031455159,5457,-3,1,0,0,0,0.0,0.0,2025-Jan-29-23:35:59.593699
0.5426180642548899,5458,-3,1,0,1,0,1.3000000000000003,0.0,2025-Jan-29-23:35:59.711718
0.5426180642548899,5459,-3,1,0,1,0,1.3000000000000003,0.0,2025-Jan-29-23:35:59.819075
0.5426183696016111,5460,-3,1,0,1,0,1.4000000000000001,0.0,2025-Jan-29-23:35:59.892408
0.7190205031455159,5461,-3,1,0,0,0,0.0,0.0,2025-Jan-29-23:35:59.934424
0.7190205031455159,5462,-3,1,0,0,0,0.0,0.0,2025-Jan-29-23:35:59.976266
0.7190205031455159,5463,-3,1,0,0,0,0.0,0.0,2025-Jan-29-23:36:00.116632
0.7190205031455159,5464,-3,1,0,0,0,0.0,0.0,2025-Jan-29-23:36:00.160525
0.7190205031455159,5465,-3,1,0,0,0,0.0,0.0,2025-Jan-29-23:36:00.203290
0.7190205031455159,5466,-3,1,0,0,0,0.0,0.0,2025-Jan-29-23:36:00.245597
0.7190205031455159,5467,-3,1,0,0,0,0.0,0.0,2025-Jan-29-23:36:00.287391
0.7190204897704602,5468,-3,1,0,0,1,0.0,1.0,2025-Jan-29-23:36:00.339936
0.7190204896855531,5469,-3,1,0,0,1,0.0,0.9,2025-Jan-29-23:36:00.397691
0.719020490080821,5470,-3,1,0,0,1,0.0,1.2000000000000002,2025-Jan-29-23:36:00.452045
0.7190204897704602,5471,-3,1,0,0,1,0.0,1.0,2025-Jan-29-23:36:00.504574
0.7190205031455159,5472,-3,1,0,0,0,0.0,0.0,2025-Jan-29-23:36:00.547240
0.7190205031455159,5473,-3,1,0,0,0,0.0,0.0,2025-Jan-29-23:36:00.627062
0.7190205031455159,5474,-3,1,0,0,0,0.0,0.0,2025-Jan-29-23:36:00.719047
0.7190205031455159,5475,-3,1,0,0,0,0.0,0.0,2025-Jan-29-23:36:00.785137
0.7190205031455159,5476,-3,1,0,0,0,0.0,0.0,2025-Jan-29-23:36:00.828976
0.7190205031455159,5477,-3,1,0,0,0,0.0,0.0,2025-Jan-29-23:36:00.873831
0.7563742951215935,5478,-3,1,0,-1,1,0.0,1.2000000000000002,2025-Jan-29-23:36:00.950408
0.7190205031455159,5479,-3,1,0,0,0,0.0,0.0,2025-Jan-29-23:36:00.992151
1.0598464609314147,5480,-3,1,1,1,0,0.1,0.0,2025-Jan-29-23:36:01.038745
1.1113749487582494,5481,-3,1,1,-1,0,0.0,0.0,2025-Jan-29-23:36:01.095531
