Cost,Sim,Switch_State_Indx,Gen1_on,Gen2_on,Batt1_mode,Batt2_mode,Batt1_power_kW,Batt2_power_kW,Timestamp
0.7489822891669069,7905,-3,1,0,-1,0,0.0,0.0,2025-Jan-29-23:38:29.697832
1.0740211432420042,7906,-3,1,1,0,0,0.0,0.0,2025-Jan-29-23:38:29.795908
0.9180886158020971,7907,-3,1,1,1,0,1.1,0.0,2025-Jan-29-23:38:29.857176
0.8976196258611574,7908,-3,1,1,1,-1,1.6,0.0,2025-Jan-29-23:38:29.942772
0.8976190135616154,7909,-3,1,1,1,-1,1.4000000000000001,0.0,2025-Jan-29-23:38:30.027889
0.8976202410516475,7910,-3,1,1,1,-1,1.8000000000000003,0.0,2025-Jan-29-23:38:30.116940
0.7190205031455159,7911,-3,1,0,0,0,0.0,0.0,2025-Jan-29-23:38:30.169942
1.1113749487582494,7912,-3,1,1,-1,0,0.0,0.0,2025-Jan-29-23:38:30.243417
0.897619933078187,7913,-3,1,1,1,-1,1.7000000000000002,0.0,2025-Jan-29-23:38:30.330645
0.8976196258611574,7914,-3,1,1,1,-1,1.6,0.0,2025-Jan-29-23:38:30.419700
