Cost,Sim,Switch_State_Indx,Gen1_on,Gen2_on,Batt1_mode,Batt2_mode,Batt1_power_kW,Batt2_power_kW,Timestamp
0.9471794063316156,1561,25,1,1,0,1,0.0,1.9000000000000001,2025-Jan-29-19:14:11.025723
0.7185205030005031,1562,25,1,0,0,0,0.0,0.0,2025-Jan-29-19:14:11.071403
0.4160201626761834,1563,25,1,0,1,1,1.9000000000000001,1.9000000000000001,2025-Jan-29-19:14:11.168635
1.1111128709475113,1564,25,1,1,-1,0,0.0,0.0,2025-Jan-29-19:14:11.225761
1.0735211430969913,1565,25,1,1,0,0,0.0,0.0,2025-Jan-29-19:14:11.270075
1.0735211430969913,1566,25,1,1,0,0,0.0,0.0,2025-Jan-29-19:14:11.314750
1.161059787788528,1567,25,1,1,0,-1,0.0,0.0,2025-Jan-29-19:14:11.371478
0.8973579620796409,1568,25,1,1,1,0,1.9000000000000001,0.0,2025-Jan-29-19:14:11.445087
0.7185205030005031,1569,25,1,0,0,0,0.0,0.0,2025-Jan-29-19:14:11.488702
0.6298883869405699,1570,25,1,0,1,-1,1.9000000000000001,0.0,2025-Jan-29-19:14:11.598663
1.161059787788528,1571,25,1,1,0,-1,0.0,0.0,2025-Jan-29-19:14:11.688106
1.0735211430969913,1572,25,1,1,0,0,0.0,0.0,2025-Jan-29-19:14:11.776812
0.8060591477019475,1573,25,1,0,0,-1,0.0,0.0,2025-Jan-29-19:14:11.851768
1.0735211430969913,1574,25,1,1,0,0,0.0,0.0,2025-Jan-29-19:14:11.897292
0.4160201626761834,1575,25,1,0,1,1,1.9000000000000001,1.9000000000000001,2025-Jan-29-19:14:11.996075
0.7185205030005031,1576,25,1,0,0,0,0.0,0.0,2025-Jan-29-19:14:12.040300
0.8973579620796409,1577,25,1,1,1,0,1.9000000000000001,0.0,2025-Jan-29-19:14:12.117668
0.5921787662199604,1578,25,1,0,0,1,0.0,1.9000000000000001,2025-Jan-29-19:14:12.191096
1.0735211430969913,1579,25,1,1,0,0,0.0,0.0,2025-Jan-29-19:14:12.234677
0.7561122308552579,1580,25,1,0,-1,0,0.0,0.0,2025-Jan-29-19:14:12.290067
0.9760242519712691,1581,25,1,1,-1,1,0.0,1.9000000000000001,2025-Jan-29-19:14:12.373334
0.9848890270480929,1582,25,1,1,1,-1,1.9000000000000001,0.0,2025-Jan-29-19:14:12.457564
1.161059787788528,1583,25,1,1,0,-1,0.0,0.0,2025-Jan-29-19:14:12.513256
0.7185205030005031,1584,25,1,0,0,0,0.0,0.0,2025-Jan-29-19:14:12.580863
0.7185205030005031,1585,25,1,0,0,0,0.0,0.0,2025-Jan-29-19:14:12.655853
0.7561122308552579,1586,25,1,0,-1,0,0.0,0.0,2025-Jan-29-19:14:12.749701
0.8060591477019475,1587,25,1,0,0,-1,0.0,0.0,2025-Jan-29-19:14:12.817798
1.0735211430969913,1588,25,1,1,0,0,0.0,0.0,2025-Jan-29-19:14:12.861631
0.8973579620796409,1589,25,1,1,1,0,1.9000000000000001,0.0,2025-Jan-29-19:14:12.933230
0.8973579620796409,1590,25,1,1,1,0,1.9000000000000001,0.0,2025-Jan-29-19:14:13.075159
1.1986569067802102,1591,25,1,1,-1,-1,0.0,0.0,2025-Jan-29-19:14:13.143581
0.8973579620796409,1592,25,1,1,1,0,1.9000000000000001,0.0,2025-Jan-29-19:14:13.214839
0.9471794063316156,1593,25,1,1,0,1,0.0,1.9000000000000001,2025-Jan-29-19:14:13.286454
0.5423573219619376,1594,25,1,0,1,0,1.9000000000000001,0.0,2025-Jan-29-19:14:13.357770
1.1111128709475113,1595,25,1,1,-1,0,0.0,0.0,2025-Jan-29-19:14:13.413590
0.8973579620796409,1596,25,1,1,1,0,1.9000000000000001,0.0,2025-Jan-29-19:14:13.484788
0.629780506117975,1597,25,1,0,-1,1,0.0,1.9000000000000001,2025-Jan-29-19:14:13.596058
0.5921787662199604,1598,25,1,0,0,1,0.0,1.9000000000000001,2025-Jan-29-19:14:13.699189
0.6298883869405699,1599,25,1,0,1,-1,1.9000000000000001,0.0,2025-Jan-29-19:14:13.814957
1.0735211430969913,1600,25,1,1,0,0,0.0,0.0,2025-Jan-29-19:14:13.861830
0.5423573219619376,1601,25,1,0,1,0,1.9000000000000001,0.0,2025-Jan-29-19:14:13.934214
0.9848890270480929,1602,25,1,1,1,-1,1.9000000000000001,0.0,2025-Jan-29-19:14:14.017775
1.0735211430969913,1603,25,1,1,0,0,0.0,0.0,2025-Jan-29-19:14:14.060796
0.8436562666978078,1604,25,1,0,-1,-1,0.0,0.0,2025-Jan-29-19:14:14.128872
1.1111128709475113,1605,25,1,1,-1,0,0.0,0.0,2025-Jan-29-19:14:14.185979
0.8060591477019475,1606,25,1,0,0,-1,0.0,0.0,2025-Jan-29-19:14:14.241365
0.9471794063316156,1607,25,1,1,0,1,0.0,1.9000000000000001,2025-Jan-29-19:14:14.315371
0.9848890270480929,1608,25,1,1,1,-1,1.9000000000000001,0.0,2025-Jan-29-19:14:14.399071
0.629780506117975,1609,25,1,0,-1,1,0.0,1.9000000000000001,2025-Jan-29-19:14:14.482719
0.5423573219619376,1610,25,1,0,1,0,1.9000000000000001,0.0,2025-Jan-29-19:14:14.568294
1.0735211430969913,1611,25,1,1,0,0,0.0,0.0,2025-Jan-29-19:14:14.659795
0.7185205030005031,1612,25,1,0,0,0,0.0,0.0,2025-Jan-29-19:14:14.727934
0.4160201626761834,1613,25,1,0,1,1,1.9000000000000001,1.9000000000000001,2025-Jan-29-19:14:14.845454
1.0735211430969913,1614,25,1,1,0,0,0.0,0.0,2025-Jan-29-19:14:14.889170
0.7185205030005031,1615,25,1,0,0,0,0.0,0.0,2025-Jan-29-19:14:14.931563
1.0735211430969913,1616,25,1,1,0,0,0.0,0.0,2025-Jan-29-19:14:14.974453
0.8060591477019475,1617,25,1,0,0,-1,0.0,0.0,2025-Jan-29-19:14:15.029206
1.0735211430969913,1618,25,1,1,0,0,0.0,0.0,2025-Jan-29-19:14:15.071795
0.7185205030005031,1619,25,1,0,0,0,0.0,0.0,2025-Jan-29-19:14:15.114075
0.5423573219619376,1620,25,1,0,1,0,1.9000000000000001,0.0,2025-Jan-29-19:14:15.186923
0.8060591477019475,1621,25,1,0,0,-1,0.0,0.0,2025-Jan-29-19:14:15.241492
1.0735211430969913,1622,25,1,1,0,0,0.0,0.0,2025-Jan-29-19:14:15.284095
0.8060591477019475,1623,25,1,0,0,-1,0.0,0.0,2025-Jan-29-19:14:15.339125
1.0735211430969913,1624,25,1,1,0,0,0.0,0.0,2025-Jan-29-19:14:15.381527
0.6298883869405699,1625,25,1,0,1,-1,1.9000000000000001,0.0,2025-Jan-29-19:14:15.464939
0.7185205030005031,1626,25,1,0,0,0,0.0,0.0,2025-Jan-29-19:14:15.507461
0.8973579620796409,1627,25,1,1,1,0,1.9000000000000001,0.0,2025-Jan-29-19:14:15.692023
0.5921787662199604,1628,25,1,0,0,1,0.0,1.9000000000000001,2025-Jan-29-19:14:15.803342
1.0735211430969913,1629,25,1,1,0,0,0.0,0.0,2025-Jan-29-19:14:15.853658
0.7561122308552579,1630,25,1,0,-1,0,0.0,0.0,2025-Jan-29-19:14:15.912622
1.1111128709475113,1631,25,1,1,-1,0,0.0,0.0,2025-Jan-29-19:14:15.968956
0.9848890270480929,1632,25,1,1,1,-1,1.9000000000000001,0.0,2025-Jan-29-19:14:16.055424
0.8060591477019475,1633,25,1,0,0,-1,0.0,0.0,2025-Jan-29-19:14:16.111550
0.7185205030005031,1634,25,1,0,0,0,0.0,0.0,2025-Jan-29-19:14:16.156564
0.7185205030005031,1635,25,1,0,0,0,0.0,0.0,2025-Jan-29-19:14:16.199312
0.7561122308552579,1636,25,1,0,-1,0,0.0,0.0,2025-Jan-29-19:14:16.254761
0.8060591477019475,1637,25,1,0,0,-1,0.0,0.0,2025-Jan-29-19:14:16.309727
1.0735211430969913,1638,25,1,1,0,0,0.0,0.0,2025-Jan-29-19:14:16.352372
0.8973579620796409,1639,25,1,1,1,0,1.9000000000000001,0.0,2025-Jan-29-19:14:16.422906
0.7185205030005031,1640,25,1,0,0,0,0.0,0.0,2025-Jan-29-19:14:16.465558
1.1986569067802102,1641,25,1,1,-1,-1,0.0,0.0,2025-Jan-29-19:14:16.532536
0.8973579620796409,1642,25,1,1,1,0,1.9000000000000001,0.0,2025-Jan-29-19:14:16.625174
0.9471794063316156,1643,25,1,1,0,1,0.0,1.9000000000000001,2025-Jan-29-19:14:16.735663
0.5423573219619376,1644,25,1,0,1,0,1.9000000000000001,0.0,2025-Jan-29-19:14:16.821748
1.1111128709475113,1645,25,1,1,-1,0,0.0,0.0,2025-Jan-29-19:14:16.877197
0.8973579620796409,1646,25,1,1,1,0,1.9000000000000001,0.0,2025-Jan-29-19:14:16.948086
0.5921787662199604,1647,25,1,0,0,1,0.0,1.9000000000000001,2025-Jan-29-19:14:17.018970
0.7185205030005031,1648,25,1,0,0,0,0.0,0.0,2025-Jan-29-19:14:17.066183
0.8060591477019475,1649,25,1,0,0,-1,0.0,0.0,2025-Jan-29-19:14:17.131573
1.0735211430969913,1650,25,1,1,0,0,0.0,0.0,2025-Jan-29-19:14:17.174865
0.7185205030005031,1651,25,1,0,0,0,0.0,0.0,2025-Jan-29-19:14:17.217973
1.1986569067802102,1652,25,1,1,-1,-1,0.0,0.0,2025-Jan-29-19:14:17.285351
1.0735211430969913,1653,25,1,1,0,0,0.0,0.0,2025-Jan-29-19:14:17.327917
0.8060591477019475,1654,25,1,0,0,-1,0.0,0.0,2025-Jan-29-19:14:17.382503
1.1111128709475113,1655,25,1,1,-1,0,0.0,0.0,2025-Jan-29-19:14:17.437356
0.8060591477019475,1656,25,1,0,0,-1,0.0,0.0,2025-Jan-29-19:14:17.492346
0.9471794063316156,1657,25,1,1,0,1,0.0,1.9000000000000001,2025-Jan-29-19:14:17.585540
0.8060591477019475,1658,25,1,0,0,-1,0.0,0.0,2025-Jan-29-19:14:17.662857
0.8060591477019475,1659,25,1,0,0,-1,0.0,0.0,2025-Jan-29-19:14:17.754527
0.7185205030005031,1660,25,1,0,0,0,0.0,0.0,2025-Jan-29-19:14:17.801075
1.0735211430969913,1661,25,1,1,0,0,0.0,0.0,2025-Jan-29-19:14:17.845411
0.629780506117975,1662,25,1,0,-1,1,0.0,1.9000000000000001,2025-Jan-29-19:14:17.928981
0.8060591477019475,1663,25,1,0,0,-1,0.0,0.0,2025-Jan-29-19:14:17.984159
0.7561122308552579,1664,25,1,0,-1,0,0.0,0.0,2025-Jan-29-19:14:18.039392
0.5423573219619376,1665,25,1,0,1,0,1.9000000000000001,0.0,2025-Jan-29-19:14:18.111225
0.8060591477019475,1666,25,1,0,0,-1,0.0,0.0,2025-Jan-29-19:14:18.166486
0.8060591477019475,1667,25,1,0,0,-1,0.0,0.0,2025-Jan-29-19:14:18.221948
0.7185205030005031,1668,25,1,0,0,0,0.0,0.0,2025-Jan-29-19:14:18.264392
1.0735211430969913,1669,25,1,1,0,0,0.0,0.0,2025-Jan-29-19:14:18.306736
0.8060591477019475,1670,25,1,0,0,-1,0.0,0.0,2025-Jan-29-19:14:18.433600
0.7185205030005031,1671,25,1,0,0,0,0.0,0.0,2025-Jan-29-19:14:18.477635
0.7185205030005031,1672,25,1,0,0,0,0.0,0.0,2025-Jan-29-19:14:18.521005
0.7185205030005031,1673,25,1,0,0,0,0.0,0.0,2025-Jan-29-19:14:18.586032
1.1111128709475113,1674,25,1,1,-1,0,0.0,0.0,2025-Jan-29-19:14:18.682548
0.8060591477019475,1675,25,1,0,0,-1,0.0,0.0,2025-Jan-29-19:14:18.760881
1.0735211430969913,1676,25,1,1,0,0,0.0,0.0,2025-Jan-29-19:14:18.805567
0.5921787662199604,1677,25,1,0,0,1,0.0,1.9000000000000001,2025-Jan-29-19:14:18.876839
0.5423573219619376,1678,25,1,0,1,0,1.9000000000000001,0.0,2025-Jan-29-19:14:18.954410
0.629780506117975,1679,25,1,0,-1,1,0.0,1.9000000000000001,2025-Jan-29-19:14:19.038500
0.4160201626761834,1680,25,1,0,1,1,1.9000000000000001,1.9000000000000001,2025-Jan-29-19:14:19.132910
0.7185205030005031,1681,25,1,0,0,0,0.0,0.0,2025-Jan-29-19:14:19.175690
0.7185205030005031,1682,25,1,0,0,0,0.0,0.0,2025-Jan-29-19:14:19.218597
0.7561122308552579,1683,25,1,0,-1,0,0.0,0.0,2025-Jan-29-19:14:19.274289
1.0735211430969913,1684,25,1,1,0,0,0.0,0.0,2025-Jan-29-19:14:19.316435
0.8060591477019475,1685,25,1,0,0,-1,0.0,0.0,2025-Jan-29-19:14:19.371205
0.7185205030005031,1686,25,1,0,0,0,0.0,0.0,2025-Jan-29-19:14:19.413717
0.6298883869405699,1687,25,1,0,1,-1,1.9000000000000001,0.0,2025-Jan-29-19:14:19.497272
0.7185205030005031,1688,25,1,0,0,0,0.0,0.0,2025-Jan-29-19:14:19.540134
0.7561122308552579,1689,25,1,0,-1,0,0.0,0.0,2025-Jan-29-19:14:19.630348
0.7185205030005031,1690,25,1,0,0,0,0.0,0.0,2025-Jan-29-19:14:19.704921
0.5921787662199604,1691,25,1,0,0,1,0.0,1.9000000000000001,2025-Jan-29-19:14:19.800075
0.8060591477019475,1692,25,1,0,0,-1,0.0,0.0,2025-Jan-29-19:14:19.856732
0.7185205030005031,1693,25,1,0,0,0,0.0,0.0,2025-Jan-29-19:14:19.899213
0.7561122308552579,1694,25,1,0,-1,0,0.0,0.0,2025-Jan-29-19:14:19.957191
0.7185205030005031,1695,25,1,0,0,0,0.0,0.0,2025-Jan-29-19:14:20.000218
0.7185205030005031,1696,25,1,0,0,0,0.0,0.0,2025-Jan-29-19:14:20.042895
0.7185205030005031,1697,25,1,0,0,0,0.0,0.0,2025-Jan-29-19:14:20.085901
0.629780506117975,1698,25,1,0,-1,1,0.0,1.9000000000000001,2025-Jan-29-19:14:20.169528
0.7561122308552579,1699,25,1,0,-1,0,0.0,0.0,2025-Jan-29-19:14:20.224742
0.7185205030005031,1700,25,1,0,0,0,0.0,0.0,2025-Jan-29-19:14:20.267755
0.7185205030005031,1701,25,1,0,0,0,0.0,0.0,2025-Jan-29-19:14:20.310677
0.7185205030005031,1702,25,1,0,0,0,0.0,0.0,2025-Jan-29-19:14:20.353380
0.7561122308552579,1703,25,1,0,-1,0,0.0,0.0,2025-Jan-29-19:14:20.408051
0.7185205030005031,1704,25,1,0,0,0,0.0,0.0,2025-Jan-29-19:14:20.451237
0.5921787662199604,1705,25,1,0,0,1,0.0,1.9000000000000001,2025-Jan-29-19:14:20.522415
0.7561122308552579,1706,25,1,0,-1,0,0.0,0.0,2025-Jan-29-19:14:20.599668
0.5423573219619376,1707,25,1,0,1,0,1.9000000000000001,0.0,2025-Jan-29-19:14:20.698618
0.7185205030005031,1708,25,1,0,0,0,0.0,0.0,2025-Jan-29-19:14:20.759535
0.8060591477019475,1709,25,1,0,0,-1,0.0,0.0,2025-Jan-29-19:14:20.816148
0.7561122308552579,1710,25,1,0,-1,0,0.0,0.0,2025-Jan-29-19:14:20.874533
0.5921787662199604,1711,25,1,0,0,1,0.0,1.9000000000000001,2025-Jan-29-19:14:20.945887
0.7185205030005031,1712,25,1,0,0,0,0.0,0.0,2025-Jan-29-19:14:21.062544
0.8436562666978078,1713,25,1,0,-1,-1,0.0,0.0,2025-Jan-29-19:14:21.130564
1.0735211430969913,1714,25,1,1,0,0,0.0,0.0,2025-Jan-29-19:14:21.173255
0.7185205030005031,1715,25,1,0,0,0,0.0,0.0,2025-Jan-29-19:14:21.215934
1.0735211430969913,1716,25,1,1,0,0,0.0,0.0,2025-Jan-29-19:14:21.258721
0.8060591477019475,1717,25,1,0,0,-1,0.0,0.0,2025-Jan-29-19:14:21.313706
0.8973579620796409,1718,25,1,1,1,0,1.9000000000000001,0.0,2025-Jan-29-19:14:21.384397
0.7185205030005031,1719,25,1,0,0,0,0.0,0.0,2025-Jan-29-19:14:21.427171
0.6298883869405699,1720,25,1,0,1,-1,1.9000000000000001,0.0,2025-Jan-29-19:14:21.510788
0.8060591477019475,1721,25,1,0,0,-1,0.0,0.0,2025-Jan-29-19:14:21.587370
0.7185205030005031,1722,25,1,0,0,0,0.0,0.0,2025-Jan-29-19:14:21.664045
0.7185205030005031,1723,25,1,0,0,0,0.0,0.0,2025-Jan-29-19:14:21.732881
0.7185205030005031,1724,25,1,0,0,0,0.0,0.0,2025-Jan-29-19:14:21.792324
0.5921787662199604,1725,25,1,0,0,1,0.0,1.9000000000000001,2025-Jan-29-19:14:21.865845
0.7185205030005031,1726,25,1,0,0,0,0.0,0.0,2025-Jan-29-19:14:21.908562
0.8973579620796409,1727,25,1,1,1,0,1.9000000000000001,0.0,2025-Jan-29-19:14:21.979500
0.5921787662199604,1728,25,1,0,0,1,0.0,1.9000000000000001,2025-Jan-29-19:14:22.050370
1.0735211430969913,1729,25,1,1,0,0,0.0,0.0,2025-Jan-29-19:14:22.095744
0.7561122308552579,1730,25,1,0,-1,0,0.0,0.0,2025-Jan-29-19:14:22.150977
1.1111128709475113,1731,25,1,1,-1,0,0.0,0.0,2025-Jan-29-19:14:22.206415
1.1986569067802102,1732,25,1,1,-1,-1,0.0,0.0,2025-Jan-29-19:14:22.275441
0.7185205030005031,1733,25,1,0,0,0,0.0,0.0,2025-Jan-29-19:14:22.317777
0.7185205030005031,1734,25,1,0,0,0,0.0,0.0,2025-Jan-29-19:14:22.360133
0.7185205030005031,1735,25,1,0,0,0,0.0,0.0,2025-Jan-29-19:14:22.402884
0.5423573219619376,1736,25,1,0,1,0,1.9000000000000001,0.0,2025-Jan-29-19:14:22.474103
0.8060591477019475,1737,25,1,0,0,-1,0.0,0.0,2025-Jan-29-19:14:22.528910
1.0735211430969913,1738,25,1,1,0,0,0.0,0.0,2025-Jan-29-19:14:22.599277
0.5423573219619376,1739,25,1,0,1,0,1.9000000000000001,0.0,2025-Jan-29-19:14:22.716366
0.7185205030005031,1740,25,1,0,0,0,0.0,0.0,2025-Jan-29-19:14:22.781547
1.1986569067802102,1741,25,1,1,-1,-1,0.0,0.0,2025-Jan-29-19:14:22.852406
0.5921787662199604,1742,25,1,0,0,1,0.0,1.9000000000000001,2025-Jan-29-19:14:22.926974
0.9471794063316156,1743,25,1,1,0,1,0.0,1.9000000000000001,2025-Jan-29-19:14:23.000724
0.7185205030005031,1744,25,1,0,0,0,0.0,0.0,2025-Jan-29-19:14:23.045269
1.0735211430969913,1745,25,1,1,0,0,0.0,0.0,2025-Jan-29-19:14:23.089588
0.5423573219619376,1746,25,1,0,1,0,1.9000000000000001,0.0,2025-Jan-29-19:14:23.164008
0.5921787662199604,1747,25,1,0,0,1,0.0,1.9000000000000001,2025-Jan-29-19:14:23.237231
0.5921787662199604,1748,25,1,0,0,1,0.0,1.9000000000000001,2025-Jan-29-19:14:23.311513
0.5423573219619376,1749,25,1,0,1,0,1.9000000000000001,0.0,2025-Jan-29-19:14:23.384937
0.7185205030005031,1750,25,1,0,0,0,0.0,0.0,2025-Jan-29-19:14:23.429188
0.5423573219619376,1751,25,1,0,1,0,1.9000000000000001,0.0,2025-Jan-29-19:14:23.503126
1.1111128709475113,1752,25,1,1,-1,0,0.0,0.0,2025-Jan-29-19:14:23.584082
1.0735211430969913,1753,25,1,1,0,0,0.0,0.0,2025-Jan-29-19:14:23.666408
0.8060591477019475,1754,25,1,0,0,-1,0.0,0.0,2025-Jan-29-19:14:23.767675
1.1111128709475113,1755,25,1,1,-1,0,0.0,0.0,2025-Jan-29-19:14:23.844889
0.7185205030005031,1756,25,1,0,0,0,0.0,0.0,2025-Jan-29-19:14:23.891500
1.0735211430969913,1757,25,1,1,0,0,0.0,0.0,2025-Jan-29-19:14:23.935662
0.8060591477019475,1758,25,1,0,0,-1,0.0,0.0,2025-Jan-29-19:14:23.993358
0.8060591477019475,1759,25,1,0,0,-1,0.0,0.0,2025-Jan-29-19:14:24.050431
0.7185205030005031,1760,25,1,0,0,0,0.0,0.0,2025-Jan-29-19:14:24.199693
1.0735211430969913,1761,25,1,1,0,0,0.0,0.0,2025-Jan-29-19:14:24.245691
0.6298883869405699,1762,25,1,0,1,-1,1.9000000000000001,0.0,2025-Jan-29-19:14:24.339205
0.7561122308552579,1763,25,1,0,-1,0,0.0,0.0,2025-Jan-29-19:14:24.395315
0.7561122308552579,1764,25,1,0,-1,0,0.0,0.0,2025-Jan-29-19:14:24.450425
0.8060591477019475,1765,25,1,0,0,-1,0.0,0.0,2025-Jan-29-19:14:24.505722
0.8060591477019475,1766,25,1,0,0,-1,0.0,0.0,2025-Jan-29-19:14:24.580388
0.5921787662199604,1767,25,1,0,0,1,0.0,1.9000000000000001,2025-Jan-29-19:14:24.685772
0.7185205030005031,1768,25,1,0,0,0,0.0,0.0,2025-Jan-29-19:14:24.747679
0.5921787662199604,1769,25,1,0,0,1,0.0,1.9000000000000001,2025-Jan-29-19:14:24.833537
0.7185205030005031,1770,25,1,0,0,0,0.0,0.0,2025-Jan-29-19:14:24.878283
0.5423573219619376,1771,25,1,0,1,0,1.9000000000000001,0.0,2025-Jan-29-19:14:24.949466
0.8060591477019475,1772,25,1,0,0,-1,0.0,0.0,2025-Jan-29-19:14:25.004318
0.7185205030005031,1773,25,1,0,0,0,0.0,0.0,2025-Jan-29-19:14:25.047106
0.7185205030005031,1774,25,1,0,0,0,0.0,0.0,2025-Jan-29-19:14:25.089624
0.7185205030005031,1775,25,1,0,0,0,0.0,0.0,2025-Jan-29-19:14:25.134158
0.5921787662199604,1776,25,1,0,0,1,0.0,1.9000000000000001,2025-Jan-29-19:14:25.205206
0.7185205030005031,1777,25,1,0,0,0,0.0,0.0,2025-Jan-29-19:14:25.248589
0.7185205030005031,1778,25,1,0,0,0,0.0,0.0,2025-Jan-29-19:14:25.291530
1.161059787788528,1779,25,1,1,0,-1,0.0,0.0,2025-Jan-29-19:14:25.346327
0.5423573219619376,1780,25,1,0,1,0,1.9000000000000001,0.0,2025-Jan-29-19:14:25.416792
0.7185205030005031,1781,25,1,0,0,0,0.0,0.0,2025-Jan-29-19:14:25.460388
0.7185205030005031,1782,25,1,0,0,0,0.0,0.0,2025-Jan-29-19:14:25.502960
0.8060591477019475,1783,25,1,0,0,-1,0.0,0.0,2025-Jan-29-19:14:25.586627
0.7185205030005031,1784,25,1,0,0,0,0.0,0.0,2025-Jan-29-19:14:25.665568
0.7561122308552579,1785,25,1,0,-1,0,0.0,0.0,2025-Jan-29-19:14:25.753788
0.7185205030005031,1786,25,1,0,0,0,0.0,0.0,2025-Jan-29-19:14:25.804276
0.7185205030005031,1787,25,1,0,0,0,0.0,0.0,2025-Jan-29-19:14:25.847614
0.5423573219619376,1788,25,1,0,1,0,1.9000000000000001,0.0,2025-Jan-29-19:14:25.920953
0.7185205030005031,1789,25,1,0,0,0,0.0,0.0,2025-Jan-29-19:14:25.963654
0.7185205030005031,1790,25,1,0,0,0,0.0,0.0,2025-Jan-29-19:14:26.006221
0.7185205030005031,1791,25,1,0,0,0,0.0,0.0,2025-Jan-29-19:14:26.049548
0.7185205030005031,1792,25,1,0,0,0,0.0,0.0,2025-Jan-29-19:14:26.093488
0.7185205030005031,1793,25,1,0,0,0,0.0,0.0,2025-Jan-29-19:14:26.136297
0.8060591477019475,1794,25,1,0,0,-1,0.0,0.0,2025-Jan-29-19:14:26.191181
0.7561122308552579,1795,25,1,0,-1,0,0.0,0.0,2025-Jan-29-19:14:26.247414
0.6298883869405699,1796,25,1,0,1,-1,1.9000000000000001,0.0,2025-Jan-29-19:14:26.330341
0.7185205030005031,1797,25,1,0,0,0,0.0,0.0,2025-Jan-29-19:14:26.372742
0.6298883869405699,1798,25,1,0,1,-1,1.9000000000000001,0.0,2025-Jan-29-19:14:26.456237
0.4160201626761834,1799,25,1,0,1,1,1.9000000000000001,1.9000000000000001,2025-Jan-29-19:14:26.569597
0.5423573219619376,1800,25,1,0,1,0,1.9000000000000001,0.0,2025-Jan-29-19:14:26.689536
1.0735211430969913,1801,25,1,1,0,0,0.0,0.0,2025-Jan-29-19:14:26.757620
0.7561122308552579,1802,25,1,0,-1,0,0.0,0.0,2025-Jan-29-19:14:26.817425
0.7185205030005031,1803,25,1,0,0,0,0.0,0.0,2025-Jan-29-19:14:26.862137
0.7185205030005031,1804,25,1,0,0,0,0.0,0.0,2025-Jan-29-19:14:26.907058
0.7185205030005031,1805,25,1,0,0,0,0.0,0.0,2025-Jan-29-19:14:26.950053
0.7185205030005031,1806,25,1,0,0,0,0.0,0.0,2025-Jan-29-19:14:26.993262
0.8060591477019475,1807,25,1,0,0,-1,0.0,0.0,2025-Jan-29-19:14:27.048048
0.7561122308552579,1808,25,1,0,-1,0,0.0,0.0,2025-Jan-29-19:14:27.177001
0.5423573219619376,1809,25,1,0,1,0,1.9000000000000001,0.0,2025-Jan-29-19:14:27.250250
0.8060591477019475,1810,25,1,0,0,-1,0.0,0.0,2025-Jan-29-19:14:27.306330
0.7185205030005031,1811,25,1,0,0,0,0.0,0.0,2025-Jan-29-19:14:27.348976
0.7185205030005031,1812,25,1,0,0,0,0.0,0.0,2025-Jan-29-19:14:27.392465
0.629780506117975,1813,25,1,0,-1,1,0.0,1.9000000000000001,2025-Jan-29-19:14:27.476013
1.0735211430969913,1814,25,1,1,0,0,0.0,0.0,2025-Jan-29-19:14:27.518879
0.7185205030005031,1815,25,1,0,0,0,0.0,0.0,2025-Jan-29-19:14:27.580862
0.7185205030005031,1816,25,1,0,0,0,0.0,0.0,2025-Jan-29-19:14:27.652049
0.8060591477019475,1817,25,1,0,0,-1,0.0,0.0,2025-Jan-29-19:14:27.736904
0.8973579620796409,1818,25,1,1,1,0,1.9000000000000001,0.0,2025-Jan-29-19:14:27.832516
0.7185205030005031,1819,25,1,0,0,0,0.0,0.0,2025-Jan-29-19:14:27.879428
0.6298883869405699,1820,25,1,0,1,-1,1.9000000000000001,0.0,2025-Jan-29-19:14:27.963076
0.8060591477019475,1821,25,1,0,0,-1,0.0,0.0,2025-Jan-29-19:14:28.018344
0.8060591477019475,1822,25,1,0,0,-1,0.0,0.0,2025-Jan-29-19:14:28.076268
0.8060591477019475,1823,25,1,0,0,-1,0.0,0.0,2025-Jan-29-19:14:28.131709
0.7185205030005031,1824,25,1,0,0,0,0.0,0.0,2025-Jan-29-19:14:28.174397
0.629780506117975,1825,25,1,0,-1,1,0.0,1.9000000000000001,2025-Jan-29-19:14:28.258724
0.7185205030005031,1826,25,1,0,0,0,0.0,0.0,2025-Jan-29-19:14:28.302272
1.1111128709475113,1827,25,1,1,-1,0,0.0,0.0,2025-Jan-29-19:14:28.357530
0.7185205030005031,1828,25,1,0,0,0,0.0,0.0,2025-Jan-29-19:14:28.400218
1.0735211430969913,1829,25,1,1,0,0,0.0,0.0,2025-Jan-29-19:14:28.443170
0.7185205030005031,1830,25,1,0,0,0,0.0,0.0,2025-Jan-29-19:14:28.486641
1.1111128709475113,1831,25,1,1,-1,0,0.0,0.0,2025-Jan-29-19:14:28.542092
1.0735211430969913,1832,25,1,1,0,0,0.0,0.0,2025-Jan-29-19:14:28.600078
1.0735211430969913,1833,25,1,1,0,0,0.0,0.0,2025-Jan-29-19:14:28.674716
0.7185205030005031,1834,25,1,0,0,0,0.0,0.0,2025-Jan-29-19:14:28.747780
0.7185205030005031,1835,25,1,0,0,0,0.0,0.0,2025-Jan-29-19:14:28.812100
0.7185205030005031,1836,25,1,0,0,0,0.0,0.0,2025-Jan-29-19:14:28.854767
0.8060591477019475,1837,25,1,0,0,-1,0.0,0.0,2025-Jan-29-19:14:28.912170
0.7185205030005031,1838,25,1,0,0,0,0.0,0.0,2025-Jan-29-19:14:28.957652
0.8973579620796409,1839,25,1,1,1,0,1.9000000000000001,0.0,2025-Jan-29-19:14:29.030250
0.7185205030005031,1840,25,1,0,0,0,0.0,0.0,2025-Jan-29-19:14:29.072947
0.8060591477019475,1841,25,1,0,0,-1,0.0,0.0,2025-Jan-29-19:14:29.128333
0.5921787662199604,1842,25,1,0,0,1,0.0,1.9000000000000001,2025-Jan-29-19:14:29.199165
0.7185205030005031,1843,25,1,0,0,0,0.0,0.0,2025-Jan-29-19:14:29.241657
0.7185205030005031,1844,25,1,0,0,0,0.0,0.0,2025-Jan-29-19:14:29.285051
0.7185205030005031,1845,25,1,0,0,0,0.0,0.0,2025-Jan-29-19:14:29.328176
0.8973579620796409,1846,25,1,1,1,0,1.9000000000000001,0.0,2025-Jan-29-19:14:29.399171
0.7185205030005031,1847,25,1,0,0,0,0.0,0.0,2025-Jan-29-19:14:29.528388
0.5921787662199604,1848,25,1,0,0,1,0.0,1.9000000000000001,2025-Jan-29-19:14:29.617109
0.7185205030005031,1849,25,1,0,0,0,0.0,0.0,2025-Jan-29-19:14:29.679348
0.7185205030005031,1850,25,1,0,0,0,0.0,0.0,2025-Jan-29-19:14:29.749995
0.7185205030005031,1851,25,1,0,0,0,0.0,0.0,2025-Jan-29-19:14:29.798116
0.5423573219619376,1852,25,1,0,1,0,1.9000000000000001,0.0,2025-Jan-29-19:14:29.869541
1.0735211430969913,1853,25,1,1,0,0,0.0,0.0,2025-Jan-29-19:14:29.914809
0.8060591477019475,1854,25,1,0,0,-1,0.0,0.0,2025-Jan-29-19:14:29.970053
1.0735211430969913,1855,25,1,1,0,0,0.0,0.0,2025-Jan-29-19:14:30.012886
0.7185205030005031,1856,25,1,0,0,0,0.0,0.0,2025-Jan-29-19:14:30.055742
1.161059787788528,1857,25,1,1,0,-1,0.0,0.0,2025-Jan-29-19:14:30.111384
0.8060591477019475,1858,25,1,0,0,-1,0.0,0.0,2025-Jan-29-19:14:30.172131
0.5921787662199604,1859,25,1,0,0,1,0.0,1.9000000000000001,2025-Jan-29-19:14:30.243806
0.5423573219619376,1860,25,1,0,1,0,1.9000000000000001,0.0,2025-Jan-29-19:14:30.316420
0.7185205030005031,1861,25,1,0,0,0,0.0,0.0,2025-Jan-29-19:14:30.359144
0.7185205030005031,1862,25,1,0,0,0,0.0,0.0,2025-Jan-29-19:14:30.401989
1.0735211430969913,1863,25,1,1,0,0,0.0,0.0,2025-Jan-29-19:14:30.444696
0.7185205030005031,1864,25,1,0,0,0,0.0,0.0,2025-Jan-29-19:14:30.487603
0.7561122308552579,1865,25,1,0,-1,0,0.0,0.0,2025-Jan-29-19:14:30.544262
0.7185205030005031,1866,25,1,0,0,0,0.0,0.0,2025-Jan-29-19:14:30.608033
0.629780506117975,1867,25,1,0,-1,1,0.0,1.9000000000000001,2025-Jan-29-19:14:30.722714
0.7185205030005031,1868,25,1,0,0,0,0.0,0.0,2025-Jan-29-19:14:30.784115
0.7561122308552579,1869,25,1,0,-1,0,0.0,0.0,2025-Jan-29-19:14:30.846363
0.5423573219619376,1870,25,1,0,1,0,1.9000000000000001,0.0,2025-Jan-29-19:14:30.924745
0.7561122308552579,1871,25,1,0,-1,0,0.0,0.0,2025-Jan-29-19:14:30.981600
0.7185205030005031,1872,25,1,0,0,0,0.0,0.0,2025-Jan-29-19:14:31.025547
0.7185205030005031,1873,25,1,0,0,0,0.0,0.0,2025-Jan-29-19:14:31.074376
0.8060591477019475,1874,25,1,0,0,-1,0.0,0.0,2025-Jan-29-19:14:31.138412
0.7185205030005031,1875,25,1,0,0,0,0.0,0.0,2025-Jan-29-19:14:31.182245
0.7185205030005031,1876,25,1,0,0,0,0.0,0.0,2025-Jan-29-19:14:31.227843
1.0735211430969913,1877,25,1,1,0,0,0.0,0.0,2025-Jan-29-19:14:31.277289
0.7185205030005031,1878,25,1,0,0,0,0.0,0.0,2025-Jan-29-19:14:31.326071
0.7185205030005031,1879,25,1,0,0,0,0.0,0.0,2025-Jan-29-19:14:31.375885
0.7185205030005031,1880,25,1,0,0,0,0.0,0.0,2025-Jan-29-19:14:31.425513
0.8060591477019475,1881,25,1,0,0,-1,0.0,0.0,2025-Jan-29-19:14:31.490492
0.7185205030005031,1882,25,1,0,0,0,0.0,0.0,2025-Jan-29-19:14:31.540603
0.7185205030005031,1883,25,1,0,0,0,0.0,0.0,2025-Jan-29-19:14:31.603897
0.7185205030005031,1884,25,1,0,0,0,0.0,0.0,2025-Jan-29-19:14:31.678006
0.8060591477019475,1885,25,1,0,0,-1,0.0,0.0,2025-Jan-29-19:14:31.768031
0.8060591477019475,1886,25,1,0,0,-1,0.0,0.0,2025-Jan-29-19:14:31.846947
0.7185205030005031,1887,25,1,0,0,0,0.0,0.0,2025-Jan-29-19:14:31.966675
0.7561122308552579,1888,25,1,0,-1,0,0.0,0.0,2025-Jan-29-19:14:32.023157
0.7185205030005031,1889,25,1,0,0,0,0.0,0.0,2025-Jan-29-19:14:32.073788
1.1111128709475113,1890,25,1,1,-1,0,0.0,0.0,2025-Jan-29-19:14:32.137305
0.7185205030005031,1891,25,1,0,0,0,0.0,0.0,2025-Jan-29-19:14:32.180735
0.8060591477019475,1892,25,1,0,0,-1,0.0,0.0,2025-Jan-29-19:14:32.235873
0.7185205030005031,1893,25,1,0,0,0,0.0,0.0,2025-Jan-29-19:14:32.278973
0.7185205030005031,1894,25,1,0,0,0,0.0,0.0,2025-Jan-29-19:14:32.322508
0.6298883869405699,1895,25,1,0,1,-1,1.9000000000000001,0.0,2025-Jan-29-19:14:32.406852
0.7185205030005031,1896,25,1,0,0,0,0.0,0.0,2025-Jan-29-19:14:32.452241
0.5921787662199604,1897,25,1,0,0,1,0.0,1.9000000000000001,2025-Jan-29-19:14:32.523716
0.8973579620796409,1898,25,1,1,1,0,1.9000000000000001,0.0,2025-Jan-29-19:14:32.617706
0.7185205030005031,1899,25,1,0,0,0,0.0,0.0,2025-Jan-29-19:14:32.691252
0.5921787662199604,1900,25,1,0,0,1,0.0,1.9000000000000001,2025-Jan-29-19:14:32.789643
0.7185205030005031,1901,25,1,0,0,0,0.0,0.0,2025-Jan-29-19:14:32.835068
0.7185205030005031,1902,25,1,0,0,0,0.0,0.0,2025-Jan-29-19:14:32.877619
0.7185205030005031,1903,25,1,0,0,0,0.0,0.0,2025-Jan-29-19:14:32.920506
0.4160201626761834,1904,25,1,0,1,1,1.9000000000000001,1.9000000000000001,2025-Jan-29-19:14:33.014637
0.7185205030005031,1905,25,1,0,0,0,0.0,0.0,2025-Jan-29-19:14:33.057673
0.8060591477019475,1906,25,1,0,0,-1,0.0,0.0,2025-Jan-29-19:14:33.112621
0.6298883869405699,1907,25,1,0,1,-1,1.9000000000000001,0.0,2025-Jan-29-19:14:33.196611
0.5921787662199604,1908,25,1,0,0,1,0.0,1.9000000000000001,2025-Jan-29-19:14:33.267821
0.5921787662199604,1909,25,1,0,0,1,0.0,1.9000000000000001,2025-Jan-29-19:14:33.338859
0.5921787662199604,1910,25,1,0,0,1,0.0,1.9000000000000001,2025-Jan-29-19:14:33.410136
0.7185205030005031,1911,25,1,0,0,0,0.0,0.0,2025-Jan-29-19:14:33.454386
0.7185205030005031,1912,25,1,0,0,0,0.0,0.0,2025-Jan-29-19:14:33.498466
0.5921787662199604,1913,25,1,0,0,1,0.0,1.9000000000000001,2025-Jan-29-19:14:33.587495
1.0735211430969913,1914,25,1,1,0,0,0.0,0.0,2025-Jan-29-19:14:33.657794
0.7185205030005031,1915,25,1,0,0,0,0.0,0.0,2025-Jan-29-19:14:33.733802
0.7185205030005031,1916,25,1,0,0,0,0.0,0.0,2025-Jan-29-19:14:33.803119
0.8060591477019475,1917,25,1,0,0,-1,0.0,0.0,2025-Jan-29-19:14:33.859324
0.7185205030005031,1918,25,1,0,0,0,0.0,0.0,2025-Jan-29-19:14:33.903827
0.7185205030005031,1919,25,1,0,0,0,0.0,0.0,2025-Jan-29-19:14:33.946702
0.7185205030005031,1920,25,1,0,0,0,0.0,0.0,2025-Jan-29-19:14:33.989536
0.8060591477019475,1921,25,1,0,0,-1,0.0,0.0,2025-Jan-29-19:14:34.044599
0.7185205030005031,1922,25,1,0,0,0,0.0,0.0,2025-Jan-29-19:14:34.088501
0.7185205030005031,1923,25,1,0,0,0,0.0,0.0,2025-Jan-29-19:14:34.131060
0.7185205030005031,1924,25,1,0,0,0,0.0,0.0,2025-Jan-29-19:14:34.174469
0.5423573219619376,1925,25,1,0,1,0,1.9000000000000001,0.0,2025-Jan-29-19:14:34.245787
0.7185205030005031,1926,25,1,0,0,0,0.0,0.0,2025-Jan-29-19:14:34.288970
0.7561122308552579,1927,25,1,0,-1,0,0.0,0.0,2025-Jan-29-19:14:34.344371
0.5921787662199604,1928,25,1,0,0,1,0.0,1.9000000000000001,2025-Jan-29-19:14:34.415348
0.7185205030005031,1929,25,1,0,0,0,0.0,0.0,2025-Jan-29-19:14:34.458916
0.5423573219619376,1930,25,1,0,1,0,1.9000000000000001,0.0,2025-Jan-29-19:14:34.529628
1.1986569067802102,1931,25,1,1,-1,-1,0.0,0.0,2025-Jan-29-19:14:34.633438
1.0735211430969913,1932,25,1,1,0,0,0.0,0.0,2025-Jan-29-19:14:34.713489
0.7185205030005031,1933,25,1,0,0,0,0.0,0.0,2025-Jan-29-19:14:34.775470
0.7185205030005031,1934,25,1,0,0,0,0.0,0.0,2025-Jan-29-19:14:34.820778
0.7185205030005031,1935,25,1,0,0,0,0.0,0.0,2025-Jan-29-19:14:34.866211
0.7185205030005031,1936,25,1,0,0,0,0.0,0.0,2025-Jan-29-19:14:34.910884
0.8060591477019475,1937,25,1,0,0,-1,0.0,0.0,2025-Jan-29-19:14:34.969005
0.7185205030005031,1938,25,1,0,0,0,0.0,0.0,2025-Jan-29-19:14:35.120154
0.8973579620796409,1939,25,1,1,1,0,1.9000000000000001,0.0,2025-Jan-29-19:14:35.196124
0.7185205030005031,1940,25,1,0,0,0,0.0,0.0,2025-Jan-29-19:14:35.240710
0.8060591477019475,1941,25,1,0,0,-1,0.0,0.0,2025-Jan-29-19:14:35.298465
0.7185205030005031,1942,25,1,0,0,0,0.0,0.0,2025-Jan-29-19:14:35.343887
0.9471794063316156,1943,25,1,1,0,1,0.0,1.9000000000000001,2025-Jan-29-19:14:35.417685
0.7185205030005031,1944,25,1,0,0,0,0.0,0.0,2025-Jan-29-19:14:35.462105
0.7185205030005031,1945,25,1,0,0,0,0.0,0.0,2025-Jan-29-19:14:35.506845
0.5423573219619376,1946,25,1,0,1,0,1.9000000000000001,0.0,2025-Jan-29-19:14:35.607359
0.5423573219619376,1947,25,1,0,1,0,1.9000000000000001,0.0,2025-Jan-29-19:14:35.728108
0.7185205030005031,1948,25,1,0,0,0,0.0,0.0,2025-Jan-29-19:14:35.801129
0.5423573219619376,1949,25,1,0,1,0,1.9000000000000001,0.0,2025-Jan-29-19:14:35.877233
1.0735211430969913,1950,25,1,1,0,0,0.0,0.0,2025-Jan-29-19:14:35.923005
0.5423573219619376,1951,25,1,0,1,0,1.9000000000000001,0.0,2025-Jan-29-19:14:35.997354
0.5423573219619376,1952,25,1,0,1,0,1.9000000000000001,0.0,2025-Jan-29-19:14:36.070688
0.7185205030005031,1953,25,1,0,0,0,0.0,0.0,2025-Jan-29-19:14:36.115652
0.7185205030005031,1954,25,1,0,0,0,0.0,0.0,2025-Jan-29-19:14:36.160432
0.7185205030005031,1955,25,1,0,0,0,0.0,0.0,2025-Jan-29-19:14:36.205248
0.7185205030005031,1956,25,1,0,0,0,0.0,0.0,2025-Jan-29-19:14:36.249773
0.9471794063316156,1957,25,1,1,0,1,0.0,1.9000000000000001,2025-Jan-29-19:14:36.323294
0.7185205030005031,1958,25,1,0,0,0,0.0,0.0,2025-Jan-29-19:14:36.376594
0.5921787662199604,1959,25,1,0,0,1,0.0,1.9000000000000001,2025-Jan-29-19:14:36.452161
0.5423573219619376,1960,25,1,0,1,0,1.9000000000000001,0.0,2025-Jan-29-19:14:36.523396
0.7185205030005031,1961,25,1,0,0,0,0.0,0.0,2025-Jan-29-19:14:36.586714
0.5423573219619376,1962,25,1,0,1,0,1.9000000000000001,0.0,2025-Jan-29-19:14:36.691916
0.5423573219619376,1963,25,1,0,1,0,1.9000000000000001,0.0,2025-Jan-29-19:14:36.788073
0.5921787662199604,1964,25,1,0,0,1,0.0,1.9000000000000001,2025-Jan-29-19:14:36.861717
0.7185205030005031,1965,25,1,0,0,0,0.0,0.0,2025-Jan-29-19:14:36.905065
0.5921787662199604,1966,25,1,0,0,1,0.0,1.9000000000000001,2025-Jan-29-19:14:36.978822
0.7185205030005031,1967,25,1,0,0,0,0.0,0.0,2025-Jan-29-19:14:37.022276
0.7185205030005031,1968,25,1,0,0,0,0.0,0.0,2025-Jan-29-19:14:37.065508
1.0735211430969913,1969,25,1,1,0,0,0.0,0.0,2025-Jan-29-19:14:37.108429
0.7185205030005031,1970,25,1,0,0,0,0.0,0.0,2025-Jan-29-19:14:37.151560
1.0735211430969913,1971,25,1,1,0,0,0.0,0.0,2025-Jan-29-19:14:37.194267
0.7185205030005031,1972,25,1,0,0,0,0.0,0.0,2025-Jan-29-19:14:37.238103
0.7185205030005031,1973,25,1,0,0,0,0.0,0.0,2025-Jan-29-19:14:37.281242
0.5423573219619376,1974,25,1,0,1,0,1.9000000000000001,0.0,2025-Jan-29-19:14:37.352470
0.8060591477019475,1975,25,1,0,0,-1,0.0,0.0,2025-Jan-29-19:14:37.483186
1.0735211430969913,1976,25,1,1,0,0,0.0,0.0,2025-Jan-29-19:14:37.527196
0.7185205030005031,1977,25,1,0,0,0,0.0,0.0,2025-Jan-29-19:14:37.594483
0.7185205030005031,1978,25,1,0,0,0,0.0,0.0,2025-Jan-29-19:14:37.670225
0.5423573219619376,1979,25,1,0,1,0,1.9000000000000001,0.0,2025-Jan-29-19:14:37.768740
0.8060591477019475,1980,25,1,0,0,-1,0.0,0.0,2025-Jan-29-19:14:37.826570
0.8060591477019475,1981,25,1,0,0,-1,0.0,0.0,2025-Jan-29-19:14:37.884775
0.7185205030005031,1982,25,1,0,0,0,0.0,0.0,2025-Jan-29-19:14:37.929002
0.7185205030005031,1983,25,1,0,0,0,0.0,0.0,2025-Jan-29-19:14:37.972028
0.7185205030005031,1984,25,1,0,0,0,0.0,0.0,2025-Jan-29-19:14:38.015545
0.7185205030005031,1985,25,1,0,0,0,0.0,0.0,2025-Jan-29-19:14:38.058584
0.7185205030005031,1986,25,1,0,0,0,0.0,0.0,2025-Jan-29-19:14:38.101908
0.5423573219619376,1987,25,1,0,1,0,1.9000000000000001,0.0,2025-Jan-29-19:14:38.173082
0.5921787662199604,1988,25,1,0,0,1,0.0,1.9000000000000001,2025-Jan-29-19:14:38.244424
0.7185205030005031,1989,25,1,0,0,0,0.0,0.0,2025-Jan-29-19:14:38.287220
0.7185205030005031,1990,25,1,0,0,0,0.0,0.0,2025-Jan-29-19:14:38.329962
0.7185205030005031,1991,25,1,0,0,0,0.0,0.0,2025-Jan-29-19:14:38.373289
0.7185205030005031,1992,25,1,0,0,0,0.0,0.0,2025-Jan-29-19:14:38.416146
0.7185205030005031,1993,25,1,0,0,0,0.0,0.0,2025-Jan-29-19:14:38.459529
0.7185205030005031,1994,25,1,0,0,0,0.0,0.0,2025-Jan-29-19:14:38.502188
0.7185205030005031,1995,25,1,0,0,0,0.0,0.0,2025-Jan-29-19:14:38.544875
0.7185205030005031,1996,25,1,0,0,0,0.0,0.0,2025-Jan-29-19:14:38.607691
0.8060591477019475,1997,25,1,0,0,-1,0.0,0.0,2025-Jan-29-19:14:38.687256
0.5921787662199604,1998,25,1,0,0,1,0.0,1.9000000000000001,2025-Jan-29-19:14:38.796166
0.6298883869405699,1999,25,1,0,1,-1,1.9000000000000001,0.0,2025-Jan-29-19:14:38.884513
0.7185205030005031,2000,25,1,0,0,0,0.0,0.0,2025-Jan-29-19:14:38.927894
0.629780506117975,2001,25,1,0,-1,1,0.0,1.9000000000000001,2025-Jan-29-19:14:39.014508
0.5423573219619376,2002,25,1,0,1,0,1.9000000000000001,0.0,2025-Jan-29-19:14:39.086029
0.7185205030005031,2003,25,1,0,0,0,0.0,0.0,2025-Jan-29-19:14:39.129345
0.7185205030005031,2004,25,1,0,0,0,0.0,0.0,2025-Jan-29-19:14:39.172934
0.8060591477019475,2005,25,1,0,0,-1,0.0,0.0,2025-Jan-29-19:14:39.228850
0.7185205030005031,2006,25,1,0,0,0,0.0,0.0,2025-Jan-29-19:14:39.272293
0.7185205030005031,2007,25,1,0,0,0,0.0,0.0,2025-Jan-29-19:14:39.315036
0.7185205030005031,2008,25,1,0,0,0,0.0,0.0,2025-Jan-29-19:14:39.358048
0.629780506117975,2009,25,1,0,-1,1,0.0,1.9000000000000001,2025-Jan-29-19:14:39.442138
0.7185205030005031,2010,25,1,0,0,0,0.0,0.0,2025-Jan-29-19:14:39.485027
0.7185205030005031,2011,25,1,0,0,0,0.0,0.0,2025-Jan-29-19:14:39.528171
0.7185205030005031,2012,25,1,0,0,0,0.0,0.0,2025-Jan-29-19:14:39.588695
0.7561122308552579,2013,25,1,0,-1,0,0.0,0.0,2025-Jan-29-19:14:39.746600
0.7185205030005031,2014,25,1,0,0,0,0.0,0.0,2025-Jan-29-19:14:39.819264
0.7185205030005031,2015,25,1,0,0,0,0.0,0.0,2025-Jan-29-19:14:39.880750
0.7185205030005031,2016,25,1,0,0,0,0.0,0.0,2025-Jan-29-19:14:39.926487
0.8060591477019475,2017,25,1,0,0,-1,0.0,0.0,2025-Jan-29-19:14:39.986001
0.7185205030005031,2018,25,1,0,0,0,0.0,0.0,2025-Jan-29-19:14:40.029330
0.7185205030005031,2019,25,1,0,0,0,0.0,0.0,2025-Jan-29-19:14:40.074599
0.8060591477019475,2020,25,1,0,0,-1,0.0,0.0,2025-Jan-29-19:14:40.131065
0.8060591477019475,2021,25,1,0,0,-1,0.0,0.0,2025-Jan-29-19:14:40.186936
0.7185205030005031,2022,25,1,0,0,0,0.0,0.0,2025-Jan-29-19:14:40.229421
0.8060591477019475,2023,25,1,0,0,-1,0.0,0.0,2025-Jan-29-19:14:40.284697
0.7185205030005031,2024,25,1,0,0,0,0.0,0.0,2025-Jan-29-19:14:40.327321
0.8060591477019475,2025,25,1,0,0,-1,0.0,0.0,2025-Jan-29-19:14:40.382996
0.7185205030005031,2026,25,1,0,0,0,0.0,0.0,2025-Jan-29-19:14:40.426546
0.5423573219619376,2027,25,1,0,1,0,1.9000000000000001,0.0,2025-Jan-29-19:14:40.498705
0.7185205030005031,2028,25,1,0,0,0,0.0,0.0,2025-Jan-29-19:14:40.541201
0.7185205030005031,2029,25,1,0,0,0,0.0,0.0,2025-Jan-29-19:14:40.600989
0.7185205030005031,2030,25,1,0,0,0,0.0,0.0,2025-Jan-29-19:14:40.675320
0.8436562666978078,2031,25,1,0,-1,-1,0.0,0.0,2025-Jan-29-19:14:40.779385
0.7561122308552579,2032,25,1,0,-1,0,0.0,0.0,2025-Jan-29-19:14:40.835301
1.0735211430969913,2033,25,1,1,0,0,0.0,0.0,2025-Jan-29-19:14:40.878379
0.7185205030005031,2034,25,1,0,0,0,0.0,0.0,2025-Jan-29-19:14:40.921366
0.7185205030005031,2035,25,1,0,0,0,0.0,0.0,2025-Jan-29-19:14:40.967062
0.8436562666978078,2036,25,1,0,-1,-1,0.0,0.0,2025-Jan-29-19:14:41.037382
0.8060591477019475,2037,25,1,0,0,-1,0.0,0.0,2025-Jan-29-19:14:41.093117
0.7185205030005031,2038,25,1,0,0,0,0.0,0.0,2025-Jan-29-19:14:41.136210
1.1111128709475113,2039,25,1,1,-1,0,0.0,0.0,2025-Jan-29-19:14:41.195394
0.7185205030005031,2040,25,1,0,0,0,0.0,0.0,2025-Jan-29-19:14:41.240729
0.7185205030005031,2041,25,1,0,0,0,0.0,0.0,2025-Jan-29-19:14:41.284948
0.5921787662199604,2042,25,1,0,0,1,0.0,1.9000000000000001,2025-Jan-29-19:14:41.356150
0.5921787662199604,2043,25,1,0,0,1,0.0,1.9000000000000001,2025-Jan-29-19:14:41.427143
0.7185205030005031,2044,25,1,0,0,0,0.0,0.0,2025-Jan-29-19:14:41.472356
0.7185205030005031,2045,25,1,0,0,0,0.0,0.0,2025-Jan-29-19:14:41.515367
0.5423573219619376,2046,25,1,0,1,0,1.9000000000000001,0.0,2025-Jan-29-19:14:41.613659
0.7561122308552579,2047,25,1,0,-1,0,0.0,0.0,2025-Jan-29-19:14:41.714460
0.7185205030005031,2048,25,1,0,0,0,0.0,0.0,2025-Jan-29-19:14:41.779928
0.5423573219619376,2049,25,1,0,1,0,1.9000000000000001,0.0,2025-Jan-29-19:14:41.862455
1.0735211430969913,2050,25,1,1,0,0,0.0,0.0,2025-Jan-29-19:14:41.906153
0.5423573219619376,2051,25,1,0,1,0,1.9000000000000001,0.0,2025-Jan-29-19:14:41.978003
0.8060591477019475,2052,25,1,0,0,-1,0.0,0.0,2025-Jan-29-19:14:42.036437
0.7185205030005031,2053,25,1,0,0,0,0.0,0.0,2025-Jan-29-19:14:42.080275
0.7185205030005031,2054,25,1,0,0,0,0.0,0.0,2025-Jan-29-19:14:42.125757
0.7185205030005031,2055,25,1,0,0,0,0.0,0.0,2025-Jan-29-19:14:42.170982
0.7185205030005031,2056,25,1,0,0,0,0.0,0.0,2025-Jan-29-19:14:42.216180
1.0735211430969913,2057,25,1,1,0,0,0.0,0.0,2025-Jan-29-19:14:42.261014
0.5423573219619376,2058,25,1,0,1,0,1.9000000000000001,0.0,2025-Jan-29-19:14:42.335441
0.7185205030005031,2059,25,1,0,0,0,0.0,0.0,2025-Jan-29-19:14:42.381166
0.7185205030005031,2060,25,1,0,0,0,0.0,0.0,2025-Jan-29-19:14:42.426762
0.7185205030005031,2061,25,1,0,0,0,0.0,0.0,2025-Jan-29-19:14:42.472277
0.8060591477019475,2062,25,1,0,0,-1,0.0,0.0,2025-Jan-29-19:14:42.692021
0.7561122308552579,2063,25,1,0,-1,0,0.0,0.0,2025-Jan-29-19:14:42.805451
0.629780506117975,2064,25,1,0,-1,1,0.0,1.9000000000000001,2025-Jan-29-19:14:42.919725
0.5921787662199604,2065,25,1,0,0,1,0.0,1.9000000000000001,2025-Jan-29-19:14:42.992320
0.7185205030005031,2066,25,1,0,0,0,0.0,0.0,2025-Jan-29-19:14:43.035721
0.7185205030005031,2067,25,1,0,0,0,0.0,0.0,2025-Jan-29-19:14:43.079563
0.7185205030005031,2068,25,1,0,0,0,0.0,0.0,2025-Jan-29-19:14:43.122619
0.8973579620796409,2069,25,1,1,1,0,1.9000000000000001,0.0,2025-Jan-29-19:14:43.193695
0.7185205030005031,2070,25,1,0,0,0,0.0,0.0,2025-Jan-29-19:14:43.236837
1.0735211430969913,2071,25,1,1,0,0,0.0,0.0,2025-Jan-29-19:14:43.280071
0.7185205030005031,2072,25,1,0,0,0,0.0,0.0,2025-Jan-29-19:14:43.323039
0.5423573219619376,2073,25,1,0,1,0,1.9000000000000001,0.0,2025-Jan-29-19:14:43.394058
0.7561122308552579,2074,25,1,0,-1,0,0.0,0.0,2025-Jan-29-19:14:43.449542
0.7185205030005031,2075,25,1,0,0,0,0.0,0.0,2025-Jan-29-19:14:43.492469
1.0735211430969913,2076,25,1,1,0,0,0.0,0.0,2025-Jan-29-19:14:43.535696
0.5423573219619376,2077,25,1,0,1,0,1.9000000000000001,0.0,2025-Jan-29-19:14:43.635595
0.5921787662199604,2078,25,1,0,0,1,0.0,1.9000000000000001,2025-Jan-29-19:14:43.743507
0.7561122308552579,2079,25,1,0,-1,0,0.0,0.0,2025-Jan-29-19:14:43.824137
0.9471794063316156,2080,25,1,1,0,1,0.0,1.9000000000000001,2025-Jan-29-19:14:43.902269
0.8060591477019475,2081,25,1,0,0,-1,0.0,0.0,2025-Jan-29-19:14:43.960574
0.5423573219619376,2082,25,1,0,1,0,1.9000000000000001,0.0,2025-Jan-29-19:14:44.033762
0.7185205030005031,2083,25,1,0,0,0,0.0,0.0,2025-Jan-29-19:14:44.078806
0.7185205030005031,2084,25,1,0,0,0,0.0,0.0,2025-Jan-29-19:14:44.123979
0.8060591477019475,2085,25,1,0,0,-1,0.0,0.0,2025-Jan-29-19:14:44.180848
0.7185205030005031,2086,25,1,0,0,0,0.0,0.0,2025-Jan-29-19:14:44.225003
1.0735211430969913,2087,25,1,1,0,0,0.0,0.0,2025-Jan-29-19:14:44.270693
0.5423573219619376,2088,25,1,0,1,0,1.9000000000000001,0.0,2025-Jan-29-19:14:44.344778
0.5423573219619376,2089,25,1,0,1,0,1.9000000000000001,0.0,2025-Jan-29-19:14:44.418394
0.7185205030005031,2090,25,1,0,0,0,0.0,0.0,2025-Jan-29-19:14:44.464238
0.7185205030005031,2091,25,1,0,0,0,0.0,0.0,2025-Jan-29-19:14:44.508738
0.7561122308552579,2092,25,1,0,-1,0,0.0,0.0,2025-Jan-29-19:14:44.580160
0.8060591477019475,2093,25,1,0,0,-1,0.0,0.0,2025-Jan-29-19:14:44.679695
0.8060591477019475,2094,25,1,0,0,-1,0.0,0.0,2025-Jan-29-19:14:44.780769
0.5423573219619376,2095,25,1,0,1,0,1.9000000000000001,0.0,2025-Jan-29-19:14:44.870881
0.5423573219619376,2096,25,1,0,1,0,1.9000000000000001,0.0,2025-Jan-29-19:14:44.947930
0.5423573219619376,2097,25,1,0,1,0,1.9000000000000001,0.0,2025-Jan-29-19:14:45.023692
0.5423573219619376,2098,25,1,0,1,0,1.9000000000000001,0.0,2025-Jan-29-19:14:45.098392
0.8060591477019475,2099,25,1,0,0,-1,0.0,0.0,2025-Jan-29-19:14:45.156449
0.7185205030005031,2100,25,1,0,0,0,0.0,0.0,2025-Jan-29-19:14:45.200861
0.5423573219619376,2101,25,1,0,1,0,1.9000000000000001,0.0,2025-Jan-29-19:14:45.274927
0.5423573219619376,2102,25,1,0,1,0,1.9000000000000001,0.0,2025-Jan-29-19:14:45.349939
1.0735211430969913,2103,25,1,1,0,0,0.0,0.0,2025-Jan-29-19:14:45.395915
1.0735211430969913,2104,25,1,1,0,0,0.0,0.0,2025-Jan-29-19:14:45.441358
0.7185205030005031,2105,25,1,0,0,0,0.0,0.0,2025-Jan-29-19:14:45.620193
0.7185205030005031,2106,25,1,0,0,0,0.0,0.0,2025-Jan-29-19:14:45.710344
0.7185205030005031,2107,25,1,0,0,0,0.0,0.0,2025-Jan-29-19:14:45.783959
0.5921787662199604,2108,25,1,0,0,1,0.0,1.9000000000000001,2025-Jan-29-19:14:45.881039
1.1111128709475113,2109,25,1,1,-1,0,0.0,0.0,2025-Jan-29-19:14:45.941301
0.8060591477019475,2110,25,1,0,0,-1,0.0,0.0,2025-Jan-29-19:14:45.998709
0.8060591477019475,2111,25,1,0,0,-1,0.0,0.0,2025-Jan-29-19:14:46.056598
