Cost,Sim,Switch_State_Indx,Gen1_on,Gen2_on,Batt1_mode,Batt2_mode,Batt1_power_kW,Batt2_power_kW,Timestamp
0.9471794063316156,15390,25,1,1,0,1,0.0,1.9000000000000001,2025-Jan-29-19:30:56.346163
0.9848890270480929,15391,25,1,1,1,-1,1.9000000000000001,0.0,2025-Jan-29-19:30:56.429277
0.629780506117975,15392,25,1,0,-1,1,0.0,1.9000000000000001,2025-Jan-29-19:30:56.516383
0.8436562666978078,15393,25,1,0,-1,-1,0.0,0.0,2025-Jan-29-19:30:56.613450
0.6298883869405699,15394,25,1,0,1,-1,1.9000000000000001,0.0,2025-Jan-29-19:30:56.738587
0.9848890270480929,15395,25,1,1,1,-1,1.9000000000000001,0.0,2025-Jan-29-19:30:56.843169
0.7185205030005031,15396,25,1,0,0,0,0.0,0.0,2025-Jan-29-19:30:56.887684
0.629780506117975,15397,25,1,0,-1,1,0.0,1.9000000000000001,2025-Jan-29-19:30:56.973700
1.1111128709475113,15398,25,1,1,-1,0,0.0,0.0,2025-Jan-29-19:30:57.029044
0.8060591477019475,15399,25,1,0,0,-1,0.0,0.0,2025-Jan-29-19:30:57.083905
1.0735211430969913,15400,25,1,1,0,0,0.0,0.0,2025-Jan-29-19:30:57.273425
1.161059787788528,15401,25,1,1,0,-1,0.0,0.0,2025-Jan-29-19:30:57.329740
1.0735211430969913,15402,25,1,1,0,0,0.0,0.0,2025-Jan-29-19:30:57.373233
0.7185205030005031,15403,25,1,0,0,0,0.0,0.0,2025-Jan-29-19:30:57.416460
0.7185205030005031,15404,25,1,0,0,0,0.0,0.0,2025-Jan-29-19:30:57.459321
0.7185205030005031,15405,25,1,0,0,0,0.0,0.0,2025-Jan-29-19:30:57.502097
1.0735211430969913,15406,25,1,1,0,0,0.0,0.0,2025-Jan-29-19:30:57.545127
0.7561122308552579,15407,25,1,0,-1,0,0.0,0.0,2025-Jan-29-19:30:57.639725
0.7561122308552579,15408,25,1,0,-1,0,0.0,0.0,2025-Jan-29-19:30:57.729850
0.5921787662199604,15409,25,1,0,0,1,0.0,1.9000000000000001,2025-Jan-29-19:30:57.825146
0.4160201626761834,15410,25,1,0,1,1,1.9000000000000001,1.9000000000000001,2025-Jan-29-19:30:57.923999
0.7185205030005031,15411,25,1,0,0,0,0.0,0.0,2025-Jan-29-19:30:57.967561
0.5921787662199604,15412,25,1,0,0,1,0.0,1.9000000000000001,2025-Jan-29-19:30:58.038670
0.6298883869405699,15413,25,1,0,1,-1,1.9000000000000001,0.0,2025-Jan-29-19:30:58.123040
1.1111128709475113,15414,25,1,1,-1,0,0.0,0.0,2025-Jan-29-19:30:58.178358
0.629780506117975,15415,25,1,0,-1,1,0.0,1.9000000000000001,2025-Jan-29-19:30:58.261896
1.1111128709475113,15416,25,1,1,-1,0,0.0,0.0,2025-Jan-29-19:30:58.317465
0.9848890270480929,15417,25,1,1,1,-1,1.9000000000000001,0.0,2025-Jan-29-19:30:58.401305
0.7185205030005031,15418,25,1,0,0,0,0.0,0.0,2025-Jan-29-19:30:58.445697
0.8060591477019475,15419,25,1,0,0,-1,0.0,0.0,2025-Jan-29-19:30:58.501734
0.8973579620796409,15420,25,1,1,1,0,1.9000000000000001,0.0,2025-Jan-29-19:30:58.603269
0.6298883869405699,15421,25,1,0,1,-1,1.9000000000000001,0.0,2025-Jan-29-19:30:58.729200
0.7185205030005031,15422,25,1,0,0,0,0.0,0.0,2025-Jan-29-19:30:58.786264
1.1111128709475113,15423,25,1,1,-1,0,0.0,0.0,2025-Jan-29-19:30:58.842863
1.0735211430969913,15424,25,1,1,0,0,0.0,0.0,2025-Jan-29-19:30:58.886008
1.1111128709475113,15425,25,1,1,-1,0,0.0,0.0,2025-Jan-29-19:30:58.941668
0.8060591477019475,15426,25,1,0,0,-1,0.0,0.0,2025-Jan-29-19:30:58.996810
1.1111128709475113,15427,25,1,1,-1,0,0.0,0.0,2025-Jan-29-19:30:59.052391
1.0735211430969913,15428,25,1,1,0,0,0.0,0.0,2025-Jan-29-19:30:59.095100
1.0735211430969913,15429,25,1,1,0,0,0.0,0.0,2025-Jan-29-19:30:59.138005
0.9760242519712691,15430,25,1,1,-1,1,0.0,1.9000000000000001,2025-Jan-29-19:30:59.221411
0.5921787662199604,15431,25,1,0,0,1,0.0,1.9000000000000001,2025-Jan-29-19:30:59.293125
0.7561122308552579,15432,25,1,0,-1,0,0.0,0.0,2025-Jan-29-19:30:59.348215
0.9471794063316156,15433,25,1,1,0,1,0.0,1.9000000000000001,2025-Jan-29-19:30:59.419703
1.1111128709475113,15434,25,1,1,-1,0,0.0,0.0,2025-Jan-29-19:30:59.474875
0.7185205030005031,15435,25,1,0,0,0,0.0,0.0,2025-Jan-29-19:30:59.527223
0.8436562666978078,15436,25,1,0,-1,-1,0.0,0.0,2025-Jan-29-19:30:59.622183
1.0735211430969913,15437,25,1,1,0,0,0.0,0.0,2025-Jan-29-19:30:59.711520
0.9848890270480929,15438,25,1,1,1,-1,1.9000000000000001,0.0,2025-Jan-29-19:30:59.829066
0.7561122308552579,15439,25,1,0,-1,0,0.0,0.0,2025-Jan-29-19:30:59.892926
1.1111128709475113,15440,25,1,1,-1,0,0.0,0.0,2025-Jan-29-19:30:59.951684
0.7185205030005031,15441,25,1,0,0,0,0.0,0.0,2025-Jan-29-19:30:59.997768
1.0735211430969913,15442,25,1,1,0,0,0.0,0.0,2025-Jan-29-19:31:00.046109
1.0735211430969913,15443,25,1,1,0,0,0.0,0.0,2025-Jan-29-19:31:00.092022
1.0735211430969913,15444,25,1,1,0,0,0.0,0.0,2025-Jan-29-19:31:00.139432
0.7185205030005031,15445,25,1,0,0,0,0.0,0.0,2025-Jan-29-19:31:00.186674
1.1986569067802102,15446,25,1,1,-1,-1,0.0,0.0,2025-Jan-29-19:31:00.258802
1.0735211430969913,15447,25,1,1,0,0,0.0,0.0,2025-Jan-29-19:31:00.313058
0.8060591477019475,15448,25,1,0,0,-1,0.0,0.0,2025-Jan-29-19:31:00.371271
0.8973579620796409,15449,25,1,1,1,0,1.9000000000000001,0.0,2025-Jan-29-19:31:00.446693
0.6298883869405699,15450,25,1,0,1,-1,1.9000000000000001,0.0,2025-Jan-29-19:31:00.534007
0.5423573219619376,15451,25,1,0,1,0,1.9000000000000001,0.0,2025-Jan-29-19:31:00.641868
0.6298883869405699,15452,25,1,0,1,-1,1.9000000000000001,0.0,2025-Jan-29-19:31:00.769644
1.1986569067802102,15453,25,1,1,-1,-1,0.0,0.0,2025-Jan-29-19:31:00.842465
0.7710208028095181,15454,25,1,1,1,1,1.9000000000000001,1.9000000000000001,2025-Jan-29-19:31:00.945443
0.7710208028095181,15455,25,1,1,1,1,1.9000000000000001,1.9000000000000001,2025-Jan-29-19:31:01.046512
0.6298883869405699,15456,25,1,0,1,-1,1.9000000000000001,0.0,2025-Jan-29-19:31:01.134637
0.9471794063316156,15457,25,1,1,0,1,0.0,1.9000000000000001,2025-Jan-29-19:31:01.210248
0.9471794063316156,15458,25,1,1,0,1,0.0,1.9000000000000001,2025-Jan-29-19:31:01.285532
1.1111128709475113,15459,25,1,1,-1,0,0.0,0.0,2025-Jan-29-19:31:01.345397
1.0735211430969913,15460,25,1,1,0,0,0.0,0.0,2025-Jan-29-19:31:01.390840
1.1986569067802102,15461,25,1,1,-1,-1,0.0,0.0,2025-Jan-29-19:31:01.462650
0.8973579620796409,15462,25,1,1,1,0,1.9000000000000001,0.0,2025-Jan-29-19:31:01.538227
1.0735211430969913,15463,25,1,1,0,0,0.0,0.0,2025-Jan-29-19:31:01.605470
0.5921787662199604,15464,25,1,0,0,1,0.0,1.9000000000000001,2025-Jan-29-19:31:01.710139
1.0735211430969913,15465,25,1,1,0,0,0.0,0.0,2025-Jan-29-19:31:01.784934
0.5921787662199604,15466,25,1,0,0,1,0.0,1.9000000000000001,2025-Jan-29-19:31:01.867933
0.7185205030005031,15467,25,1,0,0,0,0.0,0.0,2025-Jan-29-19:31:01.916004
0.9848890270480929,15468,25,1,1,1,-1,1.9000000000000001,0.0,2025-Jan-29-19:31:02.003828
1.1111128709475113,15469,25,1,1,-1,0,0.0,0.0,2025-Jan-29-19:31:02.061542
0.8060591477019475,15470,25,1,0,0,-1,0.0,0.0,2025-Jan-29-19:31:02.119800
1.0735211430969913,15471,25,1,1,0,0,0.0,0.0,2025-Jan-29-19:31:02.165822
1.1986569067802102,15472,25,1,1,-1,-1,0.0,0.0,2025-Jan-29-19:31:02.471547
0.8060591477019475,15473,25,1,0,0,-1,0.0,0.0,2025-Jan-29-19:31:02.529251
0.8436562666978078,15474,25,1,0,-1,-1,0.0,0.0,2025-Jan-29-19:31:02.619425
0.8060591477019475,15475,25,1,0,0,-1,0.0,0.0,2025-Jan-29-19:31:02.714364
0.8973579620796409,15476,25,1,1,1,0,1.9000000000000001,0.0,2025-Jan-29-19:31:02.810495
0.5921787662199604,15477,25,1,0,0,1,0.0,1.9000000000000001,2025-Jan-29-19:31:02.883636
0.629780506117975,15478,25,1,0,-1,1,0.0,1.9000000000000001,2025-Jan-29-19:31:02.967243
0.6298883869405699,15479,25,1,0,1,-1,1.9000000000000001,0.0,2025-Jan-29-19:31:03.050763
0.7185205030005031,15480,25,1,0,0,0,0.0,0.0,2025-Jan-29-19:31:03.093376
1.1111128709475113,15481,25,1,1,-1,0,0.0,0.0,2025-Jan-29-19:31:03.148507
1.161059787788528,15482,25,1,1,0,-1,0.0,0.0,2025-Jan-29-19:31:03.203713
0.7561122308552579,15483,25,1,0,-1,0,0.0,0.0,2025-Jan-29-19:31:03.259091
0.5921787662199604,15484,25,1,0,0,1,0.0,1.9000000000000001,2025-Jan-29-19:31:03.330023
0.9760242519712691,15485,25,1,1,-1,1,0.0,1.9000000000000001,2025-Jan-29-19:31:03.412943
1.0735211430969913,15486,25,1,1,0,0,0.0,0.0,2025-Jan-29-19:31:03.456150
0.629780506117975,15487,25,1,0,-1,1,0.0,1.9000000000000001,2025-Jan-29-19:31:03.540015
0.7185205030005031,15488,25,1,0,0,0,0.0,0.0,2025-Jan-29-19:31:03.591725
0.9471794063316156,15489,25,1,1,0,1,0.0,1.9000000000000001,2025-Jan-29-19:31:03.700636
0.8060591477019475,15490,25,1,0,0,-1,0.0,0.0,2025-Jan-29-19:31:03.780706
0.8973579620796409,15491,25,1,1,1,0,1.9000000000000001,0.0,2025-Jan-29-19:31:03.855215
0.7710208028095181,15492,25,1,1,1,1,1.9000000000000001,1.9000000000000001,2025-Jan-29-19:31:03.949319
1.161059787788528,15493,25,1,1,0,-1,0.0,0.0,2025-Jan-29-19:31:04.004776
0.5423573219619376,15494,25,1,0,1,0,1.9000000000000001,0.0,2025-Jan-29-19:31:04.075966
0.7561122308552579,15495,25,1,0,-1,0,0.0,0.0,2025-Jan-29-19:31:04.131334
0.9848890270480929,15496,25,1,1,1,-1,1.9000000000000001,0.0,2025-Jan-29-19:31:04.214716
1.0735211430969913,15497,25,1,1,0,0,0.0,0.0,2025-Jan-29-19:31:04.257923
0.8060591477019475,15498,25,1,0,0,-1,0.0,0.0,2025-Jan-29-19:31:04.312824
0.7185205030005031,15499,25,1,0,0,0,0.0,0.0,2025-Jan-29-19:31:04.355701
1.1986569067802102,15500,25,1,1,-1,-1,0.0,0.0,2025-Jan-29-19:31:04.422868
0.9471794063316156,15501,25,1,1,0,1,0.0,1.9000000000000001,2025-Jan-29-19:31:04.494198
0.5423573219619376,15502,25,1,0,1,0,1.9000000000000001,0.0,2025-Jan-29-19:31:04.583415
0.7185205030005031,15503,25,1,0,0,0,0.0,0.0,2025-Jan-29-19:31:04.656499
0.7185205030005031,15504,25,1,0,0,0,0.0,0.0,2025-Jan-29-19:31:04.734811
0.7185205030005031,15505,25,1,0,0,0,0.0,0.0,2025-Jan-29-19:31:04.798397
0.7185205030005031,15506,25,1,0,0,0,0.0,0.0,2025-Jan-29-19:31:04.844081
0.7185205030005031,15507,25,1,0,0,0,0.0,0.0,2025-Jan-29-19:31:04.887306
1.1111128709475113,15508,25,1,1,-1,0,0.0,0.0,2025-Jan-29-19:31:04.942480
0.5423573219619376,15509,25,1,0,1,0,1.9000000000000001,0.0,2025-Jan-29-19:31:05.014089
1.0735211430969913,15510,25,1,1,0,0,0.0,0.0,2025-Jan-29-19:31:05.057274
0.7185205030005031,15511,25,1,0,0,0,0.0,0.0,2025-Jan-29-19:31:05.100779
0.7185205030005031,15512,25,1,0,0,0,0.0,0.0,2025-Jan-29-19:31:05.143625
0.7185205030005031,15513,25,1,0,0,0,0.0,0.0,2025-Jan-29-19:31:05.186394
0.5423573219619376,15514,25,1,0,1,0,1.9000000000000001,0.0,2025-Jan-29-19:31:05.257931
0.7185205030005031,15515,25,1,0,0,0,0.0,0.0,2025-Jan-29-19:31:05.300949
0.8973579620796409,15516,25,1,1,1,0,1.9000000000000001,0.0,2025-Jan-29-19:31:05.371735
0.5921787662199604,15517,25,1,0,0,1,0.0,1.9000000000000001,2025-Jan-29-19:31:05.443044
1.0735211430969913,15518,25,1,1,0,0,0.0,0.0,2025-Jan-29-19:31:05.485906
0.9848890270480929,15519,25,1,1,1,-1,1.9000000000000001,0.0,2025-Jan-29-19:31:05.579878
0.7561122308552579,15520,25,1,0,-1,0,0.0,0.0,2025-Jan-29-19:31:05.663724
1.161059787788528,15521,25,1,1,0,-1,0.0,0.0,2025-Jan-29-19:31:05.751385
0.5423573219619376,15522,25,1,0,1,0,1.9000000000000001,0.0,2025-Jan-29-19:31:05.825832
1.1111128709475113,15523,25,1,1,-1,0,0.0,0.0,2025-Jan-29-19:31:05.884318
0.7561122308552579,15524,25,1,0,-1,0,0.0,0.0,2025-Jan-29-19:31:05.940023
0.9760242519712691,15525,25,1,1,-1,1,0.0,1.9000000000000001,2025-Jan-29-19:31:06.023442
1.0735211430969913,15526,25,1,1,0,0,0.0,0.0,2025-Jan-29-19:31:06.067404
1.1986569067802102,15527,25,1,1,-1,-1,0.0,0.0,2025-Jan-29-19:31:06.135355
1.0735211430969913,15528,25,1,1,0,0,0.0,0.0,2025-Jan-29-19:31:06.178807
0.5921787662199604,15529,25,1,0,0,1,0.0,1.9000000000000001,2025-Jan-29-19:31:06.250169
0.9471794063316156,15530,25,1,1,0,1,0.0,1.9000000000000001,2025-Jan-29-19:31:06.321551
0.5921787662199604,15531,25,1,0,0,1,0.0,1.9000000000000001,2025-Jan-29-19:31:06.393411
1.0735211430969913,15532,25,1,1,0,0,0.0,0.0,2025-Jan-29-19:31:06.436266
0.7185205030005031,15533,25,1,0,0,0,0.0,0.0,2025-Jan-29-19:31:06.479329
0.6298883869405699,15534,25,1,0,1,-1,1.9000000000000001,0.0,2025-Jan-29-19:31:06.580984
0.9760242519712691,15535,25,1,1,-1,1,0.0,1.9000000000000001,2025-Jan-29-19:31:06.706526
0.8060591477019475,15536,25,1,0,0,-1,0.0,0.0,2025-Jan-29-19:31:06.799929
0.8973579620796409,15537,25,1,1,1,0,1.9000000000000001,0.0,2025-Jan-29-19:31:06.874817
0.7185205030005031,15538,25,1,0,0,0,0.0,0.0,2025-Jan-29-19:31:06.917997
1.1111128709475113,15539,25,1,1,-1,0,0.0,0.0,2025-Jan-29-19:31:06.973349
0.7185205030005031,15540,25,1,0,0,0,0.0,0.0,2025-Jan-29-19:31:07.016336
0.7185205030005031,15541,25,1,0,0,0,0.0,0.0,2025-Jan-29-19:31:07.073994
0.7561122308552579,15542,25,1,0,-1,0,0.0,0.0,2025-Jan-29-19:31:07.133886
0.7185205030005031,15543,25,1,0,0,0,0.0,0.0,2025-Jan-29-19:31:07.180319
0.8060591477019475,15544,25,1,0,0,-1,0.0,0.0,2025-Jan-29-19:31:07.239840
0.8060591477019475,15545,25,1,0,0,-1,0.0,0.0,2025-Jan-29-19:31:07.299543
0.7185205030005031,15546,25,1,0,0,0,0.0,0.0,2025-Jan-29-19:31:07.345952
0.7185205030005031,15547,25,1,0,0,0,0.0,0.0,2025-Jan-29-19:31:07.392846
0.7561122308552579,15548,25,1,0,-1,0,0.0,0.0,2025-Jan-29-19:31:07.453169
1.161059787788528,15549,25,1,1,0,-1,0.0,0.0,2025-Jan-29-19:31:07.513181
0.7185205030005031,15550,25,1,0,0,0,0.0,0.0,2025-Jan-29-19:31:07.593677
0.7185205030005031,15551,25,1,0,0,0,0.0,0.0,2025-Jan-29-19:31:07.678851
0.7185205030005031,15552,25,1,0,0,0,0.0,0.0,2025-Jan-29-19:31:07.762058
0.5921787662199604,15553,25,1,0,0,1,0.0,1.9000000000000001,2025-Jan-29-19:31:07.871912
0.5921787662199604,15554,25,1,0,0,1,0.0,1.9000000000000001,2025-Jan-29-19:31:07.952088
0.7185205030005031,15555,25,1,0,0,0,0.0,0.0,2025-Jan-29-19:31:07.999547
0.7185205030005031,15556,25,1,0,0,0,0.0,0.0,2025-Jan-29-19:31:08.241883
0.7561122308552579,15557,25,1,0,-1,0,0.0,0.0,2025-Jan-29-19:31:08.303003
1.0735211430969913,15558,25,1,1,0,0,0.0,0.0,2025-Jan-29-19:31:08.351195
1.0735211430969913,15559,25,1,1,0,0,0.0,0.0,2025-Jan-29-19:31:08.397739
0.7185205030005031,15560,25,1,0,0,0,0.0,0.0,2025-Jan-29-19:31:08.444008
0.7561122308552579,15561,25,1,0,-1,0,0.0,0.0,2025-Jan-29-19:31:08.503669
0.7561122308552579,15562,25,1,0,-1,0,0.0,0.0,2025-Jan-29-19:31:08.584185
1.0735211430969913,15563,25,1,1,0,0,0.0,0.0,2025-Jan-29-19:31:08.679087
1.0735211430969913,15564,25,1,1,0,0,0.0,0.0,2025-Jan-29-19:31:08.756148
1.161059787788528,15565,25,1,1,0,-1,0.0,0.0,2025-Jan-29-19:31:08.840732
0.7561122308552579,15566,25,1,0,-1,0,0.0,0.0,2025-Jan-29-19:31:08.903628
0.7185205030005031,15567,25,1,0,0,0,0.0,0.0,2025-Jan-29-19:31:08.951053
0.7185205030005031,15568,25,1,0,0,0,0.0,0.0,2025-Jan-29-19:31:08.997271
0.7185205030005031,15569,25,1,0,0,0,0.0,0.0,2025-Jan-29-19:31:09.047638
0.7185205030005031,15570,25,1,0,0,0,0.0,0.0,2025-Jan-29-19:31:09.097094
1.0735211430969913,15571,25,1,1,0,0,0.0,0.0,2025-Jan-29-19:31:09.145383
0.8436562666978078,15572,25,1,0,-1,-1,0.0,0.0,2025-Jan-29-19:31:09.217800
0.7561122308552579,15573,25,1,0,-1,0,0.0,0.0,2025-Jan-29-19:31:09.279727
1.1111128709475113,15574,25,1,1,-1,0,0.0,0.0,2025-Jan-29-19:31:09.339997
0.7185205030005031,15575,25,1,0,0,0,0.0,0.0,2025-Jan-29-19:31:09.387213
0.7185205030005031,15576,25,1,0,0,0,0.0,0.0,2025-Jan-29-19:31:09.432476
0.7185205030005031,15577,25,1,0,0,0,0.0,0.0,2025-Jan-29-19:31:09.480059
0.7185205030005031,15578,25,1,0,0,0,0.0,0.0,2025-Jan-29-19:31:09.527492
0.7185205030005031,15579,25,1,0,0,0,0.0,0.0,2025-Jan-29-19:31:09.594944
0.7185205030005031,15580,25,1,0,0,0,0.0,0.0,2025-Jan-29-19:31:09.672276
0.7185205030005031,15581,25,1,0,0,0,0.0,0.0,2025-Jan-29-19:31:09.760371
0.629780506117975,15582,25,1,0,-1,1,0.0,1.9000000000000001,2025-Jan-29-19:31:09.868639
0.7185205030005031,15583,25,1,0,0,0,0.0,0.0,2025-Jan-29-19:31:09.919907
0.7185205030005031,15584,25,1,0,0,0,0.0,0.0,2025-Jan-29-19:31:09.967001
0.7185205030005031,15585,25,1,0,0,0,0.0,0.0,2025-Jan-29-19:31:10.014943
0.7185205030005031,15586,25,1,0,0,0,0.0,0.0,2025-Jan-29-19:31:10.062450
0.7185205030005031,15587,25,1,0,0,0,0.0,0.0,2025-Jan-29-19:31:10.109090
0.8436562666978078,15588,25,1,0,-1,-1,0.0,0.0,2025-Jan-29-19:31:10.179881
1.0735211430969913,15589,25,1,1,0,0,0.0,0.0,2025-Jan-29-19:31:10.229804
0.7185205030005031,15590,25,1,0,0,0,0.0,0.0,2025-Jan-29-19:31:10.276299
0.9848890270480929,15591,25,1,1,1,-1,1.9000000000000001,0.0,2025-Jan-29-19:31:10.367554
0.7185205030005031,15592,25,1,0,0,0,0.0,0.0,2025-Jan-29-19:31:10.415000
0.4160201626761834,15593,25,1,0,1,1,1.9000000000000001,1.9000000000000001,2025-Jan-29-19:31:10.516413
0.5921787662199604,15594,25,1,0,0,1,0.0,1.9000000000000001,2025-Jan-29-19:31:10.634799
0.9848890270480929,15595,25,1,1,1,-1,1.9000000000000001,0.0,2025-Jan-29-19:31:10.776299
0.4160201626761834,15596,25,1,0,1,1,1.9000000000000001,1.9000000000000001,2025-Jan-29-19:31:10.889388
0.6298883869405699,15597,25,1,0,1,-1,1.9000000000000001,0.0,2025-Jan-29-19:31:10.979753
0.9471794063316156,15598,25,1,1,0,1,0.0,1.9000000000000001,2025-Jan-29-19:31:11.055464
0.5423573219619376,15599,25,1,0,1,0,1.9000000000000001,0.0,2025-Jan-29-19:31:11.130437
1.0735211430969913,15600,25,1,1,0,0,0.0,0.0,2025-Jan-29-19:31:11.175686
1.161059787788528,15601,25,1,1,0,-1,0.0,0.0,2025-Jan-29-19:31:11.233970
0.5921787662199604,15602,25,1,0,0,1,0.0,1.9000000000000001,2025-Jan-29-19:31:11.309876
0.5423573219619376,15603,25,1,0,1,0,1.9000000000000001,0.0,2025-Jan-29-19:31:11.388302
0.7185205030005031,15604,25,1,0,0,0,0.0,0.0,2025-Jan-29-19:31:11.436222
0.7185205030005031,15605,25,1,0,0,0,0.0,0.0,2025-Jan-29-19:31:11.482132
1.0735211430969913,15606,25,1,1,0,0,0.0,0.0,2025-Jan-29-19:31:11.526837
0.4160201626761834,15607,25,1,0,1,1,1.9000000000000001,1.9000000000000001,2025-Jan-29-19:31:11.669162
0.7561122308552579,15608,25,1,0,-1,0,0.0,0.0,2025-Jan-29-19:31:11.759866
0.8060591477019475,15609,25,1,0,0,-1,0.0,0.0,2025-Jan-29-19:31:11.831367
0.629780506117975,15610,25,1,0,-1,1,0.0,1.9000000000000001,2025-Jan-29-19:31:11.923525
0.8436562666978078,15611,25,1,0,-1,-1,0.0,0.0,2025-Jan-29-19:31:11.996100
0.5921787662199604,15612,25,1,0,0,1,0.0,1.9000000000000001,2025-Jan-29-19:31:12.070664
0.6298883869405699,15613,25,1,0,1,-1,1.9000000000000001,0.0,2025-Jan-29-19:31:12.159710
0.5921787662199604,15614,25,1,0,0,1,0.0,1.9000000000000001,2025-Jan-29-19:31:12.235456
0.4160201626761834,15615,25,1,0,1,1,1.9000000000000001,1.9000000000000001,2025-Jan-29-19:31:12.333245
1.1111128709475113,15616,25,1,1,-1,0,0.0,0.0,2025-Jan-29-19:31:12.392080
1.1111128709475113,15617,25,1,1,-1,0,0.0,0.0,2025-Jan-29-19:31:12.450981
0.4160201626761834,15618,25,1,0,1,1,1.9000000000000001,1.9000000000000001,2025-Jan-29-19:31:12.567594
0.629780506117975,15619,25,1,0,-1,1,0.0,1.9000000000000001,2025-Jan-29-19:31:12.714138
0.9848890270480929,15620,25,1,1,1,-1,1.9000000000000001,0.0,2025-Jan-29-19:31:12.836743
0.6298883869405699,15621,25,1,0,1,-1,1.9000000000000001,0.0,2025-Jan-29-19:31:12.929973
0.8060591477019475,15622,25,1,0,0,-1,0.0,0.0,2025-Jan-29-19:31:13.340897
0.9471794063316156,15623,25,1,1,0,1,0.0,1.9000000000000001,2025-Jan-29-19:31:13.416928
0.7185205030005031,15624,25,1,0,0,0,0.0,0.0,2025-Jan-29-19:31:13.463251
0.9848890270480929,15625,25,1,1,1,-1,1.9000000000000001,0.0,2025-Jan-29-19:31:13.568569
0.4160201626761834,15626,25,1,0,1,1,1.9000000000000001,1.9000000000000001,2025-Jan-29-19:31:13.736618
1.1111128709475113,15627,25,1,1,-1,0,0.0,0.0,2025-Jan-29-19:31:13.819344
1.0735211430969913,15628,25,1,1,0,0,0.0,0.0,2025-Jan-29-19:31:13.870825
0.5423573219619376,15629,25,1,0,1,0,1.9000000000000001,0.0,2025-Jan-29-19:31:13.945992
0.9760242519712691,15630,25,1,1,-1,1,0.0,1.9000000000000001,2025-Jan-29-19:31:14.043331
0.7561122308552579,15631,25,1,0,-1,0,0.0,0.0,2025-Jan-29-19:31:14.103419
0.7185205030005031,15632,25,1,0,0,0,0.0,0.0,2025-Jan-29-19:31:14.149659
0.4160201626761834,15633,25,1,0,1,1,1.9000000000000001,1.9000000000000001,2025-Jan-29-19:31:14.250211
1.1111128709475113,15634,25,1,1,-1,0,0.0,0.0,2025-Jan-29-19:31:14.309291
0.629780506117975,15635,25,1,0,-1,1,0.0,1.9000000000000001,2025-Jan-29-19:31:14.397128
0.4160201626761834,15636,25,1,0,1,1,1.9000000000000001,1.9000000000000001,2025-Jan-29-19:31:14.499449
1.0735211430969913,15637,25,1,1,0,0,0.0,0.0,2025-Jan-29-19:31:14.553296
0.9848890270480929,15638,25,1,1,1,-1,1.9000000000000001,0.0,2025-Jan-29-19:31:14.694119
0.7561122308552579,15639,25,1,0,-1,0,0.0,0.0,2025-Jan-29-19:31:14.793395
0.8973579620796409,15640,25,1,1,1,0,1.9000000000000001,0.0,2025-Jan-29-19:31:14.873548
1.0735211430969913,15641,25,1,1,0,0,0.0,0.0,2025-Jan-29-19:31:14.921081
0.8973579620796409,15642,25,1,1,1,0,1.9000000000000001,0.0,2025-Jan-29-19:31:14.998771
0.7185205030005031,15643,25,1,0,0,0,0.0,0.0,2025-Jan-29-19:31:15.045412
0.7185205030005031,15644,25,1,0,0,0,0.0,0.0,2025-Jan-29-19:31:15.092033
0.7185205030005031,15645,25,1,0,0,0,0.0,0.0,2025-Jan-29-19:31:15.138722
0.4160201626761834,15646,25,1,0,1,1,1.9000000000000001,1.9000000000000001,2025-Jan-29-19:31:15.237455
1.1111128709475113,15647,25,1,1,-1,0,0.0,0.0,2025-Jan-29-19:31:15.296972
0.7185205030005031,15648,25,1,0,0,0,0.0,0.0,2025-Jan-29-19:31:15.342479
0.4160201626761834,15649,25,1,0,1,1,1.9000000000000001,1.9000000000000001,2025-Jan-29-19:31:15.441840
0.7185205030005031,15650,25,1,0,0,0,0.0,0.0,2025-Jan-29-19:31:15.487729
0.7561122308552579,15651,25,1,0,-1,0,0.0,0.0,2025-Jan-29-19:31:15.546934
1.1111128709475113,15652,25,1,1,-1,0,0.0,0.0,2025-Jan-29-19:31:15.634002
0.7185205030005031,15653,25,1,0,0,0,0.0,0.0,2025-Jan-29-19:31:15.718916
0.629780506117975,15654,25,1,0,-1,1,0.0,1.9000000000000001,2025-Jan-29-19:31:15.838694
0.7185205030005031,15655,25,1,0,0,0,0.0,0.0,2025-Jan-29-19:31:15.887492
0.9471794063316156,15656,25,1,1,0,1,0.0,1.9000000000000001,2025-Jan-29-19:31:15.964674
0.4160201626761834,15657,25,1,0,1,1,1.9000000000000001,1.9000000000000001,2025-Jan-29-19:31:16.063408
0.4160201626761834,15658,25,1,0,1,1,1.9000000000000001,1.9000000000000001,2025-Jan-29-19:31:16.163578
0.7185205030005031,15659,25,1,0,0,0,0.0,0.0,2025-Jan-29-19:31:16.209859
0.9471794063316156,15660,25,1,1,0,1,0.0,1.9000000000000001,2025-Jan-29-19:31:16.286695
0.5423573219619376,15661,25,1,0,1,0,1.9000000000000001,0.0,2025-Jan-29-19:31:16.361916
0.7185205030005031,15662,25,1,0,0,0,0.0,0.0,2025-Jan-29-19:31:16.407744
0.8973579620796409,15663,25,1,1,1,0,1.9000000000000001,0.0,2025-Jan-29-19:31:16.485756
0.7185205030005031,15664,25,1,0,0,0,0.0,0.0,2025-Jan-29-19:31:16.534528
0.629780506117975,15665,25,1,0,-1,1,0.0,1.9000000000000001,2025-Jan-29-19:31:16.648633
0.6298883869405699,15666,25,1,0,1,-1,1.9000000000000001,0.0,2025-Jan-29-19:31:16.783955
0.8060591477019475,15667,25,1,0,0,-1,0.0,0.0,2025-Jan-29-19:31:16.845418
1.1111128709475113,15668,25,1,1,-1,0,0.0,0.0,2025-Jan-29-19:31:16.906108
0.7185205030005031,15669,25,1,0,0,0,0.0,0.0,2025-Jan-29-19:31:16.952673
0.7185205030005031,15670,25,1,0,0,0,0.0,0.0,2025-Jan-29-19:31:16.998514
0.7185205030005031,15671,25,1,0,0,0,0.0,0.0,2025-Jan-29-19:31:17.044998
0.7185205030005031,15672,25,1,0,0,0,0.0,0.0,2025-Jan-29-19:31:17.091180
1.0735211430969913,15673,25,1,1,0,0,0.0,0.0,2025-Jan-29-19:31:17.138781
1.0735211430969913,15674,25,1,1,0,0,0.0,0.0,2025-Jan-29-19:31:17.186746
0.8973579620796409,15675,25,1,1,1,0,1.9000000000000001,0.0,2025-Jan-29-19:31:17.262575
0.5921787662199604,15676,25,1,0,0,1,0.0,1.9000000000000001,2025-Jan-29-19:31:17.339201
1.1111128709475113,15677,25,1,1,-1,0,0.0,0.0,2025-Jan-29-19:31:17.398381
0.7561122308552579,15678,25,1,0,-1,0,0.0,0.0,2025-Jan-29-19:31:17.454789
0.5921787662199604,15679,25,1,0,0,1,0.0,1.9000000000000001,2025-Jan-29-19:31:17.527458
0.9471794063316156,15680,25,1,1,0,1,0.0,1.9000000000000001,2025-Jan-29-19:31:17.618452
1.0735211430969913,15681,25,1,1,0,0,0.0,0.0,2025-Jan-29-19:31:17.699449
0.8973579620796409,15682,25,1,1,1,0,1.9000000000000001,0.0,2025-Jan-29-19:31:17.797742
0.7561122308552579,15683,25,1,0,-1,0,0.0,0.0,2025-Jan-29-19:31:17.859002
0.5423573219619376,15684,25,1,0,1,0,1.9000000000000001,0.0,2025-Jan-29-19:31:17.933119
0.7185205030005031,15685,25,1,0,0,0,0.0,0.0,2025-Jan-29-19:31:17.976804
0.8436562666978078,15686,25,1,0,-1,-1,0.0,0.0,2025-Jan-29-19:31:18.044524
1.0735211430969913,15687,25,1,1,0,0,0.0,0.0,2025-Jan-29-19:31:18.087891
1.161059787788528,15688,25,1,1,0,-1,0.0,0.0,2025-Jan-29-19:31:18.143219
0.4160201626761834,15689,25,1,0,1,1,1.9000000000000001,1.9000000000000001,2025-Jan-29-19:31:18.238621
0.5423573219619376,15690,25,1,0,1,0,1.9000000000000001,0.0,2025-Jan-29-19:31:18.311709
0.7185205030005031,15691,25,1,0,0,0,0.0,0.0,2025-Jan-29-19:31:18.356095
0.8060591477019475,15692,25,1,0,0,-1,0.0,0.0,2025-Jan-29-19:31:18.411650
0.7185205030005031,15693,25,1,0,0,0,0.0,0.0,2025-Jan-29-19:31:18.455005
0.8060591477019475,15694,25,1,0,0,-1,0.0,0.0,2025-Jan-29-19:31:18.511475
0.7185205030005031,15695,25,1,0,0,0,0.0,0.0,2025-Jan-29-19:31:18.817296
0.7185205030005031,15696,25,1,0,0,0,0.0,0.0,2025-Jan-29-19:31:18.905158
0.7185205030005031,15697,25,1,0,0,0,0.0,0.0,2025-Jan-29-19:31:18.986392
0.7185205030005031,15698,25,1,0,0,0,0.0,0.0,2025-Jan-29-19:31:19.033530
0.8436562666978078,15699,25,1,0,-1,-1,0.0,0.0,2025-Jan-29-19:31:19.106584
0.7185205030005031,15700,25,1,0,0,0,0.0,0.0,2025-Jan-29-19:31:19.153333
0.8060591477019475,15701,25,1,0,0,-1,0.0,0.0,2025-Jan-29-19:31:19.213202
0.8436562666978078,15702,25,1,0,-1,-1,0.0,0.0,2025-Jan-29-19:31:19.286221
0.7185205030005031,15703,25,1,0,0,0,0.0,0.0,2025-Jan-29-19:31:19.332059
0.7561122308552579,15704,25,1,0,-1,0,0.0,0.0,2025-Jan-29-19:31:19.391581
0.7185205030005031,15705,25,1,0,0,0,0.0,0.0,2025-Jan-29-19:31:19.439492
0.5423573219619376,15706,25,1,0,1,0,1.9000000000000001,0.0,2025-Jan-29-19:31:19.515204
0.629780506117975,15707,25,1,0,-1,1,0.0,1.9000000000000001,2025-Jan-29-19:31:19.606364
1.1986569067802102,15708,25,1,1,-1,-1,0.0,0.0,2025-Jan-29-19:31:19.680164
0.629780506117975,15709,25,1,0,-1,1,0.0,1.9000000000000001,2025-Jan-29-19:31:19.819661
1.0735211430969913,15710,25,1,1,0,0,0.0,0.0,2025-Jan-29-19:31:19.910398
0.7185205030005031,15711,25,1,0,0,0,0.0,0.0,2025-Jan-29-19:31:19.998426
0.5921787662199604,15712,25,1,0,0,1,0.0,1.9000000000000001,2025-Jan-29-19:31:20.076773
0.7185205030005031,15713,25,1,0,0,0,0.0,0.0,2025-Jan-29-19:31:20.123733
0.8060591477019475,15714,25,1,0,0,-1,0.0,0.0,2025-Jan-29-19:31:20.183551
0.7185205030005031,15715,25,1,0,0,0,0.0,0.0,2025-Jan-29-19:31:20.229846
0.8060591477019475,15716,25,1,0,0,-1,0.0,0.0,2025-Jan-29-19:31:20.289469
0.7185205030005031,15717,25,1,0,0,0,0.0,0.0,2025-Jan-29-19:31:20.335423
0.7185205030005031,15718,25,1,0,0,0,0.0,0.0,2025-Jan-29-19:31:20.382113
0.7185205030005031,15719,25,1,0,0,0,0.0,0.0,2025-Jan-29-19:31:20.428498
1.0735211430969913,15720,25,1,1,0,0,0.0,0.0,2025-Jan-29-19:31:20.475278
0.7561122308552579,15721,25,1,0,-1,0,0.0,0.0,2025-Jan-29-19:31:20.536417
0.7185205030005031,15722,25,1,0,0,0,0.0,0.0,2025-Jan-29-19:31:20.583715
0.5423573219619376,15723,25,1,0,1,0,1.9000000000000001,0.0,2025-Jan-29-19:31:20.661793
0.7185205030005031,15724,25,1,0,0,0,0.0,0.0,2025-Jan-29-19:31:20.728469
0.7561122308552579,15725,25,1,0,-1,0,0.0,0.0,2025-Jan-29-19:31:20.822773
0.7561122308552579,15726,25,1,0,-1,0,0.0,0.0,2025-Jan-29-19:31:20.921127
0.8060591477019475,15727,25,1,0,0,-1,0.0,0.0,2025-Jan-29-19:31:20.986161
0.5423573219619376,15728,25,1,0,1,0,1.9000000000000001,0.0,2025-Jan-29-19:31:21.062729
0.7185205030005031,15729,25,1,0,0,0,0.0,0.0,2025-Jan-29-19:31:21.110005
1.0735211430969913,15730,25,1,1,0,0,0.0,0.0,2025-Jan-29-19:31:21.155963
0.8060591477019475,15731,25,1,0,0,-1,0.0,0.0,2025-Jan-29-19:31:21.215540
0.7185205030005031,15732,25,1,0,0,0,0.0,0.0,2025-Jan-29-19:31:21.264666
0.7561122308552579,15733,25,1,0,-1,0,0.0,0.0,2025-Jan-29-19:31:21.324024
0.8973579620796409,15734,25,1,1,1,0,1.9000000000000001,0.0,2025-Jan-29-19:31:21.399461
0.7561122308552579,15735,25,1,0,-1,0,0.0,0.0,2025-Jan-29-19:31:21.458738
0.8060591477019475,15736,25,1,0,0,-1,0.0,0.0,2025-Jan-29-19:31:21.517667
0.7185205030005031,15737,25,1,0,0,0,0.0,0.0,2025-Jan-29-19:31:21.563781
0.7561122308552579,15738,25,1,0,-1,0,0.0,0.0,2025-Jan-29-19:31:21.644604
0.8060591477019475,15739,25,1,0,0,-1,0.0,0.0,2025-Jan-29-19:31:21.772646
1.0735211430969913,15740,25,1,1,0,0,0.0,0.0,2025-Jan-29-19:31:21.861665
0.7710208028095181,15741,25,1,1,1,1,1.9000000000000001,1.9000000000000001,2025-Jan-29-19:31:21.969637
0.7561122308552579,15742,25,1,0,-1,0,0.0,0.0,2025-Jan-29-19:31:22.029151
1.0735211430969913,15743,25,1,1,0,0,0.0,0.0,2025-Jan-29-19:31:22.075486
0.8973579620796409,15744,25,1,1,1,0,1.9000000000000001,0.0,2025-Jan-29-19:31:22.151361
1.1986569067802102,15745,25,1,1,-1,-1,0.0,0.0,2025-Jan-29-19:31:22.223310
0.7185205030005031,15746,25,1,0,0,0,0.0,0.0,2025-Jan-29-19:31:22.269021
0.7185205030005031,15747,25,1,0,0,0,0.0,0.0,2025-Jan-29-19:31:22.314532
0.7710208028095181,15748,25,1,1,1,1,1.9000000000000001,1.9000000000000001,2025-Jan-29-19:31:22.415791
1.0735211430969913,15749,25,1,1,0,0,0.0,0.0,2025-Jan-29-19:31:22.462184
0.7710208028095181,15750,25,1,1,1,1,1.9000000000000001,1.9000000000000001,2025-Jan-29-19:31:22.560429
0.9471794063316156,15751,25,1,1,0,1,0.0,1.9000000000000001,2025-Jan-29-19:31:22.658592
0.5423573219619376,15752,25,1,0,1,0,1.9000000000000001,0.0,2025-Jan-29-19:31:22.784142
0.5921787662199604,15753,25,1,0,0,1,0.0,1.9000000000000001,2025-Jan-29-19:31:22.884112
0.7185205030005031,15754,25,1,0,0,0,0.0,0.0,2025-Jan-29-19:31:22.934348
0.9848890270480929,15755,25,1,1,1,-1,1.9000000000000001,0.0,2025-Jan-29-19:31:23.019158
0.9471794063316156,15756,25,1,1,0,1,0.0,1.9000000000000001,2025-Jan-29-19:31:23.090548
1.0735211430969913,15757,25,1,1,0,0,0.0,0.0,2025-Jan-29-19:31:23.133581
1.0735211430969913,15758,25,1,1,0,0,0.0,0.0,2025-Jan-29-19:31:23.176521
1.0735211430969913,15759,25,1,1,0,0,0.0,0.0,2025-Jan-29-19:31:23.219873
0.7185205030005031,15760,25,1,0,0,0,0.0,0.0,2025-Jan-29-19:31:23.263119
1.0735211430969913,15761,25,1,1,0,0,0.0,0.0,2025-Jan-29-19:31:23.305879
1.0735211430969913,15762,25,1,1,0,0,0.0,0.0,2025-Jan-29-19:31:23.350458
1.0735211430969913,15763,25,1,1,0,0,0.0,0.0,2025-Jan-29-19:31:23.393743
0.5423573219619376,15764,25,1,0,1,0,1.9000000000000001,0.0,2025-Jan-29-19:31:23.464959
1.0735211430969913,15765,25,1,1,0,0,0.0,0.0,2025-Jan-29-19:31:23.509043
1.0735211430969913,15766,25,1,1,0,0,0.0,0.0,2025-Jan-29-19:31:23.574099
0.9760242519712691,15767,25,1,1,-1,1,0.0,1.9000000000000001,2025-Jan-29-19:31:23.941420
0.7185205030005031,15768,25,1,0,0,0,0.0,0.0,2025-Jan-29-19:31:24.015164
0.7185205030005031,15769,25,1,0,0,0,0.0,0.0,2025-Jan-29-19:31:24.059823
1.1986569067802102,15770,25,1,1,-1,-1,0.0,0.0,2025-Jan-29-19:31:24.128651
1.0735211430969913,15771,25,1,1,0,0,0.0,0.0,2025-Jan-29-19:31:24.172021
0.9760242519712691,15772,25,1,1,-1,1,0.0,1.9000000000000001,2025-Jan-29-19:31:24.255282
0.9471794063316156,15773,25,1,1,0,1,0.0,1.9000000000000001,2025-Jan-29-19:31:24.326886
1.1986569067802102,15774,25,1,1,-1,-1,0.0,0.0,2025-Jan-29-19:31:24.394900
0.9471794063316156,15775,25,1,1,0,1,0.0,1.9000000000000001,2025-Jan-29-19:31:24.466113
1.0735211430969913,15776,25,1,1,0,0,0.0,0.0,2025-Jan-29-19:31:24.509513
0.8973579620796409,15777,25,1,1,1,0,1.9000000000000001,0.0,2025-Jan-29-19:31:24.599832
0.9471794063316156,15778,25,1,1,0,1,0.0,1.9000000000000001,2025-Jan-29-19:31:24.700635
0.9471794063316156,15779,25,1,1,0,1,0.0,1.9000000000000001,2025-Jan-29-19:31:24.800524
0.7185205030005031,15780,25,1,0,0,0,0.0,0.0,2025-Jan-29-19:31:24.847815
0.9471794063316156,15781,25,1,1,0,1,0.0,1.9000000000000001,2025-Jan-29-19:31:24.919633
0.629780506117975,15782,25,1,0,-1,1,0.0,1.9000000000000001,2025-Jan-29-19:31:25.003764
1.0735211430969913,15783,25,1,1,0,0,0.0,0.0,2025-Jan-29-19:31:25.047188
0.9471794063316156,15784,25,1,1,0,1,0.0,1.9000000000000001,2025-Jan-29-19:31:25.118893
0.7185205030005031,15785,25,1,0,0,0,0.0,0.0,2025-Jan-29-19:31:25.162168
0.7185205030005031,15786,25,1,0,0,0,0.0,0.0,2025-Jan-29-19:31:25.205061
0.7710208028095181,15787,25,1,1,1,1,1.9000000000000001,1.9000000000000001,2025-Jan-29-19:31:25.299120
0.9471794063316156,15788,25,1,1,0,1,0.0,1.9000000000000001,2025-Jan-29-19:31:25.370775
1.0735211430969913,15789,25,1,1,0,0,0.0,0.0,2025-Jan-29-19:31:25.415310
1.161059787788528,15790,25,1,1,0,-1,0.0,0.0,2025-Jan-29-19:31:25.471246
0.7561122308552579,15791,25,1,0,-1,0,0.0,0.0,2025-Jan-29-19:31:25.526968
0.8973579620796409,15792,25,1,1,1,0,1.9000000000000001,0.0,2025-Jan-29-19:31:25.615021
0.7185205030005031,15793,25,1,0,0,0,0.0,0.0,2025-Jan-29-19:31:25.688625
0.7561122308552579,15794,25,1,0,-1,0,0.0,0.0,2025-Jan-29-19:31:25.774233
0.7185205030005031,15795,25,1,0,0,0,0.0,0.0,2025-Jan-29-19:31:25.818664
1.0735211430969913,15796,25,1,1,0,0,0.0,0.0,2025-Jan-29-19:31:25.862220
0.7185205030005031,15797,25,1,0,0,0,0.0,0.0,2025-Jan-29-19:31:25.905913
0.7185205030005031,15798,25,1,0,0,0,0.0,0.0,2025-Jan-29-19:31:25.951394
1.0735211430969913,15799,25,1,1,0,0,0.0,0.0,2025-Jan-29-19:31:25.995296
0.9760242519712691,15800,25,1,1,-1,1,0.0,1.9000000000000001,2025-Jan-29-19:31:26.079972
0.9471794063316156,15801,25,1,1,0,1,0.0,1.9000000000000001,2025-Jan-29-19:31:26.152497
0.7561122308552579,15802,25,1,0,-1,0,0.0,0.0,2025-Jan-29-19:31:26.207987
0.5921787662199604,15803,25,1,0,0,1,0.0,1.9000000000000001,2025-Jan-29-19:31:26.279777
0.7185205030005031,15804,25,1,0,0,0,0.0,0.0,2025-Jan-29-19:31:26.323022
1.161059787788528,15805,25,1,1,0,-1,0.0,0.0,2025-Jan-29-19:31:26.378830
1.1111128709475113,15806,25,1,1,-1,0,0.0,0.0,2025-Jan-29-19:31:26.434476
0.7185205030005031,15807,25,1,0,0,0,0.0,0.0,2025-Jan-29-19:31:26.478364
0.7185205030005031,15808,25,1,0,0,0,0.0,0.0,2025-Jan-29-19:31:26.521593
0.8973579620796409,15809,25,1,1,1,0,1.9000000000000001,0.0,2025-Jan-29-19:31:26.623941
0.5423573219619376,15810,25,1,0,1,0,1.9000000000000001,0.0,2025-Jan-29-19:31:26.741046
0.7185205030005031,15811,25,1,0,0,0,0.0,0.0,2025-Jan-29-19:31:26.789304
1.0735211430969913,15812,25,1,1,0,0,0.0,0.0,2025-Jan-29-19:31:26.835796
0.7185205030005031,15813,25,1,0,0,0,0.0,0.0,2025-Jan-29-19:31:26.879403
0.9471794063316156,15814,25,1,1,0,1,0.0,1.9000000000000001,2025-Jan-29-19:31:26.951046
1.1111128709475113,15815,25,1,1,-1,0,0.0,0.0,2025-Jan-29-19:31:27.007169
1.0735211430969913,15816,25,1,1,0,0,0.0,0.0,2025-Jan-29-19:31:27.050172
0.8060591477019475,15817,25,1,0,0,-1,0.0,0.0,2025-Jan-29-19:31:27.106173
0.6298883869405699,15818,25,1,0,1,-1,1.9000000000000001,0.0,2025-Jan-29-19:31:27.189885
1.0735211430969913,15819,25,1,1,0,0,0.0,0.0,2025-Jan-29-19:31:27.232766
0.629780506117975,15820,25,1,0,-1,1,0.0,1.9000000000000001,2025-Jan-29-19:31:27.316572
1.0735211430969913,15821,25,1,1,0,0,0.0,0.0,2025-Jan-29-19:31:27.360205
0.9471794063316156,15822,25,1,1,0,1,0.0,1.9000000000000001,2025-Jan-29-19:31:27.432467
1.161059787788528,15823,25,1,1,0,-1,0.0,0.0,2025-Jan-29-19:31:27.488318
0.7185205030005031,15824,25,1,0,0,0,0.0,0.0,2025-Jan-29-19:31:27.531609
1.0735211430969913,15825,25,1,1,0,0,0.0,0.0,2025-Jan-29-19:31:27.588682
0.9760242519712691,15826,25,1,1,-1,1,0.0,1.9000000000000001,2025-Jan-29-19:31:27.723008
0.9471794063316156,15827,25,1,1,0,1,0.0,1.9000000000000001,2025-Jan-29-19:31:27.818793
1.0735211430969913,15828,25,1,1,0,0,0.0,0.0,2025-Jan-29-19:31:27.865017
0.7185205030005031,15829,25,1,0,0,0,0.0,0.0,2025-Jan-29-19:31:27.910637
0.4160201626761834,15830,25,1,0,1,1,1.9000000000000001,1.9000000000000001,2025-Jan-29-19:31:28.005990
0.7185205030005031,15831,25,1,0,0,0,0.0,0.0,2025-Jan-29-19:31:28.283028
0.8060591477019475,15832,25,1,0,0,-1,0.0,0.0,2025-Jan-29-19:31:28.340473
0.7185205030005031,15833,25,1,0,0,0,0.0,0.0,2025-Jan-29-19:31:28.384402
0.8060591477019475,15834,25,1,0,0,-1,0.0,0.0,2025-Jan-29-19:31:28.440158
1.0735211430969913,15835,25,1,1,0,0,0.0,0.0,2025-Jan-29-19:31:28.483747
0.9848890270480929,15836,25,1,1,1,-1,1.9000000000000001,0.0,2025-Jan-29-19:31:28.587654
1.0735211430969913,15837,25,1,1,0,0,0.0,0.0,2025-Jan-29-19:31:28.665564
0.7710208028095181,15838,25,1,1,1,1,1.9000000000000001,1.9000000000000001,2025-Jan-29-19:31:28.797750
1.0735211430969913,15839,25,1,1,0,0,0.0,0.0,2025-Jan-29-19:31:28.841646
0.7185205030005031,15840,25,1,0,0,0,0.0,0.0,2025-Jan-29-19:31:28.885666
0.7561122308552579,15841,25,1,0,-1,0,0.0,0.0,2025-Jan-29-19:31:28.941633
0.9471794063316156,15842,25,1,1,0,1,0.0,1.9000000000000001,2025-Jan-29-19:31:29.013261
0.7185205030005031,15843,25,1,0,0,0,0.0,0.0,2025-Jan-29-19:31:29.056759
0.5921787662199604,15844,25,1,0,0,1,0.0,1.9000000000000001,2025-Jan-29-19:31:29.128885
0.4160201626761834,15845,25,1,0,1,1,1.9000000000000001,1.9000000000000001,2025-Jan-29-19:31:29.224057
0.7185205030005031,15846,25,1,0,0,0,0.0,0.0,2025-Jan-29-19:31:29.267802
1.0735211430969913,15847,25,1,1,0,0,0.0,0.0,2025-Jan-29-19:31:29.311040
0.7185205030005031,15848,25,1,0,0,0,0.0,0.0,2025-Jan-29-19:31:29.354270
0.7185205030005031,15849,25,1,0,0,0,0.0,0.0,2025-Jan-29-19:31:29.397350
0.9848890270480929,15850,25,1,1,1,-1,1.9000000000000001,0.0,2025-Jan-29-19:31:29.483740
0.9471794063316156,15851,25,1,1,0,1,0.0,1.9000000000000001,2025-Jan-29-19:31:29.573633
0.5423573219619376,15852,25,1,0,1,0,1.9000000000000001,0.0,2025-Jan-29-19:31:29.680678
0.5423573219619376,15853,25,1,0,1,0,1.9000000000000001,0.0,2025-Jan-29-19:31:29.778848
0.7185205030005031,15854,25,1,0,0,0,0.0,0.0,2025-Jan-29-19:31:29.825490
0.6298883869405699,15855,25,1,0,1,-1,1.9000000000000001,0.0,2025-Jan-29-19:31:29.911690
0.5921787662199604,15856,25,1,0,0,1,0.0,1.9000000000000001,2025-Jan-29-19:31:29.983059
0.4160201626761834,15857,25,1,0,1,1,1.9000000000000001,1.9000000000000001,2025-Jan-29-19:31:30.079183
0.5921787662199604,15858,25,1,0,0,1,0.0,1.9000000000000001,2025-Jan-29-19:31:30.150972
0.5423573219619376,15859,25,1,0,1,0,1.9000000000000001,0.0,2025-Jan-29-19:31:30.222061
0.5423573219619376,15860,25,1,0,1,0,1.9000000000000001,0.0,2025-Jan-29-19:31:30.295284
0.6298883869405699,15861,25,1,0,1,-1,1.9000000000000001,0.0,2025-Jan-29-19:31:30.379564
0.7561122308552579,15862,25,1,0,-1,0,0.0,0.0,2025-Jan-29-19:31:30.434644
0.7710208028095181,15863,25,1,1,1,1,1.9000000000000001,1.9000000000000001,2025-Jan-29-19:31:30.528937
0.5423573219619376,15864,25,1,0,1,0,1.9000000000000001,0.0,2025-Jan-29-19:31:30.622394
0.7710208028095181,15865,25,1,1,1,1,1.9000000000000001,1.9000000000000001,2025-Jan-29-19:31:30.748815
1.1111128709475113,15866,25,1,1,-1,0,0.0,0.0,2025-Jan-29-19:31:30.806800
0.8060591477019475,15867,25,1,0,0,-1,0.0,0.0,2025-Jan-29-19:31:30.867437
0.6298883869405699,15868,25,1,0,1,-1,1.9000000000000001,0.0,2025-Jan-29-19:31:30.958213
0.7185205030005031,15869,25,1,0,0,0,0.0,0.0,2025-Jan-29-19:31:31.002702
1.0735211430969913,15870,25,1,1,0,0,0.0,0.0,2025-Jan-29-19:31:31.045747
0.7185205030005031,15871,25,1,0,0,0,0.0,0.0,2025-Jan-29-19:31:31.094430
1.1111128709475113,15872,25,1,1,-1,0,0.0,0.0,2025-Jan-29-19:31:31.156441
0.5423573219619376,15873,25,1,0,1,0,1.9000000000000001,0.0,2025-Jan-29-19:31:31.229952
0.8436562666978078,15874,25,1,0,-1,-1,0.0,0.0,2025-Jan-29-19:31:31.300325
0.5921787662199604,15875,25,1,0,0,1,0.0,1.9000000000000001,2025-Jan-29-19:31:31.377397
0.629780506117975,15876,25,1,0,-1,1,0.0,1.9000000000000001,2025-Jan-29-19:31:31.468546
0.5423573219619376,15877,25,1,0,1,0,1.9000000000000001,0.0,2025-Jan-29-19:31:31.547194
0.5921787662199604,15878,25,1,0,0,1,0.0,1.9000000000000001,2025-Jan-29-19:31:31.668717
0.7185205030005031,15879,25,1,0,0,0,0.0,0.0,2025-Jan-29-19:31:31.745977
1.0735211430969913,15880,25,1,1,0,0,0.0,0.0,2025-Jan-29-19:31:31.812023
0.7185205030005031,15881,25,1,0,0,0,0.0,0.0,2025-Jan-29-19:31:31.858115
0.629780506117975,15882,25,1,0,-1,1,0.0,1.9000000000000001,2025-Jan-29-19:31:31.945606
0.7185205030005031,15883,25,1,0,0,0,0.0,0.0,2025-Jan-29-19:31:31.989467
0.7185205030005031,15884,25,1,0,0,0,0.0,0.0,2025-Jan-29-19:31:32.032702
0.7185205030005031,15885,25,1,0,0,0,0.0,0.0,2025-Jan-29-19:31:32.078692
0.7185205030005031,15886,25,1,0,0,0,0.0,0.0,2025-Jan-29-19:31:32.129364
0.4160201626761834,15887,25,1,0,1,1,1.9000000000000001,1.9000000000000001,2025-Jan-29-19:31:32.232238
0.7185205030005031,15888,25,1,0,0,0,0.0,0.0,2025-Jan-29-19:31:32.275439
0.7185205030005031,15889,25,1,0,0,0,0.0,0.0,2025-Jan-29-19:31:32.319017
0.7185205030005031,15890,25,1,0,0,0,0.0,0.0,2025-Jan-29-19:31:32.362048
1.161059787788528,15891,25,1,1,0,-1,0.0,0.0,2025-Jan-29-19:31:32.419066
0.5921787662199604,15892,25,1,0,0,1,0.0,1.9000000000000001,2025-Jan-29-19:31:32.490356
0.7710208028095181,15893,25,1,1,1,1,1.9000000000000001,1.9000000000000001,2025-Jan-29-19:31:32.617969
0.7561122308552579,15894,25,1,0,-1,0,0.0,0.0,2025-Jan-29-19:31:32.708315
1.0735211430969913,15895,25,1,1,0,0,0.0,0.0,2025-Jan-29-19:31:32.773938
0.4160201626761834,15896,25,1,0,1,1,1.9000000000000001,1.9000000000000001,2025-Jan-29-19:31:32.869503
0.6298883869405699,15897,25,1,0,1,-1,1.9000000000000001,0.0,2025-Jan-29-19:31:33.162111
0.7710208028095181,15898,25,1,1,1,1,1.9000000000000001,1.9000000000000001,2025-Jan-29-19:31:33.258176
1.0735211430969913,15899,25,1,1,0,0,0.0,0.0,2025-Jan-29-19:31:33.301367
0.7185205030005031,15900,25,1,0,0,0,0.0,0.0,2025-Jan-29-19:31:33.344405
0.7561122308552579,15901,25,1,0,-1,0,0.0,0.0,2025-Jan-29-19:31:33.399962
0.5921787662199604,15902,25,1,0,0,1,0.0,1.9000000000000001,2025-Jan-29-19:31:33.474222
0.9471794063316156,15903,25,1,1,0,1,0.0,1.9000000000000001,2025-Jan-29-19:31:33.547337
0.629780506117975,15904,25,1,0,-1,1,0.0,1.9000000000000001,2025-Jan-29-19:31:33.686506
1.0735211430969913,15905,25,1,1,0,0,0.0,0.0,2025-Jan-29-19:31:33.758418
1.1111128709475113,15906,25,1,1,-1,0,0.0,0.0,2025-Jan-29-19:31:33.820187
0.7185205030005031,15907,25,1,0,0,0,0.0,0.0,2025-Jan-29-19:31:33.865175
0.8973579620796409,15908,25,1,1,1,0,1.9000000000000001,0.0,2025-Jan-29-19:31:33.937118
1.161059787788528,15909,25,1,1,0,-1,0.0,0.0,2025-Jan-29-19:31:33.992538
0.8060591477019475,15910,25,1,0,0,-1,0.0,0.0,2025-Jan-29-19:31:34.048194
1.0735211430969913,15911,25,1,1,0,0,0.0,0.0,2025-Jan-29-19:31:34.092223
1.161059787788528,15912,25,1,1,0,-1,0.0,0.0,2025-Jan-29-19:31:34.148191
0.7710208028095181,15913,25,1,1,1,1,1.9000000000000001,1.9000000000000001,2025-Jan-29-19:31:34.242895
0.5921787662199604,15914,25,1,0,0,1,0.0,1.9000000000000001,2025-Jan-29-19:31:34.315518
0.7185205030005031,15915,25,1,0,0,0,0.0,0.0,2025-Jan-29-19:31:34.358936
0.6298883869405699,15916,25,1,0,1,-1,1.9000000000000001,0.0,2025-Jan-29-19:31:34.443093
0.8973579620796409,15917,25,1,1,1,0,1.9000000000000001,0.0,2025-Jan-29-19:31:34.515335
0.7185205030005031,15918,25,1,0,0,0,0.0,0.0,2025-Jan-29-19:31:34.579952
0.629780506117975,15919,25,1,0,-1,1,0.0,1.9000000000000001,2025-Jan-29-19:31:34.698132
1.0735211430969913,15920,25,1,1,0,0,0.0,0.0,2025-Jan-29-19:31:34.765355
0.9848890270480929,15921,25,1,1,1,-1,1.9000000000000001,0.0,2025-Jan-29-19:31:34.850061
0.7561122308552579,15922,25,1,0,-1,0,0.0,0.0,2025-Jan-29-19:31:34.908835
0.8060591477019475,15923,25,1,0,0,-1,0.0,0.0,2025-Jan-29-19:31:34.964735
0.7710208028095181,15924,25,1,1,1,1,1.9000000000000001,1.9000000000000001,2025-Jan-29-19:31:35.058876
1.1111128709475113,15925,25,1,1,-1,0,0.0,0.0,2025-Jan-29-19:31:35.114545
1.0735211430969913,15926,25,1,1,0,0,0.0,0.0,2025-Jan-29-19:31:35.158020
0.8060591477019475,15927,25,1,0,0,-1,0.0,0.0,2025-Jan-29-19:31:35.216400
1.0735211430969913,15928,25,1,1,0,0,0.0,0.0,2025-Jan-29-19:31:35.261593
0.7710208028095181,15929,25,1,1,1,1,1.9000000000000001,1.9000000000000001,2025-Jan-29-19:31:35.356226
1.0735211430969913,15930,25,1,1,0,0,0.0,0.0,2025-Jan-29-19:31:35.399655
0.7710208028095181,15931,25,1,1,1,1,1.9000000000000001,1.9000000000000001,2025-Jan-29-19:31:35.493820
0.7185205030005031,15932,25,1,0,0,0,0.0,0.0,2025-Jan-29-19:31:35.537312
1.1986569067802102,15933,25,1,1,-1,-1,0.0,0.0,2025-Jan-29-19:31:35.629187
0.9848890270480929,15934,25,1,1,1,-1,1.9000000000000001,0.0,2025-Jan-29-19:31:35.747423
0.629780506117975,15935,25,1,0,-1,1,0.0,1.9000000000000001,2025-Jan-29-19:31:35.835327
0.629780506117975,15936,25,1,0,-1,1,0.0,1.9000000000000001,2025-Jan-29-19:31:35.935423
1.0735211430969913,15937,25,1,1,0,0,0.0,0.0,2025-Jan-29-19:31:35.980554
1.0735211430969913,15938,25,1,1,0,0,0.0,0.0,2025-Jan-29-19:31:36.024332
0.9760242519712691,15939,25,1,1,-1,1,0.0,1.9000000000000001,2025-Jan-29-19:31:36.108827
0.7710208028095181,15940,25,1,1,1,1,1.9000000000000001,1.9000000000000001,2025-Jan-29-19:31:36.205627
0.8060591477019475,15941,25,1,0,0,-1,0.0,0.0,2025-Jan-29-19:31:36.262281
0.7185205030005031,15942,25,1,0,0,0,0.0,0.0,2025-Jan-29-19:31:36.308095
0.7185205030005031,15943,25,1,0,0,0,0.0,0.0,2025-Jan-29-19:31:36.351470
0.9471794063316156,15944,25,1,1,0,1,0.0,1.9000000000000001,2025-Jan-29-19:31:36.427820
0.7185205030005031,15945,25,1,0,0,0,0.0,0.0,2025-Jan-29-19:31:36.474495
0.7185205030005031,15946,25,1,0,0,0,0.0,0.0,2025-Jan-29-19:31:36.519203
1.161059787788528,15947,25,1,1,0,-1,0.0,0.0,2025-Jan-29-19:31:36.598860
1.161059787788528,15948,25,1,1,0,-1,0.0,0.0,2025-Jan-29-19:31:36.680522
1.0735211430969913,15949,25,1,1,0,0,0.0,0.0,2025-Jan-29-19:31:36.755887
0.7561122308552579,15950,25,1,0,-1,0,0.0,0.0,2025-Jan-29-19:31:36.815483
0.5423573219619376,15951,25,1,0,1,0,1.9000000000000001,0.0,2025-Jan-29-19:31:36.888348
0.7185205030005031,15952,25,1,0,0,0,0.0,0.0,2025-Jan-29-19:31:36.934884
0.7185205030005031,15953,25,1,0,0,0,0.0,0.0,2025-Jan-29-19:31:36.978539
0.7185205030005031,15954,25,1,0,0,0,0.0,0.0,2025-Jan-29-19:31:37.023952
0.7185205030005031,15955,25,1,0,0,0,0.0,0.0,2025-Jan-29-19:31:37.067454
0.7185205030005031,15956,25,1,0,0,0,0.0,0.0,2025-Jan-29-19:31:37.112261
0.5921787662199604,15957,25,1,0,0,1,0.0,1.9000000000000001,2025-Jan-29-19:31:37.184071
0.7185205030005031,15958,25,1,0,0,0,0.0,0.0,2025-Jan-29-19:31:37.227286
1.0735211430969913,15959,25,1,1,0,0,0.0,0.0,2025-Jan-29-19:31:37.270832
0.5423573219619376,15960,25,1,0,1,0,1.9000000000000001,0.0,2025-Jan-29-19:31:37.343050
1.161059787788528,15961,25,1,1,0,-1,0.0,0.0,2025-Jan-29-19:31:37.398893
0.7561122308552579,15962,25,1,0,-1,0,0.0,0.0,2025-Jan-29-19:31:37.454369
1.0735211430969913,15963,25,1,1,0,0,0.0,0.0,2025-Jan-29-19:31:37.497766
0.7185205030005031,15964,25,1,0,0,0,0.0,0.0,2025-Jan-29-19:31:37.541464
0.9471794063316156,15965,25,1,1,0,1,0.0,1.9000000000000001,2025-Jan-29-19:31:37.638468
0.7185205030005031,15966,25,1,0,0,0,0.0,0.0,2025-Jan-29-19:31:37.706375
0.7185205030005031,15967,25,1,0,0,0,0.0,0.0,2025-Jan-29-19:31:37.774182
1.1111128709475113,15968,25,1,1,-1,0,0.0,0.0,2025-Jan-29-19:31:37.831719
0.629780506117975,15969,25,1,0,-1,1,0.0,1.9000000000000001,2025-Jan-29-19:31:37.918702
1.0735211430969913,15970,25,1,1,0,0,0.0,0.0,2025-Jan-29-19:31:37.962658
0.7185205030005031,15971,25,1,0,0,0,0.0,0.0,2025-Jan-29-19:31:38.006278
0.7185205030005031,15972,25,1,0,0,0,0.0,0.0,2025-Jan-29-19:31:38.272205
0.7185205030005031,15973,25,1,0,0,0,0.0,0.0,2025-Jan-29-19:31:38.317274
0.7185205030005031,15974,25,1,0,0,0,0.0,0.0,2025-Jan-29-19:31:38.360925
1.0735211430969913,15975,25,1,1,0,0,0.0,0.0,2025-Jan-29-19:31:38.403917
1.0735211430969913,15976,25,1,1,0,0,0.0,0.0,2025-Jan-29-19:31:38.447499
0.7185205030005031,15977,25,1,0,0,0,0.0,0.0,2025-Jan-29-19:31:38.490447
0.7185205030005031,15978,25,1,0,0,0,0.0,0.0,2025-Jan-29-19:31:38.533350
0.7185205030005031,15979,25,1,0,0,0,0.0,0.0,2025-Jan-29-19:31:38.595198
1.0735211430969913,15980,25,1,1,0,0,0.0,0.0,2025-Jan-29-19:31:38.670423
0.4160201626761834,15981,25,1,0,1,1,1.9000000000000001,1.9000000000000001,2025-Jan-29-19:31:38.798359
0.6298883869405699,15982,25,1,0,1,-1,1.9000000000000001,0.0,2025-Jan-29-19:31:38.883663
0.4160201626761834,15983,25,1,0,1,1,1.9000000000000001,1.9000000000000001,2025-Jan-29-19:31:38.979426
0.6298883869405699,15984,25,1,0,1,-1,1.9000000000000001,0.0,2025-Jan-29-19:31:39.063209
0.629780506117975,15985,25,1,0,-1,1,0.0,1.9000000000000001,2025-Jan-29-19:31:39.147291
0.7561122308552579,15986,25,1,0,-1,0,0.0,0.0,2025-Jan-29-19:31:39.202514
0.9471794063316156,15987,25,1,1,0,1,0.0,1.9000000000000001,2025-Jan-29-19:31:39.274067
0.7185205030005031,15988,25,1,0,0,0,0.0,0.0,2025-Jan-29-19:31:39.317147
1.1111128709475113,15989,25,1,1,-1,0,0.0,0.0,2025-Jan-29-19:31:39.372593
0.7710208028095181,15990,25,1,1,1,1,1.9000000000000001,1.9000000000000001,2025-Jan-29-19:31:39.466759
0.8973579620796409,15991,25,1,1,1,0,1.9000000000000001,0.0,2025-Jan-29-19:31:39.538402
1.1111128709475113,15992,25,1,1,-1,0,0.0,0.0,2025-Jan-29-19:31:39.613442
0.4160201626761834,15993,25,1,0,1,1,1.9000000000000001,1.9000000000000001,2025-Jan-29-19:31:39.755073
0.9471794063316156,15994,25,1,1,0,1,0.0,1.9000000000000001,2025-Jan-29-19:31:39.832530
0.7710208028095181,15995,25,1,1,1,1,1.9000000000000001,1.9000000000000001,2025-Jan-29-19:31:39.930049
0.7185205030005031,15996,25,1,0,0,0,0.0,0.0,2025-Jan-29-19:31:39.973950
0.6298883869405699,15997,25,1,0,1,-1,1.9000000000000001,0.0,2025-Jan-29-19:31:40.059390
0.4160201626761834,15998,25,1,0,1,1,1.9000000000000001,1.9000000000000001,2025-Jan-29-19:31:40.156789
1.0735211430969913,15999,25,1,1,0,0,0.0,0.0,2025-Jan-29-19:31:40.200635
0.7710208028095181,16000,25,1,1,1,1,1.9000000000000001,1.9000000000000001,2025-Jan-29-19:31:40.296498
0.9471794063316156,16001,25,1,1,0,1,0.0,1.9000000000000001,2025-Jan-29-19:31:40.367731
0.8973579620796409,16002,25,1,1,1,0,1.9000000000000001,0.0,2025-Jan-29-19:31:40.439853
0.4160201626761834,16003,25,1,0,1,1,1.9000000000000001,1.9000000000000001,2025-Jan-29-19:31:40.534104
1.0735211430969913,16004,25,1,1,0,0,0.0,0.0,2025-Jan-29-19:31:40.611113
0.4160201626761834,16005,25,1,0,1,1,1.9000000000000001,1.9000000000000001,2025-Jan-29-19:31:40.758793
0.7185205030005031,16006,25,1,0,0,0,0.0,0.0,2025-Jan-29-19:31:40.816205
0.5921787662199604,16007,25,1,0,0,1,0.0,1.9000000000000001,2025-Jan-29-19:31:40.890851
1.1986569067802102,16008,25,1,1,-1,-1,0.0,0.0,2025-Jan-29-19:31:40.959315
0.7185205030005031,16009,25,1,0,0,0,0.0,0.0,2025-Jan-29-19:31:41.002756
1.161059787788528,16010,25,1,1,0,-1,0.0,0.0,2025-Jan-29-19:31:41.058674
0.9848890270480929,16011,25,1,1,1,-1,1.9000000000000001,0.0,2025-Jan-29-19:31:41.143340
0.9471794063316156,16012,25,1,1,0,1,0.0,1.9000000000000001,2025-Jan-29-19:31:41.215594
0.4160201626761834,16013,25,1,0,1,1,1.9000000000000001,1.9000000000000001,2025-Jan-29-19:31:41.310067
0.9760242519712691,16014,25,1,1,-1,1,0.0,1.9000000000000001,2025-Jan-29-19:31:41.395078
0.4160201626761834,16015,25,1,0,1,1,1.9000000000000001,1.9000000000000001,2025-Jan-29-19:31:41.490431
0.8973579620796409,16016,25,1,1,1,0,1.9000000000000001,0.0,2025-Jan-29-19:31:41.582027
0.4160201626761834,16017,25,1,0,1,1,1.9000000000000001,1.9000000000000001,2025-Jan-29-19:31:41.716254
0.7185205030005031,16018,25,1,0,0,0,0.0,0.0,2025-Jan-29-19:31:41.779427
0.629780506117975,16019,25,1,0,-1,1,0.0,1.9000000000000001,2025-Jan-29-19:31:41.864305
0.7710208028095181,16020,25,1,1,1,1,1.9000000000000001,1.9000000000000001,2025-Jan-29-19:31:41.963587
0.7185205030005031,16021,25,1,0,0,0,0.0,0.0,2025-Jan-29-19:31:42.010571
0.4160201626761834,16022,25,1,0,1,1,1.9000000000000001,1.9000000000000001,2025-Jan-29-19:31:42.109002
0.7710208028095181,16023,25,1,1,1,1,1.9000000000000001,1.9000000000000001,2025-Jan-29-19:31:42.204157
0.4160201626761834,16024,25,1,0,1,1,1.9000000000000001,1.9000000000000001,2025-Jan-29-19:31:42.300923
0.629780506117975,16025,25,1,0,-1,1,0.0,1.9000000000000001,2025-Jan-29-19:31:42.385333
0.7185205030005031,16026,25,1,0,0,0,0.0,0.0,2025-Jan-29-19:31:42.428649
0.7185205030005031,16027,25,1,0,0,0,0.0,0.0,2025-Jan-29-19:31:42.471640
0.8060591477019475,16028,25,1,0,0,-1,0.0,0.0,2025-Jan-29-19:31:42.528017
0.5921787662199604,16029,25,1,0,0,1,0.0,1.9000000000000001,2025-Jan-29-19:31:42.609542
1.0735211430969913,16030,25,1,1,0,0,0.0,0.0,2025-Jan-29-19:31:42.686490
0.4160201626761834,16031,25,1,0,1,1,1.9000000000000001,1.9000000000000001,2025-Jan-29-19:31:42.807639
0.6298883869405699,16032,25,1,0,1,-1,1.9000000000000001,0.0,2025-Jan-29-19:31:42.897264
0.4160201626761834,16033,25,1,0,1,1,1.9000000000000001,1.9000000000000001,2025-Jan-29-19:31:42.992602
0.7185205030005031,16034,25,1,0,0,0,0.0,0.0,2025-Jan-29-19:31:43.246250
0.629780506117975,16035,25,1,0,-1,1,0.0,1.9000000000000001,2025-Jan-29-19:31:43.331133
0.629780506117975,16036,25,1,0,-1,1,0.0,1.9000000000000001,2025-Jan-29-19:31:43.415954
0.5921787662199604,16037,25,1,0,0,1,0.0,1.9000000000000001,2025-Jan-29-19:31:43.487329
0.7185205030005031,16038,25,1,0,0,0,0.0,0.0,2025-Jan-29-19:31:43.530389
1.0735211430969913,16039,25,1,1,0,0,0.0,0.0,2025-Jan-29-19:31:43.587193
0.4160201626761834,16040,25,1,0,1,1,1.9000000000000001,1.9000000000000001,2025-Jan-29-19:31:43.720216
0.5423573219619376,16041,25,1,0,1,0,1.9000000000000001,0.0,2025-Jan-29-19:31:43.818315
0.7561122308552579,16042,25,1,0,-1,0,0.0,0.0,2025-Jan-29-19:31:43.874485
1.0735211430969913,16043,25,1,1,0,0,0.0,0.0,2025-Jan-29-19:31:43.918061
0.5921787662199604,16044,25,1,0,0,1,0.0,1.9000000000000001,2025-Jan-29-19:31:43.989828
0.7710208028095181,16045,25,1,1,1,1,1.9000000000000001,1.9000000000000001,2025-Jan-29-19:31:44.084777
0.7185205030005031,16046,25,1,0,0,0,0.0,0.0,2025-Jan-29-19:31:44.128860
0.7185205030005031,16047,25,1,0,0,0,0.0,0.0,2025-Jan-29-19:31:44.172320
1.0735211430969913,16048,25,1,1,0,0,0.0,0.0,2025-Jan-29-19:31:44.217064
0.5921787662199604,16049,25,1,0,0,1,0.0,1.9000000000000001,2025-Jan-29-19:31:44.289513
0.7710208028095181,16050,25,1,1,1,1,1.9000000000000001,1.9000000000000001,2025-Jan-29-19:31:44.383778
0.9471794063316156,16051,25,1,1,0,1,0.0,1.9000000000000001,2025-Jan-29-19:31:44.455526
0.5423573219619376,16052,25,1,0,1,0,1.9000000000000001,0.0,2025-Jan-29-19:31:44.527650
1.0735211430969913,16053,25,1,1,0,0,0.0,0.0,2025-Jan-29-19:31:44.589048
0.7185205030005031,16054,25,1,0,0,0,0.0,0.0,2025-Jan-29-19:31:44.667681
1.0735211430969913,16055,25,1,1,0,0,0.0,0.0,2025-Jan-29-19:31:44.748510
0.7710208028095181,16056,25,1,1,1,1,1.9000000000000001,1.9000000000000001,2025-Jan-29-19:31:44.855816
0.8973579620796409,16057,25,1,1,1,0,1.9000000000000001,0.0,2025-Jan-29-19:31:44.928309
0.7710208028095181,16058,25,1,1,1,1,1.9000000000000001,1.9000000000000001,2025-Jan-29-19:31:45.023106
0.7710208028095181,16059,25,1,1,1,1,1.9000000000000001,1.9000000000000001,2025-Jan-29-19:31:45.117511
0.8060591477019475,16060,25,1,0,0,-1,0.0,0.0,2025-Jan-29-19:31:45.173991
0.7185205030005031,16061,25,1,0,0,0,0.0,0.0,2025-Jan-29-19:31:45.217555
0.9471794063316156,16062,25,1,1,0,1,0.0,1.9000000000000001,2025-Jan-29-19:31:45.289326
0.7185205030005031,16063,25,1,0,0,0,0.0,0.0,2025-Jan-29-19:31:45.333449
0.5423573219619376,16064,25,1,0,1,0,1.9000000000000001,0.0,2025-Jan-29-19:31:45.406420
0.7185205030005031,16065,25,1,0,0,0,0.0,0.0,2025-Jan-29-19:31:45.450522
1.0735211430969913,16066,25,1,1,0,0,0.0,0.0,2025-Jan-29-19:31:45.494239
1.0735211430969913,16067,25,1,1,0,0,0.0,0.0,2025-Jan-29-19:31:45.538157
0.6298883869405699,16068,25,1,0,1,-1,1.9000000000000001,0.0,2025-Jan-29-19:31:45.650383
0.7185205030005031,16069,25,1,0,0,0,0.0,0.0,2025-Jan-29-19:31:45.725460
0.7185205030005031,16070,25,1,0,0,0,0.0,0.0,2025-Jan-29-19:31:45.781500
0.4160201626761834,16071,25,1,0,1,1,1.9000000000000001,1.9000000000000001,2025-Jan-29-19:31:45.881726
1.0735211430969913,16072,25,1,1,0,0,0.0,0.0,2025-Jan-29-19:31:45.926033
0.7710208028095181,16073,25,1,1,1,1,1.9000000000000001,1.9000000000000001,2025-Jan-29-19:31:46.020873
1.0735211430969913,16074,25,1,1,0,0,0.0,0.0,2025-Jan-29-19:31:46.065576
0.7185205030005031,16075,25,1,0,0,0,0.0,0.0,2025-Jan-29-19:31:46.109759
1.161059787788528,16076,25,1,1,0,-1,0.0,0.0,2025-Jan-29-19:31:46.166478
0.629780506117975,16077,25,1,0,-1,1,0.0,1.9000000000000001,2025-Jan-29-19:31:46.251602
0.7710208028095181,16078,25,1,1,1,1,1.9000000000000001,1.9000000000000001,2025-Jan-29-19:31:46.346761
0.8973579620796409,16079,25,1,1,1,0,1.9000000000000001,0.0,2025-Jan-29-19:31:46.418813
0.4160201626761834,16080,25,1,0,1,1,1.9000000000000001,1.9000000000000001,2025-Jan-29-19:31:46.515373
0.7185205030005031,16081,25,1,0,0,0,0.0,0.0,2025-Jan-29-19:31:46.577299
1.0735211430969913,16082,25,1,1,0,0,0.0,0.0,2025-Jan-29-19:31:46.651220
0.7185205030005031,16083,25,1,0,0,0,0.0,0.0,2025-Jan-29-19:31:46.722490
1.0735211430969913,16084,25,1,1,0,0,0.0,0.0,2025-Jan-29-19:31:46.786672
0.7185205030005031,16085,25,1,0,0,0,0.0,0.0,2025-Jan-29-19:31:46.830497
0.7185205030005031,16086,25,1,0,0,0,0.0,0.0,2025-Jan-29-19:31:46.873614
1.0735211430969913,16087,25,1,1,0,0,0.0,0.0,2025-Jan-29-19:31:46.916682
0.4160201626761834,16088,25,1,0,1,1,1.9000000000000001,1.9000000000000001,2025-Jan-29-19:31:47.013655
0.7185205030005031,16089,25,1,0,0,0,0.0,0.0,2025-Jan-29-19:31:47.057831
0.7185205030005031,16090,25,1,0,0,0,0.0,0.0,2025-Jan-29-19:31:47.106311
0.8436562666978078,16091,25,1,0,-1,-1,0.0,0.0,2025-Jan-29-19:31:47.182371
0.7561122308552579,16092,25,1,0,-1,0,0.0,0.0,2025-Jan-29-19:31:47.239639
1.0735211430969913,16093,25,1,1,0,0,0.0,0.0,2025-Jan-29-19:31:47.283122
0.7185205030005031,16094,25,1,0,0,0,0.0,0.0,2025-Jan-29-19:31:47.326851
0.7185205030005031,16095,25,1,0,0,0,0.0,0.0,2025-Jan-29-19:31:47.370731
0.7185205030005031,16096,25,1,0,0,0,0.0,0.0,2025-Jan-29-19:31:47.414312
0.7185205030005031,16097,25,1,0,0,0,0.0,0.0,2025-Jan-29-19:31:47.458296
1.1111128709475113,16098,25,1,1,-1,0,0.0,0.0,2025-Jan-29-19:31:47.514402
0.7185205030005031,16099,25,1,0,0,0,0.0,0.0,2025-Jan-29-19:31:47.573668
1.1986569067802102,16100,25,1,1,-1,-1,0.0,0.0,2025-Jan-29-19:31:47.682632
0.9471794063316156,16101,25,1,1,0,1,0.0,1.9000000000000001,2025-Jan-29-19:31:47.788087
0.7185205030005031,16102,25,1,0,0,0,0.0,0.0,2025-Jan-29-19:31:47.833587
1.0735211430969913,16103,25,1,1,0,0,0.0,0.0,2025-Jan-29-19:31:47.879791
1.0735211430969913,16104,25,1,1,0,0,0.0,0.0,2025-Jan-29-19:31:47.923114
1.0735211430969913,16105,25,1,1,0,0,0.0,0.0,2025-Jan-29-19:31:47.966498
0.7185205030005031,16106,25,1,0,0,0,0.0,0.0,2025-Jan-29-19:31:48.009738
0.5423573219619376,16107,25,1,0,1,0,1.9000000000000001,0.0,2025-Jan-29-19:31:48.297552
0.9760242519712691,16108,25,1,1,-1,1,0.0,1.9000000000000001,2025-Jan-29-19:31:48.381959
0.9471794063316156,16109,25,1,1,0,1,0.0,1.9000000000000001,2025-Jan-29-19:31:48.456176
0.7710208028095181,16110,25,1,1,1,1,1.9000000000000001,1.9000000000000001,2025-Jan-29-19:31:48.575763
0.7185205030005031,16111,25,1,0,0,0,0.0,0.0,2025-Jan-29-19:31:48.662609
1.161059787788528,16112,25,1,1,0,-1,0.0,0.0,2025-Jan-29-19:31:48.769674
0.8060591477019475,16113,25,1,0,0,-1,0.0,0.0,2025-Jan-29-19:31:48.841026
0.5423573219619376,16114,25,1,0,1,0,1.9000000000000001,0.0,2025-Jan-29-19:31:48.917960
0.4160201626761834,16115,25,1,0,1,1,1.9000000000000001,1.9000000000000001,2025-Jan-29-19:31:49.018382
1.1111128709475113,16116,25,1,1,-1,0,0.0,0.0,2025-Jan-29-19:31:49.076658
0.5921787662199604,16117,25,1,0,0,1,0.0,1.9000000000000001,2025-Jan-29-19:31:49.151788
0.5423573219619376,16118,25,1,0,1,0,1.9000000000000001,0.0,2025-Jan-29-19:31:49.225779
0.7185205030005031,16119,25,1,0,0,0,0.0,0.0,2025-Jan-29-19:31:49.271950
0.7185205030005031,16120,25,1,0,0,0,0.0,0.0,2025-Jan-29-19:31:49.317828
0.7710208028095181,16121,25,1,1,1,1,1.9000000000000001,1.9000000000000001,2025-Jan-29-19:31:49.415529
0.5921787662199604,16122,25,1,0,0,1,0.0,1.9000000000000001,2025-Jan-29-19:31:49.490735
0.7710208028095181,16123,25,1,1,1,1,1.9000000000000001,1.9000000000000001,2025-Jan-29-19:31:49.623917
0.7185205030005031,16124,25,1,0,0,0,0.0,0.0,2025-Jan-29-19:31:49.704881
0.7185205030005031,16125,25,1,0,0,0,0.0,0.0,2025-Jan-29-19:31:49.785431
0.9848890270480929,16126,25,1,1,1,-1,1.9000000000000001,0.0,2025-Jan-29-19:31:49.885231
1.0735211430969913,16127,25,1,1,0,0,0.0,0.0,2025-Jan-29-19:31:49.934671
0.7710208028095181,16128,25,1,1,1,1,1.9000000000000001,1.9000000000000001,2025-Jan-29-19:31:50.033452
0.7185205030005031,16129,25,1,0,0,0,0.0,0.0,2025-Jan-29-19:31:50.080031
0.9848890270480929,16130,25,1,1,1,-1,1.9000000000000001,0.0,2025-Jan-29-19:31:50.168023
0.5423573219619376,16131,25,1,0,1,0,1.9000000000000001,0.0,2025-Jan-29-19:31:50.247604
0.7185205030005031,16132,25,1,0,0,0,0.0,0.0,2025-Jan-29-19:31:50.294560
0.7185205030005031,16133,25,1,0,0,0,0.0,0.0,2025-Jan-29-19:31:50.340129
1.0735211430969913,16134,25,1,1,0,0,0.0,0.0,2025-Jan-29-19:31:50.386944
0.5423573219619376,16135,25,1,0,1,0,1.9000000000000001,0.0,2025-Jan-29-19:31:50.462082
0.7561122308552579,16136,25,1,0,-1,0,0.0,0.0,2025-Jan-29-19:31:50.520797
1.0735211430969913,16137,25,1,1,0,0,0.0,0.0,2025-Jan-29-19:31:50.586543
0.4160201626761834,16138,25,1,0,1,1,1.9000000000000001,1.9000000000000001,2025-Jan-29-19:31:50.750211
1.0735211430969913,16139,25,1,1,0,0,0.0,0.0,2025-Jan-29-19:31:50.816290
1.0735211430969913,16140,25,1,1,0,0,0.0,0.0,2025-Jan-29-19:31:50.867273
0.5423573219619376,16141,25,1,0,1,0,1.9000000000000001,0.0,2025-Jan-29-19:31:50.945759
0.9471794063316156,16142,25,1,1,0,1,0.0,1.9000000000000001,2025-Jan-29-19:31:51.022849
1.0735211430969913,16143,25,1,1,0,0,0.0,0.0,2025-Jan-29-19:31:51.069702
1.0735211430969913,16144,25,1,1,0,0,0.0,0.0,2025-Jan-29-19:31:51.114822
0.7185205030005031,16145,25,1,0,0,0,0.0,0.0,2025-Jan-29-19:31:51.160401
1.161059787788528,16146,25,1,1,0,-1,0.0,0.0,2025-Jan-29-19:31:51.218889
0.7185205030005031,16147,25,1,0,0,0,0.0,0.0,2025-Jan-29-19:31:51.264274
0.629780506117975,16148,25,1,0,-1,1,0.0,1.9000000000000001,2025-Jan-29-19:31:51.350842
0.5921787662199604,16149,25,1,0,0,1,0.0,1.9000000000000001,2025-Jan-29-19:31:51.425619
0.7185205030005031,16150,25,1,0,0,0,0.0,0.0,2025-Jan-29-19:31:51.471919
0.8973579620796409,16151,25,1,1,1,0,1.9000000000000001,0.0,2025-Jan-29-19:31:51.545905
1.0735211430969913,16152,25,1,1,0,0,0.0,0.0,2025-Jan-29-19:31:51.635828
0.8973579620796409,16153,25,1,1,1,0,1.9000000000000001,0.0,2025-Jan-29-19:31:51.755362
0.7185205030005031,16154,25,1,0,0,0,0.0,0.0,2025-Jan-29-19:31:51.818279
0.629780506117975,16155,25,1,0,-1,1,0.0,1.9000000000000001,2025-Jan-29-19:31:51.907212
0.7185205030005031,16156,25,1,0,0,0,0.0,0.0,2025-Jan-29-19:31:51.955636
0.6298883869405699,16157,25,1,0,1,-1,1.9000000000000001,0.0,2025-Jan-29-19:31:52.044314
1.161059787788528,16158,25,1,1,0,-1,0.0,0.0,2025-Jan-29-19:31:52.103497
0.4160201626761834,16159,25,1,0,1,1,1.9000000000000001,1.9000000000000001,2025-Jan-29-19:31:52.202153
0.7185205030005031,16160,25,1,0,0,0,0.0,0.0,2025-Jan-29-19:31:52.247541
0.4160201626761834,16161,25,1,0,1,1,1.9000000000000001,1.9000000000000001,2025-Jan-29-19:31:52.347340
0.5921787662199604,16162,25,1,0,0,1,0.0,1.9000000000000001,2025-Jan-29-19:31:52.422073
0.7561122308552579,16163,25,1,0,-1,0,0.0,0.0,2025-Jan-29-19:31:52.480514
1.161059787788528,16164,25,1,1,0,-1,0.0,0.0,2025-Jan-29-19:31:52.539217
0.7185205030005031,16165,25,1,0,0,0,0.0,0.0,2025-Jan-29-19:31:52.603997
0.9848890270480929,16166,25,1,1,1,-1,1.9000000000000001,0.0,2025-Jan-29-19:31:52.730936
0.4160201626761834,16167,25,1,0,1,1,1.9000000000000001,1.9000000000000001,2025-Jan-29-19:31:52.858777
0.5423573219619376,16168,25,1,0,1,0,1.9000000000000001,0.0,2025-Jan-29-19:31:52.937472
1.1986569067802102,16169,25,1,1,-1,-1,0.0,0.0,2025-Jan-29-19:31:53.011001
0.4160201626761834,16170,25,1,0,1,1,1.9000000000000001,1.9000000000000001,2025-Jan-29-19:31:53.109795
0.9760242519712691,16171,25,1,1,-1,1,0.0,1.9000000000000001,2025-Jan-29-19:31:53.197108
0.5921787662199604,16172,25,1,0,0,1,0.0,1.9000000000000001,2025-Jan-29-19:31:53.270279
1.161059787788528,16173,25,1,1,0,-1,0.0,0.0,2025-Jan-29-19:31:53.572813
0.4160201626761834,16174,25,1,0,1,1,1.9000000000000001,1.9000000000000001,2025-Jan-29-19:31:53.695881
0.9760242519712691,16175,25,1,1,-1,1,0.0,1.9000000000000001,2025-Jan-29-19:31:53.815333
0.7185205030005031,16176,25,1,0,0,0,0.0,0.0,2025-Jan-29-19:31:53.860632
1.0735211430969913,16177,25,1,1,0,0,0.0,0.0,2025-Jan-29-19:31:53.906190
1.0735211430969913,16178,25,1,1,0,0,0.0,0.0,2025-Jan-29-19:31:53.950372
0.7710208028095181,16179,25,1,1,1,1,1.9000000000000001,1.9000000000000001,2025-Jan-29-19:31:54.044733
1.0735211430969913,16180,25,1,1,0,0,0.0,0.0,2025-Jan-29-19:31:54.087989
0.5423573219619376,16181,25,1,0,1,0,1.9000000000000001,0.0,2025-Jan-29-19:31:54.159774
0.7185205030005031,16182,25,1,0,0,0,0.0,0.0,2025-Jan-29-19:31:54.203736
0.7710208028095181,16183,25,1,1,1,1,1.9000000000000001,1.9000000000000001,2025-Jan-29-19:31:54.297722
0.8060591477019475,16184,25,1,0,0,-1,0.0,0.0,2025-Jan-29-19:31:54.354769
0.5423573219619376,16185,25,1,0,1,0,1.9000000000000001,0.0,2025-Jan-29-19:31:54.426240
0.7185205030005031,16186,25,1,0,0,0,0.0,0.0,2025-Jan-29-19:31:54.469040
0.7185205030005031,16187,25,1,0,0,0,0.0,0.0,2025-Jan-29-19:31:54.512232
0.4160201626761834,16188,25,1,0,1,1,1.9000000000000001,1.9000000000000001,2025-Jan-29-19:31:54.627990
0.7185205030005031,16189,25,1,0,0,0,0.0,0.0,2025-Jan-29-19:31:54.698906
0.7185205030005031,16190,25,1,0,0,0,0.0,0.0,2025-Jan-29-19:31:54.762878
