Cost,Sim,Switch_State_Indx,Gen1_on,Gen2_on,Batt1_mode,Batt2_mode,Batt1_power_kW,Batt2_power_kW,Timestamp
0.9471794063316156,16191,25,1,1,0,1,0.0,1.9000000000000001,2025-Jan-29-19:31:54.838333
0.8060591477019475,16192,25,1,0,0,-1,0.0,0.0,2025-Jan-29-19:31:54.895204
1.0735211430969913,16193,25,1,1,0,0,0.0,0.0,2025-Jan-29-19:31:54.941755
0.7561122308552579,16194,25,1,0,-1,0,0.0,0.0,2025-Jan-29-19:31:54.996343
0.5423573219619376,16195,25,1,0,1,0,1.9000000000000001,0.0,2025-Jan-29-19:31:55.068666
0.629780506117975,16196,25,1,0,-1,1,0.0,1.9000000000000001,2025-Jan-29-19:31:55.151980
0.9471794063316156,16197,25,1,1,0,1,0.0,1.9000000000000001,2025-Jan-29-19:31:55.223035
0.8973579620796409,16198,25,1,1,1,0,1.9000000000000001,0.0,2025-Jan-29-19:31:55.295133
0.9471794063316156,16199,25,1,1,0,1,0.0,1.9000000000000001,2025-Jan-29-19:31:55.366638
0.7561122308552579,16200,25,1,0,-1,0,0.0,0.0,2025-Jan-29-19:31:55.422240
0.7185205030005031,16201,25,1,0,0,0,0.0,0.0,2025-Jan-29-19:31:55.470805
0.7710208028095181,16202,25,1,1,1,1,1.9000000000000001,1.9000000000000001,2025-Jan-29-19:31:55.586415
1.0735211430969913,16203,25,1,1,0,0,0.0,0.0,2025-Jan-29-19:31:55.664980
1.161059787788528,16204,25,1,1,0,-1,0.0,0.0,2025-Jan-29-19:31:55.753782
1.0735211430969913,16205,25,1,1,0,0,0.0,0.0,2025-Jan-29-19:31:55.801110
1.0735211430969913,16206,25,1,1,0,0,0.0,0.0,2025-Jan-29-19:31:55.845087
1.161059787788528,16207,25,1,1,0,-1,0.0,0.0,2025-Jan-29-19:31:55.902970
0.7185205030005031,16208,25,1,0,0,0,0.0,0.0,2025-Jan-29-19:31:55.948437
1.1111128709475113,16209,25,1,1,-1,0,0.0,0.0,2025-Jan-29-19:31:56.004676
0.9471794063316156,16210,25,1,1,0,1,0.0,1.9000000000000001,2025-Jan-29-19:31:56.079818
0.8060591477019475,16211,25,1,0,0,-1,0.0,0.0,2025-Jan-29-19:31:56.138782
0.8436562666978078,16212,25,1,0,-1,-1,0.0,0.0,2025-Jan-29-19:31:56.207007
1.0735211430969913,16213,25,1,1,0,0,0.0,0.0,2025-Jan-29-19:31:56.251153
1.0735211430969913,16214,25,1,1,0,0,0.0,0.0,2025-Jan-29-19:31:56.294631
0.5921787662199604,16215,25,1,0,0,1,0.0,1.9000000000000001,2025-Jan-29-19:31:56.366319
1.0735211430969913,16216,25,1,1,0,0,0.0,0.0,2025-Jan-29-19:31:56.409458
1.0735211430969913,16217,25,1,1,0,0,0.0,0.0,2025-Jan-29-19:31:56.453258
0.7561122308552579,16218,25,1,0,-1,0,0.0,0.0,2025-Jan-29-19:31:56.508909
0.7185205030005031,16219,25,1,0,0,0,0.0,0.0,2025-Jan-29-19:31:56.572790
0.629780506117975,16220,25,1,0,-1,1,0.0,1.9000000000000001,2025-Jan-29-19:31:56.722353
0.9471794063316156,16221,25,1,1,0,1,0.0,1.9000000000000001,2025-Jan-29-19:31:56.817679
0.7561122308552579,16222,25,1,0,-1,0,0.0,0.0,2025-Jan-29-19:31:56.879511
1.1111128709475113,16223,25,1,1,-1,0,0.0,0.0,2025-Jan-29-19:31:56.939947
0.4160201626761834,16224,25,1,0,1,1,1.9000000000000001,1.9000000000000001,2025-Jan-29-19:31:57.039710
0.9760242519712691,16225,25,1,1,-1,1,0.0,1.9000000000000001,2025-Jan-29-19:31:57.131353
0.5423573219619376,16226,25,1,0,1,0,1.9000000000000001,0.0,2025-Jan-29-19:31:57.207769
0.7710208028095181,16227,25,1,1,1,1,1.9000000000000001,1.9000000000000001,2025-Jan-29-19:31:57.306808
0.9471794063316156,16228,25,1,1,0,1,0.0,1.9000000000000001,2025-Jan-29-19:31:57.382566
0.7185205030005031,16229,25,1,0,0,0,0.0,0.0,2025-Jan-29-19:31:57.732402
0.9760242519712691,16230,25,1,1,-1,1,0.0,1.9000000000000001,2025-Jan-29-19:31:57.876630
1.0735211430969913,16231,25,1,1,0,0,0.0,0.0,2025-Jan-29-19:31:57.945597
0.7710208028095181,16232,25,1,1,1,1,1.9000000000000001,1.9000000000000001,2025-Jan-29-19:31:58.045886
0.7710208028095181,16233,25,1,1,1,1,1.9000000000000001,1.9000000000000001,2025-Jan-29-19:31:58.144462
1.161059787788528,16234,25,1,1,0,-1,0.0,0.0,2025-Jan-29-19:31:58.203897
0.5921787662199604,16235,25,1,0,0,1,0.0,1.9000000000000001,2025-Jan-29-19:31:58.279927
0.8060591477019475,16236,25,1,0,0,-1,0.0,0.0,2025-Jan-29-19:31:58.339152
1.0735211430969913,16237,25,1,1,0,0,0.0,0.0,2025-Jan-29-19:31:58.385814
0.9848890270480929,16238,25,1,1,1,-1,1.9000000000000001,0.0,2025-Jan-29-19:31:58.475211
0.8973579620796409,16239,25,1,1,1,0,1.9000000000000001,0.0,2025-Jan-29-19:31:58.551649
0.5921787662199604,16240,25,1,0,0,1,0.0,1.9000000000000001,2025-Jan-29-19:31:58.647157
1.1111128709475113,16241,25,1,1,-1,0,0.0,0.0,2025-Jan-29-19:31:58.743614
0.7561122308552579,16242,25,1,0,-1,0,0.0,0.0,2025-Jan-29-19:31:58.848263
0.8060591477019475,16243,25,1,0,0,-1,0.0,0.0,2025-Jan-29-19:31:58.928756
0.7185205030005031,16244,25,1,0,0,0,0.0,0.0,2025-Jan-29-19:31:58.976898
0.7185205030005031,16245,25,1,0,0,0,0.0,0.0,2025-Jan-29-19:31:59.024328
0.5921787662199604,16246,25,1,0,0,1,0.0,1.9000000000000001,2025-Jan-29-19:31:59.099768
0.5921787662199604,16247,25,1,0,0,1,0.0,1.9000000000000001,2025-Jan-29-19:31:59.175960
0.629780506117975,16248,25,1,0,-1,1,0.0,1.9000000000000001,2025-Jan-29-19:31:59.264031
0.7185205030005031,16249,25,1,0,0,0,0.0,0.0,2025-Jan-29-19:31:59.310720
0.5921787662199604,16250,25,1,0,0,1,0.0,1.9000000000000001,2025-Jan-29-19:31:59.386611
0.629780506117975,16251,25,1,0,-1,1,0.0,1.9000000000000001,2025-Jan-29-19:31:59.474922
0.7185205030005031,16252,25,1,0,0,0,0.0,0.0,2025-Jan-29-19:31:59.521846
0.7185205030005031,16253,25,1,0,0,0,0.0,0.0,2025-Jan-29-19:31:59.566989
0.7185205030005031,16254,25,1,0,0,0,0.0,0.0,2025-Jan-29-19:31:59.631765
0.6298883869405699,16255,25,1,0,1,-1,1.9000000000000001,0.0,2025-Jan-29-19:31:59.769117
0.7185205030005031,16256,25,1,0,0,0,0.0,0.0,2025-Jan-29-19:31:59.822611
0.7185205030005031,16257,25,1,0,0,0,0.0,0.0,2025-Jan-29-19:31:59.866629
0.7561122308552579,16258,25,1,0,-1,0,0.0,0.0,2025-Jan-29-19:31:59.925354
0.5921787662199604,16259,25,1,0,0,1,0.0,1.9000000000000001,2025-Jan-29-19:31:59.997567
0.7561122308552579,16260,25,1,0,-1,0,0.0,0.0,2025-Jan-29-19:32:00.057743
0.4160201626761834,16261,25,1,0,1,1,1.9000000000000001,1.9000000000000001,2025-Jan-29-19:32:00.157955
0.5921787662199604,16262,25,1,0,0,1,0.0,1.9000000000000001,2025-Jan-29-19:32:00.232600
0.5921787662199604,16263,25,1,0,0,1,0.0,1.9000000000000001,2025-Jan-29-19:32:00.304646
0.7561122308552579,16264,25,1,0,-1,0,0.0,0.0,2025-Jan-29-19:32:00.360862
0.7185205030005031,16265,25,1,0,0,0,0.0,0.0,2025-Jan-29-19:32:00.404242
0.7561122308552579,16266,25,1,0,-1,0,0.0,0.0,2025-Jan-29-19:32:00.460080
0.7185205030005031,16267,25,1,0,0,0,0.0,0.0,2025-Jan-29-19:32:00.503783
0.7561122308552579,16268,25,1,0,-1,0,0.0,0.0,2025-Jan-29-19:32:00.571047
0.5921787662199604,16269,25,1,0,0,1,0.0,1.9000000000000001,2025-Jan-29-19:32:00.673834
0.7185205030005031,16270,25,1,0,0,0,0.0,0.0,2025-Jan-29-19:32:00.739863
0.7185205030005031,16271,25,1,0,0,0,0.0,0.0,2025-Jan-29-19:32:00.811941
0.7185205030005031,16272,25,1,0,0,0,0.0,0.0,2025-Jan-29-19:32:00.858634
0.7185205030005031,16273,25,1,0,0,0,0.0,0.0,2025-Jan-29-19:32:00.903052
0.7185205030005031,16274,25,1,0,0,0,0.0,0.0,2025-Jan-29-19:32:00.949018
0.7185205030005031,16275,25,1,0,0,0,0.0,0.0,2025-Jan-29-19:32:00.994018
0.7185205030005031,16276,25,1,0,0,0,0.0,0.0,2025-Jan-29-19:32:01.038687
0.5423573219619376,16277,25,1,0,1,0,1.9000000000000001,0.0,2025-Jan-29-19:32:01.110684
0.7185205030005031,16278,25,1,0,0,0,0.0,0.0,2025-Jan-29-19:32:01.154629
0.7185205030005031,16279,25,1,0,0,0,0.0,0.0,2025-Jan-29-19:32:01.198606
0.7185205030005031,16280,25,1,0,0,0,0.0,0.0,2025-Jan-29-19:32:01.242267
0.7185205030005031,16281,25,1,0,0,0,0.0,0.0,2025-Jan-29-19:32:01.290449
0.7561122308552579,16282,25,1,0,-1,0,0.0,0.0,2025-Jan-29-19:32:01.356491
0.7185205030005031,16283,25,1,0,0,0,0.0,0.0,2025-Jan-29-19:32:01.406009
0.5921787662199604,16284,25,1,0,0,1,0.0,1.9000000000000001,2025-Jan-29-19:32:01.486753
0.7185205030005031,16285,25,1,0,0,0,0.0,0.0,2025-Jan-29-19:32:01.536297
0.4160201626761834,16286,25,1,0,1,1,1.9000000000000001,1.9000000000000001,2025-Jan-29-19:32:01.688981
0.5423573219619376,16287,25,1,0,1,0,1.9000000000000001,0.0,2025-Jan-29-19:32:01.807603
0.7561122308552579,16288,25,1,0,-1,0,0.0,0.0,2025-Jan-29-19:32:01.869226
0.5423573219619376,16289,25,1,0,1,0,1.9000000000000001,0.0,2025-Jan-29-19:32:01.941604
0.8060591477019475,16290,25,1,0,0,-1,0.0,0.0,2025-Jan-29-19:32:01.997566
0.5921787662199604,16291,25,1,0,0,1,0.0,1.9000000000000001,2025-Jan-29-19:32:02.070374
0.7185205030005031,16292,25,1,0,0,0,0.0,0.0,2025-Jan-29-19:32:02.123162
0.5921787662199604,16293,25,1,0,0,1,0.0,1.9000000000000001,2025-Jan-29-19:32:02.206888
0.7185205030005031,16294,25,1,0,0,0,0.0,0.0,2025-Jan-29-19:32:02.251039
0.5423573219619376,16295,25,1,0,1,0,1.9000000000000001,0.0,2025-Jan-29-19:32:02.322980
0.5423573219619376,16296,25,1,0,1,0,1.9000000000000001,0.0,2025-Jan-29-19:32:02.394899
0.8060591477019475,16297,25,1,0,0,-1,0.0,0.0,2025-Jan-29-19:32:02.450735
0.5921787662199604,16298,25,1,0,0,1,0.0,1.9000000000000001,2025-Jan-29-19:32:02.522552
0.4160201626761834,16299,25,1,0,1,1,1.9000000000000001,1.9000000000000001,2025-Jan-29-19:32:02.815237
0.7185205030005031,16300,25,1,0,0,0,0.0,0.0,2025-Jan-29-19:32:02.887379
0.7185205030005031,16301,25,1,0,0,0,0.0,0.0,2025-Jan-29-19:32:02.951646
0.5423573219619376,16302,25,1,0,1,0,1.9000000000000001,0.0,2025-Jan-29-19:32:03.024325
0.8060591477019475,16303,25,1,0,0,-1,0.0,0.0,2025-Jan-29-19:32:03.080370
0.7185205030005031,16304,25,1,0,0,0,0.0,0.0,2025-Jan-29-19:32:03.124145
0.5921787662199604,16305,25,1,0,0,1,0.0,1.9000000000000001,2025-Jan-29-19:32:03.196237
0.7185205030005031,16306,25,1,0,0,0,0.0,0.0,2025-Jan-29-19:32:03.239644
0.7561122308552579,16307,25,1,0,-1,0,0.0,0.0,2025-Jan-29-19:32:03.295080
0.5423573219619376,16308,25,1,0,1,0,1.9000000000000001,0.0,2025-Jan-29-19:32:03.366728
0.7185205030005031,16309,25,1,0,0,0,0.0,0.0,2025-Jan-29-19:32:03.410219
0.5921787662199604,16310,25,1,0,0,1,0.0,1.9000000000000001,2025-Jan-29-19:32:03.482067
0.4160201626761834,16311,25,1,0,1,1,1.9000000000000001,1.9000000000000001,2025-Jan-29-19:32:03.601220
0.4160201626761834,16312,25,1,0,1,1,1.9000000000000001,1.9000000000000001,2025-Jan-29-19:32:03.742170
0.5921787662199604,16313,25,1,0,0,1,0.0,1.9000000000000001,2025-Jan-29-19:32:03.817758
0.7185205030005031,16314,25,1,0,0,0,0.0,0.0,2025-Jan-29-19:32:03.865022
0.5921787662199604,16315,25,1,0,0,1,0.0,1.9000000000000001,2025-Jan-29-19:32:03.937473
0.629780506117975,16316,25,1,0,-1,1,0.0,1.9000000000000001,2025-Jan-29-19:32:04.021601
0.7185205030005031,16317,25,1,0,0,0,0.0,0.0,2025-Jan-29-19:32:04.066117
0.4160201626761834,16318,25,1,0,1,1,1.9000000000000001,1.9000000000000001,2025-Jan-29-19:32:04.162680
0.8060591477019475,16319,25,1,0,0,-1,0.0,0.0,2025-Jan-29-19:32:04.219535
0.4160201626761834,16320,25,1,0,1,1,1.9000000000000001,1.9000000000000001,2025-Jan-29-19:32:04.314579
0.7185205030005031,16321,25,1,0,0,0,0.0,0.0,2025-Jan-29-19:32:04.358637
0.5921787662199604,16322,25,1,0,0,1,0.0,1.9000000000000001,2025-Jan-29-19:32:04.430910
0.7185205030005031,16323,25,1,0,0,0,0.0,0.0,2025-Jan-29-19:32:04.474418
0.8060591477019475,16324,25,1,0,0,-1,0.0,0.0,2025-Jan-29-19:32:04.530958
0.7561122308552579,16325,25,1,0,-1,0,0.0,0.0,2025-Jan-29-19:32:04.598948
0.629780506117975,16326,25,1,0,-1,1,0.0,1.9000000000000001,2025-Jan-29-19:32:04.733491
0.5921787662199604,16327,25,1,0,0,1,0.0,1.9000000000000001,2025-Jan-29-19:32:04.820219
0.7185205030005031,16328,25,1,0,0,0,0.0,0.0,2025-Jan-29-19:32:04.865187
0.7185205030005031,16329,25,1,0,0,0,0.0,0.0,2025-Jan-29-19:32:04.909069
0.5921787662199604,16330,25,1,0,0,1,0.0,1.9000000000000001,2025-Jan-29-19:32:04.980970
0.5921787662199604,16331,25,1,0,0,1,0.0,1.9000000000000001,2025-Jan-29-19:32:05.053486
0.4160201626761834,16332,25,1,0,1,1,1.9000000000000001,1.9000000000000001,2025-Jan-29-19:32:05.149228
0.5921787662199604,16333,25,1,0,0,1,0.0,1.9000000000000001,2025-Jan-29-19:32:05.222396
0.7561122308552579,16334,25,1,0,-1,0,0.0,0.0,2025-Jan-29-19:32:05.279576
0.5423573219619376,16335,25,1,0,1,0,1.9000000000000001,0.0,2025-Jan-29-19:32:05.352306
0.8060591477019475,16336,25,1,0,0,-1,0.0,0.0,2025-Jan-29-19:32:05.408560
0.6298883869405699,16337,25,1,0,1,-1,1.9000000000000001,0.0,2025-Jan-29-19:32:05.492848
0.5921787662199604,16338,25,1,0,0,1,0.0,1.9000000000000001,2025-Jan-29-19:32:05.585810
0.8060591477019475,16339,25,1,0,0,-1,0.0,0.0,2025-Jan-29-19:32:05.683605
0.5921787662199604,16340,25,1,0,0,1,0.0,1.9000000000000001,2025-Jan-29-19:32:05.782588
0.7185205030005031,16341,25,1,0,0,0,0.0,0.0,2025-Jan-29-19:32:05.828470
0.5921787662199604,16342,25,1,0,0,1,0.0,1.9000000000000001,2025-Jan-29-19:32:05.902773
0.5921787662199604,16343,25,1,0,0,1,0.0,1.9000000000000001,2025-Jan-29-19:32:05.974977
0.4160201626761834,16344,25,1,0,1,1,1.9000000000000001,1.9000000000000001,2025-Jan-29-19:32:06.070762
0.7185205030005031,16345,25,1,0,0,0,0.0,0.0,2025-Jan-29-19:32:06.115954
0.4160201626761834,16346,25,1,0,1,1,1.9000000000000001,1.9000000000000001,2025-Jan-29-19:32:06.211252
0.4160201626761834,16347,25,1,0,1,1,1.9000000000000001,1.9000000000000001,2025-Jan-29-19:32:06.306566
0.5423573219619376,16348,25,1,0,1,0,1.9000000000000001,0.0,2025-Jan-29-19:32:06.378833
0.4160201626761834,16349,25,1,0,1,1,1.9000000000000001,1.9000000000000001,2025-Jan-29-19:32:06.473815
0.5921787662199604,16350,25,1,0,0,1,0.0,1.9000000000000001,2025-Jan-29-19:32:06.547135
0.4160201626761834,16351,25,1,0,1,1,1.9000000000000001,1.9000000000000001,2025-Jan-29-19:32:06.705214
0.5423573219619376,16352,25,1,0,1,0,1.9000000000000001,0.0,2025-Jan-29-19:32:06.804006
0.4160201626761834,16353,25,1,0,1,1,1.9000000000000001,1.9000000000000001,2025-Jan-29-19:32:06.902808
0.4160201626761834,16354,25,1,0,1,1,1.9000000000000001,1.9000000000000001,2025-Jan-29-19:32:07.000640
0.7561122308552579,16355,25,1,0,-1,0,0.0,0.0,2025-Jan-29-19:32:07.058145
0.4160201626761834,16356,25,1,0,1,1,1.9000000000000001,1.9000000000000001,2025-Jan-29-19:32:07.155086
0.5921787662199604,16357,25,1,0,0,1,0.0,1.9000000000000001,2025-Jan-29-19:32:07.227565
0.4160201626761834,16358,25,1,0,1,1,1.9000000000000001,1.9000000000000001,2025-Jan-29-19:32:07.322293
0.5423573219619376,16359,25,1,0,1,0,1.9000000000000001,0.0,2025-Jan-29-19:32:07.394083
0.4160201626761834,16360,25,1,0,1,1,1.9000000000000001,1.9000000000000001,2025-Jan-29-19:32:07.488502
0.4160201626761834,16361,25,1,0,1,1,1.9000000000000001,1.9000000000000001,2025-Jan-29-19:32:07.607864
0.4160201626761834,16362,25,1,0,1,1,1.9000000000000001,1.9000000000000001,2025-Jan-29-19:32:07.742412
0.4160201626761834,16363,25,1,0,1,1,1.9000000000000001,1.9000000000000001,2025-Jan-29-19:32:07.839754
0.7185205030005031,16364,25,1,0,0,0,0.0,0.0,2025-Jan-29-19:32:07.883292
0.4160201626761834,16365,25,1,0,1,1,1.9000000000000001,1.9000000000000001,2025-Jan-29-19:32:07.978134
0.4160201626761834,16366,25,1,0,1,1,1.9000000000000001,1.9000000000000001,2025-Jan-29-19:32:08.072640
0.5423573219619376,16367,25,1,0,1,0,1.9000000000000001,0.0,2025-Jan-29-19:32:08.144861
0.6298883869405699,16368,25,1,0,1,-1,1.9000000000000001,0.0,2025-Jan-29-19:32:08.229403
0.4160201626761834,16369,25,1,0,1,1,1.9000000000000001,1.9000000000000001,2025-Jan-29-19:32:08.325556
0.4160201626761834,16370,25,1,0,1,1,1.9000000000000001,1.9000000000000001,2025-Jan-29-19:32:08.420450
0.4160201626761834,16371,25,1,0,1,1,1.9000000000000001,1.9000000000000001,2025-Jan-29-19:32:08.762822
0.4160201626761834,16372,25,1,0,1,1,1.9000000000000001,1.9000000000000001,2025-Jan-29-19:32:08.898925
0.8436562666978078,16373,25,1,0,-1,-1,0.0,0.0,2025-Jan-29-19:32:08.970621
0.4160201626761834,16374,25,1,0,1,1,1.9000000000000001,1.9000000000000001,2025-Jan-29-19:32:09.066642
0.4160201626761834,16375,25,1,0,1,1,1.9000000000000001,1.9000000000000001,2025-Jan-29-19:32:09.161972
0.4160201626761834,16376,25,1,0,1,1,1.9000000000000001,1.9000000000000001,2025-Jan-29-19:32:09.260381
0.4160201626761834,16377,25,1,0,1,1,1.9000000000000001,1.9000000000000001,2025-Jan-29-19:32:09.356497
0.5423573219619376,16378,25,1,0,1,0,1.9000000000000001,0.0,2025-Jan-29-19:32:09.428410
0.5921787662199604,16379,25,1,0,0,1,0.0,1.9000000000000001,2025-Jan-29-19:32:09.500305
0.5921787662199604,16380,25,1,0,0,1,0.0,1.9000000000000001,2025-Jan-29-19:32:09.572317
0.4160201626761834,16381,25,1,0,1,1,1.9000000000000001,1.9000000000000001,2025-Jan-29-19:32:09.691598
0.4160201626761834,16382,25,1,0,1,1,1.9000000000000001,1.9000000000000001,2025-Jan-29-19:32:09.832464
0.4160201626761834,16383,25,1,0,1,1,1.9000000000000001,1.9000000000000001,2025-Jan-29-19:32:09.933678
0.4160201626761834,16384,25,1,0,1,1,1.9000000000000001,1.9000000000000001,2025-Jan-29-19:32:10.034396
0.4160201626761834,16385,25,1,0,1,1,1.9000000000000001,1.9000000000000001,2025-Jan-29-19:32:10.136962
0.5423573219619376,16386,25,1,0,1,0,1.9000000000000001,0.0,2025-Jan-29-19:32:10.214218
0.4160201626761834,16387,25,1,0,1,1,1.9000000000000001,1.9000000000000001,2025-Jan-29-19:32:10.314053
0.5423573219619376,16388,25,1,0,1,0,1.9000000000000001,0.0,2025-Jan-29-19:32:10.390224
0.7561122308552579,16389,25,1,0,-1,0,0.0,0.0,2025-Jan-29-19:32:10.449569
0.5921787662199604,16390,25,1,0,0,1,0.0,1.9000000000000001,2025-Jan-29-19:32:10.526401
0.4160201626761834,16391,25,1,0,1,1,1.9000000000000001,1.9000000000000001,2025-Jan-29-19:32:10.666484
0.4160201626761834,16392,25,1,0,1,1,1.9000000000000001,1.9000000000000001,2025-Jan-29-19:32:10.815604
0.4160201626761834,16393,25,1,0,1,1,1.9000000000000001,1.9000000000000001,2025-Jan-29-19:32:10.917832
0.4160201626761834,16394,25,1,0,1,1,1.9000000000000001,1.9000000000000001,2025-Jan-29-19:32:11.020913
0.7185205030005031,16395,25,1,0,0,0,0.0,0.0,2025-Jan-29-19:32:11.067603
0.7185205030005031,16396,25,1,0,0,0,0.0,0.0,2025-Jan-29-19:32:11.113772
0.4160201626761834,16397,25,1,0,1,1,1.9000000000000001,1.9000000000000001,2025-Jan-29-19:32:11.213225
0.4160201626761834,16398,25,1,0,1,1,1.9000000000000001,1.9000000000000001,2025-Jan-29-19:32:11.312663
0.4160201626761834,16399,25,1,0,1,1,1.9000000000000001,1.9000000000000001,2025-Jan-29-19:32:11.409081
0.4160201626761834,16400,25,1,0,1,1,1.9000000000000001,1.9000000000000001,2025-Jan-29-19:32:11.503298
0.4160201626761834,16401,25,1,0,1,1,1.9000000000000001,1.9000000000000001,2025-Jan-29-19:32:11.629817
0.4160201626761834,16402,25,1,0,1,1,1.9000000000000001,1.9000000000000001,2025-Jan-29-19:32:11.759145
0.4160201626761834,16403,25,1,0,1,1,1.9000000000000001,1.9000000000000001,2025-Jan-29-19:32:11.856668
0.4160201626761834,16404,25,1,0,1,1,1.9000000000000001,1.9000000000000001,2025-Jan-29-19:32:11.952681
0.4160201626761834,16405,25,1,0,1,1,1.9000000000000001,1.9000000000000001,2025-Jan-29-19:32:12.049607
0.4160201626761834,16406,25,1,0,1,1,1.9000000000000001,1.9000000000000001,2025-Jan-29-19:32:12.147675
0.4160201626761834,16407,25,1,0,1,1,1.9000000000000001,1.9000000000000001,2025-Jan-29-19:32:12.243551
0.4160201626761834,16408,25,1,0,1,1,1.9000000000000001,1.9000000000000001,2025-Jan-29-19:32:12.338771
0.5423573219619376,16409,25,1,0,1,0,1.9000000000000001,0.0,2025-Jan-29-19:32:12.410745
0.4160201626761834,16410,25,1,0,1,1,1.9000000000000001,1.9000000000000001,2025-Jan-29-19:32:12.505678
0.4160201626761834,16411,25,1,0,1,1,1.9000000000000001,1.9000000000000001,2025-Jan-29-19:32:12.631580
0.4160201626761834,16412,25,1,0,1,1,1.9000000000000001,1.9000000000000001,2025-Jan-29-19:32:12.762572
0.4160201626761834,16413,25,1,0,1,1,1.9000000000000001,1.9000000000000001,2025-Jan-29-19:32:12.862080
0.4160201626761834,16414,25,1,0,1,1,1.9000000000000001,1.9000000000000001,2025-Jan-29-19:32:12.958574
0.4160201626761834,16415,25,1,0,1,1,1.9000000000000001,1.9000000000000001,2025-Jan-29-19:32:13.054617
0.4160201626761834,16416,25,1,0,1,1,1.9000000000000001,1.9000000000000001,2025-Jan-29-19:32:13.149713
0.4160201626761834,16417,25,1,0,1,1,1.9000000000000001,1.9000000000000001,2025-Jan-29-19:32:13.245408
0.4160201626761834,16418,25,1,0,1,1,1.9000000000000001,1.9000000000000001,2025-Jan-29-19:32:13.340704
0.4160201626761834,16419,25,1,0,1,1,1.9000000000000001,1.9000000000000001,2025-Jan-29-19:32:13.436057
0.4160201626761834,16420,25,1,0,1,1,1.9000000000000001,1.9000000000000001,2025-Jan-29-19:32:13.531216
0.4160201626761834,16421,25,1,0,1,1,1.9000000000000001,1.9000000000000001,2025-Jan-29-19:32:13.643998
0.4160201626761834,16422,25,1,0,1,1,1.9000000000000001,1.9000000000000001,2025-Jan-29-19:32:13.778853
0.4160201626761834,16423,25,1,0,1,1,1.9000000000000001,1.9000000000000001,2025-Jan-29-19:32:13.879678
0.4160201626761834,16424,25,1,0,1,1,1.9000000000000001,1.9000000000000001,2025-Jan-29-19:32:13.976507
0.4160201626761834,16425,25,1,0,1,1,1.9000000000000001,1.9000000000000001,2025-Jan-29-19:32:14.074091
0.4160201626761834,16426,25,1,0,1,1,1.9000000000000001,1.9000000000000001,2025-Jan-29-19:32:14.169057
0.4160201626761834,16427,25,1,0,1,1,1.9000000000000001,1.9000000000000001,2025-Jan-29-19:32:14.264567
0.4160201626761834,16428,25,1,0,1,1,1.9000000000000001,1.9000000000000001,2025-Jan-29-19:32:14.359711
0.7185205030005031,16429,25,1,0,0,0,0.0,0.0,2025-Jan-29-19:32:14.403614
0.7185205030005031,16430,25,1,0,0,0,0.0,0.0,2025-Jan-29-19:32:14.447345
0.4160201626761834,16431,25,1,0,1,1,1.9000000000000001,1.9000000000000001,2025-Jan-29-19:32:14.542631
0.4160201626761834,16432,25,1,0,1,1,1.9000000000000001,1.9000000000000001,2025-Jan-29-19:32:14.659670
0.4160201626761834,16433,25,1,0,1,1,1.9000000000000001,1.9000000000000001,2025-Jan-29-19:32:14.795906
0.4160201626761834,16434,25,1,0,1,1,1.9000000000000001,1.9000000000000001,2025-Jan-29-19:32:14.895672
0.4160201626761834,16435,25,1,0,1,1,1.9000000000000001,1.9000000000000001,2025-Jan-29-19:32:14.991844
0.4160201626761834,16436,25,1,0,1,1,1.9000000000000001,1.9000000000000001,2025-Jan-29-19:32:15.088121
0.4160201626761834,16437,25,1,0,1,1,1.9000000000000001,1.9000000000000001,2025-Jan-29-19:32:15.183363
0.4160201626761834,16438,25,1,0,1,1,1.9000000000000001,1.9000000000000001,2025-Jan-29-19:32:15.279527
0.4160201626761834,16439,25,1,0,1,1,1.9000000000000001,1.9000000000000001,2025-Jan-29-19:32:15.374727
0.4160201626761834,16440,25,1,0,1,1,1.9000000000000001,1.9000000000000001,2025-Jan-29-19:32:15.472385
0.4160201626761834,16441,25,1,0,1,1,1.9000000000000001,1.9000000000000001,2025-Jan-29-19:32:15.586708
0.4160201626761834,16442,25,1,0,1,1,1.9000000000000001,1.9000000000000001,2025-Jan-29-19:32:15.738821
0.4160201626761834,16443,25,1,0,1,1,1.9000000000000001,1.9000000000000001,2025-Jan-29-19:32:15.847756
0.4160201626761834,16444,25,1,0,1,1,1.9000000000000001,1.9000000000000001,2025-Jan-29-19:32:16.146127
0.6298883869405699,16445,25,1,0,1,-1,1.9000000000000001,0.0,2025-Jan-29-19:32:16.232292
0.4160201626761834,16446,25,1,0,1,1,1.9000000000000001,1.9000000000000001,2025-Jan-29-19:32:16.330989
0.4160201626761834,16447,25,1,0,1,1,1.9000000000000001,1.9000000000000001,2025-Jan-29-19:32:16.426226
0.4160201626761834,16448,25,1,0,1,1,1.9000000000000001,1.9000000000000001,2025-Jan-29-19:32:16.524123
0.4160201626761834,16449,25,1,0,1,1,1.9000000000000001,1.9000000000000001,2025-Jan-29-19:32:16.636796
0.4160201626761834,16450,25,1,0,1,1,1.9000000000000001,1.9000000000000001,2025-Jan-29-19:32:16.767909
0.4160201626761834,16451,25,1,0,1,1,1.9000000000000001,1.9000000000000001,2025-Jan-29-19:32:16.866485
0.4160201626761834,16452,25,1,0,1,1,1.9000000000000001,1.9000000000000001,2025-Jan-29-19:32:16.964564
0.4160201626761834,16453,25,1,0,1,1,1.9000000000000001,1.9000000000000001,2025-Jan-29-19:32:17.061756
0.4160201626761834,16454,25,1,0,1,1,1.9000000000000001,1.9000000000000001,2025-Jan-29-19:32:17.178363
0.4160201626761834,16455,25,1,0,1,1,1.9000000000000001,1.9000000000000001,2025-Jan-29-19:32:17.276618
0.4160201626761834,16456,25,1,0,1,1,1.9000000000000001,1.9000000000000001,2025-Jan-29-19:32:17.374723
0.4160201626761834,16457,25,1,0,1,1,1.9000000000000001,1.9000000000000001,2025-Jan-29-19:32:17.470467
0.4160201626761834,16458,25,1,0,1,1,1.9000000000000001,1.9000000000000001,2025-Jan-29-19:32:17.581169
0.4160201626761834,16459,25,1,0,1,1,1.9000000000000001,1.9000000000000001,2025-Jan-29-19:32:17.730864
0.4160201626761834,16460,25,1,0,1,1,1.9000000000000001,1.9000000000000001,2025-Jan-29-19:32:17.846389
0.7185205030005031,16461,25,1,0,0,0,0.0,0.0,2025-Jan-29-19:32:17.891366
0.4160201626761834,16462,25,1,0,1,1,1.9000000000000001,1.9000000000000001,2025-Jan-29-19:32:17.989134
0.4160201626761834,16463,25,1,0,1,1,1.9000000000000001,1.9000000000000001,2025-Jan-29-19:32:18.087812
0.4160201626761834,16464,25,1,0,1,1,1.9000000000000001,1.9000000000000001,2025-Jan-29-19:32:18.184307
0.4160201626761834,16465,25,1,0,1,1,1.9000000000000001,1.9000000000000001,2025-Jan-29-19:32:18.280197
0.4160201626761834,16466,25,1,0,1,1,1.9000000000000001,1.9000000000000001,2025-Jan-29-19:32:18.375539
0.4160201626761834,16467,25,1,0,1,1,1.9000000000000001,1.9000000000000001,2025-Jan-29-19:32:18.470598
0.4160201626761834,16468,25,1,0,1,1,1.9000000000000001,1.9000000000000001,2025-Jan-29-19:32:18.585883
0.4160201626761834,16469,25,1,0,1,1,1.9000000000000001,1.9000000000000001,2025-Jan-29-19:32:18.725574
0.4160201626761834,16470,25,1,0,1,1,1.9000000000000001,1.9000000000000001,2025-Jan-29-19:32:18.839286
0.4160201626761834,16471,25,1,0,1,1,1.9000000000000001,1.9000000000000001,2025-Jan-29-19:32:18.935592
0.4160201626761834,16472,25,1,0,1,1,1.9000000000000001,1.9000000000000001,2025-Jan-29-19:32:19.031116
0.4160201626761834,16473,25,1,0,1,1,1.9000000000000001,1.9000000000000001,2025-Jan-29-19:32:19.126467
0.4160201626761834,16474,25,1,0,1,1,1.9000000000000001,1.9000000000000001,2025-Jan-29-19:32:19.221441
0.4160201626761834,16475,25,1,0,1,1,1.9000000000000001,1.9000000000000001,2025-Jan-29-19:32:19.317312
0.4160201626761834,16476,25,1,0,1,1,1.9000000000000001,1.9000000000000001,2025-Jan-29-19:32:19.412445
0.4160201626761834,16477,25,1,0,1,1,1.9000000000000001,1.9000000000000001,2025-Jan-29-19:32:19.507189
0.4160201626761834,16478,25,1,0,1,1,1.9000000000000001,1.9000000000000001,2025-Jan-29-19:32:19.623783
0.4160201626761834,16479,25,1,0,1,1,1.9000000000000001,1.9000000000000001,2025-Jan-29-19:32:19.759294
0.4160201626761834,16480,25,1,0,1,1,1.9000000000000001,1.9000000000000001,2025-Jan-29-19:32:19.855734
0.5423573219619376,16481,25,1,0,1,0,1.9000000000000001,0.0,2025-Jan-29-19:32:19.928416
0.4160201626761834,16482,25,1,0,1,1,1.9000000000000001,1.9000000000000001,2025-Jan-29-19:32:20.023380
0.4160201626761834,16483,25,1,0,1,1,1.9000000000000001,1.9000000000000001,2025-Jan-29-19:32:20.119705
0.4160201626761834,16484,25,1,0,1,1,1.9000000000000001,1.9000000000000001,2025-Jan-29-19:32:20.215628
0.4160201626761834,16485,25,1,0,1,1,1.9000000000000001,1.9000000000000001,2025-Jan-29-19:32:20.310722
0.4160201626761834,16486,25,1,0,1,1,1.9000000000000001,1.9000000000000001,2025-Jan-29-19:32:20.405863
0.4160201626761834,16487,25,1,0,1,1,1.9000000000000001,1.9000000000000001,2025-Jan-29-19:32:20.500726
0.4160201626761834,16488,25,1,0,1,1,1.9000000000000001,1.9000000000000001,2025-Jan-29-19:32:20.617011
0.4160201626761834,16489,25,1,0,1,1,1.9000000000000001,1.9000000000000001,2025-Jan-29-19:32:20.743951
0.4160201626761834,16490,25,1,0,1,1,1.9000000000000001,1.9000000000000001,2025-Jan-29-19:32:20.845719
0.4160201626761834,16491,25,1,0,1,1,1.9000000000000001,1.9000000000000001,2025-Jan-29-19:32:20.941865
