Cost,Sim,Switch_State_Indx,Gen1_on,Gen2_on,Batt1_mode,Batt2_mode,Batt1_power_kW,Batt2_power_kW,Timestamp
0.8060591477019475,1260,25,1,0,0,-1,0.0,0.0,2025-Jan-29-19:13:48.114948
0.5921787662199604,1261,25,1,0,0,1,0.0,1.9000000000000001,2025-Jan-29-19:13:48.186344
0.5921787662199604,1262,25,1,0,0,1,0.0,1.9000000000000001,2025-Jan-29-19:13:48.257021
1.1986569067802102,1263,25,1,1,-1,-1,0.0,0.0,2025-Jan-29-19:13:48.324603
0.5423573219619376,1264,25,1,0,1,0,1.9000000000000001,0.0,2025-Jan-29-19:13:48.395419
0.8436562666978078,1265,25,1,0,-1,-1,0.0,0.0,2025-Jan-29-19:13:48.462544
0.8060591477019475,1266,25,1,0,0,-1,0.0,0.0,2025-Jan-29-19:13:48.517283
0.8436562666978078,1267,25,1,0,-1,-1,0.0,0.0,2025-Jan-29-19:13:48.616313
0.9471794063316156,1268,25,1,1,0,1,0.0,1.9000000000000001,2025-Jan-29-19:13:48.717149
0.7185205030005031,1269,25,1,0,0,0,0.0,0.0,2025-Jan-29-19:13:48.781947
0.9471794063316156,1270,25,1,1,0,1,0.0,1.9000000000000001,2025-Jan-29-19:13:48.855671
0.5921787662199604,1271,25,1,0,0,1,0.0,1.9000000000000001,2025-Jan-29-19:13:48.926880
1.1111128709475113,1272,25,1,1,-1,0,0.0,0.0,2025-Jan-29-19:13:48.984184
0.4160201626761834,1273,25,1,0,1,1,1.9000000000000001,1.9000000000000001,2025-Jan-29-19:13:49.081039
1.161059787788528,1274,25,1,1,0,-1,0.0,0.0,2025-Jan-29-19:13:49.136863
0.629780506117975,1275,25,1,0,-1,1,0.0,1.9000000000000001,2025-Jan-29-19:13:49.220518
0.9848890270480929,1276,25,1,1,1,-1,1.9000000000000001,0.0,2025-Jan-29-19:13:49.304526
1.0735211430969913,1277,25,1,1,0,0,0.0,0.0,2025-Jan-29-19:13:49.347289
0.629780506117975,1278,25,1,0,-1,1,0.0,1.9000000000000001,2025-Jan-29-19:13:49.431344
0.7185205030005031,1279,25,1,0,0,0,0.0,0.0,2025-Jan-29-19:13:49.474307
0.8060591477019475,1280,25,1,0,0,-1,0.0,0.0,2025-Jan-29-19:13:49.529512
0.7185205030005031,1281,25,1,0,0,0,0.0,0.0,2025-Jan-29-19:13:49.587582
1.1111128709475113,1282,25,1,1,-1,0,0.0,0.0,2025-Jan-29-19:13:49.665223
0.5423573219619376,1283,25,1,0,1,0,1.9000000000000001,0.0,2025-Jan-29-19:13:49.770143
1.1986569067802102,1284,25,1,1,-1,-1,0.0,0.0,2025-Jan-29-19:13:49.840670
0.7185205030005031,1285,25,1,0,0,0,0.0,0.0,2025-Jan-29-19:13:49.883956
1.0735211430969913,1286,25,1,1,0,0,0.0,0.0,2025-Jan-29-19:13:49.926850
0.4160201626761834,1287,25,1,0,1,1,1.9000000000000001,1.9000000000000001,2025-Jan-29-19:13:50.021301
0.7185205030005031,1288,25,1,0,0,0,0.0,0.0,2025-Jan-29-19:13:50.064179
0.6298883869405699,1289,25,1,0,1,-1,1.9000000000000001,0.0,2025-Jan-29-19:13:50.148887
0.4160201626761834,1290,25,1,0,1,1,1.9000000000000001,1.9000000000000001,2025-Jan-29-19:13:50.330409
0.9760242519712691,1291,25,1,1,-1,1,0.0,1.9000000000000001,2025-Jan-29-19:13:50.414099
0.8973579620796409,1292,25,1,1,1,0,1.9000000000000001,0.0,2025-Jan-29-19:13:50.485348
0.8060591477019475,1293,25,1,0,0,-1,0.0,0.0,2025-Jan-29-19:13:50.540952
1.1111128709475113,1294,25,1,1,-1,0,0.0,0.0,2025-Jan-29-19:13:50.616862
1.1111128709475113,1295,25,1,1,-1,0,0.0,0.0,2025-Jan-29-19:13:50.707313
0.9848890270480929,1296,25,1,1,1,-1,1.9000000000000001,0.0,2025-Jan-29-19:13:50.814251
0.8973579620796409,1297,25,1,1,1,0,1.9000000000000001,0.0,2025-Jan-29-19:13:50.898959
0.4160201626761834,1298,25,1,0,1,1,1.9000000000000001,1.9000000000000001,2025-Jan-29-19:13:50.995238
0.7185205030005031,1299,25,1,0,0,0,0.0,0.0,2025-Jan-29-19:13:51.038776
0.629780506117975,1300,25,1,0,-1,1,0.0,1.9000000000000001,2025-Jan-29-19:13:51.122394
0.7710208028095181,1301,25,1,1,1,1,1.9000000000000001,1.9000000000000001,2025-Jan-29-19:13:51.216701
0.7185205030005031,1302,25,1,0,0,0,0.0,0.0,2025-Jan-29-19:13:51.260826
0.9760242519712691,1303,25,1,1,-1,1,0.0,1.9000000000000001,2025-Jan-29-19:13:51.344454
0.8436562666978078,1304,25,1,0,-1,-1,0.0,0.0,2025-Jan-29-19:13:51.411471
1.0735211430969913,1305,25,1,1,0,0,0.0,0.0,2025-Jan-29-19:13:51.454117
0.7185205030005031,1306,25,1,0,0,0,0.0,0.0,2025-Jan-29-19:13:51.496972
0.9471794063316156,1307,25,1,1,0,1,0.0,1.9000000000000001,2025-Jan-29-19:13:51.581598
0.8060591477019475,1308,25,1,0,0,-1,0.0,0.0,2025-Jan-29-19:13:51.681950
0.6298883869405699,1309,25,1,0,1,-1,1.9000000000000001,0.0,2025-Jan-29-19:13:51.800588
1.161059787788528,1310,25,1,1,0,-1,0.0,0.0,2025-Jan-29-19:13:51.858945
0.5423573219619376,1311,25,1,0,1,0,1.9000000000000001,0.0,2025-Jan-29-19:13:51.934592
0.4160201626761834,1312,25,1,0,1,1,1.9000000000000001,1.9000000000000001,2025-Jan-29-19:13:52.031925
0.7185205030005031,1313,25,1,0,0,0,0.0,0.0,2025-Jan-29-19:13:52.076610
0.5921787662199604,1314,25,1,0,0,1,0.0,1.9000000000000001,2025-Jan-29-19:13:52.150954
0.8060591477019475,1315,25,1,0,0,-1,0.0,0.0,2025-Jan-29-19:13:52.208919
0.7185205030005031,1316,25,1,0,0,0,0.0,0.0,2025-Jan-29-19:13:52.253169
0.6298883869405699,1317,25,1,0,1,-1,1.9000000000000001,0.0,2025-Jan-29-19:13:52.340060
0.5423573219619376,1318,25,1,0,1,0,1.9000000000000001,0.0,2025-Jan-29-19:13:52.414023
0.4160201626761834,1319,25,1,0,1,1,1.9000000000000001,1.9000000000000001,2025-Jan-29-19:13:52.510810
0.7561122308552579,1320,25,1,0,-1,0,0.0,0.0,2025-Jan-29-19:13:52.592468
0.7185205030005031,1321,25,1,0,0,0,0.0,0.0,2025-Jan-29-19:13:52.672518
0.8060591477019475,1322,25,1,0,0,-1,0.0,0.0,2025-Jan-29-19:13:52.770460
0.5423573219619376,1323,25,1,0,1,0,1.9000000000000001,0.0,2025-Jan-29-19:13:52.867393
0.6298883869405699,1324,25,1,0,1,-1,1.9000000000000001,0.0,2025-Jan-29-19:13:52.953789
0.6298883869405699,1325,25,1,0,1,-1,1.9000000000000001,0.0,2025-Jan-29-19:13:53.040930
0.8060591477019475,1326,25,1,0,0,-1,0.0,0.0,2025-Jan-29-19:13:53.098253
0.7185205030005031,1327,25,1,0,0,0,0.0,0.0,2025-Jan-29-19:13:53.142725
0.4160201626761834,1328,25,1,0,1,1,1.9000000000000001,1.9000000000000001,2025-Jan-29-19:13:53.240345
0.629780506117975,1329,25,1,0,-1,1,0.0,1.9000000000000001,2025-Jan-29-19:13:53.327085
0.5921787662199604,1330,25,1,0,0,1,0.0,1.9000000000000001,2025-Jan-29-19:13:53.401090
0.7185205030005031,1331,25,1,0,0,0,0.0,0.0,2025-Jan-29-19:13:53.445531
0.5921787662199604,1332,25,1,0,0,1,0.0,1.9000000000000001,2025-Jan-29-19:13:53.518784
0.7185205030005031,1333,25,1,0,0,0,0.0,0.0,2025-Jan-29-19:13:53.581210
0.7185205030005031,1334,25,1,0,0,0,0.0,0.0,2025-Jan-29-19:13:53.769900
0.7185205030005031,1335,25,1,0,0,0,0.0,0.0,2025-Jan-29-19:13:53.867647
0.7185205030005031,1336,25,1,0,0,0,0.0,0.0,2025-Jan-29-19:13:53.943867
0.8060591477019475,1337,25,1,0,0,-1,0.0,0.0,2025-Jan-29-19:13:54.002137
0.7185205030005031,1338,25,1,0,0,0,0.0,0.0,2025-Jan-29-19:13:54.044851
0.7185205030005031,1339,25,1,0,0,0,0.0,0.0,2025-Jan-29-19:13:54.088131
0.5921787662199604,1340,25,1,0,0,1,0.0,1.9000000000000001,2025-Jan-29-19:13:54.158698
0.7561122308552579,1341,25,1,0,-1,0,0.0,0.0,2025-Jan-29-19:13:54.213560
0.7561122308552579,1342,25,1,0,-1,0,0.0,0.0,2025-Jan-29-19:13:54.268158
0.4160201626761834,1343,25,1,0,1,1,1.9000000000000001,1.9000000000000001,2025-Jan-29-19:13:54.363051
0.8060591477019475,1344,25,1,0,0,-1,0.0,0.0,2025-Jan-29-19:13:54.419637
0.5921787662199604,1345,25,1,0,0,1,0.0,1.9000000000000001,2025-Jan-29-19:13:54.491290
0.7185205030005031,1346,25,1,0,0,0,0.0,0.0,2025-Jan-29-19:13:54.533794
0.7185205030005031,1347,25,1,0,0,0,0.0,0.0,2025-Jan-29-19:13:54.583777
0.4160201626761834,1348,25,1,0,1,1,1.9000000000000001,1.9000000000000001,2025-Jan-29-19:13:54.712957
0.7185205030005031,1349,25,1,0,0,0,0.0,0.0,2025-Jan-29-19:13:54.778395
0.7185205030005031,1350,25,1,0,0,0,0.0,0.0,2025-Jan-29-19:13:54.824662
0.8060591477019475,1351,25,1,0,0,-1,0.0,0.0,2025-Jan-29-19:13:54.881148
0.5423573219619376,1352,25,1,0,1,0,1.9000000000000001,0.0,2025-Jan-29-19:13:54.952332
0.5921787662199604,1353,25,1,0,0,1,0.0,1.9000000000000001,2025-Jan-29-19:13:55.022825
0.629780506117975,1354,25,1,0,-1,1,0.0,1.9000000000000001,2025-Jan-29-19:13:55.105822
0.8060591477019475,1355,25,1,0,0,-1,0.0,0.0,2025-Jan-29-19:13:55.160469
0.7185205030005031,1356,25,1,0,0,0,0.0,0.0,2025-Jan-29-19:13:55.202889
0.5423573219619376,1357,25,1,0,1,0,1.9000000000000001,0.0,2025-Jan-29-19:13:55.273998
0.5921787662199604,1358,25,1,0,0,1,0.0,1.9000000000000001,2025-Jan-29-19:13:55.345229
0.5423573219619376,1359,25,1,0,1,0,1.9000000000000001,0.0,2025-Jan-29-19:13:55.415537
0.7185205030005031,1360,25,1,0,0,0,0.0,0.0,2025-Jan-29-19:13:55.458701
0.5423573219619376,1361,25,1,0,1,0,1.9000000000000001,0.0,2025-Jan-29-19:13:55.530632
0.5423573219619376,1362,25,1,0,1,0,1.9000000000000001,0.0,2025-Jan-29-19:13:55.616960
0.5921787662199604,1363,25,1,0,0,1,0.0,1.9000000000000001,2025-Jan-29-19:13:55.722150
0.8060591477019475,1364,25,1,0,0,-1,0.0,0.0,2025-Jan-29-19:13:55.798752
0.7561122308552579,1365,25,1,0,-1,0,0.0,0.0,2025-Jan-29-19:13:55.853494
0.5921787662199604,1366,25,1,0,0,1,0.0,1.9000000000000001,2025-Jan-29-19:13:55.926844
0.7185205030005031,1367,25,1,0,0,0,0.0,0.0,2025-Jan-29-19:13:55.969795
0.7561122308552579,1368,25,1,0,-1,0,0.0,0.0,2025-Jan-29-19:13:56.024241
0.5921787662199604,1369,25,1,0,0,1,0.0,1.9000000000000001,2025-Jan-29-19:13:56.095769
0.7185205030005031,1370,25,1,0,0,0,0.0,0.0,2025-Jan-29-19:13:56.138351
0.8060591477019475,1371,25,1,0,0,-1,0.0,0.0,2025-Jan-29-19:13:56.193083
0.8436562666978078,1372,25,1,0,-1,-1,0.0,0.0,2025-Jan-29-19:13:56.259702
0.8060591477019475,1373,25,1,0,0,-1,0.0,0.0,2025-Jan-29-19:13:56.314096
0.7561122308552579,1374,25,1,0,-1,0,0.0,0.0,2025-Jan-29-19:13:56.369529
0.7185205030005031,1375,25,1,0,0,0,0.0,0.0,2025-Jan-29-19:13:56.482656
0.5423573219619376,1376,25,1,0,1,0,1.9000000000000001,0.0,2025-Jan-29-19:13:56.575589
0.7561122308552579,1377,25,1,0,-1,0,0.0,0.0,2025-Jan-29-19:13:56.673887
0.629780506117975,1378,25,1,0,-1,1,0.0,1.9000000000000001,2025-Jan-29-19:13:56.801732
0.8060591477019475,1379,25,1,0,0,-1,0.0,0.0,2025-Jan-29-19:13:56.858889
0.7185205030005031,1380,25,1,0,0,0,0.0,0.0,2025-Jan-29-19:13:56.903691
0.5921787662199604,1381,25,1,0,0,1,0.0,1.9000000000000001,2025-Jan-29-19:13:56.977337
0.7561122308552579,1382,25,1,0,-1,0,0.0,0.0,2025-Jan-29-19:13:57.033955
0.4160201626761834,1383,25,1,0,1,1,1.9000000000000001,1.9000000000000001,2025-Jan-29-19:13:57.131297
0.6298883869405699,1384,25,1,0,1,-1,1.9000000000000001,0.0,2025-Jan-29-19:13:57.219930
0.5921787662199604,1385,25,1,0,0,1,0.0,1.9000000000000001,2025-Jan-29-19:13:57.293674
0.8060591477019475,1386,25,1,0,0,-1,0.0,0.0,2025-Jan-29-19:13:57.350755
0.5423573219619376,1387,25,1,0,1,0,1.9000000000000001,0.0,2025-Jan-29-19:13:57.424625
0.5423573219619376,1388,25,1,0,1,0,1.9000000000000001,0.0,2025-Jan-29-19:13:57.499935
0.5423573219619376,1389,25,1,0,1,0,1.9000000000000001,0.0,2025-Jan-29-19:13:57.606874
0.6298883869405699,1390,25,1,0,1,-1,1.9000000000000001,0.0,2025-Jan-29-19:13:57.744814
0.629780506117975,1391,25,1,0,-1,1,0.0,1.9000000000000001,2025-Jan-29-19:13:57.859606
0.4160201626761834,1392,25,1,0,1,1,1.9000000000000001,1.9000000000000001,2025-Jan-29-19:13:57.957800
0.7185205030005031,1393,25,1,0,0,0,0.0,0.0,2025-Jan-29-19:13:58.000255
0.629780506117975,1394,25,1,0,-1,1,0.0,1.9000000000000001,2025-Jan-29-19:13:58.085955
0.7185205030005031,1395,25,1,0,0,0,0.0,0.0,2025-Jan-29-19:13:58.128778
0.8060591477019475,1396,25,1,0,0,-1,0.0,0.0,2025-Jan-29-19:13:58.183655
0.7561122308552579,1397,25,1,0,-1,0,0.0,0.0,2025-Jan-29-19:13:58.238428
0.8436562666978078,1398,25,1,0,-1,-1,0.0,0.0,2025-Jan-29-19:13:58.305345
0.7561122308552579,1399,25,1,0,-1,0,0.0,0.0,2025-Jan-29-19:13:58.360021
0.629780506117975,1400,25,1,0,-1,1,0.0,1.9000000000000001,2025-Jan-29-19:13:58.445410
0.4160201626761834,1401,25,1,0,1,1,1.9000000000000001,1.9000000000000001,2025-Jan-29-19:13:58.538635
0.7185205030005031,1402,25,1,0,0,0,0.0,0.0,2025-Jan-29-19:13:58.612418
0.5921787662199604,1403,25,1,0,0,1,0.0,1.9000000000000001,2025-Jan-29-19:13:58.719992
0.5921787662199604,1404,25,1,0,0,1,0.0,1.9000000000000001,2025-Jan-29-19:13:58.813383
0.5921787662199604,1405,25,1,0,0,1,0.0,1.9000000000000001,2025-Jan-29-19:13:58.885969
0.5921787662199604,1406,25,1,0,0,1,0.0,1.9000000000000001,2025-Jan-29-19:13:58.959293
0.8060591477019475,1407,25,1,0,0,-1,0.0,0.0,2025-Jan-29-19:13:59.014680
0.7185205030005031,1408,25,1,0,0,0,0.0,0.0,2025-Jan-29-19:13:59.057487
0.7561122308552579,1409,25,1,0,-1,0,0.0,0.0,2025-Jan-29-19:13:59.112311
0.629780506117975,1410,25,1,0,-1,1,0.0,1.9000000000000001,2025-Jan-29-19:13:59.197640
0.5921787662199604,1411,25,1,0,0,1,0.0,1.9000000000000001,2025-Jan-29-19:13:59.269028
0.5921787662199604,1412,25,1,0,0,1,0.0,1.9000000000000001,2025-Jan-29-19:13:59.342753
0.5921787662199604,1413,25,1,0,0,1,0.0,1.9000000000000001,2025-Jan-29-19:13:59.413783
0.5423573219619376,1414,25,1,0,1,0,1.9000000000000001,0.0,2025-Jan-29-19:13:59.486814
0.7185205030005031,1415,25,1,0,0,0,0.0,0.0,2025-Jan-29-19:13:59.529228
0.5921787662199604,1416,25,1,0,0,1,0.0,1.9000000000000001,2025-Jan-29-19:13:59.625829
0.7185205030005031,1417,25,1,0,0,0,0.0,0.0,2025-Jan-29-19:13:59.701305
0.5423573219619376,1418,25,1,0,1,0,1.9000000000000001,0.0,2025-Jan-29-19:13:59.876522
0.8060591477019475,1419,25,1,0,0,-1,0.0,0.0,2025-Jan-29-19:13:59.935509
0.5423573219619376,1420,25,1,0,1,0,1.9000000000000001,0.0,2025-Jan-29-19:14:00.010382
0.8436562666978078,1421,25,1,0,-1,-1,0.0,0.0,2025-Jan-29-19:14:00.080156
0.7185205030005031,1422,25,1,0,0,0,0.0,0.0,2025-Jan-29-19:14:00.123677
0.7561122308552579,1423,25,1,0,-1,0,0.0,0.0,2025-Jan-29-19:14:00.178389
0.5423573219619376,1424,25,1,0,1,0,1.9000000000000001,0.0,2025-Jan-29-19:14:00.251348
0.7185205030005031,1425,25,1,0,0,0,0.0,0.0,2025-Jan-29-19:14:00.293734
0.6298883869405699,1426,25,1,0,1,-1,1.9000000000000001,0.0,2025-Jan-29-19:14:00.379149
0.7561122308552579,1427,25,1,0,-1,0,0.0,0.0,2025-Jan-29-19:14:00.434549
0.5921787662199604,1428,25,1,0,0,1,0.0,1.9000000000000001,2025-Jan-29-19:14:00.507783
0.7185205030005031,1429,25,1,0,0,0,0.0,0.0,2025-Jan-29-19:14:00.567084
0.7561122308552579,1430,25,1,0,-1,0,0.0,0.0,2025-Jan-29-19:14:00.646502
0.5921787662199604,1431,25,1,0,0,1,0.0,1.9000000000000001,2025-Jan-29-19:14:00.753625
0.8436562666978078,1432,25,1,0,-1,-1,0.0,0.0,2025-Jan-29-19:14:00.828650
0.4160201626761834,1433,25,1,0,1,1,1.9000000000000001,1.9000000000000001,2025-Jan-29-19:14:00.931978
0.5423573219619376,1434,25,1,0,1,0,1.9000000000000001,0.0,2025-Jan-29-19:14:01.007433
0.7185205030005031,1435,25,1,0,0,0,0.0,0.0,2025-Jan-29-19:14:01.050309
0.7185205030005031,1436,25,1,0,0,0,0.0,0.0,2025-Jan-29-19:14:01.092794
0.7561122308552579,1437,25,1,0,-1,0,0.0,0.0,2025-Jan-29-19:14:01.147781
0.7185205030005031,1438,25,1,0,0,0,0.0,0.0,2025-Jan-29-19:14:01.190102
0.6298883869405699,1439,25,1,0,1,-1,1.9000000000000001,0.0,2025-Jan-29-19:14:01.273914
0.8060591477019475,1440,25,1,0,0,-1,0.0,0.0,2025-Jan-29-19:14:01.335419
0.7561122308552579,1441,25,1,0,-1,0,0.0,0.0,2025-Jan-29-19:14:01.394873
0.7185205030005031,1442,25,1,0,0,0,0.0,0.0,2025-Jan-29-19:14:01.440685
0.5921787662199604,1443,25,1,0,0,1,0.0,1.9000000000000001,2025-Jan-29-19:14:01.519064
0.7561122308552579,1444,25,1,0,-1,0,0.0,0.0,2025-Jan-29-19:14:01.605677
0.8060591477019475,1445,25,1,0,0,-1,0.0,0.0,2025-Jan-29-19:14:01.706973
0.7185205030005031,1446,25,1,0,0,0,0.0,0.0,2025-Jan-29-19:14:01.791490
0.7185205030005031,1447,25,1,0,0,0,0.0,0.0,2025-Jan-29-19:14:01.836789
0.5423573219619376,1448,25,1,0,1,0,1.9000000000000001,0.0,2025-Jan-29-19:14:01.911806
0.629780506117975,1449,25,1,0,-1,1,0.0,1.9000000000000001,2025-Jan-29-19:14:01.999025
0.7185205030005031,1450,25,1,0,0,0,0.0,0.0,2025-Jan-29-19:14:02.047981
0.5921787662199604,1451,25,1,0,0,1,0.0,1.9000000000000001,2025-Jan-29-19:14:02.135101
0.7185205030005031,1452,25,1,0,0,0,0.0,0.0,2025-Jan-29-19:14:02.179104
0.5921787662199604,1453,25,1,0,0,1,0.0,1.9000000000000001,2025-Jan-29-19:14:02.252507
0.7561122308552579,1454,25,1,0,-1,0,0.0,0.0,2025-Jan-29-19:14:02.391406
0.5423573219619376,1455,25,1,0,1,0,1.9000000000000001,0.0,2025-Jan-29-19:14:02.463451
0.7185205030005031,1456,25,1,0,0,0,0.0,0.0,2025-Jan-29-19:14:02.506803
0.7185205030005031,1457,25,1,0,0,0,0.0,0.0,2025-Jan-29-19:14:02.566437
0.7561122308552579,1458,25,1,0,-1,0,0.0,0.0,2025-Jan-29-19:14:02.654529
0.4160201626761834,1459,25,1,0,1,1,1.9000000000000001,1.9000000000000001,2025-Jan-29-19:14:02.781710
0.8436562666978078,1460,25,1,0,-1,-1,0.0,0.0,2025-Jan-29-19:14:02.852739
0.4160201626761834,1461,25,1,0,1,1,1.9000000000000001,1.9000000000000001,2025-Jan-29-19:14:02.948177
0.4160201626761834,1462,25,1,0,1,1,1.9000000000000001,1.9000000000000001,2025-Jan-29-19:14:03.041919
0.5423573219619376,1463,25,1,0,1,0,1.9000000000000001,0.0,2025-Jan-29-19:14:03.112692
0.5921787662199604,1464,25,1,0,0,1,0.0,1.9000000000000001,2025-Jan-29-19:14:03.183519
0.5921787662199604,1465,25,1,0,0,1,0.0,1.9000000000000001,2025-Jan-29-19:14:03.254404
0.6298883869405699,1466,25,1,0,1,-1,1.9000000000000001,0.0,2025-Jan-29-19:14:03.337427
0.5921787662199604,1467,25,1,0,0,1,0.0,1.9000000000000001,2025-Jan-29-19:14:03.408160
0.4160201626761834,1468,25,1,0,1,1,1.9000000000000001,1.9000000000000001,2025-Jan-29-19:14:03.501947
0.4160201626761834,1469,25,1,0,1,1,1.9000000000000001,1.9000000000000001,2025-Jan-29-19:14:03.618784
0.4160201626761834,1470,25,1,0,1,1,1.9000000000000001,1.9000000000000001,2025-Jan-29-19:14:03.753840
0.4160201626761834,1471,25,1,0,1,1,1.9000000000000001,1.9000000000000001,2025-Jan-29-19:14:03.852767
0.4160201626761834,1472,25,1,0,1,1,1.9000000000000001,1.9000000000000001,2025-Jan-29-19:14:03.946841
0.4160201626761834,1473,25,1,0,1,1,1.9000000000000001,1.9000000000000001,2025-Jan-29-19:14:04.041871
0.4160201626761834,1474,25,1,0,1,1,1.9000000000000001,1.9000000000000001,2025-Jan-29-19:14:04.137217
0.4160201626761834,1475,25,1,0,1,1,1.9000000000000001,1.9000000000000001,2025-Jan-29-19:14:04.232090
0.4160201626761834,1476,25,1,0,1,1,1.9000000000000001,1.9000000000000001,2025-Jan-29-19:14:04.326205
0.4160201626761834,1477,25,1,0,1,1,1.9000000000000001,1.9000000000000001,2025-Jan-29-19:14:04.422279
0.4160201626761834,1478,25,1,0,1,1,1.9000000000000001,1.9000000000000001,2025-Jan-29-19:14:04.516227
0.5921787662199604,1479,25,1,0,0,1,0.0,1.9000000000000001,2025-Jan-29-19:14:04.612906
0.4160201626761834,1480,25,1,0,1,1,1.9000000000000001,1.9000000000000001,2025-Jan-29-19:14:04.755120
0.4160201626761834,1481,25,1,0,1,1,1.9000000000000001,1.9000000000000001,2025-Jan-29-19:14:04.854657
0.4160201626761834,1482,25,1,0,1,1,1.9000000000000001,1.9000000000000001,2025-Jan-29-19:14:04.949373
0.5423573219619376,1483,25,1,0,1,0,1.9000000000000001,0.0,2025-Jan-29-19:14:05.020531
0.6298883869405699,1484,25,1,0,1,-1,1.9000000000000001,0.0,2025-Jan-29-19:14:05.104348
0.5921787662199604,1485,25,1,0,0,1,0.0,1.9000000000000001,2025-Jan-29-19:14:05.175542
0.4160201626761834,1486,25,1,0,1,1,1.9000000000000001,1.9000000000000001,2025-Jan-29-19:14:05.269222
0.4160201626761834,1487,25,1,0,1,1,1.9000000000000001,1.9000000000000001,2025-Jan-29-19:14:05.362634
0.6298883869405699,1488,25,1,0,1,-1,1.9000000000000001,0.0,2025-Jan-29-19:14:05.445542
0.5423573219619376,1489,25,1,0,1,0,1.9000000000000001,0.0,2025-Jan-29-19:14:05.515903
0.5423573219619376,1490,25,1,0,1,0,1.9000000000000001,0.0,2025-Jan-29-19:14:05.622692
0.4160201626761834,1491,25,1,0,1,1,1.9000000000000001,1.9000000000000001,2025-Jan-29-19:14:05.752311
0.629780506117975,1492,25,1,0,-1,1,0.0,1.9000000000000001,2025-Jan-29-19:14:05.843547
0.4160201626761834,1493,25,1,0,1,1,1.9000000000000001,1.9000000000000001,2025-Jan-29-19:14:05.942341
0.4160201626761834,1494,25,1,0,1,1,1.9000000000000001,1.9000000000000001,2025-Jan-29-19:14:06.037414
0.4160201626761834,1495,25,1,0,1,1,1.9000000000000001,1.9000000000000001,2025-Jan-29-19:14:06.131275
0.5423573219619376,1496,25,1,0,1,0,1.9000000000000001,0.0,2025-Jan-29-19:14:06.202550
0.5423573219619376,1497,25,1,0,1,0,1.9000000000000001,0.0,2025-Jan-29-19:14:06.273201
0.4160201626761834,1498,25,1,0,1,1,1.9000000000000001,1.9000000000000001,2025-Jan-29-19:14:06.366790
0.5921787662199604,1499,25,1,0,0,1,0.0,1.9000000000000001,2025-Jan-29-19:14:06.509012
0.4160201626761834,1500,25,1,0,1,1,1.9000000000000001,1.9000000000000001,2025-Jan-29-19:14:06.615511
0.5423573219619376,1501,25,1,0,1,0,1.9000000000000001,0.0,2025-Jan-29-19:14:06.717493
0.4160201626761834,1502,25,1,0,1,1,1.9000000000000001,1.9000000000000001,2025-Jan-29-19:14:06.834717
0.5423573219619376,1503,25,1,0,1,0,1.9000000000000001,0.0,2025-Jan-29-19:14:06.906148
0.4160201626761834,1504,25,1,0,1,1,1.9000000000000001,1.9000000000000001,2025-Jan-29-19:14:06.999428
0.4160201626761834,1505,25,1,0,1,1,1.9000000000000001,1.9000000000000001,2025-Jan-29-19:14:07.092716
0.4160201626761834,1506,25,1,0,1,1,1.9000000000000001,1.9000000000000001,2025-Jan-29-19:14:07.186379
0.4160201626761834,1507,25,1,0,1,1,1.9000000000000001,1.9000000000000001,2025-Jan-29-19:14:07.280103
0.629780506117975,1508,25,1,0,-1,1,0.0,1.9000000000000001,2025-Jan-29-19:14:07.362556
0.4160201626761834,1509,25,1,0,1,1,1.9000000000000001,1.9000000000000001,2025-Jan-29-19:14:07.455902
0.629780506117975,1510,25,1,0,-1,1,0.0,1.9000000000000001,2025-Jan-29-19:14:07.538613
0.5921787662199604,1511,25,1,0,0,1,0.0,1.9000000000000001,2025-Jan-29-19:14:07.620687
0.7185205030005031,1512,25,1,0,0,0,0.0,0.0,2025-Jan-29-19:14:07.692932
0.7185205030005031,1513,25,1,0,0,0,0.0,0.0,2025-Jan-29-19:14:07.756102
0.7561122308552579,1514,25,1,0,-1,0,0.0,0.0,2025-Jan-29-19:14:07.812793
0.6298883869405699,1515,25,1,0,1,-1,1.9000000000000001,0.0,2025-Jan-29-19:14:07.898089
0.8060591477019475,1516,25,1,0,0,-1,0.0,0.0,2025-Jan-29-19:14:07.953748
0.7185205030005031,1517,25,1,0,0,0,0.0,0.0,2025-Jan-29-19:14:07.996328
0.5423573219619376,1518,25,1,0,1,0,1.9000000000000001,0.0,2025-Jan-29-19:14:08.067490
0.5921787662199604,1519,25,1,0,0,1,0.0,1.9000000000000001,2025-Jan-29-19:14:08.138204
0.4160201626761834,1520,25,1,0,1,1,1.9000000000000001,1.9000000000000001,2025-Jan-29-19:14:08.231313
0.7561122308552579,1521,25,1,0,-1,0,0.0,0.0,2025-Jan-29-19:14:08.285533
0.8060591477019475,1522,25,1,0,0,-1,0.0,0.0,2025-Jan-29-19:14:08.340186
0.7185205030005031,1523,25,1,0,0,0,0.0,0.0,2025-Jan-29-19:14:08.382302
0.5423573219619376,1524,25,1,0,1,0,1.9000000000000001,0.0,2025-Jan-29-19:14:08.453284
0.7185205030005031,1525,25,1,0,0,0,0.0,0.0,2025-Jan-29-19:14:08.495623
0.7561122308552579,1526,25,1,0,-1,0,0.0,0.0,2025-Jan-29-19:14:08.573982
0.8060591477019475,1527,25,1,0,0,-1,0.0,0.0,2025-Jan-29-19:14:08.665895
0.5423573219619376,1528,25,1,0,1,0,1.9000000000000001,0.0,2025-Jan-29-19:14:08.771355
0.5423573219619376,1529,25,1,0,1,0,1.9000000000000001,0.0,2025-Jan-29-19:14:08.844267
0.8060591477019475,1530,25,1,0,0,-1,0.0,0.0,2025-Jan-29-19:14:08.902220
0.5921787662199604,1531,25,1,0,0,1,0.0,1.9000000000000001,2025-Jan-29-19:14:08.973448
0.7185205030005031,1532,25,1,0,0,0,0.0,0.0,2025-Jan-29-19:14:09.015827
0.8436562666978078,1533,25,1,0,-1,-1,0.0,0.0,2025-Jan-29-19:14:09.083076
0.7185205030005031,1534,25,1,0,0,0,0.0,0.0,2025-Jan-29-19:14:09.125328
0.7185205030005031,1535,25,1,0,0,0,0.0,0.0,2025-Jan-29-19:14:09.168091
0.5423573219619376,1536,25,1,0,1,0,1.9000000000000001,0.0,2025-Jan-29-19:14:09.238449
0.7185205030005031,1537,25,1,0,0,0,0.0,0.0,2025-Jan-29-19:14:09.281185
0.5423573219619376,1538,25,1,0,1,0,1.9000000000000001,0.0,2025-Jan-29-19:14:09.351840
0.7185205030005031,1539,25,1,0,0,0,0.0,0.0,2025-Jan-29-19:14:09.394442
0.6298883869405699,1540,25,1,0,1,-1,1.9000000000000001,0.0,2025-Jan-29-19:14:09.477425
0.7185205030005031,1541,25,1,0,0,0,0.0,0.0,2025-Jan-29-19:14:09.519716
0.7185205030005031,1542,25,1,0,0,0,0.0,0.0,2025-Jan-29-19:14:09.585478
0.8436562666978078,1543,25,1,0,-1,-1,0.0,0.0,2025-Jan-29-19:14:09.795041
0.5423573219619376,1544,25,1,0,1,0,1.9000000000000001,0.0,2025-Jan-29-19:14:09.889266
0.5921787662199604,1545,25,1,0,0,1,0.0,1.9000000000000001,2025-Jan-29-19:14:09.964109
0.5921787662199604,1546,25,1,0,0,1,0.0,1.9000000000000001,2025-Jan-29-19:14:10.037542
0.7185205030005031,1547,25,1,0,0,0,0.0,0.0,2025-Jan-29-19:14:10.081181
0.5423573219619376,1548,25,1,0,1,0,1.9000000000000001,0.0,2025-Jan-29-19:14:10.153648
0.7561122308552579,1549,25,1,0,-1,0,0.0,0.0,2025-Jan-29-19:14:10.210520
0.7185205030005031,1550,25,1,0,0,0,0.0,0.0,2025-Jan-29-19:14:10.254981
0.8060591477019475,1551,25,1,0,0,-1,0.0,0.0,2025-Jan-29-19:14:10.312084
0.7185205030005031,1552,25,1,0,0,0,0.0,0.0,2025-Jan-29-19:14:10.356336
0.629780506117975,1553,25,1,0,-1,1,0.0,1.9000000000000001,2025-Jan-29-19:14:10.442135
0.7185205030005031,1554,25,1,0,0,0,0.0,0.0,2025-Jan-29-19:14:10.486165
0.7185205030005031,1555,25,1,0,0,0,0.0,0.0,2025-Jan-29-19:14:10.530440
0.5423573219619376,1556,25,1,0,1,0,1.9000000000000001,0.0,2025-Jan-29-19:14:10.619424
0.6298883869405699,1557,25,1,0,1,-1,1.9000000000000001,0.0,2025-Jan-29-19:14:10.749151
0.7185205030005031,1558,25,1,0,0,0,0.0,0.0,2025-Jan-29-19:14:10.815886
0.7185205030005031,1559,25,1,0,0,0,0.0,0.0,2025-Jan-29-19:14:10.861511
0.6298883869405699,1560,25,1,0,1,-1,1.9000000000000001,0.0,2025-Jan-29-19:14:10.949204
