Cost,Sim,Switch_State_Indx,Gen1_on,Gen2_on,Batt1_mode,Batt2_mode,Batt1_power_kW,Batt2_power_kW,Timestamp
1.1111128709475113,16492,25,1,1,-1,0,0.0,0.0,2025-Jan-29-19:32:20.999622
0.5423573219619376,16493,25,1,0,1,0,1.9000000000000001,0.0,2025-Jan-29-19:32:21.072550
0.9760242519712691,16494,25,1,1,-1,1,0.0,1.9000000000000001,2025-Jan-29-19:32:21.155153
1.0735211430969913,16495,25,1,1,0,0,0.0,0.0,2025-Jan-29-19:32:21.198299
0.8060591477019475,16496,25,1,0,0,-1,0.0,0.0,2025-Jan-29-19:32:21.253540
0.629780506117975,16497,25,1,0,-1,1,0.0,1.9000000000000001,2025-Jan-29-19:32:21.336608
0.8060591477019475,16498,25,1,0,0,-1,0.0,0.0,2025-Jan-29-19:32:21.392057
0.8436562666978078,16499,25,1,0,-1,-1,0.0,0.0,2025-Jan-29-19:32:21.473409
0.7185205030005031,16500,25,1,0,0,0,0.0,0.0,2025-Jan-29-19:32:21.519271
1.0735211430969913,16501,25,1,1,0,0,0.0,0.0,2025-Jan-29-19:32:21.590488
0.5921787662199604,16502,25,1,0,0,1,0.0,1.9000000000000001,2025-Jan-29-19:32:21.702989
0.9848890270480929,16503,25,1,1,1,-1,1.9000000000000001,0.0,2025-Jan-29-19:32:21.812733
0.8973579620796409,16504,25,1,1,1,0,1.9000000000000001,0.0,2025-Jan-29-19:32:21.887533
0.7185205030005031,16505,25,1,0,0,0,0.0,0.0,2025-Jan-29-19:32:21.931351
0.4160201626761834,16506,25,1,0,1,1,1.9000000000000001,1.9000000000000001,2025-Jan-29-19:32:22.026382
0.4160201626761834,16507,25,1,0,1,1,1.9000000000000001,1.9000000000000001,2025-Jan-29-19:32:22.128989
0.629780506117975,16508,25,1,0,-1,1,0.0,1.9000000000000001,2025-Jan-29-19:32:22.213908
0.7561122308552579,16509,25,1,0,-1,0,0.0,0.0,2025-Jan-29-19:32:22.273183
0.7561122308552579,16510,25,1,0,-1,0,0.0,0.0,2025-Jan-29-19:32:22.329172
1.0735211430969913,16511,25,1,1,0,0,0.0,0.0,2025-Jan-29-19:32:22.372696
1.0735211430969913,16512,25,1,1,0,0,0.0,0.0,2025-Jan-29-19:32:22.416149
0.7561122308552579,16513,25,1,0,-1,0,0.0,0.0,2025-Jan-29-19:32:22.698980
1.0735211430969913,16514,25,1,1,0,0,0.0,0.0,2025-Jan-29-19:32:22.779391
0.7561122308552579,16515,25,1,0,-1,0,0.0,0.0,2025-Jan-29-19:32:22.868317
1.0735211430969913,16516,25,1,1,0,0,0.0,0.0,2025-Jan-29-19:32:22.913674
0.5921787662199604,16517,25,1,0,0,1,0.0,1.9000000000000001,2025-Jan-29-19:32:22.985273
0.5921787662199604,16518,25,1,0,0,1,0.0,1.9000000000000001,2025-Jan-29-19:32:23.056590
0.7185205030005031,16519,25,1,0,0,0,0.0,0.0,2025-Jan-29-19:32:23.099317
0.8060591477019475,16520,25,1,0,0,-1,0.0,0.0,2025-Jan-29-19:32:23.154692
0.9760242519712691,16521,25,1,1,-1,1,0.0,1.9000000000000001,2025-Jan-29-19:32:23.237728
0.5921787662199604,16522,25,1,0,0,1,0.0,1.9000000000000001,2025-Jan-29-19:32:23.309650
1.0735211430969913,16523,25,1,1,0,0,0.0,0.0,2025-Jan-29-19:32:23.352569
0.7561122308552579,16524,25,1,0,-1,0,0.0,0.0,2025-Jan-29-19:32:23.409356
0.7561122308552579,16525,25,1,0,-1,0,0.0,0.0,2025-Jan-29-19:32:23.465900
0.7561122308552579,16526,25,1,0,-1,0,0.0,0.0,2025-Jan-29-19:32:23.521594
0.5921787662199604,16527,25,1,0,0,1,0.0,1.9000000000000001,2025-Jan-29-19:32:23.615314
0.8973579620796409,16528,25,1,1,1,0,1.9000000000000001,0.0,2025-Jan-29-19:32:23.720703
1.1111128709475113,16529,25,1,1,-1,0,0.0,0.0,2025-Jan-29-19:32:23.796270
0.8060591477019475,16530,25,1,0,0,-1,0.0,0.0,2025-Jan-29-19:32:23.854468
0.7561122308552579,16531,25,1,0,-1,0,0.0,0.0,2025-Jan-29-19:32:23.910567
0.7185205030005031,16532,25,1,0,0,0,0.0,0.0,2025-Jan-29-19:32:23.953952
0.7185205030005031,16533,25,1,0,0,0,0.0,0.0,2025-Jan-29-19:32:23.996970
1.0735211430969913,16534,25,1,1,0,0,0.0,0.0,2025-Jan-29-19:32:24.040378
0.9760242519712691,16535,25,1,1,-1,1,0.0,1.9000000000000001,2025-Jan-29-19:32:24.126674
0.7185205030005031,16536,25,1,0,0,0,0.0,0.0,2025-Jan-29-19:32:24.170459
0.5921787662199604,16537,25,1,0,0,1,0.0,1.9000000000000001,2025-Jan-29-19:32:24.243080
0.7185205030005031,16538,25,1,0,0,0,0.0,0.0,2025-Jan-29-19:32:24.287906
1.1111128709475113,16539,25,1,1,-1,0,0.0,0.0,2025-Jan-29-19:32:24.344077
1.0735211430969913,16540,25,1,1,0,0,0.0,0.0,2025-Jan-29-19:32:24.388108
0.7185205030005031,16541,25,1,0,0,0,0.0,0.0,2025-Jan-29-19:32:24.431568
1.1111128709475113,16542,25,1,1,-1,0,0.0,0.0,2025-Jan-29-19:32:24.487220
0.7185205030005031,16543,25,1,0,0,0,0.0,0.0,2025-Jan-29-19:32:24.530726
0.7185205030005031,16544,25,1,0,0,0,0.0,0.0,2025-Jan-29-19:32:24.587286
0.7185205030005031,16545,25,1,0,0,0,0.0,0.0,2025-Jan-29-19:32:24.657062
0.7185205030005031,16546,25,1,0,0,0,0.0,0.0,2025-Jan-29-19:32:24.726173
0.7185205030005031,16547,25,1,0,0,0,0.0,0.0,2025-Jan-29-19:32:24.796464
0.7185205030005031,16548,25,1,0,0,0,0.0,0.0,2025-Jan-29-19:32:24.843078
0.8973579620796409,16549,25,1,1,1,0,1.9000000000000001,0.0,2025-Jan-29-19:32:24.917830
0.7710208028095181,16550,25,1,1,1,1,1.9000000000000001,1.9000000000000001,2025-Jan-29-19:32:25.013111
0.7710208028095181,16551,25,1,1,1,1,1.9000000000000001,1.9000000000000001,2025-Jan-29-19:32:25.109233
0.7185205030005031,16552,25,1,0,0,0,0.0,0.0,2025-Jan-29-19:32:25.153726
0.7185205030005031,16553,25,1,0,0,0,0.0,0.0,2025-Jan-29-19:32:25.199445
0.7185205030005031,16554,25,1,0,0,0,0.0,0.0,2025-Jan-29-19:32:25.243070
0.7185205030005031,16555,25,1,0,0,0,0.0,0.0,2025-Jan-29-19:32:25.288843
0.7710208028095181,16556,25,1,1,1,1,1.9000000000000001,1.9000000000000001,2025-Jan-29-19:32:25.384584
0.7710208028095181,16557,25,1,1,1,1,1.9000000000000001,1.9000000000000001,2025-Jan-29-19:32:25.479630
0.7710208028095181,16558,25,1,1,1,1,1.9000000000000001,1.9000000000000001,2025-Jan-29-19:32:25.599179
0.7710208028095181,16559,25,1,1,1,1,1.9000000000000001,1.9000000000000001,2025-Jan-29-19:32:25.733930
0.7185205030005031,16560,25,1,0,0,0,0.0,0.0,2025-Jan-29-19:32:25.787132
0.7710208028095181,16561,25,1,1,1,1,1.9000000000000001,1.9000000000000001,2025-Jan-29-19:32:25.881595
0.7185205030005031,16562,25,1,0,0,0,0.0,0.0,2025-Jan-29-19:32:25.927881
0.7185205030005031,16563,25,1,0,0,0,0.0,0.0,2025-Jan-29-19:32:25.972959
0.7710208028095181,16564,25,1,1,1,1,1.9000000000000001,1.9000000000000001,2025-Jan-29-19:32:26.068387
0.7185205030005031,16565,25,1,0,0,0,0.0,0.0,2025-Jan-29-19:32:26.111959
0.7185205030005031,16566,25,1,0,0,0,0.0,0.0,2025-Jan-29-19:32:26.155709
0.7710208028095181,16567,25,1,1,1,1,1.9000000000000001,1.9000000000000001,2025-Jan-29-19:32:26.250279
0.7185205030005031,16568,25,1,0,0,0,0.0,0.0,2025-Jan-29-19:32:26.294548
0.7185205030005031,16569,25,1,0,0,0,0.0,0.0,2025-Jan-29-19:32:26.338110
0.7710208028095181,16570,25,1,1,1,1,1.9000000000000001,1.9000000000000001,2025-Jan-29-19:32:26.434178
0.7710208028095181,16571,25,1,1,1,1,1.9000000000000001,1.9000000000000001,2025-Jan-29-19:32:26.529045
0.7185205030005031,16572,25,1,0,0,0,0.0,0.0,2025-Jan-29-19:32:26.588092
0.7185205030005031,16573,25,1,0,0,0,0.0,0.0,2025-Jan-29-19:32:26.652470
0.7710208028095181,16574,25,1,1,1,1,1.9000000000000001,1.9000000000000001,2025-Jan-29-19:32:26.783071
0.7185205030005031,16575,25,1,0,0,0,0.0,0.0,2025-Jan-29-19:32:26.829703
0.7710208028095181,16576,25,1,1,1,1,1.9000000000000001,1.9000000000000001,2025-Jan-29-19:32:26.926485
0.7710208028095181,16577,25,1,1,1,1,1.9000000000000001,1.9000000000000001,2025-Jan-29-19:32:27.023126
0.7185205030005031,16578,25,1,0,0,0,0.0,0.0,2025-Jan-29-19:32:27.067125
0.7185205030005031,16579,25,1,0,0,0,0.0,0.0,2025-Jan-29-19:32:27.110873
0.7185205030005031,16580,25,1,0,0,0,0.0,0.0,2025-Jan-29-19:32:27.154697
0.7185205030005031,16581,25,1,0,0,0,0.0,0.0,2025-Jan-29-19:32:27.198822
0.7710208028095181,16582,25,1,1,1,1,1.9000000000000001,1.9000000000000001,2025-Jan-29-19:32:27.297096
0.7710208028095181,16583,25,1,1,1,1,1.9000000000000001,1.9000000000000001,2025-Jan-29-19:32:27.393776
0.7710208028095181,16584,25,1,1,1,1,1.9000000000000001,1.9000000000000001,2025-Jan-29-19:32:27.488605
0.7185205030005031,16585,25,1,0,0,0,0.0,0.0,2025-Jan-29-19:32:27.532235
0.7710208028095181,16586,25,1,1,1,1,1.9000000000000001,1.9000000000000001,2025-Jan-29-19:32:27.653157
0.7710208028095181,16587,25,1,1,1,1,1.9000000000000001,1.9000000000000001,2025-Jan-29-19:32:27.969218
0.7710208028095181,16588,25,1,1,1,1,1.9000000000000001,1.9000000000000001,2025-Jan-29-19:32:28.066737
0.7710208028095181,16589,25,1,1,1,1,1.9000000000000001,1.9000000000000001,2025-Jan-29-19:32:28.162540
0.7185205030005031,16590,25,1,0,0,0,0.0,0.0,2025-Jan-29-19:32:28.206292
0.7185205030005031,16591,25,1,0,0,0,0.0,0.0,2025-Jan-29-19:32:28.250473
0.7185205030005031,16592,25,1,0,0,0,0.0,0.0,2025-Jan-29-19:32:28.295514
0.7710208028095181,16593,25,1,1,1,1,1.9000000000000001,1.9000000000000001,2025-Jan-29-19:32:28.391345
0.7710208028095181,16594,25,1,1,1,1,1.9000000000000001,1.9000000000000001,2025-Jan-29-19:32:28.486647
0.7185205030005031,16595,25,1,0,0,0,0.0,0.0,2025-Jan-29-19:32:28.530160
0.7710208028095181,16596,25,1,1,1,1,1.9000000000000001,1.9000000000000001,2025-Jan-29-19:32:28.650680
0.7185205030005031,16597,25,1,0,0,0,0.0,0.0,2025-Jan-29-19:32:28.726835
0.7710208028095181,16598,25,1,1,1,1,1.9000000000000001,1.9000000000000001,2025-Jan-29-19:32:28.842827
0.7185205030005031,16599,25,1,0,0,0,0.0,0.0,2025-Jan-29-19:32:28.888512
0.7710208028095181,16600,25,1,1,1,1,1.9000000000000001,1.9000000000000001,2025-Jan-29-19:32:28.986074
0.7185205030005031,16601,25,1,0,0,0,0.0,0.0,2025-Jan-29-19:32:29.030105
0.7185205030005031,16602,25,1,0,0,0,0.0,0.0,2025-Jan-29-19:32:29.075111
1.1111128709475113,16603,25,1,1,-1,0,0.0,0.0,2025-Jan-29-19:32:29.131709
0.7185205030005031,16604,25,1,0,0,0,0.0,0.0,2025-Jan-29-19:32:29.175219
0.7185205030005031,16605,25,1,0,0,0,0.0,0.0,2025-Jan-29-19:32:29.221078
0.7710208028095181,16606,25,1,1,1,1,1.9000000000000001,1.9000000000000001,2025-Jan-29-19:32:29.315726
0.7185205030005031,16607,25,1,0,0,0,0.0,0.0,2025-Jan-29-19:32:29.358722
0.7185205030005031,16608,25,1,0,0,0,0.0,0.0,2025-Jan-29-19:32:29.402961
0.7710208028095181,16609,25,1,1,1,1,1.9000000000000001,1.9000000000000001,2025-Jan-29-19:32:29.497108
0.7185205030005031,16610,25,1,0,0,0,0.0,0.0,2025-Jan-29-19:32:29.542765
0.7710208028095181,16611,25,1,1,1,1,1.9000000000000001,1.9000000000000001,2025-Jan-29-19:32:29.664025
0.7185205030005031,16612,25,1,0,0,0,0.0,0.0,2025-Jan-29-19:32:29.736943
0.7710208028095181,16613,25,1,1,1,1,1.9000000000000001,1.9000000000000001,2025-Jan-29-19:32:29.847784
0.7710208028095181,16614,25,1,1,1,1,1.9000000000000001,1.9000000000000001,2025-Jan-29-19:32:29.944369
0.7185205030005031,16615,25,1,0,0,0,0.0,0.0,2025-Jan-29-19:32:29.987707
1.1111128709475113,16616,25,1,1,-1,0,0.0,0.0,2025-Jan-29-19:32:30.043466
0.7710208028095181,16617,25,1,1,1,1,1.9000000000000001,1.9000000000000001,2025-Jan-29-19:32:30.141643
0.7185205030005031,16618,25,1,0,0,0,0.0,0.0,2025-Jan-29-19:32:30.185636
0.7185205030005031,16619,25,1,0,0,0,0.0,0.0,2025-Jan-29-19:32:30.228670
0.7185205030005031,16620,25,1,0,0,0,0.0,0.0,2025-Jan-29-19:32:30.272074
0.7185205030005031,16621,25,1,0,0,0,0.0,0.0,2025-Jan-29-19:32:30.316014
0.7185205030005031,16622,25,1,0,0,0,0.0,0.0,2025-Jan-29-19:32:30.358924
0.7185205030005031,16623,25,1,0,0,0,0.0,0.0,2025-Jan-29-19:32:30.402623
0.7185205030005031,16624,25,1,0,0,0,0.0,0.0,2025-Jan-29-19:32:30.445663
0.7710208028095181,16625,25,1,1,1,1,1.9000000000000001,1.9000000000000001,2025-Jan-29-19:32:30.540764
0.7185205030005031,16626,25,1,0,0,0,0.0,0.0,2025-Jan-29-19:32:30.602952
0.7185205030005031,16627,25,1,0,0,0,0.0,0.0,2025-Jan-29-19:32:30.678160
0.7185205030005031,16628,25,1,0,0,0,0.0,0.0,2025-Jan-29-19:32:30.749129
0.7710208028095181,16629,25,1,1,1,1,1.9000000000000001,1.9000000000000001,2025-Jan-29-19:32:30.871727
0.7185205030005031,16630,25,1,0,0,0,0.0,0.0,2025-Jan-29-19:32:30.917483
0.7710208028095181,16631,25,1,1,1,1,1.9000000000000001,1.9000000000000001,2025-Jan-29-19:32:31.013110
0.7710208028095181,16632,25,1,1,1,1,1.9000000000000001,1.9000000000000001,2025-Jan-29-19:32:31.123587
0.7185205030005031,16633,25,1,0,0,0,0.0,0.0,2025-Jan-29-19:32:31.170309
0.7185205030005031,16634,25,1,0,0,0,0.0,0.0,2025-Jan-29-19:32:31.214921
0.7185205030005031,16635,25,1,0,0,0,0.0,0.0,2025-Jan-29-19:32:31.262971
0.7185205030005031,16636,25,1,0,0,0,0.0,0.0,2025-Jan-29-19:32:31.313935
0.7710208028095181,16637,25,1,1,1,1,1.9000000000000001,1.9000000000000001,2025-Jan-29-19:32:31.430627
0.7185205030005031,16638,25,1,0,0,0,0.0,0.0,2025-Jan-29-19:32:31.481188
1.0735211430969913,16639,25,1,1,0,0,0.0,0.0,2025-Jan-29-19:32:31.530844
0.7185205030005031,16640,25,1,0,0,0,0.0,0.0,2025-Jan-29-19:32:31.610595
0.7710208028095181,16641,25,1,1,1,1,1.9000000000000001,1.9000000000000001,2025-Jan-29-19:32:31.760040
0.7710208028095181,16642,25,1,1,1,1,1.9000000000000001,1.9000000000000001,2025-Jan-29-19:32:31.880511
0.7710208028095181,16643,25,1,1,1,1,1.9000000000000001,1.9000000000000001,2025-Jan-29-19:32:31.984833
0.7185205030005031,16644,25,1,0,0,0,0.0,0.0,2025-Jan-29-19:32:32.028556
0.7710208028095181,16645,25,1,1,1,1,1.9000000000000001,1.9000000000000001,2025-Jan-29-19:32:32.140898
0.7710208028095181,16646,25,1,1,1,1,1.9000000000000001,1.9000000000000001,2025-Jan-29-19:32:32.247239
0.7185205030005031,16647,25,1,0,0,0,0.0,0.0,2025-Jan-29-19:32:32.291804
0.7185205030005031,16648,25,1,0,0,0,0.0,0.0,2025-Jan-29-19:32:32.336455
0.7710208028095181,16649,25,1,1,1,1,1.9000000000000001,1.9000000000000001,2025-Jan-29-19:32:32.432083
0.7710208028095181,16650,25,1,1,1,1,1.9000000000000001,1.9000000000000001,2025-Jan-29-19:32:32.526036
0.7710208028095181,16651,25,1,1,1,1,1.9000000000000001,1.9000000000000001,2025-Jan-29-19:32:32.658687
0.7710208028095181,16652,25,1,1,1,1,1.9000000000000001,1.9000000000000001,2025-Jan-29-19:32:32.791092
0.7185205030005031,16653,25,1,0,0,0,0.0,0.0,2025-Jan-29-19:32:32.837753
0.7185205030005031,16654,25,1,0,0,0,0.0,0.0,2025-Jan-29-19:32:32.881675
0.7185205030005031,16655,25,1,0,0,0,0.0,0.0,2025-Jan-29-19:32:32.927699
0.7710208028095181,16656,25,1,1,1,1,1.9000000000000001,1.9000000000000001,2025-Jan-29-19:32:33.022647
0.7185205030005031,16657,25,1,0,0,0,0.0,0.0,2025-Jan-29-19:32:33.067608
0.7185205030005031,16658,25,1,0,0,0,0.0,0.0,2025-Jan-29-19:32:33.111734
0.7185205030005031,16659,25,1,0,0,0,0.0,0.0,2025-Jan-29-19:32:33.155184
0.7185205030005031,16660,25,1,0,0,0,0.0,0.0,2025-Jan-29-19:32:33.384792
0.7710208028095181,16661,25,1,1,1,1,1.9000000000000001,1.9000000000000001,2025-Jan-29-19:32:33.483673
0.7710208028095181,16662,25,1,1,1,1,1.9000000000000001,1.9000000000000001,2025-Jan-29-19:32:33.597914
0.7710208028095181,16663,25,1,1,1,1,1.9000000000000001,1.9000000000000001,2025-Jan-29-19:32:33.735676
0.7185205030005031,16664,25,1,0,0,0,0.0,0.0,2025-Jan-29-19:32:33.786258
0.7710208028095181,16665,25,1,1,1,1,1.9000000000000001,1.9000000000000001,2025-Jan-29-19:32:33.882946
0.7185205030005031,16666,25,1,0,0,0,0.0,0.0,2025-Jan-29-19:32:33.927003
0.7710208028095181,16667,25,1,1,1,1,1.9000000000000001,1.9000000000000001,2025-Jan-29-19:32:34.021605
0.7185205030005031,16668,25,1,0,0,0,0.0,0.0,2025-Jan-29-19:32:34.065602
0.7185205030005031,16669,25,1,0,0,0,0.0,0.0,2025-Jan-29-19:32:34.110051
0.7185205030005031,16670,25,1,0,0,0,0.0,0.0,2025-Jan-29-19:32:34.154278
0.7185205030005031,16671,25,1,0,0,0,0.0,0.0,2025-Jan-29-19:32:34.198493
0.7710208028095181,16672,25,1,1,1,1,1.9000000000000001,1.9000000000000001,2025-Jan-29-19:32:34.293551
0.7185205030005031,16673,25,1,0,0,0,0.0,0.0,2025-Jan-29-19:32:34.337134
0.7185205030005031,16674,25,1,0,0,0,0.0,0.0,2025-Jan-29-19:32:34.380596
0.7185205030005031,16675,25,1,0,0,0,0.0,0.0,2025-Jan-29-19:32:34.423951
0.7185205030005031,16676,25,1,0,0,0,0.0,0.0,2025-Jan-29-19:32:34.467225
0.7185205030005031,16677,25,1,0,0,0,0.0,0.0,2025-Jan-29-19:32:34.510812
0.7185205030005031,16678,25,1,0,0,0,0.0,0.0,2025-Jan-29-19:32:34.570001
0.7185205030005031,16679,25,1,0,0,0,0.0,0.0,2025-Jan-29-19:32:34.647810
0.7185205030005031,16680,25,1,0,0,0,0.0,0.0,2025-Jan-29-19:32:34.719798
0.7185205030005031,16681,25,1,0,0,0,0.0,0.0,2025-Jan-29-19:32:34.782057
0.7710208028095181,16682,25,1,1,1,1,1.9000000000000001,1.9000000000000001,2025-Jan-29-19:32:34.879366
0.7710208028095181,16683,25,1,1,1,1,1.9000000000000001,1.9000000000000001,2025-Jan-29-19:32:34.974787
0.7185205030005031,16684,25,1,0,0,0,0.0,0.0,2025-Jan-29-19:32:35.018401
0.7710208028095181,16685,25,1,1,1,1,1.9000000000000001,1.9000000000000001,2025-Jan-29-19:32:35.115379
0.7710208028095181,16686,25,1,1,1,1,1.9000000000000001,1.9000000000000001,2025-Jan-29-19:32:35.210349
0.7710208028095181,16687,25,1,1,1,1,1.9000000000000001,1.9000000000000001,2025-Jan-29-19:32:35.306555
0.7185205030005031,16688,25,1,0,0,0,0.0,0.0,2025-Jan-29-19:32:35.350231
0.7710208028095181,16689,25,1,1,1,1,1.9000000000000001,1.9000000000000001,2025-Jan-29-19:32:35.445912
0.7185205030005031,16690,25,1,0,0,0,0.0,0.0,2025-Jan-29-19:32:35.489434
0.7710208028095181,16691,25,1,1,1,1,1.9000000000000001,1.9000000000000001,2025-Jan-29-19:32:35.614828
0.7710208028095181,16692,25,1,1,1,1,1.9000000000000001,1.9000000000000001,2025-Jan-29-19:32:35.748033
0.7185205030005031,16693,25,1,0,0,0,0.0,0.0,2025-Jan-29-19:32:35.794781
0.7185205030005031,16694,25,1,0,0,0,0.0,0.0,2025-Jan-29-19:32:35.843493
0.4160201626761834,16695,25,1,0,1,1,1.9000000000000001,1.9000000000000001,2025-Jan-29-19:32:35.954280
0.7185205030005031,16696,25,1,0,0,0,0.0,0.0,2025-Jan-29-19:32:36.000099
0.7185205030005031,16697,25,1,0,0,0,0.0,0.0,2025-Jan-29-19:32:36.043708
0.7185205030005031,16698,25,1,0,0,0,0.0,0.0,2025-Jan-29-19:32:36.088429
0.7185205030005031,16699,25,1,0,0,0,0.0,0.0,2025-Jan-29-19:32:36.133708
0.4160201626761834,16700,25,1,0,1,1,1.9000000000000001,1.9000000000000001,2025-Jan-29-19:32:36.228562
0.7185205030005031,16701,25,1,0,0,0,0.0,0.0,2025-Jan-29-19:32:36.272730
0.7185205030005031,16702,25,1,0,0,0,0.0,0.0,2025-Jan-29-19:32:36.315828
0.7185205030005031,16703,25,1,0,0,0,0.0,0.0,2025-Jan-29-19:32:36.359900
0.7185205030005031,16704,25,1,0,0,0,0.0,0.0,2025-Jan-29-19:32:36.413965
0.4160201626761834,16705,25,1,0,1,1,1.9000000000000001,1.9000000000000001,2025-Jan-29-19:32:36.509751
0.7185205030005031,16706,25,1,0,0,0,0.0,0.0,2025-Jan-29-19:32:36.570309
0.7185205030005031,16707,25,1,0,0,0,0.0,0.0,2025-Jan-29-19:32:36.659856
0.7185205030005031,16708,25,1,0,0,0,0.0,0.0,2025-Jan-29-19:32:36.738211
0.7185205030005031,16709,25,1,0,0,0,0.0,0.0,2025-Jan-29-19:32:36.816248
0.7185205030005031,16710,25,1,0,0,0,0.0,0.0,2025-Jan-29-19:32:36.864272
0.7185205030005031,16711,25,1,0,0,0,0.0,0.0,2025-Jan-29-19:32:36.912446
0.7185205030005031,16712,25,1,0,0,0,0.0,0.0,2025-Jan-29-19:32:36.960316
0.7185205030005031,16713,25,1,0,0,0,0.0,0.0,2025-Jan-29-19:32:37.006875
0.7185205030005031,16714,25,1,0,0,0,0.0,0.0,2025-Jan-29-19:32:37.053582
0.4160201626761834,16715,25,1,0,1,1,1.9000000000000001,1.9000000000000001,2025-Jan-29-19:32:37.153428
0.7185205030005031,16716,25,1,0,0,0,0.0,0.0,2025-Jan-29-19:32:37.199937
0.7561122308552579,16717,25,1,0,-1,0,0.0,0.0,2025-Jan-29-19:32:37.259861
0.7185205030005031,16718,25,1,0,0,0,0.0,0.0,2025-Jan-29-19:32:37.307094
0.4160201626761834,16719,25,1,0,1,1,1.9000000000000001,1.9000000000000001,2025-Jan-29-19:32:37.406237
0.7185205030005031,16720,25,1,0,0,0,0.0,0.0,2025-Jan-29-19:32:37.453346
0.4160201626761834,16721,25,1,0,1,1,1.9000000000000001,1.9000000000000001,2025-Jan-29-19:32:37.564286
0.4160201626761834,16722,25,1,0,1,1,1.9000000000000001,1.9000000000000001,2025-Jan-29-19:32:37.730680
0.7185205030005031,16723,25,1,0,0,0,0.0,0.0,2025-Jan-29-19:32:37.794992
0.7185205030005031,16724,25,1,0,0,0,0.0,0.0,2025-Jan-29-19:32:37.838314
0.7185205030005031,16725,25,1,0,0,0,0.0,0.0,2025-Jan-29-19:32:37.883399
0.7185205030005031,16726,25,1,0,0,0,0.0,0.0,2025-Jan-29-19:32:38.123548
0.4160201626761834,16727,25,1,0,1,1,1.9000000000000001,1.9000000000000001,2025-Jan-29-19:32:38.219980
0.7185205030005031,16728,25,1,0,0,0,0.0,0.0,2025-Jan-29-19:32:38.263631
0.7185205030005031,16729,25,1,0,0,0,0.0,0.0,2025-Jan-29-19:32:38.307105
0.4160201626761834,16730,25,1,0,1,1,1.9000000000000001,1.9000000000000001,2025-Jan-29-19:32:38.402174
0.4160201626761834,16731,25,1,0,1,1,1.9000000000000001,1.9000000000000001,2025-Jan-29-19:32:38.496432
0.7185205030005031,16732,25,1,0,0,0,0.0,0.0,2025-Jan-29-19:32:38.539034
0.7185205030005031,16733,25,1,0,0,0,0.0,0.0,2025-Jan-29-19:32:38.599058
0.4160201626761834,16734,25,1,0,1,1,1.9000000000000001,1.9000000000000001,2025-Jan-29-19:32:38.741829
0.7185205030005031,16735,25,1,0,0,0,0.0,0.0,2025-Jan-29-19:32:38.794553
0.7185205030005031,16736,25,1,0,0,0,0.0,0.0,2025-Jan-29-19:32:38.838593
0.7185205030005031,16737,25,1,0,0,0,0.0,0.0,2025-Jan-29-19:32:38.882505
0.7185205030005031,16738,25,1,0,0,0,0.0,0.0,2025-Jan-29-19:32:38.926816
0.7185205030005031,16739,25,1,0,0,0,0.0,0.0,2025-Jan-29-19:32:38.970949
0.7185205030005031,16740,25,1,0,0,0,0.0,0.0,2025-Jan-29-19:32:39.015216
0.4160201626761834,16741,25,1,0,1,1,1.9000000000000001,1.9000000000000001,2025-Jan-29-19:32:39.110714
0.7185205030005031,16742,25,1,0,0,0,0.0,0.0,2025-Jan-29-19:32:39.154120
0.7185205030005031,16743,25,1,0,0,0,0.0,0.0,2025-Jan-29-19:32:39.198018
0.7185205030005031,16744,25,1,0,0,0,0.0,0.0,2025-Jan-29-19:32:39.241059
0.7185205030005031,16745,25,1,0,0,0,0.0,0.0,2025-Jan-29-19:32:39.284399
0.7185205030005031,16746,25,1,0,0,0,0.0,0.0,2025-Jan-29-19:32:39.327477
0.4160201626761834,16747,25,1,0,1,1,1.9000000000000001,1.9000000000000001,2025-Jan-29-19:32:39.422326
0.7185205030005031,16748,25,1,0,0,0,0.0,0.0,2025-Jan-29-19:32:39.465482
0.7185205030005031,16749,25,1,0,0,0,0.0,0.0,2025-Jan-29-19:32:39.510944
0.4160201626761834,16750,25,1,0,1,1,1.9000000000000001,1.9000000000000001,2025-Jan-29-19:32:39.632067
0.4160201626761834,16751,25,1,0,1,1,1.9000000000000001,1.9000000000000001,2025-Jan-29-19:32:39.764748
0.4160201626761834,16752,25,1,0,1,1,1.9000000000000001,1.9000000000000001,2025-Jan-29-19:32:39.865062
0.4160201626761834,16753,25,1,0,1,1,1.9000000000000001,1.9000000000000001,2025-Jan-29-19:32:39.962703
0.7185205030005031,16754,25,1,0,0,0,0.0,0.0,2025-Jan-29-19:32:40.006263
0.4160201626761834,16755,25,1,0,1,1,1.9000000000000001,1.9000000000000001,2025-Jan-29-19:32:40.105153
0.7185205030005031,16756,25,1,0,0,0,0.0,0.0,2025-Jan-29-19:32:40.150547
0.7185205030005031,16757,25,1,0,0,0,0.0,0.0,2025-Jan-29-19:32:40.194223
0.7185205030005031,16758,25,1,0,0,0,0.0,0.0,2025-Jan-29-19:32:40.238849
0.4160201626761834,16759,25,1,0,1,1,1.9000000000000001,1.9000000000000001,2025-Jan-29-19:32:40.334905
0.4160201626761834,16760,25,1,0,1,1,1.9000000000000001,1.9000000000000001,2025-Jan-29-19:32:40.429586
0.7185205030005031,16761,25,1,0,0,0,0.0,0.0,2025-Jan-29-19:32:40.472933
0.7185205030005031,16762,25,1,0,0,0,0.0,0.0,2025-Jan-29-19:32:40.516005
0.7185205030005031,16763,25,1,0,0,0,0.0,0.0,2025-Jan-29-19:32:40.576056
0.4160201626761834,16764,25,1,0,1,1,1.9000000000000001,1.9000000000000001,2025-Jan-29-19:32:40.705393
0.4160201626761834,16765,25,1,0,1,1,1.9000000000000001,1.9000000000000001,2025-Jan-29-19:32:40.826456
0.7185205030005031,16766,25,1,0,0,0,0.0,0.0,2025-Jan-29-19:32:40.871972
0.7185205030005031,16767,25,1,0,0,0,0.0,0.0,2025-Jan-29-19:32:40.915780
0.7185205030005031,16768,25,1,0,0,0,0.0,0.0,2025-Jan-29-19:32:40.959730
0.7185205030005031,16769,25,1,0,0,0,0.0,0.0,2025-Jan-29-19:32:41.002974
0.4160201626761834,16770,25,1,0,1,1,1.9000000000000001,1.9000000000000001,2025-Jan-29-19:32:41.097929
0.7185205030005031,16771,25,1,0,0,0,0.0,0.0,2025-Jan-29-19:32:41.142273
0.4160201626761834,16772,25,1,0,1,1,1.9000000000000001,1.9000000000000001,2025-Jan-29-19:32:41.236799
0.4160201626761834,16773,25,1,0,1,1,1.9000000000000001,1.9000000000000001,2025-Jan-29-19:32:41.332353
0.7185205030005031,16774,25,1,0,0,0,0.0,0.0,2025-Jan-29-19:32:41.375225
0.7185205030005031,16775,25,1,0,0,0,0.0,0.0,2025-Jan-29-19:32:41.418366
0.7185205030005031,16776,25,1,0,0,0,0.0,0.0,2025-Jan-29-19:32:41.461920
0.7185205030005031,16777,25,1,0,0,0,0.0,0.0,2025-Jan-29-19:32:41.505485
0.4160201626761834,16778,25,1,0,1,1,1.9000000000000001,1.9000000000000001,2025-Jan-29-19:32:41.624671
0.4160201626761834,16779,25,1,0,1,1,1.9000000000000001,1.9000000000000001,2025-Jan-29-19:32:41.760965
0.7185205030005031,16780,25,1,0,0,0,0.0,0.0,2025-Jan-29-19:32:41.804982
0.7185205030005031,16781,25,1,0,0,0,0.0,0.0,2025-Jan-29-19:32:41.848093
0.7185205030005031,16782,25,1,0,0,0,0.0,0.0,2025-Jan-29-19:32:41.892072
0.7185205030005031,16783,25,1,0,0,0,0.0,0.0,2025-Jan-29-19:32:41.938284
0.7185205030005031,16784,25,1,0,0,0,0.0,0.0,2025-Jan-29-19:32:41.982310
0.7185205030005031,16785,25,1,0,0,0,0.0,0.0,2025-Jan-29-19:32:42.026285
0.4160201626761834,16786,25,1,0,1,1,1.9000000000000001,1.9000000000000001,2025-Jan-29-19:32:42.124132
0.4160201626761834,16787,25,1,0,1,1,1.9000000000000001,1.9000000000000001,2025-Jan-29-19:32:42.218835
0.4160201626761834,16788,25,1,0,1,1,1.9000000000000001,1.9000000000000001,2025-Jan-29-19:32:42.313422
0.4160201626761834,16789,25,1,0,1,1,1.9000000000000001,1.9000000000000001,2025-Jan-29-19:32:42.409625
0.4160201626761834,16790,25,1,0,1,1,1.9000000000000001,1.9000000000000001,2025-Jan-29-19:32:42.505929
0.4160201626761834,16791,25,1,0,1,1,1.9000000000000001,1.9000000000000001,2025-Jan-29-19:32:42.625331
0.7185205030005031,16792,25,1,0,0,0,0.0,0.0,2025-Jan-29-19:32:42.699424
