Cost,Sim,Switch_State_Indx,Gen1_on,Gen2_on,Batt1_mode,Batt2_mode,Batt1_power_kW,Batt2_power_kW,Timestamp
1.1111128709475113,17412,25,1,1,-1,0,0.0,0.0,2025-Jan-29-19:33:26.256495
0.5921787662199604,17413,25,1,0,0,1,0.0,1.9000000000000001,2025-Jan-29-19:33:26.330928
1.0735211430969913,17414,25,1,1,0,0,0.0,0.0,2025-Jan-29-19:33:26.374281
0.5921787662199604,17415,25,1,0,0,1,0.0,1.9000000000000001,2025-Jan-29-19:33:26.445968
0.5423573219619376,17416,25,1,0,1,0,1.9000000000000001,0.0,2025-Jan-29-19:33:26.518193
1.0735211430969913,17417,25,1,1,0,0,0.0,0.0,2025-Jan-29-19:33:26.580828
1.161059787788528,17418,25,1,1,0,-1,0.0,0.0,2025-Jan-29-19:33:26.674320
1.0735211430969913,17419,25,1,1,0,0,0.0,0.0,2025-Jan-29-19:33:26.750801
0.5921787662199604,17420,25,1,0,0,1,0.0,1.9000000000000001,2025-Jan-29-19:33:26.851863
0.7185205030005031,17421,25,1,0,0,0,0.0,0.0,2025-Jan-29-19:33:26.898724
0.7185205030005031,17422,25,1,0,0,0,0.0,0.0,2025-Jan-29-19:33:26.945614
1.161059787788528,17423,25,1,1,0,-1,0.0,0.0,2025-Jan-29-19:33:27.184103
0.5423573219619376,17424,25,1,0,1,0,1.9000000000000001,0.0,2025-Jan-29-19:33:27.262210
0.5423573219619376,17425,25,1,0,1,0,1.9000000000000001,0.0,2025-Jan-29-19:33:27.334412
0.7185205030005031,17426,25,1,0,0,0,0.0,0.0,2025-Jan-29-19:33:27.379047
0.7561122308552579,17427,25,1,0,-1,0,0.0,0.0,2025-Jan-29-19:33:27.435377
0.5921787662199604,17428,25,1,0,0,1,0.0,1.9000000000000001,2025-Jan-29-19:33:27.508364
0.8973579620796409,17429,25,1,1,1,0,1.9000000000000001,0.0,2025-Jan-29-19:33:27.602237
1.0735211430969913,17430,25,1,1,0,0,0.0,0.0,2025-Jan-29-19:33:27.674125
0.7185205030005031,17431,25,1,0,0,0,0.0,0.0,2025-Jan-29-19:33:27.753113
0.7185205030005031,17432,25,1,0,0,0,0.0,0.0,2025-Jan-29-19:33:27.811117
1.161059787788528,17433,25,1,1,0,-1,0.0,0.0,2025-Jan-29-19:33:27.870015
1.1111128709475113,17434,25,1,1,-1,0,0.0,0.0,2025-Jan-29-19:33:27.926206
0.8060591477019475,17435,25,1,0,0,-1,0.0,0.0,2025-Jan-29-19:33:27.982753
0.9471794063316156,17436,25,1,1,0,1,0.0,1.9000000000000001,2025-Jan-29-19:33:28.057483
0.7185205030005031,17437,25,1,0,0,0,0.0,0.0,2025-Jan-29-19:33:28.101692
0.7185205030005031,17438,25,1,0,0,0,0.0,0.0,2025-Jan-29-19:33:28.148435
0.4160201626761834,17439,25,1,0,1,1,1.9000000000000001,1.9000000000000001,2025-Jan-29-19:33:28.243379
1.1111128709475113,17440,25,1,1,-1,0,0.0,0.0,2025-Jan-29-19:33:28.300603
0.7185205030005031,17441,25,1,0,0,0,0.0,0.0,2025-Jan-29-19:33:28.343867
0.8973579620796409,17442,25,1,1,1,0,1.9000000000000001,0.0,2025-Jan-29-19:33:28.416335
1.0735211430969913,17443,25,1,1,0,0,0.0,0.0,2025-Jan-29-19:33:28.459788
0.629780506117975,17444,25,1,0,-1,1,0.0,1.9000000000000001,2025-Jan-29-19:33:28.544631
1.161059787788528,17445,25,1,1,0,-1,0.0,0.0,2025-Jan-29-19:33:28.627161
0.9471794063316156,17446,25,1,1,0,1,0.0,1.9000000000000001,2025-Jan-29-19:33:28.742616
0.8436562666978078,17447,25,1,0,-1,-1,0.0,0.0,2025-Jan-29-19:33:28.830182
0.9848890270480929,17448,25,1,1,1,-1,1.9000000000000001,0.0,2025-Jan-29-19:33:28.916666
0.8436562666978078,17449,25,1,0,-1,-1,0.0,0.0,2025-Jan-29-19:33:28.988545
0.9760242519712691,17450,25,1,1,-1,1,0.0,1.9000000000000001,2025-Jan-29-19:33:29.073652
1.0735211430969913,17451,25,1,1,0,0,0.0,0.0,2025-Jan-29-19:33:29.120247
1.1986569067802102,17452,25,1,1,-1,-1,0.0,0.0,2025-Jan-29-19:33:29.189351
1.1111128709475113,17453,25,1,1,-1,0,0.0,0.0,2025-Jan-29-19:33:29.252431
0.5423573219619376,17454,25,1,0,1,0,1.9000000000000001,0.0,2025-Jan-29-19:33:29.324366
0.9760242519712691,17455,25,1,1,-1,1,0.0,1.9000000000000001,2025-Jan-29-19:33:29.408783
0.8973579620796409,17456,25,1,1,1,0,1.9000000000000001,0.0,2025-Jan-29-19:33:29.481217
0.9760242519712691,17457,25,1,1,-1,1,0.0,1.9000000000000001,2025-Jan-29-19:33:29.588737
0.5921787662199604,17458,25,1,0,0,1,0.0,1.9000000000000001,2025-Jan-29-19:33:29.702287
0.7185205030005031,17459,25,1,0,0,0,0.0,0.0,2025-Jan-29-19:33:29.767359
0.7561122308552579,17460,25,1,0,-1,0,0.0,0.0,2025-Jan-29-19:33:29.827788
0.8973579620796409,17461,25,1,1,1,0,1.9000000000000001,0.0,2025-Jan-29-19:33:29.900985
1.1111128709475113,17462,25,1,1,-1,0,0.0,0.0,2025-Jan-29-19:33:29.956666
0.5921787662199604,17463,25,1,0,0,1,0.0,1.9000000000000001,2025-Jan-29-19:33:30.029426
0.7185205030005031,17464,25,1,0,0,0,0.0,0.0,2025-Jan-29-19:33:30.075957
0.5921787662199604,17465,25,1,0,0,1,0.0,1.9000000000000001,2025-Jan-29-19:33:30.151517
1.1111128709475113,17466,25,1,1,-1,0,0.0,0.0,2025-Jan-29-19:33:30.208950
0.7185205030005031,17467,25,1,0,0,0,0.0,0.0,2025-Jan-29-19:33:30.253313
0.9471794063316156,17468,25,1,1,0,1,0.0,1.9000000000000001,2025-Jan-29-19:33:30.326210
0.5921787662199604,17469,25,1,0,0,1,0.0,1.9000000000000001,2025-Jan-29-19:33:30.398780
0.7185205030005031,17470,25,1,0,0,0,0.0,0.0,2025-Jan-29-19:33:30.442735
1.0735211430969913,17471,25,1,1,0,0,0.0,0.0,2025-Jan-29-19:33:30.487194
1.0735211430969913,17472,25,1,1,0,0,0.0,0.0,2025-Jan-29-19:33:30.530980
0.7185205030005031,17473,25,1,0,0,0,0.0,0.0,2025-Jan-29-19:33:30.595640
0.7185205030005031,17474,25,1,0,0,0,0.0,0.0,2025-Jan-29-19:33:30.671904
0.5423573219619376,17475,25,1,0,1,0,1.9000000000000001,0.0,2025-Jan-29-19:33:30.776692
0.7185205030005031,17476,25,1,0,0,0,0.0,0.0,2025-Jan-29-19:33:30.822150
0.7185205030005031,17477,25,1,0,0,0,0.0,0.0,2025-Jan-29-19:33:30.872743
1.0735211430969913,17478,25,1,1,0,0,0.0,0.0,2025-Jan-29-19:33:30.923492
0.9471794063316156,17479,25,1,1,0,1,0.0,1.9000000000000001,2025-Jan-29-19:33:31.002192
0.9760242519712691,17480,25,1,1,-1,1,0.0,1.9000000000000001,2025-Jan-29-19:33:31.093212
0.7185205030005031,17481,25,1,0,0,0,0.0,0.0,2025-Jan-29-19:33:31.142843
0.7185205030005031,17482,25,1,0,0,0,0.0,0.0,2025-Jan-29-19:33:31.188393
0.7185205030005031,17483,25,1,0,0,0,0.0,0.0,2025-Jan-29-19:33:31.232023
1.1111128709475113,17484,25,1,1,-1,0,0.0,0.0,2025-Jan-29-19:33:31.290237
0.7185205030005031,17485,25,1,0,0,0,0.0,0.0,2025-Jan-29-19:33:31.338295
0.9471794063316156,17486,25,1,1,0,1,0.0,1.9000000000000001,2025-Jan-29-19:33:31.421997
0.7185205030005031,17487,25,1,0,0,0,0.0,0.0,2025-Jan-29-19:33:31.471769
0.5921787662199604,17488,25,1,0,0,1,0.0,1.9000000000000001,2025-Jan-29-19:33:31.571458
1.1986569067802102,17489,25,1,1,-1,-1,0.0,0.0,2025-Jan-29-19:33:31.702543
1.1111128709475113,17490,25,1,1,-1,0,0.0,0.0,2025-Jan-29-19:33:31.795998
0.7185205030005031,17491,25,1,0,0,0,0.0,0.0,2025-Jan-29-19:33:31.842671
0.7185205030005031,17492,25,1,0,0,0,0.0,0.0,2025-Jan-29-19:33:32.074409
0.9471794063316156,17493,25,1,1,0,1,0.0,1.9000000000000001,2025-Jan-29-19:33:32.160514
0.5921787662199604,17494,25,1,0,0,1,0.0,1.9000000000000001,2025-Jan-29-19:33:32.235652
0.7185205030005031,17495,25,1,0,0,0,0.0,0.0,2025-Jan-29-19:33:32.280409
0.9471794063316156,17496,25,1,1,0,1,0.0,1.9000000000000001,2025-Jan-29-19:33:32.351789
0.8436562666978078,17497,25,1,0,-1,-1,0.0,0.0,2025-Jan-29-19:33:32.420076
0.7185205030005031,17498,25,1,0,0,0,0.0,0.0,2025-Jan-29-19:33:32.463421
1.161059787788528,17499,25,1,1,0,-1,0.0,0.0,2025-Jan-29-19:33:32.519055
1.1111128709475113,17500,25,1,1,-1,0,0.0,0.0,2025-Jan-29-19:33:32.601723
1.0735211430969913,17501,25,1,1,0,0,0.0,0.0,2025-Jan-29-19:33:32.667348
0.7185205030005031,17502,25,1,0,0,0,0.0,0.0,2025-Jan-29-19:33:32.739628
0.7185205030005031,17503,25,1,0,0,0,0.0,0.0,2025-Jan-29-19:33:32.804201
0.7561122308552579,17504,25,1,0,-1,0,0.0,0.0,2025-Jan-29-19:33:32.859548
0.8973579620796409,17505,25,1,1,1,0,1.9000000000000001,0.0,2025-Jan-29-19:33:32.933025
1.1111128709475113,17506,25,1,1,-1,0,0.0,0.0,2025-Jan-29-19:33:32.987962
0.9760242519712691,17507,25,1,1,-1,1,0.0,1.9000000000000001,2025-Jan-29-19:33:33.071519
0.5921787662199604,17508,25,1,0,0,1,0.0,1.9000000000000001,2025-Jan-29-19:33:33.143667
0.7185205030005031,17509,25,1,0,0,0,0.0,0.0,2025-Jan-29-19:33:33.186970
0.7185205030005031,17510,25,1,0,0,0,0.0,0.0,2025-Jan-29-19:33:33.229884
0.8973579620796409,17511,25,1,1,1,0,1.9000000000000001,0.0,2025-Jan-29-19:33:33.301524
0.7561122308552579,17512,25,1,0,-1,0,0.0,0.0,2025-Jan-29-19:33:33.356739
0.7185205030005031,17513,25,1,0,0,0,0.0,0.0,2025-Jan-29-19:33:33.400822
0.7185205030005031,17514,25,1,0,0,0,0.0,0.0,2025-Jan-29-19:33:33.443434
0.5921787662199604,17515,25,1,0,0,1,0.0,1.9000000000000001,2025-Jan-29-19:33:33.514957
0.7185205030005031,17516,25,1,0,0,0,0.0,0.0,2025-Jan-29-19:33:33.583005
0.9471794063316156,17517,25,1,1,0,1,0.0,1.9000000000000001,2025-Jan-29-19:33:33.690922
0.9471794063316156,17518,25,1,1,0,1,0.0,1.9000000000000001,2025-Jan-29-19:33:33.794045
0.5921787662199604,17519,25,1,0,0,1,0.0,1.9000000000000001,2025-Jan-29-19:33:33.868606
0.7185205030005031,17520,25,1,0,0,0,0.0,0.0,2025-Jan-29-19:33:33.912742
0.7185205030005031,17521,25,1,0,0,0,0.0,0.0,2025-Jan-29-19:33:33.956144
0.7185205030005031,17522,25,1,0,0,0,0.0,0.0,2025-Jan-29-19:33:33.999699
0.7185205030005031,17523,25,1,0,0,0,0.0,0.0,2025-Jan-29-19:33:34.043338
0.5423573219619376,17524,25,1,0,1,0,1.9000000000000001,0.0,2025-Jan-29-19:33:34.118275
0.5423573219619376,17525,25,1,0,1,0,1.9000000000000001,0.0,2025-Jan-29-19:33:34.191327
0.7185205030005031,17526,25,1,0,0,0,0.0,0.0,2025-Jan-29-19:33:34.234849
0.7185205030005031,17527,25,1,0,0,0,0.0,0.0,2025-Jan-29-19:33:34.279353
0.7185205030005031,17528,25,1,0,0,0,0.0,0.0,2025-Jan-29-19:33:34.322467
0.8973579620796409,17529,25,1,1,1,0,1.9000000000000001,0.0,2025-Jan-29-19:33:34.394980
0.7185205030005031,17530,25,1,0,0,0,0.0,0.0,2025-Jan-29-19:33:34.438147
0.5921787662199604,17531,25,1,0,0,1,0.0,1.9000000000000001,2025-Jan-29-19:33:34.510039
0.7185205030005031,17532,25,1,0,0,0,0.0,0.0,2025-Jan-29-19:33:34.572503
0.5921787662199604,17533,25,1,0,0,1,0.0,1.9000000000000001,2025-Jan-29-19:33:34.687659
0.7185205030005031,17534,25,1,0,0,0,0.0,0.0,2025-Jan-29-19:33:34.758270
0.7185205030005031,17535,25,1,0,0,0,0.0,0.0,2025-Jan-29-19:33:34.804858
0.7185205030005031,17536,25,1,0,0,0,0.0,0.0,2025-Jan-29-19:33:34.848407
0.7185205030005031,17537,25,1,0,0,0,0.0,0.0,2025-Jan-29-19:33:34.894214
0.5921787662199604,17538,25,1,0,0,1,0.0,1.9000000000000001,2025-Jan-29-19:33:34.966237
0.4160201626761834,17539,25,1,0,1,1,1.9000000000000001,1.9000000000000001,2025-Jan-29-19:33:35.060764
0.7185205030005031,17540,25,1,0,0,0,0.0,0.0,2025-Jan-29-19:33:35.104557
0.7185205030005031,17541,25,1,0,0,0,0.0,0.0,2025-Jan-29-19:33:35.149053
0.7185205030005031,17542,25,1,0,0,0,0.0,0.0,2025-Jan-29-19:33:35.193110
0.5921787662199604,17543,25,1,0,0,1,0.0,1.9000000000000001,2025-Jan-29-19:33:35.265232
0.5921787662199604,17544,25,1,0,0,1,0.0,1.9000000000000001,2025-Jan-29-19:33:35.337926
0.7185205030005031,17545,25,1,0,0,0,0.0,0.0,2025-Jan-29-19:33:35.381554
1.0735211430969913,17546,25,1,1,0,0,0.0,0.0,2025-Jan-29-19:33:35.424794
0.8436562666978078,17547,25,1,0,-1,-1,0.0,0.0,2025-Jan-29-19:33:35.492852
0.7185205030005031,17548,25,1,0,0,0,0.0,0.0,2025-Jan-29-19:33:35.536403
0.5921787662199604,17549,25,1,0,0,1,0.0,1.9000000000000001,2025-Jan-29-19:33:35.631833
0.7185205030005031,17550,25,1,0,0,0,0.0,0.0,2025-Jan-29-19:33:35.713339
0.7185205030005031,17551,25,1,0,0,0,0.0,0.0,2025-Jan-29-19:33:35.773660
0.7185205030005031,17552,25,1,0,0,0,0.0,0.0,2025-Jan-29-19:33:35.819263
0.7185205030005031,17553,25,1,0,0,0,0.0,0.0,2025-Jan-29-19:33:35.869073
0.7185205030005031,17554,25,1,0,0,0,0.0,0.0,2025-Jan-29-19:33:35.919917
0.7185205030005031,17555,25,1,0,0,0,0.0,0.0,2025-Jan-29-19:33:35.965791
0.7185205030005031,17556,25,1,0,0,0,0.0,0.0,2025-Jan-29-19:33:36.009696
0.9760242519712691,17557,25,1,1,-1,1,0.0,1.9000000000000001,2025-Jan-29-19:33:36.094738
0.5921787662199604,17558,25,1,0,0,1,0.0,1.9000000000000001,2025-Jan-29-19:33:36.168366
0.7185205030005031,17559,25,1,0,0,0,0.0,0.0,2025-Jan-29-19:33:36.211962
0.7185205030005031,17560,25,1,0,0,0,0.0,0.0,2025-Jan-29-19:33:36.256205
0.7185205030005031,17561,25,1,0,0,0,0.0,0.0,2025-Jan-29-19:33:36.299700
0.7561122308552579,17562,25,1,0,-1,0,0.0,0.0,2025-Jan-29-19:33:36.355388
0.7185205030005031,17563,25,1,0,0,0,0.0,0.0,2025-Jan-29-19:33:36.399480
0.5423573219619376,17564,25,1,0,1,0,1.9000000000000001,0.0,2025-Jan-29-19:33:36.471890
0.5921787662199604,17565,25,1,0,0,1,0.0,1.9000000000000001,2025-Jan-29-19:33:36.546458
0.5423573219619376,17566,25,1,0,1,0,1.9000000000000001,0.0,2025-Jan-29-19:33:36.651948
0.7185205030005031,17567,25,1,0,0,0,0.0,0.0,2025-Jan-29-19:33:36.727802
0.5921787662199604,17568,25,1,0,0,1,0.0,1.9000000000000001,2025-Jan-29-19:33:36.820506
0.5921787662199604,17569,25,1,0,0,1,0.0,1.9000000000000001,2025-Jan-29-19:33:36.895767
0.5921787662199604,17570,25,1,0,0,1,0.0,1.9000000000000001,2025-Jan-29-19:33:36.968452
0.7185205030005031,17571,25,1,0,0,0,0.0,0.0,2025-Jan-29-19:33:37.012200
0.7185205030005031,17572,25,1,0,0,0,0.0,0.0,2025-Jan-29-19:33:37.055433
0.7185205030005031,17573,25,1,0,0,0,0.0,0.0,2025-Jan-29-19:33:37.100382
0.8436562666978078,17574,25,1,0,-1,-1,0.0,0.0,2025-Jan-29-19:33:37.169469
0.5423573219619376,17575,25,1,0,1,0,1.9000000000000001,0.0,2025-Jan-29-19:33:37.241199
0.7185205030005031,17576,25,1,0,0,0,0.0,0.0,2025-Jan-29-19:33:37.284758
0.7185205030005031,17577,25,1,0,0,0,0.0,0.0,2025-Jan-29-19:33:37.328319
0.5921787662199604,17578,25,1,0,0,1,0.0,1.9000000000000001,2025-Jan-29-19:33:37.400060
0.7185205030005031,17579,25,1,0,0,0,0.0,0.0,2025-Jan-29-19:33:37.443456
0.7185205030005031,17580,25,1,0,0,0,0.0,0.0,2025-Jan-29-19:33:37.486855
0.7185205030005031,17581,25,1,0,0,0,0.0,0.0,2025-Jan-29-19:33:37.530271
0.7185205030005031,17582,25,1,0,0,0,0.0,0.0,2025-Jan-29-19:33:37.768699
0.5921787662199604,17583,25,1,0,0,1,0.0,1.9000000000000001,2025-Jan-29-19:33:37.895620
0.7185205030005031,17584,25,1,0,0,0,0.0,0.0,2025-Jan-29-19:33:37.966844
0.7185205030005031,17585,25,1,0,0,0,0.0,0.0,2025-Jan-29-19:33:38.011782
0.7185205030005031,17586,25,1,0,0,0,0.0,0.0,2025-Jan-29-19:33:38.055826
0.5921787662199604,17587,25,1,0,0,1,0.0,1.9000000000000001,2025-Jan-29-19:33:38.132565
0.5921787662199604,17588,25,1,0,0,1,0.0,1.9000000000000001,2025-Jan-29-19:33:38.204645
0.7185205030005031,17589,25,1,0,0,0,0.0,0.0,2025-Jan-29-19:33:38.248458
0.7185205030005031,17590,25,1,0,0,0,0.0,0.0,2025-Jan-29-19:33:38.291964
0.7185205030005031,17591,25,1,0,0,0,0.0,0.0,2025-Jan-29-19:33:38.335869
0.7185205030005031,17592,25,1,0,0,0,0.0,0.0,2025-Jan-29-19:33:38.379095
0.5921787662199604,17593,25,1,0,0,1,0.0,1.9000000000000001,2025-Jan-29-19:33:38.451169
0.7185205030005031,17594,25,1,0,0,0,0.0,0.0,2025-Jan-29-19:33:38.494537
0.7185205030005031,17595,25,1,0,0,0,0.0,0.0,2025-Jan-29-19:33:38.539095
0.5921787662199604,17596,25,1,0,0,1,0.0,1.9000000000000001,2025-Jan-29-19:33:38.612052
0.5921787662199604,17597,25,1,0,0,1,0.0,1.9000000000000001,2025-Jan-29-19:33:38.707856
0.7185205030005031,17598,25,1,0,0,0,0.0,0.0,2025-Jan-29-19:33:38.780802
0.5921787662199604,17599,25,1,0,0,1,0.0,1.9000000000000001,2025-Jan-29-19:33:38.888885
0.7185205030005031,17600,25,1,0,0,0,0.0,0.0,2025-Jan-29-19:33:38.935363
0.7185205030005031,17601,25,1,0,0,0,0.0,0.0,2025-Jan-29-19:33:38.979705
0.7185205030005031,17602,25,1,0,0,0,0.0,0.0,2025-Jan-29-19:33:39.023388
0.7185205030005031,17603,25,1,0,0,0,0.0,0.0,2025-Jan-29-19:33:39.067032
0.5423573219619376,17604,25,1,0,1,0,1.9000000000000001,0.0,2025-Jan-29-19:33:39.139598
0.7185205030005031,17605,25,1,0,0,0,0.0,0.0,2025-Jan-29-19:33:39.183644
0.7185205030005031,17606,25,1,0,0,0,0.0,0.0,2025-Jan-29-19:33:39.227128
0.9760242519712691,17607,25,1,1,-1,1,0.0,1.9000000000000001,2025-Jan-29-19:33:39.311192
0.5921787662199604,17608,25,1,0,0,1,0.0,1.9000000000000001,2025-Jan-29-19:33:39.383711
0.7185205030005031,17609,25,1,0,0,0,0.0,0.0,2025-Jan-29-19:33:39.427430
0.5921787662199604,17610,25,1,0,0,1,0.0,1.9000000000000001,2025-Jan-29-19:33:39.499104
0.7185205030005031,17611,25,1,0,0,0,0.0,0.0,2025-Jan-29-19:33:39.542647
0.7561122308552579,17612,25,1,0,-1,0,0.0,0.0,2025-Jan-29-19:33:39.598941
0.7185205030005031,17613,25,1,0,0,0,0.0,0.0,2025-Jan-29-19:33:39.656280
0.5423573219619376,17614,25,1,0,1,0,1.9000000000000001,0.0,2025-Jan-29-19:33:39.757383
0.8060591477019475,17615,25,1,0,0,-1,0.0,0.0,2025-Jan-29-19:33:39.835798
0.5423573219619376,17616,25,1,0,1,0,1.9000000000000001,0.0,2025-Jan-29-19:33:39.909875
0.7185205030005031,17617,25,1,0,0,0,0.0,0.0,2025-Jan-29-19:33:39.955263
0.5921787662199604,17618,25,1,0,0,1,0.0,1.9000000000000001,2025-Jan-29-19:33:40.028725
0.5921787662199604,17619,25,1,0,0,1,0.0,1.9000000000000001,2025-Jan-29-19:33:40.101706
0.5921787662199604,17620,25,1,0,0,1,0.0,1.9000000000000001,2025-Jan-29-19:33:40.174535
0.7185205030005031,17621,25,1,0,0,0,0.0,0.0,2025-Jan-29-19:33:40.217915
0.7185205030005031,17622,25,1,0,0,0,0.0,0.0,2025-Jan-29-19:33:40.261614
0.7185205030005031,17623,25,1,0,0,0,0.0,0.0,2025-Jan-29-19:33:40.306945
0.7561122308552579,17624,25,1,0,-1,0,0.0,0.0,2025-Jan-29-19:33:40.363345
0.5423573219619376,17625,25,1,0,1,0,1.9000000000000001,0.0,2025-Jan-29-19:33:40.435189
0.7185205030005031,17626,25,1,0,0,0,0.0,0.0,2025-Jan-29-19:33:40.478638
0.7185205030005031,17627,25,1,0,0,0,0.0,0.0,2025-Jan-29-19:33:40.522036
0.5921787662199604,17628,25,1,0,0,1,0.0,1.9000000000000001,2025-Jan-29-19:33:40.608237
0.7185205030005031,17629,25,1,0,0,0,0.0,0.0,2025-Jan-29-19:33:40.675831
0.7185205030005031,17630,25,1,0,0,0,0.0,0.0,2025-Jan-29-19:33:40.755292
0.5921787662199604,17631,25,1,0,0,1,0.0,1.9000000000000001,2025-Jan-29-19:33:40.849638
0.7185205030005031,17632,25,1,0,0,0,0.0,0.0,2025-Jan-29-19:33:40.894073
0.8060591477019475,17633,25,1,0,0,-1,0.0,0.0,2025-Jan-29-19:33:40.949621
1.0735211430969913,17634,25,1,1,0,0,0.0,0.0,2025-Jan-29-19:33:40.993082
0.7185205030005031,17635,25,1,0,0,0,0.0,0.0,2025-Jan-29-19:33:41.036891
0.7185205030005031,17636,25,1,0,0,0,0.0,0.0,2025-Jan-29-19:33:41.080196
0.8060591477019475,17637,25,1,0,0,-1,0.0,0.0,2025-Jan-29-19:33:41.137706
0.5921787662199604,17638,25,1,0,0,1,0.0,1.9000000000000001,2025-Jan-29-19:33:41.209549
0.5921787662199604,17639,25,1,0,0,1,0.0,1.9000000000000001,2025-Jan-29-19:33:41.280472
0.7185205030005031,17640,25,1,0,0,0,0.0,0.0,2025-Jan-29-19:33:41.323537
0.7185205030005031,17641,25,1,0,0,0,0.0,0.0,2025-Jan-29-19:33:41.366555
0.7185205030005031,17642,25,1,0,0,0,0.0,0.0,2025-Jan-29-19:33:41.409872
0.8060591477019475,17643,25,1,0,0,-1,0.0,0.0,2025-Jan-29-19:33:41.465601
0.5921787662199604,17644,25,1,0,0,1,0.0,1.9000000000000001,2025-Jan-29-19:33:41.537095
0.7185205030005031,17645,25,1,0,0,0,0.0,0.0,2025-Jan-29-19:33:41.594143
0.8060591477019475,17646,25,1,0,0,-1,0.0,0.0,2025-Jan-29-19:33:41.698578
0.5921787662199604,17647,25,1,0,0,1,0.0,1.9000000000000001,2025-Jan-29-19:33:41.795976
0.7185205030005031,17648,25,1,0,0,0,0.0,0.0,2025-Jan-29-19:33:41.844199
0.5921787662199604,17649,25,1,0,0,1,0.0,1.9000000000000001,2025-Jan-29-19:33:42.145274
0.7185205030005031,17650,25,1,0,0,0,0.0,0.0,2025-Jan-29-19:33:42.194321
0.7185205030005031,17651,25,1,0,0,0,0.0,0.0,2025-Jan-29-19:33:42.240873
0.7185205030005031,17652,25,1,0,0,0,0.0,0.0,2025-Jan-29-19:33:42.287422
0.7185205030005031,17653,25,1,0,0,0,0.0,0.0,2025-Jan-29-19:33:42.333443
0.5423573219619376,17654,25,1,0,1,0,1.9000000000000001,0.0,2025-Jan-29-19:33:42.408083
0.7185205030005031,17655,25,1,0,0,0,0.0,0.0,2025-Jan-29-19:33:42.454285
1.1111128709475113,17656,25,1,1,-1,0,0.0,0.0,2025-Jan-29-19:33:42.513658
0.9760242519712691,17657,25,1,1,-1,1,0.0,1.9000000000000001,2025-Jan-29-19:33:42.642078
0.5921787662199604,17658,25,1,0,0,1,0.0,1.9000000000000001,2025-Jan-29-19:33:42.754534
0.7185205030005031,17659,25,1,0,0,0,0.0,0.0,2025-Jan-29-19:33:42.822434
0.5921787662199604,17660,25,1,0,0,1,0.0,1.9000000000000001,2025-Jan-29-19:33:42.900617
0.7185205030005031,17661,25,1,0,0,0,0.0,0.0,2025-Jan-29-19:33:42.947204
0.7561122308552579,17662,25,1,0,-1,0,0.0,0.0,2025-Jan-29-19:33:43.005469
0.5921787662199604,17663,25,1,0,0,1,0.0,1.9000000000000001,2025-Jan-29-19:33:43.082677
0.5423573219619376,17664,25,1,0,1,0,1.9000000000000001,0.0,2025-Jan-29-19:33:43.159926
0.5921787662199604,17665,25,1,0,0,1,0.0,1.9000000000000001,2025-Jan-29-19:33:43.235616
0.5423573219619376,17666,25,1,0,1,0,1.9000000000000001,0.0,2025-Jan-29-19:33:43.311568
0.7185205030005031,17667,25,1,0,0,0,0.0,0.0,2025-Jan-29-19:33:43.357151
0.5921787662199604,17668,25,1,0,0,1,0.0,1.9000000000000001,2025-Jan-29-19:33:43.433235
0.5921787662199604,17669,25,1,0,0,1,0.0,1.9000000000000001,2025-Jan-29-19:33:43.508322
0.5921787662199604,17670,25,1,0,0,1,0.0,1.9000000000000001,2025-Jan-29-19:33:43.605502
0.7185205030005031,17671,25,1,0,0,0,0.0,0.0,2025-Jan-29-19:33:43.695991
0.7185205030005031,17672,25,1,0,0,0,0.0,0.0,2025-Jan-29-19:33:43.769445
0.7185205030005031,17673,25,1,0,0,0,0.0,0.0,2025-Jan-29-19:33:43.839294
0.5423573219619376,17674,25,1,0,1,0,1.9000000000000001,0.0,2025-Jan-29-19:33:43.916670
0.5423573219619376,17675,25,1,0,1,0,1.9000000000000001,0.0,2025-Jan-29-19:33:43.992240
0.7185205030005031,17676,25,1,0,0,0,0.0,0.0,2025-Jan-29-19:33:44.039171
0.7185205030005031,17677,25,1,0,0,0,0.0,0.0,2025-Jan-29-19:33:44.085457
0.5921787662199604,17678,25,1,0,0,1,0.0,1.9000000000000001,2025-Jan-29-19:33:44.161556
0.7185205030005031,17679,25,1,0,0,0,0.0,0.0,2025-Jan-29-19:33:44.207395
0.7185205030005031,17680,25,1,0,0,0,0.0,0.0,2025-Jan-29-19:33:44.253780
0.5921787662199604,17681,25,1,0,0,1,0.0,1.9000000000000001,2025-Jan-29-19:33:44.329345
0.7185205030005031,17682,25,1,0,0,0,0.0,0.0,2025-Jan-29-19:33:44.375254
0.5921787662199604,17683,25,1,0,0,1,0.0,1.9000000000000001,2025-Jan-29-19:33:44.450707
0.7185205030005031,17684,25,1,0,0,0,0.0,0.0,2025-Jan-29-19:33:44.497141
0.7185205030005031,17685,25,1,0,0,0,0.0,0.0,2025-Jan-29-19:33:44.544141
0.7185205030005031,17686,25,1,0,0,0,0.0,0.0,2025-Jan-29-19:33:44.625587
0.5921787662199604,17687,25,1,0,0,1,0.0,1.9000000000000001,2025-Jan-29-19:33:44.748837
0.5921787662199604,17688,25,1,0,0,1,0.0,1.9000000000000001,2025-Jan-29-19:33:44.845800
0.4160201626761834,17689,25,1,0,1,1,1.9000000000000001,1.9000000000000001,2025-Jan-29-19:33:44.947561
0.7185205030005031,17690,25,1,0,0,0,0.0,0.0,2025-Jan-29-19:33:44.993400
0.7185205030005031,17691,25,1,0,0,0,0.0,0.0,2025-Jan-29-19:33:45.039643
0.7185205030005031,17692,25,1,0,0,0,0.0,0.0,2025-Jan-29-19:33:45.083829
0.5921787662199604,17693,25,1,0,0,1,0.0,1.9000000000000001,2025-Jan-29-19:33:45.158719
0.5921787662199604,17694,25,1,0,0,1,0.0,1.9000000000000001,2025-Jan-29-19:33:45.233529
0.7185205030005031,17695,25,1,0,0,0,0.0,0.0,2025-Jan-29-19:33:45.278015
0.5921787662199604,17696,25,1,0,0,1,0.0,1.9000000000000001,2025-Jan-29-19:33:45.351464
0.5921787662199604,17697,25,1,0,0,1,0.0,1.9000000000000001,2025-Jan-29-19:33:45.426221
0.7185205030005031,17698,25,1,0,0,0,0.0,0.0,2025-Jan-29-19:33:45.472016
0.5921787662199604,17699,25,1,0,0,1,0.0,1.9000000000000001,2025-Jan-29-19:33:45.545676
0.7185205030005031,17700,25,1,0,0,0,0.0,0.0,2025-Jan-29-19:33:45.616147
0.7185205030005031,17701,25,1,0,0,0,0.0,0.0,2025-Jan-29-19:33:45.701987
0.7185205030005031,17702,25,1,0,0,0,0.0,0.0,2025-Jan-29-19:33:45.787493
0.7185205030005031,17703,25,1,0,0,0,0.0,0.0,2025-Jan-29-19:33:45.855055
0.5423573219619376,17704,25,1,0,1,0,1.9000000000000001,0.0,2025-Jan-29-19:33:45.930599
0.7185205030005031,17705,25,1,0,0,0,0.0,0.0,2025-Jan-29-19:33:45.976743
0.7185205030005031,17706,25,1,0,0,0,0.0,0.0,2025-Jan-29-19:33:46.023972
0.9760242519712691,17707,25,1,1,-1,1,0.0,1.9000000000000001,2025-Jan-29-19:33:46.111386
0.5921787662199604,17708,25,1,0,0,1,0.0,1.9000000000000001,2025-Jan-29-19:33:46.186431
0.7185205030005031,17709,25,1,0,0,0,0.0,0.0,2025-Jan-29-19:33:46.231970
0.5921787662199604,17710,25,1,0,0,1,0.0,1.9000000000000001,2025-Jan-29-19:33:46.306043
0.7185205030005031,17711,25,1,0,0,0,0.0,0.0,2025-Jan-29-19:33:46.351635
0.7561122308552579,17712,25,1,0,-1,0,0.0,0.0,2025-Jan-29-19:33:46.409929
