Cost,Sim,Switch_State_Indx,Gen1_on,Gen2_on,Batt1_mode,Batt2_mode,Batt1_power_kW,Batt2_power_kW,Timestamp
0.5423573219619376,17713,25,1,0,1,0,1.9000000000000001,0.0,2025-Jan-29-19:33:46.487174
0.4160201626761834,17714,25,1,0,1,1,1.9000000000000001,1.9000000000000001,2025-Jan-29-19:33:46.604099
1.161059787788528,17715,25,1,1,0,-1,0.0,0.0,2025-Jan-29-19:33:46.695394
1.1111128709475113,17716,25,1,1,-1,0,0.0,0.0,2025-Jan-29-19:33:46.790807
0.629780506117975,17717,25,1,0,-1,1,0.0,1.9000000000000001,2025-Jan-29-19:33:46.879726
0.6298883869405699,17718,25,1,0,1,-1,1.9000000000000001,0.0,2025-Jan-29-19:33:46.967919
0.4160201626761834,17719,25,1,0,1,1,1.9000000000000001,1.9000000000000001,2025-Jan-29-19:33:47.067141
1.0735211430969913,17720,25,1,1,0,0,0.0,0.0,2025-Jan-29-19:33:47.119409
1.0735211430969913,17721,25,1,1,0,0,0.0,0.0,2025-Jan-29-19:33:47.174271
0.5423573219619376,17722,25,1,0,1,0,1.9000000000000001,0.0,2025-Jan-29-19:33:47.254420
0.8973579620796409,17723,25,1,1,1,0,1.9000000000000001,0.0,2025-Jan-29-19:33:47.331343
0.9471794063316156,17724,25,1,1,0,1,0.0,1.9000000000000001,2025-Jan-29-19:33:47.406523
0.8436562666978078,17725,25,1,0,-1,-1,0.0,0.0,2025-Jan-29-19:33:47.477579
0.7710208028095181,17726,25,1,1,1,1,1.9000000000000001,1.9000000000000001,2025-Jan-29-19:33:47.889391
0.6298883869405699,17727,25,1,0,1,-1,1.9000000000000001,0.0,2025-Jan-29-19:33:47.999193
0.8060591477019475,17728,25,1,0,0,-1,0.0,0.0,2025-Jan-29-19:33:48.059492
0.9471794063316156,17729,25,1,1,0,1,0.0,1.9000000000000001,2025-Jan-29-19:33:48.132940
0.7561122308552579,17730,25,1,0,-1,0,0.0,0.0,2025-Jan-29-19:33:48.188829
1.1986569067802102,17731,25,1,1,-1,-1,0.0,0.0,2025-Jan-29-19:33:48.256510
0.8060591477019475,17732,25,1,0,0,-1,0.0,0.0,2025-Jan-29-19:33:48.312324
1.1111128709475113,17733,25,1,1,-1,0,0.0,0.0,2025-Jan-29-19:33:48.368063
0.8973579620796409,17734,25,1,1,1,0,1.9000000000000001,0.0,2025-Jan-29-19:33:48.439267
0.6298883869405699,17735,25,1,0,1,-1,1.9000000000000001,0.0,2025-Jan-29-19:33:48.523170
0.7561122308552579,17736,25,1,0,-1,0,0.0,0.0,2025-Jan-29-19:33:48.578792
0.5423573219619376,17737,25,1,0,1,0,1.9000000000000001,0.0,2025-Jan-29-19:33:48.650757
1.1111128709475113,17738,25,1,1,-1,0,0.0,0.0,2025-Jan-29-19:33:48.705189
0.7185205030005031,17739,25,1,0,0,0,0.0,0.0,2025-Jan-29-19:33:48.761234
1.1986569067802102,17740,25,1,1,-1,-1,0.0,0.0,2025-Jan-29-19:33:48.864855
0.5423573219619376,17741,25,1,0,1,0,1.9000000000000001,0.0,2025-Jan-29-19:33:48.964037
0.6298883869405699,17742,25,1,0,1,-1,1.9000000000000001,0.0,2025-Jan-29-19:33:49.048434
0.9471794063316156,17743,25,1,1,0,1,0.0,1.9000000000000001,2025-Jan-29-19:33:49.119696
0.8436562666978078,17744,25,1,0,-1,-1,0.0,0.0,2025-Jan-29-19:33:49.187883
1.161059787788528,17745,25,1,1,0,-1,0.0,0.0,2025-Jan-29-19:33:49.243904
0.5921787662199604,17746,25,1,0,0,1,0.0,1.9000000000000001,2025-Jan-29-19:33:49.314425
0.629780506117975,17747,25,1,0,-1,1,0.0,1.9000000000000001,2025-Jan-29-19:33:49.397728
0.5423573219619376,17748,25,1,0,1,0,1.9000000000000001,0.0,2025-Jan-29-19:33:49.468541
0.5423573219619376,17749,25,1,0,1,0,1.9000000000000001,0.0,2025-Jan-29-19:33:49.539716
0.8436562666978078,17750,25,1,0,-1,-1,0.0,0.0,2025-Jan-29-19:33:49.607253
1.161059787788528,17751,25,1,1,0,-1,0.0,0.0,2025-Jan-29-19:33:49.663026
0.5921787662199604,17752,25,1,0,0,1,0.0,1.9000000000000001,2025-Jan-29-19:33:49.764019
0.8060591477019475,17753,25,1,0,0,-1,0.0,0.0,2025-Jan-29-19:33:49.855845
0.8973579620796409,17754,25,1,1,1,0,1.9000000000000001,0.0,2025-Jan-29-19:33:49.946204
0.5423573219619376,17755,25,1,0,1,0,1.9000000000000001,0.0,2025-Jan-29-19:33:50.017690
0.7185205030005031,17756,25,1,0,0,0,0.0,0.0,2025-Jan-29-19:33:50.061403
1.161059787788528,17757,25,1,1,0,-1,0.0,0.0,2025-Jan-29-19:33:50.117155
0.5921787662199604,17758,25,1,0,0,1,0.0,1.9000000000000001,2025-Jan-29-19:33:50.189153
0.629780506117975,17759,25,1,0,-1,1,0.0,1.9000000000000001,2025-Jan-29-19:33:50.273752
0.7185205030005031,17760,25,1,0,0,0,0.0,0.0,2025-Jan-29-19:33:50.316575
0.9471794063316156,17761,25,1,1,0,1,0.0,1.9000000000000001,2025-Jan-29-19:33:50.387473
0.7185205030005031,17762,25,1,0,0,0,0.0,0.0,2025-Jan-29-19:33:50.430212
0.7185205030005031,17763,25,1,0,0,0,0.0,0.0,2025-Jan-29-19:33:50.473186
0.7185205030005031,17764,25,1,0,0,0,0.0,0.0,2025-Jan-29-19:33:50.515781
0.7185205030005031,17765,25,1,0,0,0,0.0,0.0,2025-Jan-29-19:33:50.557958
0.5921787662199604,17766,25,1,0,0,1,0.0,1.9000000000000001,2025-Jan-29-19:33:50.650654
0.7185205030005031,17767,25,1,0,0,0,0.0,0.0,2025-Jan-29-19:33:50.719820
0.7185205030005031,17768,25,1,0,0,0,0.0,0.0,2025-Jan-29-19:33:50.786985
0.4160201626761834,17769,25,1,0,1,1,1.9000000000000001,1.9000000000000001,2025-Jan-29-19:33:50.921703
0.8436562666978078,17770,25,1,0,-1,-1,0.0,0.0,2025-Jan-29-19:33:50.991803
1.0735211430969913,17771,25,1,1,0,0,0.0,0.0,2025-Jan-29-19:33:51.034826
0.5423573219619376,17772,25,1,0,1,0,1.9000000000000001,0.0,2025-Jan-29-19:33:51.106270
0.5423573219619376,17773,25,1,0,1,0,1.9000000000000001,0.0,2025-Jan-29-19:33:51.178779
0.5921787662199604,17774,25,1,0,0,1,0.0,1.9000000000000001,2025-Jan-29-19:33:51.250308
0.7185205030005031,17775,25,1,0,0,0,0.0,0.0,2025-Jan-29-19:33:51.292728
1.0735211430969913,17776,25,1,1,0,0,0.0,0.0,2025-Jan-29-19:33:51.335841
0.7185205030005031,17777,25,1,0,0,0,0.0,0.0,2025-Jan-29-19:33:51.378293
0.7185205030005031,17778,25,1,0,0,0,0.0,0.0,2025-Jan-29-19:33:51.420948
0.7710208028095181,17779,25,1,1,1,1,1.9000000000000001,1.9000000000000001,2025-Jan-29-19:33:51.514685
0.7185205030005031,17780,25,1,0,0,0,0.0,0.0,2025-Jan-29-19:33:51.557102
0.7185205030005031,17781,25,1,0,0,0,0.0,0.0,2025-Jan-29-19:33:51.611897
0.5423573219619376,17782,25,1,0,1,0,1.9000000000000001,0.0,2025-Jan-29-19:33:51.725825
0.5423573219619376,17783,25,1,0,1,0,1.9000000000000001,0.0,2025-Jan-29-19:33:51.820972
0.7710208028095181,17784,25,1,1,1,1,1.9000000000000001,1.9000000000000001,2025-Jan-29-19:33:51.917501
0.6298883869405699,17785,25,1,0,1,-1,1.9000000000000001,0.0,2025-Jan-29-19:33:52.002134
0.4160201626761834,17786,25,1,0,1,1,1.9000000000000001,1.9000000000000001,2025-Jan-29-19:33:52.113798
0.5921787662199604,17787,25,1,0,0,1,0.0,1.9000000000000001,2025-Jan-29-19:33:52.198800
0.7710208028095181,17788,25,1,1,1,1,1.9000000000000001,1.9000000000000001,2025-Jan-29-19:33:52.298745
0.629780506117975,17789,25,1,0,-1,1,0.0,1.9000000000000001,2025-Jan-29-19:33:52.382801
1.0735211430969913,17790,25,1,1,0,0,0.0,0.0,2025-Jan-29-19:33:52.425746
0.8060591477019475,17791,25,1,0,0,-1,0.0,0.0,2025-Jan-29-19:33:52.480758
0.7185205030005031,17792,25,1,0,0,0,0.0,0.0,2025-Jan-29-19:33:52.523841
1.0735211430969913,17793,25,1,1,0,0,0.0,0.0,2025-Jan-29-19:33:52.589804
0.7185205030005031,17794,25,1,0,0,0,0.0,0.0,2025-Jan-29-19:33:52.666115
0.7185205030005031,17795,25,1,0,0,0,0.0,0.0,2025-Jan-29-19:33:52.752238
0.4160201626761834,17796,25,1,0,1,1,1.9000000000000001,1.9000000000000001,2025-Jan-29-19:33:52.873520
0.7185205030005031,17797,25,1,0,0,0,0.0,0.0,2025-Jan-29-19:33:52.925222
0.8060591477019475,17798,25,1,0,0,-1,0.0,0.0,2025-Jan-29-19:33:52.989353
0.7185205030005031,17799,25,1,0,0,0,0.0,0.0,2025-Jan-29-19:33:53.042650
0.7185205030005031,17800,25,1,0,0,0,0.0,0.0,2025-Jan-29-19:33:53.087828
0.7185205030005031,17801,25,1,0,0,0,0.0,0.0,2025-Jan-29-19:33:53.136689
0.4160201626761834,17802,25,1,0,1,1,1.9000000000000001,1.9000000000000001,2025-Jan-29-19:33:53.236270
0.8060591477019475,17803,25,1,0,0,-1,0.0,0.0,2025-Jan-29-19:33:53.588581
0.7185205030005031,17804,25,1,0,0,0,0.0,0.0,2025-Jan-29-19:33:53.672369
0.5921787662199604,17805,25,1,0,0,1,0.0,1.9000000000000001,2025-Jan-29-19:33:53.793055
0.8436562666978078,17806,25,1,0,-1,-1,0.0,0.0,2025-Jan-29-19:33:53.866154
0.7185205030005031,17807,25,1,0,0,0,0.0,0.0,2025-Jan-29-19:33:53.912975
0.4160201626761834,17808,25,1,0,1,1,1.9000000000000001,1.9000000000000001,2025-Jan-29-19:33:54.011767
0.4160201626761834,17809,25,1,0,1,1,1.9000000000000001,1.9000000000000001,2025-Jan-29-19:33:54.110190
0.7185205030005031,17810,25,1,0,0,0,0.0,0.0,2025-Jan-29-19:33:54.156339
0.7185205030005031,17811,25,1,0,0,0,0.0,0.0,2025-Jan-29-19:33:54.202588
0.7185205030005031,17812,25,1,0,0,0,0.0,0.0,2025-Jan-29-19:33:54.247711
0.7185205030005031,17813,25,1,0,0,0,0.0,0.0,2025-Jan-29-19:33:54.292835
0.7561122308552579,17814,25,1,0,-1,0,0.0,0.0,2025-Jan-29-19:33:54.352609
0.7185205030005031,17815,25,1,0,0,0,0.0,0.0,2025-Jan-29-19:33:54.397716
0.7185205030005031,17816,25,1,0,0,0,0.0,0.0,2025-Jan-29-19:33:54.442889
0.7185205030005031,17817,25,1,0,0,0,0.0,0.0,2025-Jan-29-19:33:54.488469
0.7561122308552579,17818,25,1,0,-1,0,0.0,0.0,2025-Jan-29-19:33:54.545295
0.7185205030005031,17819,25,1,0,0,0,0.0,0.0,2025-Jan-29-19:33:54.620297
0.7185205030005031,17820,25,1,0,0,0,0.0,0.0,2025-Jan-29-19:33:54.699938
0.7185205030005031,17821,25,1,0,0,0,0.0,0.0,2025-Jan-29-19:33:54.783153
0.6298883869405699,17822,25,1,0,1,-1,1.9000000000000001,0.0,2025-Jan-29-19:33:54.890492
0.7185205030005031,17823,25,1,0,0,0,0.0,0.0,2025-Jan-29-19:33:54.937706
0.7185205030005031,17824,25,1,0,0,0,0.0,0.0,2025-Jan-29-19:33:54.984213
0.7185205030005031,17825,25,1,0,0,0,0.0,0.0,2025-Jan-29-19:33:55.029634
0.7561122308552579,17826,25,1,0,-1,0,0.0,0.0,2025-Jan-29-19:33:55.087769
0.7185205030005031,17827,25,1,0,0,0,0.0,0.0,2025-Jan-29-19:33:55.133079
0.7185205030005031,17828,25,1,0,0,0,0.0,0.0,2025-Jan-29-19:33:55.177611
0.7185205030005031,17829,25,1,0,0,0,0.0,0.0,2025-Jan-29-19:33:55.223124
0.7185205030005031,17830,25,1,0,0,0,0.0,0.0,2025-Jan-29-19:33:55.268276
0.4160201626761834,17831,25,1,0,1,1,1.9000000000000001,1.9000000000000001,2025-Jan-29-19:33:55.365112
0.4160201626761834,17832,25,1,0,1,1,1.9000000000000001,1.9000000000000001,2025-Jan-29-19:33:55.462065
0.4160201626761834,17833,25,1,0,1,1,1.9000000000000001,1.9000000000000001,2025-Jan-29-19:33:55.577773
0.7185205030005031,17834,25,1,0,0,0,0.0,0.0,2025-Jan-29-19:33:55.660277
0.4160201626761834,17835,25,1,0,1,1,1.9000000000000001,1.9000000000000001,2025-Jan-29-19:33:55.807866
0.7561122308552579,17836,25,1,0,-1,0,0.0,0.0,2025-Jan-29-19:33:55.869570
0.7561122308552579,17837,25,1,0,-1,0,0.0,0.0,2025-Jan-29-19:33:55.927316
0.7185205030005031,17838,25,1,0,0,0,0.0,0.0,2025-Jan-29-19:33:55.973196
0.7185205030005031,17839,25,1,0,0,0,0.0,0.0,2025-Jan-29-19:33:56.018415
0.7710208028095181,17840,25,1,1,1,1,1.9000000000000001,1.9000000000000001,2025-Jan-29-19:33:56.117372
0.7561122308552579,17841,25,1,0,-1,0,0.0,0.0,2025-Jan-29-19:33:56.175441
0.7710208028095181,17842,25,1,1,1,1,1.9000000000000001,1.9000000000000001,2025-Jan-29-19:33:56.272020
0.7185205030005031,17843,25,1,0,0,0,0.0,0.0,2025-Jan-29-19:33:56.317711
0.8060591477019475,17844,25,1,0,0,-1,0.0,0.0,2025-Jan-29-19:33:56.375539
0.7561122308552579,17845,25,1,0,-1,0,0.0,0.0,2025-Jan-29-19:33:56.434511
0.4160201626761834,17846,25,1,0,1,1,1.9000000000000001,1.9000000000000001,2025-Jan-29-19:33:56.532506
0.7185205030005031,17847,25,1,0,0,0,0.0,0.0,2025-Jan-29-19:33:56.591434
0.4160201626761834,17848,25,1,0,1,1,1.9000000000000001,1.9000000000000001,2025-Jan-29-19:33:56.761526
0.8060591477019475,17849,25,1,0,0,-1,0.0,0.0,2025-Jan-29-19:33:56.830127
0.4160201626761834,17850,25,1,0,1,1,1.9000000000000001,1.9000000000000001,2025-Jan-29-19:33:56.929668
0.629780506117975,17851,25,1,0,-1,1,0.0,1.9000000000000001,2025-Jan-29-19:33:57.027599
0.7185205030005031,17852,25,1,0,0,0,0.0,0.0,2025-Jan-29-19:33:57.073569
0.4160201626761834,17853,25,1,0,1,1,1.9000000000000001,1.9000000000000001,2025-Jan-29-19:33:57.173019
0.4160201626761834,17854,25,1,0,1,1,1.9000000000000001,1.9000000000000001,2025-Jan-29-19:33:57.270245
0.7185205030005031,17855,25,1,0,0,0,0.0,0.0,2025-Jan-29-19:33:57.316713
0.6298883869405699,17856,25,1,0,1,-1,1.9000000000000001,0.0,2025-Jan-29-19:33:57.403611
0.4160201626761834,17857,25,1,0,1,1,1.9000000000000001,1.9000000000000001,2025-Jan-29-19:33:57.502855
0.4160201626761834,17858,25,1,0,1,1,1.9000000000000001,1.9000000000000001,2025-Jan-29-19:33:57.627486
0.7185205030005031,17859,25,1,0,0,0,0.0,0.0,2025-Jan-29-19:33:57.714174
0.4160201626761834,17860,25,1,0,1,1,1.9000000000000001,1.9000000000000001,2025-Jan-29-19:33:57.846052
0.4160201626761834,17861,25,1,0,1,1,1.9000000000000001,1.9000000000000001,2025-Jan-29-19:33:57.949429
0.4160201626761834,17862,25,1,0,1,1,1.9000000000000001,1.9000000000000001,2025-Jan-29-19:33:58.049624
0.7185205030005031,17863,25,1,0,0,0,0.0,0.0,2025-Jan-29-19:33:58.095654
0.8436562666978078,17864,25,1,0,-1,-1,0.0,0.0,2025-Jan-29-19:33:58.168370
0.4160201626761834,17865,25,1,0,1,1,1.9000000000000001,1.9000000000000001,2025-Jan-29-19:33:58.266846
0.4160201626761834,17866,25,1,0,1,1,1.9000000000000001,1.9000000000000001,2025-Jan-29-19:33:58.365000
0.7185205030005031,17867,25,1,0,0,0,0.0,0.0,2025-Jan-29-19:33:58.410196
0.7185205030005031,17868,25,1,0,0,0,0.0,0.0,2025-Jan-29-19:33:58.455382
0.7185205030005031,17869,25,1,0,0,0,0.0,0.0,2025-Jan-29-19:33:58.500254
0.7185205030005031,17870,25,1,0,0,0,0.0,0.0,2025-Jan-29-19:33:58.544484
0.7185205030005031,17871,25,1,0,0,0,0.0,0.0,2025-Jan-29-19:33:58.610811
0.8060591477019475,17872,25,1,0,0,-1,0.0,0.0,2025-Jan-29-19:33:58.711733
0.7185205030005031,17873,25,1,0,0,0,0.0,0.0,2025-Jan-29-19:33:58.797350
0.4160201626761834,17874,25,1,0,1,1,1.9000000000000001,1.9000000000000001,2025-Jan-29-19:33:58.899078
0.7185205030005031,17875,25,1,0,0,0,0.0,0.0,2025-Jan-29-19:33:58.945175
0.5921787662199604,17876,25,1,0,0,1,0.0,1.9000000000000001,2025-Jan-29-19:33:59.018966
0.7185205030005031,17877,25,1,0,0,0,0.0,0.0,2025-Jan-29-19:33:59.063608
0.6298883869405699,17878,25,1,0,1,-1,1.9000000000000001,0.0,2025-Jan-29-19:33:59.150478
0.7561122308552579,17879,25,1,0,-1,0,0.0,0.0,2025-Jan-29-19:33:59.208390
0.4160201626761834,17880,25,1,0,1,1,1.9000000000000001,1.9000000000000001,2025-Jan-29-19:33:59.547097
0.7185205030005031,17881,25,1,0,0,0,0.0,0.0,2025-Jan-29-19:33:59.632649
0.7185205030005031,17882,25,1,0,0,0,0.0,0.0,2025-Jan-29-19:33:59.710687
0.6298883869405699,17883,25,1,0,1,-1,1.9000000000000001,0.0,2025-Jan-29-19:33:59.840516
0.7185205030005031,17884,25,1,0,0,0,0.0,0.0,2025-Jan-29-19:33:59.886427
0.4160201626761834,17885,25,1,0,1,1,1.9000000000000001,1.9000000000000001,2025-Jan-29-19:33:59.983716
0.5921787662199604,17886,25,1,0,0,1,0.0,1.9000000000000001,2025-Jan-29-19:34:00.058334
0.5921787662199604,17887,25,1,0,0,1,0.0,1.9000000000000001,2025-Jan-29-19:34:00.136358
0.8060591477019475,17888,25,1,0,0,-1,0.0,0.0,2025-Jan-29-19:34:00.193586
0.7185205030005031,17889,25,1,0,0,0,0.0,0.0,2025-Jan-29-19:34:00.238822
0.5921787662199604,17890,25,1,0,0,1,0.0,1.9000000000000001,2025-Jan-29-19:34:00.313536
0.7561122308552579,17891,25,1,0,-1,0,0.0,0.0,2025-Jan-29-19:34:00.371452
0.4160201626761834,17892,25,1,0,1,1,1.9000000000000001,1.9000000000000001,2025-Jan-29-19:34:00.469393
0.5921787662199604,17893,25,1,0,0,1,0.0,1.9000000000000001,2025-Jan-29-19:34:00.543649
0.7185205030005031,17894,25,1,0,0,0,0.0,0.0,2025-Jan-29-19:34:00.613208
0.5921787662199604,17895,25,1,0,0,1,0.0,1.9000000000000001,2025-Jan-29-19:34:00.740131
0.4160201626761834,17896,25,1,0,1,1,1.9000000000000001,1.9000000000000001,2025-Jan-29-19:34:00.869386
0.4160201626761834,17897,25,1,0,1,1,1.9000000000000001,1.9000000000000001,2025-Jan-29-19:34:00.972295
0.7185205030005031,17898,25,1,0,0,0,0.0,0.0,2025-Jan-29-19:34:01.018276
0.8060591477019475,17899,25,1,0,0,-1,0.0,0.0,2025-Jan-29-19:34:01.077168
0.7185205030005031,17900,25,1,0,0,0,0.0,0.0,2025-Jan-29-19:34:01.122049
0.7185205030005031,17901,25,1,0,0,0,0.0,0.0,2025-Jan-29-19:34:01.167253
0.5423573219619376,17902,25,1,0,1,0,1.9000000000000001,0.0,2025-Jan-29-19:34:01.245046
0.8060591477019475,17903,25,1,0,0,-1,0.0,0.0,2025-Jan-29-19:34:01.303714
0.7185205030005031,17904,25,1,0,0,0,0.0,0.0,2025-Jan-29-19:34:01.349867
0.4160201626761834,17905,25,1,0,1,1,1.9000000000000001,1.9000000000000001,2025-Jan-29-19:34:01.448354
0.7185205030005031,17906,25,1,0,0,0,0.0,0.0,2025-Jan-29-19:34:01.494610
0.4160201626761834,17907,25,1,0,1,1,1.9000000000000001,1.9000000000000001,2025-Jan-29-19:34:01.627098
0.4160201626761834,17908,25,1,0,1,1,1.9000000000000001,1.9000000000000001,2025-Jan-29-19:34:01.788051
0.7185205030005031,17909,25,1,0,0,0,0.0,0.0,2025-Jan-29-19:34:01.836846
0.5921787662199604,17910,25,1,0,0,1,0.0,1.9000000000000001,2025-Jan-29-19:34:01.908729
0.5921787662199604,17911,25,1,0,0,1,0.0,1.9000000000000001,2025-Jan-29-19:34:01.980316
0.7185205030005031,17912,25,1,0,0,0,0.0,0.0,2025-Jan-29-19:34:02.023461
0.4160201626761834,17913,25,1,0,1,1,1.9000000000000001,1.9000000000000001,2025-Jan-29-19:34:02.129727
0.7185205030005031,17914,25,1,0,0,0,0.0,0.0,2025-Jan-29-19:34:02.180932
0.7185205030005031,17915,25,1,0,0,0,0.0,0.0,2025-Jan-29-19:34:02.228552
0.4160201626761834,17916,25,1,0,1,1,1.9000000000000001,1.9000000000000001,2025-Jan-29-19:34:02.324977
0.7185205030005031,17917,25,1,0,0,0,0.0,0.0,2025-Jan-29-19:34:02.368238
0.7561122308552579,17918,25,1,0,-1,0,0.0,0.0,2025-Jan-29-19:34:02.423632
0.4160201626761834,17919,25,1,0,1,1,1.9000000000000001,1.9000000000000001,2025-Jan-29-19:34:02.518717
0.4160201626761834,17920,25,1,0,1,1,1.9000000000000001,1.9000000000000001,2025-Jan-29-19:34:02.638270
0.4160201626761834,17921,25,1,0,1,1,1.9000000000000001,1.9000000000000001,2025-Jan-29-19:34:02.766393
0.4160201626761834,17922,25,1,0,1,1,1.9000000000000001,1.9000000000000001,2025-Jan-29-19:34:02.866405
0.4160201626761834,17923,25,1,0,1,1,1.9000000000000001,1.9000000000000001,2025-Jan-29-19:34:02.962395
0.5423573219619376,17924,25,1,0,1,0,1.9000000000000001,0.0,2025-Jan-29-19:34:03.034445
0.7185205030005031,17925,25,1,0,0,0,0.0,0.0,2025-Jan-29-19:34:03.077723
0.4160201626761834,17926,25,1,0,1,1,1.9000000000000001,1.9000000000000001,2025-Jan-29-19:34:03.172918
0.5423573219619376,17927,25,1,0,1,0,1.9000000000000001,0.0,2025-Jan-29-19:34:03.247483
0.8060591477019475,17928,25,1,0,0,-1,0.0,0.0,2025-Jan-29-19:34:03.303374
0.8060591477019475,17929,25,1,0,0,-1,0.0,0.0,2025-Jan-29-19:34:03.359565
0.4160201626761834,17930,25,1,0,1,1,1.9000000000000001,1.9000000000000001,2025-Jan-29-19:34:03.454464
0.5921787662199604,17931,25,1,0,0,1,0.0,1.9000000000000001,2025-Jan-29-19:34:03.526187
0.4160201626761834,17932,25,1,0,1,1,1.9000000000000001,1.9000000000000001,2025-Jan-29-19:34:03.652813
0.5423573219619376,17933,25,1,0,1,0,1.9000000000000001,0.0,2025-Jan-29-19:34:03.754742
0.4160201626761834,17934,25,1,0,1,1,1.9000000000000001,1.9000000000000001,2025-Jan-29-19:34:03.854266
0.7561122308552579,17935,25,1,0,-1,0,0.0,0.0,2025-Jan-29-19:34:03.910407
0.7561122308552579,17936,25,1,0,-1,0,0.0,0.0,2025-Jan-29-19:34:03.966254
0.7185205030005031,17937,25,1,0,0,0,0.0,0.0,2025-Jan-29-19:34:04.009217
0.4160201626761834,17938,25,1,0,1,1,1.9000000000000001,1.9000000000000001,2025-Jan-29-19:34:04.104409
0.4160201626761834,17939,25,1,0,1,1,1.9000000000000001,1.9000000000000001,2025-Jan-29-19:34:04.199390
0.4160201626761834,17940,25,1,0,1,1,1.9000000000000001,1.9000000000000001,2025-Jan-29-19:34:04.294918
0.629780506117975,17941,25,1,0,-1,1,0.0,1.9000000000000001,2025-Jan-29-19:34:04.379103
0.4160201626761834,17942,25,1,0,1,1,1.9000000000000001,1.9000000000000001,2025-Jan-29-19:34:04.473511
0.5423573219619376,17943,25,1,0,1,0,1.9000000000000001,0.0,2025-Jan-29-19:34:04.544776
0.4160201626761834,17944,25,1,0,1,1,1.9000000000000001,1.9000000000000001,2025-Jan-29-19:34:04.674246
0.7561122308552579,17945,25,1,0,-1,0,0.0,0.0,2025-Jan-29-19:34:04.754600
0.4160201626761834,17946,25,1,0,1,1,1.9000000000000001,1.9000000000000001,2025-Jan-29-19:34:04.851542
0.4160201626761834,17947,25,1,0,1,1,1.9000000000000001,1.9000000000000001,2025-Jan-29-19:34:04.949424
0.6298883869405699,17948,25,1,0,1,-1,1.9000000000000001,0.0,2025-Jan-29-19:34:05.033350
0.4160201626761834,17949,25,1,0,1,1,1.9000000000000001,1.9000000000000001,2025-Jan-29-19:34:05.129785
0.4160201626761834,17950,25,1,0,1,1,1.9000000000000001,1.9000000000000001,2025-Jan-29-19:34:05.224309
0.4160201626761834,17951,25,1,0,1,1,1.9000000000000001,1.9000000000000001,2025-Jan-29-19:34:05.318605
0.4160201626761834,17952,25,1,0,1,1,1.9000000000000001,1.9000000000000001,2025-Jan-29-19:34:05.609339
0.4160201626761834,17953,25,1,0,1,1,1.9000000000000001,1.9000000000000001,2025-Jan-29-19:34:05.748605
0.5921787662199604,17954,25,1,0,0,1,0.0,1.9000000000000001,2025-Jan-29-19:34:05.822640
0.4160201626761834,17955,25,1,0,1,1,1.9000000000000001,1.9000000000000001,2025-Jan-29-19:34:05.917087
0.8436562666978078,17956,25,1,0,-1,-1,0.0,0.0,2025-Jan-29-19:34:05.984890
0.7185205030005031,17957,25,1,0,0,0,0.0,0.0,2025-Jan-29-19:34:06.030467
0.7185205030005031,17958,25,1,0,0,0,0.0,0.0,2025-Jan-29-19:34:06.075642
0.4160201626761834,17959,25,1,0,1,1,1.9000000000000001,1.9000000000000001,2025-Jan-29-19:34:06.170555
0.8060591477019475,17960,25,1,0,0,-1,0.0,0.0,2025-Jan-29-19:34:06.226564
0.4160201626761834,17961,25,1,0,1,1,1.9000000000000001,1.9000000000000001,2025-Jan-29-19:34:06.321135
0.4160201626761834,17962,25,1,0,1,1,1.9000000000000001,1.9000000000000001,2025-Jan-29-19:34:06.415875
0.4160201626761834,17963,25,1,0,1,1,1.9000000000000001,1.9000000000000001,2025-Jan-29-19:34:06.510573
0.4160201626761834,17964,25,1,0,1,1,1.9000000000000001,1.9000000000000001,2025-Jan-29-19:34:06.634570
0.4160201626761834,17965,25,1,0,1,1,1.9000000000000001,1.9000000000000001,2025-Jan-29-19:34:06.765279
0.4160201626761834,17966,25,1,0,1,1,1.9000000000000001,1.9000000000000001,2025-Jan-29-19:34:06.860839
0.4160201626761834,17967,25,1,0,1,1,1.9000000000000001,1.9000000000000001,2025-Jan-29-19:34:06.959114
0.4160201626761834,17968,25,1,0,1,1,1.9000000000000001,1.9000000000000001,2025-Jan-29-19:34:07.053728
0.4160201626761834,17969,25,1,0,1,1,1.9000000000000001,1.9000000000000001,2025-Jan-29-19:34:07.148919
0.4160201626761834,17970,25,1,0,1,1,1.9000000000000001,1.9000000000000001,2025-Jan-29-19:34:07.243553
0.4160201626761834,17971,25,1,0,1,1,1.9000000000000001,1.9000000000000001,2025-Jan-29-19:34:07.338041
0.4160201626761834,17972,25,1,0,1,1,1.9000000000000001,1.9000000000000001,2025-Jan-29-19:34:07.432396
0.4160201626761834,17973,25,1,0,1,1,1.9000000000000001,1.9000000000000001,2025-Jan-29-19:34:07.527100
0.4160201626761834,17974,25,1,0,1,1,1.9000000000000001,1.9000000000000001,2025-Jan-29-19:34:07.644299
0.4160201626761834,17975,25,1,0,1,1,1.9000000000000001,1.9000000000000001,2025-Jan-29-19:34:07.776752
0.4160201626761834,17976,25,1,0,1,1,1.9000000000000001,1.9000000000000001,2025-Jan-29-19:34:07.876251
0.4160201626761834,17977,25,1,0,1,1,1.9000000000000001,1.9000000000000001,2025-Jan-29-19:34:07.971677
0.4160201626761834,17978,25,1,0,1,1,1.9000000000000001,1.9000000000000001,2025-Jan-29-19:34:08.066096
0.4160201626761834,17979,25,1,0,1,1,1.9000000000000001,1.9000000000000001,2025-Jan-29-19:34:08.161506
0.4160201626761834,17980,25,1,0,1,1,1.9000000000000001,1.9000000000000001,2025-Jan-29-19:34:08.255944
0.4160201626761834,17981,25,1,0,1,1,1.9000000000000001,1.9000000000000001,2025-Jan-29-19:34:08.350360
0.4160201626761834,17982,25,1,0,1,1,1.9000000000000001,1.9000000000000001,2025-Jan-29-19:34:08.445471
0.4160201626761834,17983,25,1,0,1,1,1.9000000000000001,1.9000000000000001,2025-Jan-29-19:34:08.539880
0.4160201626761834,17984,25,1,0,1,1,1.9000000000000001,1.9000000000000001,2025-Jan-29-19:34:08.675969
0.4160201626761834,17985,25,1,0,1,1,1.9000000000000001,1.9000000000000001,2025-Jan-29-19:34:08.798461
0.4160201626761834,17986,25,1,0,1,1,1.9000000000000001,1.9000000000000001,2025-Jan-29-19:34:08.896037
0.4160201626761834,17987,25,1,0,1,1,1.9000000000000001,1.9000000000000001,2025-Jan-29-19:34:08.992761
0.4160201626761834,17988,25,1,0,1,1,1.9000000000000001,1.9000000000000001,2025-Jan-29-19:34:09.090030
0.4160201626761834,17989,25,1,0,1,1,1.9000000000000001,1.9000000000000001,2025-Jan-29-19:34:09.184603
0.4160201626761834,17990,25,1,0,1,1,1.9000000000000001,1.9000000000000001,2025-Jan-29-19:34:09.281705
0.4160201626761834,17991,25,1,0,1,1,1.9000000000000001,1.9000000000000001,2025-Jan-29-19:34:09.376531
0.4160201626761834,17992,25,1,0,1,1,1.9000000000000001,1.9000000000000001,2025-Jan-29-19:34:09.471273
0.4160201626761834,17993,25,1,0,1,1,1.9000000000000001,1.9000000000000001,2025-Jan-29-19:34:09.587740
0.4160201626761834,17994,25,1,0,1,1,1.9000000000000001,1.9000000000000001,2025-Jan-29-19:34:09.728704
0.4160201626761834,17995,25,1,0,1,1,1.9000000000000001,1.9000000000000001,2025-Jan-29-19:34:09.844143
0.4160201626761834,17996,25,1,0,1,1,1.9000000000000001,1.9000000000000001,2025-Jan-29-19:34:09.938488
0.4160201626761834,17997,25,1,0,1,1,1.9000000000000001,1.9000000000000001,2025-Jan-29-19:34:10.035045
0.4160201626761834,17998,25,1,0,1,1,1.9000000000000001,1.9000000000000001,2025-Jan-29-19:34:10.130080
0.4160201626761834,17999,25,1,0,1,1,1.9000000000000001,1.9000000000000001,2025-Jan-29-19:34:10.224594
0.4160201626761834,18000,25,1,0,1,1,1.9000000000000001,1.9000000000000001,2025-Jan-29-19:34:10.320482
0.4160201626761834,18001,25,1,0,1,1,1.9000000000000001,1.9000000000000001,2025-Jan-29-19:34:10.414972
0.4160201626761834,18002,25,1,0,1,1,1.9000000000000001,1.9000000000000001,2025-Jan-29-19:34:10.509650
0.4160201626761834,18003,25,1,0,1,1,1.9000000000000001,1.9000000000000001,2025-Jan-29-19:34:10.629017
0.4160201626761834,18004,25,1,0,1,1,1.9000000000000001,1.9000000000000001,2025-Jan-29-19:34:10.764941
0.4160201626761834,18005,25,1,0,1,1,1.9000000000000001,1.9000000000000001,2025-Jan-29-19:34:10.874255
0.4160201626761834,18006,25,1,0,1,1,1.9000000000000001,1.9000000000000001,2025-Jan-29-19:34:10.978285
0.4160201626761834,18007,25,1,0,1,1,1.9000000000000001,1.9000000000000001,2025-Jan-29-19:34:11.073200
0.4160201626761834,18008,25,1,0,1,1,1.9000000000000001,1.9000000000000001,2025-Jan-29-19:34:11.168291
0.4160201626761834,18009,25,1,0,1,1,1.9000000000000001,1.9000000000000001,2025-Jan-29-19:34:11.263225
0.4160201626761834,18010,25,1,0,1,1,1.9000000000000001,1.9000000000000001,2025-Jan-29-19:34:11.357538
0.4160201626761834,18011,25,1,0,1,1,1.9000000000000001,1.9000000000000001,2025-Jan-29-19:34:11.452527
0.4160201626761834,18012,25,1,0,1,1,1.9000000000000001,1.9000000000000001,2025-Jan-29-19:34:11.547160
0.4160201626761834,18013,25,1,0,1,1,1.9000000000000001,1.9000000000000001,2025-Jan-29-19:34:11.715347
