Cost,Sim,Switch_State_Indx,Gen1_on,Gen2_on,Batt1_mode,Batt2_mode,Batt1_power_kW,Batt2_power_kW,Timestamp
1.0735211430969913,19328,25,1,1,0,0,0.0,0.0,2025-Jan-29-19:36:01.574560
0.629780506117975,19329,25,1,0,-1,1,0.0,1.9000000000000001,2025-Jan-29-19:36:01.724286
0.7561122308552579,19330,25,1,0,-1,0,0.0,0.0,2025-Jan-29-19:36:01.816371
0.4160201626761834,19331,25,1,0,1,1,1.9000000000000001,1.9000000000000001,2025-Jan-29-19:36:01.915363
1.1111128709475113,19332,25,1,1,-1,0,0.0,0.0,2025-Jan-29-19:36:01.971545
1.0735211430969913,19333,25,1,1,0,0,0.0,0.0,2025-Jan-29-19:36:02.014826
1.161059787788528,19334,25,1,1,0,-1,0.0,0.0,2025-Jan-29-19:36:02.072007
0.8436562666978078,19335,25,1,0,-1,-1,0.0,0.0,2025-Jan-29-19:36:02.154632
0.7185205030005031,19336,25,1,0,0,0,0.0,0.0,2025-Jan-29-19:36:02.207268
0.7561122308552579,19337,25,1,0,-1,0,0.0,0.0,2025-Jan-29-19:36:02.270973
0.5423573219619376,19338,25,1,0,1,0,1.9000000000000001,0.0,2025-Jan-29-19:36:02.345242
1.0735211430969913,19339,25,1,1,0,0,0.0,0.0,2025-Jan-29-19:36:02.392900
0.9471794063316156,19340,25,1,1,0,1,0.0,1.9000000000000001,2025-Jan-29-19:36:02.465592
0.8436562666978078,19341,25,1,0,-1,-1,0.0,0.0,2025-Jan-29-19:36:02.533941
0.4160201626761834,19342,25,1,0,1,1,1.9000000000000001,1.9000000000000001,2025-Jan-29-19:36:02.657097
0.9848890270480929,19343,25,1,1,1,-1,1.9000000000000001,0.0,2025-Jan-29-19:36:02.774008
1.161059787788528,19344,25,1,1,0,-1,0.0,0.0,2025-Jan-29-19:36:02.834249
1.1111128709475113,19345,25,1,1,-1,0,0.0,0.0,2025-Jan-29-19:36:02.890848
0.9471794063316156,19346,25,1,1,0,1,0.0,1.9000000000000001,2025-Jan-29-19:36:02.963259
1.0735211430969913,19347,25,1,1,0,0,0.0,0.0,2025-Jan-29-19:36:03.015127
0.5423573219619376,19348,25,1,0,1,0,1.9000000000000001,0.0,2025-Jan-29-19:36:03.085485
0.8060591477019475,19349,25,1,0,0,-1,0.0,0.0,2025-Jan-29-19:36:03.141493
1.0735211430969913,19350,25,1,1,0,0,0.0,0.0,2025-Jan-29-19:36:03.185711
1.0735211430969913,19351,25,1,1,0,0,0.0,0.0,2025-Jan-29-19:36:03.232188
0.7561122308552579,19352,25,1,0,-1,0,0.0,0.0,2025-Jan-29-19:36:03.291529
0.5423573219619376,19353,25,1,0,1,0,1.9000000000000001,0.0,2025-Jan-29-19:36:03.365769
1.161059787788528,19354,25,1,1,0,-1,0.0,0.0,2025-Jan-29-19:36:03.423168
1.0735211430969913,19355,25,1,1,0,0,0.0,0.0,2025-Jan-29-19:36:03.469801
0.7185205030005031,19356,25,1,0,0,0,0.0,0.0,2025-Jan-29-19:36:03.515051
0.5423573219619376,19357,25,1,0,1,0,1.9000000000000001,0.0,2025-Jan-29-19:36:03.621669
1.1111128709475113,19358,25,1,1,-1,0,0.0,0.0,2025-Jan-29-19:36:03.734900
1.1986569067802102,19359,25,1,1,-1,-1,0.0,0.0,2025-Jan-29-19:36:03.834659
1.1111128709475113,19360,25,1,1,-1,0,0.0,0.0,2025-Jan-29-19:36:03.898719
0.7185205030005031,19361,25,1,0,0,0,0.0,0.0,2025-Jan-29-19:36:03.954251
0.7561122308552579,19362,25,1,0,-1,0,0.0,0.0,2025-Jan-29-19:36:04.014195
0.8973579620796409,19363,25,1,1,1,0,1.9000000000000001,0.0,2025-Jan-29-19:36:04.089771
0.629780506117975,19364,25,1,0,-1,1,0.0,1.9000000000000001,2025-Jan-29-19:36:04.178860
0.5423573219619376,19365,25,1,0,1,0,1.9000000000000001,0.0,2025-Jan-29-19:36:04.255889
0.6298883869405699,19366,25,1,0,1,-1,1.9000000000000001,0.0,2025-Jan-29-19:36:04.350198
0.5423573219619376,19367,25,1,0,1,0,1.9000000000000001,0.0,2025-Jan-29-19:36:04.429543
0.629780506117975,19368,25,1,0,-1,1,0.0,1.9000000000000001,2025-Jan-29-19:36:04.518649
0.7185205030005031,19369,25,1,0,0,0,0.0,0.0,2025-Jan-29-19:36:04.589746
0.629780506117975,19370,25,1,0,-1,1,0.0,1.9000000000000001,2025-Jan-29-19:36:04.726018
0.7561122308552579,19371,25,1,0,-1,0,0.0,0.0,2025-Jan-29-19:36:04.810495
0.7185205030005031,19372,25,1,0,0,0,0.0,0.0,2025-Jan-29-19:36:04.865958
1.1986569067802102,19373,25,1,1,-1,-1,0.0,0.0,2025-Jan-29-19:36:04.936832
1.0735211430969913,19374,25,1,1,0,0,0.0,0.0,2025-Jan-29-19:36:04.982016
0.9471794063316156,19375,25,1,1,0,1,0.0,1.9000000000000001,2025-Jan-29-19:36:05.056515
0.9471794063316156,19376,25,1,1,0,1,0.0,1.9000000000000001,2025-Jan-29-19:36:05.130268
0.629780506117975,19377,25,1,0,-1,1,0.0,1.9000000000000001,2025-Jan-29-19:36:05.216269
0.7561122308552579,19378,25,1,0,-1,0,0.0,0.0,2025-Jan-29-19:36:05.273534
0.4160201626761834,19379,25,1,0,1,1,1.9000000000000001,1.9000000000000001,2025-Jan-29-19:36:05.371778
0.4160201626761834,19380,25,1,0,1,1,1.9000000000000001,1.9000000000000001,2025-Jan-29-19:36:05.469753
0.5921787662199604,19381,25,1,0,0,1,0.0,1.9000000000000001,2025-Jan-29-19:36:05.543767
0.5921787662199604,19382,25,1,0,0,1,0.0,1.9000000000000001,2025-Jan-29-19:36:05.653613
0.8060591477019475,19383,25,1,0,0,-1,0.0,0.0,2025-Jan-29-19:36:05.750074
0.8060591477019475,19384,25,1,0,0,-1,0.0,0.0,2025-Jan-29-19:36:05.830135
0.8060591477019475,19385,25,1,0,0,-1,0.0,0.0,2025-Jan-29-19:36:05.891967
0.8060591477019475,19386,25,1,0,0,-1,0.0,0.0,2025-Jan-29-19:36:05.949580
0.8060591477019475,19387,25,1,0,0,-1,0.0,0.0,2025-Jan-29-19:36:06.008329
0.8060591477019475,19388,25,1,0,0,-1,0.0,0.0,2025-Jan-29-19:36:06.065719
0.4160201626761834,19389,25,1,0,1,1,1.9000000000000001,1.9000000000000001,2025-Jan-29-19:36:06.163726
0.4160201626761834,19390,25,1,0,1,1,1.9000000000000001,1.9000000000000001,2025-Jan-29-19:36:06.261779
0.4160201626761834,19391,25,1,0,1,1,1.9000000000000001,1.9000000000000001,2025-Jan-29-19:36:06.360084
0.5423573219619376,19392,25,1,0,1,0,1.9000000000000001,0.0,2025-Jan-29-19:36:06.434560
0.5423573219619376,19393,25,1,0,1,0,1.9000000000000001,0.0,2025-Jan-29-19:36:06.509172
0.7561122308552579,19394,25,1,0,-1,0,0.0,0.0,2025-Jan-29-19:36:06.589221
0.7561122308552579,19395,25,1,0,-1,0,0.0,0.0,2025-Jan-29-19:36:06.709202
0.7561122308552579,19396,25,1,0,-1,0,0.0,0.0,2025-Jan-29-19:36:06.797388
0.7561122308552579,19397,25,1,0,-1,0,0.0,0.0,2025-Jan-29-19:36:07.126526
0.7561122308552579,19398,25,1,0,-1,0,0.0,0.0,2025-Jan-29-19:36:07.185514
0.5423573219619376,19399,25,1,0,1,0,1.9000000000000001,0.0,2025-Jan-29-19:36:07.259361
0.5423573219619376,19400,25,1,0,1,0,1.9000000000000001,0.0,2025-Jan-29-19:36:07.333784
0.5423573219619376,19401,25,1,0,1,0,1.9000000000000001,0.0,2025-Jan-29-19:36:07.407356
0.5423573219619376,19402,25,1,0,1,0,1.9000000000000001,0.0,2025-Jan-29-19:36:07.481711
0.5423573219619376,19403,25,1,0,1,0,1.9000000000000001,0.0,2025-Jan-29-19:36:07.572093
0.5423573219619376,19404,25,1,0,1,0,1.9000000000000001,0.0,2025-Jan-29-19:36:07.689149
0.5423573219619376,19405,25,1,0,1,0,1.9000000000000001,0.0,2025-Jan-29-19:36:07.794535
0.5423573219619376,19406,25,1,0,1,0,1.9000000000000001,0.0,2025-Jan-29-19:36:07.870912
0.5423573219619376,19407,25,1,0,1,0,1.9000000000000001,0.0,2025-Jan-29-19:36:07.945435
0.5423573219619376,19408,25,1,0,1,0,1.9000000000000001,0.0,2025-Jan-29-19:36:08.019420
0.5423573219619376,19409,25,1,0,1,0,1.9000000000000001,0.0,2025-Jan-29-19:36:08.092877
0.5423573219619376,19410,25,1,0,1,0,1.9000000000000001,0.0,2025-Jan-29-19:36:08.166591
0.7185205030005031,19411,25,1,0,0,0,0.0,0.0,2025-Jan-29-19:36:08.211055
0.7185205030005031,19412,25,1,0,0,0,0.0,0.0,2025-Jan-29-19:36:08.255836
0.7185205030005031,19413,25,1,0,0,0,0.0,0.0,2025-Jan-29-19:36:08.300037
0.7185205030005031,19414,25,1,0,0,0,0.0,0.0,2025-Jan-29-19:36:08.344186
0.7185205030005031,19415,25,1,0,0,0,0.0,0.0,2025-Jan-29-19:36:08.388397
0.7185205030005031,19416,25,1,0,0,0,0.0,0.0,2025-Jan-29-19:36:08.431918
0.7185205030005031,19417,25,1,0,0,0,0.0,0.0,2025-Jan-29-19:36:08.474983
0.7561122308552579,19418,25,1,0,-1,0,0.0,0.0,2025-Jan-29-19:36:08.531790
0.5423573219619376,19419,25,1,0,1,0,1.9000000000000001,0.0,2025-Jan-29-19:36:08.625097
0.5423573219619376,19420,25,1,0,1,0,1.9000000000000001,0.0,2025-Jan-29-19:36:08.741641
0.7561122308552579,19421,25,1,0,-1,0,0.0,0.0,2025-Jan-29-19:36:08.800650
0.7561122308552579,19422,25,1,0,-1,0,0.0,0.0,2025-Jan-29-19:36:08.858515
0.7561122308552579,19423,25,1,0,-1,0,0.0,0.0,2025-Jan-29-19:36:08.918526
0.7561122308552579,19424,25,1,0,-1,0,0.0,0.0,2025-Jan-29-19:36:08.977028
0.7561122308552579,19425,25,1,0,-1,0,0.0,0.0,2025-Jan-29-19:36:09.035901
0.7561122308552579,19426,25,1,0,-1,0,0.0,0.0,2025-Jan-29-19:36:09.094345
0.7561122308552579,19427,25,1,0,-1,0,0.0,0.0,2025-Jan-29-19:36:09.152849
0.7561122308552579,19428,25,1,0,-1,0,0.0,0.0,2025-Jan-29-19:36:09.211669
0.7561122308552579,19429,25,1,0,-1,0,0.0,0.0,2025-Jan-29-19:36:09.270965
0.7561122308552579,19430,25,1,0,-1,0,0.0,0.0,2025-Jan-29-19:36:09.331132
0.7561122308552579,19431,25,1,0,-1,0,0.0,0.0,2025-Jan-29-19:36:09.389441
0.7561122308552579,19432,25,1,0,-1,0,0.0,0.0,2025-Jan-29-19:36:09.447944
0.7561122308552579,19433,25,1,0,-1,0,0.0,0.0,2025-Jan-29-19:36:09.507281
0.7185205030005031,19434,25,1,0,0,0,0.0,0.0,2025-Jan-29-19:36:09.571485
0.7185205030005031,19435,25,1,0,0,0,0.0,0.0,2025-Jan-29-19:36:09.648158
0.7561122308552579,19436,25,1,0,-1,0,0.0,0.0,2025-Jan-29-19:36:09.747363
0.5423573219619376,19437,25,1,0,1,0,1.9000000000000001,0.0,2025-Jan-29-19:36:09.848298
0.5423573219619376,19438,25,1,0,1,0,1.9000000000000001,0.0,2025-Jan-29-19:36:09.929056
0.5423573219619376,19439,25,1,0,1,0,1.9000000000000001,0.0,2025-Jan-29-19:36:10.008739
0.5423573219619376,19440,25,1,0,1,0,1.9000000000000001,0.0,2025-Jan-29-19:36:10.085602
0.5423573219619376,19441,25,1,0,1,0,1.9000000000000001,0.0,2025-Jan-29-19:36:10.161822
0.5423573219619376,19442,25,1,0,1,0,1.9000000000000001,0.0,2025-Jan-29-19:36:10.237209
0.5423573219619376,19443,25,1,0,1,0,1.9000000000000001,0.0,2025-Jan-29-19:36:10.313232
0.5423573219619376,19444,25,1,0,1,0,1.9000000000000001,0.0,2025-Jan-29-19:36:10.389396
0.5423573219619376,19445,25,1,0,1,0,1.9000000000000001,0.0,2025-Jan-29-19:36:10.465665
0.5423573219619376,19446,25,1,0,1,0,1.9000000000000001,0.0,2025-Jan-29-19:36:10.540727
0.5423573219619376,19447,25,1,0,1,0,1.9000000000000001,0.0,2025-Jan-29-19:36:10.648423
0.7185205030005031,19448,25,1,0,0,0,0.0,0.0,2025-Jan-29-19:36:10.719697
0.5423573219619376,19449,25,1,0,1,0,1.9000000000000001,0.0,2025-Jan-29-19:36:10.818815
0.7185205030005031,19450,25,1,0,0,0,0.0,0.0,2025-Jan-29-19:36:10.868874
0.7185205030005031,19451,25,1,0,0,0,0.0,0.0,2025-Jan-29-19:36:10.922695
0.7185205030005031,19452,25,1,0,0,0,0.0,0.0,2025-Jan-29-19:36:10.971938
0.7185205030005031,19453,25,1,0,0,0,0.0,0.0,2025-Jan-29-19:36:11.019631
0.7185205030005031,19454,25,1,0,0,0,0.0,0.0,2025-Jan-29-19:36:11.065893
0.7185205030005031,19455,25,1,0,0,0,0.0,0.0,2025-Jan-29-19:36:11.112344
0.7185205030005031,19456,25,1,0,0,0,0.0,0.0,2025-Jan-29-19:36:11.158335
0.7185205030005031,19457,25,1,0,0,0,0.0,0.0,2025-Jan-29-19:36:11.204579
0.7185205030005031,19458,25,1,0,0,0,0.0,0.0,2025-Jan-29-19:36:11.250336
0.629780506117975,19459,25,1,0,-1,1,0.0,1.9000000000000001,2025-Jan-29-19:36:11.336401
0.629780506117975,19460,25,1,0,-1,1,0.0,1.9000000000000001,2025-Jan-29-19:36:11.421300
0.629780506117975,19461,25,1,0,-1,1,0.0,1.9000000000000001,2025-Jan-29-19:36:11.505222
0.629780506117975,19462,25,1,0,-1,1,0.0,1.9000000000000001,2025-Jan-29-19:36:11.613271
0.629780506117975,19463,25,1,0,-1,1,0.0,1.9000000000000001,2025-Jan-29-19:36:11.733162
0.629780506117975,19464,25,1,0,-1,1,0.0,1.9000000000000001,2025-Jan-29-19:36:11.839188
0.629780506117975,19465,25,1,0,-1,1,0.0,1.9000000000000001,2025-Jan-29-19:36:11.926642
0.629780506117975,19466,25,1,0,-1,1,0.0,1.9000000000000001,2025-Jan-29-19:36:12.010978
0.629780506117975,19467,25,1,0,-1,1,0.0,1.9000000000000001,2025-Jan-29-19:36:12.095834
0.629780506117975,19468,25,1,0,-1,1,0.0,1.9000000000000001,2025-Jan-29-19:36:12.179452
0.629780506117975,19469,25,1,0,-1,1,0.0,1.9000000000000001,2025-Jan-29-19:36:12.263755
0.629780506117975,19470,25,1,0,-1,1,0.0,1.9000000000000001,2025-Jan-29-19:36:12.349607
0.629780506117975,19471,25,1,0,-1,1,0.0,1.9000000000000001,2025-Jan-29-19:36:12.433325
0.629780506117975,19472,25,1,0,-1,1,0.0,1.9000000000000001,2025-Jan-29-19:36:12.517282
0.7561122308552579,19473,25,1,0,-1,0,0.0,0.0,2025-Jan-29-19:36:12.802132
0.7561122308552579,19474,25,1,0,-1,0,0.0,0.0,2025-Jan-29-19:36:12.900646
0.7561122308552579,19475,25,1,0,-1,0,0.0,0.0,2025-Jan-29-19:36:12.990957
0.7561122308552579,19476,25,1,0,-1,0,0.0,0.0,2025-Jan-29-19:36:13.048153
0.7561122308552579,19477,25,1,0,-1,0,0.0,0.0,2025-Jan-29-19:36:13.103895
0.7561122308552579,19478,25,1,0,-1,0,0.0,0.0,2025-Jan-29-19:36:13.159789
0.629780506117975,19479,25,1,0,-1,1,0.0,1.9000000000000001,2025-Jan-29-19:36:13.244186
0.5921787662199604,19480,25,1,0,0,1,0.0,1.9000000000000001,2025-Jan-29-19:36:13.315938
0.5921787662199604,19481,25,1,0,0,1,0.0,1.9000000000000001,2025-Jan-29-19:36:13.387379
0.7185205030005031,19482,25,1,0,0,0,0.0,0.0,2025-Jan-29-19:36:13.430912
0.7185205030005031,19483,25,1,0,0,0,0.0,0.0,2025-Jan-29-19:36:13.474416
0.629780506117975,19484,25,1,0,-1,1,0.0,1.9000000000000001,2025-Jan-29-19:36:13.558777
0.629780506117975,19485,25,1,0,-1,1,0.0,1.9000000000000001,2025-Jan-29-19:36:13.643079
0.629780506117975,19486,25,1,0,-1,1,0.0,1.9000000000000001,2025-Jan-29-19:36:13.745771
0.629780506117975,19487,25,1,0,-1,1,0.0,1.9000000000000001,2025-Jan-29-19:36:13.859411
0.629780506117975,19488,25,1,0,-1,1,0.0,1.9000000000000001,2025-Jan-29-19:36:13.970047
0.629780506117975,19489,25,1,0,-1,1,0.0,1.9000000000000001,2025-Jan-29-19:36:14.056029
0.629780506117975,19490,25,1,0,-1,1,0.0,1.9000000000000001,2025-Jan-29-19:36:14.140574
0.629780506117975,19491,25,1,0,-1,1,0.0,1.9000000000000001,2025-Jan-29-19:36:14.225018
0.7561122308552579,19492,25,1,0,-1,0,0.0,0.0,2025-Jan-29-19:36:14.281187
0.7561122308552579,19493,25,1,0,-1,0,0.0,0.0,2025-Jan-29-19:36:14.337149
0.8436562666978078,19494,25,1,0,-1,-1,0.0,0.0,2025-Jan-29-19:36:14.405563
0.7561122308552579,19495,25,1,0,-1,0,0.0,0.0,2025-Jan-29-19:36:14.461470
0.7561122308552579,19496,25,1,0,-1,0,0.0,0.0,2025-Jan-29-19:36:14.517363
0.7561122308552579,19497,25,1,0,-1,0,0.0,0.0,2025-Jan-29-19:36:14.572951
0.5423573219619376,19498,25,1,0,1,0,1.9000000000000001,0.0,2025-Jan-29-19:36:14.660069
0.7185205030005031,19499,25,1,0,0,0,0.0,0.0,2025-Jan-29-19:36:14.733593
0.7185205030005031,19500,25,1,0,0,0,0.0,0.0,2025-Jan-29-19:36:14.799073
0.7185205030005031,19501,25,1,0,0,0,0.0,0.0,2025-Jan-29-19:36:14.865785
0.7185205030005031,19502,25,1,0,0,0,0.0,0.0,2025-Jan-29-19:36:14.911298
0.7185205030005031,19503,25,1,0,0,0,0.0,0.0,2025-Jan-29-19:36:14.957554
0.7185205030005031,19504,25,1,0,0,0,0.0,0.0,2025-Jan-29-19:36:15.000810
0.7185205030005031,19505,25,1,0,0,0,0.0,0.0,2025-Jan-29-19:36:15.043958
0.7185205030005031,19506,25,1,0,0,0,0.0,0.0,2025-Jan-29-19:36:15.086694
0.7185205030005031,19507,25,1,0,0,0,0.0,0.0,2025-Jan-29-19:36:15.129626
0.7185205030005031,19508,25,1,0,0,0,0.0,0.0,2025-Jan-29-19:36:15.172701
0.7185205030005031,19509,25,1,0,0,0,0.0,0.0,2025-Jan-29-19:36:15.215818
0.7185205030005031,19510,25,1,0,0,0,0.0,0.0,2025-Jan-29-19:36:15.258502
0.7185205030005031,19511,25,1,0,0,0,0.0,0.0,2025-Jan-29-19:36:15.301468
0.7185205030005031,19512,25,1,0,0,0,0.0,0.0,2025-Jan-29-19:36:15.344333
0.7185205030005031,19513,25,1,0,0,0,0.0,0.0,2025-Jan-29-19:36:15.387272
0.7185205030005031,19514,25,1,0,0,0,0.0,0.0,2025-Jan-29-19:36:15.430400
0.7185205030005031,19515,25,1,0,0,0,0.0,0.0,2025-Jan-29-19:36:15.473553
0.7185205030005031,19516,25,1,0,0,0,0.0,0.0,2025-Jan-29-19:36:15.516330
0.7185205030005031,19517,25,1,0,0,0,0.0,0.0,2025-Jan-29-19:36:15.560035
0.7185205030005031,19518,25,1,0,0,0,0.0,0.0,2025-Jan-29-19:36:15.617153
0.7185205030005031,19519,25,1,0,0,0,0.0,0.0,2025-Jan-29-19:36:15.681005
0.7185205030005031,19520,25,1,0,0,0,0.0,0.0,2025-Jan-29-19:36:15.751706
0.7185205030005031,19521,25,1,0,0,0,0.0,0.0,2025-Jan-29-19:36:15.819094
0.7185205030005031,19522,25,1,0,0,0,0.0,0.0,2025-Jan-29-19:36:15.864398
0.7185205030005031,19523,25,1,0,0,0,0.0,0.0,2025-Jan-29-19:36:15.907720
0.7561122308552579,19524,25,1,0,-1,0,0.0,0.0,2025-Jan-29-19:36:15.966033
0.7561122308552579,19525,25,1,0,-1,0,0.0,0.0,2025-Jan-29-19:36:16.021970
0.7561122308552579,19526,25,1,0,-1,0,0.0,0.0,2025-Jan-29-19:36:16.077356
0.7561122308552579,19527,25,1,0,-1,0,0.0,0.0,2025-Jan-29-19:36:16.132593
0.7561122308552579,19528,25,1,0,-1,0,0.0,0.0,2025-Jan-29-19:36:16.187778
0.7561122308552579,19529,25,1,0,-1,0,0.0,0.0,2025-Jan-29-19:36:16.243047
0.7561122308552579,19530,25,1,0,-1,0,0.0,0.0,2025-Jan-29-19:36:16.298761
0.7561122308552579,19531,25,1,0,-1,0,0.0,0.0,2025-Jan-29-19:36:16.354573
0.7561122308552579,19532,25,1,0,-1,0,0.0,0.0,2025-Jan-29-19:36:16.409831
0.7561122308552579,19533,25,1,0,-1,0,0.0,0.0,2025-Jan-29-19:36:16.465064
0.7561122308552579,19534,25,1,0,-1,0,0.0,0.0,2025-Jan-29-19:36:16.520465
0.7561122308552579,19535,25,1,0,-1,0,0.0,0.0,2025-Jan-29-19:36:16.600204
0.7561122308552579,19536,25,1,0,-1,0,0.0,0.0,2025-Jan-29-19:36:16.686017
0.7561122308552579,19537,25,1,0,-1,0,0.0,0.0,2025-Jan-29-19:36:16.771015
0.7561122308552579,19538,25,1,0,-1,0,0.0,0.0,2025-Jan-29-19:36:16.828169
0.7561122308552579,19539,25,1,0,-1,0,0.0,0.0,2025-Jan-29-19:36:16.883396
0.7561122308552579,19540,25,1,0,-1,0,0.0,0.0,2025-Jan-29-19:36:16.941214
0.7561122308552579,19541,25,1,0,-1,0,0.0,0.0,2025-Jan-29-19:36:16.996556
0.7561122308552579,19542,25,1,0,-1,0,0.0,0.0,2025-Jan-29-19:36:17.051941
0.7561122308552579,19543,25,1,0,-1,0,0.0,0.0,2025-Jan-29-19:36:17.111841
0.7561122308552579,19544,25,1,0,-1,0,0.0,0.0,2025-Jan-29-19:36:17.178803
0.7561122308552579,19545,25,1,0,-1,0,0.0,0.0,2025-Jan-29-19:36:17.235392
0.7561122308552579,19546,25,1,0,-1,0,0.0,0.0,2025-Jan-29-19:36:17.292561
0.7561122308552579,19547,25,1,0,-1,0,0.0,0.0,2025-Jan-29-19:36:17.348145
0.7561122308552579,19548,25,1,0,-1,0,0.0,0.0,2025-Jan-29-19:36:17.403728
0.7561122308552579,19549,25,1,0,-1,0,0.0,0.0,2025-Jan-29-19:36:17.459331
0.7561122308552579,19550,25,1,0,-1,0,0.0,0.0,2025-Jan-29-19:36:17.514925
0.7561122308552579,19551,25,1,0,-1,0,0.0,0.0,2025-Jan-29-19:36:17.593900
0.7561122308552579,19552,25,1,0,-1,0,0.0,0.0,2025-Jan-29-19:36:17.673622
0.7561122308552579,19553,25,1,0,-1,0,0.0,0.0,2025-Jan-29-19:36:17.757667
0.8060591477019475,19554,25,1,0,0,-1,0.0,0.0,2025-Jan-29-19:36:17.995651
0.7185205030005031,19555,25,1,0,0,0,0.0,0.0,2025-Jan-29-19:36:18.040458
0.8060591477019475,19556,25,1,0,0,-1,0.0,0.0,2025-Jan-29-19:36:18.096240
0.7561122308552579,19557,25,1,0,-1,0,0.0,0.0,2025-Jan-29-19:36:18.151851
0.7185205030005031,19558,25,1,0,0,0,0.0,0.0,2025-Jan-29-19:36:18.194895
0.5921787662199604,19559,25,1,0,0,1,0.0,1.9000000000000001,2025-Jan-29-19:36:18.266444
0.8973579620796409,19560,25,1,1,1,0,1.9000000000000001,0.0,2025-Jan-29-19:36:18.337933
0.7185205030005031,19561,25,1,0,0,0,0.0,0.0,2025-Jan-29-19:36:18.381663
0.9471794063316156,19562,25,1,1,0,1,0.0,1.9000000000000001,2025-Jan-29-19:36:18.452948
0.6298883869405699,19563,25,1,0,1,-1,1.9000000000000001,0.0,2025-Jan-29-19:36:18.536946
1.1986569067802102,19564,25,1,1,-1,-1,0.0,0.0,2025-Jan-29-19:36:18.629191
0.5921787662199604,19565,25,1,0,0,1,0.0,1.9000000000000001,2025-Jan-29-19:36:18.727373
0.5921787662199604,19566,25,1,0,0,1,0.0,1.9000000000000001,2025-Jan-29-19:36:18.818045
0.9471794063316156,19567,25,1,1,0,1,0.0,1.9000000000000001,2025-Jan-29-19:36:18.890177
1.1111128709475113,19568,25,1,1,-1,0,0.0,0.0,2025-Jan-29-19:36:18.945644
1.0735211430969913,19569,25,1,1,0,0,0.0,0.0,2025-Jan-29-19:36:18.988991
0.7561122308552579,19570,25,1,0,-1,0,0.0,0.0,2025-Jan-29-19:36:19.044580
1.0735211430969913,19571,25,1,1,0,0,0.0,0.0,2025-Jan-29-19:36:19.087745
0.7710208028095181,19572,25,1,1,1,1,1.9000000000000001,1.9000000000000001,2025-Jan-29-19:36:19.182993
0.9760242519712691,19573,25,1,1,-1,1,0.0,1.9000000000000001,2025-Jan-29-19:36:19.266228
0.8060591477019475,19574,25,1,0,0,-1,0.0,0.0,2025-Jan-29-19:36:19.322183
1.1111128709475113,19575,25,1,1,-1,0,0.0,0.0,2025-Jan-29-19:36:19.377615
0.9760242519712691,19576,25,1,1,-1,1,0.0,1.9000000000000001,2025-Jan-29-19:36:19.460969
1.161059787788528,19577,25,1,1,0,-1,0.0,0.0,2025-Jan-29-19:36:19.516141
1.0735211430969913,19578,25,1,1,0,0,0.0,0.0,2025-Jan-29-19:36:19.579518
0.8060591477019475,19579,25,1,0,0,-1,0.0,0.0,2025-Jan-29-19:36:19.680003
0.8060591477019475,19580,25,1,0,0,-1,0.0,0.0,2025-Jan-29-19:36:19.761275
0.8060591477019475,19581,25,1,0,0,-1,0.0,0.0,2025-Jan-29-19:36:19.818691
0.8060591477019475,19582,25,1,0,0,-1,0.0,0.0,2025-Jan-29-19:36:19.874249
0.8060591477019475,19583,25,1,0,0,-1,0.0,0.0,2025-Jan-29-19:36:19.932400
0.8060591477019475,19584,25,1,0,0,-1,0.0,0.0,2025-Jan-29-19:36:19.987919
0.8060591477019475,19585,25,1,0,0,-1,0.0,0.0,2025-Jan-29-19:36:20.043200
0.8060591477019475,19586,25,1,0,0,-1,0.0,0.0,2025-Jan-29-19:36:20.098369
0.8060591477019475,19587,25,1,0,0,-1,0.0,0.0,2025-Jan-29-19:36:20.153793
0.8060591477019475,19588,25,1,0,0,-1,0.0,0.0,2025-Jan-29-19:36:20.209212
0.7561122308552579,19589,25,1,0,-1,0,0.0,0.0,2025-Jan-29-19:36:20.264591
0.7561122308552579,19590,25,1,0,-1,0,0.0,0.0,2025-Jan-29-19:36:20.320098
0.7561122308552579,19591,25,1,0,-1,0,0.0,0.0,2025-Jan-29-19:36:20.375474
0.7561122308552579,19592,25,1,0,-1,0,0.0,0.0,2025-Jan-29-19:36:20.433590
0.7561122308552579,19593,25,1,0,-1,0,0.0,0.0,2025-Jan-29-19:36:20.490783
0.7561122308552579,19594,25,1,0,-1,0,0.0,0.0,2025-Jan-29-19:36:20.546657
0.7561122308552579,19595,25,1,0,-1,0,0.0,0.0,2025-Jan-29-19:36:20.642385
0.7561122308552579,19596,25,1,0,-1,0,0.0,0.0,2025-Jan-29-19:36:20.723046
0.7185205030005031,19597,25,1,0,0,0,0.0,0.0,2025-Jan-29-19:36:20.790361
0.7185205030005031,19598,25,1,0,0,0,0.0,0.0,2025-Jan-29-19:36:20.837154
0.5423573219619376,19599,25,1,0,1,0,1.9000000000000001,0.0,2025-Jan-29-19:36:20.912111
0.5423573219619376,19600,25,1,0,1,0,1.9000000000000001,0.0,2025-Jan-29-19:36:20.984487
0.7561122308552579,19601,25,1,0,-1,0,0.0,0.0,2025-Jan-29-19:36:21.040039
0.7561122308552579,19602,25,1,0,-1,0,0.0,0.0,2025-Jan-29-19:36:21.095533
0.7561122308552579,19603,25,1,0,-1,0,0.0,0.0,2025-Jan-29-19:36:21.151214
0.7561122308552579,19604,25,1,0,-1,0,0.0,0.0,2025-Jan-29-19:36:21.206720
0.7561122308552579,19605,25,1,0,-1,0,0.0,0.0,2025-Jan-29-19:36:21.262313
0.7561122308552579,19606,25,1,0,-1,0,0.0,0.0,2025-Jan-29-19:36:21.318091
0.7561122308552579,19607,25,1,0,-1,0,0.0,0.0,2025-Jan-29-19:36:21.373576
0.7561122308552579,19608,25,1,0,-1,0,0.0,0.0,2025-Jan-29-19:36:21.429093
0.7561122308552579,19609,25,1,0,-1,0,0.0,0.0,2025-Jan-29-19:36:21.484699
0.7561122308552579,19610,25,1,0,-1,0,0.0,0.0,2025-Jan-29-19:36:21.540518
0.7561122308552579,19611,25,1,0,-1,0,0.0,0.0,2025-Jan-29-19:36:21.630589
0.7561122308552579,19612,25,1,0,-1,0,0.0,0.0,2025-Jan-29-19:36:21.711843
0.7561122308552579,19613,25,1,0,-1,0,0.0,0.0,2025-Jan-29-19:36:21.785550
0.7561122308552579,19614,25,1,0,-1,0,0.0,0.0,2025-Jan-29-19:36:21.844587
0.7561122308552579,19615,25,1,0,-1,0,0.0,0.0,2025-Jan-29-19:36:21.900006
0.7561122308552579,19616,25,1,0,-1,0,0.0,0.0,2025-Jan-29-19:36:21.958321
0.7561122308552579,19617,25,1,0,-1,0,0.0,0.0,2025-Jan-29-19:36:22.014538
0.7561122308552579,19618,25,1,0,-1,0,0.0,0.0,2025-Jan-29-19:36:22.070469
0.7561122308552579,19619,25,1,0,-1,0,0.0,0.0,2025-Jan-29-19:36:22.126187
0.7561122308552579,19620,25,1,0,-1,0,0.0,0.0,2025-Jan-29-19:36:22.181820
0.7561122308552579,19621,25,1,0,-1,0,0.0,0.0,2025-Jan-29-19:36:22.237149
0.7561122308552579,19622,25,1,0,-1,0,0.0,0.0,2025-Jan-29-19:36:22.292404
0.7561122308552579,19623,25,1,0,-1,0,0.0,0.0,2025-Jan-29-19:36:22.348158
0.7185205030005031,19624,25,1,0,0,0,0.0,0.0,2025-Jan-29-19:36:22.391347
0.7185205030005031,19625,25,1,0,0,0,0.0,0.0,2025-Jan-29-19:36:22.434631
0.7185205030005031,19626,25,1,0,0,0,0.0,0.0,2025-Jan-29-19:36:22.477797
0.7185205030005031,19627,25,1,0,0,0,0.0,0.0,2025-Jan-29-19:36:22.522009
0.7185205030005031,19628,25,1,0,0,0,0.0,0.0,2025-Jan-29-19:36:22.581789
0.5423573219619376,19629,25,1,0,1,0,1.9000000000000001,0.0,2025-Jan-29-19:36:22.693979
0.5423573219619376,19630,25,1,0,1,0,1.9000000000000001,0.0,2025-Jan-29-19:36:22.796178
0.5423573219619376,19631,25,1,0,1,0,1.9000000000000001,0.0,2025-Jan-29-19:36:22.869662
0.5423573219619376,19632,25,1,0,1,0,1.9000000000000001,0.0,2025-Jan-29-19:36:22.943722
0.5423573219619376,19633,25,1,0,1,0,1.9000000000000001,0.0,2025-Jan-29-19:36:23.015545
0.5423573219619376,19634,25,1,0,1,0,1.9000000000000001,0.0,2025-Jan-29-19:36:23.086775
0.5423573219619376,19635,25,1,0,1,0,1.9000000000000001,0.0,2025-Jan-29-19:36:23.158620
0.5423573219619376,19636,25,1,0,1,0,1.9000000000000001,0.0,2025-Jan-29-19:36:23.413234
0.5423573219619376,19637,25,1,0,1,0,1.9000000000000001,0.0,2025-Jan-29-19:36:23.486826
0.5423573219619376,19638,25,1,0,1,0,1.9000000000000001,0.0,2025-Jan-29-19:36:23.575336
0.7185205030005031,19639,25,1,0,0,0,0.0,0.0,2025-Jan-29-19:36:23.647801
0.7185205030005031,19640,25,1,0,0,0,0.0,0.0,2025-Jan-29-19:36:23.718669
0.7185205030005031,19641,25,1,0,0,0,0.0,0.0,2025-Jan-29-19:36:23.785761
0.7185205030005031,19642,25,1,0,0,0,0.0,0.0,2025-Jan-29-19:36:23.829869
0.7185205030005031,19643,25,1,0,0,0,0.0,0.0,2025-Jan-29-19:36:23.873203
0.7185205030005031,19644,25,1,0,0,0,0.0,0.0,2025-Jan-29-19:36:23.916173
0.7185205030005031,19645,25,1,0,0,0,0.0,0.0,2025-Jan-29-19:36:23.959105
0.7185205030005031,19646,25,1,0,0,0,0.0,0.0,2025-Jan-29-19:36:24.002458
0.7185205030005031,19647,25,1,0,0,0,0.0,0.0,2025-Jan-29-19:36:24.045569
0.7185205030005031,19648,25,1,0,0,0,0.0,0.0,2025-Jan-29-19:36:24.088360
0.7185205030005031,19649,25,1,0,0,0,0.0,0.0,2025-Jan-29-19:36:24.131799
0.7185205030005031,19650,25,1,0,0,0,0.0,0.0,2025-Jan-29-19:36:24.174753
0.7185205030005031,19651,25,1,0,0,0,0.0,0.0,2025-Jan-29-19:36:24.217811
0.7185205030005031,19652,25,1,0,0,0,0.0,0.0,2025-Jan-29-19:36:24.260949
0.7185205030005031,19653,25,1,0,0,0,0.0,0.0,2025-Jan-29-19:36:24.304003
0.7185205030005031,19654,25,1,0,0,0,0.0,0.0,2025-Jan-29-19:36:24.347020
0.7185205030005031,19655,25,1,0,0,0,0.0,0.0,2025-Jan-29-19:36:24.390163
0.7185205030005031,19656,25,1,0,0,0,0.0,0.0,2025-Jan-29-19:36:24.433257
0.7185205030005031,19657,25,1,0,0,0,0.0,0.0,2025-Jan-29-19:36:24.476159
0.7185205030005031,19658,25,1,0,0,0,0.0,0.0,2025-Jan-29-19:36:24.519160
0.5423573219619376,19659,25,1,0,1,0,1.9000000000000001,0.0,2025-Jan-29-19:36:24.615504
0.7561122308552579,19660,25,1,0,-1,0,0.0,0.0,2025-Jan-29-19:36:24.698344
0.7561122308552579,19661,25,1,0,-1,0,0.0,0.0,2025-Jan-29-19:36:24.780950
0.7561122308552579,19662,25,1,0,-1,0,0.0,0.0,2025-Jan-29-19:36:24.842149
0.7561122308552579,19663,25,1,0,-1,0,0.0,0.0,2025-Jan-29-19:36:24.898209
0.7561122308552579,19664,25,1,0,-1,0,0.0,0.0,2025-Jan-29-19:36:24.953475
0.7561122308552579,19665,25,1,0,-1,0,0.0,0.0,2025-Jan-29-19:36:25.008739
0.7561122308552579,19666,25,1,0,-1,0,0.0,0.0,2025-Jan-29-19:36:25.064110
0.7561122308552579,19667,25,1,0,-1,0,0.0,0.0,2025-Jan-29-19:36:25.119398
0.7561122308552579,19668,25,1,0,-1,0,0.0,0.0,2025-Jan-29-19:36:25.174920
0.5921787662199604,19669,25,1,0,0,1,0.0,1.9000000000000001,2025-Jan-29-19:36:25.246299
0.5921787662199604,19670,25,1,0,0,1,0.0,1.9000000000000001,2025-Jan-29-19:36:25.317603
0.5921787662199604,19671,25,1,0,0,1,0.0,1.9000000000000001,2025-Jan-29-19:36:25.388747
0.5921787662199604,19672,25,1,0,0,1,0.0,1.9000000000000001,2025-Jan-29-19:36:25.459905
0.5921787662199604,19673,25,1,0,0,1,0.0,1.9000000000000001,2025-Jan-29-19:36:25.531125
0.5921787662199604,19674,25,1,0,0,1,0.0,1.9000000000000001,2025-Jan-29-19:36:25.613161
0.5921787662199604,19675,25,1,0,0,1,0.0,1.9000000000000001,2025-Jan-29-19:36:25.721046
0.5921787662199604,19676,25,1,0,0,1,0.0,1.9000000000000001,2025-Jan-29-19:36:25.815567
0.5921787662199604,19677,25,1,0,0,1,0.0,1.9000000000000001,2025-Jan-29-19:36:25.890400
0.5921787662199604,19678,25,1,0,0,1,0.0,1.9000000000000001,2025-Jan-29-19:36:25.962084
0.5921787662199604,19679,25,1,0,0,1,0.0,1.9000000000000001,2025-Jan-29-19:36:26.033901
0.5921787662199604,19680,25,1,0,0,1,0.0,1.9000000000000001,2025-Jan-29-19:36:26.105342
0.5921787662199604,19681,25,1,0,0,1,0.0,1.9000000000000001,2025-Jan-29-19:36:26.176505
0.5921787662199604,19682,25,1,0,0,1,0.0,1.9000000000000001,2025-Jan-29-19:36:26.248089
0.5921787662199604,19683,25,1,0,0,1,0.0,1.9000000000000001,2025-Jan-29-19:36:26.319422
0.5921787662199604,19684,25,1,0,0,1,0.0,1.9000000000000001,2025-Jan-29-19:36:26.394688
0.5921787662199604,19685,25,1,0,0,1,0.0,1.9000000000000001,2025-Jan-29-19:36:26.468458
0.7185205030005031,19686,25,1,0,0,0,0.0,0.0,2025-Jan-29-19:36:26.511664
0.7185205030005031,19687,25,1,0,0,0,0.0,0.0,2025-Jan-29-19:36:26.566606
0.7185205030005031,19688,25,1,0,0,0,0.0,0.0,2025-Jan-29-19:36:26.635329
0.5921787662199604,19689,25,1,0,0,1,0.0,1.9000000000000001,2025-Jan-29-19:36:26.747283
0.5921787662199604,19690,25,1,0,0,1,0.0,1.9000000000000001,2025-Jan-29-19:36:26.829386
0.5921787662199604,19691,25,1,0,0,1,0.0,1.9000000000000001,2025-Jan-29-19:36:26.903062
0.5921787662199604,19692,25,1,0,0,1,0.0,1.9000000000000001,2025-Jan-29-19:36:26.975468
0.5921787662199604,19693,25,1,0,0,1,0.0,1.9000000000000001,2025-Jan-29-19:36:27.047289
0.629780506117975,19694,25,1,0,-1,1,0.0,1.9000000000000001,2025-Jan-29-19:36:27.130950
0.629780506117975,19695,25,1,0,-1,1,0.0,1.9000000000000001,2025-Jan-29-19:36:27.215558
0.629780506117975,19696,25,1,0,-1,1,0.0,1.9000000000000001,2025-Jan-29-19:36:27.299539
0.629780506117975,19697,25,1,0,-1,1,0.0,1.9000000000000001,2025-Jan-29-19:36:27.384432
0.629780506117975,19698,25,1,0,-1,1,0.0,1.9000000000000001,2025-Jan-29-19:36:27.468539
0.7561122308552579,19699,25,1,0,-1,0,0.0,0.0,2025-Jan-29-19:36:27.524296
0.7561122308552579,19700,25,1,0,-1,0,0.0,0.0,2025-Jan-29-19:36:27.608088
0.7561122308552579,19701,25,1,0,-1,0,0.0,0.0,2025-Jan-29-19:36:27.702602
0.7561122308552579,19702,25,1,0,-1,0,0.0,0.0,2025-Jan-29-19:36:27.779414
0.7561122308552579,19703,25,1,0,-1,0,0.0,0.0,2025-Jan-29-19:36:27.843547
0.629780506117975,19704,25,1,0,-1,1,0.0,1.9000000000000001,2025-Jan-29-19:36:27.929400
0.5921787662199604,19705,25,1,0,0,1,0.0,1.9000000000000001,2025-Jan-29-19:36:28.001629
0.5921787662199604,19706,25,1,0,0,1,0.0,1.9000000000000001,2025-Jan-29-19:36:28.073052
0.5921787662199604,19707,25,1,0,0,1,0.0,1.9000000000000001,2025-Jan-29-19:36:28.145566
0.5921787662199604,19708,25,1,0,0,1,0.0,1.9000000000000001,2025-Jan-29-19:36:28.216964
0.7561122308552579,19709,25,1,0,-1,0,0.0,0.0,2025-Jan-29-19:36:28.273446
0.7185205030005031,19710,25,1,0,0,0,0.0,0.0,2025-Jan-29-19:36:28.315710
0.7185205030005031,19711,25,1,0,0,0,0.0,0.0,2025-Jan-29-19:36:28.358925
0.7185205030005031,19712,25,1,0,0,0,0.0,0.0,2025-Jan-29-19:36:28.402073
0.7185205030005031,19713,25,1,0,0,0,0.0,0.0,2025-Jan-29-19:36:28.445386
0.8060591477019475,19714,25,1,0,0,-1,0.0,0.0,2025-Jan-29-19:36:28.500702
0.8060591477019475,19715,25,1,0,0,-1,0.0,0.0,2025-Jan-29-19:36:28.581014
0.8060591477019475,19716,25,1,0,0,-1,0.0,0.0,2025-Jan-29-19:36:28.681336
0.8060591477019475,19717,25,1,0,0,-1,0.0,0.0,2025-Jan-29-19:36:28.775449
0.8060591477019475,19718,25,1,0,0,-1,0.0,0.0,2025-Jan-29-19:36:28.834231
0.7185205030005031,19719,25,1,0,0,0,0.0,0.0,2025-Jan-29-19:36:29.068923
0.7185205030005031,19720,25,1,0,0,0,0.0,0.0,2025-Jan-29-19:36:29.113513
0.7185205030005031,19721,25,1,0,0,0,0.0,0.0,2025-Jan-29-19:36:29.157677
0.7185205030005031,19722,25,1,0,0,0,0.0,0.0,2025-Jan-29-19:36:29.201060
0.7185205030005031,19723,25,1,0,0,0,0.0,0.0,2025-Jan-29-19:36:29.244606
0.7185205030005031,19724,25,1,0,0,0,0.0,0.0,2025-Jan-29-19:36:29.288250
0.7185205030005031,19725,25,1,0,0,0,0.0,0.0,2025-Jan-29-19:36:29.332375
0.7185205030005031,19726,25,1,0,0,0,0.0,0.0,2025-Jan-29-19:36:29.375384
0.7185205030005031,19727,25,1,0,0,0,0.0,0.0,2025-Jan-29-19:36:29.418567
0.7185205030005031,19728,25,1,0,0,0,0.0,0.0,2025-Jan-29-19:36:29.462376
0.7185205030005031,19729,25,1,0,0,0,0.0,0.0,2025-Jan-29-19:36:29.505767
0.7185205030005031,19730,25,1,0,0,0,0.0,0.0,2025-Jan-29-19:36:29.566292
0.7185205030005031,19731,25,1,0,0,0,0.0,0.0,2025-Jan-29-19:36:29.644091
0.7185205030005031,19732,25,1,0,0,0,0.0,0.0,2025-Jan-29-19:36:29.723618
0.7185205030005031,19733,25,1,0,0,0,0.0,0.0,2025-Jan-29-19:36:29.782016
0.7185205030005031,19734,25,1,0,0,0,0.0,0.0,2025-Jan-29-19:36:29.827419
0.7185205030005031,19735,25,1,0,0,0,0.0,0.0,2025-Jan-29-19:36:29.871043
0.7185205030005031,19736,25,1,0,0,0,0.0,0.0,2025-Jan-29-19:36:29.914364
0.7185205030005031,19737,25,1,0,0,0,0.0,0.0,2025-Jan-29-19:36:29.957904
0.7185205030005031,19738,25,1,0,0,0,0.0,0.0,2025-Jan-29-19:36:30.001227
0.7185205030005031,19739,25,1,0,0,0,0.0,0.0,2025-Jan-29-19:36:30.044372
0.7185205030005031,19740,25,1,0,0,0,0.0,0.0,2025-Jan-29-19:36:30.088054
0.7185205030005031,19741,25,1,0,0,0,0.0,0.0,2025-Jan-29-19:36:30.131376
0.7185205030005031,19742,25,1,0,0,0,0.0,0.0,2025-Jan-29-19:36:30.175666
0.7185205030005031,19743,25,1,0,0,0,0.0,0.0,2025-Jan-29-19:36:30.220590
0.7185205030005031,19744,25,1,0,0,0,0.0,0.0,2025-Jan-29-19:36:30.264258
0.7185205030005031,19745,25,1,0,0,0,0.0,0.0,2025-Jan-29-19:36:30.307553
0.7185205030005031,19746,25,1,0,0,0,0.0,0.0,2025-Jan-29-19:36:30.351348
0.7185205030005031,19747,25,1,0,0,0,0.0,0.0,2025-Jan-29-19:36:30.394672
0.7185205030005031,19748,25,1,0,0,0,0.0,0.0,2025-Jan-29-19:36:30.438082
0.7185205030005031,19749,25,1,0,0,0,0.0,0.0,2025-Jan-29-19:36:30.481481
0.7185205030005031,19750,25,1,0,0,0,0.0,0.0,2025-Jan-29-19:36:30.527267
0.7185205030005031,19751,25,1,0,0,0,0.0,0.0,2025-Jan-29-19:36:30.588017
0.7185205030005031,19752,25,1,0,0,0,0.0,0.0,2025-Jan-29-19:36:30.651740
0.7185205030005031,19753,25,1,0,0,0,0.0,0.0,2025-Jan-29-19:36:30.732371
0.7561122308552579,19754,25,1,0,-1,0,0.0,0.0,2025-Jan-29-19:36:30.814144
1.161059787788528,19755,25,1,1,0,-1,0.0,0.0,2025-Jan-29-19:36:30.878435
0.7185205030005031,19756,25,1,0,0,0,0.0,0.0,2025-Jan-29-19:36:30.923283
0.6298883869405699,19757,25,1,0,1,-1,1.9000000000000001,0.0,2025-Jan-29-19:36:31.009820
0.8973579620796409,19758,25,1,1,1,0,1.9000000000000001,0.0,2025-Jan-29-19:36:31.083540
0.9471794063316156,19759,25,1,1,0,1,0.0,1.9000000000000001,2025-Jan-29-19:36:31.161398
0.629780506117975,19760,25,1,0,-1,1,0.0,1.9000000000000001,2025-Jan-29-19:36:31.246977
0.4160201626761834,19761,25,1,0,1,1,1.9000000000000001,1.9000000000000001,2025-Jan-29-19:36:31.345611
1.161059787788528,19762,25,1,1,0,-1,0.0,0.0,2025-Jan-29-19:36:31.408182
0.9848890270480929,19763,25,1,1,1,-1,1.9000000000000001,0.0,2025-Jan-29-19:36:31.499606
0.7185205030005031,19764,25,1,0,0,0,0.0,0.0,2025-Jan-29-19:36:31.547241
1.0735211430969913,19765,25,1,1,0,0,0.0,0.0,2025-Jan-29-19:36:31.635159
0.9471794063316156,19766,25,1,1,0,1,0.0,1.9000000000000001,2025-Jan-29-19:36:31.758743
0.7185205030005031,19767,25,1,0,0,0,0.0,0.0,2025-Jan-29-19:36:31.824474
1.1111128709475113,19768,25,1,1,-1,0,0.0,0.0,2025-Jan-29-19:36:31.886095
1.0735211430969913,19769,25,1,1,0,0,0.0,0.0,2025-Jan-29-19:36:31.932398
1.161059787788528,19770,25,1,1,0,-1,0.0,0.0,2025-Jan-29-19:36:31.987832
0.5423573219619376,19771,25,1,0,1,0,1.9000000000000001,0.0,2025-Jan-29-19:36:32.059256
1.161059787788528,19772,25,1,1,0,-1,0.0,0.0,2025-Jan-29-19:36:32.124431
0.7185205030005031,19773,25,1,0,0,0,0.0,0.0,2025-Jan-29-19:36:32.176988
0.7561122308552579,19774,25,1,0,-1,0,0.0,0.0,2025-Jan-29-19:36:32.234711
0.6298883869405699,19775,25,1,0,1,-1,1.9000000000000001,0.0,2025-Jan-29-19:36:32.319024
0.8973579620796409,19776,25,1,1,1,0,1.9000000000000001,0.0,2025-Jan-29-19:36:32.390507
0.5423573219619376,19777,25,1,0,1,0,1.9000000000000001,0.0,2025-Jan-29-19:36:32.461874
0.5423573219619376,19778,25,1,0,1,0,1.9000000000000001,0.0,2025-Jan-29-19:36:32.533334
0.8060591477019475,19779,25,1,0,0,-1,0.0,0.0,2025-Jan-29-19:36:32.599621
0.8060591477019475,19780,25,1,0,0,-1,0.0,0.0,2025-Jan-29-19:36:32.693684
0.8060591477019475,19781,25,1,0,0,-1,0.0,0.0,2025-Jan-29-19:36:32.771906
0.8060591477019475,19782,25,1,0,0,-1,0.0,0.0,2025-Jan-29-19:36:32.828657
0.8060591477019475,19783,25,1,0,0,-1,0.0,0.0,2025-Jan-29-19:36:32.886879
0.8060591477019475,19784,25,1,0,0,-1,0.0,0.0,2025-Jan-29-19:36:32.942322
0.8060591477019475,19785,25,1,0,0,-1,0.0,0.0,2025-Jan-29-19:36:32.997625
0.8060591477019475,19786,25,1,0,0,-1,0.0,0.0,2025-Jan-29-19:36:33.053297
0.5921787662199604,19787,25,1,0,0,1,0.0,1.9000000000000001,2025-Jan-29-19:36:33.125030
0.5921787662199604,19788,25,1,0,0,1,0.0,1.9000000000000001,2025-Jan-29-19:36:33.196259
0.7185205030005031,19789,25,1,0,0,0,0.0,0.0,2025-Jan-29-19:36:33.239976
0.7185205030005031,19790,25,1,0,0,0,0.0,0.0,2025-Jan-29-19:36:33.283252
0.7185205030005031,19791,25,1,0,0,0,0.0,0.0,2025-Jan-29-19:36:33.326689
0.7185205030005031,19792,25,1,0,0,0,0.0,0.0,2025-Jan-29-19:36:33.370021
0.7185205030005031,19793,25,1,0,0,0,0.0,0.0,2025-Jan-29-19:36:33.413055
0.7185205030005031,19794,25,1,0,0,0,0.0,0.0,2025-Jan-29-19:36:33.456083
0.7185205030005031,19795,25,1,0,0,0,0.0,0.0,2025-Jan-29-19:36:33.499279
0.7185205030005031,19796,25,1,0,0,0,0.0,0.0,2025-Jan-29-19:36:33.542363
0.7185205030005031,19797,25,1,0,0,0,0.0,0.0,2025-Jan-29-19:36:33.603688
0.7185205030005031,19798,25,1,0,0,0,0.0,0.0,2025-Jan-29-19:36:33.673831
0.4160201626761834,19799,25,1,0,1,1,1.9000000000000001,1.9000000000000001,2025-Jan-29-19:36:33.801314
0.4160201626761834,19800,25,1,0,1,1,1.9000000000000001,1.9000000000000001,2025-Jan-29-19:36:33.900373
0.5423573219619376,19801,25,1,0,1,0,1.9000000000000001,0.0,2025-Jan-29-19:36:33.972996
0.5423573219619376,19802,25,1,0,1,0,1.9000000000000001,0.0,2025-Jan-29-19:36:34.045320
0.7561122308552579,19803,25,1,0,-1,0,0.0,0.0,2025-Jan-29-19:36:34.101889
0.7561122308552579,19804,25,1,0,-1,0,0.0,0.0,2025-Jan-29-19:36:34.158266
0.7561122308552579,19805,25,1,0,-1,0,0.0,0.0,2025-Jan-29-19:36:34.213885
0.7561122308552579,19806,25,1,0,-1,0,0.0,0.0,2025-Jan-29-19:36:34.451009
0.7561122308552579,19807,25,1,0,-1,0,0.0,0.0,2025-Jan-29-19:36:34.508078
0.7561122308552579,19808,25,1,0,-1,0,0.0,0.0,2025-Jan-29-19:36:34.589329
0.7561122308552579,19809,25,1,0,-1,0,0.0,0.0,2025-Jan-29-19:36:34.673900
0.7561122308552579,19810,25,1,0,-1,0,0.0,0.0,2025-Jan-29-19:36:34.758209
0.7561122308552579,19811,25,1,0,-1,0,0.0,0.0,2025-Jan-29-19:36:34.816857
0.7561122308552579,19812,25,1,0,-1,0,0.0,0.0,2025-Jan-29-19:36:34.872498
0.7561122308552579,19813,25,1,0,-1,0,0.0,0.0,2025-Jan-29-19:36:34.928872
0.7561122308552579,19814,25,1,0,-1,0,0.0,0.0,2025-Jan-29-19:36:34.984272
0.7561122308552579,19815,25,1,0,-1,0,0.0,0.0,2025-Jan-29-19:36:35.040377
0.7185205030005031,19816,25,1,0,0,0,0.0,0.0,2025-Jan-29-19:36:35.083830
0.7561122308552579,19817,25,1,0,-1,0,0.0,0.0,2025-Jan-29-19:36:35.141138
0.7561122308552579,19818,25,1,0,-1,0,0.0,0.0,2025-Jan-29-19:36:35.197004
0.7561122308552579,19819,25,1,0,-1,0,0.0,0.0,2025-Jan-29-19:36:35.253104
0.7561122308552579,19820,25,1,0,-1,0,0.0,0.0,2025-Jan-29-19:36:35.308768
0.7561122308552579,19821,25,1,0,-1,0,0.0,0.0,2025-Jan-29-19:36:35.365637
0.7561122308552579,19822,25,1,0,-1,0,0.0,0.0,2025-Jan-29-19:36:35.421036
0.7561122308552579,19823,25,1,0,-1,0,0.0,0.0,2025-Jan-29-19:36:35.476961
0.7561122308552579,19824,25,1,0,-1,0,0.0,0.0,2025-Jan-29-19:36:35.532563
0.7561122308552579,19825,25,1,0,-1,0,0.0,0.0,2025-Jan-29-19:36:35.608926
0.7561122308552579,19826,25,1,0,-1,0,0.0,0.0,2025-Jan-29-19:36:35.699947
0.7561122308552579,19827,25,1,0,-1,0,0.0,0.0,2025-Jan-29-19:36:35.786447
0.7561122308552579,19828,25,1,0,-1,0,0.0,0.0,2025-Jan-29-19:36:35.841931
0.7185205030005031,19829,25,1,0,0,0,0.0,0.0,2025-Jan-29-19:36:35.886409
0.7185205030005031,19830,25,1,0,0,0,0.0,0.0,2025-Jan-29-19:36:35.931900
0.7185205030005031,19831,25,1,0,0,0,0.0,0.0,2025-Jan-29-19:36:35.977097
0.7185205030005031,19832,25,1,0,0,0,0.0,0.0,2025-Jan-29-19:36:36.021859
0.7185205030005031,19833,25,1,0,0,0,0.0,0.0,2025-Jan-29-19:36:36.066712
0.7185205030005031,19834,25,1,0,0,0,0.0,0.0,2025-Jan-29-19:36:36.111640
0.7185205030005031,19835,25,1,0,0,0,0.0,0.0,2025-Jan-29-19:36:36.156561
0.7185205030005031,19836,25,1,0,0,0,0.0,0.0,2025-Jan-29-19:36:36.201561
0.7185205030005031,19837,25,1,0,0,0,0.0,0.0,2025-Jan-29-19:36:36.247985
0.7185205030005031,19838,25,1,0,0,0,0.0,0.0,2025-Jan-29-19:36:36.293244
0.5423573219619376,19839,25,1,0,1,0,1.9000000000000001,0.0,2025-Jan-29-19:36:36.367545
0.5423573219619376,19840,25,1,0,1,0,1.9000000000000001,0.0,2025-Jan-29-19:36:36.441838
0.5423573219619376,19841,25,1,0,1,0,1.9000000000000001,0.0,2025-Jan-29-19:36:36.516207
0.7561122308552579,19842,25,1,0,-1,0,0.0,0.0,2025-Jan-29-19:36:36.609416
0.5423573219619376,19843,25,1,0,1,0,1.9000000000000001,0.0,2025-Jan-29-19:36:36.721040
0.7561122308552579,19844,25,1,0,-1,0,0.0,0.0,2025-Jan-29-19:36:36.806815
0.7561122308552579,19845,25,1,0,-1,0,0.0,0.0,2025-Jan-29-19:36:36.866946
0.7561122308552579,19846,25,1,0,-1,0,0.0,0.0,2025-Jan-29-19:36:36.924280
0.7561122308552579,19847,25,1,0,-1,0,0.0,0.0,2025-Jan-29-19:36:36.981744
0.7561122308552579,19848,25,1,0,-1,0,0.0,0.0,2025-Jan-29-19:36:37.039446
0.7185205030005031,19849,25,1,0,0,0,0.0,0.0,2025-Jan-29-19:36:37.084408
0.7185205030005031,19850,25,1,0,0,0,0.0,0.0,2025-Jan-29-19:36:37.129598
0.7185205030005031,19851,25,1,0,0,0,0.0,0.0,2025-Jan-29-19:36:37.174409
0.7185205030005031,19852,25,1,0,0,0,0.0,0.0,2025-Jan-29-19:36:37.219798
0.7185205030005031,19853,25,1,0,0,0,0.0,0.0,2025-Jan-29-19:36:37.264959
0.7185205030005031,19854,25,1,0,0,0,0.0,0.0,2025-Jan-29-19:36:37.309424
0.7185205030005031,19855,25,1,0,0,0,0.0,0.0,2025-Jan-29-19:36:37.358564
0.7185205030005031,19856,25,1,0,0,0,0.0,0.0,2025-Jan-29-19:36:37.402951
0.7185205030005031,19857,25,1,0,0,0,0.0,0.0,2025-Jan-29-19:36:37.445963
0.7185205030005031,19858,25,1,0,0,0,0.0,0.0,2025-Jan-29-19:36:37.489235
0.7185205030005031,19859,25,1,0,0,0,0.0,0.0,2025-Jan-29-19:36:37.532207
0.7185205030005031,19860,25,1,0,0,0,0.0,0.0,2025-Jan-29-19:36:37.586685
0.7185205030005031,19861,25,1,0,0,0,0.0,0.0,2025-Jan-29-19:36:37.650530
0.7185205030005031,19862,25,1,0,0,0,0.0,0.0,2025-Jan-29-19:36:37.722537
0.7185205030005031,19863,25,1,0,0,0,0.0,0.0,2025-Jan-29-19:36:37.789825
0.7185205030005031,19864,25,1,0,0,0,0.0,0.0,2025-Jan-29-19:36:37.836040
0.7185205030005031,19865,25,1,0,0,0,0.0,0.0,2025-Jan-29-19:36:37.879182
0.7185205030005031,19866,25,1,0,0,0,0.0,0.0,2025-Jan-29-19:36:37.924465
0.7185205030005031,19867,25,1,0,0,0,0.0,0.0,2025-Jan-29-19:36:37.968149
0.7185205030005031,19868,25,1,0,0,0,0.0,0.0,2025-Jan-29-19:36:38.190961
0.7561122308552579,19869,25,1,0,-1,0,0.0,0.0,2025-Jan-29-19:36:38.247495
0.7561122308552579,19870,25,1,0,-1,0,0.0,0.0,2025-Jan-29-19:36:38.303699
0.7561122308552579,19871,25,1,0,-1,0,0.0,0.0,2025-Jan-29-19:36:38.360045
0.7561122308552579,19872,25,1,0,-1,0,0.0,0.0,2025-Jan-29-19:36:38.415658
0.7185205030005031,19873,25,1,0,0,0,0.0,0.0,2025-Jan-29-19:36:38.459152
0.7185205030005031,19874,25,1,0,0,0,0.0,0.0,2025-Jan-29-19:36:38.502580
0.7185205030005031,19875,25,1,0,0,0,0.0,0.0,2025-Jan-29-19:36:38.545352
0.7185205030005031,19876,25,1,0,0,0,0.0,0.0,2025-Jan-29-19:36:38.627913
0.7185205030005031,19877,25,1,0,0,0,0.0,0.0,2025-Jan-29-19:36:38.687158
0.7185205030005031,19878,25,1,0,0,0,0.0,0.0,2025-Jan-29-19:36:38.759441
0.5423573219619376,19879,25,1,0,1,0,1.9000000000000001,0.0,2025-Jan-29-19:36:38.838179
0.5423573219619376,19880,25,1,0,1,0,1.9000000000000001,0.0,2025-Jan-29-19:36:38.910165
0.5423573219619376,19881,25,1,0,1,0,1.9000000000000001,0.0,2025-Jan-29-19:36:38.983235
0.5423573219619376,19882,25,1,0,1,0,1.9000000000000001,0.0,2025-Jan-29-19:36:39.054970
0.7185205030005031,19883,25,1,0,0,0,0.0,0.0,2025-Jan-29-19:36:39.097719
0.5423573219619376,19884,25,1,0,1,0,1.9000000000000001,0.0,2025-Jan-29-19:36:39.169280
0.5423573219619376,19885,25,1,0,1,0,1.9000000000000001,0.0,2025-Jan-29-19:36:39.240753
0.5423573219619376,19886,25,1,0,1,0,1.9000000000000001,0.0,2025-Jan-29-19:36:39.311689
0.5423573219619376,19887,25,1,0,1,0,1.9000000000000001,0.0,2025-Jan-29-19:36:39.385440
0.5423573219619376,19888,25,1,0,1,0,1.9000000000000001,0.0,2025-Jan-29-19:36:39.456547
0.5423573219619376,19889,25,1,0,1,0,1.9000000000000001,0.0,2025-Jan-29-19:36:39.527897
0.5423573219619376,19890,25,1,0,1,0,1.9000000000000001,0.0,2025-Jan-29-19:36:39.614332
0.5423573219619376,19891,25,1,0,1,0,1.9000000000000001,0.0,2025-Jan-29-19:36:39.712789
0.5423573219619376,19892,25,1,0,1,0,1.9000000000000001,0.0,2025-Jan-29-19:36:39.803883
0.5423573219619376,19893,25,1,0,1,0,1.9000000000000001,0.0,2025-Jan-29-19:36:39.879254
0.5921787662199604,19894,25,1,0,0,1,0.0,1.9000000000000001,2025-Jan-29-19:36:39.950654
0.5921787662199604,19895,25,1,0,0,1,0.0,1.9000000000000001,2025-Jan-29-19:36:40.022225
0.5921787662199604,19896,25,1,0,0,1,0.0,1.9000000000000001,2025-Jan-29-19:36:40.094356
0.5921787662199604,19897,25,1,0,0,1,0.0,1.9000000000000001,2025-Jan-29-19:36:40.166289
0.5921787662199604,19898,25,1,0,0,1,0.0,1.9000000000000001,2025-Jan-29-19:36:40.237363
0.7185205030005031,19899,25,1,0,0,0,0.0,0.0,2025-Jan-29-19:36:40.280271
0.7185205030005031,19900,25,1,0,0,0,0.0,0.0,2025-Jan-29-19:36:40.322827
0.7185205030005031,19901,25,1,0,0,0,0.0,0.0,2025-Jan-29-19:36:40.366992
0.7185205030005031,19902,25,1,0,0,0,0.0,0.0,2025-Jan-29-19:36:40.411464
0.7185205030005031,19903,25,1,0,0,0,0.0,0.0,2025-Jan-29-19:36:40.454880
0.7185205030005031,19904,25,1,0,0,0,0.0,0.0,2025-Jan-29-19:36:40.497890
0.7185205030005031,19905,25,1,0,0,0,0.0,0.0,2025-Jan-29-19:36:40.540618
0.7185205030005031,19906,25,1,0,0,0,0.0,0.0,2025-Jan-29-19:36:40.603047
0.7185205030005031,19907,25,1,0,0,0,0.0,0.0,2025-Jan-29-19:36:40.675066
0.7185205030005031,19908,25,1,0,0,0,0.0,0.0,2025-Jan-29-19:36:40.744551
0.5921787662199604,19909,25,1,0,0,1,0.0,1.9000000000000001,2025-Jan-29-19:36:40.834904
0.8060591477019475,19910,25,1,0,0,-1,0.0,0.0,2025-Jan-29-19:36:40.891590
0.8060591477019475,19911,25,1,0,0,-1,0.0,0.0,2025-Jan-29-19:36:40.946768
0.8060591477019475,19912,25,1,0,0,-1,0.0,0.0,2025-Jan-29-19:36:41.002349
0.7185205030005031,19913,25,1,0,0,0,0.0,0.0,2025-Jan-29-19:36:41.044953
0.5921787662199604,19914,25,1,0,0,1,0.0,1.9000000000000001,2025-Jan-29-19:36:41.122865
0.5921787662199604,19915,25,1,0,0,1,0.0,1.9000000000000001,2025-Jan-29-19:36:41.195999
0.5921787662199604,19916,25,1,0,0,1,0.0,1.9000000000000001,2025-Jan-29-19:36:41.267664
0.5921787662199604,19917,25,1,0,0,1,0.0,1.9000000000000001,2025-Jan-29-19:36:41.339011
0.5921787662199604,19918,25,1,0,0,1,0.0,1.9000000000000001,2025-Jan-29-19:36:41.410449
0.629780506117975,19919,25,1,0,-1,1,0.0,1.9000000000000001,2025-Jan-29-19:36:41.493346
0.629780506117975,19920,25,1,0,-1,1,0.0,1.9000000000000001,2025-Jan-29-19:36:41.596463
0.629780506117975,19921,25,1,0,-1,1,0.0,1.9000000000000001,2025-Jan-29-19:36:41.718617
0.7561122308552579,19922,25,1,0,-1,0,0.0,0.0,2025-Jan-29-19:36:41.798090
0.7561122308552579,19923,25,1,0,-1,0,0.0,0.0,2025-Jan-29-19:36:41.854037
0.7561122308552579,19924,25,1,0,-1,0,0.0,0.0,2025-Jan-29-19:36:41.909292
0.7561122308552579,19925,25,1,0,-1,0,0.0,0.0,2025-Jan-29-19:36:41.964435
0.7185205030005031,19926,25,1,0,0,0,0.0,0.0,2025-Jan-29-19:36:42.007613
0.7185205030005031,19927,25,1,0,0,0,0.0,0.0,2025-Jan-29-19:36:42.050393
0.7185205030005031,19928,25,1,0,0,0,0.0,0.0,2025-Jan-29-19:36:42.093324
0.7185205030005031,19929,25,1,0,0,0,0.0,0.0,2025-Jan-29-19:36:42.135802
0.7185205030005031,19930,25,1,0,0,0,0.0,0.0,2025-Jan-29-19:36:42.178742
0.7185205030005031,19931,25,1,0,0,0,0.0,0.0,2025-Jan-29-19:36:42.221430
0.7185205030005031,19932,25,1,0,0,0,0.0,0.0,2025-Jan-29-19:36:42.264258
0.7185205030005031,19933,25,1,0,0,0,0.0,0.0,2025-Jan-29-19:36:42.306928
0.5921787662199604,19934,25,1,0,0,1,0.0,1.9000000000000001,2025-Jan-29-19:36:42.379104
0.7185205030005031,19935,25,1,0,0,0,0.0,0.0,2025-Jan-29-19:36:42.421640
0.7185205030005031,19936,25,1,0,0,0,0.0,0.0,2025-Jan-29-19:36:42.465003
0.7185205030005031,19937,25,1,0,0,0,0.0,0.0,2025-Jan-29-19:36:42.507602
0.7185205030005031,19938,25,1,0,0,0,0.0,0.0,2025-Jan-29-19:36:42.568369
0.8060591477019475,19939,25,1,0,0,-1,0.0,0.0,2025-Jan-29-19:36:42.658992
0.8060591477019475,19940,25,1,0,0,-1,0.0,0.0,2025-Jan-29-19:36:42.762293
0.8060591477019475,19941,25,1,0,0,-1,0.0,0.0,2025-Jan-29-19:36:42.825542
0.8060591477019475,19942,25,1,0,0,-1,0.0,0.0,2025-Jan-29-19:36:42.883578
0.8060591477019475,19943,25,1,0,0,-1,0.0,0.0,2025-Jan-29-19:36:42.939652
0.5423573219619376,19944,25,1,0,1,0,1.9000000000000001,0.0,2025-Jan-29-19:36:43.011031
0.5423573219619376,19945,25,1,0,1,0,1.9000000000000001,0.0,2025-Jan-29-19:36:43.082663
0.5423573219619376,19946,25,1,0,1,0,1.9000000000000001,0.0,2025-Jan-29-19:36:43.328602
0.7185205030005031,19947,25,1,0,0,0,0.0,0.0,2025-Jan-29-19:36:43.373255
0.7185205030005031,19948,25,1,0,0,0,0.0,0.0,2025-Jan-29-19:36:43.416515
0.6298883869405699,19949,25,1,0,1,-1,1.9000000000000001,0.0,2025-Jan-29-19:36:43.500447
0.5423573219619376,19950,25,1,0,1,0,1.9000000000000001,0.0,2025-Jan-29-19:36:43.587774
0.5423573219619376,19951,25,1,0,1,0,1.9000000000000001,0.0,2025-Jan-29-19:36:43.694112
0.5423573219619376,19952,25,1,0,1,0,1.9000000000000001,0.0,2025-Jan-29-19:36:43.794392
0.5423573219619376,19953,25,1,0,1,0,1.9000000000000001,0.0,2025-Jan-29-19:36:43.866890
0.8436562666978078,19954,25,1,0,-1,-1,0.0,0.0,2025-Jan-29-19:36:43.935099
0.7561122308552579,19955,25,1,0,-1,0,0.0,0.0,2025-Jan-29-19:36:43.990970
0.9760242519712691,19956,25,1,1,-1,1,0.0,1.9000000000000001,2025-Jan-29-19:36:44.075822
0.629780506117975,19957,25,1,0,-1,1,0.0,1.9000000000000001,2025-Jan-29-19:36:44.160327
0.4160201626761834,19958,25,1,0,1,1,1.9000000000000001,1.9000000000000001,2025-Jan-29-19:36:44.254737
1.0735211430969913,19959,25,1,1,0,0,0.0,0.0,2025-Jan-29-19:36:44.298154
0.8060591477019475,19960,25,1,0,0,-1,0.0,0.0,2025-Jan-29-19:36:44.354012
0.6298883869405699,19961,25,1,0,1,-1,1.9000000000000001,0.0,2025-Jan-29-19:36:44.438026
1.1111128709475113,19962,25,1,1,-1,0,0.0,0.0,2025-Jan-29-19:36:44.493342
0.8060591477019475,19963,25,1,0,0,-1,0.0,0.0,2025-Jan-29-19:36:44.567113
0.6298883869405699,19964,25,1,0,1,-1,1.9000000000000001,0.0,2025-Jan-29-19:36:44.689180
0.7185205030005031,19965,25,1,0,0,0,0.0,0.0,2025-Jan-29-19:36:44.759356
1.0735211430969913,19966,25,1,1,0,0,0.0,0.0,2025-Jan-29-19:36:44.807843
0.5921787662199604,19967,25,1,0,0,1,0.0,1.9000000000000001,2025-Jan-29-19:36:44.879850
0.5921787662199604,19968,25,1,0,0,1,0.0,1.9000000000000001,2025-Jan-29-19:36:44.951302
0.8060591477019475,19969,25,1,0,0,-1,0.0,0.0,2025-Jan-29-19:36:45.007299
0.5423573219619376,19970,25,1,0,1,0,1.9000000000000001,0.0,2025-Jan-29-19:36:45.079605
1.1111128709475113,19971,25,1,1,-1,0,0.0,0.0,2025-Jan-29-19:36:45.135418
0.7710208028095181,19972,25,1,1,1,1,1.9000000000000001,1.9000000000000001,2025-Jan-29-19:36:45.230737
0.7710208028095181,19973,25,1,1,1,1,1.9000000000000001,1.9000000000000001,2025-Jan-29-19:36:45.328049
0.7185205030005031,19974,25,1,0,0,0,0.0,0.0,2025-Jan-29-19:36:45.372940
0.5423573219619376,19975,25,1,0,1,0,1.9000000000000001,0.0,2025-Jan-29-19:36:45.445026
0.5921787662199604,19976,25,1,0,0,1,0.0,1.9000000000000001,2025-Jan-29-19:36:45.516523
0.9848890270480929,19977,25,1,1,1,-1,1.9000000000000001,0.0,2025-Jan-29-19:36:45.632492
1.0735211430969913,19978,25,1,1,0,0,0.0,0.0,2025-Jan-29-19:36:45.701247
0.5921787662199604,19979,25,1,0,0,1,0.0,1.9000000000000001,2025-Jan-29-19:36:45.806414
0.5921787662199604,19980,25,1,0,0,1,0.0,1.9000000000000001,2025-Jan-29-19:36:45.880524
0.5921787662199604,19981,25,1,0,0,1,0.0,1.9000000000000001,2025-Jan-29-19:36:45.952253
0.5921787662199604,19982,25,1,0,0,1,0.0,1.9000000000000001,2025-Jan-29-19:36:46.023887
0.5921787662199604,19983,25,1,0,0,1,0.0,1.9000000000000001,2025-Jan-29-19:36:46.096908
0.5921787662199604,19984,25,1,0,0,1,0.0,1.9000000000000001,2025-Jan-29-19:36:46.168815
0.5921787662199604,19985,25,1,0,0,1,0.0,1.9000000000000001,2025-Jan-29-19:36:46.240162
0.5921787662199604,19986,25,1,0,0,1,0.0,1.9000000000000001,2025-Jan-29-19:36:46.311923
0.5921787662199604,19987,25,1,0,0,1,0.0,1.9000000000000001,2025-Jan-29-19:36:46.383189
0.5921787662199604,19988,25,1,0,0,1,0.0,1.9000000000000001,2025-Jan-29-19:36:46.455062
0.7185205030005031,19989,25,1,0,0,0,0.0,0.0,2025-Jan-29-19:36:46.498788
0.7185205030005031,19990,25,1,0,0,0,0.0,0.0,2025-Jan-29-19:36:46.542407
0.7185205030005031,19991,25,1,0,0,0,0.0,0.0,2025-Jan-29-19:36:46.602796
0.7185205030005031,19992,25,1,0,0,0,0.0,0.0,2025-Jan-29-19:36:46.674398
0.7185205030005031,19993,25,1,0,0,0,0.0,0.0,2025-Jan-29-19:36:46.742307
0.7185205030005031,19994,25,1,0,0,0,0.0,0.0,2025-Jan-29-19:36:46.806128
0.7185205030005031,19995,25,1,0,0,0,0.0,0.0,2025-Jan-29-19:36:46.851356
0.7185205030005031,19996,25,1,0,0,0,0.0,0.0,2025-Jan-29-19:36:46.894906
0.7185205030005031,19997,25,1,0,0,0,0.0,0.0,2025-Jan-29-19:36:46.938413
0.7185205030005031,19998,25,1,0,0,0,0.0,0.0,2025-Jan-29-19:36:46.981820
0.7561122308552579,19999,25,1,0,-1,0,0.0,0.0,2025-Jan-29-19:36:47.037562
0.7561122308552579,20000,25,1,0,-1,0,0.0,0.0,2025-Jan-29-19:36:47.094473
0.7561122308552579,20001,25,1,0,-1,0,0.0,0.0,2025-Jan-29-19:36:47.161208
0.7561122308552579,20002,25,1,0,-1,0,0.0,0.0,2025-Jan-29-19:36:47.222371
0.7561122308552579,20003,25,1,0,-1,0,0.0,0.0,2025-Jan-29-19:36:47.279646
0.7561122308552579,20004,25,1,0,-1,0,0.0,0.0,2025-Jan-29-19:36:47.335616
0.7561122308552579,20005,25,1,0,-1,0,0.0,0.0,2025-Jan-29-19:36:47.391595
0.7561122308552579,20006,25,1,0,-1,0,0.0,0.0,2025-Jan-29-19:36:47.447022
0.7561122308552579,20007,25,1,0,-1,0,0.0,0.0,2025-Jan-29-19:36:47.501946
0.7561122308552579,20008,25,1,0,-1,0,0.0,0.0,2025-Jan-29-19:36:47.581625
0.4160201626761834,20009,25,1,0,1,1,1.9000000000000001,1.9000000000000001,2025-Jan-29-19:36:47.716489
0.4160201626761834,20010,25,1,0,1,1,1.9000000000000001,1.9000000000000001,2025-Jan-29-19:36:47.833000
0.4160201626761834,20011,25,1,0,1,1,1.9000000000000001,1.9000000000000001,2025-Jan-29-19:36:47.932139
0.4160201626761834,20012,25,1,0,1,1,1.9000000000000001,1.9000000000000001,2025-Jan-29-19:36:48.027364
0.4160201626761834,20013,25,1,0,1,1,1.9000000000000001,1.9000000000000001,2025-Jan-29-19:36:48.124268
0.4160201626761834,20014,25,1,0,1,1,1.9000000000000001,1.9000000000000001,2025-Jan-29-19:36:48.218999
0.4160201626761834,20015,25,1,0,1,1,1.9000000000000001,1.9000000000000001,2025-Jan-29-19:36:48.312451
0.4160201626761834,20016,25,1,0,1,1,1.9000000000000001,1.9000000000000001,2025-Jan-29-19:36:48.406331
0.4160201626761834,20017,25,1,0,1,1,1.9000000000000001,1.9000000000000001,2025-Jan-29-19:36:48.500589
0.4160201626761834,20018,25,1,0,1,1,1.9000000000000001,1.9000000000000001,2025-Jan-29-19:36:48.622314
0.7561122308552579,20019,25,1,0,-1,0,0.0,0.0,2025-Jan-29-19:36:48.714061
0.7561122308552579,20020,25,1,0,-1,0,0.0,0.0,2025-Jan-29-19:36:48.788696
0.7561122308552579,20021,25,1,0,-1,0,0.0,0.0,2025-Jan-29-19:36:49.030626
0.7561122308552579,20022,25,1,0,-1,0,0.0,0.0,2025-Jan-29-19:36:49.088155
0.7561122308552579,20023,25,1,0,-1,0,0.0,0.0,2025-Jan-29-19:36:49.144486
0.7561122308552579,20024,25,1,0,-1,0,0.0,0.0,2025-Jan-29-19:36:49.199800
0.7561122308552579,20025,25,1,0,-1,0,0.0,0.0,2025-Jan-29-19:36:49.257146
0.7561122308552579,20026,25,1,0,-1,0,0.0,0.0,2025-Jan-29-19:36:49.312770
0.7561122308552579,20027,25,1,0,-1,0,0.0,0.0,2025-Jan-29-19:36:49.369818
0.7561122308552579,20028,25,1,0,-1,0,0.0,0.0,2025-Jan-29-19:36:49.425206
0.7561122308552579,20029,25,1,0,-1,0,0.0,0.0,2025-Jan-29-19:36:49.480932
0.7561122308552579,20030,25,1,0,-1,0,0.0,0.0,2025-Jan-29-19:36:49.536176
0.7561122308552579,20031,25,1,0,-1,0,0.0,0.0,2025-Jan-29-19:36:49.603686
0.7561122308552579,20032,25,1,0,-1,0,0.0,0.0,2025-Jan-29-19:36:49.694322
0.7561122308552579,20033,25,1,0,-1,0,0.0,0.0,2025-Jan-29-19:36:49.778295
0.7561122308552579,20034,25,1,0,-1,0,0.0,0.0,2025-Jan-29-19:36:49.836839
0.7561122308552579,20035,25,1,0,-1,0,0.0,0.0,2025-Jan-29-19:36:49.892385
0.7561122308552579,20036,25,1,0,-1,0,0.0,0.0,2025-Jan-29-19:36:49.947501
0.7561122308552579,20037,25,1,0,-1,0,0.0,0.0,2025-Jan-29-19:36:50.002979
0.7561122308552579,20038,25,1,0,-1,0,0.0,0.0,2025-Jan-29-19:36:50.059057
0.7185205030005031,20039,25,1,0,0,0,0.0,0.0,2025-Jan-29-19:36:50.102088
0.7185205030005031,20040,25,1,0,0,0,0.0,0.0,2025-Jan-29-19:36:50.144970
0.7561122308552579,20041,25,1,0,-1,0,0.0,0.0,2025-Jan-29-19:36:50.199835
0.7561122308552579,20042,25,1,0,-1,0,0.0,0.0,2025-Jan-29-19:36:50.257076
0.7561122308552579,20043,25,1,0,-1,0,0.0,0.0,2025-Jan-29-19:36:50.312171
0.7561122308552579,20044,25,1,0,-1,0,0.0,0.0,2025-Jan-29-19:36:50.367808
0.7561122308552579,20045,25,1,0,-1,0,0.0,0.0,2025-Jan-29-19:36:50.423629
0.7561122308552579,20046,25,1,0,-1,0,0.0,0.0,2025-Jan-29-19:36:50.479173
0.7561122308552579,20047,25,1,0,-1,0,0.0,0.0,2025-Jan-29-19:36:50.534247
0.7561122308552579,20048,25,1,0,-1,0,0.0,0.0,2025-Jan-29-19:36:50.609392
0.7561122308552579,20049,25,1,0,-1,0,0.0,0.0,2025-Jan-29-19:36:50.706885
0.7561122308552579,20050,25,1,0,-1,0,0.0,0.0,2025-Jan-29-19:36:50.793189
0.7561122308552579,20051,25,1,0,-1,0,0.0,0.0,2025-Jan-29-19:36:50.854667
0.7561122308552579,20052,25,1,0,-1,0,0.0,0.0,2025-Jan-29-19:36:50.918840
0.7561122308552579,20053,25,1,0,-1,0,0.0,0.0,2025-Jan-29-19:36:50.976822
0.5423573219619376,20054,25,1,0,1,0,1.9000000000000001,0.0,2025-Jan-29-19:36:51.048676
0.5423573219619376,20055,25,1,0,1,0,1.9000000000000001,0.0,2025-Jan-29-19:36:51.119920
0.5423573219619376,20056,25,1,0,1,0,1.9000000000000001,0.0,2025-Jan-29-19:36:51.190936
0.5423573219619376,20057,25,1,0,1,0,1.9000000000000001,0.0,2025-Jan-29-19:36:51.264670
0.5423573219619376,20058,25,1,0,1,0,1.9000000000000001,0.0,2025-Jan-29-19:36:51.336270
0.7185205030005031,20059,25,1,0,0,0,0.0,0.0,2025-Jan-29-19:36:51.379858
0.7185205030005031,20060,25,1,0,0,0,0.0,0.0,2025-Jan-29-19:36:51.422728
0.7185205030005031,20061,25,1,0,0,0,0.0,0.0,2025-Jan-29-19:36:51.465449
0.7185205030005031,20062,25,1,0,0,0,0.0,0.0,2025-Jan-29-19:36:51.508397
0.7185205030005031,20063,25,1,0,0,0,0.0,0.0,2025-Jan-29-19:36:51.566329
0.7185205030005031,20064,25,1,0,0,0,0.0,0.0,2025-Jan-29-19:36:51.637299
0.7185205030005031,20065,25,1,0,0,0,0.0,0.0,2025-Jan-29-19:36:51.712575
0.7185205030005031,20066,25,1,0,0,0,0.0,0.0,2025-Jan-29-19:36:51.775555
0.7185205030005031,20067,25,1,0,0,0,0.0,0.0,2025-Jan-29-19:36:51.821868
0.7185205030005031,20068,25,1,0,0,0,0.0,0.0,2025-Jan-29-19:36:51.866153
0.7185205030005031,20069,25,1,0,0,0,0.0,0.0,2025-Jan-29-19:36:51.909428
0.7185205030005031,20070,25,1,0,0,0,0.0,0.0,2025-Jan-29-19:36:51.952453
0.7185205030005031,20071,25,1,0,0,0,0.0,0.0,2025-Jan-29-19:36:51.996705
0.7185205030005031,20072,25,1,0,0,0,0.0,0.0,2025-Jan-29-19:36:52.040069
0.7185205030005031,20073,25,1,0,0,0,0.0,0.0,2025-Jan-29-19:36:52.086085
0.7185205030005031,20074,25,1,0,0,0,0.0,0.0,2025-Jan-29-19:36:52.129121
0.7185205030005031,20075,25,1,0,0,0,0.0,0.0,2025-Jan-29-19:36:52.172541
0.7185205030005031,20076,25,1,0,0,0,0.0,0.0,2025-Jan-29-19:36:52.215587
0.7185205030005031,20077,25,1,0,0,0,0.0,0.0,2025-Jan-29-19:36:52.259088
0.7185205030005031,20078,25,1,0,0,0,0.0,0.0,2025-Jan-29-19:36:52.302143
0.7185205030005031,20079,25,1,0,0,0,0.0,0.0,2025-Jan-29-19:36:52.345614
0.7185205030005031,20080,25,1,0,0,0,0.0,0.0,2025-Jan-29-19:36:52.389070
0.7185205030005031,20081,25,1,0,0,0,0.0,0.0,2025-Jan-29-19:36:52.432872
0.7185205030005031,20082,25,1,0,0,0,0.0,0.0,2025-Jan-29-19:36:52.476174
0.7185205030005031,20083,25,1,0,0,0,0.0,0.0,2025-Jan-29-19:36:52.519081
0.7185205030005031,20084,25,1,0,0,0,0.0,0.0,2025-Jan-29-19:36:52.581631
0.7185205030005031,20085,25,1,0,0,0,0.0,0.0,2025-Jan-29-19:36:52.656272
0.7185205030005031,20086,25,1,0,0,0,0.0,0.0,2025-Jan-29-19:36:52.730252
0.7185205030005031,20087,25,1,0,0,0,0.0,0.0,2025-Jan-29-19:36:52.796393
0.7185205030005031,20088,25,1,0,0,0,0.0,0.0,2025-Jan-29-19:36:52.842301
0.5423573219619376,20089,25,1,0,1,0,1.9000000000000001,0.0,2025-Jan-29-19:36:53.107310
0.5423573219619376,20090,25,1,0,1,0,1.9000000000000001,0.0,2025-Jan-29-19:36:53.180021
0.5423573219619376,20091,25,1,0,1,0,1.9000000000000001,0.0,2025-Jan-29-19:36:53.251329
0.5423573219619376,20092,25,1,0,1,0,1.9000000000000001,0.0,2025-Jan-29-19:36:53.322264
0.7185205030005031,20093,25,1,0,0,0,0.0,0.0,2025-Jan-29-19:36:53.367204
0.5423573219619376,20094,25,1,0,1,0,1.9000000000000001,0.0,2025-Jan-29-19:36:53.438196
0.5423573219619376,20095,25,1,0,1,0,1.9000000000000001,0.0,2025-Jan-29-19:36:53.509661
0.5423573219619376,20096,25,1,0,1,0,1.9000000000000001,0.0,2025-Jan-29-19:36:53.598325
0.5423573219619376,20097,25,1,0,1,0,1.9000000000000001,0.0,2025-Jan-29-19:36:53.698330
0.5423573219619376,20098,25,1,0,1,0,1.9000000000000001,0.0,2025-Jan-29-19:36:53.795465
0.5423573219619376,20099,25,1,0,1,0,1.9000000000000001,0.0,2025-Jan-29-19:36:53.867998
0.5423573219619376,20100,25,1,0,1,0,1.9000000000000001,0.0,2025-Jan-29-19:36:53.939560
0.5423573219619376,20101,25,1,0,1,0,1.9000000000000001,0.0,2025-Jan-29-19:36:54.011039
0.5423573219619376,20102,25,1,0,1,0,1.9000000000000001,0.0,2025-Jan-29-19:36:54.083959
0.5423573219619376,20103,25,1,0,1,0,1.9000000000000001,0.0,2025-Jan-29-19:36:54.154903
0.5423573219619376,20104,25,1,0,1,0,1.9000000000000001,0.0,2025-Jan-29-19:36:54.226304
0.5423573219619376,20105,25,1,0,1,0,1.9000000000000001,0.0,2025-Jan-29-19:36:54.297472
0.5423573219619376,20106,25,1,0,1,0,1.9000000000000001,0.0,2025-Jan-29-19:36:54.368895
0.5423573219619376,20107,25,1,0,1,0,1.9000000000000001,0.0,2025-Jan-29-19:36:54.440009
0.5423573219619376,20108,25,1,0,1,0,1.9000000000000001,0.0,2025-Jan-29-19:36:54.511658
0.7561122308552579,20109,25,1,0,-1,0,0.0,0.0,2025-Jan-29-19:36:54.600095
0.7561122308552579,20110,25,1,0,-1,0,0.0,0.0,2025-Jan-29-19:36:54.693481
0.7561122308552579,20111,25,1,0,-1,0,0.0,0.0,2025-Jan-29-19:36:54.777203
0.7561122308552579,20112,25,1,0,-1,0,0.0,0.0,2025-Jan-29-19:36:54.838584
0.7561122308552579,20113,25,1,0,-1,0,0.0,0.0,2025-Jan-29-19:36:54.898190
0.5423573219619376,20114,25,1,0,1,0,1.9000000000000001,0.0,2025-Jan-29-19:36:54.974358
0.5423573219619376,20115,25,1,0,1,0,1.9000000000000001,0.0,2025-Jan-29-19:36:55.050022
0.5423573219619376,20116,25,1,0,1,0,1.9000000000000001,0.0,2025-Jan-29-19:36:55.126212
0.5423573219619376,20117,25,1,0,1,0,1.9000000000000001,0.0,2025-Jan-29-19:36:55.202540
0.5423573219619376,20118,25,1,0,1,0,1.9000000000000001,0.0,2025-Jan-29-19:36:55.278169
0.5921787662199604,20119,25,1,0,0,1,0.0,1.9000000000000001,2025-Jan-29-19:36:55.354809
0.5921787662199604,20120,25,1,0,0,1,0.0,1.9000000000000001,2025-Jan-29-19:36:55.431914
0.5921787662199604,20121,25,1,0,0,1,0.0,1.9000000000000001,2025-Jan-29-19:36:55.507830
0.5921787662199604,20122,25,1,0,0,1,0.0,1.9000000000000001,2025-Jan-29-19:36:55.606666
0.5921787662199604,20123,25,1,0,0,1,0.0,1.9000000000000001,2025-Jan-29-19:36:55.727322
0.7185205030005031,20124,25,1,0,0,0,0.0,0.0,2025-Jan-29-19:36:55.800850
0.7185205030005031,20125,25,1,0,0,0,0.0,0.0,2025-Jan-29-19:36:55.849136
0.7185205030005031,20126,25,1,0,0,0,0.0,0.0,2025-Jan-29-19:36:55.896164
0.7185205030005031,20127,25,1,0,0,0,0.0,0.0,2025-Jan-29-19:36:55.942061
0.7185205030005031,20128,25,1,0,0,0,0.0,0.0,2025-Jan-29-19:36:55.989432
0.7185205030005031,20129,25,1,0,0,0,0.0,0.0,2025-Jan-29-19:36:56.035796
0.7185205030005031,20130,25,1,0,0,0,0.0,0.0,2025-Jan-29-19:36:56.083207
0.5921787662199604,20131,25,1,0,0,1,0.0,1.9000000000000001,2025-Jan-29-19:36:56.159171
0.5921787662199604,20132,25,1,0,0,1,0.0,1.9000000000000001,2025-Jan-29-19:36:56.234325
0.5921787662199604,20133,25,1,0,0,1,0.0,1.9000000000000001,2025-Jan-29-19:36:56.310219
0.7185205030005031,20134,25,1,0,0,0,0.0,0.0,2025-Jan-29-19:36:56.355983
0.7185205030005031,20135,25,1,0,0,0,0.0,0.0,2025-Jan-29-19:36:56.402171
0.7185205030005031,20136,25,1,0,0,0,0.0,0.0,2025-Jan-29-19:36:56.448546
0.7185205030005031,20137,25,1,0,0,0,0.0,0.0,2025-Jan-29-19:36:56.495781
0.7185205030005031,20138,25,1,0,0,0,0.0,0.0,2025-Jan-29-19:36:56.541169
0.5921787662199604,20139,25,1,0,0,1,0.0,1.9000000000000001,2025-Jan-29-19:36:56.635075
0.5921787662199604,20140,25,1,0,0,1,0.0,1.9000000000000001,2025-Jan-29-19:36:56.745325
0.5921787662199604,20141,25,1,0,0,1,0.0,1.9000000000000001,2025-Jan-29-19:36:56.841592
0.5921787662199604,20142,25,1,0,0,1,0.0,1.9000000000000001,2025-Jan-29-19:36:56.915641
0.5921787662199604,20143,25,1,0,0,1,0.0,1.9000000000000001,2025-Jan-29-19:36:56.990343
0.7185205030005031,20144,25,1,0,0,0,0.0,0.0,2025-Jan-29-19:36:57.036510
0.7185205030005031,20145,25,1,0,0,0,0.0,0.0,2025-Jan-29-19:36:57.082699
0.7185205030005031,20146,25,1,0,0,0,0.0,0.0,2025-Jan-29-19:36:57.129728
0.7185205030005031,20147,25,1,0,0,0,0.0,0.0,2025-Jan-29-19:36:57.175918
0.7185205030005031,20148,25,1,0,0,0,0.0,0.0,2025-Jan-29-19:36:57.221976
0.5921787662199604,20149,25,1,0,0,1,0.0,1.9000000000000001,2025-Jan-29-19:36:57.298086
0.5921787662199604,20150,25,1,0,0,1,0.0,1.9000000000000001,2025-Jan-29-19:36:57.373561
0.5921787662199604,20151,25,1,0,0,1,0.0,1.9000000000000001,2025-Jan-29-19:36:57.448731
0.5921787662199604,20152,25,1,0,0,1,0.0,1.9000000000000001,2025-Jan-29-19:36:57.524282
0.7185205030005031,20153,25,1,0,0,0,0.0,0.0,2025-Jan-29-19:36:57.601694
0.7185205030005031,20154,25,1,0,0,0,0.0,0.0,2025-Jan-29-19:36:57.680456
0.7561122308552579,20155,25,1,0,-1,0,0.0,0.0,2025-Jan-29-19:36:57.785353
0.7561122308552579,20156,25,1,0,-1,0,0.0,0.0,2025-Jan-29-19:36:57.856495
1.0735211430969913,20157,25,1,1,0,0,0.0,0.0,2025-Jan-29-19:36:57.904125
0.7710208028095181,20158,25,1,1,1,1,1.9000000000000001,1.9000000000000001,2025-Jan-29-19:36:58.003788
0.7185205030005031,20159,25,1,0,0,0,0.0,0.0,2025-Jan-29-19:36:58.049421
0.7185205030005031,20160,25,1,0,0,0,0.0,0.0,2025-Jan-29-19:36:58.095383
1.0735211430969913,20161,25,1,1,0,0,0.0,0.0,2025-Jan-29-19:36:58.141816
0.629780506117975,20162,25,1,0,-1,1,0.0,1.9000000000000001,2025-Jan-29-19:36:58.229313
0.4160201626761834,20163,25,1,0,1,1,1.9000000000000001,1.9000000000000001,2025-Jan-29-19:36:58.327617
0.7185205030005031,20164,25,1,0,0,0,0.0,0.0,2025-Jan-29-19:36:58.373061
0.8436562666978078,20165,25,1,0,-1,-1,0.0,0.0,2025-Jan-29-19:36:58.443907
0.7185205030005031,20166,25,1,0,0,0,0.0,0.0,2025-Jan-29-19:36:58.488385
1.0735211430969913,20167,25,1,1,0,0,0.0,0.0,2025-Jan-29-19:36:58.533525
1.0735211430969913,20168,25,1,1,0,0,0.0,0.0,2025-Jan-29-19:36:58.600852
0.9471794063316156,20169,25,1,1,0,1,0.0,1.9000000000000001,2025-Jan-29-19:36:58.733514
1.1986569067802102,20170,25,1,1,-1,-1,0.0,0.0,2025-Jan-29-19:36:59.096909
0.7561122308552579,20171,25,1,0,-1,0,0.0,0.0,2025-Jan-29-19:36:59.157967
0.8060591477019475,20172,25,1,0,0,-1,0.0,0.0,2025-Jan-29-19:36:59.215921
0.8973579620796409,20173,25,1,1,1,0,1.9000000000000001,0.0,2025-Jan-29-19:36:59.289677
0.629780506117975,20174,25,1,0,-1,1,0.0,1.9000000000000001,2025-Jan-29-19:36:59.375803
1.1111128709475113,20175,25,1,1,-1,0,0.0,0.0,2025-Jan-29-19:36:59.432923
1.0735211430969913,20176,25,1,1,0,0,0.0,0.0,2025-Jan-29-19:36:59.477893
0.7561122308552579,20177,25,1,0,-1,0,0.0,0.0,2025-Jan-29-19:36:59.534981
1.161059787788528,20178,25,1,1,0,-1,0.0,0.0,2025-Jan-29-19:36:59.607707
0.5921787662199604,20179,25,1,0,0,1,0.0,1.9000000000000001,2025-Jan-29-19:36:59.726324
0.5921787662199604,20180,25,1,0,0,1,0.0,1.9000000000000001,2025-Jan-29-19:36:59.824759
0.5921787662199604,20181,25,1,0,0,1,0.0,1.9000000000000001,2025-Jan-29-19:36:59.904149
0.5921787662199604,20182,25,1,0,0,1,0.0,1.9000000000000001,2025-Jan-29-19:36:59.979514
0.5921787662199604,20183,25,1,0,0,1,0.0,1.9000000000000001,2025-Jan-29-19:37:00.057882
0.5921787662199604,20184,25,1,0,0,1,0.0,1.9000000000000001,2025-Jan-29-19:37:00.132995
0.5921787662199604,20185,25,1,0,0,1,0.0,1.9000000000000001,2025-Jan-29-19:37:00.208043
0.5921787662199604,20186,25,1,0,0,1,0.0,1.9000000000000001,2025-Jan-29-19:37:00.283500
0.5921787662199604,20187,25,1,0,0,1,0.0,1.9000000000000001,2025-Jan-29-19:37:00.357700
0.5921787662199604,20188,25,1,0,0,1,0.0,1.9000000000000001,2025-Jan-29-19:37:00.432298
0.7185205030005031,20189,25,1,0,0,0,0.0,0.0,2025-Jan-29-19:37:00.478445
0.7185205030005031,20190,25,1,0,0,0,0.0,0.0,2025-Jan-29-19:37:00.524100
0.7185205030005031,20191,25,1,0,0,0,0.0,0.0,2025-Jan-29-19:37:00.593536
0.7185205030005031,20192,25,1,0,0,0,0.0,0.0,2025-Jan-29-19:37:00.686899
0.7185205030005031,20193,25,1,0,0,0,0.0,0.0,2025-Jan-29-19:37:00.777665
0.7185205030005031,20194,25,1,0,0,0,0.0,0.0,2025-Jan-29-19:37:00.841736
0.7185205030005031,20195,25,1,0,0,0,0.0,0.0,2025-Jan-29-19:37:00.889995
0.7185205030005031,20196,25,1,0,0,0,0.0,0.0,2025-Jan-29-19:37:00.935620
0.7185205030005031,20197,25,1,0,0,0,0.0,0.0,2025-Jan-29-19:37:00.980758
0.7185205030005031,20198,25,1,0,0,0,0.0,0.0,2025-Jan-29-19:37:01.025825
0.7561122308552579,20199,25,1,0,-1,0,0.0,0.0,2025-Jan-29-19:37:01.083717
0.7561122308552579,20200,25,1,0,-1,0,0.0,0.0,2025-Jan-29-19:37:01.141048
0.7561122308552579,20201,25,1,0,-1,0,0.0,0.0,2025-Jan-29-19:37:01.198425
0.7561122308552579,20202,25,1,0,-1,0,0.0,0.0,2025-Jan-29-19:37:01.256060
0.7561122308552579,20203,25,1,0,-1,0,0.0,0.0,2025-Jan-29-19:37:01.315057
0.7561122308552579,20204,25,1,0,-1,0,0.0,0.0,2025-Jan-29-19:37:01.371724
0.7561122308552579,20205,25,1,0,-1,0,0.0,0.0,2025-Jan-29-19:37:01.430059
0.7561122308552579,20206,25,1,0,-1,0,0.0,0.0,2025-Jan-29-19:37:01.487414
0.7561122308552579,20207,25,1,0,-1,0,0.0,0.0,2025-Jan-29-19:37:01.545451
0.7561122308552579,20208,25,1,0,-1,0,0.0,0.0,2025-Jan-29-19:37:01.657117
0.4160201626761834,20209,25,1,0,1,1,1.9000000000000001,1.9000000000000001,2025-Jan-29-19:37:01.820768
0.4160201626761834,20210,25,1,0,1,1,1.9000000000000001,1.9000000000000001,2025-Jan-29-19:37:01.923564
0.4160201626761834,20211,25,1,0,1,1,1.9000000000000001,1.9000000000000001,2025-Jan-29-19:37:02.023619
0.4160201626761834,20212,25,1,0,1,1,1.9000000000000001,1.9000000000000001,2025-Jan-29-19:37:02.121755
0.4160201626761834,20213,25,1,0,1,1,1.9000000000000001,1.9000000000000001,2025-Jan-29-19:37:02.223520
0.4160201626761834,20214,25,1,0,1,1,1.9000000000000001,1.9000000000000001,2025-Jan-29-19:37:02.321870
0.4160201626761834,20215,25,1,0,1,1,1.9000000000000001,1.9000000000000001,2025-Jan-29-19:37:02.420536
0.629780506117975,20216,25,1,0,-1,1,0.0,1.9000000000000001,2025-Jan-29-19:37:02.507954
0.629780506117975,20217,25,1,0,-1,1,0.0,1.9000000000000001,2025-Jan-29-19:37:02.641586
0.629780506117975,20218,25,1,0,-1,1,0.0,1.9000000000000001,2025-Jan-29-19:37:02.785378
0.4160201626761834,20219,25,1,0,1,1,1.9000000000000001,1.9000000000000001,2025-Jan-29-19:37:02.886265
0.4160201626761834,20220,25,1,0,1,1,1.9000000000000001,1.9000000000000001,2025-Jan-29-19:37:02.985568
0.4160201626761834,20221,25,1,0,1,1,1.9000000000000001,1.9000000000000001,2025-Jan-29-19:37:03.084093
0.5423573219619376,20222,25,1,0,1,0,1.9000000000000001,0.0,2025-Jan-29-19:37:03.158836
0.5423573219619376,20223,25,1,0,1,0,1.9000000000000001,0.0,2025-Jan-29-19:37:03.233815
0.5423573219619376,20224,25,1,0,1,0,1.9000000000000001,0.0,2025-Jan-29-19:37:03.308869
0.5423573219619376,20225,25,1,0,1,0,1.9000000000000001,0.0,2025-Jan-29-19:37:03.383634
0.7561122308552579,20226,25,1,0,-1,0,0.0,0.0,2025-Jan-29-19:37:03.441995
0.7561122308552579,20227,25,1,0,-1,0,0.0,0.0,2025-Jan-29-19:37:03.501101
0.7561122308552579,20228,25,1,0,-1,0,0.0,0.0,2025-Jan-29-19:37:03.585720
0.7561122308552579,20229,25,1,0,-1,0,0.0,0.0,2025-Jan-29-19:37:03.696127
0.7561122308552579,20230,25,1,0,-1,0,0.0,0.0,2025-Jan-29-19:37:03.798937
0.7561122308552579,20231,25,1,0,-1,0,0.0,0.0,2025-Jan-29-19:37:03.859143
0.7561122308552579,20232,25,1,0,-1,0,0.0,0.0,2025-Jan-29-19:37:03.921322
0.7561122308552579,20233,25,1,0,-1,0,0.0,0.0,2025-Jan-29-19:37:03.980965
0.7185205030005031,20234,25,1,0,0,0,0.0,0.0,2025-Jan-29-19:37:04.027159
0.7185205030005031,20235,25,1,0,0,0,0.0,0.0,2025-Jan-29-19:37:04.072940
0.7185205030005031,20236,25,1,0,0,0,0.0,0.0,2025-Jan-29-19:37:04.119831
0.7185205030005031,20237,25,1,0,0,0,0.0,0.0,2025-Jan-29-19:37:04.165819
0.7185205030005031,20238,25,1,0,0,0,0.0,0.0,2025-Jan-29-19:37:04.211923
0.7561122308552579,20239,25,1,0,-1,0,0.0,0.0,2025-Jan-29-19:37:04.270217
0.7561122308552579,20240,25,1,0,-1,0,0.0,0.0,2025-Jan-29-19:37:04.328777
0.7561122308552579,20241,25,1,0,-1,0,0.0,0.0,2025-Jan-29-19:37:04.386788
0.7561122308552579,20242,25,1,0,-1,0,0.0,0.0,2025-Jan-29-19:37:04.445529
0.7561122308552579,20243,25,1,0,-1,0,0.0,0.0,2025-Jan-29-19:37:04.503811
0.7561122308552579,20244,25,1,0,-1,0,0.0,0.0,2025-Jan-29-19:37:04.580969
0.7561122308552579,20245,25,1,0,-1,0,0.0,0.0,2025-Jan-29-19:37:04.682532
0.7561122308552579,20246,25,1,0,-1,0,0.0,0.0,2025-Jan-29-19:37:04.782893
0.7561122308552579,20247,25,1,0,-1,0,0.0,0.0,2025-Jan-29-19:37:04.852015
0.7561122308552579,20248,25,1,0,-1,0,0.0,0.0,2025-Jan-29-19:37:05.181305
0.7561122308552579,20249,25,1,0,-1,0,0.0,0.0,2025-Jan-29-19:37:05.243025
0.7561122308552579,20250,25,1,0,-1,0,0.0,0.0,2025-Jan-29-19:37:05.301302
0.7561122308552579,20251,25,1,0,-1,0,0.0,0.0,2025-Jan-29-19:37:05.360094
0.7561122308552579,20252,25,1,0,-1,0,0.0,0.0,2025-Jan-29-19:37:05.416329
0.7561122308552579,20253,25,1,0,-1,0,0.0,0.0,2025-Jan-29-19:37:05.472299
0.7561122308552579,20254,25,1,0,-1,0,0.0,0.0,2025-Jan-29-19:37:05.528284
0.7561122308552579,20255,25,1,0,-1,0,0.0,0.0,2025-Jan-29-19:37:05.599151
0.7561122308552579,20256,25,1,0,-1,0,0.0,0.0,2025-Jan-29-19:37:05.685096
0.7561122308552579,20257,25,1,0,-1,0,0.0,0.0,2025-Jan-29-19:37:05.779016
0.7561122308552579,20258,25,1,0,-1,0,0.0,0.0,2025-Jan-29-19:37:05.836105
0.5423573219619376,20259,25,1,0,1,0,1.9000000000000001,0.0,2025-Jan-29-19:37:05.910938
0.5423573219619376,20260,25,1,0,1,0,1.9000000000000001,0.0,2025-Jan-29-19:37:05.985453
0.5423573219619376,20261,25,1,0,1,0,1.9000000000000001,0.0,2025-Jan-29-19:37:06.062535
0.5423573219619376,20262,25,1,0,1,0,1.9000000000000001,0.0,2025-Jan-29-19:37:06.138259
0.5423573219619376,20263,25,1,0,1,0,1.9000000000000001,0.0,2025-Jan-29-19:37:06.215825
0.5423573219619376,20264,25,1,0,1,0,1.9000000000000001,0.0,2025-Jan-29-19:37:06.290945
0.5423573219619376,20265,25,1,0,1,0,1.9000000000000001,0.0,2025-Jan-29-19:37:06.368239
0.5423573219619376,20266,25,1,0,1,0,1.9000000000000001,0.0,2025-Jan-29-19:37:06.443116
0.5423573219619376,20267,25,1,0,1,0,1.9000000000000001,0.0,2025-Jan-29-19:37:06.520030
0.5423573219619376,20268,25,1,0,1,0,1.9000000000000001,0.0,2025-Jan-29-19:37:06.623770
0.7185205030005031,20269,25,1,0,0,0,0.0,0.0,2025-Jan-29-19:37:06.707664
0.7185205030005031,20270,25,1,0,0,0,0.0,0.0,2025-Jan-29-19:37:06.787407
0.7185205030005031,20271,25,1,0,0,0,0.0,0.0,2025-Jan-29-19:37:06.839101
0.7185205030005031,20272,25,1,0,0,0,0.0,0.0,2025-Jan-29-19:37:06.886302
0.7185205030005031,20273,25,1,0,0,0,0.0,0.0,2025-Jan-29-19:37:06.931813
0.7185205030005031,20274,25,1,0,0,0,0.0,0.0,2025-Jan-29-19:37:06.977391
0.7185205030005031,20275,25,1,0,0,0,0.0,0.0,2025-Jan-29-19:37:07.022450
0.7185205030005031,20276,25,1,0,0,0,0.0,0.0,2025-Jan-29-19:37:07.068447
0.7185205030005031,20277,25,1,0,0,0,0.0,0.0,2025-Jan-29-19:37:07.113659
0.7185205030005031,20278,25,1,0,0,0,0.0,0.0,2025-Jan-29-19:37:07.159345
0.7185205030005031,20279,25,1,0,0,0,0.0,0.0,2025-Jan-29-19:37:07.204877
0.7185205030005031,20280,25,1,0,0,0,0.0,0.0,2025-Jan-29-19:37:07.250363
0.7185205030005031,20281,25,1,0,0,0,0.0,0.0,2025-Jan-29-19:37:07.295545
0.7185205030005031,20282,25,1,0,0,0,0.0,0.0,2025-Jan-29-19:37:07.340255
0.7185205030005031,20283,25,1,0,0,0,0.0,0.0,2025-Jan-29-19:37:07.386759
0.7185205030005031,20284,25,1,0,0,0,0.0,0.0,2025-Jan-29-19:37:07.432454
0.7561122308552579,20285,25,1,0,-1,0,0.0,0.0,2025-Jan-29-19:37:07.490491
0.5423573219619376,20286,25,1,0,1,0,1.9000000000000001,0.0,2025-Jan-29-19:37:07.578912
0.5423573219619376,20287,25,1,0,1,0,1.9000000000000001,0.0,2025-Jan-29-19:37:07.700123
0.5423573219619376,20288,25,1,0,1,0,1.9000000000000001,0.0,2025-Jan-29-19:37:07.811781
0.7185205030005031,20289,25,1,0,0,0,0.0,0.0,2025-Jan-29-19:37:07.860678
0.7185205030005031,20290,25,1,0,0,0,0.0,0.0,2025-Jan-29-19:37:07.909136
0.7185205030005031,20291,25,1,0,0,0,0.0,0.0,2025-Jan-29-19:37:07.955409
0.7185205030005031,20292,25,1,0,0,0,0.0,0.0,2025-Jan-29-19:37:08.002803
0.7185205030005031,20293,25,1,0,0,0,0.0,0.0,2025-Jan-29-19:37:08.048519
0.7185205030005031,20294,25,1,0,0,0,0.0,0.0,2025-Jan-29-19:37:08.093830
0.7185205030005031,20295,25,1,0,0,0,0.0,0.0,2025-Jan-29-19:37:08.138987
0.7185205030005031,20296,25,1,0,0,0,0.0,0.0,2025-Jan-29-19:37:08.183953
0.7185205030005031,20297,25,1,0,0,0,0.0,0.0,2025-Jan-29-19:37:08.229190
0.7185205030005031,20298,25,1,0,0,0,0.0,0.0,2025-Jan-29-19:37:08.275244
0.5423573219619376,20299,25,1,0,1,0,1.9000000000000001,0.0,2025-Jan-29-19:37:08.359409
0.5423573219619376,20300,25,1,0,1,0,1.9000000000000001,0.0,2025-Jan-29-19:37:08.434159
0.5423573219619376,20301,25,1,0,1,0,1.9000000000000001,0.0,2025-Jan-29-19:37:08.508521
0.7185205030005031,20302,25,1,0,0,0,0.0,0.0,2025-Jan-29-19:37:08.572674
0.7185205030005031,20303,25,1,0,0,0,0.0,0.0,2025-Jan-29-19:37:08.651751
0.5423573219619376,20304,25,1,0,1,0,1.9000000000000001,0.0,2025-Jan-29-19:37:08.756047
0.5423573219619376,20305,25,1,0,1,0,1.9000000000000001,0.0,2025-Jan-29-19:37:08.831588
0.5423573219619376,20306,25,1,0,1,0,1.9000000000000001,0.0,2025-Jan-29-19:37:08.905701
0.5423573219619376,20307,25,1,0,1,0,1.9000000000000001,0.0,2025-Jan-29-19:37:08.980802
0.5423573219619376,20308,25,1,0,1,0,1.9000000000000001,0.0,2025-Jan-29-19:37:09.052295
0.5423573219619376,20309,25,1,0,1,0,1.9000000000000001,0.0,2025-Jan-29-19:37:09.125449
0.5423573219619376,20310,25,1,0,1,0,1.9000000000000001,0.0,2025-Jan-29-19:37:09.196401
0.5423573219619376,20311,25,1,0,1,0,1.9000000000000001,0.0,2025-Jan-29-19:37:09.269762
0.5423573219619376,20312,25,1,0,1,0,1.9000000000000001,0.0,2025-Jan-29-19:37:09.341987
0.5423573219619376,20313,25,1,0,1,0,1.9000000000000001,0.0,2025-Jan-29-19:37:09.415224
0.7561122308552579,20314,25,1,0,-1,0,0.0,0.0,2025-Jan-29-19:37:09.470586
0.7561122308552579,20315,25,1,0,-1,0,0.0,0.0,2025-Jan-29-19:37:09.526020
0.7561122308552579,20316,25,1,0,-1,0,0.0,0.0,2025-Jan-29-19:37:09.600057
0.7561122308552579,20317,25,1,0,-1,0,0.0,0.0,2025-Jan-29-19:37:09.686750
0.7561122308552579,20318,25,1,0,-1,0,0.0,0.0,2025-Jan-29-19:37:09.772362
0.5423573219619376,20319,25,1,0,1,0,1.9000000000000001,0.0,2025-Jan-29-19:37:09.844963
0.5423573219619376,20320,25,1,0,1,0,1.9000000000000001,0.0,2025-Jan-29-19:37:09.916473
0.5423573219619376,20321,25,1,0,1,0,1.9000000000000001,0.0,2025-Jan-29-19:37:10.190533
0.5423573219619376,20322,25,1,0,1,0,1.9000000000000001,0.0,2025-Jan-29-19:37:10.263309
0.5423573219619376,20323,25,1,0,1,0,1.9000000000000001,0.0,2025-Jan-29-19:37:10.335235
0.5921787662199604,20324,25,1,0,0,1,0.0,1.9000000000000001,2025-Jan-29-19:37:10.409680
0.5921787662199604,20325,25,1,0,0,1,0.0,1.9000000000000001,2025-Jan-29-19:37:10.481999
0.5921787662199604,20326,25,1,0,0,1,0.0,1.9000000000000001,2025-Jan-29-19:37:10.563612
0.5921787662199604,20327,25,1,0,0,1,0.0,1.9000000000000001,2025-Jan-29-19:37:10.672238
0.5921787662199604,20328,25,1,0,0,1,0.0,1.9000000000000001,2025-Jan-29-19:37:10.773828
0.7185205030005031,20329,25,1,0,0,0,0.0,0.0,2025-Jan-29-19:37:10.820103
0.7185205030005031,20330,25,1,0,0,0,0.0,0.0,2025-Jan-29-19:37:10.868995
0.7185205030005031,20331,25,1,0,0,0,0.0,0.0,2025-Jan-29-19:37:10.915488
0.7185205030005031,20332,25,1,0,0,0,0.0,0.0,2025-Jan-29-19:37:10.959371
0.7185205030005031,20333,25,1,0,0,0,0.0,0.0,2025-Jan-29-19:37:11.002880
0.5921787662199604,20334,25,1,0,0,1,0.0,1.9000000000000001,2025-Jan-29-19:37:11.074339
0.7185205030005031,20335,25,1,0,0,0,0.0,0.0,2025-Jan-29-19:37:11.117533
0.7185205030005031,20336,25,1,0,0,0,0.0,0.0,2025-Jan-29-19:37:11.160703
0.7185205030005031,20337,25,1,0,0,0,0.0,0.0,2025-Jan-29-19:37:11.203729
0.7185205030005031,20338,25,1,0,0,0,0.0,0.0,2025-Jan-29-19:37:11.247973
0.7185205030005031,20339,25,1,0,0,0,0.0,0.0,2025-Jan-29-19:37:11.290906
0.7185205030005031,20340,25,1,0,0,0,0.0,0.0,2025-Jan-29-19:37:11.334090
0.7185205030005031,20341,25,1,0,0,0,0.0,0.0,2025-Jan-29-19:37:11.377356
0.7185205030005031,20342,25,1,0,0,0,0.0,0.0,2025-Jan-29-19:37:11.421147
0.7185205030005031,20343,25,1,0,0,0,0.0,0.0,2025-Jan-29-19:37:11.464153
0.5921787662199604,20344,25,1,0,0,1,0.0,1.9000000000000001,2025-Jan-29-19:37:11.535125
0.5921787662199604,20345,25,1,0,0,1,0.0,1.9000000000000001,2025-Jan-29-19:37:11.638012
0.7185205030005031,20346,25,1,0,0,0,0.0,0.0,2025-Jan-29-19:37:11.722360
0.7185205030005031,20347,25,1,0,0,0,0.0,0.0,2025-Jan-29-19:37:11.780292
0.7185205030005031,20348,25,1,0,0,0,0.0,0.0,2025-Jan-29-19:37:11.828508
0.7185205030005031,20349,25,1,0,0,0,0.0,0.0,2025-Jan-29-19:37:11.872534
0.7185205030005031,20350,25,1,0,0,0,0.0,0.0,2025-Jan-29-19:37:11.916376
0.7185205030005031,20351,25,1,0,0,0,0.0,0.0,2025-Jan-29-19:37:11.959859
0.7185205030005031,20352,25,1,0,0,0,0.0,0.0,2025-Jan-29-19:37:12.003079
0.7185205030005031,20353,25,1,0,0,0,0.0,0.0,2025-Jan-29-19:37:12.045985
0.8973579620796409,20354,25,1,1,1,0,1.9000000000000001,0.0,2025-Jan-29-19:37:12.118598
0.7185205030005031,20355,25,1,0,0,0,0.0,0.0,2025-Jan-29-19:37:12.161895
0.9471794063316156,20356,25,1,1,0,1,0.0,1.9000000000000001,2025-Jan-29-19:37:12.232920
0.9471794063316156,20357,25,1,1,0,1,0.0,1.9000000000000001,2025-Jan-29-19:37:12.304207
0.7561122308552579,20358,25,1,0,-1,0,0.0,0.0,2025-Jan-29-19:37:12.359572
0.6298883869405699,20359,25,1,0,1,-1,1.9000000000000001,0.0,2025-Jan-29-19:37:12.443362
0.7185205030005031,20360,25,1,0,0,0,0.0,0.0,2025-Jan-29-19:37:12.486850
0.7185205030005031,20361,25,1,0,0,0,0.0,0.0,2025-Jan-29-19:37:12.530205
0.8436562666978078,20362,25,1,0,-1,-1,0.0,0.0,2025-Jan-29-19:37:12.614856
0.7185205030005031,20363,25,1,0,0,0,0.0,0.0,2025-Jan-29-19:37:12.685963
0.8973579620796409,20364,25,1,1,1,0,1.9000000000000001,0.0,2025-Jan-29-19:37:12.786998
1.1111128709475113,20365,25,1,1,-1,0,0.0,0.0,2025-Jan-29-19:37:12.846516
0.5921787662199604,20366,25,1,0,0,1,0.0,1.9000000000000001,2025-Jan-29-19:37:12.918014
0.9471794063316156,20367,25,1,1,0,1,0.0,1.9000000000000001,2025-Jan-29-19:37:12.988968
0.7185205030005031,20368,25,1,0,0,0,0.0,0.0,2025-Jan-29-19:37:13.031981
0.9471794063316156,20369,25,1,1,0,1,0.0,1.9000000000000001,2025-Jan-29-19:37:13.103144
0.7561122308552579,20370,25,1,0,-1,0,0.0,0.0,2025-Jan-29-19:37:13.158252
1.0735211430969913,20371,25,1,1,0,0,0.0,0.0,2025-Jan-29-19:37:13.201514
0.5423573219619376,20372,25,1,0,1,0,1.9000000000000001,0.0,2025-Jan-29-19:37:13.272623
0.7185205030005031,20373,25,1,0,0,0,0.0,0.0,2025-Jan-29-19:37:13.315908
0.9760242519712691,20374,25,1,1,-1,1,0.0,1.9000000000000001,2025-Jan-29-19:37:13.399430
0.9471794063316156,20375,25,1,1,0,1,0.0,1.9000000000000001,2025-Jan-29-19:37:13.470765
0.7185205030005031,20376,25,1,0,0,0,0.0,0.0,2025-Jan-29-19:37:13.513794
0.9848890270480929,20377,25,1,1,1,-1,1.9000000000000001,0.0,2025-Jan-29-19:37:13.627340
1.1111128709475113,20378,25,1,1,-1,0,0.0,0.0,2025-Jan-29-19:37:13.719659
