Cost,Sim,Switch_State_Indx,Gen1_on,Gen2_on,Batt1_mode,Batt2_mode,Batt1_power_kW,Batt2_power_kW,Timestamp
0.7185205030005031,18616,25,1,0,0,0,0.0,0.0,2025-Jan-29-19:35:02.051072
1.161059787788528,18617,25,1,1,0,-1,0.0,0.0,2025-Jan-29-19:35:02.116842
0.4160201626761834,18618,25,1,0,1,1,1.9000000000000001,1.9000000000000001,2025-Jan-29-19:35:02.228670
0.7561122308552579,18619,25,1,0,-1,0,0.0,0.0,2025-Jan-29-19:35:02.286779
1.0735211430969913,18620,25,1,1,0,0,0.0,0.0,2025-Jan-29-19:35:02.330047
1.0735211430969913,18621,25,1,1,0,0,0.0,0.0,2025-Jan-29-19:35:02.372642
1.1111128709475113,18622,25,1,1,-1,0,0.0,0.0,2025-Jan-29-19:35:02.427873
0.7561122308552579,18623,25,1,0,-1,0,0.0,0.0,2025-Jan-29-19:35:02.483396
0.629780506117975,18624,25,1,0,-1,1,0.0,1.9000000000000001,2025-Jan-29-19:35:02.599847
0.7185205030005031,18625,25,1,0,0,0,0.0,0.0,2025-Jan-29-19:35:02.678202
1.0735211430969913,18626,25,1,1,0,0,0.0,0.0,2025-Jan-29-19:35:02.759877
0.7185205030005031,18627,25,1,0,0,0,0.0,0.0,2025-Jan-29-19:35:02.819028
1.0735211430969913,18628,25,1,1,0,0,0.0,0.0,2025-Jan-29-19:35:02.863043
0.5423573219619376,18629,25,1,0,1,0,1.9000000000000001,0.0,2025-Jan-29-19:35:02.938672
1.1111128709475113,18630,25,1,1,-1,0,0.0,0.0,2025-Jan-29-19:35:02.997566
0.8060591477019475,18631,25,1,0,0,-1,0.0,0.0,2025-Jan-29-19:35:03.056808
0.5921787662199604,18632,25,1,0,0,1,0.0,1.9000000000000001,2025-Jan-29-19:35:03.135960
0.9471794063316156,18633,25,1,1,0,1,0.0,1.9000000000000001,2025-Jan-29-19:35:03.211135
0.7185205030005031,18634,25,1,0,0,0,0.0,0.0,2025-Jan-29-19:35:03.256970
0.9760242519712691,18635,25,1,1,-1,1,0.0,1.9000000000000001,2025-Jan-29-19:35:03.343841
1.1111128709475113,18636,25,1,1,-1,0,0.0,0.0,2025-Jan-29-19:35:03.402226
0.9471794063316156,18637,25,1,1,0,1,0.0,1.9000000000000001,2025-Jan-29-19:35:03.477989
0.4160201626761834,18638,25,1,0,1,1,1.9000000000000001,1.9000000000000001,2025-Jan-29-19:35:03.606535
0.5921787662199604,18639,25,1,0,0,1,0.0,1.9000000000000001,2025-Jan-29-19:35:03.726279
0.8060591477019475,18640,25,1,0,0,-1,0.0,0.0,2025-Jan-29-19:35:03.812467
1.1111128709475113,18641,25,1,1,-1,0,0.0,0.0,2025-Jan-29-19:35:03.872729
0.8060591477019475,18642,25,1,0,0,-1,0.0,0.0,2025-Jan-29-19:35:03.931427
1.1111128709475113,18643,25,1,1,-1,0,0.0,0.0,2025-Jan-29-19:35:03.989329
0.629780506117975,18644,25,1,0,-1,1,0.0,1.9000000000000001,2025-Jan-29-19:35:04.075781
0.629780506117975,18645,25,1,0,-1,1,0.0,1.9000000000000001,2025-Jan-29-19:35:04.163088
0.8060591477019475,18646,25,1,0,0,-1,0.0,0.0,2025-Jan-29-19:35:04.220858
0.7185205030005031,18647,25,1,0,0,0,0.0,0.0,2025-Jan-29-19:35:04.579722
1.1986569067802102,18648,25,1,1,-1,-1,0.0,0.0,2025-Jan-29-19:35:04.708856
0.8060591477019475,18649,25,1,0,0,-1,0.0,0.0,2025-Jan-29-19:35:04.807292
1.161059787788528,18650,25,1,1,0,-1,0.0,0.0,2025-Jan-29-19:35:04.866085
0.629780506117975,18651,25,1,0,-1,1,0.0,1.9000000000000001,2025-Jan-29-19:35:04.953492
0.7561122308552579,18652,25,1,0,-1,0,0.0,0.0,2025-Jan-29-19:35:05.012737
1.0735211430969913,18653,25,1,1,0,0,0.0,0.0,2025-Jan-29-19:35:05.057520
1.0735211430969913,18654,25,1,1,0,0,0.0,0.0,2025-Jan-29-19:35:05.102668
1.0735211430969913,18655,25,1,1,0,0,0.0,0.0,2025-Jan-29-19:35:05.147398
0.7185205030005031,18656,25,1,0,0,0,0.0,0.0,2025-Jan-29-19:35:05.192813
0.7185205030005031,18657,25,1,0,0,0,0.0,0.0,2025-Jan-29-19:35:05.237110
0.9760242519712691,18658,25,1,1,-1,1,0.0,1.9000000000000001,2025-Jan-29-19:35:05.322721
0.8973579620796409,18659,25,1,1,1,0,1.9000000000000001,0.0,2025-Jan-29-19:35:05.396928
0.5423573219619376,18660,25,1,0,1,0,1.9000000000000001,0.0,2025-Jan-29-19:35:05.470452
0.8436562666978078,18661,25,1,0,-1,-1,0.0,0.0,2025-Jan-29-19:35:05.540600
0.6298883869405699,18662,25,1,0,1,-1,1.9000000000000001,0.0,2025-Jan-29-19:35:05.670519
1.1986569067802102,18663,25,1,1,-1,-1,0.0,0.0,2025-Jan-29-19:35:05.791692
0.7561122308552579,18664,25,1,0,-1,0,0.0,0.0,2025-Jan-29-19:35:05.851819
0.7185205030005031,18665,25,1,0,0,0,0.0,0.0,2025-Jan-29-19:35:05.897202
0.7561122308552579,18666,25,1,0,-1,0,0.0,0.0,2025-Jan-29-19:35:05.956251
0.4160201626761834,18667,25,1,0,1,1,1.9000000000000001,1.9000000000000001,2025-Jan-29-19:35:06.054547
0.4160201626761834,18668,25,1,0,1,1,1.9000000000000001,1.9000000000000001,2025-Jan-29-19:35:06.152091
0.4160201626761834,18669,25,1,0,1,1,1.9000000000000001,1.9000000000000001,2025-Jan-29-19:35:06.249599
0.4160201626761834,18670,25,1,0,1,1,1.9000000000000001,1.9000000000000001,2025-Jan-29-19:35:06.347102
0.4160201626761834,18671,25,1,0,1,1,1.9000000000000001,1.9000000000000001,2025-Jan-29-19:35:06.444662
0.4160201626761834,18672,25,1,0,1,1,1.9000000000000001,1.9000000000000001,2025-Jan-29-19:35:06.543394
0.4160201626761834,18673,25,1,0,1,1,1.9000000000000001,1.9000000000000001,2025-Jan-29-19:35:06.675692
0.4160201626761834,18674,25,1,0,1,1,1.9000000000000001,1.9000000000000001,2025-Jan-29-19:35:06.818127
0.4160201626761834,18675,25,1,0,1,1,1.9000000000000001,1.9000000000000001,2025-Jan-29-19:35:06.918912
0.4160201626761834,18676,25,1,0,1,1,1.9000000000000001,1.9000000000000001,2025-Jan-29-19:35:07.017661
0.4160201626761834,18677,25,1,0,1,1,1.9000000000000001,1.9000000000000001,2025-Jan-29-19:35:07.115318
0.4160201626761834,18678,25,1,0,1,1,1.9000000000000001,1.9000000000000001,2025-Jan-29-19:35:07.214092
0.4160201626761834,18679,25,1,0,1,1,1.9000000000000001,1.9000000000000001,2025-Jan-29-19:35:07.311624
0.4160201626761834,18680,25,1,0,1,1,1.9000000000000001,1.9000000000000001,2025-Jan-29-19:35:07.410295
0.4160201626761834,18681,25,1,0,1,1,1.9000000000000001,1.9000000000000001,2025-Jan-29-19:35:07.508629
0.4160201626761834,18682,25,1,0,1,1,1.9000000000000001,1.9000000000000001,2025-Jan-29-19:35:07.640314
0.4160201626761834,18683,25,1,0,1,1,1.9000000000000001,1.9000000000000001,2025-Jan-29-19:35:07.779050
0.4160201626761834,18684,25,1,0,1,1,1.9000000000000001,1.9000000000000001,2025-Jan-29-19:35:07.879298
0.4160201626761834,18685,25,1,0,1,1,1.9000000000000001,1.9000000000000001,2025-Jan-29-19:35:07.978128
0.4160201626761834,18686,25,1,0,1,1,1.9000000000000001,1.9000000000000001,2025-Jan-29-19:35:08.076052
0.5921787662199604,18687,25,1,0,0,1,0.0,1.9000000000000001,2025-Jan-29-19:35:08.150458
0.4160201626761834,18688,25,1,0,1,1,1.9000000000000001,1.9000000000000001,2025-Jan-29-19:35:08.248647
0.5921787662199604,18689,25,1,0,0,1,0.0,1.9000000000000001,2025-Jan-29-19:35:08.322785
0.8060591477019475,18690,25,1,0,0,-1,0.0,0.0,2025-Jan-29-19:35:08.380040
0.4160201626761834,18691,25,1,0,1,1,1.9000000000000001,1.9000000000000001,2025-Jan-29-19:35:08.476089
0.4160201626761834,18692,25,1,0,1,1,1.9000000000000001,1.9000000000000001,2025-Jan-29-19:35:08.586193
0.7561122308552579,18693,25,1,0,-1,0,0.0,0.0,2025-Jan-29-19:35:08.673463
0.4160201626761834,18694,25,1,0,1,1,1.9000000000000001,1.9000000000000001,2025-Jan-29-19:35:08.791168
0.4160201626761834,18695,25,1,0,1,1,1.9000000000000001,1.9000000000000001,2025-Jan-29-19:35:08.889646
0.4160201626761834,18696,25,1,0,1,1,1.9000000000000001,1.9000000000000001,2025-Jan-29-19:35:08.984615
0.4160201626761834,18697,25,1,0,1,1,1.9000000000000001,1.9000000000000001,2025-Jan-29-19:35:09.079944
0.4160201626761834,18698,25,1,0,1,1,1.9000000000000001,1.9000000000000001,2025-Jan-29-19:35:09.174352
0.4160201626761834,18699,25,1,0,1,1,1.9000000000000001,1.9000000000000001,2025-Jan-29-19:35:09.269250
0.4160201626761834,18700,25,1,0,1,1,1.9000000000000001,1.9000000000000001,2025-Jan-29-19:35:09.363740
0.4160201626761834,18701,25,1,0,1,1,1.9000000000000001,1.9000000000000001,2025-Jan-29-19:35:09.457935
0.4160201626761834,18702,25,1,0,1,1,1.9000000000000001,1.9000000000000001,2025-Jan-29-19:35:09.566628
0.4160201626761834,18703,25,1,0,1,1,1.9000000000000001,1.9000000000000001,2025-Jan-29-19:35:09.708129
0.7185205030005031,18704,25,1,0,0,0,0.0,0.0,2025-Jan-29-19:35:09.777852
0.4160201626761834,18705,25,1,0,1,1,1.9000000000000001,1.9000000000000001,2025-Jan-29-19:35:09.872480
0.4160201626761834,18706,25,1,0,1,1,1.9000000000000001,1.9000000000000001,2025-Jan-29-19:35:09.967817
0.4160201626761834,18707,25,1,0,1,1,1.9000000000000001,1.9000000000000001,2025-Jan-29-19:35:10.062143
0.4160201626761834,18708,25,1,0,1,1,1.9000000000000001,1.9000000000000001,2025-Jan-29-19:35:10.157370
0.4160201626761834,18709,25,1,0,1,1,1.9000000000000001,1.9000000000000001,2025-Jan-29-19:35:10.252660
0.4160201626761834,18710,25,1,0,1,1,1.9000000000000001,1.9000000000000001,2025-Jan-29-19:35:10.349748
0.4160201626761834,18711,25,1,0,1,1,1.9000000000000001,1.9000000000000001,2025-Jan-29-19:35:10.444934
0.4160201626761834,18712,25,1,0,1,1,1.9000000000000001,1.9000000000000001,2025-Jan-29-19:35:10.538679
0.8436562666978078,18713,25,1,0,-1,-1,0.0,0.0,2025-Jan-29-19:35:10.630880
0.4160201626761834,18714,25,1,0,1,1,1.9000000000000001,1.9000000000000001,2025-Jan-29-19:35:10.767108
0.4160201626761834,18715,25,1,0,1,1,1.9000000000000001,1.9000000000000001,2025-Jan-29-19:35:10.869708
0.4160201626761834,18716,25,1,0,1,1,1.9000000000000001,1.9000000000000001,2025-Jan-29-19:35:10.968066
0.4160201626761834,18717,25,1,0,1,1,1.9000000000000001,1.9000000000000001,2025-Jan-29-19:35:11.064995
0.4160201626761834,18718,25,1,0,1,1,1.9000000000000001,1.9000000000000001,2025-Jan-29-19:35:11.159890
0.7561122308552579,18719,25,1,0,-1,0,0.0,0.0,2025-Jan-29-19:35:11.215665
0.7185205030005031,18720,25,1,0,0,0,0.0,0.0,2025-Jan-29-19:35:11.258915
0.7185205030005031,18721,25,1,0,0,0,0.0,0.0,2025-Jan-29-19:35:11.488374
0.4160201626761834,18722,25,1,0,1,1,1.9000000000000001,1.9000000000000001,2025-Jan-29-19:35:11.617314
0.7561122308552579,18723,25,1,0,-1,0,0.0,0.0,2025-Jan-29-19:35:11.697848
0.629780506117975,18724,25,1,0,-1,1,0.0,1.9000000000000001,2025-Jan-29-19:35:11.808989
0.4160201626761834,18725,25,1,0,1,1,1.9000000000000001,1.9000000000000001,2025-Jan-29-19:35:11.905057
0.7185205030005031,18726,25,1,0,0,0,0.0,0.0,2025-Jan-29-19:35:11.948556
0.7185205030005031,18727,25,1,0,0,0,0.0,0.0,2025-Jan-29-19:35:11.991533
0.7185205030005031,18728,25,1,0,0,0,0.0,0.0,2025-Jan-29-19:35:12.034894
0.4160201626761834,18729,25,1,0,1,1,1.9000000000000001,1.9000000000000001,2025-Jan-29-19:35:12.130288
0.4160201626761834,18730,25,1,0,1,1,1.9000000000000001,1.9000000000000001,2025-Jan-29-19:35:12.225703
0.4160201626761834,18731,25,1,0,1,1,1.9000000000000001,1.9000000000000001,2025-Jan-29-19:35:12.320469
0.5921787662199604,18732,25,1,0,0,1,0.0,1.9000000000000001,2025-Jan-29-19:35:12.392077
0.5921787662199604,18733,25,1,0,0,1,0.0,1.9000000000000001,2025-Jan-29-19:35:12.463327
0.4160201626761834,18734,25,1,0,1,1,1.9000000000000001,1.9000000000000001,2025-Jan-29-19:35:12.575570
0.629780506117975,18735,25,1,0,-1,1,0.0,1.9000000000000001,2025-Jan-29-19:35:12.709279
0.7561122308552579,18736,25,1,0,-1,0,0.0,0.0,2025-Jan-29-19:35:12.789960
0.4160201626761834,18737,25,1,0,1,1,1.9000000000000001,1.9000000000000001,2025-Jan-29-19:35:12.885935
0.4160201626761834,18738,25,1,0,1,1,1.9000000000000001,1.9000000000000001,2025-Jan-29-19:35:12.980366
0.5921787662199604,18739,25,1,0,0,1,0.0,1.9000000000000001,2025-Jan-29-19:35:13.051618
0.4160201626761834,18740,25,1,0,1,1,1.9000000000000001,1.9000000000000001,2025-Jan-29-19:35:13.146799
0.7561122308552579,18741,25,1,0,-1,0,0.0,0.0,2025-Jan-29-19:35:13.202090
0.4160201626761834,18742,25,1,0,1,1,1.9000000000000001,1.9000000000000001,2025-Jan-29-19:35:13.296823
0.4160201626761834,18743,25,1,0,1,1,1.9000000000000001,1.9000000000000001,2025-Jan-29-19:35:13.391340
0.4160201626761834,18744,25,1,0,1,1,1.9000000000000001,1.9000000000000001,2025-Jan-29-19:35:13.485884
0.629780506117975,18745,25,1,0,-1,1,0.0,1.9000000000000001,2025-Jan-29-19:35:13.586894
0.4160201626761834,18746,25,1,0,1,1,1.9000000000000001,1.9000000000000001,2025-Jan-29-19:35:13.724983
0.4160201626761834,18747,25,1,0,1,1,1.9000000000000001,1.9000000000000001,2025-Jan-29-19:35:13.840172
0.4160201626761834,18748,25,1,0,1,1,1.9000000000000001,1.9000000000000001,2025-Jan-29-19:35:13.936142
0.4160201626761834,18749,25,1,0,1,1,1.9000000000000001,1.9000000000000001,2025-Jan-29-19:35:14.030310
0.8060591477019475,18750,25,1,0,0,-1,0.0,0.0,2025-Jan-29-19:35:14.085052
0.629780506117975,18751,25,1,0,-1,1,0.0,1.9000000000000001,2025-Jan-29-19:35:14.168994
0.7561122308552579,18752,25,1,0,-1,0,0.0,0.0,2025-Jan-29-19:35:14.224214
0.7185205030005031,18753,25,1,0,0,0,0.0,0.0,2025-Jan-29-19:35:14.267187
0.4160201626761834,18754,25,1,0,1,1,1.9000000000000001,1.9000000000000001,2025-Jan-29-19:35:14.361139
0.4160201626761834,18755,25,1,0,1,1,1.9000000000000001,1.9000000000000001,2025-Jan-29-19:35:14.456682
0.4160201626761834,18756,25,1,0,1,1,1.9000000000000001,1.9000000000000001,2025-Jan-29-19:35:14.567541
0.7185205030005031,18757,25,1,0,0,0,0.0,0.0,2025-Jan-29-19:35:14.639662
0.629780506117975,18758,25,1,0,-1,1,0.0,1.9000000000000001,2025-Jan-29-19:35:14.759207
0.4160201626761834,18759,25,1,0,1,1,1.9000000000000001,1.9000000000000001,2025-Jan-29-19:35:14.856699
0.5423573219619376,18760,25,1,0,1,0,1.9000000000000001,0.0,2025-Jan-29-19:35:14.927850
0.8436562666978078,18761,25,1,0,-1,-1,0.0,0.0,2025-Jan-29-19:35:14.995041
0.4160201626761834,18762,25,1,0,1,1,1.9000000000000001,1.9000000000000001,2025-Jan-29-19:35:15.089988
0.4160201626761834,18763,25,1,0,1,1,1.9000000000000001,1.9000000000000001,2025-Jan-29-19:35:15.184209
0.4160201626761834,18764,25,1,0,1,1,1.9000000000000001,1.9000000000000001,2025-Jan-29-19:35:15.277869
0.4160201626761834,18765,25,1,0,1,1,1.9000000000000001,1.9000000000000001,2025-Jan-29-19:35:15.371966
0.4160201626761834,18766,25,1,0,1,1,1.9000000000000001,1.9000000000000001,2025-Jan-29-19:35:15.465937
0.4160201626761834,18767,25,1,0,1,1,1.9000000000000001,1.9000000000000001,2025-Jan-29-19:35:15.572088
0.8060591477019475,18768,25,1,0,0,-1,0.0,0.0,2025-Jan-29-19:35:15.663017
0.4160201626761834,18769,25,1,0,1,1,1.9000000000000001,1.9000000000000001,2025-Jan-29-19:35:15.784374
0.4160201626761834,18770,25,1,0,1,1,1.9000000000000001,1.9000000000000001,2025-Jan-29-19:35:15.882555
0.7185205030005031,18771,25,1,0,0,0,0.0,0.0,2025-Jan-29-19:35:15.926095
0.4160201626761834,18772,25,1,0,1,1,1.9000000000000001,1.9000000000000001,2025-Jan-29-19:35:16.020858
0.7561122308552579,18773,25,1,0,-1,0,0.0,0.0,2025-Jan-29-19:35:16.075842
0.4160201626761834,18774,25,1,0,1,1,1.9000000000000001,1.9000000000000001,2025-Jan-29-19:35:16.170442
0.629780506117975,18775,25,1,0,-1,1,0.0,1.9000000000000001,2025-Jan-29-19:35:16.254346
0.7185205030005031,18776,25,1,0,0,0,0.0,0.0,2025-Jan-29-19:35:16.296955
0.4160201626761834,18777,25,1,0,1,1,1.9000000000000001,1.9000000000000001,2025-Jan-29-19:35:16.390272
0.7185205030005031,18778,25,1,0,0,0,0.0,0.0,2025-Jan-29-19:35:16.432773
0.4160201626761834,18779,25,1,0,1,1,1.9000000000000001,1.9000000000000001,2025-Jan-29-19:35:16.526403
0.5423573219619376,18780,25,1,0,1,0,1.9000000000000001,0.0,2025-Jan-29-19:35:16.632685
0.7561122308552579,18781,25,1,0,-1,0,0.0,0.0,2025-Jan-29-19:35:16.715249
0.8060591477019475,18782,25,1,0,0,-1,0.0,0.0,2025-Jan-29-19:35:16.791812
0.4160201626761834,18783,25,1,0,1,1,1.9000000000000001,1.9000000000000001,2025-Jan-29-19:35:16.886933
0.4160201626761834,18784,25,1,0,1,1,1.9000000000000001,1.9000000000000001,2025-Jan-29-19:35:16.981427
0.7185205030005031,18785,25,1,0,0,0,0.0,0.0,2025-Jan-29-19:35:17.024836
0.4160201626761834,18786,25,1,0,1,1,1.9000000000000001,1.9000000000000001,2025-Jan-29-19:35:17.123733
0.4160201626761834,18787,25,1,0,1,1,1.9000000000000001,1.9000000000000001,2025-Jan-29-19:35:17.234099
0.4160201626761834,18788,25,1,0,1,1,1.9000000000000001,1.9000000000000001,2025-Jan-29-19:35:17.331764
0.4160201626761834,18789,25,1,0,1,1,1.9000000000000001,1.9000000000000001,2025-Jan-29-19:35:17.426095
0.4160201626761834,18790,25,1,0,1,1,1.9000000000000001,1.9000000000000001,2025-Jan-29-19:35:17.520376
0.8060591477019475,18791,25,1,0,0,-1,0.0,0.0,2025-Jan-29-19:35:17.599459
0.4160201626761834,18792,25,1,0,1,1,1.9000000000000001,1.9000000000000001,2025-Jan-29-19:35:17.915715
0.8060591477019475,18793,25,1,0,0,-1,0.0,0.0,2025-Jan-29-19:35:17.991747
0.7561122308552579,18794,25,1,0,-1,0,0.0,0.0,2025-Jan-29-19:35:18.048235
0.629780506117975,18795,25,1,0,-1,1,0.0,1.9000000000000001,2025-Jan-29-19:35:18.132080
0.4160201626761834,18796,25,1,0,1,1,1.9000000000000001,1.9000000000000001,2025-Jan-29-19:35:18.226424
0.8060591477019475,18797,25,1,0,0,-1,0.0,0.0,2025-Jan-29-19:35:18.281567
0.7185205030005031,18798,25,1,0,0,0,0.0,0.0,2025-Jan-29-19:35:18.324988
0.4160201626761834,18799,25,1,0,1,1,1.9000000000000001,1.9000000000000001,2025-Jan-29-19:35:18.419181
0.8060591477019475,18800,25,1,0,0,-1,0.0,0.0,2025-Jan-29-19:35:18.474282
0.8060591477019475,18801,25,1,0,0,-1,0.0,0.0,2025-Jan-29-19:35:18.529574
0.4160201626761834,18802,25,1,0,1,1,1.9000000000000001,1.9000000000000001,2025-Jan-29-19:35:18.652047
0.4160201626761834,18803,25,1,0,1,1,1.9000000000000001,1.9000000000000001,2025-Jan-29-19:35:18.779942
0.4160201626761834,18804,25,1,0,1,1,1.9000000000000001,1.9000000000000001,2025-Jan-29-19:35:18.875687
0.7185205030005031,18805,25,1,0,0,0,0.0,0.0,2025-Jan-29-19:35:18.918516
0.4160201626761834,18806,25,1,0,1,1,1.9000000000000001,1.9000000000000001,2025-Jan-29-19:35:19.015564
0.7185205030005031,18807,25,1,0,0,0,0.0,0.0,2025-Jan-29-19:35:19.058759
0.7185205030005031,18808,25,1,0,0,0,0.0,0.0,2025-Jan-29-19:35:19.102005
0.4160201626761834,18809,25,1,0,1,1,1.9000000000000001,1.9000000000000001,2025-Jan-29-19:35:19.196543
0.5423573219619376,18810,25,1,0,1,0,1.9000000000000001,0.0,2025-Jan-29-19:35:19.268205
0.4160201626761834,18811,25,1,0,1,1,1.9000000000000001,1.9000000000000001,2025-Jan-29-19:35:19.362247
0.4160201626761834,18812,25,1,0,1,1,1.9000000000000001,1.9000000000000001,2025-Jan-29-19:35:19.456681
0.6298883869405699,18813,25,1,0,1,-1,1.9000000000000001,0.0,2025-Jan-29-19:35:19.539890
0.8436562666978078,18814,25,1,0,-1,-1,0.0,0.0,2025-Jan-29-19:35:19.636710
0.7561122308552579,18815,25,1,0,-1,0,0.0,0.0,2025-Jan-29-19:35:19.726490
0.7185205030005031,18816,25,1,0,0,0,0.0,0.0,2025-Jan-29-19:35:19.795528
0.7561122308552579,18817,25,1,0,-1,0,0.0,0.0,2025-Jan-29-19:35:19.852395
0.4160201626761834,18818,25,1,0,1,1,1.9000000000000001,1.9000000000000001,2025-Jan-29-19:35:19.949389
0.4160201626761834,18819,25,1,0,1,1,1.9000000000000001,1.9000000000000001,2025-Jan-29-19:35:20.045390
0.4160201626761834,18820,25,1,0,1,1,1.9000000000000001,1.9000000000000001,2025-Jan-29-19:35:20.140208
0.7561122308552579,18821,25,1,0,-1,0,0.0,0.0,2025-Jan-29-19:35:20.195470
0.4160201626761834,18822,25,1,0,1,1,1.9000000000000001,1.9000000000000001,2025-Jan-29-19:35:20.289688
0.7185205030005031,18823,25,1,0,0,0,0.0,0.0,2025-Jan-29-19:35:20.333245
0.4160201626761834,18824,25,1,0,1,1,1.9000000000000001,1.9000000000000001,2025-Jan-29-19:35:20.427580
0.7561122308552579,18825,25,1,0,-1,0,0.0,0.0,2025-Jan-29-19:35:20.483137
0.629780506117975,18826,25,1,0,-1,1,0.0,1.9000000000000001,2025-Jan-29-19:35:20.587933
0.7185205030005031,18827,25,1,0,0,0,0.0,0.0,2025-Jan-29-19:35:20.671898
0.7185205030005031,18828,25,1,0,0,0,0.0,0.0,2025-Jan-29-19:35:20.745620
0.4160201626761834,18829,25,1,0,1,1,1.9000000000000001,1.9000000000000001,2025-Jan-29-19:35:20.860850
0.7185205030005031,18830,25,1,0,0,0,0.0,0.0,2025-Jan-29-19:35:20.904947
0.4160201626761834,18831,25,1,0,1,1,1.9000000000000001,1.9000000000000001,2025-Jan-29-19:35:20.999614
0.4160201626761834,18832,25,1,0,1,1,1.9000000000000001,1.9000000000000001,2025-Jan-29-19:35:21.094186
0.4160201626761834,18833,25,1,0,1,1,1.9000000000000001,1.9000000000000001,2025-Jan-29-19:35:21.188324
0.5921787662199604,18834,25,1,0,0,1,0.0,1.9000000000000001,2025-Jan-29-19:35:21.260078
0.5921787662199604,18835,25,1,0,0,1,0.0,1.9000000000000001,2025-Jan-29-19:35:21.331488
0.4160201626761834,18836,25,1,0,1,1,1.9000000000000001,1.9000000000000001,2025-Jan-29-19:35:21.426870
0.629780506117975,18837,25,1,0,-1,1,0.0,1.9000000000000001,2025-Jan-29-19:35:21.510935
0.4160201626761834,18838,25,1,0,1,1,1.9000000000000001,1.9000000000000001,2025-Jan-29-19:35:21.625180
0.5921787662199604,18839,25,1,0,0,1,0.0,1.9000000000000001,2025-Jan-29-19:35:21.738388
0.4160201626761834,18840,25,1,0,1,1,1.9000000000000001,1.9000000000000001,2025-Jan-29-19:35:21.842154
0.5921787662199604,18841,25,1,0,0,1,0.0,1.9000000000000001,2025-Jan-29-19:35:21.917984
0.8060591477019475,18842,25,1,0,0,-1,0.0,0.0,2025-Jan-29-19:35:21.974922
0.7561122308552579,18843,25,1,0,-1,0,0.0,0.0,2025-Jan-29-19:35:22.030389
0.4160201626761834,18844,25,1,0,1,1,1.9000000000000001,1.9000000000000001,2025-Jan-29-19:35:22.126818
0.4160201626761834,18845,25,1,0,1,1,1.9000000000000001,1.9000000000000001,2025-Jan-29-19:35:22.221877
0.629780506117975,18846,25,1,0,-1,1,0.0,1.9000000000000001,2025-Jan-29-19:35:22.306184
0.4160201626761834,18847,25,1,0,1,1,1.9000000000000001,1.9000000000000001,2025-Jan-29-19:35:22.401421
0.4160201626761834,18848,25,1,0,1,1,1.9000000000000001,1.9000000000000001,2025-Jan-29-19:35:22.496496
0.4160201626761834,18849,25,1,0,1,1,1.9000000000000001,1.9000000000000001,2025-Jan-29-19:35:22.611979
0.8436562666978078,18850,25,1,0,-1,-1,0.0,0.0,2025-Jan-29-19:35:22.717841
0.4160201626761834,18851,25,1,0,1,1,1.9000000000000001,1.9000000000000001,2025-Jan-29-19:35:22.833397
0.4160201626761834,18852,25,1,0,1,1,1.9000000000000001,1.9000000000000001,2025-Jan-29-19:35:22.931634
0.629780506117975,18853,25,1,0,-1,1,0.0,1.9000000000000001,2025-Jan-29-19:35:23.015266
0.4160201626761834,18854,25,1,0,1,1,1.9000000000000001,1.9000000000000001,2025-Jan-29-19:35:23.109763
0.4160201626761834,18855,25,1,0,1,1,1.9000000000000001,1.9000000000000001,2025-Jan-29-19:35:23.204731
0.4160201626761834,18856,25,1,0,1,1,1.9000000000000001,1.9000000000000001,2025-Jan-29-19:35:23.298872
0.7185205030005031,18857,25,1,0,0,0,0.0,0.0,2025-Jan-29-19:35:23.341748
0.7185205030005031,18858,25,1,0,0,0,0.0,0.0,2025-Jan-29-19:35:23.385062
0.4160201626761834,18859,25,1,0,1,1,1.9000000000000001,1.9000000000000001,2025-Jan-29-19:35:23.478725
0.629780506117975,18860,25,1,0,-1,1,0.0,1.9000000000000001,2025-Jan-29-19:35:23.583418
0.5423573219619376,18861,25,1,0,1,0,1.9000000000000001,0.0,2025-Jan-29-19:35:23.697743
0.5423573219619376,18862,25,1,0,1,0,1.9000000000000001,0.0,2025-Jan-29-19:35:23.799778
0.8436562666978078,18863,25,1,0,-1,-1,0.0,0.0,2025-Jan-29-19:35:23.869067
0.4160201626761834,18864,25,1,0,1,1,1.9000000000000001,1.9000000000000001,2025-Jan-29-19:35:23.966669
0.7185205030005031,18865,25,1,0,0,0,0.0,0.0,2025-Jan-29-19:35:24.012946
0.7561122308552579,18866,25,1,0,-1,0,0.0,0.0,2025-Jan-29-19:35:24.070831
0.4160201626761834,18867,25,1,0,1,1,1.9000000000000001,1.9000000000000001,2025-Jan-29-19:35:24.169713
0.7561122308552579,18868,25,1,0,-1,0,0.0,0.0,2025-Jan-29-19:35:24.228251
0.4160201626761834,18869,25,1,0,1,1,1.9000000000000001,1.9000000000000001,2025-Jan-29-19:35:24.328962
0.4160201626761834,18870,25,1,0,1,1,1.9000000000000001,1.9000000000000001,2025-Jan-29-19:35:24.427890
0.8060591477019475,18871,25,1,0,0,-1,0.0,0.0,2025-Jan-29-19:35:24.488096
0.4160201626761834,18872,25,1,0,1,1,1.9000000000000001,1.9000000000000001,2025-Jan-29-19:35:24.628722
0.4160201626761834,18873,25,1,0,1,1,1.9000000000000001,1.9000000000000001,2025-Jan-29-19:35:24.777047
0.4160201626761834,18874,25,1,0,1,1,1.9000000000000001,1.9000000000000001,2025-Jan-29-19:35:24.878444
0.4160201626761834,18875,25,1,0,1,1,1.9000000000000001,1.9000000000000001,2025-Jan-29-19:35:25.252694
0.7561122308552579,18876,25,1,0,-1,0,0.0,0.0,2025-Jan-29-19:35:25.313971
0.4160201626761834,18877,25,1,0,1,1,1.9000000000000001,1.9000000000000001,2025-Jan-29-19:35:25.413234
0.4160201626761834,18878,25,1,0,1,1,1.9000000000000001,1.9000000000000001,2025-Jan-29-19:35:25.511501
0.4160201626761834,18879,25,1,0,1,1,1.9000000000000001,1.9000000000000001,2025-Jan-29-19:35:25.644184
0.4160201626761834,18880,25,1,0,1,1,1.9000000000000001,1.9000000000000001,2025-Jan-29-19:35:25.787653
0.7185205030005031,18881,25,1,0,0,0,0.0,0.0,2025-Jan-29-19:35:25.835559
0.7185205030005031,18882,25,1,0,0,0,0.0,0.0,2025-Jan-29-19:35:25.882056
0.4160201626761834,18883,25,1,0,1,1,1.9000000000000001,1.9000000000000001,2025-Jan-29-19:35:25.980595
0.7561122308552579,18884,25,1,0,-1,0,0.0,0.0,2025-Jan-29-19:35:26.038647
0.8060591477019475,18885,25,1,0,0,-1,0.0,0.0,2025-Jan-29-19:35:26.096687
0.7185205030005031,18886,25,1,0,0,0,0.0,0.0,2025-Jan-29-19:35:26.141912
0.5921787662199604,18887,25,1,0,0,1,0.0,1.9000000000000001,2025-Jan-29-19:35:26.216319
0.7185205030005031,18888,25,1,0,0,0,0.0,0.0,2025-Jan-29-19:35:26.261271
0.4160201626761834,18889,25,1,0,1,1,1.9000000000000001,1.9000000000000001,2025-Jan-29-19:35:26.358477
0.7561122308552579,18890,25,1,0,-1,0,0.0,0.0,2025-Jan-29-19:35:26.416242
0.4160201626761834,18891,25,1,0,1,1,1.9000000000000001,1.9000000000000001,2025-Jan-29-19:35:26.511029
0.4160201626761834,18892,25,1,0,1,1,1.9000000000000001,1.9000000000000001,2025-Jan-29-19:35:26.628169
0.4160201626761834,18893,25,1,0,1,1,1.9000000000000001,1.9000000000000001,2025-Jan-29-19:35:26.752017
0.4160201626761834,18894,25,1,0,1,1,1.9000000000000001,1.9000000000000001,2025-Jan-29-19:35:26.848786
0.4160201626761834,18895,25,1,0,1,1,1.9000000000000001,1.9000000000000001,2025-Jan-29-19:35:26.946330
0.8060591477019475,18896,25,1,0,0,-1,0.0,0.0,2025-Jan-29-19:35:27.002508
0.7561122308552579,18897,25,1,0,-1,0,0.0,0.0,2025-Jan-29-19:35:27.058045
0.4160201626761834,18898,25,1,0,1,1,1.9000000000000001,1.9000000000000001,2025-Jan-29-19:35:27.152758
0.629780506117975,18899,25,1,0,-1,1,0.0,1.9000000000000001,2025-Jan-29-19:35:27.236677
0.8060591477019475,18900,25,1,0,0,-1,0.0,0.0,2025-Jan-29-19:35:27.292065
0.4160201626761834,18901,25,1,0,1,1,1.9000000000000001,1.9000000000000001,2025-Jan-29-19:35:27.386316
0.8436562666978078,18902,25,1,0,-1,-1,0.0,0.0,2025-Jan-29-19:35:27.453858
0.8060591477019475,18903,25,1,0,0,-1,0.0,0.0,2025-Jan-29-19:35:27.508962
0.4160201626761834,18904,25,1,0,1,1,1.9000000000000001,1.9000000000000001,2025-Jan-29-19:35:27.632777
0.4160201626761834,18905,25,1,0,1,1,1.9000000000000001,1.9000000000000001,2025-Jan-29-19:35:27.771441
0.7561122308552579,18906,25,1,0,-1,0,0.0,0.0,2025-Jan-29-19:35:27.834987
0.4160201626761834,18907,25,1,0,1,1,1.9000000000000001,1.9000000000000001,2025-Jan-29-19:35:27.930068
0.7185205030005031,18908,25,1,0,0,0,0.0,0.0,2025-Jan-29-19:35:27.974445
0.4160201626761834,18909,25,1,0,1,1,1.9000000000000001,1.9000000000000001,2025-Jan-29-19:35:28.072865
0.7185205030005031,18910,25,1,0,0,0,0.0,0.0,2025-Jan-29-19:35:28.118005
0.7185205030005031,18911,25,1,0,0,0,0.0,0.0,2025-Jan-29-19:35:28.163082
0.629780506117975,18912,25,1,0,-1,1,0.0,1.9000000000000001,2025-Jan-29-19:35:28.249867
0.4160201626761834,18913,25,1,0,1,1,1.9000000000000001,1.9000000000000001,2025-Jan-29-19:35:28.347497
0.5423573219619376,18914,25,1,0,1,0,1.9000000000000001,0.0,2025-Jan-29-19:35:28.422614
0.4160201626761834,18915,25,1,0,1,1,1.9000000000000001,1.9000000000000001,2025-Jan-29-19:35:28.520206
0.6298883869405699,18916,25,1,0,1,-1,1.9000000000000001,0.0,2025-Jan-29-19:35:28.628725
0.4160201626761834,18917,25,1,0,1,1,1.9000000000000001,1.9000000000000001,2025-Jan-29-19:35:28.797087
0.4160201626761834,18918,25,1,0,1,1,1.9000000000000001,1.9000000000000001,2025-Jan-29-19:35:28.905710
0.7185205030005031,18919,25,1,0,0,0,0.0,0.0,2025-Jan-29-19:35:28.952582
0.4160201626761834,18920,25,1,0,1,1,1.9000000000000001,1.9000000000000001,2025-Jan-29-19:35:29.051582
0.4160201626761834,18921,25,1,0,1,1,1.9000000000000001,1.9000000000000001,2025-Jan-29-19:35:29.150557
