Cost,Sim,Switch_State_Indx,Gen1_on,Gen2_on,Batt1_mode,Batt2_mode,Batt1_power_kW,Batt2_power_kW,Timestamp
0.4160201626761834,18922,25,1,0,1,1,1.9000000000000001,1.9000000000000001,2025-Jan-29-19:35:29.251459
0.5423573219619376,18923,25,1,0,1,0,1.9000000000000001,0.0,2025-Jan-29-19:35:29.328265
0.7185205030005031,18924,25,1,0,0,0,0.0,0.0,2025-Jan-29-19:35:29.374112
0.9471794063316156,18925,25,1,1,0,1,0.0,1.9000000000000001,2025-Jan-29-19:35:29.448454
0.7561122308552579,18926,25,1,0,-1,0,0.0,0.0,2025-Jan-29-19:35:29.507011
1.1111128709475113,18927,25,1,1,-1,0,0.0,0.0,2025-Jan-29-19:35:29.628290
1.0735211430969913,18928,25,1,1,0,0,0.0,0.0,2025-Jan-29-19:35:29.711575
1.0735211430969913,18929,25,1,1,0,0,0.0,0.0,2025-Jan-29-19:35:29.805430
0.5921787662199604,18930,25,1,0,0,1,0.0,1.9000000000000001,2025-Jan-29-19:35:29.885232
1.1986569067802102,18931,25,1,1,-1,-1,0.0,0.0,2025-Jan-29-19:35:29.957473
0.7561122308552579,18932,25,1,0,-1,0,0.0,0.0,2025-Jan-29-19:35:30.017047
0.5921787662199604,18933,25,1,0,0,1,0.0,1.9000000000000001,2025-Jan-29-19:35:30.096753
0.8060591477019475,18934,25,1,0,0,-1,0.0,0.0,2025-Jan-29-19:35:30.157208
1.1111128709475113,18935,25,1,1,-1,0,0.0,0.0,2025-Jan-29-19:35:30.216187
0.629780506117975,18936,25,1,0,-1,1,0.0,1.9000000000000001,2025-Jan-29-19:35:30.304591
1.1111128709475113,18937,25,1,1,-1,0,0.0,0.0,2025-Jan-29-19:35:30.363529
0.8973579620796409,18938,25,1,1,1,0,1.9000000000000001,0.0,2025-Jan-29-19:35:30.439479
0.7185205030005031,18939,25,1,0,0,0,0.0,0.0,2025-Jan-29-19:35:30.485778
0.8973579620796409,18940,25,1,1,1,0,1.9000000000000001,0.0,2025-Jan-29-19:35:30.571962
0.5921787662199604,18941,25,1,0,0,1,0.0,1.9000000000000001,2025-Jan-29-19:35:30.696244
0.5921787662199604,18942,25,1,0,0,1,0.0,1.9000000000000001,2025-Jan-29-19:35:30.808359
0.8973579620796409,18943,25,1,1,1,0,1.9000000000000001,0.0,2025-Jan-29-19:35:30.885942
0.5921787662199604,18944,25,1,0,0,1,0.0,1.9000000000000001,2025-Jan-29-19:35:30.964881
0.8060591477019475,18945,25,1,0,0,-1,0.0,0.0,2025-Jan-29-19:35:31.023866
0.9848890270480929,18946,25,1,1,1,-1,1.9000000000000001,0.0,2025-Jan-29-19:35:31.113236
0.5423573219619376,18947,25,1,0,1,0,1.9000000000000001,0.0,2025-Jan-29-19:35:31.188541
0.7185205030005031,18948,25,1,0,0,0,0.0,0.0,2025-Jan-29-19:35:31.234149
0.5423573219619376,18949,25,1,0,1,0,1.9000000000000001,0.0,2025-Jan-29-19:35:31.309152
0.7561122308552579,18950,25,1,0,-1,0,0.0,0.0,2025-Jan-29-19:35:31.368342
1.1986569067802102,18951,25,1,1,-1,-1,0.0,0.0,2025-Jan-29-19:35:31.440431
0.8973579620796409,18952,25,1,1,1,0,1.9000000000000001,0.0,2025-Jan-29-19:35:31.516538
0.5921787662199604,18953,25,1,0,0,1,0.0,1.9000000000000001,2025-Jan-29-19:35:31.628011
0.5921787662199604,18954,25,1,0,0,1,0.0,1.9000000000000001,2025-Jan-29-19:35:31.744538
0.9760242519712691,18955,25,1,1,-1,1,0.0,1.9000000000000001,2025-Jan-29-19:35:31.854784
1.0735211430969913,18956,25,1,1,0,0,0.0,0.0,2025-Jan-29-19:35:31.905385
1.0735211430969913,18957,25,1,1,0,0,0.0,0.0,2025-Jan-29-19:35:31.951537
0.9760242519712691,18958,25,1,1,-1,1,0.0,1.9000000000000001,2025-Jan-29-19:35:32.039452
0.8060591477019475,18959,25,1,0,0,-1,0.0,0.0,2025-Jan-29-19:35:32.097980
1.161059787788528,18960,25,1,1,0,-1,0.0,0.0,2025-Jan-29-19:35:32.158670
0.7185205030005031,18961,25,1,0,0,0,0.0,0.0,2025-Jan-29-19:35:32.206155
0.629780506117975,18962,25,1,0,-1,1,0.0,1.9000000000000001,2025-Jan-29-19:35:32.525120
0.8060591477019475,18963,25,1,0,0,-1,0.0,0.0,2025-Jan-29-19:35:32.597012
1.0735211430969913,18964,25,1,1,0,0,0.0,0.0,2025-Jan-29-19:35:32.677251
1.0735211430969913,18965,25,1,1,0,0,0.0,0.0,2025-Jan-29-19:35:32.753259
0.5423573219619376,18966,25,1,0,1,0,1.9000000000000001,0.0,2025-Jan-29-19:35:32.834617
0.8973579620796409,18967,25,1,1,1,0,1.9000000000000001,0.0,2025-Jan-29-19:35:32.906736
0.8436562666978078,18968,25,1,0,-1,-1,0.0,0.0,2025-Jan-29-19:35:32.974639
0.9471794063316156,18969,25,1,1,0,1,0.0,1.9000000000000001,2025-Jan-29-19:35:33.045987
0.9848890270480929,18970,25,1,1,1,-1,1.9000000000000001,0.0,2025-Jan-29-19:35:33.130049
0.9848890270480929,18971,25,1,1,1,-1,1.9000000000000001,0.0,2025-Jan-29-19:35:33.214589
1.0735211430969913,18972,25,1,1,0,0,0.0,0.0,2025-Jan-29-19:35:33.258352
0.5423573219619376,18973,25,1,0,1,0,1.9000000000000001,0.0,2025-Jan-29-19:35:33.330093
0.7561122308552579,18974,25,1,0,-1,0,0.0,0.0,2025-Jan-29-19:35:33.385517
0.5423573219619376,18975,25,1,0,1,0,1.9000000000000001,0.0,2025-Jan-29-19:35:33.456822
0.7185205030005031,18976,25,1,0,0,0,0.0,0.0,2025-Jan-29-19:35:33.500153
0.5423573219619376,18977,25,1,0,1,0,1.9000000000000001,0.0,2025-Jan-29-19:35:33.583862
0.5423573219619376,18978,25,1,0,1,0,1.9000000000000001,0.0,2025-Jan-29-19:35:33.683309
0.5423573219619376,18979,25,1,0,1,0,1.9000000000000001,0.0,2025-Jan-29-19:35:33.778184
0.5423573219619376,18980,25,1,0,1,0,1.9000000000000001,0.0,2025-Jan-29-19:35:33.854896
0.5423573219619376,18981,25,1,0,1,0,1.9000000000000001,0.0,2025-Jan-29-19:35:33.927983
0.5423573219619376,18982,25,1,0,1,0,1.9000000000000001,0.0,2025-Jan-29-19:35:33.999792
0.5423573219619376,18983,25,1,0,1,0,1.9000000000000001,0.0,2025-Jan-29-19:35:34.071876
0.5423573219619376,18984,25,1,0,1,0,1.9000000000000001,0.0,2025-Jan-29-19:35:34.143731
0.6298883869405699,18985,25,1,0,1,-1,1.9000000000000001,0.0,2025-Jan-29-19:35:34.227639
0.5423573219619376,18986,25,1,0,1,0,1.9000000000000001,0.0,2025-Jan-29-19:35:34.299721
0.8973579620796409,18987,25,1,1,1,0,1.9000000000000001,0.0,2025-Jan-29-19:35:34.371108
0.5423573219619376,18988,25,1,0,1,0,1.9000000000000001,0.0,2025-Jan-29-19:35:34.442522
0.5423573219619376,18989,25,1,0,1,0,1.9000000000000001,0.0,2025-Jan-29-19:35:34.514327
0.5423573219619376,18990,25,1,0,1,0,1.9000000000000001,0.0,2025-Jan-29-19:35:34.612351
0.7561122308552579,18991,25,1,0,-1,0,0.0,0.0,2025-Jan-29-19:35:34.699062
0.8973579620796409,18992,25,1,1,1,0,1.9000000000000001,0.0,2025-Jan-29-19:35:34.795288
0.7185205030005031,18993,25,1,0,0,0,0.0,0.0,2025-Jan-29-19:35:34.839625
0.5423573219619376,18994,25,1,0,1,0,1.9000000000000001,0.0,2025-Jan-29-19:35:34.911807
0.5423573219619376,18995,25,1,0,1,0,1.9000000000000001,0.0,2025-Jan-29-19:35:34.983384
0.8973579620796409,18996,25,1,1,1,0,1.9000000000000001,0.0,2025-Jan-29-19:35:35.055181
0.7561122308552579,18997,25,1,0,-1,0,0.0,0.0,2025-Jan-29-19:35:35.110852
0.6298883869405699,18998,25,1,0,1,-1,1.9000000000000001,0.0,2025-Jan-29-19:35:35.194500
1.0735211430969913,18999,25,1,1,0,0,0.0,0.0,2025-Jan-29-19:35:35.237677
0.7185205030005031,19000,25,1,0,0,0,0.0,0.0,2025-Jan-29-19:35:35.281058
0.5423573219619376,19001,25,1,0,1,0,1.9000000000000001,0.0,2025-Jan-29-19:35:35.352159
0.5423573219619376,19002,25,1,0,1,0,1.9000000000000001,0.0,2025-Jan-29-19:35:35.423022
1.1986569067802102,19003,25,1,1,-1,-1,0.0,0.0,2025-Jan-29-19:35:35.490916
0.5423573219619376,19004,25,1,0,1,0,1.9000000000000001,0.0,2025-Jan-29-19:35:35.586647
1.0735211430969913,19005,25,1,1,0,0,0.0,0.0,2025-Jan-29-19:35:35.653682
1.1986569067802102,19006,25,1,1,-1,-1,0.0,0.0,2025-Jan-29-19:35:35.756370
0.7561122308552579,19007,25,1,0,-1,0,0.0,0.0,2025-Jan-29-19:35:35.817665
1.0735211430969913,19008,25,1,1,0,0,0.0,0.0,2025-Jan-29-19:35:35.865298
0.8060591477019475,19009,25,1,0,0,-1,0.0,0.0,2025-Jan-29-19:35:35.928324
0.5423573219619376,19010,25,1,0,1,0,1.9000000000000001,0.0,2025-Jan-29-19:35:36.001578
0.5423573219619376,19011,25,1,0,1,0,1.9000000000000001,0.0,2025-Jan-29-19:35:36.073631
0.7561122308552579,19012,25,1,0,-1,0,0.0,0.0,2025-Jan-29-19:35:36.129605
1.1986569067802102,19013,25,1,1,-1,-1,0.0,0.0,2025-Jan-29-19:35:36.197138
0.9848890270480929,19014,25,1,1,1,-1,1.9000000000000001,0.0,2025-Jan-29-19:35:36.281847
0.7185205030005031,19015,25,1,0,0,0,0.0,0.0,2025-Jan-29-19:35:36.324900
0.7185205030005031,19016,25,1,0,0,0,0.0,0.0,2025-Jan-29-19:35:36.367935
0.9471794063316156,19017,25,1,1,0,1,0.0,1.9000000000000001,2025-Jan-29-19:35:36.439091
0.8436562666978078,19018,25,1,0,-1,-1,0.0,0.0,2025-Jan-29-19:35:36.506893
0.8436562666978078,19019,25,1,0,-1,-1,0.0,0.0,2025-Jan-29-19:35:36.595888
0.8060591477019475,19020,25,1,0,0,-1,0.0,0.0,2025-Jan-29-19:35:36.682031
0.629780506117975,19021,25,1,0,-1,1,0.0,1.9000000000000001,2025-Jan-29-19:35:36.801735
0.5423573219619376,19022,25,1,0,1,0,1.9000000000000001,0.0,2025-Jan-29-19:35:36.874591
0.7185205030005031,19023,25,1,0,0,0,0.0,0.0,2025-Jan-29-19:35:36.920804
0.5921787662199604,19024,25,1,0,0,1,0.0,1.9000000000000001,2025-Jan-29-19:35:36.992422
0.5921787662199604,19025,25,1,0,0,1,0.0,1.9000000000000001,2025-Jan-29-19:35:37.064815
0.5921787662199604,19026,25,1,0,0,1,0.0,1.9000000000000001,2025-Jan-29-19:35:37.136053
0.8973579620796409,19027,25,1,1,1,0,1.9000000000000001,0.0,2025-Jan-29-19:35:37.207146
0.7561122308552579,19028,25,1,0,-1,0,0.0,0.0,2025-Jan-29-19:35:37.262788
0.9848890270480929,19029,25,1,1,1,-1,1.9000000000000001,0.0,2025-Jan-29-19:35:37.346894
0.7185205030005031,19030,25,1,0,0,0,0.0,0.0,2025-Jan-29-19:35:37.389788
0.8973579620796409,19031,25,1,1,1,0,1.9000000000000001,0.0,2025-Jan-29-19:35:37.461438
1.1111128709475113,19032,25,1,1,-1,0,0.0,0.0,2025-Jan-29-19:35:37.717099
0.5423573219619376,19033,25,1,0,1,0,1.9000000000000001,0.0,2025-Jan-29-19:35:37.844912
0.4160201626761834,19034,25,1,0,1,1,1.9000000000000001,1.9000000000000001,2025-Jan-29-19:35:37.952552
0.7185205030005031,19035,25,1,0,0,0,0.0,0.0,2025-Jan-29-19:35:37.999063
0.8973579620796409,19036,25,1,1,1,0,1.9000000000000001,0.0,2025-Jan-29-19:35:38.074169
0.8060591477019475,19037,25,1,0,0,-1,0.0,0.0,2025-Jan-29-19:35:38.131736
0.4160201626761834,19038,25,1,0,1,1,1.9000000000000001,1.9000000000000001,2025-Jan-29-19:35:38.228421
0.5423573219619376,19039,25,1,0,1,0,1.9000000000000001,0.0,2025-Jan-29-19:35:38.302548
0.7185205030005031,19040,25,1,0,0,0,0.0,0.0,2025-Jan-29-19:35:38.347334
1.1111128709475113,19041,25,1,1,-1,0,0.0,0.0,2025-Jan-29-19:35:38.405504
0.9760242519712691,19042,25,1,1,-1,1,0.0,1.9000000000000001,2025-Jan-29-19:35:38.491820
0.8060591477019475,19043,25,1,0,0,-1,0.0,0.0,2025-Jan-29-19:35:38.549278
0.4160201626761834,19044,25,1,0,1,1,1.9000000000000001,1.9000000000000001,2025-Jan-29-19:35:38.686030
0.7710208028095181,19045,25,1,1,1,1,1.9000000000000001,1.9000000000000001,2025-Jan-29-19:35:38.827768
0.629780506117975,19046,25,1,0,-1,1,0.0,1.9000000000000001,2025-Jan-29-19:35:38.918137
0.4160201626761834,19047,25,1,0,1,1,1.9000000000000001,1.9000000000000001,2025-Jan-29-19:35:39.020792
0.7710208028095181,19048,25,1,1,1,1,1.9000000000000001,1.9000000000000001,2025-Jan-29-19:35:39.118831
0.4160201626761834,19049,25,1,0,1,1,1.9000000000000001,1.9000000000000001,2025-Jan-29-19:35:39.217381
0.4160201626761834,19050,25,1,0,1,1,1.9000000000000001,1.9000000000000001,2025-Jan-29-19:35:39.315146
0.5921787662199604,19051,25,1,0,0,1,0.0,1.9000000000000001,2025-Jan-29-19:35:39.388399
0.6298883869405699,19052,25,1,0,1,-1,1.9000000000000001,0.0,2025-Jan-29-19:35:39.474018
0.4160201626761834,19053,25,1,0,1,1,1.9000000000000001,1.9000000000000001,2025-Jan-29-19:35:39.593212
0.5423573219619376,19054,25,1,0,1,0,1.9000000000000001,0.0,2025-Jan-29-19:35:39.708307
0.4160201626761834,19055,25,1,0,1,1,1.9000000000000001,1.9000000000000001,2025-Jan-29-19:35:39.856696
0.4160201626761834,19056,25,1,0,1,1,1.9000000000000001,1.9000000000000001,2025-Jan-29-19:35:39.953448
0.4160201626761834,19057,25,1,0,1,1,1.9000000000000001,1.9000000000000001,2025-Jan-29-19:35:40.047851
0.4160201626761834,19058,25,1,0,1,1,1.9000000000000001,1.9000000000000001,2025-Jan-29-19:35:40.142551
0.4160201626761834,19059,25,1,0,1,1,1.9000000000000001,1.9000000000000001,2025-Jan-29-19:35:40.236765
0.4160201626761834,19060,25,1,0,1,1,1.9000000000000001,1.9000000000000001,2025-Jan-29-19:35:40.333143
0.4160201626761834,19061,25,1,0,1,1,1.9000000000000001,1.9000000000000001,2025-Jan-29-19:35:40.427920
0.7710208028095181,19062,25,1,1,1,1,1.9000000000000001,1.9000000000000001,2025-Jan-29-19:35:40.521910
0.4160201626761834,19063,25,1,0,1,1,1.9000000000000001,1.9000000000000001,2025-Jan-29-19:35:40.648362
0.5423573219619376,19064,25,1,0,1,0,1.9000000000000001,0.0,2025-Jan-29-19:35:40.761327
0.7185205030005031,19065,25,1,0,0,0,0.0,0.0,2025-Jan-29-19:35:40.808136
0.5423573219619376,19066,25,1,0,1,0,1.9000000000000001,0.0,2025-Jan-29-19:35:40.879950
0.6298883869405699,19067,25,1,0,1,-1,1.9000000000000001,0.0,2025-Jan-29-19:35:40.963649
0.9760242519712691,19068,25,1,1,-1,1,0.0,1.9000000000000001,2025-Jan-29-19:35:41.047372
0.8060591477019475,19069,25,1,0,0,-1,0.0,0.0,2025-Jan-29-19:35:41.102835
0.629780506117975,19070,25,1,0,-1,1,0.0,1.9000000000000001,2025-Jan-29-19:35:41.186508
1.0735211430969913,19071,25,1,1,0,0,0.0,0.0,2025-Jan-29-19:35:41.229761
0.9471794063316156,19072,25,1,1,0,1,0.0,1.9000000000000001,2025-Jan-29-19:35:41.301508
0.7561122308552579,19073,25,1,0,-1,0,0.0,0.0,2025-Jan-29-19:35:41.357234
0.8060591477019475,19074,25,1,0,0,-1,0.0,0.0,2025-Jan-29-19:35:41.412647
1.161059787788528,19075,25,1,1,0,-1,0.0,0.0,2025-Jan-29-19:35:41.467923
0.7185205030005031,19076,25,1,0,0,0,0.0,0.0,2025-Jan-29-19:35:41.511374
1.161059787788528,19077,25,1,1,0,-1,0.0,0.0,2025-Jan-29-19:35:41.592241
1.1986569067802102,19078,25,1,1,-1,-1,0.0,0.0,2025-Jan-29-19:35:41.699565
0.7561122308552579,19079,25,1,0,-1,0,0.0,0.0,2025-Jan-29-19:35:41.781330
0.7185205030005031,19080,25,1,0,0,0,0.0,0.0,2025-Jan-29-19:35:41.827580
0.8060591477019475,19081,25,1,0,0,-1,0.0,0.0,2025-Jan-29-19:35:41.883760
0.9760242519712691,19082,25,1,1,-1,1,0.0,1.9000000000000001,2025-Jan-29-19:35:41.969719
0.5921787662199604,19083,25,1,0,0,1,0.0,1.9000000000000001,2025-Jan-29-19:35:42.041552
1.1111128709475113,19084,25,1,1,-1,0,0.0,0.0,2025-Jan-29-19:35:42.097079
0.7185205030005031,19085,25,1,0,0,0,0.0,0.0,2025-Jan-29-19:35:42.140647
0.9471794063316156,19086,25,1,1,0,1,0.0,1.9000000000000001,2025-Jan-29-19:35:42.212075
1.0735211430969913,19087,25,1,1,0,0,0.0,0.0,2025-Jan-29-19:35:42.256473
0.8060591477019475,19088,25,1,0,0,-1,0.0,0.0,2025-Jan-29-19:35:42.312449
0.7185205030005031,19089,25,1,0,0,0,0.0,0.0,2025-Jan-29-19:35:42.355734
0.9471794063316156,19090,25,1,1,0,1,0.0,1.9000000000000001,2025-Jan-29-19:35:42.426902
0.5921787662199604,19091,25,1,0,0,1,0.0,1.9000000000000001,2025-Jan-29-19:35:42.500537
1.0735211430969913,19092,25,1,1,0,0,0.0,0.0,2025-Jan-29-19:35:42.547522
0.7561122308552579,19093,25,1,0,-1,0,0.0,0.0,2025-Jan-29-19:35:42.651138
0.7185205030005031,19094,25,1,0,0,0,0.0,0.0,2025-Jan-29-19:35:42.732318
1.161059787788528,19095,25,1,1,0,-1,0.0,0.0,2025-Jan-29-19:35:42.817232
1.161059787788528,19096,25,1,1,0,-1,0.0,0.0,2025-Jan-29-19:35:42.874239
0.8060591477019475,19097,25,1,0,0,-1,0.0,0.0,2025-Jan-29-19:35:43.212004
0.7561122308552579,19098,25,1,0,-1,0,0.0,0.0,2025-Jan-29-19:35:43.273120
0.9471794063316156,19099,25,1,1,0,1,0.0,1.9000000000000001,2025-Jan-29-19:35:43.348362
0.8060591477019475,19100,25,1,0,0,-1,0.0,0.0,2025-Jan-29-19:35:43.406956
0.629780506117975,19101,25,1,0,-1,1,0.0,1.9000000000000001,2025-Jan-29-19:35:43.494354
0.8973579620796409,19102,25,1,1,1,0,1.9000000000000001,0.0,2025-Jan-29-19:35:43.596206
0.7561122308552579,19103,25,1,0,-1,0,0.0,0.0,2025-Jan-29-19:35:43.693773
0.6298883869405699,19104,25,1,0,1,-1,1.9000000000000001,0.0,2025-Jan-29-19:35:43.830639
0.5423573219619376,19105,25,1,0,1,0,1.9000000000000001,0.0,2025-Jan-29-19:35:43.905257
0.8973579620796409,19106,25,1,1,1,0,1.9000000000000001,0.0,2025-Jan-29-19:35:43.977514
0.5423573219619376,19107,25,1,0,1,0,1.9000000000000001,0.0,2025-Jan-29-19:35:44.049316
1.1986569067802102,19108,25,1,1,-1,-1,0.0,0.0,2025-Jan-29-19:35:44.117672
0.7561122308552579,19109,25,1,0,-1,0,0.0,0.0,2025-Jan-29-19:35:44.174089
0.7185205030005031,19110,25,1,0,0,0,0.0,0.0,2025-Jan-29-19:35:44.217839
0.9471794063316156,19111,25,1,1,0,1,0.0,1.9000000000000001,2025-Jan-29-19:35:44.290017
1.1111128709475113,19112,25,1,1,-1,0,0.0,0.0,2025-Jan-29-19:35:44.345649
0.5921787662199604,19113,25,1,0,0,1,0.0,1.9000000000000001,2025-Jan-29-19:35:44.417058
0.7710208028095181,19114,25,1,1,1,1,1.9000000000000001,1.9000000000000001,2025-Jan-29-19:35:44.511319
0.4160201626761834,19115,25,1,0,1,1,1.9000000000000001,1.9000000000000001,2025-Jan-29-19:35:44.617009
0.4160201626761834,19116,25,1,0,1,1,1.9000000000000001,1.9000000000000001,2025-Jan-29-19:35:44.746333
0.4160201626761834,19117,25,1,0,1,1,1.9000000000000001,1.9000000000000001,2025-Jan-29-19:35:44.845624
0.4160201626761834,19118,25,1,0,1,1,1.9000000000000001,1.9000000000000001,2025-Jan-29-19:35:44.941637
0.6298883869405699,19119,25,1,0,1,-1,1.9000000000000001,0.0,2025-Jan-29-19:35:45.025829
0.4160201626761834,19120,25,1,0,1,1,1.9000000000000001,1.9000000000000001,2025-Jan-29-19:35:45.121260
0.4160201626761834,19121,25,1,0,1,1,1.9000000000000001,1.9000000000000001,2025-Jan-29-19:35:45.216094
0.4160201626761834,19122,25,1,0,1,1,1.9000000000000001,1.9000000000000001,2025-Jan-29-19:35:45.310783
0.4160201626761834,19123,25,1,0,1,1,1.9000000000000001,1.9000000000000001,2025-Jan-29-19:35:45.405965
0.4160201626761834,19124,25,1,0,1,1,1.9000000000000001,1.9000000000000001,2025-Jan-29-19:35:45.500700
0.5423573219619376,19125,25,1,0,1,0,1.9000000000000001,0.0,2025-Jan-29-19:35:45.586987
0.4160201626761834,19126,25,1,0,1,1,1.9000000000000001,1.9000000000000001,2025-Jan-29-19:35:45.725252
0.4160201626761834,19127,25,1,0,1,1,1.9000000000000001,1.9000000000000001,2025-Jan-29-19:35:45.841388
0.5423573219619376,19128,25,1,0,1,0,1.9000000000000001,0.0,2025-Jan-29-19:35:45.913791
0.7710208028095181,19129,25,1,1,1,1,1.9000000000000001,1.9000000000000001,2025-Jan-29-19:35:46.008398
0.4160201626761834,19130,25,1,0,1,1,1.9000000000000001,1.9000000000000001,2025-Jan-29-19:35:46.103997
0.4160201626761834,19131,25,1,0,1,1,1.9000000000000001,1.9000000000000001,2025-Jan-29-19:35:46.198829
0.7710208028095181,19132,25,1,1,1,1,1.9000000000000001,1.9000000000000001,2025-Jan-29-19:35:46.294202
0.4160201626761834,19133,25,1,0,1,1,1.9000000000000001,1.9000000000000001,2025-Jan-29-19:35:46.389126
0.5423573219619376,19134,25,1,0,1,0,1.9000000000000001,0.0,2025-Jan-29-19:35:46.460082
0.5423573219619376,19135,25,1,0,1,0,1.9000000000000001,0.0,2025-Jan-29-19:35:46.531533
0.5423573219619376,19136,25,1,0,1,0,1.9000000000000001,0.0,2025-Jan-29-19:35:46.613295
0.8973579620796409,19137,25,1,1,1,0,1.9000000000000001,0.0,2025-Jan-29-19:35:46.727873
0.5423573219619376,19138,25,1,0,1,0,1.9000000000000001,0.0,2025-Jan-29-19:35:46.823551
0.5423573219619376,19139,25,1,0,1,0,1.9000000000000001,0.0,2025-Jan-29-19:35:46.901221
0.7185205030005031,19140,25,1,0,0,0,0.0,0.0,2025-Jan-29-19:35:46.956337
0.8973579620796409,19141,25,1,1,1,0,1.9000000000000001,0.0,2025-Jan-29-19:35:47.030160
1.1111128709475113,19142,25,1,1,-1,0,0.0,0.0,2025-Jan-29-19:35:47.086296
0.5423573219619376,19143,25,1,0,1,0,1.9000000000000001,0.0,2025-Jan-29-19:35:47.172477
1.0735211430969913,19144,25,1,1,0,0,0.0,0.0,2025-Jan-29-19:35:47.218050
1.161059787788528,19145,25,1,1,0,-1,0.0,0.0,2025-Jan-29-19:35:47.275569
0.5921787662199604,19146,25,1,0,0,1,0.0,1.9000000000000001,2025-Jan-29-19:35:47.347682
1.1111128709475113,19147,25,1,1,-1,0,0.0,0.0,2025-Jan-29-19:35:47.404013
0.8060591477019475,19148,25,1,0,0,-1,0.0,0.0,2025-Jan-29-19:35:47.459696
1.0735211430969913,19149,25,1,1,0,0,0.0,0.0,2025-Jan-29-19:35:47.503064
0.7710208028095181,19150,25,1,1,1,1,1.9000000000000001,1.9000000000000001,2025-Jan-29-19:35:47.614002
0.9471794063316156,19151,25,1,1,0,1,0.0,1.9000000000000001,2025-Jan-29-19:35:47.725765
0.7561122308552579,19152,25,1,0,-1,0,0.0,0.0,2025-Jan-29-19:35:47.806320
1.1986569067802102,19153,25,1,1,-1,-1,0.0,0.0,2025-Jan-29-19:35:47.875832
0.9760242519712691,19154,25,1,1,-1,1,0.0,1.9000000000000001,2025-Jan-29-19:35:47.958981
1.161059787788528,19155,25,1,1,0,-1,0.0,0.0,2025-Jan-29-19:35:48.014590
1.0735211430969913,19156,25,1,1,0,0,0.0,0.0,2025-Jan-29-19:35:48.057763
0.8436562666978078,19157,25,1,0,-1,-1,0.0,0.0,2025-Jan-29-19:35:48.125846
1.1111128709475113,19158,25,1,1,-1,0,0.0,0.0,2025-Jan-29-19:35:48.181558
0.7185205030005031,19159,25,1,0,0,0,0.0,0.0,2025-Jan-29-19:35:48.225067
1.0735211430969913,19160,25,1,1,0,0,0.0,0.0,2025-Jan-29-19:35:48.268673
1.161059787788528,19161,25,1,1,0,-1,0.0,0.0,2025-Jan-29-19:35:48.324369
1.1111128709475113,19162,25,1,1,-1,0,0.0,0.0,2025-Jan-29-19:35:48.380110
0.7561122308552579,19163,25,1,0,-1,0,0.0,0.0,2025-Jan-29-19:35:48.436100
0.6298883869405699,19164,25,1,0,1,-1,1.9000000000000001,0.0,2025-Jan-29-19:35:48.519588
1.1111128709475113,19165,25,1,1,-1,0,0.0,0.0,2025-Jan-29-19:35:48.599313
0.7185205030005031,19166,25,1,0,0,0,0.0,0.0,2025-Jan-29-19:35:48.670120
1.1986569067802102,19167,25,1,1,-1,-1,0.0,0.0,2025-Jan-29-19:35:48.759334
0.7561122308552579,19168,25,1,0,-1,0,0.0,0.0,2025-Jan-29-19:35:48.816868
1.1986569067802102,19169,25,1,1,-1,-1,0.0,0.0,2025-Jan-29-19:35:48.884616
0.4160201626761834,19170,25,1,0,1,1,1.9000000000000001,1.9000000000000001,2025-Jan-29-19:35:48.978655
1.0735211430969913,19171,25,1,1,0,0,0.0,0.0,2025-Jan-29-19:35:49.021507
0.4160201626761834,19172,25,1,0,1,1,1.9000000000000001,1.9000000000000001,2025-Jan-29-19:35:49.115560
0.7561122308552579,19173,25,1,0,-1,0,0.0,0.0,2025-Jan-29-19:35:49.170980
0.8973579620796409,19174,25,1,1,1,0,1.9000000000000001,0.0,2025-Jan-29-19:35:49.243016
1.161059787788528,19175,25,1,1,0,-1,0.0,0.0,2025-Jan-29-19:35:49.298531
1.161059787788528,19176,25,1,1,0,-1,0.0,0.0,2025-Jan-29-19:35:49.526712
1.161059787788528,19177,25,1,1,0,-1,0.0,0.0,2025-Jan-29-19:35:49.611543
0.8060591477019475,19178,25,1,0,0,-1,0.0,0.0,2025-Jan-29-19:35:49.698620
1.0735211430969913,19179,25,1,1,0,0,0.0,0.0,2025-Jan-29-19:35:49.764477
0.7185205030005031,19180,25,1,0,0,0,0.0,0.0,2025-Jan-29-19:35:49.809149
0.7185205030005031,19181,25,1,0,0,0,0.0,0.0,2025-Jan-29-19:35:49.852357
1.0735211430969913,19182,25,1,1,0,0,0.0,0.0,2025-Jan-29-19:35:49.895571
0.5921787662199604,19183,25,1,0,0,1,0.0,1.9000000000000001,2025-Jan-29-19:35:49.966757
1.0735211430969913,19184,25,1,1,0,0,0.0,0.0,2025-Jan-29-19:35:50.009553
0.8973579620796409,19185,25,1,1,1,0,1.9000000000000001,0.0,2025-Jan-29-19:35:50.082040
0.4160201626761834,19186,25,1,0,1,1,1.9000000000000001,1.9000000000000001,2025-Jan-29-19:35:50.177282
0.6298883869405699,19187,25,1,0,1,-1,1.9000000000000001,0.0,2025-Jan-29-19:35:50.261316
0.4160201626761834,19188,25,1,0,1,1,1.9000000000000001,1.9000000000000001,2025-Jan-29-19:35:50.355501
0.4160201626761834,19189,25,1,0,1,1,1.9000000000000001,1.9000000000000001,2025-Jan-29-19:35:50.450513
0.4160201626761834,19190,25,1,0,1,1,1.9000000000000001,1.9000000000000001,2025-Jan-29-19:35:50.544654
0.4160201626761834,19191,25,1,0,1,1,1.9000000000000001,1.9000000000000001,2025-Jan-29-19:35:50.671327
0.4160201626761834,19192,25,1,0,1,1,1.9000000000000001,1.9000000000000001,2025-Jan-29-19:35:50.800051
0.4160201626761834,19193,25,1,0,1,1,1.9000000000000001,1.9000000000000001,2025-Jan-29-19:35:50.907838
0.4160201626761834,19194,25,1,0,1,1,1.9000000000000001,1.9000000000000001,2025-Jan-29-19:35:51.004653
0.5423573219619376,19195,25,1,0,1,0,1.9000000000000001,0.0,2025-Jan-29-19:35:51.076089
0.5423573219619376,19196,25,1,0,1,0,1.9000000000000001,0.0,2025-Jan-29-19:35:51.148103
0.4160201626761834,19197,25,1,0,1,1,1.9000000000000001,1.9000000000000001,2025-Jan-29-19:35:51.242908
0.5921787662199604,19198,25,1,0,0,1,0.0,1.9000000000000001,2025-Jan-29-19:35:51.313866
0.4160201626761834,19199,25,1,0,1,1,1.9000000000000001,1.9000000000000001,2025-Jan-29-19:35:51.408248
0.4160201626761834,19200,25,1,0,1,1,1.9000000000000001,1.9000000000000001,2025-Jan-29-19:35:51.502498
0.7710208028095181,19201,25,1,1,1,1,1.9000000000000001,1.9000000000000001,2025-Jan-29-19:35:51.627798
0.4160201626761834,19202,25,1,0,1,1,1.9000000000000001,1.9000000000000001,2025-Jan-29-19:35:51.762551
0.4160201626761834,19203,25,1,0,1,1,1.9000000000000001,1.9000000000000001,2025-Jan-29-19:35:51.862311
0.4160201626761834,19204,25,1,0,1,1,1.9000000000000001,1.9000000000000001,2025-Jan-29-19:35:51.957484
0.4160201626761834,19205,25,1,0,1,1,1.9000000000000001,1.9000000000000001,2025-Jan-29-19:35:52.053128
0.5921787662199604,19206,25,1,0,0,1,0.0,1.9000000000000001,2025-Jan-29-19:35:52.125476
0.5423573219619376,19207,25,1,0,1,0,1.9000000000000001,0.0,2025-Jan-29-19:35:52.196471
0.4160201626761834,19208,25,1,0,1,1,1.9000000000000001,1.9000000000000001,2025-Jan-29-19:35:52.290966
0.629780506117975,19209,25,1,0,-1,1,0.0,1.9000000000000001,2025-Jan-29-19:35:52.375512
0.8973579620796409,19210,25,1,1,1,0,1.9000000000000001,0.0,2025-Jan-29-19:35:52.447215
0.7710208028095181,19211,25,1,1,1,1,1.9000000000000001,1.9000000000000001,2025-Jan-29-19:35:52.541822
1.161059787788528,19212,25,1,1,0,-1,0.0,0.0,2025-Jan-29-19:35:52.617873
0.9760242519712691,19213,25,1,1,-1,1,0.0,1.9000000000000001,2025-Jan-29-19:35:52.739823
0.7561122308552579,19214,25,1,0,-1,0,0.0,0.0,2025-Jan-29-19:35:52.809451
0.8973579620796409,19215,25,1,1,1,0,1.9000000000000001,0.0,2025-Jan-29-19:35:52.882911
0.7561122308552579,19216,25,1,0,-1,0,0.0,0.0,2025-Jan-29-19:35:52.939238
0.8060591477019475,19217,25,1,0,0,-1,0.0,0.0,2025-Jan-29-19:35:52.995046
0.7185205030005031,19218,25,1,0,0,0,0.0,0.0,2025-Jan-29-19:35:53.038660
0.9471794063316156,19219,25,1,1,0,1,0.0,1.9000000000000001,2025-Jan-29-19:35:53.110123
0.7185205030005031,19220,25,1,0,0,0,0.0,0.0,2025-Jan-29-19:35:53.153800
1.161059787788528,19221,25,1,1,0,-1,0.0,0.0,2025-Jan-29-19:35:53.209473
0.7185205030005031,19222,25,1,0,0,0,0.0,0.0,2025-Jan-29-19:35:53.253192
0.629780506117975,19223,25,1,0,-1,1,0.0,1.9000000000000001,2025-Jan-29-19:35:53.337989
1.0735211430969913,19224,25,1,1,0,0,0.0,0.0,2025-Jan-29-19:35:53.381520
0.5921787662199604,19225,25,1,0,0,1,0.0,1.9000000000000001,2025-Jan-29-19:35:53.452998
0.9471794063316156,19226,25,1,1,0,1,0.0,1.9000000000000001,2025-Jan-29-19:35:53.525080
0.9471794063316156,19227,25,1,1,0,1,0.0,1.9000000000000001,2025-Jan-29-19:35:53.612527
1.0735211430969913,19228,25,1,1,0,0,0.0,0.0,2025-Jan-29-19:35:53.693316
0.9760242519712691,19229,25,1,1,-1,1,0.0,1.9000000000000001,2025-Jan-29-19:35:53.810525
0.8060591477019475,19230,25,1,0,0,-1,0.0,0.0,2025-Jan-29-19:35:53.868248
0.5423573219619376,19231,25,1,0,1,0,1.9000000000000001,0.0,2025-Jan-29-19:35:53.943033
0.6298883869405699,19232,25,1,0,1,-1,1.9000000000000001,0.0,2025-Jan-29-19:35:54.027649
0.9760242519712691,19233,25,1,1,-1,1,0.0,1.9000000000000001,2025-Jan-29-19:35:54.111660
0.8060591477019475,19234,25,1,0,0,-1,0.0,0.0,2025-Jan-29-19:35:54.167844
0.7185205030005031,19235,25,1,0,0,0,0.0,0.0,2025-Jan-29-19:35:54.211139
0.7561122308552579,19236,25,1,0,-1,0,0.0,0.0,2025-Jan-29-19:35:54.267526
0.9760242519712691,19237,25,1,1,-1,1,0.0,1.9000000000000001,2025-Jan-29-19:35:54.351236
0.7185205030005031,19238,25,1,0,0,0,0.0,0.0,2025-Jan-29-19:35:54.394376
0.5423573219619376,19239,25,1,0,1,0,1.9000000000000001,0.0,2025-Jan-29-19:35:54.466870
0.8060591477019475,19240,25,1,0,0,-1,0.0,0.0,2025-Jan-29-19:35:54.522747
0.5423573219619376,19241,25,1,0,1,0,1.9000000000000001,0.0,2025-Jan-29-19:35:54.617685
1.0735211430969913,19242,25,1,1,0,0,0.0,0.0,2025-Jan-29-19:35:54.691998
0.7710208028095181,19243,25,1,1,1,1,1.9000000000000001,1.9000000000000001,2025-Jan-29-19:35:54.819327
1.1986569067802102,19244,25,1,1,-1,-1,0.0,0.0,2025-Jan-29-19:35:54.889632
0.8060591477019475,19245,25,1,0,0,-1,0.0,0.0,2025-Jan-29-19:35:54.946203
0.8060591477019475,19246,25,1,0,0,-1,0.0,0.0,2025-Jan-29-19:35:55.002091
0.8973579620796409,19247,25,1,1,1,0,1.9000000000000001,0.0,2025-Jan-29-19:35:55.073983
0.8060591477019475,19248,25,1,0,0,-1,0.0,0.0,2025-Jan-29-19:35:55.129731
0.7561122308552579,19249,25,1,0,-1,0,0.0,0.0,2025-Jan-29-19:35:55.368822
0.8973579620796409,19250,25,1,1,1,0,1.9000000000000001,0.0,2025-Jan-29-19:35:55.441376
0.7185205030005031,19251,25,1,0,0,0,0.0,0.0,2025-Jan-29-19:35:55.484846
0.7561122308552579,19252,25,1,0,-1,0,0.0,0.0,2025-Jan-29-19:35:55.540221
0.9471794063316156,19253,25,1,1,0,1,0.0,1.9000000000000001,2025-Jan-29-19:35:55.637394
1.161059787788528,19254,25,1,1,0,-1,0.0,0.0,2025-Jan-29-19:35:55.715965
1.0735211430969913,19255,25,1,1,0,0,0.0,0.0,2025-Jan-29-19:35:55.783409
1.161059787788528,19256,25,1,1,0,-1,0.0,0.0,2025-Jan-29-19:35:55.842438
0.4160201626761834,19257,25,1,0,1,1,1.9000000000000001,1.9000000000000001,2025-Jan-29-19:35:55.937973
0.4160201626761834,19258,25,1,0,1,1,1.9000000000000001,1.9000000000000001,2025-Jan-29-19:35:56.032114
0.4160201626761834,19259,25,1,0,1,1,1.9000000000000001,1.9000000000000001,2025-Jan-29-19:35:56.127111
0.5921787662199604,19260,25,1,0,0,1,0.0,1.9000000000000001,2025-Jan-29-19:35:56.198335
0.4160201626761834,19261,25,1,0,1,1,1.9000000000000001,1.9000000000000001,2025-Jan-29-19:35:56.292905
0.4160201626761834,19262,25,1,0,1,1,1.9000000000000001,1.9000000000000001,2025-Jan-29-19:35:56.386866
0.4160201626761834,19263,25,1,0,1,1,1.9000000000000001,1.9000000000000001,2025-Jan-29-19:35:56.481564
0.4160201626761834,19264,25,1,0,1,1,1.9000000000000001,1.9000000000000001,2025-Jan-29-19:35:56.602703
0.4160201626761834,19265,25,1,0,1,1,1.9000000000000001,1.9000000000000001,2025-Jan-29-19:35:56.742622
0.5423573219619376,19266,25,1,0,1,0,1.9000000000000001,0.0,2025-Jan-29-19:35:56.820667
0.4160201626761834,19267,25,1,0,1,1,1.9000000000000001,1.9000000000000001,2025-Jan-29-19:35:56.917813
0.4160201626761834,19268,25,1,0,1,1,1.9000000000000001,1.9000000000000001,2025-Jan-29-19:35:57.012779
0.629780506117975,19269,25,1,0,-1,1,0.0,1.9000000000000001,2025-Jan-29-19:35:57.096007
0.4160201626761834,19270,25,1,0,1,1,1.9000000000000001,1.9000000000000001,2025-Jan-29-19:35:57.190295
0.4160201626761834,19271,25,1,0,1,1,1.9000000000000001,1.9000000000000001,2025-Jan-29-19:35:57.285269
0.7710208028095181,19272,25,1,1,1,1,1.9000000000000001,1.9000000000000001,2025-Jan-29-19:35:57.379642
0.4160201626761834,19273,25,1,0,1,1,1.9000000000000001,1.9000000000000001,2025-Jan-29-19:35:57.473938
0.4160201626761834,19274,25,1,0,1,1,1.9000000000000001,1.9000000000000001,2025-Jan-29-19:35:57.587599
0.4160201626761834,19275,25,1,0,1,1,1.9000000000000001,1.9000000000000001,2025-Jan-29-19:35:57.713458
0.4160201626761834,19276,25,1,0,1,1,1.9000000000000001,1.9000000000000001,2025-Jan-29-19:35:57.833803
0.4160201626761834,19277,25,1,0,1,1,1.9000000000000001,1.9000000000000001,2025-Jan-29-19:35:57.929575
0.629780506117975,19278,25,1,0,-1,1,0.0,1.9000000000000001,2025-Jan-29-19:35:58.013953
0.629780506117975,19279,25,1,0,-1,1,0.0,1.9000000000000001,2025-Jan-29-19:35:58.097514
0.7710208028095181,19280,25,1,1,1,1,1.9000000000000001,1.9000000000000001,2025-Jan-29-19:35:58.191795
0.7561122308552579,19281,25,1,0,-1,0,0.0,0.0,2025-Jan-29-19:35:58.247877
0.7185205030005031,19282,25,1,0,0,0,0.0,0.0,2025-Jan-29-19:35:58.291221
1.161059787788528,19283,25,1,1,0,-1,0.0,0.0,2025-Jan-29-19:35:58.347280
0.8060591477019475,19284,25,1,0,0,-1,0.0,0.0,2025-Jan-29-19:35:58.402888
1.161059787788528,19285,25,1,1,0,-1,0.0,0.0,2025-Jan-29-19:35:58.458164
0.7185205030005031,19286,25,1,0,0,0,0.0,0.0,2025-Jan-29-19:35:58.501290
0.7185205030005031,19287,25,1,0,0,0,0.0,0.0,2025-Jan-29-19:35:58.544431
0.6298883869405699,19288,25,1,0,1,-1,1.9000000000000001,0.0,2025-Jan-29-19:35:58.666963
0.7185205030005031,19289,25,1,0,0,0,0.0,0.0,2025-Jan-29-19:35:58.743720
0.629780506117975,19290,25,1,0,-1,1,0.0,1.9000000000000001,2025-Jan-29-19:35:58.839218
0.7561122308552579,19291,25,1,0,-1,0,0.0,0.0,2025-Jan-29-19:35:58.897866
1.1111128709475113,19292,25,1,1,-1,0,0.0,0.0,2025-Jan-29-19:35:58.953673
1.0735211430969913,19293,25,1,1,0,0,0.0,0.0,2025-Jan-29-19:35:58.997051
0.6298883869405699,19294,25,1,0,1,-1,1.9000000000000001,0.0,2025-Jan-29-19:35:59.080717
0.7561122308552579,19295,25,1,0,-1,0,0.0,0.0,2025-Jan-29-19:35:59.136108
0.7710208028095181,19296,25,1,1,1,1,1.9000000000000001,1.9000000000000001,2025-Jan-29-19:35:59.230594
0.5921787662199604,19297,25,1,0,0,1,0.0,1.9000000000000001,2025-Jan-29-19:35:59.302601
1.0735211430969913,19298,25,1,1,0,0,0.0,0.0,2025-Jan-29-19:35:59.346205
0.5921787662199604,19299,25,1,0,0,1,0.0,1.9000000000000001,2025-Jan-29-19:35:59.417672
1.161059787788528,19300,25,1,1,0,-1,0.0,0.0,2025-Jan-29-19:35:59.473756
0.8973579620796409,19301,25,1,1,1,0,1.9000000000000001,0.0,2025-Jan-29-19:35:59.544934
0.7185205030005031,19302,25,1,0,0,0,0.0,0.0,2025-Jan-29-19:35:59.607461
0.8060591477019475,19303,25,1,0,0,-1,0.0,0.0,2025-Jan-29-19:35:59.693814
0.7185205030005031,19304,25,1,0,0,0,0.0,0.0,2025-Jan-29-19:35:59.760238
1.0735211430969913,19305,25,1,1,0,0,0.0,0.0,2025-Jan-29-19:35:59.810017
0.6298883869405699,19306,25,1,0,1,-1,1.9000000000000001,0.0,2025-Jan-29-19:35:59.894046
0.7561122308552579,19307,25,1,0,-1,0,0.0,0.0,2025-Jan-29-19:35:59.951727
0.9760242519712691,19308,25,1,1,-1,1,0.0,1.9000000000000001,2025-Jan-29-19:36:00.040180
0.7185205030005031,19309,25,1,0,0,0,0.0,0.0,2025-Jan-29-19:36:00.084144
0.7185205030005031,19310,25,1,0,0,0,0.0,0.0,2025-Jan-29-19:36:00.127101
0.4160201626761834,19311,25,1,0,1,1,1.9000000000000001,1.9000000000000001,2025-Jan-29-19:36:00.222175
0.5921787662199604,19312,25,1,0,0,1,0.0,1.9000000000000001,2025-Jan-29-19:36:00.295567
1.1111128709475113,19313,25,1,1,-1,0,0.0,0.0,2025-Jan-29-19:36:00.351703
0.7185205030005031,19314,25,1,0,0,0,0.0,0.0,2025-Jan-29-19:36:00.394968
0.9471794063316156,19315,25,1,1,0,1,0.0,1.9000000000000001,2025-Jan-29-19:36:00.466585
0.9471794063316156,19316,25,1,1,0,1,0.0,1.9000000000000001,2025-Jan-29-19:36:00.537829
0.7185205030005031,19317,25,1,0,0,0,0.0,0.0,2025-Jan-29-19:36:00.590865
0.7185205030005031,19318,25,1,0,0,0,0.0,0.0,2025-Jan-29-19:36:00.669073
1.1111128709475113,19319,25,1,1,-1,0,0.0,0.0,2025-Jan-29-19:36:00.767204
0.7185205030005031,19320,25,1,0,0,0,0.0,0.0,2025-Jan-29-19:36:00.812534
1.161059787788528,19321,25,1,1,0,-1,0.0,0.0,2025-Jan-29-19:36:00.868605
0.5921787662199604,19322,25,1,0,0,1,0.0,1.9000000000000001,2025-Jan-29-19:36:00.942006
1.1111128709475113,19323,25,1,1,-1,0,0.0,0.0,2025-Jan-29-19:36:00.999816
0.8973579620796409,19324,25,1,1,1,0,1.9000000000000001,0.0,2025-Jan-29-19:36:01.071406
0.5921787662199604,19325,25,1,0,0,1,0.0,1.9000000000000001,2025-Jan-29-19:36:01.142817
0.629780506117975,19326,25,1,0,-1,1,0.0,1.9000000000000001,2025-Jan-29-19:36:01.226803
0.9471794063316156,19327,25,1,1,0,1,0.0,1.9000000000000001,2025-Jan-29-19:36:01.502592
