Cost,Sim,Switch_State_Indx,Gen1_on,Gen2_on,Batt1_mode,Batt2_mode,Batt1_power_kW,Batt2_power_kW,Timestamp
0.7561122308552579,20379,25,1,0,-1,0,0.0,0.0,2025-Jan-29-19:37:13.802614
1.0735211430969913,20380,25,1,1,0,0,0.0,0.0,2025-Jan-29-19:37:13.847165
0.7185205030005031,20381,25,1,0,0,0,0.0,0.0,2025-Jan-29-19:37:13.890405
0.9760242519712691,20382,25,1,1,-1,1,0.0,1.9000000000000001,2025-Jan-29-19:37:13.976912
1.0735211430969913,20383,25,1,1,0,0,0.0,0.0,2025-Jan-29-19:37:14.025553
0.7185205030005031,20384,25,1,0,0,0,0.0,0.0,2025-Jan-29-19:37:14.074016
1.161059787788528,20385,25,1,1,0,-1,0.0,0.0,2025-Jan-29-19:37:14.138990
1.1111128709475113,20386,25,1,1,-1,0,0.0,0.0,2025-Jan-29-19:37:14.201683
0.7561122308552579,20387,25,1,0,-1,0,0.0,0.0,2025-Jan-29-19:37:14.260242
0.5423573219619376,20388,25,1,0,1,0,1.9000000000000001,0.0,2025-Jan-29-19:37:14.331692
0.7185205030005031,20389,25,1,0,0,0,0.0,0.0,2025-Jan-29-19:37:14.375474
0.4160201626761834,20390,25,1,0,1,1,1.9000000000000001,1.9000000000000001,2025-Jan-29-19:37:14.470082
1.161059787788528,20391,25,1,1,0,-1,0.0,0.0,2025-Jan-29-19:37:14.529045
0.7185205030005031,20392,25,1,0,0,0,0.0,0.0,2025-Jan-29-19:37:14.587913
0.5423573219619376,20393,25,1,0,1,0,1.9000000000000001,0.0,2025-Jan-29-19:37:14.693043
1.161059787788528,20394,25,1,1,0,-1,0.0,0.0,2025-Jan-29-19:37:14.775322
0.8973579620796409,20395,25,1,1,1,0,1.9000000000000001,0.0,2025-Jan-29-19:37:14.851068
0.8060591477019475,20396,25,1,0,0,-1,0.0,0.0,2025-Jan-29-19:37:14.907177
0.7185205030005031,20397,25,1,0,0,0,0.0,0.0,2025-Jan-29-19:37:14.950323
0.7710208028095181,20398,25,1,1,1,1,1.9000000000000001,1.9000000000000001,2025-Jan-29-19:37:15.044982
0.7185205030005031,20399,25,1,0,0,0,0.0,0.0,2025-Jan-29-19:37:15.088971
1.0735211430969913,20400,25,1,1,0,0,0.0,0.0,2025-Jan-29-19:37:15.132055
0.7185205030005031,20401,25,1,0,0,0,0.0,0.0,2025-Jan-29-19:37:15.175703
0.8436562666978078,20402,25,1,0,-1,-1,0.0,0.0,2025-Jan-29-19:37:15.244747
0.8436562666978078,20403,25,1,0,-1,-1,0.0,0.0,2025-Jan-29-19:37:15.312514
1.0735211430969913,20404,25,1,1,0,0,0.0,0.0,2025-Jan-29-19:37:15.355644
1.1111128709475113,20405,25,1,1,-1,0,0.0,0.0,2025-Jan-29-19:37:15.411037
0.5423573219619376,20406,25,1,0,1,0,1.9000000000000001,0.0,2025-Jan-29-19:37:15.482476
0.5423573219619376,20407,25,1,0,1,0,1.9000000000000001,0.0,2025-Jan-29-19:37:15.572608
0.7185205030005031,20408,25,1,0,0,0,0.0,0.0,2025-Jan-29-19:37:15.642559
0.9760242519712691,20409,25,1,1,-1,1,0.0,1.9000000000000001,2025-Jan-29-19:37:15.764852
0.7185205030005031,20410,25,1,0,0,0,0.0,0.0,2025-Jan-29-19:37:15.811662
0.9471794063316156,20411,25,1,1,0,1,0.0,1.9000000000000001,2025-Jan-29-19:37:15.883496
0.4160201626761834,20412,25,1,0,1,1,1.9000000000000001,1.9000000000000001,2025-Jan-29-19:37:15.977948
0.629780506117975,20413,25,1,0,-1,1,0.0,1.9000000000000001,2025-Jan-29-19:37:16.243867
1.161059787788528,20414,25,1,1,0,-1,0.0,0.0,2025-Jan-29-19:37:16.300762
0.8060591477019475,20415,25,1,0,0,-1,0.0,0.0,2025-Jan-29-19:37:16.356552
0.8973579620796409,20416,25,1,1,1,0,1.9000000000000001,0.0,2025-Jan-29-19:37:16.427864
0.7561122308552579,20417,25,1,0,-1,0,0.0,0.0,2025-Jan-29-19:37:16.482858
0.9848890270480929,20418,25,1,1,1,-1,1.9000000000000001,0.0,2025-Jan-29-19:37:16.587832
0.8973579620796409,20419,25,1,1,1,0,1.9000000000000001,0.0,2025-Jan-29-19:37:16.706928
0.5921787662199604,20420,25,1,0,0,1,0.0,1.9000000000000001,2025-Jan-29-19:37:16.806111
0.7185205030005031,20421,25,1,0,0,0,0.0,0.0,2025-Jan-29-19:37:16.850356
0.8060591477019475,20422,25,1,0,0,-1,0.0,0.0,2025-Jan-29-19:37:16.905909
1.0735211430969913,20423,25,1,1,0,0,0.0,0.0,2025-Jan-29-19:37:16.948992
0.6298883869405699,20424,25,1,0,1,-1,1.9000000000000001,0.0,2025-Jan-29-19:37:17.032731
0.7185205030005031,20425,25,1,0,0,0,0.0,0.0,2025-Jan-29-19:37:17.076152
0.8436562666978078,20426,25,1,0,-1,-1,0.0,0.0,2025-Jan-29-19:37:17.155739
1.0735211430969913,20427,25,1,1,0,0,0.0,0.0,2025-Jan-29-19:37:17.203661
0.5423573219619376,20428,25,1,0,1,0,1.9000000000000001,0.0,2025-Jan-29-19:37:17.278399
0.8973579620796409,20429,25,1,1,1,0,1.9000000000000001,0.0,2025-Jan-29-19:37:17.352388
0.4160201626761834,20430,25,1,0,1,1,1.9000000000000001,1.9000000000000001,2025-Jan-29-19:37:17.447712
0.4160201626761834,20431,25,1,0,1,1,1.9000000000000001,1.9000000000000001,2025-Jan-29-19:37:17.542004
0.4160201626761834,20432,25,1,0,1,1,1.9000000000000001,1.9000000000000001,2025-Jan-29-19:37:17.681484
0.4160201626761834,20433,25,1,0,1,1,1.9000000000000001,1.9000000000000001,2025-Jan-29-19:37:17.804278
0.4160201626761834,20434,25,1,0,1,1,1.9000000000000001,1.9000000000000001,2025-Jan-29-19:37:17.903616
0.4160201626761834,20435,25,1,0,1,1,1.9000000000000001,1.9000000000000001,2025-Jan-29-19:37:17.998645
0.4160201626761834,20436,25,1,0,1,1,1.9000000000000001,1.9000000000000001,2025-Jan-29-19:37:18.093172
0.629780506117975,20437,25,1,0,-1,1,0.0,1.9000000000000001,2025-Jan-29-19:37:18.177581
0.629780506117975,20438,25,1,0,-1,1,0.0,1.9000000000000001,2025-Jan-29-19:37:18.261718
0.4160201626761834,20439,25,1,0,1,1,1.9000000000000001,1.9000000000000001,2025-Jan-29-19:37:18.356947
0.629780506117975,20440,25,1,0,-1,1,0.0,1.9000000000000001,2025-Jan-29-19:37:18.440996
0.629780506117975,20441,25,1,0,-1,1,0.0,1.9000000000000001,2025-Jan-29-19:37:18.524418
0.629780506117975,20442,25,1,0,-1,1,0.0,1.9000000000000001,2025-Jan-29-19:37:18.629056
0.629780506117975,20443,25,1,0,-1,1,0.0,1.9000000000000001,2025-Jan-29-19:37:18.744805
0.629780506117975,20444,25,1,0,-1,1,0.0,1.9000000000000001,2025-Jan-29-19:37:18.830811
0.629780506117975,20445,25,1,0,-1,1,0.0,1.9000000000000001,2025-Jan-29-19:37:18.917963
0.629780506117975,20446,25,1,0,-1,1,0.0,1.9000000000000001,2025-Jan-29-19:37:19.002662
0.8436562666978078,20447,25,1,0,-1,-1,0.0,0.0,2025-Jan-29-19:37:19.070814
0.629780506117975,20448,25,1,0,-1,1,0.0,1.9000000000000001,2025-Jan-29-19:37:19.154415
0.629780506117975,20449,25,1,0,-1,1,0.0,1.9000000000000001,2025-Jan-29-19:37:19.239789
0.5423573219619376,20450,25,1,0,1,0,1.9000000000000001,0.0,2025-Jan-29-19:37:19.312112
0.5423573219619376,20451,25,1,0,1,0,1.9000000000000001,0.0,2025-Jan-29-19:37:19.384859
0.5423573219619376,20452,25,1,0,1,0,1.9000000000000001,0.0,2025-Jan-29-19:37:19.457282
0.5423573219619376,20453,25,1,0,1,0,1.9000000000000001,0.0,2025-Jan-29-19:37:19.529254
0.5423573219619376,20454,25,1,0,1,0,1.9000000000000001,0.0,2025-Jan-29-19:37:19.627398
0.5423573219619376,20455,25,1,0,1,0,1.9000000000000001,0.0,2025-Jan-29-19:37:19.741511
0.5423573219619376,20456,25,1,0,1,0,1.9000000000000001,0.0,2025-Jan-29-19:37:19.819202
0.5423573219619376,20457,25,1,0,1,0,1.9000000000000001,0.0,2025-Jan-29-19:37:19.893284
0.7185205030005031,20458,25,1,0,0,0,0.0,0.0,2025-Jan-29-19:37:19.937564
0.7185205030005031,20459,25,1,0,0,0,0.0,0.0,2025-Jan-29-19:37:19.981077
0.7185205030005031,20460,25,1,0,0,0,0.0,0.0,2025-Jan-29-19:37:20.024524
0.7185205030005031,20461,25,1,0,0,0,0.0,0.0,2025-Jan-29-19:37:20.068098
0.7185205030005031,20462,25,1,0,0,0,0.0,0.0,2025-Jan-29-19:37:20.111582
0.7185205030005031,20463,25,1,0,0,0,0.0,0.0,2025-Jan-29-19:37:20.155027
0.7185205030005031,20464,25,1,0,0,0,0.0,0.0,2025-Jan-29-19:37:20.198294
0.7185205030005031,20465,25,1,0,0,0,0.0,0.0,2025-Jan-29-19:37:20.241803
0.5423573219619376,20466,25,1,0,1,0,1.9000000000000001,0.0,2025-Jan-29-19:37:20.313704
0.5423573219619376,20467,25,1,0,1,0,1.9000000000000001,0.0,2025-Jan-29-19:37:20.385267
0.7185205030005031,20468,25,1,0,0,0,0.0,0.0,2025-Jan-29-19:37:20.428622
0.7185205030005031,20469,25,1,0,0,0,0.0,0.0,2025-Jan-29-19:37:20.472178
0.7185205030005031,20470,25,1,0,0,0,0.0,0.0,2025-Jan-29-19:37:20.515550
0.7185205030005031,20471,25,1,0,0,0,0.0,0.0,2025-Jan-29-19:37:20.575290
0.7185205030005031,20472,25,1,0,0,0,0.0,0.0,2025-Jan-29-19:37:20.650043
0.7185205030005031,20473,25,1,0,0,0,0.0,0.0,2025-Jan-29-19:37:20.713534
0.7185205030005031,20474,25,1,0,0,0,0.0,0.0,2025-Jan-29-19:37:20.775546
0.7185205030005031,20475,25,1,0,0,0,0.0,0.0,2025-Jan-29-19:37:20.820766
0.7185205030005031,20476,25,1,0,0,0,0.0,0.0,2025-Jan-29-19:37:20.864602
0.7185205030005031,20477,25,1,0,0,0,0.0,0.0,2025-Jan-29-19:37:20.910449
0.7185205030005031,20478,25,1,0,0,0,0.0,0.0,2025-Jan-29-19:37:20.954746
0.7185205030005031,20479,25,1,0,0,0,0.0,0.0,2025-Jan-29-19:37:20.998639
0.7185205030005031,20480,25,1,0,0,0,0.0,0.0,2025-Jan-29-19:37:21.042164
0.7185205030005031,20481,25,1,0,0,0,0.0,0.0,2025-Jan-29-19:37:21.282962
0.5423573219619376,20482,25,1,0,1,0,1.9000000000000001,0.0,2025-Jan-29-19:37:21.355689
0.7561122308552579,20483,25,1,0,-1,0,0.0,0.0,2025-Jan-29-19:37:21.413728
0.7561122308552579,20484,25,1,0,-1,0,0.0,0.0,2025-Jan-29-19:37:21.470409
0.7561122308552579,20485,25,1,0,-1,0,0.0,0.0,2025-Jan-29-19:37:21.525978
0.7561122308552579,20486,25,1,0,-1,0,0.0,0.0,2025-Jan-29-19:37:21.598666
0.7561122308552579,20487,25,1,0,-1,0,0.0,0.0,2025-Jan-29-19:37:21.678394
0.7561122308552579,20488,25,1,0,-1,0,0.0,0.0,2025-Jan-29-19:37:21.766724
0.7561122308552579,20489,25,1,0,-1,0,0.0,0.0,2025-Jan-29-19:37:21.823718
0.5921787662199604,20490,25,1,0,0,1,0.0,1.9000000000000001,2025-Jan-29-19:37:21.895644
0.5921787662199604,20491,25,1,0,0,1,0.0,1.9000000000000001,2025-Jan-29-19:37:21.967925
0.8060591477019475,20492,25,1,0,0,-1,0.0,0.0,2025-Jan-29-19:37:22.023921
0.7185205030005031,20493,25,1,0,0,0,0.0,0.0,2025-Jan-29-19:37:22.068301
0.7185205030005031,20494,25,1,0,0,0,0.0,0.0,2025-Jan-29-19:37:22.113738
0.7185205030005031,20495,25,1,0,0,0,0.0,0.0,2025-Jan-29-19:37:22.157547
0.7185205030005031,20496,25,1,0,0,0,0.0,0.0,2025-Jan-29-19:37:22.201845
0.629780506117975,20497,25,1,0,-1,1,0.0,1.9000000000000001,2025-Jan-29-19:37:22.286616
0.629780506117975,20498,25,1,0,-1,1,0.0,1.9000000000000001,2025-Jan-29-19:37:22.370163
0.629780506117975,20499,25,1,0,-1,1,0.0,1.9000000000000001,2025-Jan-29-19:37:22.454348
0.629780506117975,20500,25,1,0,-1,1,0.0,1.9000000000000001,2025-Jan-29-19:37:22.538471
0.7561122308552579,20501,25,1,0,-1,0,0.0,0.0,2025-Jan-29-19:37:22.619267
0.7561122308552579,20502,25,1,0,-1,0,0.0,0.0,2025-Jan-29-19:37:22.704080
0.7561122308552579,20503,25,1,0,-1,0,0.0,0.0,2025-Jan-29-19:37:22.782619
0.8436562666978078,20504,25,1,0,-1,-1,0.0,0.0,2025-Jan-29-19:37:22.854008
0.8436562666978078,20505,25,1,0,-1,-1,0.0,0.0,2025-Jan-29-19:37:22.925054
0.6298883869405699,20506,25,1,0,1,-1,1.9000000000000001,0.0,2025-Jan-29-19:37:23.008551
0.6298883869405699,20507,25,1,0,1,-1,1.9000000000000001,0.0,2025-Jan-29-19:37:23.092701
0.6298883869405699,20508,25,1,0,1,-1,1.9000000000000001,0.0,2025-Jan-29-19:37:23.176799
0.6298883869405699,20509,25,1,0,1,-1,1.9000000000000001,0.0,2025-Jan-29-19:37:23.260356
0.8060591477019475,20510,25,1,0,0,-1,0.0,0.0,2025-Jan-29-19:37:23.314868
0.7185205030005031,20511,25,1,0,0,0,0.0,0.0,2025-Jan-29-19:37:23.358626
0.7185205030005031,20512,25,1,0,0,0,0.0,0.0,2025-Jan-29-19:37:23.400979
0.7185205030005031,20513,25,1,0,0,0,0.0,0.0,2025-Jan-29-19:37:23.443579
0.7185205030005031,20514,25,1,0,0,0,0.0,0.0,2025-Jan-29-19:37:23.486149
0.7185205030005031,20515,25,1,0,0,0,0.0,0.0,2025-Jan-29-19:37:23.528736
0.7185205030005031,20516,25,1,0,0,0,0.0,0.0,2025-Jan-29-19:37:23.586488
0.7185205030005031,20517,25,1,0,0,0,0.0,0.0,2025-Jan-29-19:37:23.657969
0.7185205030005031,20518,25,1,0,0,0,0.0,0.0,2025-Jan-29-19:37:23.724196
0.7185205030005031,20519,25,1,0,0,0,0.0,0.0,2025-Jan-29-19:37:23.790650
0.7185205030005031,20520,25,1,0,0,0,0.0,0.0,2025-Jan-29-19:37:23.835878
0.7185205030005031,20521,25,1,0,0,0,0.0,0.0,2025-Jan-29-19:37:23.878415
0.7185205030005031,20522,25,1,0,0,0,0.0,0.0,2025-Jan-29-19:37:23.921936
0.7185205030005031,20523,25,1,0,0,0,0.0,0.0,2025-Jan-29-19:37:23.964788
0.7185205030005031,20524,25,1,0,0,0,0.0,0.0,2025-Jan-29-19:37:24.007055
0.7185205030005031,20525,25,1,0,0,0,0.0,0.0,2025-Jan-29-19:37:24.050072
0.7185205030005031,20526,25,1,0,0,0,0.0,0.0,2025-Jan-29-19:37:24.093939
0.7185205030005031,20527,25,1,0,0,0,0.0,0.0,2025-Jan-29-19:37:24.137270
0.7185205030005031,20528,25,1,0,0,0,0.0,0.0,2025-Jan-29-19:37:24.179696
0.7185205030005031,20529,25,1,0,0,0,0.0,0.0,2025-Jan-29-19:37:24.222057
0.7185205030005031,20530,25,1,0,0,0,0.0,0.0,2025-Jan-29-19:37:24.264900
0.7185205030005031,20531,25,1,0,0,0,0.0,0.0,2025-Jan-29-19:37:24.307627
0.7185205030005031,20532,25,1,0,0,0,0.0,0.0,2025-Jan-29-19:37:24.350743
0.7185205030005031,20533,25,1,0,0,0,0.0,0.0,2025-Jan-29-19:37:24.393123
0.7185205030005031,20534,25,1,0,0,0,0.0,0.0,2025-Jan-29-19:37:24.435621
0.7185205030005031,20535,25,1,0,0,0,0.0,0.0,2025-Jan-29-19:37:24.478109
0.7185205030005031,20536,25,1,0,0,0,0.0,0.0,2025-Jan-29-19:37:24.520730
0.7185205030005031,20537,25,1,0,0,0,0.0,0.0,2025-Jan-29-19:37:24.593400
0.7185205030005031,20538,25,1,0,0,0,0.0,0.0,2025-Jan-29-19:37:24.673215
0.7185205030005031,20539,25,1,0,0,0,0.0,0.0,2025-Jan-29-19:37:24.762411
0.7185205030005031,20540,25,1,0,0,0,0.0,0.0,2025-Jan-29-19:37:24.820096
0.7185205030005031,20541,25,1,0,0,0,0.0,0.0,2025-Jan-29-19:37:24.862948
0.7185205030005031,20542,25,1,0,0,0,0.0,0.0,2025-Jan-29-19:37:24.905870
0.7185205030005031,20543,25,1,0,0,0,0.0,0.0,2025-Jan-29-19:37:24.948542
0.7185205030005031,20544,25,1,0,0,0,0.0,0.0,2025-Jan-29-19:37:24.990891
0.7185205030005031,20545,25,1,0,0,0,0.0,0.0,2025-Jan-29-19:37:25.033899
0.7185205030005031,20546,25,1,0,0,0,0.0,0.0,2025-Jan-29-19:37:25.077429
0.7185205030005031,20547,25,1,0,0,0,0.0,0.0,2025-Jan-29-19:37:25.120650
0.7185205030005031,20548,25,1,0,0,0,0.0,0.0,2025-Jan-29-19:37:25.163995
0.7185205030005031,20549,25,1,0,0,0,0.0,0.0,2025-Jan-29-19:37:25.206839
0.7185205030005031,20550,25,1,0,0,0,0.0,0.0,2025-Jan-29-19:37:25.251429
0.7185205030005031,20551,25,1,0,0,0,0.0,0.0,2025-Jan-29-19:37:25.474120
0.7185205030005031,20552,25,1,0,0,0,0.0,0.0,2025-Jan-29-19:37:25.518169
0.7185205030005031,20553,25,1,0,0,0,0.0,0.0,2025-Jan-29-19:37:25.588338
0.7185205030005031,20554,25,1,0,0,0,0.0,0.0,2025-Jan-29-19:37:25.665138
0.7185205030005031,20555,25,1,0,0,0,0.0,0.0,2025-Jan-29-19:37:25.731205
0.7185205030005031,20556,25,1,0,0,0,0.0,0.0,2025-Jan-29-19:37:25.796021
0.7185205030005031,20557,25,1,0,0,0,0.0,0.0,2025-Jan-29-19:37:25.840005
0.7185205030005031,20558,25,1,0,0,0,0.0,0.0,2025-Jan-29-19:37:25.883197
0.7185205030005031,20559,25,1,0,0,0,0.0,0.0,2025-Jan-29-19:37:25.926820
0.7185205030005031,20560,25,1,0,0,0,0.0,0.0,2025-Jan-29-19:37:25.969875
0.7185205030005031,20561,25,1,0,0,0,0.0,0.0,2025-Jan-29-19:37:26.013077
0.7185205030005031,20562,25,1,0,0,0,0.0,0.0,2025-Jan-29-19:37:26.057099
0.7185205030005031,20563,25,1,0,0,0,0.0,0.0,2025-Jan-29-19:37:26.100315
0.7185205030005031,20564,25,1,0,0,0,0.0,0.0,2025-Jan-29-19:37:26.143094
0.7185205030005031,20565,25,1,0,0,0,0.0,0.0,2025-Jan-29-19:37:26.186385
0.7185205030005031,20566,25,1,0,0,0,0.0,0.0,2025-Jan-29-19:37:26.229683
0.7185205030005031,20567,25,1,0,0,0,0.0,0.0,2025-Jan-29-19:37:26.274552
0.7185205030005031,20568,25,1,0,0,0,0.0,0.0,2025-Jan-29-19:37:26.317696
0.7185205030005031,20569,25,1,0,0,0,0.0,0.0,2025-Jan-29-19:37:26.360617
0.7185205030005031,20570,25,1,0,0,0,0.0,0.0,2025-Jan-29-19:37:26.403867
0.4160201626761834,20571,25,1,0,1,1,1.9000000000000001,1.9000000000000001,2025-Jan-29-19:37:26.498631
0.7561122308552579,20572,25,1,0,-1,0,0.0,0.0,2025-Jan-29-19:37:26.573524
0.7561122308552579,20573,25,1,0,-1,0,0.0,0.0,2025-Jan-29-19:37:26.659750
0.7561122308552579,20574,25,1,0,-1,0,0.0,0.0,2025-Jan-29-19:37:26.741583
0.7561122308552579,20575,25,1,0,-1,0,0.0,0.0,2025-Jan-29-19:37:26.817043
0.7185205030005031,20576,25,1,0,0,0,0.0,0.0,2025-Jan-29-19:37:26.863362
0.7185205030005031,20577,25,1,0,0,0,0.0,0.0,2025-Jan-29-19:37:26.906772
0.7561122308552579,20578,25,1,0,-1,0,0.0,0.0,2025-Jan-29-19:37:26.964602
0.7561122308552579,20579,25,1,0,-1,0,0.0,0.0,2025-Jan-29-19:37:27.020812
0.7561122308552579,20580,25,1,0,-1,0,0.0,0.0,2025-Jan-29-19:37:27.076041
0.7561122308552579,20581,25,1,0,-1,0,0.0,0.0,2025-Jan-29-19:37:27.133449
0.7561122308552579,20582,25,1,0,-1,0,0.0,0.0,2025-Jan-29-19:37:27.188736
0.7561122308552579,20583,25,1,0,-1,0,0.0,0.0,2025-Jan-29-19:37:27.244983
0.7710208028095181,20584,25,1,1,1,1,1.9000000000000001,1.9000000000000001,2025-Jan-29-19:37:27.338830
0.7710208028095181,20585,25,1,1,1,1,1.9000000000000001,1.9000000000000001,2025-Jan-29-19:37:27.433968
0.7710208028095181,20586,25,1,1,1,1,1.9000000000000001,1.9000000000000001,2025-Jan-29-19:37:27.528452
0.7710208028095181,20587,25,1,1,1,1,1.9000000000000001,1.9000000000000001,2025-Jan-29-19:37:27.643701
0.7710208028095181,20588,25,1,1,1,1,1.9000000000000001,1.9000000000000001,2025-Jan-29-19:37:27.774693
0.7710208028095181,20589,25,1,1,1,1,1.9000000000000001,1.9000000000000001,2025-Jan-29-19:37:27.871526
0.8060591477019475,20590,25,1,0,0,-1,0.0,0.0,2025-Jan-29-19:37:27.930562
0.8060591477019475,20591,25,1,0,0,-1,0.0,0.0,2025-Jan-29-19:37:27.986104
0.8060591477019475,20592,25,1,0,0,-1,0.0,0.0,2025-Jan-29-19:37:28.041958
0.8060591477019475,20593,25,1,0,0,-1,0.0,0.0,2025-Jan-29-19:37:28.098075
0.8060591477019475,20594,25,1,0,0,-1,0.0,0.0,2025-Jan-29-19:37:28.154162
0.8060591477019475,20595,25,1,0,0,-1,0.0,0.0,2025-Jan-29-19:37:28.209736
0.7185205030005031,20596,25,1,0,0,0,0.0,0.0,2025-Jan-29-19:37:28.256341
0.7185205030005031,20597,25,1,0,0,0,0.0,0.0,2025-Jan-29-19:37:28.299504
0.7185205030005031,20598,25,1,0,0,0,0.0,0.0,2025-Jan-29-19:37:28.343072
0.7185205030005031,20599,25,1,0,0,0,0.0,0.0,2025-Jan-29-19:37:28.385864
0.8060591477019475,20600,25,1,0,0,-1,0.0,0.0,2025-Jan-29-19:37:28.441035
0.8060591477019475,20601,25,1,0,0,-1,0.0,0.0,2025-Jan-29-19:37:28.496708
0.8060591477019475,20602,25,1,0,0,-1,0.0,0.0,2025-Jan-29-19:37:28.570701
0.8060591477019475,20603,25,1,0,0,-1,0.0,0.0,2025-Jan-29-19:37:28.662719
0.8060591477019475,20604,25,1,0,0,-1,0.0,0.0,2025-Jan-29-19:37:28.760599
0.9760242519712691,20605,25,1,1,-1,1,0.0,1.9000000000000001,2025-Jan-29-19:37:28.855155
1.161059787788528,20606,25,1,1,0,-1,0.0,0.0,2025-Jan-29-19:37:28.912223
0.629780506117975,20607,25,1,0,-1,1,0.0,1.9000000000000001,2025-Jan-29-19:37:28.997183
0.8973579620796409,20608,25,1,1,1,0,1.9000000000000001,0.0,2025-Jan-29-19:37:29.069531
0.8973579620796409,20609,25,1,1,1,0,1.9000000000000001,0.0,2025-Jan-29-19:37:29.141217
1.0735211430969913,20610,25,1,1,0,0,0.0,0.0,2025-Jan-29-19:37:29.184950
1.0735211430969913,20611,25,1,1,0,0,0.0,0.0,2025-Jan-29-19:37:29.228377
1.0735211430969913,20612,25,1,1,0,0,0.0,0.0,2025-Jan-29-19:37:29.273120
0.8973579620796409,20613,25,1,1,1,0,1.9000000000000001,0.0,2025-Jan-29-19:37:29.344716
0.8973579620796409,20614,25,1,1,1,0,1.9000000000000001,0.0,2025-Jan-29-19:37:29.416001
0.8973579620796409,20615,25,1,1,1,0,1.9000000000000001,0.0,2025-Jan-29-19:37:29.488283
1.1111128709475113,20616,25,1,1,-1,0,0.0,0.0,2025-Jan-29-19:37:29.545526
1.1111128709475113,20617,25,1,1,-1,0,0.0,0.0,2025-Jan-29-19:37:29.643470
0.7185205030005031,20618,25,1,0,0,0,0.0,0.0,2025-Jan-29-19:37:29.711483
0.629780506117975,20619,25,1,0,-1,1,0.0,1.9000000000000001,2025-Jan-29-19:37:29.824962
0.9471794063316156,20620,25,1,1,0,1,0.0,1.9000000000000001,2025-Jan-29-19:37:29.898853
0.9471794063316156,20621,25,1,1,0,1,0.0,1.9000000000000001,2025-Jan-29-19:37:29.971499
0.9471794063316156,20622,25,1,1,0,1,0.0,1.9000000000000001,2025-Jan-29-19:37:30.043046
1.0735211430969913,20623,25,1,1,0,0,0.0,0.0,2025-Jan-29-19:37:30.087170
1.0735211430969913,20624,25,1,1,0,0,0.0,0.0,2025-Jan-29-19:37:30.323853
0.9760242519712691,20625,25,1,1,-1,1,0.0,1.9000000000000001,2025-Jan-29-19:37:30.409094
0.9760242519712691,20626,25,1,1,-1,1,0.0,1.9000000000000001,2025-Jan-29-19:37:30.492938
0.9471794063316156,20627,25,1,1,0,1,0.0,1.9000000000000001,2025-Jan-29-19:37:30.583811
0.9471794063316156,20628,25,1,1,0,1,0.0,1.9000000000000001,2025-Jan-29-19:37:30.700398
1.161059787788528,20629,25,1,1,0,-1,0.0,0.0,2025-Jan-29-19:37:30.780346
0.7710208028095181,20630,25,1,1,1,1,1.9000000000000001,1.9000000000000001,2025-Jan-29-19:37:30.887469
1.0735211430969913,20631,25,1,1,0,0,0.0,0.0,2025-Jan-29-19:37:30.933082
1.0735211430969913,20632,25,1,1,0,0,0.0,0.0,2025-Jan-29-19:37:30.976879
1.0735211430969913,20633,25,1,1,0,0,0.0,0.0,2025-Jan-29-19:37:31.020199
1.0735211430969913,20634,25,1,1,0,0,0.0,0.0,2025-Jan-29-19:37:31.064988
0.7561122308552579,20635,25,1,0,-1,0,0.0,0.0,2025-Jan-29-19:37:31.127114
1.0735211430969913,20636,25,1,1,0,0,0.0,0.0,2025-Jan-29-19:37:31.171825
1.0735211430969913,20637,25,1,1,0,0,0.0,0.0,2025-Jan-29-19:37:31.215148
1.0735211430969913,20638,25,1,1,0,0,0.0,0.0,2025-Jan-29-19:37:31.260681
1.0735211430969913,20639,25,1,1,0,0,0.0,0.0,2025-Jan-29-19:37:31.306560
0.9471794063316156,20640,25,1,1,0,1,0.0,1.9000000000000001,2025-Jan-29-19:37:31.379101
0.7710208028095181,20641,25,1,1,1,1,1.9000000000000001,1.9000000000000001,2025-Jan-29-19:37:31.483821
0.9848890270480929,20642,25,1,1,1,-1,1.9000000000000001,0.0,2025-Jan-29-19:37:31.602065
1.0735211430969913,20643,25,1,1,0,0,0.0,0.0,2025-Jan-29-19:37:31.672717
1.1111128709475113,20644,25,1,1,-1,0,0.0,0.0,2025-Jan-29-19:37:31.775220
1.1111128709475113,20645,25,1,1,-1,0,0.0,0.0,2025-Jan-29-19:37:31.839378
1.1111128709475113,20646,25,1,1,-1,0,0.0,0.0,2025-Jan-29-19:37:31.898198
1.1111128709475113,20647,25,1,1,-1,0,0.0,0.0,2025-Jan-29-19:37:31.956451
1.161059787788528,20648,25,1,1,0,-1,0.0,0.0,2025-Jan-29-19:37:32.013142
1.161059787788528,20649,25,1,1,0,-1,0.0,0.0,2025-Jan-29-19:37:32.073561
1.161059787788528,20650,25,1,1,0,-1,0.0,0.0,2025-Jan-29-19:37:32.139988
0.8060591477019475,20651,25,1,0,0,-1,0.0,0.0,2025-Jan-29-19:37:32.206922
0.8060591477019475,20652,25,1,0,0,-1,0.0,0.0,2025-Jan-29-19:37:32.263084
0.7185205030005031,20653,25,1,0,0,0,0.0,0.0,2025-Jan-29-19:37:32.307452
0.4160201626761834,20654,25,1,0,1,1,1.9000000000000001,1.9000000000000001,2025-Jan-29-19:37:32.402952
0.4160201626761834,20655,25,1,0,1,1,1.9000000000000001,1.9000000000000001,2025-Jan-29-19:37:32.498825
0.4160201626761834,20656,25,1,0,1,1,1.9000000000000001,1.9000000000000001,2025-Jan-29-19:37:32.613121
0.4160201626761834,20657,25,1,0,1,1,1.9000000000000001,1.9000000000000001,2025-Jan-29-19:37:32.741994
0.4160201626761834,20658,25,1,0,1,1,1.9000000000000001,1.9000000000000001,2025-Jan-29-19:37:32.841443
0.4160201626761834,20659,25,1,0,1,1,1.9000000000000001,1.9000000000000001,2025-Jan-29-19:37:32.936629
0.5423573219619376,20660,25,1,0,1,0,1.9000000000000001,0.0,2025-Jan-29-19:37:33.008210
0.5423573219619376,20661,25,1,0,1,0,1.9000000000000001,0.0,2025-Jan-29-19:37:33.079833
0.5423573219619376,20662,25,1,0,1,0,1.9000000000000001,0.0,2025-Jan-29-19:37:33.152159
0.5423573219619376,20663,25,1,0,1,0,1.9000000000000001,0.0,2025-Jan-29-19:37:33.227658
0.629780506117975,20664,25,1,0,-1,1,0.0,1.9000000000000001,2025-Jan-29-19:37:33.312742
0.629780506117975,20665,25,1,0,-1,1,0.0,1.9000000000000001,2025-Jan-29-19:37:33.396631
0.629780506117975,20666,25,1,0,-1,1,0.0,1.9000000000000001,2025-Jan-29-19:37:33.480260
0.629780506117975,20667,25,1,0,-1,1,0.0,1.9000000000000001,2025-Jan-29-19:37:33.573314
0.629780506117975,20668,25,1,0,-1,1,0.0,1.9000000000000001,2025-Jan-29-19:37:33.686573
0.629780506117975,20669,25,1,0,-1,1,0.0,1.9000000000000001,2025-Jan-29-19:37:33.798975
0.629780506117975,20670,25,1,0,-1,1,0.0,1.9000000000000001,2025-Jan-29-19:37:33.887246
0.629780506117975,20671,25,1,0,-1,1,0.0,1.9000000000000001,2025-Jan-29-19:37:33.975894
0.7561122308552579,20672,25,1,0,-1,0,0.0,0.0,2025-Jan-29-19:37:34.033570
0.4160201626761834,20673,25,1,0,1,1,1.9000000000000001,1.9000000000000001,2025-Jan-29-19:37:34.128092
0.6298883869405699,20674,25,1,0,1,-1,1.9000000000000001,0.0,2025-Jan-29-19:37:34.211507
0.6298883869405699,20675,25,1,0,1,-1,1.9000000000000001,0.0,2025-Jan-29-19:37:34.294904
0.5423573219619376,20676,25,1,0,1,0,1.9000000000000001,0.0,2025-Jan-29-19:37:34.366079
0.5423573219619376,20677,25,1,0,1,0,1.9000000000000001,0.0,2025-Jan-29-19:37:34.437157
0.5423573219619376,20678,25,1,0,1,0,1.9000000000000001,0.0,2025-Jan-29-19:37:34.508859
0.5423573219619376,20679,25,1,0,1,0,1.9000000000000001,0.0,2025-Jan-29-19:37:34.594465
0.5423573219619376,20680,25,1,0,1,0,1.9000000000000001,0.0,2025-Jan-29-19:37:34.699643
0.5423573219619376,20681,25,1,0,1,0,1.9000000000000001,0.0,2025-Jan-29-19:37:34.799641
0.4160201626761834,20682,25,1,0,1,1,1.9000000000000001,1.9000000000000001,2025-Jan-29-19:37:34.899307
0.5423573219619376,20683,25,1,0,1,0,1.9000000000000001,0.0,2025-Jan-29-19:37:34.970869
0.5423573219619376,20684,25,1,0,1,0,1.9000000000000001,0.0,2025-Jan-29-19:37:35.042386
0.5423573219619376,20685,25,1,0,1,0,1.9000000000000001,0.0,2025-Jan-29-19:37:35.113580
0.5423573219619376,20686,25,1,0,1,0,1.9000000000000001,0.0,2025-Jan-29-19:37:35.184873
0.5423573219619376,20687,25,1,0,1,0,1.9000000000000001,0.0,2025-Jan-29-19:37:35.257076
0.5423573219619376,20688,25,1,0,1,0,1.9000000000000001,0.0,2025-Jan-29-19:37:35.328313
0.5423573219619376,20689,25,1,0,1,0,1.9000000000000001,0.0,2025-Jan-29-19:37:35.399935
0.5423573219619376,20690,25,1,0,1,0,1.9000000000000001,0.0,2025-Jan-29-19:37:35.471399
0.5423573219619376,20691,25,1,0,1,0,1.9000000000000001,0.0,2025-Jan-29-19:37:35.542605
0.5423573219619376,20692,25,1,0,1,0,1.9000000000000001,0.0,2025-Jan-29-19:37:35.648432
0.5423573219619376,20693,25,1,0,1,0,1.9000000000000001,0.0,2025-Jan-29-19:37:35.750402
0.7185205030005031,20694,25,1,0,0,0,0.0,0.0,2025-Jan-29-19:37:35.796410
0.7185205030005031,20695,25,1,0,0,0,0.0,0.0,2025-Jan-29-19:37:35.844075
0.7185205030005031,20696,25,1,0,0,0,0.0,0.0,2025-Jan-29-19:37:35.892319
0.7185205030005031,20697,25,1,0,0,0,0.0,0.0,2025-Jan-29-19:37:35.941734
0.7185205030005031,20698,25,1,0,0,0,0.0,0.0,2025-Jan-29-19:37:35.984688
0.7185205030005031,20699,25,1,0,0,0,0.0,0.0,2025-Jan-29-19:37:36.028363
0.7185205030005031,20700,25,1,0,0,0,0.0,0.0,2025-Jan-29-19:37:36.070404
0.7185205030005031,20701,25,1,0,0,0,0.0,0.0,2025-Jan-29-19:37:36.113191
0.7185205030005031,20702,25,1,0,0,0,0.0,0.0,2025-Jan-29-19:37:36.156175
0.7185205030005031,20703,25,1,0,0,0,0.0,0.0,2025-Jan-29-19:37:36.199257
0.7185205030005031,20704,25,1,0,0,0,0.0,0.0,2025-Jan-29-19:37:36.243238
0.7185205030005031,20705,25,1,0,0,0,0.0,0.0,2025-Jan-29-19:37:36.479341
0.7185205030005031,20706,25,1,0,0,0,0.0,0.0,2025-Jan-29-19:37:36.523705
0.7185205030005031,20707,25,1,0,0,0,0.0,0.0,2025-Jan-29-19:37:36.586305
0.7185205030005031,20708,25,1,0,0,0,0.0,0.0,2025-Jan-29-19:37:36.655879
0.7185205030005031,20709,25,1,0,0,0,0.0,0.0,2025-Jan-29-19:37:36.740413
0.7185205030005031,20710,25,1,0,0,0,0.0,0.0,2025-Jan-29-19:37:36.796733
0.7185205030005031,20711,25,1,0,0,0,0.0,0.0,2025-Jan-29-19:37:36.846159
0.7185205030005031,20712,25,1,0,0,0,0.0,0.0,2025-Jan-29-19:37:36.889345
0.7185205030005031,20713,25,1,0,0,0,0.0,0.0,2025-Jan-29-19:37:36.932708
0.7185205030005031,20714,25,1,0,0,0,0.0,0.0,2025-Jan-29-19:37:36.977969
0.7185205030005031,20715,25,1,0,0,0,0.0,0.0,2025-Jan-29-19:37:37.024213
0.7185205030005031,20716,25,1,0,0,0,0.0,0.0,2025-Jan-29-19:37:37.070377
0.7185205030005031,20717,25,1,0,0,0,0.0,0.0,2025-Jan-29-19:37:37.117459
0.7185205030005031,20718,25,1,0,0,0,0.0,0.0,2025-Jan-29-19:37:37.163594
0.7561122308552579,20719,25,1,0,-1,0,0.0,0.0,2025-Jan-29-19:37:37.223007
0.7561122308552579,20720,25,1,0,-1,0,0.0,0.0,2025-Jan-29-19:37:37.281962
0.7561122308552579,20721,25,1,0,-1,0,0.0,0.0,2025-Jan-29-19:37:37.340957
0.7561122308552579,20722,25,1,0,-1,0,0.0,0.0,2025-Jan-29-19:37:37.399286
0.7561122308552579,20723,25,1,0,-1,0,0.0,0.0,2025-Jan-29-19:37:37.458297
0.7561122308552579,20724,25,1,0,-1,0,0.0,0.0,2025-Jan-29-19:37:37.518605
0.7561122308552579,20725,25,1,0,-1,0,0.0,0.0,2025-Jan-29-19:37:37.616244
0.7185205030005031,20726,25,1,0,0,0,0.0,0.0,2025-Jan-29-19:37:37.703160
0.7185205030005031,20727,25,1,0,0,0,0.0,0.0,2025-Jan-29-19:37:37.780190
0.7185205030005031,20728,25,1,0,0,0,0.0,0.0,2025-Jan-29-19:37:37.845547
0.5921787662199604,20729,25,1,0,0,1,0.0,1.9000000000000001,2025-Jan-29-19:37:37.923836
0.5921787662199604,20730,25,1,0,0,1,0.0,1.9000000000000001,2025-Jan-29-19:37:37.999594
0.5921787662199604,20731,25,1,0,0,1,0.0,1.9000000000000001,2025-Jan-29-19:37:38.074522
0.5921787662199604,20732,25,1,0,0,1,0.0,1.9000000000000001,2025-Jan-29-19:37:38.150125
0.7561122308552579,20733,25,1,0,-1,0,0.0,0.0,2025-Jan-29-19:37:38.209273
0.7561122308552579,20734,25,1,0,-1,0,0.0,0.0,2025-Jan-29-19:37:38.267746
0.7561122308552579,20735,25,1,0,-1,0,0.0,0.0,2025-Jan-29-19:37:38.327004
0.7561122308552579,20736,25,1,0,-1,0,0.0,0.0,2025-Jan-29-19:37:38.386001
0.7561122308552579,20737,25,1,0,-1,0,0.0,0.0,2025-Jan-29-19:37:38.443997
0.7185205030005031,20738,25,1,0,0,0,0.0,0.0,2025-Jan-29-19:37:38.490628
0.629780506117975,20739,25,1,0,-1,1,0.0,1.9000000000000001,2025-Jan-29-19:37:38.608559
0.629780506117975,20740,25,1,0,-1,1,0.0,1.9000000000000001,2025-Jan-29-19:37:38.759036
0.629780506117975,20741,25,1,0,-1,1,0.0,1.9000000000000001,2025-Jan-29-19:37:38.852775
0.629780506117975,20742,25,1,0,-1,1,0.0,1.9000000000000001,2025-Jan-29-19:37:38.937817
0.629780506117975,20743,25,1,0,-1,1,0.0,1.9000000000000001,2025-Jan-29-19:37:39.022387
0.629780506117975,20744,25,1,0,-1,1,0.0,1.9000000000000001,2025-Jan-29-19:37:39.107029
0.629780506117975,20745,25,1,0,-1,1,0.0,1.9000000000000001,2025-Jan-29-19:37:39.192783
0.629780506117975,20746,25,1,0,-1,1,0.0,1.9000000000000001,2025-Jan-29-19:37:39.276877
0.629780506117975,20747,25,1,0,-1,1,0.0,1.9000000000000001,2025-Jan-29-19:37:39.361157
0.629780506117975,20748,25,1,0,-1,1,0.0,1.9000000000000001,2025-Jan-29-19:37:39.444985
0.629780506117975,20749,25,1,0,-1,1,0.0,1.9000000000000001,2025-Jan-29-19:37:39.529338
0.629780506117975,20750,25,1,0,-1,1,0.0,1.9000000000000001,2025-Jan-29-19:37:39.637160
0.8060591477019475,20751,25,1,0,0,-1,0.0,0.0,2025-Jan-29-19:37:39.724537
0.8060591477019475,20752,25,1,0,0,-1,0.0,0.0,2025-Jan-29-19:37:39.796764
0.8060591477019475,20753,25,1,0,0,-1,0.0,0.0,2025-Jan-29-19:37:39.853496
0.7185205030005031,20754,25,1,0,0,0,0.0,0.0,2025-Jan-29-19:37:39.900195
0.7185205030005031,20755,25,1,0,0,0,0.0,0.0,2025-Jan-29-19:37:39.945535
0.7185205030005031,20756,25,1,0,0,0,0.0,0.0,2025-Jan-29-19:37:39.989016
0.7185205030005031,20757,25,1,0,0,0,0.0,0.0,2025-Jan-29-19:37:40.032597
0.7185205030005031,20758,25,1,0,0,0,0.0,0.0,2025-Jan-29-19:37:40.077481
0.7185205030005031,20759,25,1,0,0,0,0.0,0.0,2025-Jan-29-19:37:40.119967
0.7185205030005031,20760,25,1,0,0,0,0.0,0.0,2025-Jan-29-19:37:40.163274
0.7185205030005031,20761,25,1,0,0,0,0.0,0.0,2025-Jan-29-19:37:40.207530
0.7185205030005031,20762,25,1,0,0,0,0.0,0.0,2025-Jan-29-19:37:40.250845
0.7185205030005031,20763,25,1,0,0,0,0.0,0.0,2025-Jan-29-19:37:40.294596
0.7185205030005031,20764,25,1,0,0,0,0.0,0.0,2025-Jan-29-19:37:40.337724
0.7185205030005031,20765,25,1,0,0,0,0.0,0.0,2025-Jan-29-19:37:40.380958
0.7185205030005031,20766,25,1,0,0,0,0.0,0.0,2025-Jan-29-19:37:40.423927
0.7185205030005031,20767,25,1,0,0,0,0.0,0.0,2025-Jan-29-19:37:40.470078
0.7185205030005031,20768,25,1,0,0,0,0.0,0.0,2025-Jan-29-19:37:40.513188
0.7185205030005031,20769,25,1,0,0,0,0.0,0.0,2025-Jan-29-19:37:40.573330
0.7185205030005031,20770,25,1,0,0,0,0.0,0.0,2025-Jan-29-19:37:40.652151
0.7185205030005031,20771,25,1,0,0,0,0.0,0.0,2025-Jan-29-19:37:40.726658
0.7185205030005031,20772,25,1,0,0,0,0.0,0.0,2025-Jan-29-19:37:40.791677
0.7185205030005031,20773,25,1,0,0,0,0.0,0.0,2025-Jan-29-19:37:40.837850
0.7185205030005031,20774,25,1,0,0,0,0.0,0.0,2025-Jan-29-19:37:40.883911
0.7185205030005031,20775,25,1,0,0,0,0.0,0.0,2025-Jan-29-19:37:40.926932
0.7185205030005031,20776,25,1,0,0,0,0.0,0.0,2025-Jan-29-19:37:40.970135
0.7185205030005031,20777,25,1,0,0,0,0.0,0.0,2025-Jan-29-19:37:41.012524
0.7185205030005031,20778,25,1,0,0,0,0.0,0.0,2025-Jan-29-19:37:41.055351
0.7185205030005031,20779,25,1,0,0,0,0.0,0.0,2025-Jan-29-19:37:41.097916
0.7185205030005031,20780,25,1,0,0,0,0.0,0.0,2025-Jan-29-19:37:41.140615
0.7185205030005031,20781,25,1,0,0,0,0.0,0.0,2025-Jan-29-19:37:41.183409
0.7185205030005031,20782,25,1,0,0,0,0.0,0.0,2025-Jan-29-19:37:41.226312
0.7185205030005031,20783,25,1,0,0,0,0.0,0.0,2025-Jan-29-19:37:41.269500
0.7185205030005031,20784,25,1,0,0,0,0.0,0.0,2025-Jan-29-19:37:41.312609
0.7185205030005031,20785,25,1,0,0,0,0.0,0.0,2025-Jan-29-19:37:41.355666
0.7185205030005031,20786,25,1,0,0,0,0.0,0.0,2025-Jan-29-19:37:41.398414
0.4160201626761834,20787,25,1,0,1,1,1.9000000000000001,1.9000000000000001,2025-Jan-29-19:37:41.493080
1.0735211430969913,20788,25,1,1,0,0,0.0,0.0,2025-Jan-29-19:37:41.535917
0.7185205030005031,20789,25,1,0,0,0,0.0,0.0,2025-Jan-29-19:37:41.595735
0.7185205030005031,20790,25,1,0,0,0,0.0,0.0,2025-Jan-29-19:37:41.684933
0.7185205030005031,20791,25,1,0,0,0,0.0,0.0,2025-Jan-29-19:37:41.768500
0.7185205030005031,20792,25,1,0,0,0,0.0,0.0,2025-Jan-29-19:37:41.817530
0.7185205030005031,20793,25,1,0,0,0,0.0,0.0,2025-Jan-29-19:37:41.874839
0.7185205030005031,20794,25,1,0,0,0,0.0,0.0,2025-Jan-29-19:37:41.921019
0.7185205030005031,20795,25,1,0,0,0,0.0,0.0,2025-Jan-29-19:37:42.169681
0.7185205030005031,20796,25,1,0,0,0,0.0,0.0,2025-Jan-29-19:37:42.214301
0.7185205030005031,20797,25,1,0,0,0,0.0,0.0,2025-Jan-29-19:37:42.257707
0.7185205030005031,20798,25,1,0,0,0,0.0,0.0,2025-Jan-29-19:37:42.300764
0.7185205030005031,20799,25,1,0,0,0,0.0,0.0,2025-Jan-29-19:37:42.343832
0.7185205030005031,20800,25,1,0,0,0,0.0,0.0,2025-Jan-29-19:37:42.386331
0.7185205030005031,20801,25,1,0,0,0,0.0,0.0,2025-Jan-29-19:37:42.429164
0.7185205030005031,20802,25,1,0,0,0,0.0,0.0,2025-Jan-29-19:37:42.472090
0.7185205030005031,20803,25,1,0,0,0,0.0,0.0,2025-Jan-29-19:37:42.515058
0.7185205030005031,20804,25,1,0,0,0,0.0,0.0,2025-Jan-29-19:37:42.584230
0.7185205030005031,20805,25,1,0,0,0,0.0,0.0,2025-Jan-29-19:37:42.667837
0.7185205030005031,20806,25,1,0,0,0,0.0,0.0,2025-Jan-29-19:37:42.739894
0.7185205030005031,20807,25,1,0,0,0,0.0,0.0,2025-Jan-29-19:37:42.802345
0.7185205030005031,20808,25,1,0,0,0,0.0,0.0,2025-Jan-29-19:37:42.849115
0.7185205030005031,20809,25,1,0,0,0,0.0,0.0,2025-Jan-29-19:37:42.893278
0.7185205030005031,20810,25,1,0,0,0,0.0,0.0,2025-Jan-29-19:37:42.936625
0.7185205030005031,20811,25,1,0,0,0,0.0,0.0,2025-Jan-29-19:37:42.979620
0.7185205030005031,20812,25,1,0,0,0,0.0,0.0,2025-Jan-29-19:37:43.022490
0.7185205030005031,20813,25,1,0,0,0,0.0,0.0,2025-Jan-29-19:37:43.065473
0.7185205030005031,20814,25,1,0,0,0,0.0,0.0,2025-Jan-29-19:37:43.108384
0.7185205030005031,20815,25,1,0,0,0,0.0,0.0,2025-Jan-29-19:37:43.151542
0.7185205030005031,20816,25,1,0,0,0,0.0,0.0,2025-Jan-29-19:37:43.194671
0.7185205030005031,20817,25,1,0,0,0,0.0,0.0,2025-Jan-29-19:37:43.237822
0.7185205030005031,20818,25,1,0,0,0,0.0,0.0,2025-Jan-29-19:37:43.280944
0.7561122308552579,20819,25,1,0,-1,0,0.0,0.0,2025-Jan-29-19:37:43.336038
0.7185205030005031,20820,25,1,0,0,0,0.0,0.0,2025-Jan-29-19:37:43.379476
0.7185205030005031,20821,25,1,0,0,0,0.0,0.0,2025-Jan-29-19:37:43.422358
0.7561122308552579,20822,25,1,0,-1,0,0.0,0.0,2025-Jan-29-19:37:43.478023
0.7561122308552579,20823,25,1,0,-1,0,0.0,0.0,2025-Jan-29-19:37:43.534053
0.6298883869405699,20824,25,1,0,1,-1,1.9000000000000001,0.0,2025-Jan-29-19:37:43.643817
0.4160201626761834,20825,25,1,0,1,1,1.9000000000000001,1.9000000000000001,2025-Jan-29-19:37:43.763673
0.4160201626761834,20826,25,1,0,1,1,1.9000000000000001,1.9000000000000001,2025-Jan-29-19:37:43.864119
0.4160201626761834,20827,25,1,0,1,1,1.9000000000000001,1.9000000000000001,2025-Jan-29-19:37:43.960431
0.4160201626761834,20828,25,1,0,1,1,1.9000000000000001,1.9000000000000001,2025-Jan-29-19:37:44.054964
0.4160201626761834,20829,25,1,0,1,1,1.9000000000000001,1.9000000000000001,2025-Jan-29-19:37:44.149304
0.7710208028095181,20830,25,1,1,1,1,1.9000000000000001,1.9000000000000001,2025-Jan-29-19:37:44.243552
0.7710208028095181,20831,25,1,1,1,1,1.9000000000000001,1.9000000000000001,2025-Jan-29-19:37:44.337423
0.7710208028095181,20832,25,1,1,1,1,1.9000000000000001,1.9000000000000001,2025-Jan-29-19:37:44.431708
0.7710208028095181,20833,25,1,1,1,1,1.9000000000000001,1.9000000000000001,2025-Jan-29-19:37:44.526126
0.4160201626761834,20834,25,1,0,1,1,1.9000000000000001,1.9000000000000001,2025-Jan-29-19:37:44.644169
0.5423573219619376,20835,25,1,0,1,0,1.9000000000000001,0.0,2025-Jan-29-19:37:44.746209
0.7561122308552579,20836,25,1,0,-1,0,0.0,0.0,2025-Jan-29-19:37:44.803800
0.8060591477019475,20837,25,1,0,0,-1,0.0,0.0,2025-Jan-29-19:37:44.862164
0.8060591477019475,20838,25,1,0,0,-1,0.0,0.0,2025-Jan-29-19:37:44.918590
0.8060591477019475,20839,25,1,0,0,-1,0.0,0.0,2025-Jan-29-19:37:44.974090
0.8060591477019475,20840,25,1,0,0,-1,0.0,0.0,2025-Jan-29-19:37:45.029177
0.8060591477019475,20841,25,1,0,0,-1,0.0,0.0,2025-Jan-29-19:37:45.084530
1.1111128709475113,20842,25,1,1,-1,0,0.0,0.0,2025-Jan-29-19:37:45.141031
0.629780506117975,20843,25,1,0,-1,1,0.0,1.9000000000000001,2025-Jan-29-19:37:45.224574
1.1111128709475113,20844,25,1,1,-1,0,0.0,0.0,2025-Jan-29-19:37:45.280025
1.1111128709475113,20845,25,1,1,-1,0,0.0,0.0,2025-Jan-29-19:37:45.335876
1.1111128709475113,20846,25,1,1,-1,0,0.0,0.0,2025-Jan-29-19:37:45.391932
1.1111128709475113,20847,25,1,1,-1,0,0.0,0.0,2025-Jan-29-19:37:45.447591
1.0735211430969913,20848,25,1,1,0,0,0.0,0.0,2025-Jan-29-19:37:45.491526
1.0735211430969913,20849,25,1,1,0,0,0.0,0.0,2025-Jan-29-19:37:45.535097
1.0735211430969913,20850,25,1,1,0,0,0.0,0.0,2025-Jan-29-19:37:45.597791
1.0735211430969913,20851,25,1,1,0,0,0.0,0.0,2025-Jan-29-19:37:45.685999
0.9471794063316156,20852,25,1,1,0,1,0.0,1.9000000000000001,2025-Jan-29-19:37:45.793203
0.9471794063316156,20853,25,1,1,0,1,0.0,1.9000000000000001,2025-Jan-29-19:37:45.872164
0.9471794063316156,20854,25,1,1,0,1,0.0,1.9000000000000001,2025-Jan-29-19:37:45.948700
1.161059787788528,20855,25,1,1,0,-1,0.0,0.0,2025-Jan-29-19:37:46.007995
0.7710208028095181,20856,25,1,1,1,1,1.9000000000000001,1.9000000000000001,2025-Jan-29-19:37:46.106866
1.0735211430969913,20857,25,1,1,0,0,0.0,0.0,2025-Jan-29-19:37:46.152534
0.8973579620796409,20858,25,1,1,1,0,1.9000000000000001,0.0,2025-Jan-29-19:37:46.227100
0.8973579620796409,20859,25,1,1,1,0,1.9000000000000001,0.0,2025-Jan-29-19:37:46.302389
0.8973579620796409,20860,25,1,1,1,0,1.9000000000000001,0.0,2025-Jan-29-19:37:46.377907
0.8973579620796409,20861,25,1,1,1,0,1.9000000000000001,0.0,2025-Jan-29-19:37:46.452420
0.7185205030005031,20862,25,1,0,0,0,0.0,0.0,2025-Jan-29-19:37:46.498125
0.7185205030005031,20863,25,1,0,0,0,0.0,0.0,2025-Jan-29-19:37:46.544080
0.7185205030005031,20864,25,1,0,0,0,0.0,0.0,2025-Jan-29-19:37:46.642186
0.7185205030005031,20865,25,1,0,0,0,0.0,0.0,2025-Jan-29-19:37:46.726646
1.0735211430969913,20866,25,1,1,0,0,0.0,0.0,2025-Jan-29-19:37:46.804079
1.0735211430969913,20867,25,1,1,0,0,0.0,0.0,2025-Jan-29-19:37:46.857633
1.0735211430969913,20868,25,1,1,0,0,0.0,0.0,2025-Jan-29-19:37:46.905322
1.0735211430969913,20869,25,1,1,0,0,0.0,0.0,2025-Jan-29-19:37:46.952186
0.7710208028095181,20870,25,1,1,1,1,1.9000000000000001,1.9000000000000001,2025-Jan-29-19:37:47.052259
0.7561122308552579,20871,25,1,0,-1,0,0.0,0.0,2025-Jan-29-19:37:47.111516
0.7561122308552579,20872,25,1,0,-1,0,0.0,0.0,2025-Jan-29-19:37:47.171501
0.7561122308552579,20873,25,1,0,-1,0,0.0,0.0,2025-Jan-29-19:37:47.231774
0.7561122308552579,20874,25,1,0,-1,0,0.0,0.0,2025-Jan-29-19:37:47.290405
1.161059787788528,20875,25,1,1,0,-1,0.0,0.0,2025-Jan-29-19:37:47.349188
1.161059787788528,20876,25,1,1,0,-1,0.0,0.0,2025-Jan-29-19:37:47.407909
1.161059787788528,20877,25,1,1,0,-1,0.0,0.0,2025-Jan-29-19:37:47.466951
1.161059787788528,20878,25,1,1,0,-1,0.0,0.0,2025-Jan-29-19:37:47.527100
0.9471794063316156,20879,25,1,1,0,1,0.0,1.9000000000000001,2025-Jan-29-19:37:47.622584
1.161059787788528,20880,25,1,1,0,-1,0.0,0.0,2025-Jan-29-19:37:47.729446
1.161059787788528,20881,25,1,1,0,-1,0.0,0.0,2025-Jan-29-19:37:47.808851
1.161059787788528,20882,25,1,1,0,-1,0.0,0.0,2025-Jan-29-19:37:48.135400
1.161059787788528,20883,25,1,1,0,-1,0.0,0.0,2025-Jan-29-19:37:48.196004
0.5423573219619376,20884,25,1,0,1,0,1.9000000000000001,0.0,2025-Jan-29-19:37:48.274175
0.5423573219619376,20885,25,1,0,1,0,1.9000000000000001,0.0,2025-Jan-29-19:37:48.351572
0.5423573219619376,20886,25,1,0,1,0,1.9000000000000001,0.0,2025-Jan-29-19:37:48.426747
0.5423573219619376,20887,25,1,0,1,0,1.9000000000000001,0.0,2025-Jan-29-19:37:48.502438
0.5423573219619376,20888,25,1,0,1,0,1.9000000000000001,0.0,2025-Jan-29-19:37:48.591797
0.5423573219619376,20889,25,1,0,1,0,1.9000000000000001,0.0,2025-Jan-29-19:37:48.713931
0.5423573219619376,20890,25,1,0,1,0,1.9000000000000001,0.0,2025-Jan-29-19:37:48.822390
0.5423573219619376,20891,25,1,0,1,0,1.9000000000000001,0.0,2025-Jan-29-19:37:48.901102
0.7561122308552579,20892,25,1,0,-1,0,0.0,0.0,2025-Jan-29-19:37:48.960461
0.7561122308552579,20893,25,1,0,-1,0,0.0,0.0,2025-Jan-29-19:37:49.018931
0.7561122308552579,20894,25,1,0,-1,0,0.0,0.0,2025-Jan-29-19:37:49.077480
0.7561122308552579,20895,25,1,0,-1,0,0.0,0.0,2025-Jan-29-19:37:49.136458
0.7561122308552579,20896,25,1,0,-1,0,0.0,0.0,2025-Jan-29-19:37:49.195548
0.7561122308552579,20897,25,1,0,-1,0,0.0,0.0,2025-Jan-29-19:37:49.253665
0.7561122308552579,20898,25,1,0,-1,0,0.0,0.0,2025-Jan-29-19:37:49.312427
0.7561122308552579,20899,25,1,0,-1,0,0.0,0.0,2025-Jan-29-19:37:49.370891
0.5423573219619376,20900,25,1,0,1,0,1.9000000000000001,0.0,2025-Jan-29-19:37:49.446175
0.5423573219619376,20901,25,1,0,1,0,1.9000000000000001,0.0,2025-Jan-29-19:37:49.521673
0.5423573219619376,20902,25,1,0,1,0,1.9000000000000001,0.0,2025-Jan-29-19:37:49.614050
0.5423573219619376,20903,25,1,0,1,0,1.9000000000000001,0.0,2025-Jan-29-19:37:49.721870
0.5423573219619376,20904,25,1,0,1,0,1.9000000000000001,0.0,2025-Jan-29-19:37:49.813855
0.5423573219619376,20905,25,1,0,1,0,1.9000000000000001,0.0,2025-Jan-29-19:37:49.885548
0.5423573219619376,20906,25,1,0,1,0,1.9000000000000001,0.0,2025-Jan-29-19:37:49.957968
0.5423573219619376,20907,25,1,0,1,0,1.9000000000000001,0.0,2025-Jan-29-19:37:50.029419
0.5423573219619376,20908,25,1,0,1,0,1.9000000000000001,0.0,2025-Jan-29-19:37:50.100749
0.5423573219619376,20909,25,1,0,1,0,1.9000000000000001,0.0,2025-Jan-29-19:37:50.171785
0.5423573219619376,20910,25,1,0,1,0,1.9000000000000001,0.0,2025-Jan-29-19:37:50.242966
0.5423573219619376,20911,25,1,0,1,0,1.9000000000000001,0.0,2025-Jan-29-19:37:50.315217
0.5423573219619376,20912,25,1,0,1,0,1.9000000000000001,0.0,2025-Jan-29-19:37:50.388467
0.5423573219619376,20913,25,1,0,1,0,1.9000000000000001,0.0,2025-Jan-29-19:37:50.459892
0.5423573219619376,20914,25,1,0,1,0,1.9000000000000001,0.0,2025-Jan-29-19:37:50.531472
0.5423573219619376,20915,25,1,0,1,0,1.9000000000000001,0.0,2025-Jan-29-19:37:50.618003
0.4160201626761834,20916,25,1,0,1,1,1.9000000000000001,1.9000000000000001,2025-Jan-29-19:37:50.745113
0.4160201626761834,20917,25,1,0,1,1,1.9000000000000001,1.9000000000000001,2025-Jan-29-19:37:50.845612
0.4160201626761834,20918,25,1,0,1,1,1.9000000000000001,1.9000000000000001,2025-Jan-29-19:37:50.945933
0.4160201626761834,20919,25,1,0,1,1,1.9000000000000001,1.9000000000000001,2025-Jan-29-19:37:51.040610
0.5921787662199604,20920,25,1,0,0,1,0.0,1.9000000000000001,2025-Jan-29-19:37:51.111961
0.5921787662199604,20921,25,1,0,0,1,0.0,1.9000000000000001,2025-Jan-29-19:37:51.182877
0.5921787662199604,20922,25,1,0,0,1,0.0,1.9000000000000001,2025-Jan-29-19:37:51.254712
0.5921787662199604,20923,25,1,0,0,1,0.0,1.9000000000000001,2025-Jan-29-19:37:51.326256
0.4160201626761834,20924,25,1,0,1,1,1.9000000000000001,1.9000000000000001,2025-Jan-29-19:37:51.420855
0.4160201626761834,20925,25,1,0,1,1,1.9000000000000001,1.9000000000000001,2025-Jan-29-19:37:51.515743
0.4160201626761834,20926,25,1,0,1,1,1.9000000000000001,1.9000000000000001,2025-Jan-29-19:37:51.631118
0.6298883869405699,20927,25,1,0,1,-1,1.9000000000000001,0.0,2025-Jan-29-19:37:51.743389
0.6298883869405699,20928,25,1,0,1,-1,1.9000000000000001,0.0,2025-Jan-29-19:37:51.832653
0.6298883869405699,20929,25,1,0,1,-1,1.9000000000000001,0.0,2025-Jan-29-19:37:51.917964
0.6298883869405699,20930,25,1,0,1,-1,1.9000000000000001,0.0,2025-Jan-29-19:37:52.002453
0.8436562666978078,20931,25,1,0,-1,-1,0.0,0.0,2025-Jan-29-19:37:52.072249
0.6298883869405699,20932,25,1,0,1,-1,1.9000000000000001,0.0,2025-Jan-29-19:37:52.156314
0.6298883869405699,20933,25,1,0,1,-1,1.9000000000000001,0.0,2025-Jan-29-19:37:52.240028
0.6298883869405699,20934,25,1,0,1,-1,1.9000000000000001,0.0,2025-Jan-29-19:37:52.323691
0.6298883869405699,20935,25,1,0,1,-1,1.9000000000000001,0.0,2025-Jan-29-19:37:52.407917
0.8060591477019475,20936,25,1,0,0,-1,0.0,0.0,2025-Jan-29-19:37:52.463169
0.8060591477019475,20937,25,1,0,0,-1,0.0,0.0,2025-Jan-29-19:37:52.518239
0.8060591477019475,20938,25,1,0,0,-1,0.0,0.0,2025-Jan-29-19:37:52.596146
0.8060591477019475,20939,25,1,0,0,-1,0.0,0.0,2025-Jan-29-19:37:52.683393
0.7185205030005031,20940,25,1,0,0,0,0.0,0.0,2025-Jan-29-19:37:52.757940
0.7185205030005031,20941,25,1,0,0,0,0.0,0.0,2025-Jan-29-19:37:52.804116
0.7185205030005031,20942,25,1,0,0,0,0.0,0.0,2025-Jan-29-19:37:52.847895
0.7185205030005031,20943,25,1,0,0,0,0.0,0.0,2025-Jan-29-19:37:52.891217
0.7185205030005031,20944,25,1,0,0,0,0.0,0.0,2025-Jan-29-19:37:52.935167
0.7185205030005031,20945,25,1,0,0,0,0.0,0.0,2025-Jan-29-19:37:52.983884
0.7185205030005031,20946,25,1,0,0,0,0.0,0.0,2025-Jan-29-19:37:53.027914
0.7185205030005031,20947,25,1,0,0,0,0.0,0.0,2025-Jan-29-19:37:53.071267
0.7185205030005031,20948,25,1,0,0,0,0.0,0.0,2025-Jan-29-19:37:53.114315
0.7185205030005031,20949,25,1,0,0,0,0.0,0.0,2025-Jan-29-19:37:53.157484
0.7185205030005031,20950,25,1,0,0,0,0.0,0.0,2025-Jan-29-19:37:53.200417
0.7185205030005031,20951,25,1,0,0,0,0.0,0.0,2025-Jan-29-19:37:53.243354
0.5423573219619376,20952,25,1,0,1,0,1.9000000000000001,0.0,2025-Jan-29-19:37:53.315020
0.5423573219619376,20953,25,1,0,1,0,1.9000000000000001,0.0,2025-Jan-29-19:37:53.386602
0.5423573219619376,20954,25,1,0,1,0,1.9000000000000001,0.0,2025-Jan-29-19:37:53.458371
0.5423573219619376,20955,25,1,0,1,0,1.9000000000000001,0.0,2025-Jan-29-19:37:53.529929
0.5423573219619376,20956,25,1,0,1,0,1.9000000000000001,0.0,2025-Jan-29-19:37:53.616533
0.7185205030005031,20957,25,1,0,0,0,0.0,0.0,2025-Jan-29-19:37:53.687316
0.7185205030005031,20958,25,1,0,0,0,0.0,0.0,2025-Jan-29-19:37:53.750422
0.7185205030005031,20959,25,1,0,0,0,0.0,0.0,2025-Jan-29-19:37:53.797794
0.7185205030005031,20960,25,1,0,0,0,0.0,0.0,2025-Jan-29-19:37:53.844112
0.7185205030005031,20961,25,1,0,0,0,0.0,0.0,2025-Jan-29-19:37:53.887581
0.5423573219619376,20962,25,1,0,1,0,1.9000000000000001,0.0,2025-Jan-29-19:37:53.959139
0.5423573219619376,20963,25,1,0,1,0,1.9000000000000001,0.0,2025-Jan-29-19:37:54.030262
0.5423573219619376,20964,25,1,0,1,0,1.9000000000000001,0.0,2025-Jan-29-19:37:54.101486
0.5423573219619376,20965,25,1,0,1,0,1.9000000000000001,0.0,2025-Jan-29-19:37:54.173442
0.5423573219619376,20966,25,1,0,1,0,1.9000000000000001,0.0,2025-Jan-29-19:37:54.244958
0.7561122308552579,20967,25,1,0,-1,0,0.0,0.0,2025-Jan-29-19:37:54.300462
0.7561122308552579,20968,25,1,0,-1,0,0.0,0.0,2025-Jan-29-19:37:54.366117
0.7561122308552579,20969,25,1,0,-1,0,0.0,0.0,2025-Jan-29-19:37:54.421608
0.7561122308552579,20970,25,1,0,-1,0,0.0,0.0,2025-Jan-29-19:37:54.478785
0.7561122308552579,20971,25,1,0,-1,0,0.0,0.0,2025-Jan-29-19:37:54.537481
0.7561122308552579,20972,25,1,0,-1,0,0.0,0.0,2025-Jan-29-19:37:54.627556
0.7561122308552579,20973,25,1,0,-1,0,0.0,0.0,2025-Jan-29-19:37:55.040915
0.7561122308552579,20974,25,1,0,-1,0,0.0,0.0,2025-Jan-29-19:37:55.124453
0.5423573219619376,20975,25,1,0,1,0,1.9000000000000001,0.0,2025-Jan-29-19:37:55.202032
0.5423573219619376,20976,25,1,0,1,0,1.9000000000000001,0.0,2025-Jan-29-19:37:55.278011
0.7561122308552579,20977,25,1,0,-1,0,0.0,0.0,2025-Jan-29-19:37:55.336185
0.7561122308552579,20978,25,1,0,-1,0,0.0,0.0,2025-Jan-29-19:37:55.393590
0.7561122308552579,20979,25,1,0,-1,0,0.0,0.0,2025-Jan-29-19:37:55.451278
0.5423573219619376,20980,25,1,0,1,0,1.9000000000000001,0.0,2025-Jan-29-19:37:55.526917
0.5423573219619376,20981,25,1,0,1,0,1.9000000000000001,0.0,2025-Jan-29-19:37:55.645073
0.5921787662199604,20982,25,1,0,0,1,0.0,1.9000000000000001,2025-Jan-29-19:37:55.754655
0.5921787662199604,20983,25,1,0,0,1,0.0,1.9000000000000001,2025-Jan-29-19:37:55.849859
0.5921787662199604,20984,25,1,0,0,1,0.0,1.9000000000000001,2025-Jan-29-19:37:55.927915
0.5921787662199604,20985,25,1,0,0,1,0.0,1.9000000000000001,2025-Jan-29-19:37:56.005530
0.5921787662199604,20986,25,1,0,0,1,0.0,1.9000000000000001,2025-Jan-29-19:37:56.080640
0.5921787662199604,20987,25,1,0,0,1,0.0,1.9000000000000001,2025-Jan-29-19:37:56.156121
0.7185205030005031,20988,25,1,0,0,0,0.0,0.0,2025-Jan-29-19:37:56.203369
0.7185205030005031,20989,25,1,0,0,0,0.0,0.0,2025-Jan-29-19:37:56.250372
0.7185205030005031,20990,25,1,0,0,0,0.0,0.0,2025-Jan-29-19:37:56.297326
0.7185205030005031,20991,25,1,0,0,0,0.0,0.0,2025-Jan-29-19:37:56.342558
0.7185205030005031,20992,25,1,0,0,0,0.0,0.0,2025-Jan-29-19:37:56.388546
0.7185205030005031,20993,25,1,0,0,0,0.0,0.0,2025-Jan-29-19:37:56.435341
0.629780506117975,20994,25,1,0,-1,1,0.0,1.9000000000000001,2025-Jan-29-19:37:56.523215
0.5921787662199604,20995,25,1,0,0,1,0.0,1.9000000000000001,2025-Jan-29-19:37:56.633422
0.5921787662199604,20996,25,1,0,0,1,0.0,1.9000000000000001,2025-Jan-29-19:37:56.751670
0.5921787662199604,20997,25,1,0,0,1,0.0,1.9000000000000001,2025-Jan-29-19:37:56.851636
0.5921787662199604,20998,25,1,0,0,1,0.0,1.9000000000000001,2025-Jan-29-19:37:56.929410
0.8060591477019475,20999,25,1,0,0,-1,0.0,0.0,2025-Jan-29-19:37:56.989280
0.629780506117975,21000,25,1,0,-1,1,0.0,1.9000000000000001,2025-Jan-29-19:37:57.079355
0.629780506117975,21001,25,1,0,-1,1,0.0,1.9000000000000001,2025-Jan-29-19:37:57.168482
0.629780506117975,21002,25,1,0,-1,1,0.0,1.9000000000000001,2025-Jan-29-19:37:57.258047
0.629780506117975,21003,25,1,0,-1,1,0.0,1.9000000000000001,2025-Jan-29-19:37:57.347058
0.629780506117975,21004,25,1,0,-1,1,0.0,1.9000000000000001,2025-Jan-29-19:37:57.433936
0.629780506117975,21005,25,1,0,-1,1,0.0,1.9000000000000001,2025-Jan-29-19:37:57.521485
0.629780506117975,21006,25,1,0,-1,1,0.0,1.9000000000000001,2025-Jan-29-19:37:57.644779
0.629780506117975,21007,25,1,0,-1,1,0.0,1.9000000000000001,2025-Jan-29-19:37:57.765938
0.629780506117975,21008,25,1,0,-1,1,0.0,1.9000000000000001,2025-Jan-29-19:37:57.852361
0.629780506117975,21009,25,1,0,-1,1,0.0,1.9000000000000001,2025-Jan-29-19:37:57.939563
0.629780506117975,21010,25,1,0,-1,1,0.0,1.9000000000000001,2025-Jan-29-19:37:58.023408
0.629780506117975,21011,25,1,0,-1,1,0.0,1.9000000000000001,2025-Jan-29-19:37:58.107261
0.7185205030005031,21012,25,1,0,0,0,0.0,0.0,2025-Jan-29-19:37:58.150466
0.7185205030005031,21013,25,1,0,0,0,0.0,0.0,2025-Jan-29-19:37:58.193565
0.7185205030005031,21014,25,1,0,0,0,0.0,0.0,2025-Jan-29-19:37:58.236649
0.7185205030005031,21015,25,1,0,0,0,0.0,0.0,2025-Jan-29-19:37:58.279318
0.7185205030005031,21016,25,1,0,0,0,0.0,0.0,2025-Jan-29-19:37:58.322152
0.7185205030005031,21017,25,1,0,0,0,0.0,0.0,2025-Jan-29-19:37:58.364886
0.6298883869405699,21018,25,1,0,1,-1,1.9000000000000001,0.0,2025-Jan-29-19:37:58.447899
0.6298883869405699,21019,25,1,0,1,-1,1.9000000000000001,0.0,2025-Jan-29-19:37:58.532495
0.6298883869405699,21020,25,1,0,1,-1,1.9000000000000001,0.0,2025-Jan-29-19:37:58.644963
0.6298883869405699,21021,25,1,0,1,-1,1.9000000000000001,0.0,2025-Jan-29-19:37:58.759234
0.6298883869405699,21022,25,1,0,1,-1,1.9000000000000001,0.0,2025-Jan-29-19:37:58.843309
0.6298883869405699,21023,25,1,0,1,-1,1.9000000000000001,0.0,2025-Jan-29-19:37:58.926655
0.7185205030005031,21024,25,1,0,0,0,0.0,0.0,2025-Jan-29-19:37:58.969398
0.7185205030005031,21025,25,1,0,0,0,0.0,0.0,2025-Jan-29-19:37:59.012359
0.7185205030005031,21026,25,1,0,0,0,0.0,0.0,2025-Jan-29-19:37:59.054916
0.7185205030005031,21027,25,1,0,0,0,0.0,0.0,2025-Jan-29-19:37:59.098327
0.7185205030005031,21028,25,1,0,0,0,0.0,0.0,2025-Jan-29-19:37:59.140738
0.8060591477019475,21029,25,1,0,0,-1,0.0,0.0,2025-Jan-29-19:37:59.195780
1.1111128709475113,21030,25,1,1,-1,0,0.0,0.0,2025-Jan-29-19:37:59.251029
0.9471794063316156,21031,25,1,1,0,1,0.0,1.9000000000000001,2025-Jan-29-19:37:59.322163
0.9471794063316156,21032,25,1,1,0,1,0.0,1.9000000000000001,2025-Jan-29-19:37:59.393322
0.7185205030005031,21033,25,1,0,0,0,0.0,0.0,2025-Jan-29-19:37:59.436143
0.7185205030005031,21034,25,1,0,0,0,0.0,0.0,2025-Jan-29-19:37:59.478757
0.7185205030005031,21035,25,1,0,0,0,0.0,0.0,2025-Jan-29-19:37:59.521308
0.7185205030005031,21036,25,1,0,0,0,0.0,0.0,2025-Jan-29-19:37:59.582183
0.7185205030005031,21037,25,1,0,0,0,0.0,0.0,2025-Jan-29-19:37:59.653480
0.7185205030005031,21038,25,1,0,0,0,0.0,0.0,2025-Jan-29-19:37:59.729544
0.7185205030005031,21039,25,1,0,0,0,0.0,0.0,2025-Jan-29-19:37:59.789472
0.7185205030005031,21040,25,1,0,0,0,0.0,0.0,2025-Jan-29-19:37:59.835843
0.7185205030005031,21041,25,1,0,0,0,0.0,0.0,2025-Jan-29-19:37:59.881232
0.7185205030005031,21042,25,1,0,0,0,0.0,0.0,2025-Jan-29-19:37:59.924803
0.5423573219619376,21043,25,1,0,1,0,1.9000000000000001,0.0,2025-Jan-29-19:37:59.995846
0.9471794063316156,21044,25,1,1,0,1,0.0,1.9000000000000001,2025-Jan-29-19:38:00.071542
0.7185205030005031,21045,25,1,0,0,0,0.0,0.0,2025-Jan-29-19:38:00.114576
0.7185205030005031,21046,25,1,0,0,0,0.0,0.0,2025-Jan-29-19:38:00.157454
0.7185205030005031,21047,25,1,0,0,0,0.0,0.0,2025-Jan-29-19:38:00.200278
0.7185205030005031,21048,25,1,0,0,0,0.0,0.0,2025-Jan-29-19:38:00.243104
0.7185205030005031,21049,25,1,0,0,0,0.0,0.0,2025-Jan-29-19:38:00.286643
0.8973579620796409,21050,25,1,1,1,0,1.9000000000000001,0.0,2025-Jan-29-19:38:00.587738
0.7185205030005031,21051,25,1,0,0,0,0.0,0.0,2025-Jan-29-19:38:00.666546
0.7185205030005031,21052,25,1,0,0,0,0.0,0.0,2025-Jan-29-19:38:00.735448
0.7185205030005031,21053,25,1,0,0,0,0.0,0.0,2025-Jan-29-19:38:00.803868
0.7185205030005031,21054,25,1,0,0,0,0.0,0.0,2025-Jan-29-19:38:00.848968
0.7185205030005031,21055,25,1,0,0,0,0.0,0.0,2025-Jan-29-19:38:00.892115
0.7561122308552579,21056,25,1,0,-1,0,0.0,0.0,2025-Jan-29-19:38:00.947259
0.7561122308552579,21057,25,1,0,-1,0,0.0,0.0,2025-Jan-29-19:38:01.004075
0.7561122308552579,21058,25,1,0,-1,0,0.0,0.0,2025-Jan-29-19:38:01.059268
0.7561122308552579,21059,25,1,0,-1,0,0.0,0.0,2025-Jan-29-19:38:01.114446
0.7561122308552579,21060,25,1,0,-1,0,0.0,0.0,2025-Jan-29-19:38:01.169632
0.7185205030005031,21061,25,1,0,0,0,0.0,0.0,2025-Jan-29-19:38:01.212510
0.7185205030005031,21062,25,1,0,0,0,0.0,0.0,2025-Jan-29-19:38:01.256302
0.7185205030005031,21063,25,1,0,0,0,0.0,0.0,2025-Jan-29-19:38:01.300646
0.7185205030005031,21064,25,1,0,0,0,0.0,0.0,2025-Jan-29-19:38:01.346586
0.7185205030005031,21065,25,1,0,0,0,0.0,0.0,2025-Jan-29-19:38:01.392759
0.8060591477019475,21066,25,1,0,0,-1,0.0,0.0,2025-Jan-29-19:38:01.451314
0.7561122308552579,21067,25,1,0,-1,0,0.0,0.0,2025-Jan-29-19:38:01.508376
0.7561122308552579,21068,25,1,0,-1,0,0.0,0.0,2025-Jan-29-19:38:01.587447
0.7561122308552579,21069,25,1,0,-1,0,0.0,0.0,2025-Jan-29-19:38:01.681882
0.7561122308552579,21070,25,1,0,-1,0,0.0,0.0,2025-Jan-29-19:38:01.780264
0.7561122308552579,21071,25,1,0,-1,0,0.0,0.0,2025-Jan-29-19:38:01.841119
0.9471794063316156,21072,25,1,1,0,1,0.0,1.9000000000000001,2025-Jan-29-19:38:01.915140
0.7185205030005031,21073,25,1,0,0,0,0.0,0.0,2025-Jan-29-19:38:01.959436
0.4160201626761834,21074,25,1,0,1,1,1.9000000000000001,1.9000000000000001,2025-Jan-29-19:38:02.053692
0.8436562666978078,21075,25,1,0,-1,-1,0.0,0.0,2025-Jan-29-19:38:02.128417
0.5423573219619376,21076,25,1,0,1,0,1.9000000000000001,0.0,2025-Jan-29-19:38:02.210142
1.0735211430969913,21077,25,1,1,0,0,0.0,0.0,2025-Jan-29-19:38:02.255445
1.161059787788528,21078,25,1,1,0,-1,0.0,0.0,2025-Jan-29-19:38:02.311249
1.161059787788528,21079,25,1,1,0,-1,0.0,0.0,2025-Jan-29-19:38:02.367549
1.161059787788528,21080,25,1,1,0,-1,0.0,0.0,2025-Jan-29-19:38:02.423323
1.161059787788528,21081,25,1,1,0,-1,0.0,0.0,2025-Jan-29-19:38:02.479416
0.6298883869405699,21082,25,1,0,1,-1,1.9000000000000001,0.0,2025-Jan-29-19:38:02.573510
1.0735211430969913,21083,25,1,1,0,0,0.0,0.0,2025-Jan-29-19:38:02.641716
1.0735211430969913,21084,25,1,1,0,0,0.0,0.0,2025-Jan-29-19:38:02.716147
1.0735211430969913,21085,25,1,1,0,0,0.0,0.0,2025-Jan-29-19:38:02.778228
1.0735211430969913,21086,25,1,1,0,0,0.0,0.0,2025-Jan-29-19:38:02.823067
0.5423573219619376,21087,25,1,0,1,0,1.9000000000000001,0.0,2025-Jan-29-19:38:02.896685
1.0735211430969913,21088,25,1,1,0,0,0.0,0.0,2025-Jan-29-19:38:02.939463
1.0735211430969913,21089,25,1,1,0,0,0.0,0.0,2025-Jan-29-19:38:02.983597
1.0735211430969913,21090,25,1,1,0,0,0.0,0.0,2025-Jan-29-19:38:03.027455
1.0735211430969913,21091,25,1,1,0,0,0.0,0.0,2025-Jan-29-19:38:03.071084
0.5921787662199604,21092,25,1,0,0,1,0.0,1.9000000000000001,2025-Jan-29-19:38:03.142754
1.161059787788528,21093,25,1,1,0,-1,0.0,0.0,2025-Jan-29-19:38:03.198562
1.161059787788528,21094,25,1,1,0,-1,0.0,0.0,2025-Jan-29-19:38:03.254092
1.161059787788528,21095,25,1,1,0,-1,0.0,0.0,2025-Jan-29-19:38:03.309803
0.629780506117975,21096,25,1,0,-1,1,0.0,1.9000000000000001,2025-Jan-29-19:38:03.394355
0.5423573219619376,21097,25,1,0,1,0,1.9000000000000001,0.0,2025-Jan-29-19:38:03.467682
0.5423573219619376,21098,25,1,0,1,0,1.9000000000000001,0.0,2025-Jan-29-19:38:03.539297
0.5423573219619376,21099,25,1,0,1,0,1.9000000000000001,0.0,2025-Jan-29-19:38:03.630456
0.5423573219619376,21100,25,1,0,1,0,1.9000000000000001,0.0,2025-Jan-29-19:38:03.736953
0.5423573219619376,21101,25,1,0,1,0,1.9000000000000001,0.0,2025-Jan-29-19:38:03.817542
0.5423573219619376,21102,25,1,0,1,0,1.9000000000000001,0.0,2025-Jan-29-19:38:03.892012
0.5423573219619376,21103,25,1,0,1,0,1.9000000000000001,0.0,2025-Jan-29-19:38:03.963799
0.5423573219619376,21104,25,1,0,1,0,1.9000000000000001,0.0,2025-Jan-29-19:38:04.035474
0.7561122308552579,21105,25,1,0,-1,0,0.0,0.0,2025-Jan-29-19:38:04.091907
0.7561122308552579,21106,25,1,0,-1,0,0.0,0.0,2025-Jan-29-19:38:04.147545
0.7561122308552579,21107,25,1,0,-1,0,0.0,0.0,2025-Jan-29-19:38:04.203267
0.7185205030005031,21108,25,1,0,0,0,0.0,0.0,2025-Jan-29-19:38:04.246272
0.7185205030005031,21109,25,1,0,0,0,0.0,0.0,2025-Jan-29-19:38:04.289681
0.7185205030005031,21110,25,1,0,0,0,0.0,0.0,2025-Jan-29-19:38:04.332718
0.7185205030005031,21111,25,1,0,0,0,0.0,0.0,2025-Jan-29-19:38:04.376059
0.7185205030005031,21112,25,1,0,0,0,0.0,0.0,2025-Jan-29-19:38:04.419471
0.5423573219619376,21113,25,1,0,1,0,1.9000000000000001,0.0,2025-Jan-29-19:38:04.491166
0.5423573219619376,21114,25,1,0,1,0,1.9000000000000001,0.0,2025-Jan-29-19:38:04.582317
0.5423573219619376,21115,25,1,0,1,0,1.9000000000000001,0.0,2025-Jan-29-19:38:04.682946
0.5423573219619376,21116,25,1,0,1,0,1.9000000000000001,0.0,2025-Jan-29-19:38:04.776879
0.5423573219619376,21117,25,1,0,1,0,1.9000000000000001,0.0,2025-Jan-29-19:38:04.852153
0.5423573219619376,21118,25,1,0,1,0,1.9000000000000001,0.0,2025-Jan-29-19:38:04.924198
0.5423573219619376,21119,25,1,0,1,0,1.9000000000000001,0.0,2025-Jan-29-19:38:04.998897
0.5423573219619376,21120,25,1,0,1,0,1.9000000000000001,0.0,2025-Jan-29-19:38:05.072081
0.5423573219619376,21121,25,1,0,1,0,1.9000000000000001,0.0,2025-Jan-29-19:38:05.143847
0.5423573219619376,21122,25,1,0,1,0,1.9000000000000001,0.0,2025-Jan-29-19:38:05.215025
0.5423573219619376,21123,25,1,0,1,0,1.9000000000000001,0.0,2025-Jan-29-19:38:05.286290
0.5423573219619376,21124,25,1,0,1,0,1.9000000000000001,0.0,2025-Jan-29-19:38:05.360063
0.5423573219619376,21125,25,1,0,1,0,1.9000000000000001,0.0,2025-Jan-29-19:38:05.431730
0.5423573219619376,21126,25,1,0,1,0,1.9000000000000001,0.0,2025-Jan-29-19:38:05.503064
0.5423573219619376,21127,25,1,0,1,0,1.9000000000000001,0.0,2025-Jan-29-19:38:05.597882
0.5423573219619376,21128,25,1,0,1,0,1.9000000000000001,0.0,2025-Jan-29-19:38:05.709852
0.5921787662199604,21129,25,1,0,0,1,0.0,1.9000000000000001,2025-Jan-29-19:38:05.809076
0.5921787662199604,21130,25,1,0,0,1,0.0,1.9000000000000001,2025-Jan-29-19:38:06.072509
0.5921787662199604,21131,25,1,0,0,1,0.0,1.9000000000000001,2025-Jan-29-19:38:06.145455
0.5921787662199604,21132,25,1,0,0,1,0.0,1.9000000000000001,2025-Jan-29-19:38:06.217337
0.5921787662199604,21133,25,1,0,0,1,0.0,1.9000000000000001,2025-Jan-29-19:38:06.288801
0.5921787662199604,21134,25,1,0,0,1,0.0,1.9000000000000001,2025-Jan-29-19:38:06.360813
0.5921787662199604,21135,25,1,0,0,1,0.0,1.9000000000000001,2025-Jan-29-19:38:06.432360
0.8060591477019475,21136,25,1,0,0,-1,0.0,0.0,2025-Jan-29-19:38:06.488246
0.8436562666978078,21137,25,1,0,-1,-1,0.0,0.0,2025-Jan-29-19:38:06.580845
0.8436562666978078,21138,25,1,0,-1,-1,0.0,0.0,2025-Jan-29-19:38:06.684272
0.8436562666978078,21139,25,1,0,-1,-1,0.0,0.0,2025-Jan-29-19:38:06.784964
0.8436562666978078,21140,25,1,0,-1,-1,0.0,0.0,2025-Jan-29-19:38:06.855987
0.8436562666978078,21141,25,1,0,-1,-1,0.0,0.0,2025-Jan-29-19:38:06.923396
0.629780506117975,21142,25,1,0,-1,1,0.0,1.9000000000000001,2025-Jan-29-19:38:07.006283
0.629780506117975,21143,25,1,0,-1,1,0.0,1.9000000000000001,2025-Jan-29-19:38:07.090534
0.629780506117975,21144,25,1,0,-1,1,0.0,1.9000000000000001,2025-Jan-29-19:38:07.174047
0.8060591477019475,21145,25,1,0,0,-1,0.0,0.0,2025-Jan-29-19:38:07.229323
0.8060591477019475,21146,25,1,0,0,-1,0.0,0.0,2025-Jan-29-19:38:07.284463
0.8060591477019475,21147,25,1,0,0,-1,0.0,0.0,2025-Jan-29-19:38:07.339555
0.8060591477019475,21148,25,1,0,0,-1,0.0,0.0,2025-Jan-29-19:38:07.394471
0.8060591477019475,21149,25,1,0,0,-1,0.0,0.0,2025-Jan-29-19:38:07.449876
0.8436562666978078,21150,25,1,0,-1,-1,0.0,0.0,2025-Jan-29-19:38:07.517465
0.8436562666978078,21151,25,1,0,-1,-1,0.0,0.0,2025-Jan-29-19:38:07.625566
0.8436562666978078,21152,25,1,0,-1,-1,0.0,0.0,2025-Jan-29-19:38:07.726278
0.4160201626761834,21153,25,1,0,1,1,1.9000000000000001,1.9000000000000001,2025-Jan-29-19:38:07.840552
0.4160201626761834,21154,25,1,0,1,1,1.9000000000000001,1.9000000000000001,2025-Jan-29-19:38:07.937333
0.629780506117975,21155,25,1,0,-1,1,0.0,1.9000000000000001,2025-Jan-29-19:38:08.021286
0.629780506117975,21156,25,1,0,-1,1,0.0,1.9000000000000001,2025-Jan-29-19:38:08.105691
0.8436562666978078,21157,25,1,0,-1,-1,0.0,0.0,2025-Jan-29-19:38:08.173065
0.8060591477019475,21158,25,1,0,0,-1,0.0,0.0,2025-Jan-29-19:38:08.228095
0.5921787662199604,21159,25,1,0,0,1,0.0,1.9000000000000001,2025-Jan-29-19:38:08.299250
0.5921787662199604,21160,25,1,0,0,1,0.0,1.9000000000000001,2025-Jan-29-19:38:08.371023
0.7185205030005031,21161,25,1,0,0,0,0.0,0.0,2025-Jan-29-19:38:08.414419
0.7185205030005031,21162,25,1,0,0,0,0.0,0.0,2025-Jan-29-19:38:08.457582
0.7185205030005031,21163,25,1,0,0,0,0.0,0.0,2025-Jan-29-19:38:08.500399
0.7185205030005031,21164,25,1,0,0,0,0.0,0.0,2025-Jan-29-19:38:08.544198
0.7185205030005031,21165,25,1,0,0,0,0.0,0.0,2025-Jan-29-19:38:08.638552
0.7185205030005031,21166,25,1,0,0,0,0.0,0.0,2025-Jan-29-19:38:08.716134
0.5423573219619376,21167,25,1,0,1,0,1.9000000000000001,0.0,2025-Jan-29-19:38:08.820312
0.5423573219619376,21168,25,1,0,1,0,1.9000000000000001,0.0,2025-Jan-29-19:38:08.900785
0.5423573219619376,21169,25,1,0,1,0,1.9000000000000001,0.0,2025-Jan-29-19:38:08.976467
0.5423573219619376,21170,25,1,0,1,0,1.9000000000000001,0.0,2025-Jan-29-19:38:09.051856
0.5423573219619376,21171,25,1,0,1,0,1.9000000000000001,0.0,2025-Jan-29-19:38:09.126406
0.5423573219619376,21172,25,1,0,1,0,1.9000000000000001,0.0,2025-Jan-29-19:38:09.201247
0.7185205030005031,21173,25,1,0,0,0,0.0,0.0,2025-Jan-29-19:38:09.246798
0.7185205030005031,21174,25,1,0,0,0,0.0,0.0,2025-Jan-29-19:38:09.292323
0.7185205030005031,21175,25,1,0,0,0,0.0,0.0,2025-Jan-29-19:38:09.338500
0.7185205030005031,21176,25,1,0,0,0,0.0,0.0,2025-Jan-29-19:38:09.384725
0.7185205030005031,21177,25,1,0,0,0,0.0,0.0,2025-Jan-29-19:38:09.429998
0.7185205030005031,21178,25,1,0,0,0,0.0,0.0,2025-Jan-29-19:38:09.475629
0.5423573219619376,21179,25,1,0,1,0,1.9000000000000001,0.0,2025-Jan-29-19:38:09.565304
0.5423573219619376,21180,25,1,0,1,0,1.9000000000000001,0.0,2025-Jan-29-19:38:09.675121
0.5423573219619376,21181,25,1,0,1,0,1.9000000000000001,0.0,2025-Jan-29-19:38:09.785477
0.5423573219619376,21182,25,1,0,1,0,1.9000000000000001,0.0,2025-Jan-29-19:38:09.863817
0.5423573219619376,21183,25,1,0,1,0,1.9000000000000001,0.0,2025-Jan-29-19:38:09.939370
0.5423573219619376,21184,25,1,0,1,0,1.9000000000000001,0.0,2025-Jan-29-19:38:10.013665
0.7561122308552579,21185,25,1,0,-1,0,0.0,0.0,2025-Jan-29-19:38:10.071078
0.7561122308552579,21186,25,1,0,-1,0,0.0,0.0,2025-Jan-29-19:38:10.128735
0.7561122308552579,21187,25,1,0,-1,0,0.0,0.0,2025-Jan-29-19:38:10.186320
0.7561122308552579,21188,25,1,0,-1,0,0.0,0.0,2025-Jan-29-19:38:10.245440
0.7561122308552579,21189,25,1,0,-1,0,0.0,0.0,2025-Jan-29-19:38:10.304243
0.7561122308552579,21190,25,1,0,-1,0,0.0,0.0,2025-Jan-29-19:38:10.362724
0.7185205030005031,21191,25,1,0,0,0,0.0,0.0,2025-Jan-29-19:38:10.408236
0.7185205030005031,21192,25,1,0,0,0,0.0,0.0,2025-Jan-29-19:38:10.453790
0.7185205030005031,21193,25,1,0,0,0,0.0,0.0,2025-Jan-29-19:38:10.498843
0.7185205030005031,21194,25,1,0,0,0,0.0,0.0,2025-Jan-29-19:38:10.545221
0.7185205030005031,21195,25,1,0,0,0,0.0,0.0,2025-Jan-29-19:38:10.631875
0.7185205030005031,21196,25,1,0,0,0,0.0,0.0,2025-Jan-29-19:38:10.715274
0.5423573219619376,21197,25,1,0,1,0,1.9000000000000001,0.0,2025-Jan-29-19:38:10.833718
0.5423573219619376,21198,25,1,0,1,0,1.9000000000000001,0.0,2025-Jan-29-19:38:10.914478
0.5423573219619376,21199,25,1,0,1,0,1.9000000000000001,0.0,2025-Jan-29-19:38:10.991343
0.5423573219619376,21200,25,1,0,1,0,1.9000000000000001,0.0,2025-Jan-29-19:38:11.067389
0.5423573219619376,21201,25,1,0,1,0,1.9000000000000001,0.0,2025-Jan-29-19:38:11.142752
0.5423573219619376,21202,25,1,0,1,0,1.9000000000000001,0.0,2025-Jan-29-19:38:11.217556
0.5423573219619376,21203,25,1,0,1,0,1.9000000000000001,0.0,2025-Jan-29-19:38:11.292178
0.5423573219619376,21204,25,1,0,1,0,1.9000000000000001,0.0,2025-Jan-29-19:38:11.368218
0.5423573219619376,21205,25,1,0,1,0,1.9000000000000001,0.0,2025-Jan-29-19:38:11.441647
0.5423573219619376,21206,25,1,0,1,0,1.9000000000000001,0.0,2025-Jan-29-19:38:11.516007
0.5423573219619376,21207,25,1,0,1,0,1.9000000000000001,0.0,2025-Jan-29-19:38:11.609720
0.5423573219619376,21208,25,1,0,1,0,1.9000000000000001,0.0,2025-Jan-29-19:38:12.036186
0.7561122308552579,21209,25,1,0,-1,0,0.0,0.0,2025-Jan-29-19:38:12.120722
0.7561122308552579,21210,25,1,0,-1,0,0.0,0.0,2025-Jan-29-19:38:12.181270
0.7185205030005031,21211,25,1,0,0,0,0.0,0.0,2025-Jan-29-19:38:12.227673
0.7185205030005031,21212,25,1,0,0,0,0.0,0.0,2025-Jan-29-19:38:12.274287
0.7185205030005031,21213,25,1,0,0,0,0.0,0.0,2025-Jan-29-19:38:12.318765
0.7185205030005031,21214,25,1,0,0,0,0.0,0.0,2025-Jan-29-19:38:12.363800
0.7185205030005031,21215,25,1,0,0,0,0.0,0.0,2025-Jan-29-19:38:12.407951
0.7185205030005031,21216,25,1,0,0,0,0.0,0.0,2025-Jan-29-19:38:12.452682
0.7185205030005031,21217,25,1,0,0,0,0.0,0.0,2025-Jan-29-19:38:12.496822
0.5921787662199604,21218,25,1,0,0,1,0.0,1.9000000000000001,2025-Jan-29-19:38:12.583864
0.5921787662199604,21219,25,1,0,0,1,0.0,1.9000000000000001,2025-Jan-29-19:38:12.684580
0.5921787662199604,21220,25,1,0,0,1,0.0,1.9000000000000001,2025-Jan-29-19:38:12.782041
0.5921787662199604,21221,25,1,0,0,1,0.0,1.9000000000000001,2025-Jan-29-19:38:12.856642
0.5921787662199604,21222,25,1,0,0,1,0.0,1.9000000000000001,2025-Jan-29-19:38:12.927817
0.5921787662199604,21223,25,1,0,0,1,0.0,1.9000000000000001,2025-Jan-29-19:38:12.999788
0.5921787662199604,21224,25,1,0,0,1,0.0,1.9000000000000001,2025-Jan-29-19:38:13.070923
0.5921787662199604,21225,25,1,0,0,1,0.0,1.9000000000000001,2025-Jan-29-19:38:13.142482
0.5921787662199604,21226,25,1,0,0,1,0.0,1.9000000000000001,2025-Jan-29-19:38:13.213528
0.8060591477019475,21227,25,1,0,0,-1,0.0,0.0,2025-Jan-29-19:38:13.269441
0.8060591477019475,21228,25,1,0,0,-1,0.0,0.0,2025-Jan-29-19:38:13.326648
0.8060591477019475,21229,25,1,0,0,-1,0.0,0.0,2025-Jan-29-19:38:13.387642
0.8060591477019475,21230,25,1,0,0,-1,0.0,0.0,2025-Jan-29-19:38:13.444780
0.8060591477019475,21231,25,1,0,0,-1,0.0,0.0,2025-Jan-29-19:38:13.500825
0.8060591477019475,21232,25,1,0,0,-1,0.0,0.0,2025-Jan-29-19:38:13.579944
0.7185205030005031,21233,25,1,0,0,0,0.0,0.0,2025-Jan-29-19:38:13.656646
0.7185205030005031,21234,25,1,0,0,0,0.0,0.0,2025-Jan-29-19:38:13.728808
0.7185205030005031,21235,25,1,0,0,0,0.0,0.0,2025-Jan-29-19:38:13.793691
0.7185205030005031,21236,25,1,0,0,0,0.0,0.0,2025-Jan-29-19:38:13.839727
0.7185205030005031,21237,25,1,0,0,0,0.0,0.0,2025-Jan-29-19:38:13.882910
0.7185205030005031,21238,25,1,0,0,0,0.0,0.0,2025-Jan-29-19:38:13.926009
0.7710208028095181,21239,25,1,1,1,1,1.9000000000000001,1.9000000000000001,2025-Jan-29-19:38:14.020135
0.629780506117975,21240,25,1,0,-1,1,0.0,1.9000000000000001,2025-Jan-29-19:38:14.104979
0.629780506117975,21241,25,1,0,-1,1,0.0,1.9000000000000001,2025-Jan-29-19:38:14.188859
0.629780506117975,21242,25,1,0,-1,1,0.0,1.9000000000000001,2025-Jan-29-19:38:14.273408
0.629780506117975,21243,25,1,0,-1,1,0.0,1.9000000000000001,2025-Jan-29-19:38:14.359902
0.629780506117975,21244,25,1,0,-1,1,0.0,1.9000000000000001,2025-Jan-29-19:38:14.444027
0.7561122308552579,21245,25,1,0,-1,0,0.0,0.0,2025-Jan-29-19:38:14.499371
0.629780506117975,21246,25,1,0,-1,1,0.0,1.9000000000000001,2025-Jan-29-19:38:14.602238
0.629780506117975,21247,25,1,0,-1,1,0.0,1.9000000000000001,2025-Jan-29-19:38:14.729629
0.8436562666978078,21248,25,1,0,-1,-1,0.0,0.0,2025-Jan-29-19:38:14.819124
0.8436562666978078,21249,25,1,0,-1,-1,0.0,0.0,2025-Jan-29-19:38:14.887706
0.8436562666978078,21250,25,1,0,-1,-1,0.0,0.0,2025-Jan-29-19:38:14.957957
0.8436562666978078,21251,25,1,0,-1,-1,0.0,0.0,2025-Jan-29-19:38:15.026586
0.7185205030005031,21252,25,1,0,0,0,0.0,0.0,2025-Jan-29-19:38:15.069992
0.7185205030005031,21253,25,1,0,0,0,0.0,0.0,2025-Jan-29-19:38:15.113397
0.7185205030005031,21254,25,1,0,0,0,0.0,0.0,2025-Jan-29-19:38:15.156706
0.7185205030005031,21255,25,1,0,0,0,0.0,0.0,2025-Jan-29-19:38:15.199778
0.7185205030005031,21256,25,1,0,0,0,0.0,0.0,2025-Jan-29-19:38:15.243576
0.7185205030005031,21257,25,1,0,0,0,0.0,0.0,2025-Jan-29-19:38:15.286504
0.6298883869405699,21258,25,1,0,1,-1,1.9000000000000001,0.0,2025-Jan-29-19:38:15.371135
0.6298883869405699,21259,25,1,0,1,-1,1.9000000000000001,0.0,2025-Jan-29-19:38:15.455176
0.6298883869405699,21260,25,1,0,1,-1,1.9000000000000001,0.0,2025-Jan-29-19:38:15.539567
0.6298883869405699,21261,25,1,0,1,-1,1.9000000000000001,0.0,2025-Jan-29-19:38:15.643721
0.6298883869405699,21262,25,1,0,1,-1,1.9000000000000001,0.0,2025-Jan-29-19:38:15.770136
0.6298883869405699,21263,25,1,0,1,-1,1.9000000000000001,0.0,2025-Jan-29-19:38:15.857219
0.6298883869405699,21264,25,1,0,1,-1,1.9000000000000001,0.0,2025-Jan-29-19:38:15.944524
0.6298883869405699,21265,25,1,0,1,-1,1.9000000000000001,0.0,2025-Jan-29-19:38:16.030756
0.6298883869405699,21266,25,1,0,1,-1,1.9000000000000001,0.0,2025-Jan-29-19:38:16.116203
0.6298883869405699,21267,25,1,0,1,-1,1.9000000000000001,0.0,2025-Jan-29-19:38:16.200532
0.6298883869405699,21268,25,1,0,1,-1,1.9000000000000001,0.0,2025-Jan-29-19:38:16.284328
0.6298883869405699,21269,25,1,0,1,-1,1.9000000000000001,0.0,2025-Jan-29-19:38:16.369341
0.7561122308552579,21270,25,1,0,-1,0,0.0,0.0,2025-Jan-29-19:38:16.425869
0.7185205030005031,21271,25,1,0,0,0,0.0,0.0,2025-Jan-29-19:38:16.468693
0.7185205030005031,21272,25,1,0,0,0,0.0,0.0,2025-Jan-29-19:38:16.511471
0.7185205030005031,21273,25,1,0,0,0,0.0,0.0,2025-Jan-29-19:38:16.572233
0.7185205030005031,21274,25,1,0,0,0,0.0,0.0,2025-Jan-29-19:38:16.645621
0.7185205030005031,21275,25,1,0,0,0,0.0,0.0,2025-Jan-29-19:38:16.711592
0.7185205030005031,21276,25,1,0,0,0,0.0,0.0,2025-Jan-29-19:38:16.989246
0.7185205030005031,21277,25,1,0,0,0,0.0,0.0,2025-Jan-29-19:38:17.035027
0.7185205030005031,21278,25,1,0,0,0,0.0,0.0,2025-Jan-29-19:38:17.078445
0.7185205030005031,21279,25,1,0,0,0,0.0,0.0,2025-Jan-29-19:38:17.126500
0.7185205030005031,21280,25,1,0,0,0,0.0,0.0,2025-Jan-29-19:38:17.175387
0.7185205030005031,21281,25,1,0,0,0,0.0,0.0,2025-Jan-29-19:38:17.225315
1.0735211430969913,21282,25,1,1,0,0,0.0,0.0,2025-Jan-29-19:38:17.272340
0.5921787662199604,21283,25,1,0,0,1,0.0,1.9000000000000001,2025-Jan-29-19:38:17.345670
0.8973579620796409,21284,25,1,1,1,0,1.9000000000000001,0.0,2025-Jan-29-19:38:17.417140
1.161059787788528,21285,25,1,1,0,-1,0.0,0.0,2025-Jan-29-19:38:17.472107
0.5921787662199604,21286,25,1,0,0,1,0.0,1.9000000000000001,2025-Jan-29-19:38:17.543093
0.7185205030005031,21287,25,1,0,0,0,0.0,0.0,2025-Jan-29-19:38:17.617957
0.7185205030005031,21288,25,1,0,0,0,0.0,0.0,2025-Jan-29-19:38:17.693248
0.7185205030005031,21289,25,1,0,0,0,0.0,0.0,2025-Jan-29-19:38:17.762829
0.7185205030005031,21290,25,1,0,0,0,0.0,0.0,2025-Jan-29-19:38:17.809513
0.8060591477019475,21291,25,1,0,0,-1,0.0,0.0,2025-Jan-29-19:38:17.867621
0.8060591477019475,21292,25,1,0,0,-1,0.0,0.0,2025-Jan-29-19:38:17.923140
0.8060591477019475,21293,25,1,0,0,-1,0.0,0.0,2025-Jan-29-19:38:17.978343
0.8060591477019475,21294,25,1,0,0,-1,0.0,0.0,2025-Jan-29-19:38:18.033677
1.0735211430969913,21295,25,1,1,0,0,0.0,0.0,2025-Jan-29-19:38:18.076508
0.8973579620796409,21296,25,1,1,1,0,1.9000000000000001,0.0,2025-Jan-29-19:38:18.147382
0.8973579620796409,21297,25,1,1,1,0,1.9000000000000001,0.0,2025-Jan-29-19:38:18.218872
0.8973579620796409,21298,25,1,1,1,0,1.9000000000000001,0.0,2025-Jan-29-19:38:18.290271
0.8973579620796409,21299,25,1,1,1,0,1.9000000000000001,0.0,2025-Jan-29-19:38:18.361924
0.5921787662199604,21300,25,1,0,0,1,0.0,1.9000000000000001,2025-Jan-29-19:38:18.432846
0.5921787662199604,21301,25,1,0,0,1,0.0,1.9000000000000001,2025-Jan-29-19:38:18.505166
0.5921787662199604,21302,25,1,0,0,1,0.0,1.9000000000000001,2025-Jan-29-19:38:18.601217
0.5921787662199604,21303,25,1,0,0,1,0.0,1.9000000000000001,2025-Jan-29-19:38:18.706716
0.8436562666978078,21304,25,1,0,-1,-1,0.0,0.0,2025-Jan-29-19:38:18.800090
0.9471794063316156,21305,25,1,1,0,1,0.0,1.9000000000000001,2025-Jan-29-19:38:18.872302
0.9471794063316156,21306,25,1,1,0,1,0.0,1.9000000000000001,2025-Jan-29-19:38:18.947390
0.9471794063316156,21307,25,1,1,0,1,0.0,1.9000000000000001,2025-Jan-29-19:38:19.018629
1.0735211430969913,21308,25,1,1,0,0,0.0,0.0,2025-Jan-29-19:38:19.061581
0.9471794063316156,21309,25,1,1,0,1,0.0,1.9000000000000001,2025-Jan-29-19:38:19.132672
0.9471794063316156,21310,25,1,1,0,1,0.0,1.9000000000000001,2025-Jan-29-19:38:19.203984
0.9471794063316156,21311,25,1,1,0,1,0.0,1.9000000000000001,2025-Jan-29-19:38:19.274836
0.9471794063316156,21312,25,1,1,0,1,0.0,1.9000000000000001,2025-Jan-29-19:38:19.347251
1.161059787788528,21313,25,1,1,0,-1,0.0,0.0,2025-Jan-29-19:38:19.402410
1.161059787788528,21314,25,1,1,0,-1,0.0,0.0,2025-Jan-29-19:38:19.457559
1.0735211430969913,21315,25,1,1,0,0,0.0,0.0,2025-Jan-29-19:38:19.500391
1.0735211430969913,21316,25,1,1,0,0,0.0,0.0,2025-Jan-29-19:38:19.543242
1.0735211430969913,21317,25,1,1,0,0,0.0,0.0,2025-Jan-29-19:38:19.619093
1.0735211430969913,21318,25,1,1,0,0,0.0,0.0,2025-Jan-29-19:38:19.691628
1.0735211430969913,21319,25,1,1,0,0,0.0,0.0,2025-Jan-29-19:38:19.759514
1.0735211430969913,21320,25,1,1,0,0,0.0,0.0,2025-Jan-29-19:38:19.809398
1.0735211430969913,21321,25,1,1,0,0,0.0,0.0,2025-Jan-29-19:38:19.852981
0.7185205030005031,21322,25,1,0,0,0,0.0,0.0,2025-Jan-29-19:38:19.896121
1.0735211430969913,21323,25,1,1,0,0,0.0,0.0,2025-Jan-29-19:38:19.939498
1.0735211430969913,21324,25,1,1,0,0,0.0,0.0,2025-Jan-29-19:38:19.985521
1.0735211430969913,21325,25,1,1,0,0,0.0,0.0,2025-Jan-29-19:38:20.028649
0.8060591477019475,21326,25,1,0,0,-1,0.0,0.0,2025-Jan-29-19:38:20.084584
0.7710208028095181,21327,25,1,1,1,1,1.9000000000000001,1.9000000000000001,2025-Jan-29-19:38:20.178788
0.5423573219619376,21328,25,1,0,1,0,1.9000000000000001,0.0,2025-Jan-29-19:38:20.251640
0.5423573219619376,21329,25,1,0,1,0,1.9000000000000001,0.0,2025-Jan-29-19:38:20.322954
0.5423573219619376,21330,25,1,0,1,0,1.9000000000000001,0.0,2025-Jan-29-19:38:20.394089
0.5423573219619376,21331,25,1,0,1,0,1.9000000000000001,0.0,2025-Jan-29-19:38:20.465243
0.5423573219619376,21332,25,1,0,1,0,1.9000000000000001,0.0,2025-Jan-29-19:38:20.536809
0.5423573219619376,21333,25,1,0,1,0,1.9000000000000001,0.0,2025-Jan-29-19:38:20.627868
0.5423573219619376,21334,25,1,0,1,0,1.9000000000000001,0.0,2025-Jan-29-19:38:20.730116
0.5423573219619376,21335,25,1,0,1,0,1.9000000000000001,0.0,2025-Jan-29-19:38:20.816234
0.7561122308552579,21336,25,1,0,-1,0,0.0,0.0,2025-Jan-29-19:38:20.875357
0.7561122308552579,21337,25,1,0,-1,0,0.0,0.0,2025-Jan-29-19:38:20.931491
0.7561122308552579,21338,25,1,0,-1,0,0.0,0.0,2025-Jan-29-19:38:20.986797
0.7561122308552579,21339,25,1,0,-1,0,0.0,0.0,2025-Jan-29-19:38:21.042145
0.7561122308552579,21340,25,1,0,-1,0,0.0,0.0,2025-Jan-29-19:38:21.096817
0.7561122308552579,21341,25,1,0,-1,0,0.0,0.0,2025-Jan-29-19:38:21.152057
0.7561122308552579,21342,25,1,0,-1,0,0.0,0.0,2025-Jan-29-19:38:21.207068
0.7185205030005031,21343,25,1,0,0,0,0.0,0.0,2025-Jan-29-19:38:21.249891
0.7561122308552579,21344,25,1,0,-1,0,0.0,0.0,2025-Jan-29-19:38:21.304913
0.7561122308552579,21345,25,1,0,-1,0,0.0,0.0,2025-Jan-29-19:38:21.360276
0.7561122308552579,21346,25,1,0,-1,0,0.0,0.0,2025-Jan-29-19:38:21.415217
0.7561122308552579,21347,25,1,0,-1,0,0.0,0.0,2025-Jan-29-19:38:21.470522
0.5423573219619376,21348,25,1,0,1,0,1.9000000000000001,0.0,2025-Jan-29-19:38:21.541577
0.5423573219619376,21349,25,1,0,1,0,1.9000000000000001,0.0,2025-Jan-29-19:38:21.823473
0.5423573219619376,21350,25,1,0,1,0,1.9000000000000001,0.0,2025-Jan-29-19:38:21.938545
0.5423573219619376,21351,25,1,0,1,0,1.9000000000000001,0.0,2025-Jan-29-19:38:22.020096
0.5423573219619376,21352,25,1,0,1,0,1.9000000000000001,0.0,2025-Jan-29-19:38:22.099323
0.5423573219619376,21353,25,1,0,1,0,1.9000000000000001,0.0,2025-Jan-29-19:38:22.172014
0.5423573219619376,21354,25,1,0,1,0,1.9000000000000001,0.0,2025-Jan-29-19:38:22.244206
0.5423573219619376,21355,25,1,0,1,0,1.9000000000000001,0.0,2025-Jan-29-19:38:22.316020
0.5423573219619376,21356,25,1,0,1,0,1.9000000000000001,0.0,2025-Jan-29-19:38:22.387436
0.5423573219619376,21357,25,1,0,1,0,1.9000000000000001,0.0,2025-Jan-29-19:38:22.458911
0.5423573219619376,21358,25,1,0,1,0,1.9000000000000001,0.0,2025-Jan-29-19:38:22.530057
0.5423573219619376,21359,25,1,0,1,0,1.9000000000000001,0.0,2025-Jan-29-19:38:22.617894
0.8060591477019475,21360,25,1,0,0,-1,0.0,0.0,2025-Jan-29-19:38:22.697554
0.8060591477019475,21361,25,1,0,0,-1,0.0,0.0,2025-Jan-29-19:38:22.775207
0.8060591477019475,21362,25,1,0,0,-1,0.0,0.0,2025-Jan-29-19:38:22.834597
0.8060591477019475,21363,25,1,0,0,-1,0.0,0.0,2025-Jan-29-19:38:22.890987
0.7185205030005031,21364,25,1,0,0,0,0.0,0.0,2025-Jan-29-19:38:22.934498
0.7185205030005031,21365,25,1,0,0,0,0.0,0.0,2025-Jan-29-19:38:22.977818
0.7185205030005031,21366,25,1,0,0,0,0.0,0.0,2025-Jan-29-19:38:23.021828
0.7185205030005031,21367,25,1,0,0,0,0.0,0.0,2025-Jan-29-19:38:23.064996
0.629780506117975,21368,25,1,0,-1,1,0.0,1.9000000000000001,2025-Jan-29-19:38:23.148810
0.629780506117975,21369,25,1,0,-1,1,0.0,1.9000000000000001,2025-Jan-29-19:38:23.233468
0.629780506117975,21370,25,1,0,-1,1,0.0,1.9000000000000001,2025-Jan-29-19:38:23.317942
0.629780506117975,21371,25,1,0,-1,1,0.0,1.9000000000000001,2025-Jan-29-19:38:23.401868
0.629780506117975,21372,25,1,0,-1,1,0.0,1.9000000000000001,2025-Jan-29-19:38:23.485853
0.629780506117975,21373,25,1,0,-1,1,0.0,1.9000000000000001,2025-Jan-29-19:38:23.586264
0.629780506117975,21374,25,1,0,-1,1,0.0,1.9000000000000001,2025-Jan-29-19:38:23.713069
0.629780506117975,21375,25,1,0,-1,1,0.0,1.9000000000000001,2025-Jan-29-19:38:23.821963
0.8436562666978078,21376,25,1,0,-1,-1,0.0,0.0,2025-Jan-29-19:38:23.894438
0.8436562666978078,21377,25,1,0,-1,-1,0.0,0.0,2025-Jan-29-19:38:23.962992
0.8436562666978078,21378,25,1,0,-1,-1,0.0,0.0,2025-Jan-29-19:38:24.032814
0.8436562666978078,21379,25,1,0,-1,-1,0.0,0.0,2025-Jan-29-19:38:24.101899
0.8436562666978078,21380,25,1,0,-1,-1,0.0,0.0,2025-Jan-29-19:38:24.170599
0.6298883869405699,21381,25,1,0,1,-1,1.9000000000000001,0.0,2025-Jan-29-19:38:24.255391
0.6298883869405699,21382,25,1,0,1,-1,1.9000000000000001,0.0,2025-Jan-29-19:38:24.339440
0.6298883869405699,21383,25,1,0,1,-1,1.9000000000000001,0.0,2025-Jan-29-19:38:24.423954
0.8060591477019475,21384,25,1,0,0,-1,0.0,0.0,2025-Jan-29-19:38:24.479538
0.8060591477019475,21385,25,1,0,0,-1,0.0,0.0,2025-Jan-29-19:38:24.534826
0.8060591477019475,21386,25,1,0,0,-1,0.0,0.0,2025-Jan-29-19:38:24.615669
0.8060591477019475,21387,25,1,0,0,-1,0.0,0.0,2025-Jan-29-19:38:24.698873
0.8060591477019475,21388,25,1,0,0,-1,0.0,0.0,2025-Jan-29-19:38:24.777307
0.8060591477019475,21389,25,1,0,0,-1,0.0,0.0,2025-Jan-29-19:38:24.835697
0.8060591477019475,21390,25,1,0,0,-1,0.0,0.0,2025-Jan-29-19:38:24.891296
0.8060591477019475,21391,25,1,0,0,-1,0.0,0.0,2025-Jan-29-19:38:24.946704
0.5423573219619376,21392,25,1,0,1,0,1.9000000000000001,0.0,2025-Jan-29-19:38:25.018617
0.7561122308552579,21393,25,1,0,-1,0,0.0,0.0,2025-Jan-29-19:38:25.073303
0.7561122308552579,21394,25,1,0,-1,0,0.0,0.0,2025-Jan-29-19:38:25.128638
0.7561122308552579,21395,25,1,0,-1,0,0.0,0.0,2025-Jan-29-19:38:25.183668
0.7561122308552579,21396,25,1,0,-1,0,0.0,0.0,2025-Jan-29-19:38:25.239160
0.7561122308552579,21397,25,1,0,-1,0,0.0,0.0,2025-Jan-29-19:38:25.295651
0.5423573219619376,21398,25,1,0,1,0,1.9000000000000001,0.0,2025-Jan-29-19:38:25.371734
0.5423573219619376,21399,25,1,0,1,0,1.9000000000000001,0.0,2025-Jan-29-19:38:25.443756
0.5423573219619376,21400,25,1,0,1,0,1.9000000000000001,0.0,2025-Jan-29-19:38:25.515546
0.5423573219619376,21401,25,1,0,1,0,1.9000000000000001,0.0,2025-Jan-29-19:38:25.612624
0.5423573219619376,21402,25,1,0,1,0,1.9000000000000001,0.0,2025-Jan-29-19:38:25.726329
0.7561122308552579,21403,25,1,0,-1,0,0.0,0.0,2025-Jan-29-19:38:25.798911
0.7185205030005031,21404,25,1,0,0,0,0.0,0.0,2025-Jan-29-19:38:25.842624
0.7185205030005031,21405,25,1,0,0,0,0.0,0.0,2025-Jan-29-19:38:25.886798
0.7185205030005031,21406,25,1,0,0,0,0.0,0.0,2025-Jan-29-19:38:25.929775
0.7185205030005031,21407,25,1,0,0,0,0.0,0.0,2025-Jan-29-19:38:25.972547
0.7185205030005031,21408,25,1,0,0,0,0.0,0.0,2025-Jan-29-19:38:26.015808
0.7185205030005031,21409,25,1,0,0,0,0.0,0.0,2025-Jan-29-19:38:26.058678
0.5423573219619376,21410,25,1,0,1,0,1.9000000000000001,0.0,2025-Jan-29-19:38:26.129902
0.5423573219619376,21411,25,1,0,1,0,1.9000000000000001,0.0,2025-Jan-29-19:38:26.201110
0.5423573219619376,21412,25,1,0,1,0,1.9000000000000001,0.0,2025-Jan-29-19:38:26.272343
0.5423573219619376,21413,25,1,0,1,0,1.9000000000000001,0.0,2025-Jan-29-19:38:26.344273
0.5423573219619376,21414,25,1,0,1,0,1.9000000000000001,0.0,2025-Jan-29-19:38:26.415890
0.5423573219619376,21415,25,1,0,1,0,1.9000000000000001,0.0,2025-Jan-29-19:38:26.487241
0.7561122308552579,21416,25,1,0,-1,0,0.0,0.0,2025-Jan-29-19:38:26.542618
0.7561122308552579,21417,25,1,0,-1,0,0.0,0.0,2025-Jan-29-19:38:26.623639
0.7561122308552579,21418,25,1,0,-1,0,0.0,0.0,2025-Jan-29-19:38:26.711226
0.7561122308552579,21419,25,1,0,-1,0,0.0,0.0,2025-Jan-29-19:38:26.991891
0.7561122308552579,21420,25,1,0,-1,0,0.0,0.0,2025-Jan-29-19:38:27.056628
0.7561122308552579,21421,25,1,0,-1,0,0.0,0.0,2025-Jan-29-19:38:27.111377
0.7185205030005031,21422,25,1,0,0,0,0.0,0.0,2025-Jan-29-19:38:27.154318
0.7185205030005031,21423,25,1,0,0,0,0.0,0.0,2025-Jan-29-19:38:27.199523
0.7185205030005031,21424,25,1,0,0,0,0.0,0.0,2025-Jan-29-19:38:27.243591
0.7185205030005031,21425,25,1,0,0,0,0.0,0.0,2025-Jan-29-19:38:27.288392
0.7185205030005031,21426,25,1,0,0,0,0.0,0.0,2025-Jan-29-19:38:27.333798
0.7185205030005031,21427,25,1,0,0,0,0.0,0.0,2025-Jan-29-19:38:27.378647
0.5423573219619376,21428,25,1,0,1,0,1.9000000000000001,0.0,2025-Jan-29-19:38:27.452586
0.5423573219619376,21429,25,1,0,1,0,1.9000000000000001,0.0,2025-Jan-29-19:38:27.527591
0.5423573219619376,21430,25,1,0,1,0,1.9000000000000001,0.0,2025-Jan-29-19:38:27.621236
0.5423573219619376,21431,25,1,0,1,0,1.9000000000000001,0.0,2025-Jan-29-19:38:27.739272
0.5423573219619376,21432,25,1,0,1,0,1.9000000000000001,0.0,2025-Jan-29-19:38:27.836925
0.5423573219619376,21433,25,1,0,1,0,1.9000000000000001,0.0,2025-Jan-29-19:38:27.915962
0.5423573219619376,21434,25,1,0,1,0,1.9000000000000001,0.0,2025-Jan-29-19:38:27.992400
0.5423573219619376,21435,25,1,0,1,0,1.9000000000000001,0.0,2025-Jan-29-19:38:28.066203
0.5423573219619376,21436,25,1,0,1,0,1.9000000000000001,0.0,2025-Jan-29-19:38:28.140819
0.7561122308552579,21437,25,1,0,-1,0,0.0,0.0,2025-Jan-29-19:38:28.198509
0.7561122308552579,21438,25,1,0,-1,0,0.0,0.0,2025-Jan-29-19:38:28.255992
0.7561122308552579,21439,25,1,0,-1,0,0.0,0.0,2025-Jan-29-19:38:28.313454
0.7185205030005031,21440,25,1,0,0,0,0.0,0.0,2025-Jan-29-19:38:28.358484
0.7185205030005031,21441,25,1,0,0,0,0.0,0.0,2025-Jan-29-19:38:28.403428
0.7185205030005031,21442,25,1,0,0,0,0.0,0.0,2025-Jan-29-19:38:28.448288
0.7185205030005031,21443,25,1,0,0,0,0.0,0.0,2025-Jan-29-19:38:28.492977
0.7185205030005031,21444,25,1,0,0,0,0.0,0.0,2025-Jan-29-19:38:28.537492
0.7185205030005031,21445,25,1,0,0,0,0.0,0.0,2025-Jan-29-19:38:28.597978
0.5921787662199604,21446,25,1,0,0,1,0.0,1.9000000000000001,2025-Jan-29-19:38:28.717866
0.5921787662199604,21447,25,1,0,0,1,0.0,1.9000000000000001,2025-Jan-29-19:38:28.819296
0.5921787662199604,21448,25,1,0,0,1,0.0,1.9000000000000001,2025-Jan-29-19:38:28.897486
0.5921787662199604,21449,25,1,0,0,1,0.0,1.9000000000000001,2025-Jan-29-19:38:28.971115
0.5921787662199604,21450,25,1,0,0,1,0.0,1.9000000000000001,2025-Jan-29-19:38:29.046205
0.5921787662199604,21451,25,1,0,0,1,0.0,1.9000000000000001,2025-Jan-29-19:38:29.120130
0.5921787662199604,21452,25,1,0,0,1,0.0,1.9000000000000001,2025-Jan-29-19:38:29.194260
0.5921787662199604,21453,25,1,0,0,1,0.0,1.9000000000000001,2025-Jan-29-19:38:29.270241
0.7185205030005031,21454,25,1,0,0,0,0.0,0.0,2025-Jan-29-19:38:29.314523
0.7185205030005031,21455,25,1,0,0,0,0.0,0.0,2025-Jan-29-19:38:29.359242
0.7185205030005031,21456,25,1,0,0,0,0.0,0.0,2025-Jan-29-19:38:29.403603
0.7185205030005031,21457,25,1,0,0,0,0.0,0.0,2025-Jan-29-19:38:29.447632
0.8060591477019475,21458,25,1,0,0,-1,0.0,0.0,2025-Jan-29-19:38:29.503824
0.8060591477019475,21459,25,1,0,0,-1,0.0,0.0,2025-Jan-29-19:38:29.589672
0.8060591477019475,21460,25,1,0,0,-1,0.0,0.0,2025-Jan-29-19:38:29.682740
0.8060591477019475,21461,25,1,0,0,-1,0.0,0.0,2025-Jan-29-19:38:29.762254
0.8060591477019475,21462,25,1,0,0,-1,0.0,0.0,2025-Jan-29-19:38:29.822493
0.5921787662199604,21463,25,1,0,0,1,0.0,1.9000000000000001,2025-Jan-29-19:38:29.895062
0.5921787662199604,21464,25,1,0,0,1,0.0,1.9000000000000001,2025-Jan-29-19:38:29.966024
0.8060591477019475,21465,25,1,0,0,-1,0.0,0.0,2025-Jan-29-19:38:30.021716
0.8060591477019475,21466,25,1,0,0,-1,0.0,0.0,2025-Jan-29-19:38:30.076619
0.8060591477019475,21467,25,1,0,0,-1,0.0,0.0,2025-Jan-29-19:38:30.131432
0.7185205030005031,21468,25,1,0,0,0,0.0,0.0,2025-Jan-29-19:38:30.173961
0.8060591477019475,21469,25,1,0,0,-1,0.0,0.0,2025-Jan-29-19:38:30.228631
0.5921787662199604,21470,25,1,0,0,1,0.0,1.9000000000000001,2025-Jan-29-19:38:30.299603
0.8060591477019475,21471,25,1,0,0,-1,0.0,0.0,2025-Jan-29-19:38:30.355247
0.8060591477019475,21472,25,1,0,0,-1,0.0,0.0,2025-Jan-29-19:38:30.410325
0.8060591477019475,21473,25,1,0,0,-1,0.0,0.0,2025-Jan-29-19:38:30.465539
0.8060591477019475,21474,25,1,0,0,-1,0.0,0.0,2025-Jan-29-19:38:30.521007
0.8060591477019475,21475,25,1,0,0,-1,0.0,0.0,2025-Jan-29-19:38:30.596035
0.5921787662199604,21476,25,1,0,0,1,0.0,1.9000000000000001,2025-Jan-29-19:38:30.693781
0.5921787662199604,21477,25,1,0,0,1,0.0,1.9000000000000001,2025-Jan-29-19:38:30.790960
0.5921787662199604,21478,25,1,0,0,1,0.0,1.9000000000000001,2025-Jan-29-19:38:30.869871
0.5921787662199604,21479,25,1,0,0,1,0.0,1.9000000000000001,2025-Jan-29-19:38:30.946817
0.7185205030005031,21480,25,1,0,0,0,0.0,0.0,2025-Jan-29-19:38:30.991062
0.7185205030005031,21481,25,1,0,0,0,0.0,0.0,2025-Jan-29-19:38:31.034128
0.7185205030005031,21482,25,1,0,0,0,0.0,0.0,2025-Jan-29-19:38:31.079277
0.7185205030005031,21483,25,1,0,0,0,0.0,0.0,2025-Jan-29-19:38:31.128053
0.7185205030005031,21484,25,1,0,0,0,0.0,0.0,2025-Jan-29-19:38:31.172228
0.7185205030005031,21485,25,1,0,0,0,0.0,0.0,2025-Jan-29-19:38:31.215566
0.7185205030005031,21486,25,1,0,0,0,0.0,0.0,2025-Jan-29-19:38:31.259313
0.7561122308552579,21487,25,1,0,-1,0,0.0,0.0,2025-Jan-29-19:38:31.316397
0.7561122308552579,21488,25,1,0,-1,0,0.0,0.0,2025-Jan-29-19:38:31.376750
0.7561122308552579,21489,25,1,0,-1,0,0.0,0.0,2025-Jan-29-19:38:31.440711
0.7561122308552579,21490,25,1,0,-1,0,0.0,0.0,2025-Jan-29-19:38:31.505176
0.7561122308552579,21491,25,1,0,-1,0,0.0,0.0,2025-Jan-29-19:38:31.594910
0.8436562666978078,21492,25,1,0,-1,-1,0.0,0.0,2025-Jan-29-19:38:31.701250
0.8436562666978078,21493,25,1,0,-1,-1,0.0,0.0,2025-Jan-29-19:38:31.806508
0.8436562666978078,21494,25,1,0,-1,-1,0.0,0.0,2025-Jan-29-19:38:31.877886
0.8436562666978078,21495,25,1,0,-1,-1,0.0,0.0,2025-Jan-29-19:38:31.949692
0.8436562666978078,21496,25,1,0,-1,-1,0.0,0.0,2025-Jan-29-19:38:32.018425
0.5423573219619376,21497,25,1,0,1,0,1.9000000000000001,0.0,2025-Jan-29-19:38:32.091168
0.7185205030005031,21498,25,1,0,0,0,0.0,0.0,2025-Jan-29-19:38:32.141588
0.7185205030005031,21499,25,1,0,0,0,0.0,0.0,2025-Jan-29-19:38:32.192249
0.7185205030005031,21500,25,1,0,0,0,0.0,0.0,2025-Jan-29-19:38:32.237820
0.5423573219619376,21501,25,1,0,1,0,1.9000000000000001,0.0,2025-Jan-29-19:38:32.309891
0.6298883869405699,21502,25,1,0,1,-1,1.9000000000000001,0.0,2025-Jan-29-19:38:32.394713
0.6298883869405699,21503,25,1,0,1,-1,1.9000000000000001,0.0,2025-Jan-29-19:38:32.479050
0.6298883869405699,21504,25,1,0,1,-1,1.9000000000000001,0.0,2025-Jan-29-19:38:32.587906
0.6298883869405699,21505,25,1,0,1,-1,1.9000000000000001,0.0,2025-Jan-29-19:38:32.705793
0.6298883869405699,21506,25,1,0,1,-1,1.9000000000000001,0.0,2025-Jan-29-19:38:32.816021
0.6298883869405699,21507,25,1,0,1,-1,1.9000000000000001,0.0,2025-Jan-29-19:38:32.901487
0.6298883869405699,21508,25,1,0,1,-1,1.9000000000000001,0.0,2025-Jan-29-19:38:32.985773
0.6298883869405699,21509,25,1,0,1,-1,1.9000000000000001,0.0,2025-Jan-29-19:38:33.069450
0.6298883869405699,21510,25,1,0,1,-1,1.9000000000000001,0.0,2025-Jan-29-19:38:33.153015
0.6298883869405699,21511,25,1,0,1,-1,1.9000000000000001,0.0,2025-Jan-29-19:38:33.441815
0.629780506117975,21512,25,1,0,-1,1,0.0,1.9000000000000001,2025-Jan-29-19:38:33.526986
0.5921787662199604,21513,25,1,0,0,1,0.0,1.9000000000000001,2025-Jan-29-19:38:33.625607
0.7185205030005031,21514,25,1,0,0,0,0.0,0.0,2025-Jan-29-19:38:33.709466
0.7185205030005031,21515,25,1,0,0,0,0.0,0.0,2025-Jan-29-19:38:33.779990
0.7185205030005031,21516,25,1,0,0,0,0.0,0.0,2025-Jan-29-19:38:33.826547
0.7185205030005031,21517,25,1,0,0,0,0.0,0.0,2025-Jan-29-19:38:33.869696
0.7185205030005031,21518,25,1,0,0,0,0.0,0.0,2025-Jan-29-19:38:33.912378
0.7185205030005031,21519,25,1,0,0,0,0.0,0.0,2025-Jan-29-19:38:33.954972
0.7185205030005031,21520,25,1,0,0,0,0.0,0.0,2025-Jan-29-19:38:33.997536
0.7185205030005031,21521,25,1,0,0,0,0.0,0.0,2025-Jan-29-19:38:34.040285
0.7185205030005031,21522,25,1,0,0,0,0.0,0.0,2025-Jan-29-19:38:34.082850
0.7185205030005031,21523,25,1,0,0,0,0.0,0.0,2025-Jan-29-19:38:34.124869
0.7185205030005031,21524,25,1,0,0,0,0.0,0.0,2025-Jan-29-19:38:34.167908
0.7185205030005031,21525,25,1,0,0,0,0.0,0.0,2025-Jan-29-19:38:34.210433
0.7185205030005031,21526,25,1,0,0,0,0.0,0.0,2025-Jan-29-19:38:34.253038
0.7185205030005031,21527,25,1,0,0,0,0.0,0.0,2025-Jan-29-19:38:34.295821
0.7185205030005031,21528,25,1,0,0,0,0.0,0.0,2025-Jan-29-19:38:34.338939
1.0735211430969913,21529,25,1,1,0,0,0.0,0.0,2025-Jan-29-19:38:34.382078
0.7710208028095181,21530,25,1,1,1,1,1.9000000000000001,1.9000000000000001,2025-Jan-29-19:38:34.475972
0.7710208028095181,21531,25,1,1,1,1,1.9000000000000001,1.9000000000000001,2025-Jan-29-19:38:34.587805
0.7710208028095181,21532,25,1,1,1,1,1.9000000000000001,1.9000000000000001,2025-Jan-29-19:38:34.721387
0.9471794063316156,21533,25,1,1,0,1,0.0,1.9000000000000001,2025-Jan-29-19:38:34.817040
0.9471794063316156,21534,25,1,1,0,1,0.0,1.9000000000000001,2025-Jan-29-19:38:34.891937
0.5921787662199604,21535,25,1,0,0,1,0.0,1.9000000000000001,2025-Jan-29-19:38:34.963307
0.9760242519712691,21536,25,1,1,-1,1,0.0,1.9000000000000001,2025-Jan-29-19:38:35.046739
0.7710208028095181,21537,25,1,1,1,1,1.9000000000000001,1.9000000000000001,2025-Jan-29-19:38:35.141430
1.161059787788528,21538,25,1,1,0,-1,0.0,0.0,2025-Jan-29-19:38:35.196323
0.8973579620796409,21539,25,1,1,1,0,1.9000000000000001,0.0,2025-Jan-29-19:38:35.267289
0.8973579620796409,21540,25,1,1,1,0,1.9000000000000001,0.0,2025-Jan-29-19:38:35.337942
0.8973579620796409,21541,25,1,1,1,0,1.9000000000000001,0.0,2025-Jan-29-19:38:35.410361
0.8973579620796409,21542,25,1,1,1,0,1.9000000000000001,0.0,2025-Jan-29-19:38:35.481608
1.1111128709475113,21543,25,1,1,-1,0,0.0,0.0,2025-Jan-29-19:38:35.536894
0.7185205030005031,21544,25,1,0,0,0,0.0,0.0,2025-Jan-29-19:38:35.597821
0.7710208028095181,21545,25,1,1,1,1,1.9000000000000001,1.9000000000000001,2025-Jan-29-19:38:35.731860
0.5423573219619376,21546,25,1,0,1,0,1.9000000000000001,0.0,2025-Jan-29-19:38:35.824589
0.5921787662199604,21547,25,1,0,0,1,0.0,1.9000000000000001,2025-Jan-29-19:38:35.904057
0.6298883869405699,21548,25,1,0,1,-1,1.9000000000000001,0.0,2025-Jan-29-19:38:35.988468
0.9760242519712691,21549,25,1,1,-1,1,0.0,1.9000000000000001,2025-Jan-29-19:38:36.071473
0.5423573219619376,21550,25,1,0,1,0,1.9000000000000001,0.0,2025-Jan-29-19:38:36.142970
0.7561122308552579,21551,25,1,0,-1,0,0.0,0.0,2025-Jan-29-19:38:36.198025
