Cost,Sim,Switch_State_Indx,Gen1_on,Gen2_on,Batt1_mode,Batt2_mode,Batt1_power_kW,Batt2_power_kW,Timestamp
0.6298883869405699,29030,25,1,0,1,-1,1.9000000000000001,0.0,2025-Jan-29-19:48:18.629354
0.5423573219619376,29031,25,1,0,1,0,1.9000000000000001,0.0,2025-Jan-29-19:48:18.753851
1.161059787788528,29032,25,1,1,0,-1,0.0,0.0,2025-Jan-29-19:48:18.832147
0.5921787662199604,29033,25,1,0,0,1,0.0,1.9000000000000001,2025-Jan-29-19:48:18.910291
0.7185205030005031,29034,25,1,0,0,0,0.0,0.0,2025-Jan-29-19:48:18.957880
1.1986569067802102,29035,25,1,1,-1,-1,0.0,0.0,2025-Jan-29-19:48:19.032878
0.8060591477019475,29036,25,1,0,0,-1,0.0,0.0,2025-Jan-29-19:48:19.096496
1.0735211430969913,29037,25,1,1,0,0,0.0,0.0,2025-Jan-29-19:48:19.146039
0.7185205030005031,29038,25,1,0,0,0,0.0,0.0,2025-Jan-29-19:48:19.191688
0.8060591477019475,29039,25,1,0,0,-1,0.0,0.0,2025-Jan-29-19:48:19.250027
1.161059787788528,29040,25,1,1,0,-1,0.0,0.0,2025-Jan-29-19:48:19.308500
1.0735211430969913,29041,25,1,1,0,0,0.0,0.0,2025-Jan-29-19:48:19.352610
0.8436562666978078,29042,25,1,0,-1,-1,0.0,0.0,2025-Jan-29-19:48:19.423969
1.1111128709475113,29043,25,1,1,-1,0,0.0,0.0,2025-Jan-29-19:48:19.485692
0.8060591477019475,29044,25,1,0,0,-1,0.0,0.0,2025-Jan-29-19:48:19.544744
1.1111128709475113,29045,25,1,1,-1,0,0.0,0.0,2025-Jan-29-19:48:19.658110
0.9471794063316156,29046,25,1,1,0,1,0.0,1.9000000000000001,2025-Jan-29-19:48:19.772594
0.8060591477019475,29047,25,1,0,0,-1,0.0,0.0,2025-Jan-29-19:48:19.852532
0.7185205030005031,29048,25,1,0,0,0,0.0,0.0,2025-Jan-29-19:48:19.899478
0.5423573219619376,29049,25,1,0,1,0,1.9000000000000001,0.0,2025-Jan-29-19:48:19.974394
0.9848890270480929,29050,25,1,1,1,-1,1.9000000000000001,0.0,2025-Jan-29-19:48:20.061755
1.1111128709475113,29051,25,1,1,-1,0,0.0,0.0,2025-Jan-29-19:48:20.119565
1.1986569067802102,29052,25,1,1,-1,-1,0.0,0.0,2025-Jan-29-19:48:20.188798
1.1111128709475113,29053,25,1,1,-1,0,0.0,0.0,2025-Jan-29-19:48:20.246516
0.5921787662199604,29054,25,1,0,0,1,0.0,1.9000000000000001,2025-Jan-29-19:48:20.320677
0.5423573219619376,29055,25,1,0,1,0,1.9000000000000001,0.0,2025-Jan-29-19:48:20.395444
1.0735211430969913,29056,25,1,1,0,0,0.0,0.0,2025-Jan-29-19:48:20.440369
0.8060591477019475,29057,25,1,0,0,-1,0.0,0.0,2025-Jan-29-19:48:20.497135
0.8060591477019475,29058,25,1,0,0,-1,0.0,0.0,2025-Jan-29-19:48:20.573089
0.8973579620796409,29059,25,1,1,1,0,1.9000000000000001,0.0,2025-Jan-29-19:48:20.695494
0.5921787662199604,29060,25,1,0,0,1,0.0,1.9000000000000001,2025-Jan-29-19:48:20.804848
0.8060591477019475,29061,25,1,0,0,-1,0.0,0.0,2025-Jan-29-19:48:20.866000
1.161059787788528,29062,25,1,1,0,-1,0.0,0.0,2025-Jan-29-19:48:20.925334
0.4160201626761834,29063,25,1,0,1,1,1.9000000000000001,1.9000000000000001,2025-Jan-29-19:48:21.024023
0.7561122308552579,29064,25,1,0,-1,0,0.0,0.0,2025-Jan-29-19:48:21.082678
0.7561122308552579,29065,25,1,0,-1,0,0.0,0.0,2025-Jan-29-19:48:21.141326
0.9848890270480929,29066,25,1,1,1,-1,1.9000000000000001,0.0,2025-Jan-29-19:48:21.228202
0.9760242519712691,29067,25,1,1,-1,1,0.0,1.9000000000000001,2025-Jan-29-19:48:21.314480
0.8973579620796409,29068,25,1,1,1,0,1.9000000000000001,0.0,2025-Jan-29-19:48:21.389810
0.7561122308552579,29069,25,1,0,-1,0,0.0,0.0,2025-Jan-29-19:48:21.446736
1.1111128709475113,29070,25,1,1,-1,0,0.0,0.0,2025-Jan-29-19:48:21.505304
1.1111128709475113,29071,25,1,1,-1,0,0.0,0.0,2025-Jan-29-19:48:21.580122
0.8060591477019475,29072,25,1,0,0,-1,0.0,0.0,2025-Jan-29-19:48:21.686675
0.9471794063316156,29073,25,1,1,0,1,0.0,1.9000000000000001,2025-Jan-29-19:48:21.802265
0.8060591477019475,29074,25,1,0,0,-1,0.0,0.0,2025-Jan-29-19:48:21.861827
0.7185205030005031,29075,25,1,0,0,0,0.0,0.0,2025-Jan-29-19:48:21.906304
0.4160201626761834,29076,25,1,0,1,1,1.9000000000000001,1.9000000000000001,2025-Jan-29-19:48:22.004412
1.161059787788528,29077,25,1,1,0,-1,0.0,0.0,2025-Jan-29-19:48:22.061938
0.8436562666978078,29078,25,1,0,-1,-1,0.0,0.0,2025-Jan-29-19:48:22.131766
1.161059787788528,29079,25,1,1,0,-1,0.0,0.0,2025-Jan-29-19:48:22.188466
0.8973579620796409,29080,25,1,1,1,0,1.9000000000000001,0.0,2025-Jan-29-19:48:22.262236
0.4160201626761834,29081,25,1,0,1,1,1.9000000000000001,1.9000000000000001,2025-Jan-29-19:48:22.360601
0.8060591477019475,29082,25,1,0,0,-1,0.0,0.0,2025-Jan-29-19:48:22.417109
0.5921787662199604,29083,25,1,0,0,1,0.0,1.9000000000000001,2025-Jan-29-19:48:22.490179
0.4160201626761834,29084,25,1,0,1,1,1.9000000000000001,1.9000000000000001,2025-Jan-29-19:48:22.625485
0.8436562666978078,29085,25,1,0,-1,-1,0.0,0.0,2025-Jan-29-19:48:22.760036
0.7185205030005031,29086,25,1,0,0,0,0.0,0.0,2025-Jan-29-19:48:22.823854
0.7185205030005031,29087,25,1,0,0,0,0.0,0.0,2025-Jan-29-19:48:22.868015
0.7185205030005031,29088,25,1,0,0,0,0.0,0.0,2025-Jan-29-19:48:23.255291
0.8060591477019475,29089,25,1,0,0,-1,0.0,0.0,2025-Jan-29-19:48:23.314140
0.4160201626761834,29090,25,1,0,1,1,1.9000000000000001,1.9000000000000001,2025-Jan-29-19:48:23.411265
0.7185205030005031,29091,25,1,0,0,0,0.0,0.0,2025-Jan-29-19:48:23.456283
0.8436562666978078,29092,25,1,0,-1,-1,0.0,0.0,2025-Jan-29-19:48:23.525598
0.7561122308552579,29093,25,1,0,-1,0,0.0,0.0,2025-Jan-29-19:48:23.622088
0.8060591477019475,29094,25,1,0,0,-1,0.0,0.0,2025-Jan-29-19:48:23.731921
0.7561122308552579,29095,25,1,0,-1,0,0.0,0.0,2025-Jan-29-19:48:23.813648
0.5921787662199604,29096,25,1,0,0,1,0.0,1.9000000000000001,2025-Jan-29-19:48:23.884596
0.8060591477019475,29097,25,1,0,0,-1,0.0,0.0,2025-Jan-29-19:48:23.939374
0.7185205030005031,29098,25,1,0,0,0,0.0,0.0,2025-Jan-29-19:48:23.982646
0.4160201626761834,29099,25,1,0,1,1,1.9000000000000001,1.9000000000000001,2025-Jan-29-19:48:24.079032
0.4160201626761834,29100,25,1,0,1,1,1.9000000000000001,1.9000000000000001,2025-Jan-29-19:48:24.173008
0.7561122308552579,29101,25,1,0,-1,0,0.0,0.0,2025-Jan-29-19:48:24.228039
0.4160201626761834,29102,25,1,0,1,1,1.9000000000000001,1.9000000000000001,2025-Jan-29-19:48:24.321673
0.7561122308552579,29103,25,1,0,-1,0,0.0,0.0,2025-Jan-29-19:48:24.376311
0.5921787662199604,29104,25,1,0,0,1,0.0,1.9000000000000001,2025-Jan-29-19:48:24.447407
0.7185205030005031,29105,25,1,0,0,0,0.0,0.0,2025-Jan-29-19:48:24.490349
0.7185205030005031,29106,25,1,0,0,0,0.0,0.0,2025-Jan-29-19:48:24.532517
0.8060591477019475,29107,25,1,0,0,-1,0.0,0.0,2025-Jan-29-19:48:24.599325
0.8060591477019475,29108,25,1,0,0,-1,0.0,0.0,2025-Jan-29-19:48:24.680604
0.4160201626761834,29109,25,1,0,1,1,1.9000000000000001,1.9000000000000001,2025-Jan-29-19:48:24.813234
0.4160201626761834,29110,25,1,0,1,1,1.9000000000000001,1.9000000000000001,2025-Jan-29-19:48:24.908017
0.4160201626761834,29111,25,1,0,1,1,1.9000000000000001,1.9000000000000001,2025-Jan-29-19:48:25.002403
0.7185205030005031,29112,25,1,0,0,0,0.0,0.0,2025-Jan-29-19:48:25.044841
0.4160201626761834,29113,25,1,0,1,1,1.9000000000000001,1.9000000000000001,2025-Jan-29-19:48:25.138800
0.4160201626761834,29114,25,1,0,1,1,1.9000000000000001,1.9000000000000001,2025-Jan-29-19:48:25.235320
0.4160201626761834,29115,25,1,0,1,1,1.9000000000000001,1.9000000000000001,2025-Jan-29-19:48:25.331677
0.6298883869405699,29116,25,1,0,1,-1,1.9000000000000001,0.0,2025-Jan-29-19:48:25.415883
0.629780506117975,29117,25,1,0,-1,1,0.0,1.9000000000000001,2025-Jan-29-19:48:25.499318
0.5423573219619376,29118,25,1,0,1,0,1.9000000000000001,0.0,2025-Jan-29-19:48:25.574810
0.7561122308552579,29119,25,1,0,-1,0,0.0,0.0,2025-Jan-29-19:48:25.675537
1.0735211430969913,29120,25,1,1,0,0,0.0,0.0,2025-Jan-29-19:48:25.748005
1.0735211430969913,29121,25,1,1,0,0,0.0,0.0,2025-Jan-29-19:48:25.811877
0.4160201626761834,29122,25,1,0,1,1,1.9000000000000001,1.9000000000000001,2025-Jan-29-19:48:25.910847
0.4160201626761834,29123,25,1,0,1,1,1.9000000000000001,1.9000000000000001,2025-Jan-29-19:48:26.004844
0.8060591477019475,29124,25,1,0,0,-1,0.0,0.0,2025-Jan-29-19:48:26.059991
0.7185205030005031,29125,25,1,0,0,0,0.0,0.0,2025-Jan-29-19:48:26.105280
0.7185205030005031,29126,25,1,0,0,0,0.0,0.0,2025-Jan-29-19:48:26.150205
0.8060591477019475,29127,25,1,0,0,-1,0.0,0.0,2025-Jan-29-19:48:26.207459
0.4160201626761834,29128,25,1,0,1,1,1.9000000000000001,1.9000000000000001,2025-Jan-29-19:48:26.304956
0.4160201626761834,29129,25,1,0,1,1,1.9000000000000001,1.9000000000000001,2025-Jan-29-19:48:26.399751
0.5423573219619376,29130,25,1,0,1,0,1.9000000000000001,0.0,2025-Jan-29-19:48:26.470609
0.5921787662199604,29131,25,1,0,0,1,0.0,1.9000000000000001,2025-Jan-29-19:48:26.543292
0.8060591477019475,29132,25,1,0,0,-1,0.0,0.0,2025-Jan-29-19:48:26.649797
0.5921787662199604,29133,25,1,0,0,1,0.0,1.9000000000000001,2025-Jan-29-19:48:26.751855
0.7185205030005031,29134,25,1,0,0,0,0.0,0.0,2025-Jan-29-19:48:26.816840
0.8436562666978078,29135,25,1,0,-1,-1,0.0,0.0,2025-Jan-29-19:48:26.886049
0.7185205030005031,29136,25,1,0,0,0,0.0,0.0,2025-Jan-29-19:48:26.930867
1.0735211430969913,29137,25,1,1,0,0,0.0,0.0,2025-Jan-29-19:48:26.974410
0.4160201626761834,29138,25,1,0,1,1,1.9000000000000001,1.9000000000000001,2025-Jan-29-19:48:27.072113
0.8060591477019475,29139,25,1,0,0,-1,0.0,0.0,2025-Jan-29-19:48:27.128033
0.8060591477019475,29140,25,1,0,0,-1,0.0,0.0,2025-Jan-29-19:48:27.183307
0.7185205030005031,29141,25,1,0,0,0,0.0,0.0,2025-Jan-29-19:48:27.226267
0.8436562666978078,29142,25,1,0,-1,-1,0.0,0.0,2025-Jan-29-19:48:27.294518
0.4160201626761834,29143,25,1,0,1,1,1.9000000000000001,1.9000000000000001,2025-Jan-29-19:48:27.389178
0.4160201626761834,29144,25,1,0,1,1,1.9000000000000001,1.9000000000000001,2025-Jan-29-19:48:27.483382
0.7561122308552579,29145,25,1,0,-1,0,0.0,0.0,2025-Jan-29-19:48:27.538515
0.5921787662199604,29146,25,1,0,0,1,0.0,1.9000000000000001,2025-Jan-29-19:48:27.631921
0.4160201626761834,29147,25,1,0,1,1,1.9000000000000001,1.9000000000000001,2025-Jan-29-19:48:27.755974
0.4160201626761834,29148,25,1,0,1,1,1.9000000000000001,1.9000000000000001,2025-Jan-29-19:48:27.851986
0.5423573219619376,29149,25,1,0,1,0,1.9000000000000001,0.0,2025-Jan-29-19:48:27.924770
0.6298883869405699,29150,25,1,0,1,-1,1.9000000000000001,0.0,2025-Jan-29-19:48:28.012327
0.7561122308552579,29151,25,1,0,-1,0,0.0,0.0,2025-Jan-29-19:48:28.069848
0.8436562666978078,29152,25,1,0,-1,-1,0.0,0.0,2025-Jan-29-19:48:28.137652
0.7561122308552579,29153,25,1,0,-1,0,0.0,0.0,2025-Jan-29-19:48:28.193742
0.7185205030005031,29154,25,1,0,0,0,0.0,0.0,2025-Jan-29-19:48:28.236955
0.7185205030005031,29155,25,1,0,0,0,0.0,0.0,2025-Jan-29-19:48:28.279661
0.7185205030005031,29156,25,1,0,0,0,0.0,0.0,2025-Jan-29-19:48:28.323435
0.4160201626761834,29157,25,1,0,1,1,1.9000000000000001,1.9000000000000001,2025-Jan-29-19:48:28.419678
0.4160201626761834,29158,25,1,0,1,1,1.9000000000000001,1.9000000000000001,2025-Jan-29-19:48:28.514362
0.8973579620796409,29159,25,1,1,1,0,1.9000000000000001,0.0,2025-Jan-29-19:48:28.615992
0.5921787662199604,29160,25,1,0,0,1,0.0,1.9000000000000001,2025-Jan-29-19:48:28.726625
0.8060591477019475,29161,25,1,0,0,-1,0.0,0.0,2025-Jan-29-19:48:28.805355
0.4160201626761834,29162,25,1,0,1,1,1.9000000000000001,1.9000000000000001,2025-Jan-29-19:48:28.900055
0.4160201626761834,29163,25,1,0,1,1,1.9000000000000001,1.9000000000000001,2025-Jan-29-19:48:28.995870
0.7561122308552579,29164,25,1,0,-1,0,0.0,0.0,2025-Jan-29-19:48:29.051634
0.7561122308552579,29165,25,1,0,-1,0,0.0,0.0,2025-Jan-29-19:48:29.106829
1.0735211430969913,29166,25,1,1,0,0,0.0,0.0,2025-Jan-29-19:48:29.152820
0.9760242519712691,29167,25,1,1,-1,1,0.0,1.9000000000000001,2025-Jan-29-19:48:29.236651
0.5423573219619376,29168,25,1,0,1,0,1.9000000000000001,0.0,2025-Jan-29-19:48:29.309522
0.4160201626761834,29169,25,1,0,1,1,1.9000000000000001,1.9000000000000001,2025-Jan-29-19:48:29.405028
0.4160201626761834,29170,25,1,0,1,1,1.9000000000000001,1.9000000000000001,2025-Jan-29-19:48:29.504457
1.0735211430969913,29171,25,1,1,0,0,0.0,0.0,2025-Jan-29-19:48:29.555192
0.8060591477019475,29172,25,1,0,0,-1,0.0,0.0,2025-Jan-29-19:48:29.654587
0.5921787662199604,29173,25,1,0,0,1,0.0,1.9000000000000001,2025-Jan-29-19:48:29.756699
0.8060591477019475,29174,25,1,0,0,-1,0.0,0.0,2025-Jan-29-19:48:29.816478
0.4160201626761834,29175,25,1,0,1,1,1.9000000000000001,1.9000000000000001,2025-Jan-29-19:48:29.912686
0.4160201626761834,29176,25,1,0,1,1,1.9000000000000001,1.9000000000000001,2025-Jan-29-19:48:30.007633
0.8060591477019475,29177,25,1,0,0,-1,0.0,0.0,2025-Jan-29-19:48:30.063552
0.8436562666978078,29178,25,1,0,-1,-1,0.0,0.0,2025-Jan-29-19:48:30.131246
0.8060591477019475,29179,25,1,0,0,-1,0.0,0.0,2025-Jan-29-19:48:30.423904
0.5423573219619376,29180,25,1,0,1,0,1.9000000000000001,0.0,2025-Jan-29-19:48:30.496397
0.5423573219619376,29181,25,1,0,1,0,1.9000000000000001,0.0,2025-Jan-29-19:48:30.590074
0.8060591477019475,29182,25,1,0,0,-1,0.0,0.0,2025-Jan-29-19:48:30.675236
0.5921787662199604,29183,25,1,0,0,1,0.0,1.9000000000000001,2025-Jan-29-19:48:30.770858
0.7185205030005031,29184,25,1,0,0,0,0.0,0.0,2025-Jan-29-19:48:30.820115
0.8436562666978078,29185,25,1,0,-1,-1,0.0,0.0,2025-Jan-29-19:48:30.896369
0.7185205030005031,29186,25,1,0,0,0,0.0,0.0,2025-Jan-29-19:48:30.941187
1.0735211430969913,29187,25,1,1,0,0,0.0,0.0,2025-Jan-29-19:48:30.985630
0.7185205030005031,29188,25,1,0,0,0,0.0,0.0,2025-Jan-29-19:48:31.029628
0.4160201626761834,29189,25,1,0,1,1,1.9000000000000001,1.9000000000000001,2025-Jan-29-19:48:31.134490
0.8060591477019475,29190,25,1,0,0,-1,0.0,0.0,2025-Jan-29-19:48:31.194122
1.0735211430969913,29191,25,1,1,0,0,0.0,0.0,2025-Jan-29-19:48:31.238105
0.8436562666978078,29192,25,1,0,-1,-1,0.0,0.0,2025-Jan-29-19:48:31.307192
0.8060591477019475,29193,25,1,0,0,-1,0.0,0.0,2025-Jan-29-19:48:31.366896
0.8060591477019475,29194,25,1,0,0,-1,0.0,0.0,2025-Jan-29-19:48:31.427106
0.7561122308552579,29195,25,1,0,-1,0,0.0,0.0,2025-Jan-29-19:48:31.487589
0.9471794063316156,29196,25,1,1,0,1,0.0,1.9000000000000001,2025-Jan-29-19:48:31.591642
0.8060591477019475,29197,25,1,0,0,-1,0.0,0.0,2025-Jan-29-19:48:31.682523
0.7185205030005031,29198,25,1,0,0,0,0.0,0.0,2025-Jan-29-19:48:31.760728
0.5423573219619376,29199,25,1,0,1,0,1.9000000000000001,0.0,2025-Jan-29-19:48:31.856261
0.6298883869405699,29200,25,1,0,1,-1,1.9000000000000001,0.0,2025-Jan-29-19:48:31.943357
0.7561122308552579,29201,25,1,0,-1,0,0.0,0.0,2025-Jan-29-19:48:31.999604
0.4160201626761834,29202,25,1,0,1,1,1.9000000000000001,1.9000000000000001,2025-Jan-29-19:48:32.099728
0.7561122308552579,29203,25,1,0,-1,0,0.0,0.0,2025-Jan-29-19:48:32.164927
0.4160201626761834,29204,25,1,0,1,1,1.9000000000000001,1.9000000000000001,2025-Jan-29-19:48:32.268191
0.4160201626761834,29205,25,1,0,1,1,1.9000000000000001,1.9000000000000001,2025-Jan-29-19:48:32.362623
0.7185205030005031,29206,25,1,0,0,0,0.0,0.0,2025-Jan-29-19:48:32.405049
0.8060591477019475,29207,25,1,0,0,-1,0.0,0.0,2025-Jan-29-19:48:32.460106
0.8060591477019475,29208,25,1,0,0,-1,0.0,0.0,2025-Jan-29-19:48:32.514908
0.5423573219619376,29209,25,1,0,1,0,1.9000000000000001,0.0,2025-Jan-29-19:48:32.613400
0.7185205030005031,29210,25,1,0,0,0,0.0,0.0,2025-Jan-29-19:48:32.690743
0.8060591477019475,29211,25,1,0,0,-1,0.0,0.0,2025-Jan-29-19:48:32.768339
0.8060591477019475,29212,25,1,0,0,-1,0.0,0.0,2025-Jan-29-19:48:32.823322
0.4160201626761834,29213,25,1,0,1,1,1.9000000000000001,1.9000000000000001,2025-Jan-29-19:48:32.916878
0.7561122308552579,29214,25,1,0,-1,0,0.0,0.0,2025-Jan-29-19:48:32.971297
0.7561122308552579,29215,25,1,0,-1,0,0.0,0.0,2025-Jan-29-19:48:33.025876
0.6298883869405699,29216,25,1,0,1,-1,1.9000000000000001,0.0,2025-Jan-29-19:48:33.109830
0.7185205030005031,29217,25,1,0,0,0,0.0,0.0,2025-Jan-29-19:48:33.152546
0.8973579620796409,29218,25,1,1,1,0,1.9000000000000001,0.0,2025-Jan-29-19:48:33.222655
0.7561122308552579,29219,25,1,0,-1,0,0.0,0.0,2025-Jan-29-19:48:33.277758
0.7185205030005031,29220,25,1,0,0,0,0.0,0.0,2025-Jan-29-19:48:33.320040
0.7561122308552579,29221,25,1,0,-1,0,0.0,0.0,2025-Jan-29-19:48:33.374694
0.8060591477019475,29222,25,1,0,0,-1,0.0,0.0,2025-Jan-29-19:48:33.429961
0.5921787662199604,29223,25,1,0,0,1,0.0,1.9000000000000001,2025-Jan-29-19:48:33.500698
0.4160201626761834,29224,25,1,0,1,1,1.9000000000000001,1.9000000000000001,2025-Jan-29-19:48:33.613848
0.7185205030005031,29225,25,1,0,0,0,0.0,0.0,2025-Jan-29-19:48:33.695126
0.4160201626761834,29226,25,1,0,1,1,1.9000000000000001,1.9000000000000001,2025-Jan-29-19:48:33.820497
0.8060591477019475,29227,25,1,0,0,-1,0.0,0.0,2025-Jan-29-19:48:33.875242
0.8436562666978078,29228,25,1,0,-1,-1,0.0,0.0,2025-Jan-29-19:48:33.942110
0.4160201626761834,29229,25,1,0,1,1,1.9000000000000001,1.9000000000000001,2025-Jan-29-19:48:34.037249
0.5423573219619376,29230,25,1,0,1,0,1.9000000000000001,0.0,2025-Jan-29-19:48:34.108433
0.5423573219619376,29231,25,1,0,1,0,1.9000000000000001,0.0,2025-Jan-29-19:48:34.180226
0.8060591477019475,29232,25,1,0,0,-1,0.0,0.0,2025-Jan-29-19:48:34.236202
0.5921787662199604,29233,25,1,0,0,1,0.0,1.9000000000000001,2025-Jan-29-19:48:34.306554
0.7185205030005031,29234,25,1,0,0,0,0.0,0.0,2025-Jan-29-19:48:34.349089
0.5423573219619376,29235,25,1,0,1,0,1.9000000000000001,0.0,2025-Jan-29-19:48:34.419633
0.7185205030005031,29236,25,1,0,0,0,0.0,0.0,2025-Jan-29-19:48:34.462151
0.7185205030005031,29237,25,1,0,0,0,0.0,0.0,2025-Jan-29-19:48:34.505639
0.7185205030005031,29238,25,1,0,0,0,0.0,0.0,2025-Jan-29-19:48:34.559097
0.5423573219619376,29239,25,1,0,1,0,1.9000000000000001,0.0,2025-Jan-29-19:48:34.672558
0.8060591477019475,29240,25,1,0,0,-1,0.0,0.0,2025-Jan-29-19:48:34.760210
0.4160201626761834,29241,25,1,0,1,1,1.9000000000000001,1.9000000000000001,2025-Jan-29-19:48:34.861218
0.7561122308552579,29242,25,1,0,-1,0,0.0,0.0,2025-Jan-29-19:48:34.917748
1.1111128709475113,29243,25,1,1,-1,0,0.0,0.0,2025-Jan-29-19:48:34.973012
0.8060591477019475,29244,25,1,0,0,-1,0.0,0.0,2025-Jan-29-19:48:35.028135
0.7561122308552579,29245,25,1,0,-1,0,0.0,0.0,2025-Jan-29-19:48:35.085606
0.5921787662199604,29246,25,1,0,0,1,0.0,1.9000000000000001,2025-Jan-29-19:48:35.157122
0.8060591477019475,29247,25,1,0,0,-1,0.0,0.0,2025-Jan-29-19:48:35.212640
0.7185205030005031,29248,25,1,0,0,0,0.0,0.0,2025-Jan-29-19:48:35.255244
0.5423573219619376,29249,25,1,0,1,0,1.9000000000000001,0.0,2025-Jan-29-19:48:35.326390
0.6298883869405699,29250,25,1,0,1,-1,1.9000000000000001,0.0,2025-Jan-29-19:48:35.409510
0.7561122308552579,29251,25,1,0,-1,0,0.0,0.0,2025-Jan-29-19:48:35.464301
0.8436562666978078,29252,25,1,0,-1,-1,0.0,0.0,2025-Jan-29-19:48:35.532063
0.7561122308552579,29253,25,1,0,-1,0,0.0,0.0,2025-Jan-29-19:48:35.602592
0.5921787662199604,29254,25,1,0,0,1,0.0,1.9000000000000001,2025-Jan-29-19:48:35.709109
0.5423573219619376,29255,25,1,0,1,0,1.9000000000000001,0.0,2025-Jan-29-19:48:35.803911
0.7185205030005031,29256,25,1,0,0,0,0.0,0.0,2025-Jan-29-19:48:35.850560
0.8060591477019475,29257,25,1,0,0,-1,0.0,0.0,2025-Jan-29-19:48:35.916431
0.8060591477019475,29258,25,1,0,0,-1,0.0,0.0,2025-Jan-29-19:48:35.973660
0.629780506117975,29259,25,1,0,-1,1,0.0,1.9000000000000001,2025-Jan-29-19:48:36.060433
0.5921787662199604,29260,25,1,0,0,1,0.0,1.9000000000000001,2025-Jan-29-19:48:36.132617
0.8060591477019475,29261,25,1,0,0,-1,0.0,0.0,2025-Jan-29-19:48:36.187765
0.7185205030005031,29262,25,1,0,0,0,0.0,0.0,2025-Jan-29-19:48:36.231614
0.4160201626761834,29263,25,1,0,1,1,1.9000000000000001,1.9000000000000001,2025-Jan-29-19:48:36.327494
0.7561122308552579,29264,25,1,0,-1,0,0.0,0.0,2025-Jan-29-19:48:36.382585
0.4160201626761834,29265,25,1,0,1,1,1.9000000000000001,1.9000000000000001,2025-Jan-29-19:48:36.477503
0.6298883869405699,29266,25,1,0,1,-1,1.9000000000000001,0.0,2025-Jan-29-19:48:36.858403
0.9760242519712691,29267,25,1,1,-1,1,0.0,1.9000000000000001,2025-Jan-29-19:48:36.989715
0.5423573219619376,29268,25,1,0,1,0,1.9000000000000001,0.0,2025-Jan-29-19:48:37.067171
0.7561122308552579,29269,25,1,0,-1,0,0.0,0.0,2025-Jan-29-19:48:37.122461
0.7561122308552579,29270,25,1,0,-1,0,0.0,0.0,2025-Jan-29-19:48:37.177674
0.7561122308552579,29271,25,1,0,-1,0,0.0,0.0,2025-Jan-29-19:48:37.233830
0.8060591477019475,29272,25,1,0,0,-1,0.0,0.0,2025-Jan-29-19:48:37.289259
0.5921787662199604,29273,25,1,0,0,1,0.0,1.9000000000000001,2025-Jan-29-19:48:37.361174
0.8060591477019475,29274,25,1,0,0,-1,0.0,0.0,2025-Jan-29-19:48:37.416366
0.7185205030005031,29275,25,1,0,0,0,0.0,0.0,2025-Jan-29-19:48:37.459424
0.4160201626761834,29276,25,1,0,1,1,1.9000000000000001,1.9000000000000001,2025-Jan-29-19:48:37.553877
1.161059787788528,29277,25,1,1,0,-1,0.0,0.0,2025-Jan-29-19:48:37.609480
0.8436562666978078,29278,25,1,0,-1,-1,0.0,0.0,2025-Jan-29-19:48:37.709545
0.8060591477019475,29279,25,1,0,0,-1,0.0,0.0,2025-Jan-29-19:48:37.795579
0.629780506117975,29280,25,1,0,-1,1,0.0,1.9000000000000001,2025-Jan-29-19:48:37.912274
0.5423573219619376,29281,25,1,0,1,0,1.9000000000000001,0.0,2025-Jan-29-19:48:37.986922
0.8060591477019475,29282,25,1,0,0,-1,0.0,0.0,2025-Jan-29-19:48:38.044489
0.5921787662199604,29283,25,1,0,0,1,0.0,1.9000000000000001,2025-Jan-29-19:48:38.117672
0.7185205030005031,29284,25,1,0,0,0,0.0,0.0,2025-Jan-29-19:48:38.160813
0.8060591477019475,29285,25,1,0,0,-1,0.0,0.0,2025-Jan-29-19:48:38.216594
0.8060591477019475,29286,25,1,0,0,-1,0.0,0.0,2025-Jan-29-19:48:38.274560
0.7185205030005031,29287,25,1,0,0,0,0.0,0.0,2025-Jan-29-19:48:38.320604
0.7185205030005031,29288,25,1,0,0,0,0.0,0.0,2025-Jan-29-19:48:38.363904
0.8060591477019475,29289,25,1,0,0,-1,0.0,0.0,2025-Jan-29-19:48:38.420123
0.8060591477019475,29290,25,1,0,0,-1,0.0,0.0,2025-Jan-29-19:48:38.475396
0.4160201626761834,29291,25,1,0,1,1,1.9000000000000001,1.9000000000000001,2025-Jan-29-19:48:38.571388
0.8060591477019475,29292,25,1,0,0,-1,0.0,0.0,2025-Jan-29-19:48:38.651812
0.7561122308552579,29293,25,1,0,-1,0,0.0,0.0,2025-Jan-29-19:48:38.734605
0.8060591477019475,29294,25,1,0,0,-1,0.0,0.0,2025-Jan-29-19:48:38.822038
0.7561122308552579,29295,25,1,0,-1,0,0.0,0.0,2025-Jan-29-19:48:38.887509
0.9471794063316156,29296,25,1,1,0,1,0.0,1.9000000000000001,2025-Jan-29-19:48:38.959056
0.8060591477019475,29297,25,1,0,0,-1,0.0,0.0,2025-Jan-29-19:48:39.014973
0.7185205030005031,29298,25,1,0,0,0,0.0,0.0,2025-Jan-29-19:48:39.059696
0.5423573219619376,29299,25,1,0,1,0,1.9000000000000001,0.0,2025-Jan-29-19:48:39.132739
0.6298883869405699,29300,25,1,0,1,-1,1.9000000000000001,0.0,2025-Jan-29-19:48:39.219266
0.7561122308552579,29301,25,1,0,-1,0,0.0,0.0,2025-Jan-29-19:48:39.276805
0.8436562666978078,29302,25,1,0,-1,-1,0.0,0.0,2025-Jan-29-19:48:39.346912
1.1111128709475113,29303,25,1,1,-1,0,0.0,0.0,2025-Jan-29-19:48:39.404973
0.5921787662199604,29304,25,1,0,0,1,0.0,1.9000000000000001,2025-Jan-29-19:48:39.478888
0.5423573219619376,29305,25,1,0,1,0,1.9000000000000001,0.0,2025-Jan-29-19:48:39.553829
0.7185205030005031,29306,25,1,0,0,0,0.0,0.0,2025-Jan-29-19:48:39.620845
0.8060591477019475,29307,25,1,0,0,-1,0.0,0.0,2025-Jan-29-19:48:39.725675
0.4160201626761834,29308,25,1,0,1,1,1.9000000000000001,1.9000000000000001,2025-Jan-29-19:48:39.869608
0.8973579620796409,29309,25,1,1,1,0,1.9000000000000001,0.0,2025-Jan-29-19:48:39.947302
0.5921787662199604,29310,25,1,0,0,1,0.0,1.9000000000000001,2025-Jan-29-19:48:40.021426
0.8060591477019475,29311,25,1,0,0,-1,0.0,0.0,2025-Jan-29-19:48:40.079540
1.0735211430969913,29312,25,1,1,0,0,0.0,0.0,2025-Jan-29-19:48:40.123646
0.4160201626761834,29313,25,1,0,1,1,1.9000000000000001,1.9000000000000001,2025-Jan-29-19:48:40.222049
0.7561122308552579,29314,25,1,0,-1,0,0.0,0.0,2025-Jan-29-19:48:40.278510
0.7561122308552579,29315,25,1,0,-1,0,0.0,0.0,2025-Jan-29-19:48:40.336213
0.4160201626761834,29316,25,1,0,1,1,1.9000000000000001,1.9000000000000001,2025-Jan-29-19:48:40.432444
0.9760242519712691,29317,25,1,1,-1,1,0.0,1.9000000000000001,2025-Jan-29-19:48:40.518295
0.5423573219619376,29318,25,1,0,1,0,1.9000000000000001,0.0,2025-Jan-29-19:48:40.622568
0.7561122308552579,29319,25,1,0,-1,0,0.0,0.0,2025-Jan-29-19:48:40.728928
0.7561122308552579,29320,25,1,0,-1,0,0.0,0.0,2025-Jan-29-19:48:40.810726
0.7185205030005031,29321,25,1,0,0,0,0.0,0.0,2025-Jan-29-19:48:40.858092
0.8060591477019475,29322,25,1,0,0,-1,0.0,0.0,2025-Jan-29-19:48:40.916985
0.5921787662199604,29323,25,1,0,0,1,0.0,1.9000000000000001,2025-Jan-29-19:48:40.991745
0.8060591477019475,29324,25,1,0,0,-1,0.0,0.0,2025-Jan-29-19:48:41.050434
0.7185205030005031,29325,25,1,0,0,0,0.0,0.0,2025-Jan-29-19:48:41.095520
0.4160201626761834,29326,25,1,0,1,1,1.9000000000000001,1.9000000000000001,2025-Jan-29-19:48:41.194348
0.8060591477019475,29327,25,1,0,0,-1,0.0,0.0,2025-Jan-29-19:48:41.252541
0.8436562666978078,29328,25,1,0,-1,-1,0.0,0.0,2025-Jan-29-19:48:41.323457
0.8060591477019475,29329,25,1,0,0,-1,0.0,0.0,2025-Jan-29-19:48:41.382828
0.5423573219619376,29330,25,1,0,1,0,1.9000000000000001,0.0,2025-Jan-29-19:48:41.456604
