Cost,Sim,Switch_State_Indx,Gen1_on,Gen2_on,Batt1_mode,Batt2_mode,Batt1_power_kW,Batt2_power_kW,Timestamp
1.0735211430969913,29331,25,1,1,0,0,0.0,0.0,2025-Jan-29-19:48:41.504317
0.9848890270480929,29332,25,1,1,1,-1,1.9000000000000001,0.0,2025-Jan-29-19:48:41.621762
0.7185205030005031,29333,25,1,0,0,0,0.0,0.0,2025-Jan-29-19:48:41.695478
0.7185205030005031,29334,25,1,0,0,0,0.0,0.0,2025-Jan-29-19:48:41.764334
0.7185205030005031,29335,25,1,0,0,0,0.0,0.0,2025-Jan-29-19:48:41.809007
0.7561122308552579,29336,25,1,0,-1,0,0.0,0.0,2025-Jan-29-19:48:41.864473
0.9471794063316156,29337,25,1,1,0,1,0.0,1.9000000000000001,2025-Jan-29-19:48:41.939042
0.7185205030005031,29338,25,1,0,0,0,0.0,0.0,2025-Jan-29-19:48:41.982063
0.629780506117975,29339,25,1,0,-1,1,0.0,1.9000000000000001,2025-Jan-29-19:48:42.071216
0.9471794063316156,29340,25,1,1,0,1,0.0,1.9000000000000001,2025-Jan-29-19:48:42.152869
1.0735211430969913,29341,25,1,1,0,0,0.0,0.0,2025-Jan-29-19:48:42.198493
0.8060591477019475,29342,25,1,0,0,-1,0.0,0.0,2025-Jan-29-19:48:42.259737
0.5423573219619376,29343,25,1,0,1,0,1.9000000000000001,0.0,2025-Jan-29-19:48:42.333225
0.9471794063316156,29344,25,1,1,0,1,0.0,1.9000000000000001,2025-Jan-29-19:48:42.408449
0.9848890270480929,29345,25,1,1,1,-1,1.9000000000000001,0.0,2025-Jan-29-19:48:42.493900
0.7710208028095181,29346,25,1,1,1,1,1.9000000000000001,1.9000000000000001,2025-Jan-29-19:48:42.612943
0.7561122308552579,29347,25,1,0,-1,0,0.0,0.0,2025-Jan-29-19:48:42.694844
0.7561122308552579,29348,25,1,0,-1,0,0.0,0.0,2025-Jan-29-19:48:42.780605
0.7185205030005031,29349,25,1,0,0,0,0.0,0.0,2025-Jan-29-19:48:42.823782
0.9471794063316156,29350,25,1,1,0,1,0.0,1.9000000000000001,2025-Jan-29-19:48:42.897970
0.8436562666978078,29351,25,1,0,-1,-1,0.0,0.0,2025-Jan-29-19:48:42.965671
0.629780506117975,29352,25,1,0,-1,1,0.0,1.9000000000000001,2025-Jan-29-19:48:43.051262
0.7561122308552579,29353,25,1,0,-1,0,0.0,0.0,2025-Jan-29-19:48:43.108782
0.8973579620796409,29354,25,1,1,1,0,1.9000000000000001,0.0,2025-Jan-29-19:48:43.180266
0.9760242519712691,29355,25,1,1,-1,1,0.0,1.9000000000000001,2025-Jan-29-19:48:43.263108
0.8060591477019475,29356,25,1,0,0,-1,0.0,0.0,2025-Jan-29-19:48:43.592554
0.9848890270480929,29357,25,1,1,1,-1,1.9000000000000001,0.0,2025-Jan-29-19:48:43.707997
0.9471794063316156,29358,25,1,1,0,1,0.0,1.9000000000000001,2025-Jan-29-19:48:43.806375
0.7185205030005031,29359,25,1,0,0,0,0.0,0.0,2025-Jan-29-19:48:43.850355
0.8436562666978078,29360,25,1,0,-1,-1,0.0,0.0,2025-Jan-29-19:48:43.918290
0.9471794063316156,29361,25,1,1,0,1,0.0,1.9000000000000001,2025-Jan-29-19:48:43.988838
0.7185205030005031,29362,25,1,0,0,0,0.0,0.0,2025-Jan-29-19:48:44.031622
1.161059787788528,29363,25,1,1,0,-1,0.0,0.0,2025-Jan-29-19:48:44.088579
1.1986569067802102,29364,25,1,1,-1,-1,0.0,0.0,2025-Jan-29-19:48:44.156804
0.7561122308552579,29365,25,1,0,-1,0,0.0,0.0,2025-Jan-29-19:48:44.212515
1.0735211430969913,29366,25,1,1,0,0,0.0,0.0,2025-Jan-29-19:48:44.256894
0.7185205030005031,29367,25,1,0,0,0,0.0,0.0,2025-Jan-29-19:48:44.300215
0.8973579620796409,29368,25,1,1,1,0,1.9000000000000001,0.0,2025-Jan-29-19:48:44.371091
0.9848890270480929,29369,25,1,1,1,-1,1.9000000000000001,0.0,2025-Jan-29-19:48:44.454236
1.0735211430969913,29370,25,1,1,0,0,0.0,0.0,2025-Jan-29-19:48:44.496640
1.0735211430969913,29371,25,1,1,0,0,0.0,0.0,2025-Jan-29-19:48:44.539183
0.7185205030005031,29372,25,1,0,0,0,0.0,0.0,2025-Jan-29-19:48:44.599096
0.5921787662199604,29373,25,1,0,0,1,0.0,1.9000000000000001,2025-Jan-29-19:48:44.708991
0.5423573219619376,29374,25,1,0,1,0,1.9000000000000001,0.0,2025-Jan-29-19:48:44.812615
0.7561122308552579,29375,25,1,0,-1,0,0.0,0.0,2025-Jan-29-19:48:44.869790
1.0735211430969913,29376,25,1,1,0,0,0.0,0.0,2025-Jan-29-19:48:44.916297
0.7185205030005031,29377,25,1,0,0,0,0.0,0.0,2025-Jan-29-19:48:44.960258
0.9471794063316156,29378,25,1,1,0,1,0.0,1.9000000000000001,2025-Jan-29-19:48:45.033079
0.8973579620796409,29379,25,1,1,1,0,1.9000000000000001,0.0,2025-Jan-29-19:48:45.106095
0.629780506117975,29380,25,1,0,-1,1,0.0,1.9000000000000001,2025-Jan-29-19:48:45.190268
0.8060591477019475,29381,25,1,0,0,-1,0.0,0.0,2025-Jan-29-19:48:45.245661
0.7710208028095181,29382,25,1,1,1,1,1.9000000000000001,1.9000000000000001,2025-Jan-29-19:48:45.340456
0.7185205030005031,29383,25,1,0,0,0,0.0,0.0,2025-Jan-29-19:48:45.383056
0.7710208028095181,29384,25,1,1,1,1,1.9000000000000001,1.9000000000000001,2025-Jan-29-19:48:45.477127
0.7710208028095181,29385,25,1,1,1,1,1.9000000000000001,1.9000000000000001,2025-Jan-29-19:48:45.591420
0.7710208028095181,29386,25,1,1,1,1,1.9000000000000001,1.9000000000000001,2025-Jan-29-19:48:45.728128
0.7185205030005031,29387,25,1,0,0,0,0.0,0.0,2025-Jan-29-19:48:45.789170
0.7710208028095181,29388,25,1,1,1,1,1.9000000000000001,1.9000000000000001,2025-Jan-29-19:48:45.884238
0.7710208028095181,29389,25,1,1,1,1,1.9000000000000001,1.9000000000000001,2025-Jan-29-19:48:45.979029
0.7710208028095181,29390,25,1,1,1,1,1.9000000000000001,1.9000000000000001,2025-Jan-29-19:48:46.074762
0.7710208028095181,29391,25,1,1,1,1,1.9000000000000001,1.9000000000000001,2025-Jan-29-19:48:46.175187
0.7710208028095181,29392,25,1,1,1,1,1.9000000000000001,1.9000000000000001,2025-Jan-29-19:48:46.271052
0.7185205030005031,29393,25,1,0,0,0,0.0,0.0,2025-Jan-29-19:48:46.314114
0.7710208028095181,29394,25,1,1,1,1,1.9000000000000001,1.9000000000000001,2025-Jan-29-19:48:46.409423
0.7710208028095181,29395,25,1,1,1,1,1.9000000000000001,1.9000000000000001,2025-Jan-29-19:48:46.503333
0.7710208028095181,29396,25,1,1,1,1,1.9000000000000001,1.9000000000000001,2025-Jan-29-19:48:46.610898
0.7710208028095181,29397,25,1,1,1,1,1.9000000000000001,1.9000000000000001,2025-Jan-29-19:48:46.742961
0.9848890270480929,29398,25,1,1,1,-1,1.9000000000000001,0.0,2025-Jan-29-19:48:46.832139
0.7185205030005031,29399,25,1,0,0,0,0.0,0.0,2025-Jan-29-19:48:46.876103
1.0735211430969913,29400,25,1,1,0,0,0.0,0.0,2025-Jan-29-19:48:46.921817
0.7561122308552579,29401,25,1,0,-1,0,0.0,0.0,2025-Jan-29-19:48:46.977192
0.8973579620796409,29402,25,1,1,1,0,1.9000000000000001,0.0,2025-Jan-29-19:48:47.058091
0.8060591477019475,29403,25,1,0,0,-1,0.0,0.0,2025-Jan-29-19:48:47.113663
0.9471794063316156,29404,25,1,1,0,1,0.0,1.9000000000000001,2025-Jan-29-19:48:47.191163
0.7185205030005031,29405,25,1,0,0,0,0.0,0.0,2025-Jan-29-19:48:47.236537
0.4160201626761834,29406,25,1,0,1,1,1.9000000000000001,1.9000000000000001,2025-Jan-29-19:48:47.335627
0.7561122308552579,29407,25,1,0,-1,0,0.0,0.0,2025-Jan-29-19:48:47.394075
0.8060591477019475,29408,25,1,0,0,-1,0.0,0.0,2025-Jan-29-19:48:47.451976
0.8973579620796409,29409,25,1,1,1,0,1.9000000000000001,0.0,2025-Jan-29-19:48:47.526075
0.7710208028095181,29410,25,1,1,1,1,1.9000000000000001,1.9000000000000001,2025-Jan-29-19:48:47.658636
0.7185205030005031,29411,25,1,0,0,0,0.0,0.0,2025-Jan-29-19:48:47.746667
0.7185205030005031,29412,25,1,0,0,0,0.0,0.0,2025-Jan-29-19:48:47.810029
0.7561122308552579,29413,25,1,0,-1,0,0.0,0.0,2025-Jan-29-19:48:47.869122
0.7710208028095181,29414,25,1,1,1,1,1.9000000000000001,1.9000000000000001,2025-Jan-29-19:48:47.968579
0.7710208028095181,29415,25,1,1,1,1,1.9000000000000001,1.9000000000000001,2025-Jan-29-19:48:48.066728
0.7710208028095181,29416,25,1,1,1,1,1.9000000000000001,1.9000000000000001,2025-Jan-29-19:48:48.168767
0.7185205030005031,29417,25,1,0,0,0,0.0,0.0,2025-Jan-29-19:48:48.214504
0.7185205030005031,29418,25,1,0,0,0,0.0,0.0,2025-Jan-29-19:48:48.259831
0.7710208028095181,29419,25,1,1,1,1,1.9000000000000001,1.9000000000000001,2025-Jan-29-19:48:48.358326
0.7710208028095181,29420,25,1,1,1,1,1.9000000000000001,1.9000000000000001,2025-Jan-29-19:48:48.456901
0.7710208028095181,29421,25,1,1,1,1,1.9000000000000001,1.9000000000000001,2025-Jan-29-19:48:48.577440
0.7710208028095181,29422,25,1,1,1,1,1.9000000000000001,1.9000000000000001,2025-Jan-29-19:48:48.739115
0.7185205030005031,29423,25,1,0,0,0,0.0,0.0,2025-Jan-29-19:48:48.806269
0.7185205030005031,29424,25,1,0,0,0,0.0,0.0,2025-Jan-29-19:48:48.854267
0.7710208028095181,29425,25,1,1,1,1,1.9000000000000001,1.9000000000000001,2025-Jan-29-19:48:48.952793
0.7710208028095181,29426,25,1,1,1,1,1.9000000000000001,1.9000000000000001,2025-Jan-29-19:48:49.049761
0.7710208028095181,29427,25,1,1,1,1,1.9000000000000001,1.9000000000000001,2025-Jan-29-19:48:49.147431
0.7710208028095181,29428,25,1,1,1,1,1.9000000000000001,1.9000000000000001,2025-Jan-29-19:48:49.244188
0.7185205030005031,29429,25,1,0,0,0,0.0,0.0,2025-Jan-29-19:48:49.288438
0.7710208028095181,29430,25,1,1,1,1,1.9000000000000001,1.9000000000000001,2025-Jan-29-19:48:49.385893
0.5921787662199604,29431,25,1,0,0,1,0.0,1.9000000000000001,2025-Jan-29-19:48:49.460122
0.7710208028095181,29432,25,1,1,1,1,1.9000000000000001,1.9000000000000001,2025-Jan-29-19:48:49.576015
0.7710208028095181,29433,25,1,1,1,1,1.9000000000000001,1.9000000000000001,2025-Jan-29-19:48:49.731908
0.7710208028095181,29434,25,1,1,1,1,1.9000000000000001,1.9000000000000001,2025-Jan-29-19:48:49.857368
0.7185205030005031,29435,25,1,0,0,0,0.0,0.0,2025-Jan-29-19:48:49.907204
0.7710208028095181,29436,25,1,1,1,1,1.9000000000000001,1.9000000000000001,2025-Jan-29-19:48:50.005903
0.7710208028095181,29437,25,1,1,1,1,1.9000000000000001,1.9000000000000001,2025-Jan-29-19:48:50.103629
0.7710208028095181,29438,25,1,1,1,1,1.9000000000000001,1.9000000000000001,2025-Jan-29-19:48:50.202471
0.8973579620796409,29439,25,1,1,1,0,1.9000000000000001,0.0,2025-Jan-29-19:48:50.277547
0.7710208028095181,29440,25,1,1,1,1,1.9000000000000001,1.9000000000000001,2025-Jan-29-19:48:50.376359
0.7185205030005031,29441,25,1,0,0,0,0.0,0.0,2025-Jan-29-19:48:50.422274
0.7710208028095181,29442,25,1,1,1,1,1.9000000000000001,1.9000000000000001,2025-Jan-29-19:48:50.522552
0.7710208028095181,29443,25,1,1,1,1,1.9000000000000001,1.9000000000000001,2025-Jan-29-19:48:50.671159
0.7185205030005031,29444,25,1,0,0,0,0.0,0.0,2025-Jan-29-19:48:50.742097
0.7710208028095181,29445,25,1,1,1,1,1.9000000000000001,1.9000000000000001,2025-Jan-29-19:48:50.862094
0.7561122308552579,29446,25,1,0,-1,0,0.0,0.0,2025-Jan-29-19:48:50.926116
0.7185205030005031,29447,25,1,0,0,0,0.0,0.0,2025-Jan-29-19:48:50.973530
0.7710208028095181,29448,25,1,1,1,1,1.9000000000000001,1.9000000000000001,2025-Jan-29-19:48:51.068956
0.7710208028095181,29449,25,1,1,1,1,1.9000000000000001,1.9000000000000001,2025-Jan-29-19:48:51.166051
0.7185205030005031,29450,25,1,0,0,0,0.0,0.0,2025-Jan-29-19:48:51.210146
0.7710208028095181,29451,25,1,1,1,1,1.9000000000000001,1.9000000000000001,2025-Jan-29-19:48:51.548000
0.7710208028095181,29452,25,1,1,1,1,1.9000000000000001,1.9000000000000001,2025-Jan-29-19:48:51.692835
0.8060591477019475,29453,25,1,0,0,-1,0.0,0.0,2025-Jan-29-19:48:51.778428
0.7710208028095181,29454,25,1,1,1,1,1.9000000000000001,1.9000000000000001,2025-Jan-29-19:48:51.877823
0.7710208028095181,29455,25,1,1,1,1,1.9000000000000001,1.9000000000000001,2025-Jan-29-19:48:51.972680
0.7710208028095181,29456,25,1,1,1,1,1.9000000000000001,1.9000000000000001,2025-Jan-29-19:48:52.071041
0.7710208028095181,29457,25,1,1,1,1,1.9000000000000001,1.9000000000000001,2025-Jan-29-19:48:52.167485
0.7710208028095181,29458,25,1,1,1,1,1.9000000000000001,1.9000000000000001,2025-Jan-29-19:48:52.262672
0.7710208028095181,29459,25,1,1,1,1,1.9000000000000001,1.9000000000000001,2025-Jan-29-19:48:52.357224
0.7710208028095181,29460,25,1,1,1,1,1.9000000000000001,1.9000000000000001,2025-Jan-29-19:48:52.453792
0.7710208028095181,29461,25,1,1,1,1,1.9000000000000001,1.9000000000000001,2025-Jan-29-19:48:52.566479
0.7185205030005031,29462,25,1,0,0,0,0.0,0.0,2025-Jan-29-19:48:52.654442
0.7561122308552579,29463,25,1,0,-1,0,0.0,0.0,2025-Jan-29-19:48:52.747777
0.7710208028095181,29464,25,1,1,1,1,1.9000000000000001,1.9000000000000001,2025-Jan-29-19:48:52.861928
0.9471794063316156,29465,25,1,1,0,1,0.0,1.9000000000000001,2025-Jan-29-19:48:52.936924
0.7710208028095181,29466,25,1,1,1,1,1.9000000000000001,1.9000000000000001,2025-Jan-29-19:48:53.033333
0.7710208028095181,29467,25,1,1,1,1,1.9000000000000001,1.9000000000000001,2025-Jan-29-19:48:53.130399
0.7561122308552579,29468,25,1,0,-1,0,0.0,0.0,2025-Jan-29-19:48:53.186381
0.7710208028095181,29469,25,1,1,1,1,1.9000000000000001,1.9000000000000001,2025-Jan-29-19:48:53.281691
0.7710208028095181,29470,25,1,1,1,1,1.9000000000000001,1.9000000000000001,2025-Jan-29-19:48:53.375874
0.7185205030005031,29471,25,1,0,0,0,0.0,0.0,2025-Jan-29-19:48:53.418731
0.7185205030005031,29472,25,1,0,0,0,0.0,0.0,2025-Jan-29-19:48:53.462303
0.4160201626761834,29473,25,1,0,1,1,1.9000000000000001,1.9000000000000001,2025-Jan-29-19:48:53.572941
1.1986569067802102,29474,25,1,1,-1,-1,0.0,0.0,2025-Jan-29-19:48:53.687726
0.7710208028095181,29475,25,1,1,1,1,1.9000000000000001,1.9000000000000001,2025-Jan-29-19:48:53.821345
0.7710208028095181,29476,25,1,1,1,1,1.9000000000000001,1.9000000000000001,2025-Jan-29-19:48:53.916400
0.7185205030005031,29477,25,1,0,0,0,0.0,0.0,2025-Jan-29-19:48:53.959690
0.7185205030005031,29478,25,1,0,0,0,0.0,0.0,2025-Jan-29-19:48:54.002873
0.7710208028095181,29479,25,1,1,1,1,1.9000000000000001,1.9000000000000001,2025-Jan-29-19:48:54.099931
0.7710208028095181,29480,25,1,1,1,1,1.9000000000000001,1.9000000000000001,2025-Jan-29-19:48:54.195265
0.7710208028095181,29481,25,1,1,1,1,1.9000000000000001,1.9000000000000001,2025-Jan-29-19:48:54.289230
0.7710208028095181,29482,25,1,1,1,1,1.9000000000000001,1.9000000000000001,2025-Jan-29-19:48:54.383799
0.7185205030005031,29483,25,1,0,0,0,0.0,0.0,2025-Jan-29-19:48:54.426644
0.7185205030005031,29484,25,1,0,0,0,0.0,0.0,2025-Jan-29-19:48:54.471245
0.7185205030005031,29485,25,1,0,0,0,0.0,0.0,2025-Jan-29-19:48:54.514639
0.7710208028095181,29486,25,1,1,1,1,1.9000000000000001,1.9000000000000001,2025-Jan-29-19:48:54.637312
0.8436562666978078,29487,25,1,0,-1,-1,0.0,0.0,2025-Jan-29-19:48:54.737201
0.7710208028095181,29488,25,1,1,1,1,1.9000000000000001,1.9000000000000001,2025-Jan-29-19:48:54.841322
0.7185205030005031,29489,25,1,0,0,0,0.0,0.0,2025-Jan-29-19:48:54.885650
0.7710208028095181,29490,25,1,1,1,1,1.9000000000000001,1.9000000000000001,2025-Jan-29-19:48:54.981546
0.7710208028095181,29491,25,1,1,1,1,1.9000000000000001,1.9000000000000001,2025-Jan-29-19:48:55.078220
0.5423573219619376,29492,25,1,0,1,0,1.9000000000000001,0.0,2025-Jan-29-19:48:55.150855
0.7185205030005031,29493,25,1,0,0,0,0.0,0.0,2025-Jan-29-19:48:55.194312
0.8973579620796409,29494,25,1,1,1,0,1.9000000000000001,0.0,2025-Jan-29-19:48:55.265356
0.7185205030005031,29495,25,1,0,0,0,0.0,0.0,2025-Jan-29-19:48:55.309387
0.629780506117975,29496,25,1,0,-1,1,0.0,1.9000000000000001,2025-Jan-29-19:48:55.394118
0.7185205030005031,29497,25,1,0,0,0,0.0,0.0,2025-Jan-29-19:48:55.437681
0.7710208028095181,29498,25,1,1,1,1,1.9000000000000001,1.9000000000000001,2025-Jan-29-19:48:55.532857
0.7710208028095181,29499,25,1,1,1,1,1.9000000000000001,1.9000000000000001,2025-Jan-29-19:48:55.655535
0.7710208028095181,29500,25,1,1,1,1,1.9000000000000001,1.9000000000000001,2025-Jan-29-19:48:55.783574
0.7185205030005031,29501,25,1,0,0,0,0.0,0.0,2025-Jan-29-19:48:55.830353
1.161059787788528,29502,25,1,1,0,-1,0.0,0.0,2025-Jan-29-19:48:55.888934
0.7710208028095181,29503,25,1,1,1,1,1.9000000000000001,1.9000000000000001,2025-Jan-29-19:48:55.985541
0.7710208028095181,29504,25,1,1,1,1,1.9000000000000001,1.9000000000000001,2025-Jan-29-19:48:56.082222
0.7710208028095181,29505,25,1,1,1,1,1.9000000000000001,1.9000000000000001,2025-Jan-29-19:48:56.177938
0.7710208028095181,29506,25,1,1,1,1,1.9000000000000001,1.9000000000000001,2025-Jan-29-19:48:56.272951
0.7185205030005031,29507,25,1,0,0,0,0.0,0.0,2025-Jan-29-19:48:56.316707
0.629780506117975,29508,25,1,0,-1,1,0.0,1.9000000000000001,2025-Jan-29-19:48:56.400854
0.7185205030005031,29509,25,1,0,0,0,0.0,0.0,2025-Jan-29-19:48:56.443944
0.7710208028095181,29510,25,1,1,1,1,1.9000000000000001,1.9000000000000001,2025-Jan-29-19:48:56.538752
0.629780506117975,29511,25,1,0,-1,1,0.0,1.9000000000000001,2025-Jan-29-19:48:56.643810
0.7710208028095181,29512,25,1,1,1,1,1.9000000000000001,1.9000000000000001,2025-Jan-29-19:48:56.782939
0.7185205030005031,29513,25,1,0,0,0,0.0,0.0,2025-Jan-29-19:48:56.829154
0.5423573219619376,29514,25,1,0,1,0,1.9000000000000001,0.0,2025-Jan-29-19:48:56.901010
0.7185205030005031,29515,25,1,0,0,0,0.0,0.0,2025-Jan-29-19:48:56.944119
0.7710208028095181,29516,25,1,1,1,1,1.9000000000000001,1.9000000000000001,2025-Jan-29-19:48:57.039513
0.7710208028095181,29517,25,1,1,1,1,1.9000000000000001,1.9000000000000001,2025-Jan-29-19:48:57.136526
0.7710208028095181,29518,25,1,1,1,1,1.9000000000000001,1.9000000000000001,2025-Jan-29-19:48:57.231750
1.1111128709475113,29519,25,1,1,-1,0,0.0,0.0,2025-Jan-29-19:48:57.289309
0.7185205030005031,29520,25,1,0,0,0,0.0,0.0,2025-Jan-29-19:48:57.333163
0.7185205030005031,29521,25,1,0,0,0,0.0,0.0,2025-Jan-29-19:48:57.376837
0.7185205030005031,29522,25,1,0,0,0,0.0,0.0,2025-Jan-29-19:48:57.419764
0.7561122308552579,29523,25,1,0,-1,0,0.0,0.0,2025-Jan-29-19:48:57.476625
0.7710208028095181,29524,25,1,1,1,1,1.9000000000000001,1.9000000000000001,2025-Jan-29-19:48:57.588844
0.7185205030005031,29525,25,1,0,0,0,0.0,0.0,2025-Jan-29-19:48:57.653624
0.7710208028095181,29526,25,1,1,1,1,1.9000000000000001,1.9000000000000001,2025-Jan-29-19:48:57.786189
0.7185205030005031,29527,25,1,0,0,0,0.0,0.0,2025-Jan-29-19:48:57.831542
0.629780506117975,29528,25,1,0,-1,1,0.0,1.9000000000000001,2025-Jan-29-19:48:57.915871
0.7710208028095181,29529,25,1,1,1,1,1.9000000000000001,1.9000000000000001,2025-Jan-29-19:48:58.012634
0.7710208028095181,29530,25,1,1,1,1,1.9000000000000001,1.9000000000000001,2025-Jan-29-19:48:58.110977
0.7185205030005031,29531,25,1,0,0,0,0.0,0.0,2025-Jan-29-19:48:58.155714
0.7710208028095181,29532,25,1,1,1,1,1.9000000000000001,1.9000000000000001,2025-Jan-29-19:48:58.250047
0.7710208028095181,29533,25,1,1,1,1,1.9000000000000001,1.9000000000000001,2025-Jan-29-19:48:58.344308
0.7710208028095181,29534,25,1,1,1,1,1.9000000000000001,1.9000000000000001,2025-Jan-29-19:48:58.438970
0.8436562666978078,29535,25,1,0,-1,-1,0.0,0.0,2025-Jan-29-19:48:58.507565
0.7710208028095181,29536,25,1,1,1,1,1.9000000000000001,1.9000000000000001,2025-Jan-29-19:48:58.631881
0.7185205030005031,29537,25,1,0,0,0,0.0,0.0,2025-Jan-29-19:48:58.694723
0.7710208028095181,29538,25,1,1,1,1,1.9000000000000001,1.9000000000000001,2025-Jan-29-19:48:58.820015
0.7185205030005031,29539,25,1,0,0,0,0.0,0.0,2025-Jan-29-19:48:58.865590
0.7185205030005031,29540,25,1,0,0,0,0.0,0.0,2025-Jan-29-19:48:59.168460
0.7561122308552579,29541,25,1,0,-1,0,0.0,0.0,2025-Jan-29-19:48:59.226056
0.7710208028095181,29542,25,1,1,1,1,1.9000000000000001,1.9000000000000001,2025-Jan-29-19:48:59.321647
0.7185205030005031,29543,25,1,0,0,0,0.0,0.0,2025-Jan-29-19:48:59.365029
0.7185205030005031,29544,25,1,0,0,0,0.0,0.0,2025-Jan-29-19:48:59.408260
0.7185205030005031,29545,25,1,0,0,0,0.0,0.0,2025-Jan-29-19:48:59.451236
0.7185205030005031,29546,25,1,0,0,0,0.0,0.0,2025-Jan-29-19:48:59.495511
0.7710208028095181,29547,25,1,1,1,1,1.9000000000000001,1.9000000000000001,2025-Jan-29-19:48:59.606175
0.7710208028095181,29548,25,1,1,1,1,1.9000000000000001,1.9000000000000001,2025-Jan-29-19:48:59.755873
0.9848890270480929,29549,25,1,1,1,-1,1.9000000000000001,0.0,2025-Jan-29-19:48:59.844906
0.5423573219619376,29550,25,1,0,1,0,1.9000000000000001,0.0,2025-Jan-29-19:48:59.916887
0.7710208028095181,29551,25,1,1,1,1,1.9000000000000001,1.9000000000000001,2025-Jan-29-19:49:00.016171
0.7710208028095181,29552,25,1,1,1,1,1.9000000000000001,1.9000000000000001,2025-Jan-29-19:49:00.115712
0.5921787662199604,29553,25,1,0,0,1,0.0,1.9000000000000001,2025-Jan-29-19:49:00.187994
0.5423573219619376,29554,25,1,0,1,0,1.9000000000000001,0.0,2025-Jan-29-19:49:00.260017
0.9848890270480929,29555,25,1,1,1,-1,1.9000000000000001,0.0,2025-Jan-29-19:49:00.343535
0.629780506117975,29556,25,1,0,-1,1,0.0,1.9000000000000001,2025-Jan-29-19:49:00.427700
0.4160201626761834,29557,25,1,0,1,1,1.9000000000000001,1.9000000000000001,2025-Jan-29-19:49:00.523192
0.7185205030005031,29558,25,1,0,0,0,0.0,0.0,2025-Jan-29-19:49:00.589380
0.7185205030005031,29559,25,1,0,0,0,0.0,0.0,2025-Jan-29-19:49:00.653368
0.7710208028095181,29560,25,1,1,1,1,1.9000000000000001,1.9000000000000001,2025-Jan-29-19:49:00.792367
0.9848890270480929,29561,25,1,1,1,-1,1.9000000000000001,0.0,2025-Jan-29-19:49:00.880967
0.7185205030005031,29562,25,1,0,0,0,0.0,0.0,2025-Jan-29-19:49:00.926807
0.7185205030005031,29563,25,1,0,0,0,0.0,0.0,2025-Jan-29-19:49:00.971072
0.7710208028095181,29564,25,1,1,1,1,1.9000000000000001,1.9000000000000001,2025-Jan-29-19:49:01.067082
0.7710208028095181,29565,25,1,1,1,1,1.9000000000000001,1.9000000000000001,2025-Jan-29-19:49:01.168184
0.7710208028095181,29566,25,1,1,1,1,1.9000000000000001,1.9000000000000001,2025-Jan-29-19:49:01.266198
0.7185205030005031,29567,25,1,0,0,0,0.0,0.0,2025-Jan-29-19:49:01.315079
0.629780506117975,29568,25,1,0,-1,1,0.0,1.9000000000000001,2025-Jan-29-19:49:01.416240
0.7710208028095181,29569,25,1,1,1,1,1.9000000000000001,1.9000000000000001,2025-Jan-29-19:49:01.531687
0.7710208028095181,29570,25,1,1,1,1,1.9000000000000001,1.9000000000000001,2025-Jan-29-19:49:01.672257
1.0735211430969913,29571,25,1,1,0,0,0.0,0.0,2025-Jan-29-19:49:01.746981
0.7185205030005031,29572,25,1,0,0,0,0.0,0.0,2025-Jan-29-19:49:01.817443
0.7185205030005031,29573,25,1,0,0,0,0.0,0.0,2025-Jan-29-19:49:01.861100
0.7710208028095181,29574,25,1,1,1,1,1.9000000000000001,1.9000000000000001,2025-Jan-29-19:49:01.957324
0.7710208028095181,29575,25,1,1,1,1,1.9000000000000001,1.9000000000000001,2025-Jan-29-19:49:02.054119
1.0735211430969913,29576,25,1,1,0,0,0.0,0.0,2025-Jan-29-19:49:02.098775
0.7710208028095181,29577,25,1,1,1,1,1.9000000000000001,1.9000000000000001,2025-Jan-29-19:49:02.214575
0.7710208028095181,29578,25,1,1,1,1,1.9000000000000001,1.9000000000000001,2025-Jan-29-19:49:02.314299
0.7710208028095181,29579,25,1,1,1,1,1.9000000000000001,1.9000000000000001,2025-Jan-29-19:49:02.410307
0.7185205030005031,29580,25,1,0,0,0,0.0,0.0,2025-Jan-29-19:49:02.454140
0.7185205030005031,29581,25,1,0,0,0,0.0,0.0,2025-Jan-29-19:49:02.498321
0.7561122308552579,29582,25,1,0,-1,0,0.0,0.0,2025-Jan-29-19:49:02.566434
0.7710208028095181,29583,25,1,1,1,1,1.9000000000000001,1.9000000000000001,2025-Jan-29-19:49:02.700850
0.7710208028095181,29584,25,1,1,1,1,1.9000000000000001,1.9000000000000001,2025-Jan-29-19:49:02.824410
0.7185205030005031,29585,25,1,0,0,0,0.0,0.0,2025-Jan-29-19:49:02.871056
0.7710208028095181,29586,25,1,1,1,1,1.9000000000000001,1.9000000000000001,2025-Jan-29-19:49:02.966192
0.7710208028095181,29587,25,1,1,1,1,1.9000000000000001,1.9000000000000001,2025-Jan-29-19:49:03.061201
0.7710208028095181,29588,25,1,1,1,1,1.9000000000000001,1.9000000000000001,2025-Jan-29-19:49:03.155775
0.9471794063316156,29589,25,1,1,0,1,0.0,1.9000000000000001,2025-Jan-29-19:49:03.226458
0.7561122308552579,29590,25,1,0,-1,0,0.0,0.0,2025-Jan-29-19:49:03.283423
0.7185205030005031,29591,25,1,0,0,0,0.0,0.0,2025-Jan-29-19:49:03.326804
0.7710208028095181,29592,25,1,1,1,1,1.9000000000000001,1.9000000000000001,2025-Jan-29-19:49:03.422340
0.7710208028095181,29593,25,1,1,1,1,1.9000000000000001,1.9000000000000001,2025-Jan-29-19:49:03.519598
0.9760242519712691,29594,25,1,1,-1,1,0.0,1.9000000000000001,2025-Jan-29-19:49:03.632625
0.7185205030005031,29595,25,1,0,0,0,0.0,0.0,2025-Jan-29-19:49:03.708747
0.4160201626761834,29596,25,1,0,1,1,1.9000000000000001,1.9000000000000001,2025-Jan-29-19:49:03.822668
0.7185205030005031,29597,25,1,0,0,0,0.0,0.0,2025-Jan-29-19:49:03.869698
0.7710208028095181,29598,25,1,1,1,1,1.9000000000000001,1.9000000000000001,2025-Jan-29-19:49:03.964867
0.7710208028095181,29599,25,1,1,1,1,1.9000000000000001,1.9000000000000001,2025-Jan-29-19:49:04.063403
0.7185205030005031,29600,25,1,0,0,0,0.0,0.0,2025-Jan-29-19:49:04.107876
0.7710208028095181,29601,25,1,1,1,1,1.9000000000000001,1.9000000000000001,2025-Jan-29-19:49:04.210576
0.7710208028095181,29602,25,1,1,1,1,1.9000000000000001,1.9000000000000001,2025-Jan-29-19:49:04.306749
0.7185205030005031,29603,25,1,0,0,0,0.0,0.0,2025-Jan-29-19:49:04.350128
1.0735211430969913,29604,25,1,1,0,0,0.0,0.0,2025-Jan-29-19:49:04.393774
0.7710208028095181,29605,25,1,1,1,1,1.9000000000000001,1.9000000000000001,2025-Jan-29-19:49:04.494195
0.7185205030005031,29606,25,1,0,0,0,0.0,0.0,2025-Jan-29-19:49:04.537897
0.7710208028095181,29607,25,1,1,1,1,1.9000000000000001,1.9000000000000001,2025-Jan-29-19:49:04.679880
0.7710208028095181,29608,25,1,1,1,1,1.9000000000000001,1.9000000000000001,2025-Jan-29-19:49:04.799331
0.9471794063316156,29609,25,1,1,0,1,0.0,1.9000000000000001,2025-Jan-29-19:49:04.875217
0.5423573219619376,29610,25,1,0,1,0,1.9000000000000001,0.0,2025-Jan-29-19:49:04.947748
0.8973579620796409,29611,25,1,1,1,0,1.9000000000000001,0.0,2025-Jan-29-19:49:05.024531
0.8973579620796409,29612,25,1,1,1,0,1.9000000000000001,0.0,2025-Jan-29-19:49:05.096700
0.629780506117975,29613,25,1,0,-1,1,0.0,1.9000000000000001,2025-Jan-29-19:49:05.182369
0.9471794063316156,29614,25,1,1,0,1,0.0,1.9000000000000001,2025-Jan-29-19:49:05.254963
0.7185205030005031,29615,25,1,0,0,0,0.0,0.0,2025-Jan-29-19:49:05.298071
0.7710208028095181,29616,25,1,1,1,1,1.9000000000000001,1.9000000000000001,2025-Jan-29-19:49:05.392900
0.7710208028095181,29617,25,1,1,1,1,1.9000000000000001,1.9000000000000001,2025-Jan-29-19:49:05.489601
0.7710208028095181,29618,25,1,1,1,1,1.9000000000000001,1.9000000000000001,2025-Jan-29-19:49:05.608974
0.7185205030005031,29619,25,1,0,0,0,0.0,0.0,2025-Jan-29-19:49:05.679972
0.7710208028095181,29620,25,1,1,1,1,1.9000000000000001,1.9000000000000001,2025-Jan-29-19:49:05.810438
0.7185205030005031,29621,25,1,0,0,0,0.0,0.0,2025-Jan-29-19:49:05.856309
0.7710208028095181,29622,25,1,1,1,1,1.9000000000000001,1.9000000000000001,2025-Jan-29-19:49:05.953934
0.7710208028095181,29623,25,1,1,1,1,1.9000000000000001,1.9000000000000001,2025-Jan-29-19:49:06.309566
0.7710208028095181,29624,25,1,1,1,1,1.9000000000000001,1.9000000000000001,2025-Jan-29-19:49:06.407249
0.7710208028095181,29625,25,1,1,1,1,1.9000000000000001,1.9000000000000001,2025-Jan-29-19:49:06.505642
0.7710208028095181,29626,25,1,1,1,1,1.9000000000000001,1.9000000000000001,2025-Jan-29-19:49:06.626130
0.7185205030005031,29627,25,1,0,0,0,0.0,0.0,2025-Jan-29-19:49:06.696169
0.7710208028095181,29628,25,1,1,1,1,1.9000000000000001,1.9000000000000001,2025-Jan-29-19:49:06.821992
0.7710208028095181,29629,25,1,1,1,1,1.9000000000000001,1.9000000000000001,2025-Jan-29-19:49:06.920445
0.7710208028095181,29630,25,1,1,1,1,1.9000000000000001,1.9000000000000001,2025-Jan-29-19:49:07.016240
1.0735211430969913,29631,25,1,1,0,0,0.0,0.0,2025-Jan-29-19:49:07.061260
0.7561122308552579,29632,25,1,0,-1,0,0.0,0.0,2025-Jan-29-19:49:07.118152
0.7185205030005031,29633,25,1,0,0,0,0.0,0.0,2025-Jan-29-19:49:07.161714
0.5423573219619376,29634,25,1,0,1,0,1.9000000000000001,0.0,2025-Jan-29-19:49:07.233448
0.7710208028095181,29635,25,1,1,1,1,1.9000000000000001,1.9000000000000001,2025-Jan-29-19:49:07.330865
0.7710208028095181,29636,25,1,1,1,1,1.9000000000000001,1.9000000000000001,2025-Jan-29-19:49:07.428025
0.7710208028095181,29637,25,1,1,1,1,1.9000000000000001,1.9000000000000001,2025-Jan-29-19:49:07.533749
0.7710208028095181,29638,25,1,1,1,1,1.9000000000000001,1.9000000000000001,2025-Jan-29-19:49:07.664264
1.1111128709475113,29639,25,1,1,-1,0,0.0,0.0,2025-Jan-29-19:49:07.753084
0.7185205030005031,29640,25,1,0,0,0,0.0,0.0,2025-Jan-29-19:49:07.798412
0.7185205030005031,29641,25,1,0,0,0,0.0,0.0,2025-Jan-29-19:49:07.842665
0.8060591477019475,29642,25,1,0,0,-1,0.0,0.0,2025-Jan-29-19:49:07.898702
0.7710208028095181,29643,25,1,1,1,1,1.9000000000000001,1.9000000000000001,2025-Jan-29-19:49:07.999639
0.7185205030005031,29644,25,1,0,0,0,0.0,0.0,2025-Jan-29-19:49:08.043164
0.7185205030005031,29645,25,1,0,0,0,0.0,0.0,2025-Jan-29-19:49:08.089515
0.4160201626761834,29646,25,1,0,1,1,1.9000000000000001,1.9000000000000001,2025-Jan-29-19:49:08.186744
0.7710208028095181,29647,25,1,1,1,1,1.9000000000000001,1.9000000000000001,2025-Jan-29-19:49:08.285535
0.4160201626761834,29648,25,1,0,1,1,1.9000000000000001,1.9000000000000001,2025-Jan-29-19:49:08.380450
0.7185205030005031,29649,25,1,0,0,0,0.0,0.0,2025-Jan-29-19:49:08.424036
0.4160201626761834,29650,25,1,0,1,1,1.9000000000000001,1.9000000000000001,2025-Jan-29-19:49:08.519526
0.4160201626761834,29651,25,1,0,1,1,1.9000000000000001,1.9000000000000001,2025-Jan-29-19:49:08.640086
0.7710208028095181,29652,25,1,1,1,1,1.9000000000000001,1.9000000000000001,2025-Jan-29-19:49:08.764149
0.7710208028095181,29653,25,1,1,1,1,1.9000000000000001,1.9000000000000001,2025-Jan-29-19:49:08.865843
0.7185205030005031,29654,25,1,0,0,0,0.0,0.0,2025-Jan-29-19:49:08.909530
0.7185205030005031,29655,25,1,0,0,0,0.0,0.0,2025-Jan-29-19:49:08.953364
0.9848890270480929,29656,25,1,1,1,-1,1.9000000000000001,0.0,2025-Jan-29-19:49:09.037855
0.7185205030005031,29657,25,1,0,0,0,0.0,0.0,2025-Jan-29-19:49:09.083456
0.7185205030005031,29658,25,1,0,0,0,0.0,0.0,2025-Jan-29-19:49:09.127133
0.7185205030005031,29659,25,1,0,0,0,0.0,0.0,2025-Jan-29-19:49:09.171166
0.7185205030005031,29660,25,1,0,0,0,0.0,0.0,2025-Jan-29-19:49:09.214508
0.7185205030005031,29661,25,1,0,0,0,0.0,0.0,2025-Jan-29-19:49:09.258199
0.7185205030005031,29662,25,1,0,0,0,0.0,0.0,2025-Jan-29-19:49:09.301399
0.7185205030005031,29663,25,1,0,0,0,0.0,0.0,2025-Jan-29-19:49:09.344802
0.7185205030005031,29664,25,1,0,0,0,0.0,0.0,2025-Jan-29-19:49:09.387755
0.7185205030005031,29665,25,1,0,0,0,0.0,0.0,2025-Jan-29-19:49:09.431495
0.7185205030005031,29666,25,1,0,0,0,0.0,0.0,2025-Jan-29-19:49:09.475583
0.7710208028095181,29667,25,1,1,1,1,1.9000000000000001,1.9000000000000001,2025-Jan-29-19:49:09.598835
0.7710208028095181,29668,25,1,1,1,1,1.9000000000000001,1.9000000000000001,2025-Jan-29-19:49:09.724527
0.7185205030005031,29669,25,1,0,0,0,0.0,0.0,2025-Jan-29-19:49:09.788251
0.5423573219619376,29670,25,1,0,1,0,1.9000000000000001,0.0,2025-Jan-29-19:49:09.860742
0.8973579620796409,29671,25,1,1,1,0,1.9000000000000001,0.0,2025-Jan-29-19:49:09.933537
0.5423573219619376,29672,25,1,0,1,0,1.9000000000000001,0.0,2025-Jan-29-19:49:10.007083
0.5921787662199604,29673,25,1,0,0,1,0.0,1.9000000000000001,2025-Jan-29-19:49:10.083521
0.9471794063316156,29674,25,1,1,0,1,0.0,1.9000000000000001,2025-Jan-29-19:49:10.156450
0.7185205030005031,29675,25,1,0,0,0,0.0,0.0,2025-Jan-29-19:49:10.199932
0.7710208028095181,29676,25,1,1,1,1,1.9000000000000001,1.9000000000000001,2025-Jan-29-19:49:10.295884
0.7710208028095181,29677,25,1,1,1,1,1.9000000000000001,1.9000000000000001,2025-Jan-29-19:49:10.392658
0.7710208028095181,29678,25,1,1,1,1,1.9000000000000001,1.9000000000000001,2025-Jan-29-19:49:10.487731
0.7710208028095181,29679,25,1,1,1,1,1.9000000000000001,1.9000000000000001,2025-Jan-29-19:49:10.603622
0.7710208028095181,29680,25,1,1,1,1,1.9000000000000001,1.9000000000000001,2025-Jan-29-19:49:10.740778
0.5921787662199604,29681,25,1,0,0,1,0.0,1.9000000000000001,2025-Jan-29-19:49:10.819056
