Cost,Sim,Switch_State_Indx,Gen1_on,Gen2_on,Batt1_mode,Batt2_mode,Batt1_power_kW,Batt2_power_kW,Timestamp
0.7561122308552579,29682,25,1,0,-1,0,0.0,0.0,2025-Jan-29-19:49:10.888685
1.1986569067802102,29683,25,1,1,-1,-1,0.0,0.0,2025-Jan-29-19:49:10.961063
0.7561122308552579,29684,25,1,0,-1,0,0.0,0.0,2025-Jan-29-19:49:11.019689
0.9471794063316156,29685,25,1,1,0,1,0.0,1.9000000000000001,2025-Jan-29-19:49:11.091688
0.8060591477019475,29686,25,1,0,0,-1,0.0,0.0,2025-Jan-29-19:49:11.148284
1.0735211430969913,29687,25,1,1,0,0,0.0,0.0,2025-Jan-29-19:49:11.191956
0.7561122308552579,29688,25,1,0,-1,0,0.0,0.0,2025-Jan-29-19:49:11.249346
1.161059787788528,29689,25,1,1,0,-1,0.0,0.0,2025-Jan-29-19:49:11.310897
1.1986569067802102,29690,25,1,1,-1,-1,0.0,0.0,2025-Jan-29-19:49:11.383587
0.5423573219619376,29691,25,1,0,1,0,1.9000000000000001,0.0,2025-Jan-29-19:49:11.456285
0.9848890270480929,29692,25,1,1,1,-1,1.9000000000000001,0.0,2025-Jan-29-19:49:11.546480
1.1111128709475113,29693,25,1,1,-1,0,0.0,0.0,2025-Jan-29-19:49:11.668940
0.9760242519712691,29694,25,1,1,-1,1,0.0,1.9000000000000001,2025-Jan-29-19:49:11.790025
0.6298883869405699,29695,25,1,0,1,-1,1.9000000000000001,0.0,2025-Jan-29-19:49:11.881617
1.1986569067802102,29696,25,1,1,-1,-1,0.0,0.0,2025-Jan-29-19:49:11.954206
1.1986569067802102,29697,25,1,1,-1,-1,0.0,0.0,2025-Jan-29-19:49:12.026054
0.9848890270480929,29698,25,1,1,1,-1,1.9000000000000001,0.0,2025-Jan-29-19:49:12.114890
0.629780506117975,29699,25,1,0,-1,1,0.0,1.9000000000000001,2025-Jan-29-19:49:12.204373
0.7561122308552579,29700,25,1,0,-1,0,0.0,0.0,2025-Jan-29-19:49:12.263401
0.6298883869405699,29701,25,1,0,1,-1,1.9000000000000001,0.0,2025-Jan-29-19:49:12.350649
1.1111128709475113,29702,25,1,1,-1,0,0.0,0.0,2025-Jan-29-19:49:12.408721
0.9471794063316156,29703,25,1,1,0,1,0.0,1.9000000000000001,2025-Jan-29-19:49:12.483754
0.5423573219619376,29704,25,1,0,1,0,1.9000000000000001,0.0,2025-Jan-29-19:49:12.576526
0.9471794063316156,29705,25,1,1,0,1,0.0,1.9000000000000001,2025-Jan-29-19:49:12.692536
1.0735211430969913,29706,25,1,1,0,0,0.0,0.0,2025-Jan-29-19:49:12.767003
0.629780506117975,29707,25,1,0,-1,1,0.0,1.9000000000000001,2025-Jan-29-19:49:12.876937
0.6298883869405699,29708,25,1,0,1,-1,1.9000000000000001,0.0,2025-Jan-29-19:49:12.967330
0.7185205030005031,29709,25,1,0,0,0,0.0,0.0,2025-Jan-29-19:49:13.012559
0.8973579620796409,29710,25,1,1,1,0,1.9000000000000001,0.0,2025-Jan-29-19:49:13.087655
0.6298883869405699,29711,25,1,0,1,-1,1.9000000000000001,0.0,2025-Jan-29-19:49:13.528062
1.1111128709475113,29712,25,1,1,-1,0,0.0,0.0,2025-Jan-29-19:49:13.609559
0.7561122308552579,29713,25,1,0,-1,0,0.0,0.0,2025-Jan-29-19:49:13.725143
0.629780506117975,29714,25,1,0,-1,1,0.0,1.9000000000000001,2025-Jan-29-19:49:13.839067
0.9760242519712691,29715,25,1,1,-1,1,0.0,1.9000000000000001,2025-Jan-29-19:49:13.929982
0.7185205030005031,29716,25,1,0,0,0,0.0,0.0,2025-Jan-29-19:49:13.976176
0.7561122308552579,29717,25,1,0,-1,0,0.0,0.0,2025-Jan-29-19:49:14.034225
1.1986569067802102,29718,25,1,1,-1,-1,0.0,0.0,2025-Jan-29-19:49:14.105279
1.1111128709475113,29719,25,1,1,-1,0,0.0,0.0,2025-Jan-29-19:49:14.164222
1.0735211430969913,29720,25,1,1,0,0,0.0,0.0,2025-Jan-29-19:49:14.209681
0.8060591477019475,29721,25,1,0,0,-1,0.0,0.0,2025-Jan-29-19:49:14.267971
1.0735211430969913,29722,25,1,1,0,0,0.0,0.0,2025-Jan-29-19:49:14.313557
0.7561122308552579,29723,25,1,0,-1,0,0.0,0.0,2025-Jan-29-19:49:14.372853
1.0735211430969913,29724,25,1,1,0,0,0.0,0.0,2025-Jan-29-19:49:14.418522
0.4160201626761834,29725,25,1,0,1,1,1.9000000000000001,1.9000000000000001,2025-Jan-29-19:49:14.517891
0.4160201626761834,29726,25,1,0,1,1,1.9000000000000001,1.9000000000000001,2025-Jan-29-19:49:14.663750
1.0735211430969913,29727,25,1,1,0,0,0.0,0.0,2025-Jan-29-19:49:14.743430
0.5423573219619376,29728,25,1,0,1,0,1.9000000000000001,0.0,2025-Jan-29-19:49:14.854812
1.0735211430969913,29729,25,1,1,0,0,0.0,0.0,2025-Jan-29-19:49:14.903001
0.8973579620796409,29730,25,1,1,1,0,1.9000000000000001,0.0,2025-Jan-29-19:49:14.978028
0.8973579620796409,29731,25,1,1,1,0,1.9000000000000001,0.0,2025-Jan-29-19:49:15.054575
0.7561122308552579,29732,25,1,0,-1,0,0.0,0.0,2025-Jan-29-19:49:15.114102
0.7185205030005031,29733,25,1,0,0,0,0.0,0.0,2025-Jan-29-19:49:15.160221
0.7561122308552579,29734,25,1,0,-1,0,0.0,0.0,2025-Jan-29-19:49:15.218181
0.7185205030005031,29735,25,1,0,0,0,0.0,0.0,2025-Jan-29-19:49:15.263589
0.8060591477019475,29736,25,1,0,0,-1,0.0,0.0,2025-Jan-29-19:49:15.321897
0.7185205030005031,29737,25,1,0,0,0,0.0,0.0,2025-Jan-29-19:49:15.367298
0.7185205030005031,29738,25,1,0,0,0,0.0,0.0,2025-Jan-29-19:49:15.412723
0.8060591477019475,29739,25,1,0,0,-1,0.0,0.0,2025-Jan-29-19:49:15.470934
0.8436562666978078,29740,25,1,0,-1,-1,0.0,0.0,2025-Jan-29-19:49:15.541380
0.5423573219619376,29741,25,1,0,1,0,1.9000000000000001,0.0,2025-Jan-29-19:49:15.642552
0.7185205030005031,29742,25,1,0,0,0,0.0,0.0,2025-Jan-29-19:49:15.720871
0.7561122308552579,29743,25,1,0,-1,0,0.0,0.0,2025-Jan-29-19:49:15.800698
0.629780506117975,29744,25,1,0,-1,1,0.0,1.9000000000000001,2025-Jan-29-19:49:15.885697
0.6298883869405699,29745,25,1,0,1,-1,1.9000000000000001,0.0,2025-Jan-29-19:49:15.970569
0.8436562666978078,29746,25,1,0,-1,-1,0.0,0.0,2025-Jan-29-19:49:16.039845
0.7185205030005031,29747,25,1,0,0,0,0.0,0.0,2025-Jan-29-19:49:16.087314
0.7185205030005031,29748,25,1,0,0,0,0.0,0.0,2025-Jan-29-19:49:16.131670
0.7185205030005031,29749,25,1,0,0,0,0.0,0.0,2025-Jan-29-19:49:16.175410
0.7561122308552579,29750,25,1,0,-1,0,0.0,0.0,2025-Jan-29-19:49:16.231316
0.7185205030005031,29751,25,1,0,0,0,0.0,0.0,2025-Jan-29-19:49:16.274940
0.7561122308552579,29752,25,1,0,-1,0,0.0,0.0,2025-Jan-29-19:49:16.331091
0.5921787662199604,29753,25,1,0,0,1,0.0,1.9000000000000001,2025-Jan-29-19:49:16.402659
0.5423573219619376,29754,25,1,0,1,0,1.9000000000000001,0.0,2025-Jan-29-19:49:16.473765
0.7185205030005031,29755,25,1,0,0,0,0.0,0.0,2025-Jan-29-19:49:16.517146
0.7185205030005031,29756,25,1,0,0,0,0.0,0.0,2025-Jan-29-19:49:16.578592
0.7185205030005031,29757,25,1,0,0,0,0.0,0.0,2025-Jan-29-19:49:16.651010
1.161059787788528,29758,25,1,1,0,-1,0.0,0.0,2025-Jan-29-19:49:16.739588
0.6298883869405699,29759,25,1,0,1,-1,1.9000000000000001,0.0,2025-Jan-29-19:49:16.842841
0.7185205030005031,29760,25,1,0,0,0,0.0,0.0,2025-Jan-29-19:49:16.887281
0.7185205030005031,29761,25,1,0,0,0,0.0,0.0,2025-Jan-29-19:49:16.930510
1.0735211430969913,29762,25,1,1,0,0,0.0,0.0,2025-Jan-29-19:49:16.973573
0.8973579620796409,29763,25,1,1,1,0,1.9000000000000001,0.0,2025-Jan-29-19:49:17.046908
1.0735211430969913,29764,25,1,1,0,0,0.0,0.0,2025-Jan-29-19:49:17.093268
0.6298883869405699,29765,25,1,0,1,-1,1.9000000000000001,0.0,2025-Jan-29-19:49:17.189700
0.7185205030005031,29766,25,1,0,0,0,0.0,0.0,2025-Jan-29-19:49:17.236859
0.7185205030005031,29767,25,1,0,0,0,0.0,0.0,2025-Jan-29-19:49:17.281875
0.7561122308552579,29768,25,1,0,-1,0,0.0,0.0,2025-Jan-29-19:49:17.337477
0.7561122308552579,29769,25,1,0,-1,0,0.0,0.0,2025-Jan-29-19:49:17.393022
0.9471794063316156,29770,25,1,1,0,1,0.0,1.9000000000000001,2025-Jan-29-19:49:17.465446
0.629780506117975,29771,25,1,0,-1,1,0.0,1.9000000000000001,2025-Jan-29-19:49:17.569006
0.7710208028095181,29772,25,1,1,1,1,1.9000000000000001,1.9000000000000001,2025-Jan-29-19:49:17.729264
0.7185205030005031,29773,25,1,0,0,0,0.0,0.0,2025-Jan-29-19:49:17.794609
0.8973579620796409,29774,25,1,1,1,0,1.9000000000000001,0.0,2025-Jan-29-19:49:17.867355
0.7185205030005031,29775,25,1,0,0,0,0.0,0.0,2025-Jan-29-19:49:17.911352
1.161059787788528,29776,25,1,1,0,-1,0.0,0.0,2025-Jan-29-19:49:17.967047
0.7561122308552579,29777,25,1,0,-1,0,0.0,0.0,2025-Jan-29-19:49:18.022720
0.8060591477019475,29778,25,1,0,0,-1,0.0,0.0,2025-Jan-29-19:49:18.081048
0.7185205030005031,29779,25,1,0,0,0,0.0,0.0,2025-Jan-29-19:49:18.126363
0.7185205030005031,29780,25,1,0,0,0,0.0,0.0,2025-Jan-29-19:49:18.169931
0.7185205030005031,29781,25,1,0,0,0,0.0,0.0,2025-Jan-29-19:49:18.213088
0.5423573219619376,29782,25,1,0,1,0,1.9000000000000001,0.0,2025-Jan-29-19:49:18.285382
0.7185205030005031,29783,25,1,0,0,0,0.0,0.0,2025-Jan-29-19:49:18.328822
0.7561122308552579,29784,25,1,0,-1,0,0.0,0.0,2025-Jan-29-19:49:18.384239
0.7185205030005031,29785,25,1,0,0,0,0.0,0.0,2025-Jan-29-19:49:18.427456
0.7561122308552579,29786,25,1,0,-1,0,0.0,0.0,2025-Jan-29-19:49:18.483267
0.7185205030005031,29787,25,1,0,0,0,0.0,0.0,2025-Jan-29-19:49:18.526732
0.9471794063316156,29788,25,1,1,0,1,0.0,1.9000000000000001,2025-Jan-29-19:49:18.618943
0.7561122308552579,29789,25,1,0,-1,0,0.0,0.0,2025-Jan-29-19:49:18.704849
1.0735211430969913,29790,25,1,1,0,0,0.0,0.0,2025-Jan-29-19:49:18.770227
1.0735211430969913,29791,25,1,1,0,0,0.0,0.0,2025-Jan-29-19:49:18.814720
0.4160201626761834,29792,25,1,0,1,1,1.9000000000000001,1.9000000000000001,2025-Jan-29-19:49:18.913124
0.4160201626761834,29793,25,1,0,1,1,1.9000000000000001,1.9000000000000001,2025-Jan-29-19:49:19.008953
0.8436562666978078,29794,25,1,0,-1,-1,0.0,0.0,2025-Jan-29-19:49:19.077731
0.4160201626761834,29795,25,1,0,1,1,1.9000000000000001,1.9000000000000001,2025-Jan-29-19:49:19.174031
1.0735211430969913,29796,25,1,1,0,0,0.0,0.0,2025-Jan-29-19:49:19.473346
1.0735211430969913,29797,25,1,1,0,0,0.0,0.0,2025-Jan-29-19:49:19.517832
0.8973579620796409,29798,25,1,1,1,0,1.9000000000000001,0.0,2025-Jan-29-19:49:19.608408
0.5423573219619376,29799,25,1,0,1,0,1.9000000000000001,0.0,2025-Jan-29-19:49:19.715957
0.8436562666978078,29800,25,1,0,-1,-1,0.0,0.0,2025-Jan-29-19:49:19.802676
0.7185205030005031,29801,25,1,0,0,0,0.0,0.0,2025-Jan-29-19:49:19.846834
0.4160201626761834,29802,25,1,0,1,1,1.9000000000000001,1.9000000000000001,2025-Jan-29-19:49:19.941406
0.7185205030005031,29803,25,1,0,0,0,0.0,0.0,2025-Jan-29-19:49:19.985531
1.0735211430969913,29804,25,1,1,0,0,0.0,0.0,2025-Jan-29-19:49:20.032673
0.8973579620796409,29805,25,1,1,1,0,1.9000000000000001,0.0,2025-Jan-29-19:49:20.111414
0.8060591477019475,29806,25,1,0,0,-1,0.0,0.0,2025-Jan-29-19:49:20.168617
0.7561122308552579,29807,25,1,0,-1,0,0.0,0.0,2025-Jan-29-19:49:20.224720
0.7185205030005031,29808,25,1,0,0,0,0.0,0.0,2025-Jan-29-19:49:20.268836
0.7185205030005031,29809,25,1,0,0,0,0.0,0.0,2025-Jan-29-19:49:20.312015
0.7185205030005031,29810,25,1,0,0,0,0.0,0.0,2025-Jan-29-19:49:20.355469
0.7185205030005031,29811,25,1,0,0,0,0.0,0.0,2025-Jan-29-19:49:20.398595
0.4160201626761834,29812,25,1,0,1,1,1.9000000000000001,1.9000000000000001,2025-Jan-29-19:49:20.494264
0.5921787662199604,29813,25,1,0,0,1,0.0,1.9000000000000001,2025-Jan-29-19:49:20.587029
0.7710208028095181,29814,25,1,1,1,1,1.9000000000000001,1.9000000000000001,2025-Jan-29-19:49:20.720454
0.7710208028095181,29815,25,1,1,1,1,1.9000000000000001,1.9000000000000001,2025-Jan-29-19:49:20.830816
0.5423573219619376,29816,25,1,0,1,0,1.9000000000000001,0.0,2025-Jan-29-19:49:20.903715
0.7710208028095181,29817,25,1,1,1,1,1.9000000000000001,1.9000000000000001,2025-Jan-29-19:49:20.999317
0.7185205030005031,29818,25,1,0,0,0,0.0,0.0,2025-Jan-29-19:49:21.044871
0.7185205030005031,29819,25,1,0,0,0,0.0,0.0,2025-Jan-29-19:49:21.089249
0.6298883869405699,29820,25,1,0,1,-1,1.9000000000000001,0.0,2025-Jan-29-19:49:21.173999
0.8436562666978078,29821,25,1,0,-1,-1,0.0,0.0,2025-Jan-29-19:49:21.243207
0.7185205030005031,29822,25,1,0,0,0,0.0,0.0,2025-Jan-29-19:49:21.286972
0.7185205030005031,29823,25,1,0,0,0,0.0,0.0,2025-Jan-29-19:49:21.330304
0.7185205030005031,29824,25,1,0,0,0,0.0,0.0,2025-Jan-29-19:49:21.373793
0.7561122308552579,29825,25,1,0,-1,0,0.0,0.0,2025-Jan-29-19:49:21.429617
0.7185205030005031,29826,25,1,0,0,0,0.0,0.0,2025-Jan-29-19:49:21.472734
0.7185205030005031,29827,25,1,0,0,0,0.0,0.0,2025-Jan-29-19:49:21.516567
0.7185205030005031,29828,25,1,0,0,0,0.0,0.0,2025-Jan-29-19:49:21.584569
0.7185205030005031,29829,25,1,0,0,0,0.0,0.0,2025-Jan-29-19:49:21.666767
0.7185205030005031,29830,25,1,0,0,0,0.0,0.0,2025-Jan-29-19:49:21.741151
0.7185205030005031,29831,25,1,0,0,0,0.0,0.0,2025-Jan-29-19:49:21.803353
0.629780506117975,29832,25,1,0,-1,1,0.0,1.9000000000000001,2025-Jan-29-19:49:21.888171
0.7185205030005031,29833,25,1,0,0,0,0.0,0.0,2025-Jan-29-19:49:21.931496
0.7185205030005031,29834,25,1,0,0,0,0.0,0.0,2025-Jan-29-19:49:21.974200
0.8973579620796409,29835,25,1,1,1,0,1.9000000000000001,0.0,2025-Jan-29-19:49:22.045972
0.7185205030005031,29836,25,1,0,0,0,0.0,0.0,2025-Jan-29-19:49:22.093115
0.7185205030005031,29837,25,1,0,0,0,0.0,0.0,2025-Jan-29-19:49:22.136372
0.7185205030005031,29838,25,1,0,0,0,0.0,0.0,2025-Jan-29-19:49:22.179339
0.629780506117975,29839,25,1,0,-1,1,0.0,1.9000000000000001,2025-Jan-29-19:49:22.263888
0.7185205030005031,29840,25,1,0,0,0,0.0,0.0,2025-Jan-29-19:49:22.306954
0.7185205030005031,29841,25,1,0,0,0,0.0,0.0,2025-Jan-29-19:49:22.349630
0.7561122308552579,29842,25,1,0,-1,0,0.0,0.0,2025-Jan-29-19:49:22.404187
0.8060591477019475,29843,25,1,0,0,-1,0.0,0.0,2025-Jan-29-19:49:22.459730
0.7185205030005031,29844,25,1,0,0,0,0.0,0.0,2025-Jan-29-19:49:22.502914
0.7710208028095181,29845,25,1,1,1,1,1.9000000000000001,1.9000000000000001,2025-Jan-29-19:49:22.632182
0.8060591477019475,29846,25,1,0,0,-1,0.0,0.0,2025-Jan-29-19:49:22.713692
0.7185205030005031,29847,25,1,0,0,0,0.0,0.0,2025-Jan-29-19:49:22.777719
0.7561122308552579,29848,25,1,0,-1,0,0.0,0.0,2025-Jan-29-19:49:22.834122
1.0735211430969913,29849,25,1,1,0,0,0.0,0.0,2025-Jan-29-19:49:22.877005
0.7185205030005031,29850,25,1,0,0,0,0.0,0.0,2025-Jan-29-19:49:22.919723
0.7185205030005031,29851,25,1,0,0,0,0.0,0.0,2025-Jan-29-19:49:22.962456
0.7185205030005031,29852,25,1,0,0,0,0.0,0.0,2025-Jan-29-19:49:23.005276
0.7185205030005031,29853,25,1,0,0,0,0.0,0.0,2025-Jan-29-19:49:23.047773
0.7185205030005031,29854,25,1,0,0,0,0.0,0.0,2025-Jan-29-19:49:23.090978
0.7185205030005031,29855,25,1,0,0,0,0.0,0.0,2025-Jan-29-19:49:23.134191
0.8973579620796409,29856,25,1,1,1,0,1.9000000000000001,0.0,2025-Jan-29-19:49:23.205090
0.7185205030005031,29857,25,1,0,0,0,0.0,0.0,2025-Jan-29-19:49:23.248232
0.7185205030005031,29858,25,1,0,0,0,0.0,0.0,2025-Jan-29-19:49:23.292064
0.7185205030005031,29859,25,1,0,0,0,0.0,0.0,2025-Jan-29-19:49:23.334581
0.7185205030005031,29860,25,1,0,0,0,0.0,0.0,2025-Jan-29-19:49:23.379092
0.7185205030005031,29861,25,1,0,0,0,0.0,0.0,2025-Jan-29-19:49:23.421665
0.4160201626761834,29862,25,1,0,1,1,1.9000000000000001,1.9000000000000001,2025-Jan-29-19:49:23.516034
0.7185205030005031,29863,25,1,0,0,0,0.0,0.0,2025-Jan-29-19:49:23.581271
0.4160201626761834,29864,25,1,0,1,1,1.9000000000000001,1.9000000000000001,2025-Jan-29-19:49:23.722881
0.8436562666978078,29865,25,1,0,-1,-1,0.0,0.0,2025-Jan-29-19:49:23.809496
0.7185205030005031,29866,25,1,0,0,0,0.0,0.0,2025-Jan-29-19:49:23.855110
0.7185205030005031,29867,25,1,0,0,0,0.0,0.0,2025-Jan-29-19:49:23.898846
0.7185205030005031,29868,25,1,0,0,0,0.0,0.0,2025-Jan-29-19:49:23.941970
0.7185205030005031,29869,25,1,0,0,0,0.0,0.0,2025-Jan-29-19:49:23.984463
0.6298883869405699,29870,25,1,0,1,-1,1.9000000000000001,0.0,2025-Jan-29-19:49:24.071159
0.8436562666978078,29871,25,1,0,-1,-1,0.0,0.0,2025-Jan-29-19:49:24.141051
0.7185205030005031,29872,25,1,0,0,0,0.0,0.0,2025-Jan-29-19:49:24.184356
0.7185205030005031,29873,25,1,0,0,0,0.0,0.0,2025-Jan-29-19:49:24.227449
0.7185205030005031,29874,25,1,0,0,0,0.0,0.0,2025-Jan-29-19:49:24.270901
0.7185205030005031,29875,25,1,0,0,0,0.0,0.0,2025-Jan-29-19:49:24.314042
0.6298883869405699,29876,25,1,0,1,-1,1.9000000000000001,0.0,2025-Jan-29-19:49:24.397742
0.7185205030005031,29877,25,1,0,0,0,0.0,0.0,2025-Jan-29-19:49:24.440342
0.5921787662199604,29878,25,1,0,0,1,0.0,1.9000000000000001,2025-Jan-29-19:49:24.511751
0.5423573219619376,29879,25,1,0,1,0,1.9000000000000001,0.0,2025-Jan-29-19:49:24.599981
0.7185205030005031,29880,25,1,0,0,0,0.0,0.0,2025-Jan-29-19:49:24.663430
0.7185205030005031,29881,25,1,0,0,0,0.0,0.0,2025-Jan-29-19:49:24.736540
0.7185205030005031,29882,25,1,0,0,0,0.0,0.0,2025-Jan-29-19:49:24.803498
0.629780506117975,29883,25,1,0,-1,1,0.0,1.9000000000000001,2025-Jan-29-19:49:24.890073
0.7185205030005031,29884,25,1,0,0,0,0.0,0.0,2025-Jan-29-19:49:24.933683
1.1111128709475113,29885,25,1,1,-1,0,0.0,0.0,2025-Jan-29-19:49:24.988915
0.7185205030005031,29886,25,1,0,0,0,0.0,0.0,2025-Jan-29-19:49:25.031807
0.7185205030005031,29887,25,1,0,0,0,0.0,0.0,2025-Jan-29-19:49:25.074996
0.7185205030005031,29888,25,1,0,0,0,0.0,0.0,2025-Jan-29-19:49:25.118474
0.7561122308552579,29889,25,1,0,-1,0,0.0,0.0,2025-Jan-29-19:49:25.174274
0.6298883869405699,29890,25,1,0,1,-1,1.9000000000000001,0.0,2025-Jan-29-19:49:25.257510
0.8436562666978078,29891,25,1,0,-1,-1,0.0,0.0,2025-Jan-29-19:49:25.325745
0.7185205030005031,29892,25,1,0,0,0,0.0,0.0,2025-Jan-29-19:49:25.368640
0.7185205030005031,29893,25,1,0,0,0,0.0,0.0,2025-Jan-29-19:49:25.411680
0.7561122308552579,29894,25,1,0,-1,0,0.0,0.0,2025-Jan-29-19:49:25.466892
1.0735211430969913,29895,25,1,1,0,0,0.0,0.0,2025-Jan-29-19:49:25.510124
0.629780506117975,29896,25,1,0,-1,1,0.0,1.9000000000000001,2025-Jan-29-19:49:25.624803
1.1986569067802102,29897,25,1,1,-1,-1,0.0,0.0,2025-Jan-29-19:49:25.730042
0.7185205030005031,29898,25,1,0,0,0,0.0,0.0,2025-Jan-29-19:49:25.786233
0.629780506117975,29899,25,1,0,-1,1,0.0,1.9000000000000001,2025-Jan-29-19:49:25.870405
0.7185205030005031,29900,25,1,0,0,0,0.0,0.0,2025-Jan-29-19:49:25.916647
0.7185205030005031,29901,25,1,0,0,0,0.0,0.0,2025-Jan-29-19:49:25.959978
0.7185205030005031,29902,25,1,0,0,0,0.0,0.0,2025-Jan-29-19:49:26.002940
0.6298883869405699,29903,25,1,0,1,-1,1.9000000000000001,0.0,2025-Jan-29-19:49:26.089645
0.7185205030005031,29904,25,1,0,0,0,0.0,0.0,2025-Jan-29-19:49:26.133632
0.7710208028095181,29905,25,1,1,1,1,1.9000000000000001,1.9000000000000001,2025-Jan-29-19:49:26.481602
0.7185205030005031,29906,25,1,0,0,0,0.0,0.0,2025-Jan-29-19:49:26.528883
0.5921787662199604,29907,25,1,0,0,1,0.0,1.9000000000000001,2025-Jan-29-19:49:26.631115
0.7185205030005031,29908,25,1,0,0,0,0.0,0.0,2025-Jan-29-19:49:26.704198
1.0735211430969913,29909,25,1,1,0,0,0.0,0.0,2025-Jan-29-19:49:26.777109
0.8060591477019475,29910,25,1,0,0,-1,0.0,0.0,2025-Jan-29-19:49:26.835841
1.0735211430969913,29911,25,1,1,0,0,0.0,0.0,2025-Jan-29-19:49:26.879052
0.7561122308552579,29912,25,1,0,-1,0,0.0,0.0,2025-Jan-29-19:49:26.934629
0.6298883869405699,29913,25,1,0,1,-1,1.9000000000000001,0.0,2025-Jan-29-19:49:27.018453
0.7185205030005031,29914,25,1,0,0,0,0.0,0.0,2025-Jan-29-19:49:27.062516
0.9471794063316156,29915,25,1,1,0,1,0.0,1.9000000000000001,2025-Jan-29-19:49:27.136466
1.0735211430969913,29916,25,1,1,0,0,0.0,0.0,2025-Jan-29-19:49:27.179715
1.161059787788528,29917,25,1,1,0,-1,0.0,0.0,2025-Jan-29-19:49:27.235101
0.4160201626761834,29918,25,1,0,1,1,1.9000000000000001,1.9000000000000001,2025-Jan-29-19:49:27.329700
1.0735211430969913,29919,25,1,1,0,0,0.0,0.0,2025-Jan-29-19:49:27.372774
0.4160201626761834,29920,25,1,0,1,1,1.9000000000000001,1.9000000000000001,2025-Jan-29-19:49:27.466999
0.6298883869405699,29921,25,1,0,1,-1,1.9000000000000001,0.0,2025-Jan-29-19:49:27.566762
0.7185205030005031,29922,25,1,0,0,0,0.0,0.0,2025-Jan-29-19:49:27.641261
0.5423573219619376,29923,25,1,0,1,0,1.9000000000000001,0.0,2025-Jan-29-19:49:27.751047
0.5423573219619376,29924,25,1,0,1,0,1.9000000000000001,0.0,2025-Jan-29-19:49:27.833423
0.8436562666978078,29925,25,1,0,-1,-1,0.0,0.0,2025-Jan-29-19:49:27.904682
0.7185205030005031,29926,25,1,0,0,0,0.0,0.0,2025-Jan-29-19:49:27.949447
0.8060591477019475,29927,25,1,0,0,-1,0.0,0.0,2025-Jan-29-19:49:28.004928
0.7185205030005031,29928,25,1,0,0,0,0.0,0.0,2025-Jan-29-19:49:28.048417
0.8973579620796409,29929,25,1,1,1,0,1.9000000000000001,0.0,2025-Jan-29-19:49:28.122308
0.8973579620796409,29930,25,1,1,1,0,1.9000000000000001,0.0,2025-Jan-29-19:49:28.194516
0.7185205030005031,29931,25,1,0,0,0,0.0,0.0,2025-Jan-29-19:49:28.238003
0.7185205030005031,29932,25,1,0,0,0,0.0,0.0,2025-Jan-29-19:49:28.281148
0.7185205030005031,29933,25,1,0,0,0,0.0,0.0,2025-Jan-29-19:49:28.324346
0.7185205030005031,29934,25,1,0,0,0,0.0,0.0,2025-Jan-29-19:49:28.367816
0.7185205030005031,29935,25,1,0,0,0,0.0,0.0,2025-Jan-29-19:49:28.411397
0.7185205030005031,29936,25,1,0,0,0,0.0,0.0,2025-Jan-29-19:49:28.454583
0.4160201626761834,29937,25,1,0,1,1,1.9000000000000001,1.9000000000000001,2025-Jan-29-19:49:28.562741
0.4160201626761834,29938,25,1,0,1,1,1.9000000000000001,1.9000000000000001,2025-Jan-29-19:49:28.698375
0.4160201626761834,29939,25,1,0,1,1,1.9000000000000001,1.9000000000000001,2025-Jan-29-19:49:28.827504
0.7710208028095181,29940,25,1,1,1,1,1.9000000000000001,1.9000000000000001,2025-Jan-29-19:49:28.925445
0.5423573219619376,29941,25,1,0,1,0,1.9000000000000001,0.0,2025-Jan-29-19:49:28.997067
0.7185205030005031,29942,25,1,0,0,0,0.0,0.0,2025-Jan-29-19:49:29.040426
0.7185205030005031,29943,25,1,0,0,0,0.0,0.0,2025-Jan-29-19:49:29.084480
0.629780506117975,29944,25,1,0,-1,1,0.0,1.9000000000000001,2025-Jan-29-19:49:29.167846
0.6298883869405699,29945,25,1,0,1,-1,1.9000000000000001,0.0,2025-Jan-29-19:49:29.251447
0.7710208028095181,29946,25,1,1,1,1,1.9000000000000001,1.9000000000000001,2025-Jan-29-19:49:29.346521
0.7185205030005031,29947,25,1,0,0,0,0.0,0.0,2025-Jan-29-19:49:29.389549
0.7185205030005031,29948,25,1,0,0,0,0.0,0.0,2025-Jan-29-19:49:29.432896
0.629780506117975,29949,25,1,0,-1,1,0.0,1.9000000000000001,2025-Jan-29-19:49:29.516608
0.7185205030005031,29950,25,1,0,0,0,0.0,0.0,2025-Jan-29-19:49:29.580750
0.6298883869405699,29951,25,1,0,1,-1,1.9000000000000001,0.0,2025-Jan-29-19:49:29.697585
0.7185205030005031,29952,25,1,0,0,0,0.0,0.0,2025-Jan-29-19:49:29.762329
0.7185205030005031,29953,25,1,0,0,0,0.0,0.0,2025-Jan-29-19:49:29.807827
0.5423573219619376,29954,25,1,0,1,0,1.9000000000000001,0.0,2025-Jan-29-19:49:29.879061
0.4160201626761834,29955,25,1,0,1,1,1.9000000000000001,1.9000000000000001,2025-Jan-29-19:49:29.973411
0.7185205030005031,29956,25,1,0,0,0,0.0,0.0,2025-Jan-29-19:49:30.016517
0.7185205030005031,29957,25,1,0,0,0,0.0,0.0,2025-Jan-29-19:49:30.059610
0.6298883869405699,29958,25,1,0,1,-1,1.9000000000000001,0.0,2025-Jan-29-19:49:30.145282
0.7185205030005031,29959,25,1,0,0,0,0.0,0.0,2025-Jan-29-19:49:30.189144
0.7185205030005031,29960,25,1,0,0,0,0.0,0.0,2025-Jan-29-19:49:30.231836
0.7185205030005031,29961,25,1,0,0,0,0.0,0.0,2025-Jan-29-19:49:30.274787
0.7185205030005031,29962,25,1,0,0,0,0.0,0.0,2025-Jan-29-19:49:30.317584
0.7185205030005031,29963,25,1,0,0,0,0.0,0.0,2025-Jan-29-19:49:30.360485
0.7185205030005031,29964,25,1,0,0,0,0.0,0.0,2025-Jan-29-19:49:30.402745
0.7185205030005031,29965,25,1,0,0,0,0.0,0.0,2025-Jan-29-19:49:30.445693
0.7185205030005031,29966,25,1,0,0,0,0.0,0.0,2025-Jan-29-19:49:30.488086
0.7185205030005031,29967,25,1,0,0,0,0.0,0.0,2025-Jan-29-19:49:30.531099
0.7185205030005031,29968,25,1,0,0,0,0.0,0.0,2025-Jan-29-19:49:30.588578
0.7185205030005031,29969,25,1,0,0,0,0.0,0.0,2025-Jan-29-19:49:30.668007
0.7185205030005031,29970,25,1,0,0,0,0.0,0.0,2025-Jan-29-19:49:30.741148
0.8060591477019475,29971,25,1,0,0,-1,0.0,0.0,2025-Jan-29-19:49:30.817990
0.7561122308552579,29972,25,1,0,-1,0,0.0,0.0,2025-Jan-29-19:49:30.883976
0.7185205030005031,29973,25,1,0,0,0,0.0,0.0,2025-Jan-29-19:49:30.929448
0.7185205030005031,29974,25,1,0,0,0,0.0,0.0,2025-Jan-29-19:49:30.972291
0.7185205030005031,29975,25,1,0,0,0,0.0,0.0,2025-Jan-29-19:49:31.015427
0.7185205030005031,29976,25,1,0,0,0,0.0,0.0,2025-Jan-29-19:49:31.059337
0.7185205030005031,29977,25,1,0,0,0,0.0,0.0,2025-Jan-29-19:49:31.107235
0.7185205030005031,29978,25,1,0,0,0,0.0,0.0,2025-Jan-29-19:49:31.154849
0.7185205030005031,29979,25,1,0,0,0,0.0,0.0,2025-Jan-29-19:49:31.199071
0.8060591477019475,29980,25,1,0,0,-1,0.0,0.0,2025-Jan-29-19:49:31.256593
0.8973579620796409,29981,25,1,1,1,0,1.9000000000000001,0.0,2025-Jan-29-19:49:31.338448
0.7185205030005031,29982,25,1,0,0,0,0.0,0.0,2025-Jan-29-19:49:31.385412
0.7185205030005031,29983,25,1,0,0,0,0.0,0.0,2025-Jan-29-19:49:31.433153
0.7185205030005031,29984,25,1,0,0,0,0.0,0.0,2025-Jan-29-19:49:31.482326
0.7185205030005031,29985,25,1,0,0,0,0.0,0.0,2025-Jan-29-19:49:31.532112
0.7185205030005031,29986,25,1,0,0,0,0.0,0.0,2025-Jan-29-19:49:31.592422
0.4160201626761834,29987,25,1,0,1,1,1.9000000000000001,1.9000000000000001,2025-Jan-29-19:49:31.731362
0.7185205030005031,29988,25,1,0,0,0,0.0,0.0,2025-Jan-29-19:49:31.798972
0.7185205030005031,29989,25,1,0,0,0,0.0,0.0,2025-Jan-29-19:49:31.843334
0.7710208028095181,29990,25,1,1,1,1,1.9000000000000001,1.9000000000000001,2025-Jan-29-19:49:31.943295
0.5423573219619376,29991,25,1,0,1,0,1.9000000000000001,0.0,2025-Jan-29-19:49:32.015397
0.7185205030005031,29992,25,1,0,0,0,0.0,0.0,2025-Jan-29-19:49:32.059583
0.7185205030005031,29993,25,1,0,0,0,0.0,0.0,2025-Jan-29-19:49:32.104582
0.629780506117975,29994,25,1,0,-1,1,0.0,1.9000000000000001,2025-Jan-29-19:49:32.203850
0.6298883869405699,29995,25,1,0,1,-1,1.9000000000000001,0.0,2025-Jan-29-19:49:32.291579
0.4160201626761834,29996,25,1,0,1,1,1.9000000000000001,1.9000000000000001,2025-Jan-29-19:49:32.386079
0.7185205030005031,29997,25,1,0,0,0,0.0,0.0,2025-Jan-29-19:49:32.691332
0.7185205030005031,29998,25,1,0,0,0,0.0,0.0,2025-Jan-29-19:49:32.759778
0.629780506117975,29999,25,1,0,-1,1,0.0,1.9000000000000001,2025-Jan-29-19:49:32.871954
0.7185205030005031,30000,25,1,0,0,0,0.0,0.0,2025-Jan-29-19:49:32.918102
0.7185205030005031,30001,25,1,0,0,0,0.0,0.0,2025-Jan-29-19:49:32.961116
0.7185205030005031,30002,25,1,0,0,0,0.0,0.0,2025-Jan-29-19:49:33.005048
0.5921787662199604,30003,25,1,0,0,1,0.0,1.9000000000000001,2025-Jan-29-19:49:33.076697
0.5423573219619376,30004,25,1,0,1,0,1.9000000000000001,0.0,2025-Jan-29-19:49:33.149199
0.4160201626761834,30005,25,1,0,1,1,1.9000000000000001,1.9000000000000001,2025-Jan-29-19:49:33.243971
0.7185205030005031,30006,25,1,0,0,0,0.0,0.0,2025-Jan-29-19:49:33.287113
0.629780506117975,30007,25,1,0,-1,1,0.0,1.9000000000000001,2025-Jan-29-19:49:33.370762
0.5921787662199604,30008,25,1,0,0,1,0.0,1.9000000000000001,2025-Jan-29-19:49:33.442504
0.8060591477019475,30009,25,1,0,0,-1,0.0,0.0,2025-Jan-29-19:49:33.497929
0.7710208028095181,30010,25,1,1,1,1,1.9000000000000001,1.9000000000000001,2025-Jan-29-19:49:33.604595
0.7185205030005031,30011,25,1,0,0,0,0.0,0.0,2025-Jan-29-19:49:33.673462
0.8973579620796409,30012,25,1,1,1,0,1.9000000000000001,0.0,2025-Jan-29-19:49:33.776162
0.7185205030005031,30013,25,1,0,0,0,0.0,0.0,2025-Jan-29-19:49:33.846311
0.9471794063316156,30014,25,1,1,0,1,0.0,1.9000000000000001,2025-Jan-29-19:49:33.919960
0.6298883869405699,30015,25,1,0,1,-1,1.9000000000000001,0.0,2025-Jan-29-19:49:34.004485
1.0735211430969913,30016,25,1,1,0,0,0.0,0.0,2025-Jan-29-19:49:34.048433
0.7185205030005031,30017,25,1,0,0,0,0.0,0.0,2025-Jan-29-19:49:34.095066
1.0735211430969913,30018,25,1,1,0,0,0.0,0.0,2025-Jan-29-19:49:34.139278
0.7561122308552579,30019,25,1,0,-1,0,0.0,0.0,2025-Jan-29-19:49:34.194807
0.9848890270480929,30020,25,1,1,1,-1,1.9000000000000001,0.0,2025-Jan-29-19:49:34.278629
0.629780506117975,30021,25,1,0,-1,1,0.0,1.9000000000000001,2025-Jan-29-19:49:34.362717
1.161059787788528,30022,25,1,1,0,-1,0.0,0.0,2025-Jan-29-19:49:34.418391
0.7561122308552579,30023,25,1,0,-1,0,0.0,0.0,2025-Jan-29-19:49:34.474183
0.6298883869405699,30024,25,1,0,1,-1,1.9000000000000001,0.0,2025-Jan-29-19:49:34.572685
0.7185205030005031,30025,25,1,0,0,0,0.0,0.0,2025-Jan-29-19:49:34.644058
1.1111128709475113,30026,25,1,1,-1,0,0.0,0.0,2025-Jan-29-19:49:34.744707
0.7185205030005031,30027,25,1,0,0,0,0.0,0.0,2025-Jan-29-19:49:34.805636
1.161059787788528,30028,25,1,1,0,-1,0.0,0.0,2025-Jan-29-19:49:34.863150
0.7185205030005031,30029,25,1,0,0,0,0.0,0.0,2025-Jan-29-19:49:34.906236
0.5423573219619376,30030,25,1,0,1,0,1.9000000000000001,0.0,2025-Jan-29-19:49:34.978314
0.7185205030005031,30031,25,1,0,0,0,0.0,0.0,2025-Jan-29-19:49:35.021611
1.0735211430969913,30032,25,1,1,0,0,0.0,0.0,2025-Jan-29-19:49:35.065526
0.5423573219619376,30033,25,1,0,1,0,1.9000000000000001,0.0,2025-Jan-29-19:49:35.137707
0.9471794063316156,30034,25,1,1,0,1,0.0,1.9000000000000001,2025-Jan-29-19:49:35.209784
0.7185205030005031,30035,25,1,0,0,0,0.0,0.0,2025-Jan-29-19:49:35.253073
0.5921787662199604,30036,25,1,0,0,1,0.0,1.9000000000000001,2025-Jan-29-19:49:35.325755
0.7185205030005031,30037,25,1,0,0,0,0.0,0.0,2025-Jan-29-19:49:35.369262
0.9471794063316156,30038,25,1,1,0,1,0.0,1.9000000000000001,2025-Jan-29-19:49:35.440829
0.7185205030005031,30039,25,1,0,0,0,0.0,0.0,2025-Jan-29-19:49:35.484182
0.7185205030005031,30040,25,1,0,0,0,0.0,0.0,2025-Jan-29-19:49:35.527283
1.0735211430969913,30041,25,1,1,0,0,0.0,0.0,2025-Jan-29-19:49:35.595774
0.9848890270480929,30042,25,1,1,1,-1,1.9000000000000001,0.0,2025-Jan-29-19:49:35.713989
0.4160201626761834,30043,25,1,0,1,1,1.9000000000000001,1.9000000000000001,2025-Jan-29-19:49:35.829758
0.8060591477019475,30044,25,1,0,0,-1,0.0,0.0,2025-Jan-29-19:49:35.897155
0.4160201626761834,30045,25,1,0,1,1,1.9000000000000001,1.9000000000000001,2025-Jan-29-19:49:35.998710
0.8973579620796409,30046,25,1,1,1,0,1.9000000000000001,0.0,2025-Jan-29-19:49:36.073313
0.7185205030005031,30047,25,1,0,0,0,0.0,0.0,2025-Jan-29-19:49:36.117793
1.1986569067802102,30048,25,1,1,-1,-1,0.0,0.0,2025-Jan-29-19:49:36.186035
0.5423573219619376,30049,25,1,0,1,0,1.9000000000000001,0.0,2025-Jan-29-19:49:36.258502
0.7185205030005031,30050,25,1,0,0,0,0.0,0.0,2025-Jan-29-19:49:36.301132
0.7185205030005031,30051,25,1,0,0,0,0.0,0.0,2025-Jan-29-19:49:36.344495
0.9848890270480929,30052,25,1,1,1,-1,1.9000000000000001,0.0,2025-Jan-29-19:49:36.427847
0.7185205030005031,30053,25,1,0,0,0,0.0,0.0,2025-Jan-29-19:49:36.471106
1.1111128709475113,30054,25,1,1,-1,0,0.0,0.0,2025-Jan-29-19:49:36.526838
0.8973579620796409,30055,25,1,1,1,0,1.9000000000000001,0.0,2025-Jan-29-19:49:36.616647
0.4160201626761834,30056,25,1,0,1,1,1.9000000000000001,1.9000000000000001,2025-Jan-29-19:49:36.736984
0.7185205030005031,30057,25,1,0,0,0,0.0,0.0,2025-Jan-29-19:49:36.784104
0.7185205030005031,30058,25,1,0,0,0,0.0,0.0,2025-Jan-29-19:49:36.830280
0.7185205030005031,30059,25,1,0,0,0,0.0,0.0,2025-Jan-29-19:49:36.873907
0.7185205030005031,30060,25,1,0,0,0,0.0,0.0,2025-Jan-29-19:49:36.917323
0.7185205030005031,30061,25,1,0,0,0,0.0,0.0,2025-Jan-29-19:49:36.960842
0.4160201626761834,30062,25,1,0,1,1,1.9000000000000001,1.9000000000000001,2025-Jan-29-19:49:37.055519
0.5921787662199604,30063,25,1,0,0,1,0.0,1.9000000000000001,2025-Jan-29-19:49:37.133855
0.4160201626761834,30064,25,1,0,1,1,1.9000000000000001,1.9000000000000001,2025-Jan-29-19:49:37.229565
0.7710208028095181,30065,25,1,1,1,1,1.9000000000000001,1.9000000000000001,2025-Jan-29-19:49:37.324024
0.5423573219619376,30066,25,1,0,1,0,1.9000000000000001,0.0,2025-Jan-29-19:49:37.396405
0.7185205030005031,30067,25,1,0,0,0,0.0,0.0,2025-Jan-29-19:49:37.439743
0.7185205030005031,30068,25,1,0,0,0,0.0,0.0,2025-Jan-29-19:49:37.482796
0.629780506117975,30069,25,1,0,-1,1,0.0,1.9000000000000001,2025-Jan-29-19:49:37.581481
0.7185205030005031,30070,25,1,0,0,0,0.0,0.0,2025-Jan-29-19:49:37.654291
0.7185205030005031,30071,25,1,0,0,0,0.0,0.0,2025-Jan-29-19:49:37.719729
0.7185205030005031,30072,25,1,0,0,0,0.0,0.0,2025-Jan-29-19:49:37.782532
0.7185205030005031,30073,25,1,0,0,0,0.0,0.0,2025-Jan-29-19:49:37.828191
0.7185205030005031,30074,25,1,0,0,0,0.0,0.0,2025-Jan-29-19:49:37.873907
0.7185205030005031,30075,25,1,0,0,0,0.0,0.0,2025-Jan-29-19:49:37.918526
0.7185205030005031,30076,25,1,0,0,0,0.0,0.0,2025-Jan-29-19:49:37.961636
0.7185205030005031,30077,25,1,0,0,0,0.0,0.0,2025-Jan-29-19:49:38.004632
0.7185205030005031,30078,25,1,0,0,0,0.0,0.0,2025-Jan-29-19:49:38.047867
0.5423573219619376,30079,25,1,0,1,0,1.9000000000000001,0.0,2025-Jan-29-19:49:38.121400
0.4160201626761834,30080,25,1,0,1,1,1.9000000000000001,1.9000000000000001,2025-Jan-29-19:49:38.216816
0.7185205030005031,30081,25,1,0,0,0,0.0,0.0,2025-Jan-29-19:49:38.260244
0.7185205030005031,30082,25,1,0,0,0,0.0,0.0,2025-Jan-29-19:49:38.303642
0.7185205030005031,30083,25,1,0,0,0,0.0,0.0,2025-Jan-29-19:49:38.346698
0.7185205030005031,30084,25,1,0,0,0,0.0,0.0,2025-Jan-29-19:49:38.389929
0.8973579620796409,30085,25,1,1,1,0,1.9000000000000001,0.0,2025-Jan-29-19:49:38.461157
0.7185205030005031,30086,25,1,0,0,0,0.0,0.0,2025-Jan-29-19:49:38.503885
0.7185205030005031,30087,25,1,0,0,0,0.0,0.0,2025-Jan-29-19:49:38.546722
0.7185205030005031,30088,25,1,0,0,0,0.0,0.0,2025-Jan-29-19:49:38.638139
0.7185205030005031,30089,25,1,0,0,0,0.0,0.0,2025-Jan-29-19:49:38.713596
0.9760242519712691,30090,25,1,1,-1,1,0.0,1.9000000000000001,2025-Jan-29-19:49:39.068738
0.7185205030005031,30091,25,1,0,0,0,0.0,0.0,2025-Jan-29-19:49:39.113293
0.7185205030005031,30092,25,1,0,0,0,0.0,0.0,2025-Jan-29-19:49:39.156585
0.7185205030005031,30093,25,1,0,0,0,0.0,0.0,2025-Jan-29-19:49:39.198929
0.7185205030005031,30094,25,1,0,0,0,0.0,0.0,2025-Jan-29-19:49:39.241344
0.5423573219619376,30095,25,1,0,1,0,1.9000000000000001,0.0,2025-Jan-29-19:49:39.312360
0.7185205030005031,30096,25,1,0,0,0,0.0,0.0,2025-Jan-29-19:49:39.354954
0.7185205030005031,30097,25,1,0,0,0,0.0,0.0,2025-Jan-29-19:49:39.397166
0.7185205030005031,30098,25,1,0,0,0,0.0,0.0,2025-Jan-29-19:49:39.439503
0.7185205030005031,30099,25,1,0,0,0,0.0,0.0,2025-Jan-29-19:49:39.481788
0.7185205030005031,30100,25,1,0,0,0,0.0,0.0,2025-Jan-29-19:49:39.524472
0.7185205030005031,30101,25,1,0,0,0,0.0,0.0,2025-Jan-29-19:49:39.588613
0.7185205030005031,30102,25,1,0,0,0,0.0,0.0,2025-Jan-29-19:49:39.655974
0.5423573219619376,30103,25,1,0,1,0,1.9000000000000001,0.0,2025-Jan-29-19:49:39.760596
0.7185205030005031,30104,25,1,0,0,0,0.0,0.0,2025-Jan-29-19:49:39.805702
0.7185205030005031,30105,25,1,0,0,0,0.0,0.0,2025-Jan-29-19:49:39.847944
0.8973579620796409,30106,25,1,1,1,0,1.9000000000000001,0.0,2025-Jan-29-19:49:39.918898
0.7561122308552579,30107,25,1,0,-1,0,0.0,0.0,2025-Jan-29-19:49:39.976462
0.7185205030005031,30108,25,1,0,0,0,0.0,0.0,2025-Jan-29-19:49:40.019869
0.7185205030005031,30109,25,1,0,0,0,0.0,0.0,2025-Jan-29-19:49:40.062016
0.7185205030005031,30110,25,1,0,0,0,0.0,0.0,2025-Jan-29-19:49:40.105993
0.7185205030005031,30111,25,1,0,0,0,0.0,0.0,2025-Jan-29-19:49:40.148580
0.4160201626761834,30112,25,1,0,1,1,1.9000000000000001,1.9000000000000001,2025-Jan-29-19:49:40.242398
0.4160201626761834,30113,25,1,0,1,1,1.9000000000000001,1.9000000000000001,2025-Jan-29-19:49:40.336395
0.7185205030005031,30114,25,1,0,0,0,0.0,0.0,2025-Jan-29-19:49:40.378718
0.4160201626761834,30115,25,1,0,1,1,1.9000000000000001,1.9000000000000001,2025-Jan-29-19:49:40.472656
0.7185205030005031,30116,25,1,0,0,0,0.0,0.0,2025-Jan-29-19:49:40.514921
0.7185205030005031,30117,25,1,0,0,0,0.0,0.0,2025-Jan-29-19:49:40.581185
0.7185205030005031,30118,25,1,0,0,0,0.0,0.0,2025-Jan-29-19:49:40.655295
0.7185205030005031,30119,25,1,0,0,0,0.0,0.0,2025-Jan-29-19:49:40.714980
0.7185205030005031,30120,25,1,0,0,0,0.0,0.0,2025-Jan-29-19:49:40.775489
0.7185205030005031,30121,25,1,0,0,0,0.0,0.0,2025-Jan-29-19:49:40.822452
0.7185205030005031,30122,25,1,0,0,0,0.0,0.0,2025-Jan-29-19:49:40.870012
0.7185205030005031,30123,25,1,0,0,0,0.0,0.0,2025-Jan-29-19:49:40.914646
0.7185205030005031,30124,25,1,0,0,0,0.0,0.0,2025-Jan-29-19:49:40.957961
0.7185205030005031,30125,25,1,0,0,0,0.0,0.0,2025-Jan-29-19:49:41.000997
0.7185205030005031,30126,25,1,0,0,0,0.0,0.0,2025-Jan-29-19:49:41.044003
0.7185205030005031,30127,25,1,0,0,0,0.0,0.0,2025-Jan-29-19:49:41.086724
0.5921787662199604,30128,25,1,0,0,1,0.0,1.9000000000000001,2025-Jan-29-19:49:41.158189
0.7185205030005031,30129,25,1,0,0,0,0.0,0.0,2025-Jan-29-19:49:41.200884
0.4160201626761834,30130,25,1,0,1,1,1.9000000000000001,1.9000000000000001,2025-Jan-29-19:49:41.296534
0.7185205030005031,30131,25,1,0,0,0,0.0,0.0,2025-Jan-29-19:49:41.339322
0.7185205030005031,30132,25,1,0,0,0,0.0,0.0,2025-Jan-29-19:49:41.382028
1.161059787788528,30133,25,1,1,0,-1,0.0,0.0,2025-Jan-29-19:49:41.437040
0.6298883869405699,30134,25,1,0,1,-1,1.9000000000000001,0.0,2025-Jan-29-19:49:41.519452
0.5921787662199604,30135,25,1,0,0,1,0.0,1.9000000000000001,2025-Jan-29-19:49:41.612350
0.7185205030005031,30136,25,1,0,0,0,0.0,0.0,2025-Jan-29-19:49:41.684146
0.6298883869405699,30137,25,1,0,1,-1,1.9000000000000001,0.0,2025-Jan-29-19:49:41.798627
0.7185205030005031,30138,25,1,0,0,0,0.0,0.0,2025-Jan-29-19:49:41.844437
1.1111128709475113,30139,25,1,1,-1,0,0.0,0.0,2025-Jan-29-19:49:41.899333
0.6298883869405699,30140,25,1,0,1,-1,1.9000000000000001,0.0,2025-Jan-29-19:49:41.982228
0.7185205030005031,30141,25,1,0,0,0,0.0,0.0,2025-Jan-29-19:49:42.026016
0.7185205030005031,30142,25,1,0,0,0,0.0,0.0,2025-Jan-29-19:49:42.070036
0.7185205030005031,30143,25,1,0,0,0,0.0,0.0,2025-Jan-29-19:49:42.116297
0.7561122308552579,30144,25,1,0,-1,0,0.0,0.0,2025-Jan-29-19:49:42.171829
0.8973579620796409,30145,25,1,1,1,0,1.9000000000000001,0.0,2025-Jan-29-19:49:42.242847
0.629780506117975,30146,25,1,0,-1,1,0.0,1.9000000000000001,2025-Jan-29-19:49:42.326346
0.7185205030005031,30147,25,1,0,0,0,0.0,0.0,2025-Jan-29-19:49:42.369090
1.1986569067802102,30148,25,1,1,-1,-1,0.0,0.0,2025-Jan-29-19:49:42.436638
0.8060591477019475,30149,25,1,0,0,-1,0.0,0.0,2025-Jan-29-19:49:42.495222
0.7185205030005031,30150,25,1,0,0,0,0.0,0.0,2025-Jan-29-19:49:42.540203
1.1111128709475113,30151,25,1,1,-1,0,0.0,0.0,2025-Jan-29-19:49:42.618981
0.7185205030005031,30152,25,1,0,0,0,0.0,0.0,2025-Jan-29-19:49:42.698226
0.9471794063316156,30153,25,1,1,0,1,0.0,1.9000000000000001,2025-Jan-29-19:49:42.797076
0.7185205030005031,30154,25,1,0,0,0,0.0,0.0,2025-Jan-29-19:49:42.842178
1.161059787788528,30155,25,1,1,0,-1,0.0,0.0,2025-Jan-29-19:49:42.900158
0.7185205030005031,30156,25,1,0,0,0,0.0,0.0,2025-Jan-29-19:49:42.943470
0.5921787662199604,30157,25,1,0,0,1,0.0,1.9000000000000001,2025-Jan-29-19:49:43.015263
0.5423573219619376,30158,25,1,0,1,0,1.9000000000000001,0.0,2025-Jan-29-19:49:43.086474
0.5423573219619376,30159,25,1,0,1,0,1.9000000000000001,0.0,2025-Jan-29-19:49:43.159293
0.7185205030005031,30160,25,1,0,0,0,0.0,0.0,2025-Jan-29-19:49:43.202643
1.1986569067802102,30161,25,1,1,-1,-1,0.0,0.0,2025-Jan-29-19:49:43.270388
0.7185205030005031,30162,25,1,0,0,0,0.0,0.0,2025-Jan-29-19:49:43.313162
0.9848890270480929,30163,25,1,1,1,-1,1.9000000000000001,0.0,2025-Jan-29-19:49:43.396513
0.7185205030005031,30164,25,1,0,0,0,0.0,0.0,2025-Jan-29-19:49:43.439582
0.7710208028095181,30165,25,1,1,1,1,1.9000000000000001,1.9000000000000001,2025-Jan-29-19:49:43.533585
0.7185205030005031,30166,25,1,0,0,0,0.0,0.0,2025-Jan-29-19:49:43.586881
0.5423573219619376,30167,25,1,0,1,0,1.9000000000000001,0.0,2025-Jan-29-19:49:43.677267
0.4160201626761834,30168,25,1,0,1,1,1.9000000000000001,1.9000000000000001,2025-Jan-29-19:49:43.801192
0.7185205030005031,30169,25,1,0,0,0,0.0,0.0,2025-Jan-29-19:49:43.846033
0.4160201626761834,30170,25,1,0,1,1,1.9000000000000001,1.9000000000000001,2025-Jan-29-19:49:43.943214
1.0735211430969913,30171,25,1,1,0,0,0.0,0.0,2025-Jan-29-19:49:43.986586
0.7185205030005031,30172,25,1,0,0,0,0.0,0.0,2025-Jan-29-19:49:44.030833
1.1111128709475113,30173,25,1,1,-1,0,0.0,0.0,2025-Jan-29-19:49:44.091865
0.5423573219619376,30174,25,1,0,1,0,1.9000000000000001,0.0,2025-Jan-29-19:49:44.165868
0.9471794063316156,30175,25,1,1,0,1,0.0,1.9000000000000001,2025-Jan-29-19:49:44.237812
0.7185205030005031,30176,25,1,0,0,0,0.0,0.0,2025-Jan-29-19:49:44.281811
0.9848890270480929,30177,25,1,1,1,-1,1.9000000000000001,0.0,2025-Jan-29-19:49:44.365275
0.7185205030005031,30178,25,1,0,0,0,0.0,0.0,2025-Jan-29-19:49:44.408387
1.161059787788528,30179,25,1,1,0,-1,0.0,0.0,2025-Jan-29-19:49:44.463555
0.8973579620796409,30180,25,1,1,1,0,1.9000000000000001,0.0,2025-Jan-29-19:49:44.534933
0.7185205030005031,30181,25,1,0,0,0,0.0,0.0,2025-Jan-29-19:49:44.593624
0.7561122308552579,30182,25,1,0,-1,0,0.0,0.0,2025-Jan-29-19:49:44.688951
0.7185205030005031,30183,25,1,0,0,0,0.0,0.0,2025-Jan-29-19:49:44.757356
0.7185205030005031,30184,25,1,0,0,0,0.0,0.0,2025-Jan-29-19:49:44.804597
0.7185205030005031,30185,25,1,0,0,0,0.0,0.0,2025-Jan-29-19:49:44.848611
0.7185205030005031,30186,25,1,0,0,0,0.0,0.0,2025-Jan-29-19:49:44.891808
0.4160201626761834,30187,25,1,0,1,1,1.9000000000000001,1.9000000000000001,2025-Jan-29-19:49:44.988471
0.5921787662199604,30188,25,1,0,0,1,0.0,1.9000000000000001,2025-Jan-29-19:49:45.060114
0.4160201626761834,30189,25,1,0,1,1,1.9000000000000001,1.9000000000000001,2025-Jan-29-19:49:45.157146
0.8436562666978078,30190,25,1,0,-1,-1,0.0,0.0,2025-Jan-29-19:49:45.225081
0.7185205030005031,30191,25,1,0,0,0,0.0,0.0,2025-Jan-29-19:49:45.268456
0.7185205030005031,30192,25,1,0,0,0,0.0,0.0,2025-Jan-29-19:49:45.310995
0.7185205030005031,30193,25,1,0,0,0,0.0,0.0,2025-Jan-29-19:49:45.619672
0.7185205030005031,30194,25,1,0,0,0,0.0,0.0,2025-Jan-29-19:49:45.692854
0.7185205030005031,30195,25,1,0,0,0,0.0,0.0,2025-Jan-29-19:49:45.766363
0.7185205030005031,30196,25,1,0,0,0,0.0,0.0,2025-Jan-29-19:49:45.830270
0.7185205030005031,30197,25,1,0,0,0,0.0,0.0,2025-Jan-29-19:49:45.874464
0.7185205030005031,30198,25,1,0,0,0,0.0,0.0,2025-Jan-29-19:49:45.917724
0.7185205030005031,30199,25,1,0,0,0,0.0,0.0,2025-Jan-29-19:49:45.961032
0.7185205030005031,30200,25,1,0,0,0,0.0,0.0,2025-Jan-29-19:49:46.004607
0.6298883869405699,30201,25,1,0,1,-1,1.9000000000000001,0.0,2025-Jan-29-19:49:46.090430
0.7185205030005031,30202,25,1,0,0,0,0.0,0.0,2025-Jan-29-19:49:46.135052
0.7185205030005031,30203,25,1,0,0,0,0.0,0.0,2025-Jan-29-19:49:46.178766
0.7185205030005031,30204,25,1,0,0,0,0.0,0.0,2025-Jan-29-19:49:46.222253
0.4160201626761834,30205,25,1,0,1,1,1.9000000000000001,1.9000000000000001,2025-Jan-29-19:49:46.323400
0.7185205030005031,30206,25,1,0,0,0,0.0,0.0,2025-Jan-29-19:49:46.369163
0.7185205030005031,30207,25,1,0,0,0,0.0,0.0,2025-Jan-29-19:49:46.412542
0.6298883869405699,30208,25,1,0,1,-1,1.9000000000000001,0.0,2025-Jan-29-19:49:46.496297
0.7185205030005031,30209,25,1,0,0,0,0.0,0.0,2025-Jan-29-19:49:46.539042
0.7185205030005031,30210,25,1,0,0,0,0.0,0.0,2025-Jan-29-19:49:46.601387
0.7185205030005031,30211,25,1,0,0,0,0.0,0.0,2025-Jan-29-19:49:46.675967
0.7185205030005031,30212,25,1,0,0,0,0.0,0.0,2025-Jan-29-19:49:46.749922
0.7185205030005031,30213,25,1,0,0,0,0.0,0.0,2025-Jan-29-19:49:46.809703
0.629780506117975,30214,25,1,0,-1,1,0.0,1.9000000000000001,2025-Jan-29-19:49:46.896778
0.7185205030005031,30215,25,1,0,0,0,0.0,0.0,2025-Jan-29-19:49:46.943630
0.7185205030005031,30216,25,1,0,0,0,0.0,0.0,2025-Jan-29-19:49:46.986943
0.7185205030005031,30217,25,1,0,0,0,0.0,0.0,2025-Jan-29-19:49:47.029641
0.7185205030005031,30218,25,1,0,0,0,0.0,0.0,2025-Jan-29-19:49:47.073525
0.7185205030005031,30219,25,1,0,0,0,0.0,0.0,2025-Jan-29-19:49:47.118599
0.5423573219619376,30220,25,1,0,1,0,1.9000000000000001,0.0,2025-Jan-29-19:49:47.198394
0.7185205030005031,30221,25,1,0,0,0,0.0,0.0,2025-Jan-29-19:49:47.243081
0.7561122308552579,30222,25,1,0,-1,0,0.0,0.0,2025-Jan-29-19:49:47.298598
0.7185205030005031,30223,25,1,0,0,0,0.0,0.0,2025-Jan-29-19:49:47.341322
1.0735211430969913,30224,25,1,1,0,0,0.0,0.0,2025-Jan-29-19:49:47.384239
0.7185205030005031,30225,25,1,0,0,0,0.0,0.0,2025-Jan-29-19:49:47.426850
0.7185205030005031,30226,25,1,0,0,0,0.0,0.0,2025-Jan-29-19:49:47.469390
0.7185205030005031,30227,25,1,0,0,0,0.0,0.0,2025-Jan-29-19:49:47.511767
0.5423573219619376,30228,25,1,0,1,0,1.9000000000000001,0.0,2025-Jan-29-19:49:47.600501
0.7185205030005031,30229,25,1,0,0,0,0.0,0.0,2025-Jan-29-19:49:47.680127
0.7185205030005031,30230,25,1,0,0,0,0.0,0.0,2025-Jan-29-19:49:47.755820
0.7185205030005031,30231,25,1,0,0,0,0.0,0.0,2025-Jan-29-19:49:47.805246
0.7185205030005031,30232,25,1,0,0,0,0.0,0.0,2025-Jan-29-19:49:47.848795
0.7185205030005031,30233,25,1,0,0,0,0.0,0.0,2025-Jan-29-19:49:47.892761
0.7185205030005031,30234,25,1,0,0,0,0.0,0.0,2025-Jan-29-19:49:47.935260
0.7185205030005031,30235,25,1,0,0,0,0.0,0.0,2025-Jan-29-19:49:47.978202
0.7185205030005031,30236,25,1,0,0,0,0.0,0.0,2025-Jan-29-19:49:48.020974
0.4160201626761834,30237,25,1,0,1,1,1.9000000000000001,1.9000000000000001,2025-Jan-29-19:49:48.116228
0.7185205030005031,30238,25,1,0,0,0,0.0,0.0,2025-Jan-29-19:49:48.159473
0.7185205030005031,30239,25,1,0,0,0,0.0,0.0,2025-Jan-29-19:49:48.202192
0.7185205030005031,30240,25,1,0,0,0,0.0,0.0,2025-Jan-29-19:49:48.245040
0.5423573219619376,30241,25,1,0,1,0,1.9000000000000001,0.0,2025-Jan-29-19:49:48.316105
0.7185205030005031,30242,25,1,0,0,0,0.0,0.0,2025-Jan-29-19:49:48.358702
0.7185205030005031,30243,25,1,0,0,0,0.0,0.0,2025-Jan-29-19:49:48.401530
0.629780506117975,30244,25,1,0,-1,1,0.0,1.9000000000000001,2025-Jan-29-19:49:48.485976
0.7185205030005031,30245,25,1,0,0,0,0.0,0.0,2025-Jan-29-19:49:48.529569
0.7185205030005031,30246,25,1,0,0,0,0.0,0.0,2025-Jan-29-19:49:48.583360
0.7185205030005031,30247,25,1,0,0,0,0.0,0.0,2025-Jan-29-19:49:48.655086
0.7185205030005031,30248,25,1,0,0,0,0.0,0.0,2025-Jan-29-19:49:48.735621
0.629780506117975,30249,25,1,0,-1,1,0.0,1.9000000000000001,2025-Jan-29-19:49:48.842731
0.7185205030005031,30250,25,1,0,0,0,0.0,0.0,2025-Jan-29-19:49:48.887363
0.6298883869405699,30251,25,1,0,1,-1,1.9000000000000001,0.0,2025-Jan-29-19:49:48.971505
0.7185205030005031,30252,25,1,0,0,0,0.0,0.0,2025-Jan-29-19:49:49.014771
0.5921787662199604,30253,25,1,0,0,1,0.0,1.9000000000000001,2025-Jan-29-19:49:49.085713
0.7185205030005031,30254,25,1,0,0,0,0.0,0.0,2025-Jan-29-19:49:49.128990
0.7185205030005031,30255,25,1,0,0,0,0.0,0.0,2025-Jan-29-19:49:49.172008
0.7185205030005031,30256,25,1,0,0,0,0.0,0.0,2025-Jan-29-19:49:49.214826
0.7185205030005031,30257,25,1,0,0,0,0.0,0.0,2025-Jan-29-19:49:49.257634
0.9471794063316156,30258,25,1,1,0,1,0.0,1.9000000000000001,2025-Jan-29-19:49:49.328510
0.6298883869405699,30259,25,1,0,1,-1,1.9000000000000001,0.0,2025-Jan-29-19:49:49.411643
0.7561122308552579,30260,25,1,0,-1,0,0.0,0.0,2025-Jan-29-19:49:49.466837
0.7185205030005031,30261,25,1,0,0,0,0.0,0.0,2025-Jan-29-19:49:49.511764
0.9471794063316156,30262,25,1,1,0,1,0.0,1.9000000000000001,2025-Jan-29-19:49:49.599936
0.7185205030005031,30263,25,1,0,0,0,0.0,0.0,2025-Jan-29-19:49:49.680293
0.8973579620796409,30264,25,1,1,1,0,1.9000000000000001,0.0,2025-Jan-29-19:49:49.778210
0.6298883869405699,30265,25,1,0,1,-1,1.9000000000000001,0.0,2025-Jan-29-19:49:49.865512
0.9848890270480929,30266,25,1,1,1,-1,1.9000000000000001,0.0,2025-Jan-29-19:49:49.949214
0.7185205030005031,30267,25,1,0,0,0,0.0,0.0,2025-Jan-29-19:49:49.992760
0.7185205030005031,30268,25,1,0,0,0,0.0,0.0,2025-Jan-29-19:49:50.035969
0.7561122308552579,30269,25,1,0,-1,0,0.0,0.0,2025-Jan-29-19:49:50.092872
0.5423573219619376,30270,25,1,0,1,0,1.9000000000000001,0.0,2025-Jan-29-19:49:50.166434
0.7561122308552579,30271,25,1,0,-1,0,0.0,0.0,2025-Jan-29-19:49:50.221639
1.1986569067802102,30272,25,1,1,-1,-1,0.0,0.0,2025-Jan-29-19:49:50.290382
0.7185205030005031,30273,25,1,0,0,0,0.0,0.0,2025-Jan-29-19:49:50.334029
1.0735211430969913,30274,25,1,1,0,0,0.0,0.0,2025-Jan-29-19:49:50.376950
0.7185205030005031,30275,25,1,0,0,0,0.0,0.0,2025-Jan-29-19:49:50.420198
0.9760242519712691,30276,25,1,1,-1,1,0.0,1.9000000000000001,2025-Jan-29-19:49:50.502946
0.7185205030005031,30277,25,1,0,0,0,0.0,0.0,2025-Jan-29-19:49:50.545846
0.9471794063316156,30278,25,1,1,0,1,0.0,1.9000000000000001,2025-Jan-29-19:49:50.651678
0.7185205030005031,30279,25,1,0,0,0,0.0,0.0,2025-Jan-29-19:49:50.727304
0.9471794063316156,30280,25,1,1,0,1,0.0,1.9000000000000001,2025-Jan-29-19:49:50.823806
0.7185205030005031,30281,25,1,0,0,0,0.0,0.0,2025-Jan-29-19:49:50.875459
0.4160201626761834,30282,25,1,0,1,1,1.9000000000000001,1.9000000000000001,2025-Jan-29-19:49:50.974744
0.5423573219619376,30283,25,1,0,1,0,1.9000000000000001,0.0,2025-Jan-29-19:49:51.047136
0.5921787662199604,30284,25,1,0,0,1,0.0,1.9000000000000001,2025-Jan-29-19:49:51.121571
0.7185205030005031,30285,25,1,0,0,0,0.0,0.0,2025-Jan-29-19:49:51.165072
1.1111128709475113,30286,25,1,1,-1,0,0.0,0.0,2025-Jan-29-19:49:51.472119
0.7185205030005031,30287,25,1,0,0,0,0.0,0.0,2025-Jan-29-19:49:51.516590
0.5423573219619376,30288,25,1,0,1,0,1.9000000000000001,0.0,2025-Jan-29-19:49:51.603989
0.7185205030005031,30289,25,1,0,0,0,0.0,0.0,2025-Jan-29-19:49:51.684225
0.7561122308552579,30290,25,1,0,-1,0,0.0,0.0,2025-Jan-29-19:49:51.781026
1.0735211430969913,30291,25,1,1,0,0,0.0,0.0,2025-Jan-29-19:49:51.829115
0.7185205030005031,30292,25,1,0,0,0,0.0,0.0,2025-Jan-29-19:49:51.873806
0.4160201626761834,30293,25,1,0,1,1,1.9000000000000001,1.9000000000000001,2025-Jan-29-19:49:51.970775
0.8060591477019475,30294,25,1,0,0,-1,0.0,0.0,2025-Jan-29-19:49:52.028556
0.4160201626761834,30295,25,1,0,1,1,1.9000000000000001,1.9000000000000001,2025-Jan-29-19:49:52.125891
0.9471794063316156,30296,25,1,1,0,1,0.0,1.9000000000000001,2025-Jan-29-19:49:52.200699
0.7185205030005031,30297,25,1,0,0,0,0.0,0.0,2025-Jan-29-19:49:52.246076
0.7185205030005031,30298,25,1,0,0,0,0.0,0.0,2025-Jan-29-19:49:52.291379
0.5423573219619376,30299,25,1,0,1,0,1.9000000000000001,0.0,2025-Jan-29-19:49:52.365345
0.8060591477019475,30300,25,1,0,0,-1,0.0,0.0,2025-Jan-29-19:49:52.423060
0.7185205030005031,30301,25,1,0,0,0,0.0,0.0,2025-Jan-29-19:49:52.469234
0.7185205030005031,30302,25,1,0,0,0,0.0,0.0,2025-Jan-29-19:49:52.514045
0.8060591477019475,30303,25,1,0,0,-1,0.0,0.0,2025-Jan-29-19:49:52.592054
0.6298883869405699,30304,25,1,0,1,-1,1.9000000000000001,0.0,2025-Jan-29-19:49:52.724943
0.7185205030005031,30305,25,1,0,0,0,0.0,0.0,2025-Jan-29-19:49:52.797554
0.7561122308552579,30306,25,1,0,-1,0,0.0,0.0,2025-Jan-29-19:49:52.856883
0.7185205030005031,30307,25,1,0,0,0,0.0,0.0,2025-Jan-29-19:49:52.902282
0.7185205030005031,30308,25,1,0,0,0,0.0,0.0,2025-Jan-29-19:49:52.948161
0.7185205030005031,30309,25,1,0,0,0,0.0,0.0,2025-Jan-29-19:49:52.993462
0.7185205030005031,30310,25,1,0,0,0,0.0,0.0,2025-Jan-29-19:49:53.039130
0.7185205030005031,30311,25,1,0,0,0,0.0,0.0,2025-Jan-29-19:49:53.085038
0.4160201626761834,30312,25,1,0,1,1,1.9000000000000001,1.9000000000000001,2025-Jan-29-19:49:53.181617
0.5921787662199604,30313,25,1,0,0,1,0.0,1.9000000000000001,2025-Jan-29-19:49:53.256122
0.4160201626761834,30314,25,1,0,1,1,1.9000000000000001,1.9000000000000001,2025-Jan-29-19:49:53.352868
0.4160201626761834,30315,25,1,0,1,1,1.9000000000000001,1.9000000000000001,2025-Jan-29-19:49:53.451549
0.5423573219619376,30316,25,1,0,1,0,1.9000000000000001,0.0,2025-Jan-29-19:49:53.526640
0.7185205030005031,30317,25,1,0,0,0,0.0,0.0,2025-Jan-29-19:49:53.585719
0.7185205030005031,30318,25,1,0,0,0,0.0,0.0,2025-Jan-29-19:49:53.665301
0.629780506117975,30319,25,1,0,-1,1,0.0,1.9000000000000001,2025-Jan-29-19:49:53.802424
0.7185205030005031,30320,25,1,0,0,0,0.0,0.0,2025-Jan-29-19:49:53.851376
0.4160201626761834,30321,25,1,0,1,1,1.9000000000000001,1.9000000000000001,2025-Jan-29-19:49:53.950207
1.1986569067802102,30322,25,1,1,-1,-1,0.0,0.0,2025-Jan-29-19:49:54.021110
0.7185205030005031,30323,25,1,0,0,0,0.0,0.0,2025-Jan-29-19:49:54.065383
0.629780506117975,30324,25,1,0,-1,1,0.0,1.9000000000000001,2025-Jan-29-19:49:54.152197
0.7185205030005031,30325,25,1,0,0,0,0.0,0.0,2025-Jan-29-19:49:54.196004
0.6298883869405699,30326,25,1,0,1,-1,1.9000000000000001,0.0,2025-Jan-29-19:49:54.282664
0.7185205030005031,30327,25,1,0,0,0,0.0,0.0,2025-Jan-29-19:49:54.327736
0.5921787662199604,30328,25,1,0,0,1,0.0,1.9000000000000001,2025-Jan-29-19:49:54.402670
0.5423573219619376,30329,25,1,0,1,0,1.9000000000000001,0.0,2025-Jan-29-19:49:54.478880
0.4160201626761834,30330,25,1,0,1,1,1.9000000000000001,1.9000000000000001,2025-Jan-29-19:49:54.599613
0.7185205030005031,30331,25,1,0,0,0,0.0,0.0,2025-Jan-29-19:49:54.681426
0.7185205030005031,30332,25,1,0,0,0,0.0,0.0,2025-Jan-29-19:49:54.773195
0.7185205030005031,30333,25,1,0,0,0,0.0,0.0,2025-Jan-29-19:49:54.840285
0.7185205030005031,30334,25,1,0,0,0,0.0,0.0,2025-Jan-29-19:49:54.886961
0.7185205030005031,30335,25,1,0,0,0,0.0,0.0,2025-Jan-29-19:49:54.932793
0.7185205030005031,30336,25,1,0,0,0,0.0,0.0,2025-Jan-29-19:49:54.977181
0.7185205030005031,30337,25,1,0,0,0,0.0,0.0,2025-Jan-29-19:49:55.021849
0.7185205030005031,30338,25,1,0,0,0,0.0,0.0,2025-Jan-29-19:49:55.066099
0.7185205030005031,30339,25,1,0,0,0,0.0,0.0,2025-Jan-29-19:49:55.110589
0.7185205030005031,30340,25,1,0,0,0,0.0,0.0,2025-Jan-29-19:49:55.156023
0.7185205030005031,30341,25,1,0,0,0,0.0,0.0,2025-Jan-29-19:49:55.200521
0.7185205030005031,30342,25,1,0,0,0,0.0,0.0,2025-Jan-29-19:49:55.244891
0.7185205030005031,30343,25,1,0,0,0,0.0,0.0,2025-Jan-29-19:49:55.288928
0.7185205030005031,30344,25,1,0,0,0,0.0,0.0,2025-Jan-29-19:49:55.333026
0.5423573219619376,30345,25,1,0,1,0,1.9000000000000001,0.0,2025-Jan-29-19:49:55.406301
0.7185205030005031,30346,25,1,0,0,0,0.0,0.0,2025-Jan-29-19:49:55.450357
0.7185205030005031,30347,25,1,0,0,0,0.0,0.0,2025-Jan-29-19:49:55.494185
0.7185205030005031,30348,25,1,0,0,0,0.0,0.0,2025-Jan-29-19:49:55.538172
0.7185205030005031,30349,25,1,0,0,0,0.0,0.0,2025-Jan-29-19:49:55.603452
0.7185205030005031,30350,25,1,0,0,0,0.0,0.0,2025-Jan-29-19:49:55.676109
0.7185205030005031,30351,25,1,0,0,0,0.0,0.0,2025-Jan-29-19:49:55.756674
0.7185205030005031,30352,25,1,0,0,0,0.0,0.0,2025-Jan-29-19:49:55.820544
0.7185205030005031,30353,25,1,0,0,0,0.0,0.0,2025-Jan-29-19:49:55.868058
0.7185205030005031,30354,25,1,0,0,0,0.0,0.0,2025-Jan-29-19:49:55.913506
0.7185205030005031,30355,25,1,0,0,0,0.0,0.0,2025-Jan-29-19:49:55.959451
0.7185205030005031,30356,25,1,0,0,0,0.0,0.0,2025-Jan-29-19:49:56.004490
0.7185205030005031,30357,25,1,0,0,0,0.0,0.0,2025-Jan-29-19:49:56.048753
