Cost,Sim,Switch_State_Indx,Gen1_on,Gen2_on,Batt1_mode,Batt2_mode,Batt1_power_kW,Batt2_power_kW,Timestamp
0.9471794063316156,30358,25,1,1,0,1,0.0,1.9000000000000001,2025-Jan-29-19:49:56.125341
0.8973579620796409,30359,25,1,1,1,0,1.9000000000000001,0.0,2025-Jan-29-19:49:56.200729
0.629780506117975,30360,25,1,0,-1,1,0.0,1.9000000000000001,2025-Jan-29-19:49:56.288444
0.7561122308552579,30361,25,1,0,-1,0,0.0,0.0,2025-Jan-29-19:49:56.346300
1.0735211430969913,30362,25,1,1,0,0,0.0,0.0,2025-Jan-29-19:49:56.391037
1.0735211430969913,30363,25,1,1,0,0,0.0,0.0,2025-Jan-29-19:49:56.435689
0.5423573219619376,30364,25,1,0,1,0,1.9000000000000001,0.0,2025-Jan-29-19:49:56.509830
0.7561122308552579,30365,25,1,0,-1,0,0.0,0.0,2025-Jan-29-19:49:56.600771
0.9760242519712691,30366,25,1,1,-1,1,0.0,1.9000000000000001,2025-Jan-29-19:49:56.738373
1.0735211430969913,30367,25,1,1,0,0,0.0,0.0,2025-Jan-29-19:49:56.804449
0.8973579620796409,30368,25,1,1,1,0,1.9000000000000001,0.0,2025-Jan-29-19:49:56.886269
1.1111128709475113,30369,25,1,1,-1,0,0.0,0.0,2025-Jan-29-19:49:56.948138
0.7710208028095181,30370,25,1,1,1,1,1.9000000000000001,1.9000000000000001,2025-Jan-29-19:49:57.049628
0.5423573219619376,30371,25,1,0,1,0,1.9000000000000001,0.0,2025-Jan-29-19:49:57.125629
0.7185205030005031,30372,25,1,0,0,0,0.0,0.0,2025-Jan-29-19:49:57.170900
0.8060591477019475,30373,25,1,0,0,-1,0.0,0.0,2025-Jan-29-19:49:57.228971
0.8973579620796409,30374,25,1,1,1,0,1.9000000000000001,0.0,2025-Jan-29-19:49:57.304512
0.7185205030005031,30375,25,1,0,0,0,0.0,0.0,2025-Jan-29-19:49:57.757121
1.161059787788528,30376,25,1,1,0,-1,0.0,0.0,2025-Jan-29-19:49:57.861327
0.9471794063316156,30377,25,1,1,0,1,0.0,1.9000000000000001,2025-Jan-29-19:49:57.954386
0.8436562666978078,30378,25,1,0,-1,-1,0.0,0.0,2025-Jan-29-19:49:58.023865
0.7185205030005031,30379,25,1,0,0,0,0.0,0.0,2025-Jan-29-19:49:58.067832
0.4160201626761834,30380,25,1,0,1,1,1.9000000000000001,1.9000000000000001,2025-Jan-29-19:49:58.169236
0.8973579620796409,30381,25,1,1,1,0,1.9000000000000001,0.0,2025-Jan-29-19:49:58.242427
0.5921787662199604,30382,25,1,0,0,1,0.0,1.9000000000000001,2025-Jan-29-19:49:58.314432
0.8973579620796409,30383,25,1,1,1,0,1.9000000000000001,0.0,2025-Jan-29-19:49:58.385571
0.6298883869405699,30384,25,1,0,1,-1,1.9000000000000001,0.0,2025-Jan-29-19:49:58.468882
1.1111128709475113,30385,25,1,1,-1,0,0.0,0.0,2025-Jan-29-19:49:58.524039
1.1111128709475113,30386,25,1,1,-1,0,0.0,0.0,2025-Jan-29-19:49:58.579303
0.5921787662199604,30387,25,1,0,0,1,0.0,1.9000000000000001,2025-Jan-29-19:49:58.670161
0.8973579620796409,30388,25,1,1,1,0,1.9000000000000001,0.0,2025-Jan-29-19:49:58.768295
1.0735211430969913,30389,25,1,1,0,0,0.0,0.0,2025-Jan-29-19:49:58.839707
0.8060591477019475,30390,25,1,0,0,-1,0.0,0.0,2025-Jan-29-19:49:58.898769
0.629780506117975,30391,25,1,0,-1,1,0.0,1.9000000000000001,2025-Jan-29-19:49:58.985230
0.9760242519712691,30392,25,1,1,-1,1,0.0,1.9000000000000001,2025-Jan-29-19:49:59.069093
0.8060591477019475,30393,25,1,0,0,-1,0.0,0.0,2025-Jan-29-19:49:59.124576
1.1111128709475113,30394,25,1,1,-1,0,0.0,0.0,2025-Jan-29-19:49:59.181636
0.8973579620796409,30395,25,1,1,1,0,1.9000000000000001,0.0,2025-Jan-29-19:49:59.252779
0.7561122308552579,30396,25,1,0,-1,0,0.0,0.0,2025-Jan-29-19:49:59.307844
0.629780506117975,30397,25,1,0,-1,1,0.0,1.9000000000000001,2025-Jan-29-19:49:59.391807
0.7710208028095181,30398,25,1,1,1,1,1.9000000000000001,1.9000000000000001,2025-Jan-29-19:49:59.486131
1.1986569067802102,30399,25,1,1,-1,-1,0.0,0.0,2025-Jan-29-19:49:59.553823
0.7561122308552579,30400,25,1,0,-1,0,0.0,0.0,2025-Jan-29-19:49:59.634420
1.1986569067802102,30401,25,1,1,-1,-1,0.0,0.0,2025-Jan-29-19:49:59.739486
0.8436562666978078,30402,25,1,0,-1,-1,0.0,0.0,2025-Jan-29-19:49:59.832322
0.9760242519712691,30403,25,1,1,-1,1,0.0,1.9000000000000001,2025-Jan-29-19:49:59.919721
0.5921787662199604,30404,25,1,0,0,1,0.0,1.9000000000000001,2025-Jan-29-19:49:59.991222
0.9760242519712691,30405,25,1,1,-1,1,0.0,1.9000000000000001,2025-Jan-29-19:50:00.080087
1.161059787788528,30406,25,1,1,0,-1,0.0,0.0,2025-Jan-29-19:50:00.137162
0.7561122308552579,30407,25,1,0,-1,0,0.0,0.0,2025-Jan-29-19:50:00.193871
0.9471794063316156,30408,25,1,1,0,1,0.0,1.9000000000000001,2025-Jan-29-19:50:00.266609
0.5423573219619376,30409,25,1,0,1,0,1.9000000000000001,0.0,2025-Jan-29-19:50:00.338512
0.629780506117975,30410,25,1,0,-1,1,0.0,1.9000000000000001,2025-Jan-29-19:50:00.422707
0.7561122308552579,30411,25,1,0,-1,0,0.0,0.0,2025-Jan-29-19:50:00.478647
0.7185205030005031,30412,25,1,0,0,0,0.0,0.0,2025-Jan-29-19:50:00.521627
0.7185205030005031,30413,25,1,0,0,0,0.0,0.0,2025-Jan-29-19:50:00.587135
0.5423573219619376,30414,25,1,0,1,0,1.9000000000000001,0.0,2025-Jan-29-19:50:00.692052
0.7561122308552579,30415,25,1,0,-1,0,0.0,0.0,2025-Jan-29-19:50:00.776345
0.9760242519712691,30416,25,1,1,-1,1,0.0,1.9000000000000001,2025-Jan-29-19:50:00.870653
1.0735211430969913,30417,25,1,1,0,0,0.0,0.0,2025-Jan-29-19:50:00.916492
0.8973579620796409,30418,25,1,1,1,0,1.9000000000000001,0.0,2025-Jan-29-19:50:00.988060
0.7561122308552579,30419,25,1,0,-1,0,0.0,0.0,2025-Jan-29-19:50:01.043411
0.7710208028095181,30420,25,1,1,1,1,1.9000000000000001,1.9000000000000001,2025-Jan-29-19:50:01.145709
0.5423573219619376,30421,25,1,0,1,0,1.9000000000000001,0.0,2025-Jan-29-19:50:01.218115
0.7185205030005031,30422,25,1,0,0,0,0.0,0.0,2025-Jan-29-19:50:01.261346
0.8060591477019475,30423,25,1,0,0,-1,0.0,0.0,2025-Jan-29-19:50:01.322045
0.5423573219619376,30424,25,1,0,1,0,1.9000000000000001,0.0,2025-Jan-29-19:50:01.406765
0.7185205030005031,30425,25,1,0,0,0,0.0,0.0,2025-Jan-29-19:50:01.457184
1.161059787788528,30426,25,1,1,0,-1,0.0,0.0,2025-Jan-29-19:50:01.522754
0.9471794063316156,30427,25,1,1,0,1,0.0,1.9000000000000001,2025-Jan-29-19:50:01.629454
0.8436562666978078,30428,25,1,0,-1,-1,0.0,0.0,2025-Jan-29-19:50:01.746615
0.7185205030005031,30429,25,1,0,0,0,0.0,0.0,2025-Jan-29-19:50:01.812578
0.4160201626761834,30430,25,1,0,1,1,1.9000000000000001,1.9000000000000001,2025-Jan-29-19:50:01.910215
0.5423573219619376,30431,25,1,0,1,0,1.9000000000000001,0.0,2025-Jan-29-19:50:01.982746
0.5921787662199604,30432,25,1,0,0,1,0.0,1.9000000000000001,2025-Jan-29-19:50:02.055373
0.5423573219619376,30433,25,1,0,1,0,1.9000000000000001,0.0,2025-Jan-29-19:50:02.135085
0.6298883869405699,30434,25,1,0,1,-1,1.9000000000000001,0.0,2025-Jan-29-19:50:02.230932
1.1111128709475113,30435,25,1,1,-1,0,0.0,0.0,2025-Jan-29-19:50:02.288878
0.7561122308552579,30436,25,1,0,-1,0,0.0,0.0,2025-Jan-29-19:50:02.344485
0.5921787662199604,30437,25,1,0,0,1,0.0,1.9000000000000001,2025-Jan-29-19:50:02.416418
0.8973579620796409,30438,25,1,1,1,0,1.9000000000000001,0.0,2025-Jan-29-19:50:02.487522
1.0735211430969913,30439,25,1,1,0,0,0.0,0.0,2025-Jan-29-19:50:02.530636
0.8060591477019475,30440,25,1,0,0,-1,0.0,0.0,2025-Jan-29-19:50:02.599375
0.629780506117975,30441,25,1,0,-1,1,0.0,1.9000000000000001,2025-Jan-29-19:50:02.713490
0.9760242519712691,30442,25,1,1,-1,1,0.0,1.9000000000000001,2025-Jan-29-19:50:02.817932
0.8060591477019475,30443,25,1,0,0,-1,0.0,0.0,2025-Jan-29-19:50:02.876620
0.7561122308552579,30444,25,1,0,-1,0,0.0,0.0,2025-Jan-29-19:50:02.932162
0.8973579620796409,30445,25,1,1,1,0,1.9000000000000001,0.0,2025-Jan-29-19:50:03.003371
0.7561122308552579,30446,25,1,0,-1,0,0.0,0.0,2025-Jan-29-19:50:03.058902
0.629780506117975,30447,25,1,0,-1,1,0.0,1.9000000000000001,2025-Jan-29-19:50:03.143498
0.7710208028095181,30448,25,1,1,1,1,1.9000000000000001,1.9000000000000001,2025-Jan-29-19:50:03.240289
1.1986569067802102,30449,25,1,1,-1,-1,0.0,0.0,2025-Jan-29-19:50:03.308843
0.7561122308552579,30450,25,1,0,-1,0,0.0,0.0,2025-Jan-29-19:50:03.364930
0.8436562666978078,30451,25,1,0,-1,-1,0.0,0.0,2025-Jan-29-19:50:03.433048
0.8436562666978078,30452,25,1,0,-1,-1,0.0,0.0,2025-Jan-29-19:50:03.500484
0.629780506117975,30453,25,1,0,-1,1,0.0,1.9000000000000001,2025-Jan-29-19:50:03.613112
0.5921787662199604,30454,25,1,0,0,1,0.0,1.9000000000000001,2025-Jan-29-19:50:03.725484
0.629780506117975,30455,25,1,0,-1,1,0.0,1.9000000000000001,2025-Jan-29-19:50:03.830202
1.161059787788528,30456,25,1,1,0,-1,0.0,0.0,2025-Jan-29-19:50:03.886808
0.7561122308552579,30457,25,1,0,-1,0,0.0,0.0,2025-Jan-29-19:50:03.942631
0.9471794063316156,30458,25,1,1,0,1,0.0,1.9000000000000001,2025-Jan-29-19:50:04.013720
0.8973579620796409,30459,25,1,1,1,0,1.9000000000000001,0.0,2025-Jan-29-19:50:04.087926
1.1986569067802102,30460,25,1,1,-1,-1,0.0,0.0,2025-Jan-29-19:50:04.157843
0.7185205030005031,30461,25,1,0,0,0,0.0,0.0,2025-Jan-29-19:50:04.202338
0.7185205030005031,30462,25,1,0,0,0,0.0,0.0,2025-Jan-29-19:50:04.246129
0.7185205030005031,30463,25,1,0,0,0,0.0,0.0,2025-Jan-29-19:50:04.291801
0.8436562666978078,30464,25,1,0,-1,-1,0.0,0.0,2025-Jan-29-19:50:04.359421
0.7185205030005031,30465,25,1,0,0,0,0.0,0.0,2025-Jan-29-19:50:04.404021
0.7185205030005031,30466,25,1,0,0,0,0.0,0.0,2025-Jan-29-19:50:04.446968
0.7561122308552579,30467,25,1,0,-1,0,0.0,0.0,2025-Jan-29-19:50:04.502384
0.629780506117975,30468,25,1,0,-1,1,0.0,1.9000000000000001,2025-Jan-29-19:50:04.614805
0.7561122308552579,30469,25,1,0,-1,0,0.0,0.0,2025-Jan-29-19:50:04.699775
0.7185205030005031,30470,25,1,0,0,0,0.0,0.0,2025-Jan-29-19:50:04.759800
1.0735211430969913,30471,25,1,1,0,0,0.0,0.0,2025-Jan-29-19:50:04.805129
0.7710208028095181,30472,25,1,1,1,1,1.9000000000000001,1.9000000000000001,2025-Jan-29-19:50:04.901260
0.8973579620796409,30473,25,1,1,1,0,1.9000000000000001,0.0,2025-Jan-29-19:50:04.972315
0.4160201626761834,30474,25,1,0,1,1,1.9000000000000001,1.9000000000000001,2025-Jan-29-19:50:05.068038
0.5423573219619376,30475,25,1,0,1,0,1.9000000000000001,0.0,2025-Jan-29-19:50:05.384933
0.5423573219619376,30476,25,1,0,1,0,1.9000000000000001,0.0,2025-Jan-29-19:50:05.457706
0.5423573219619376,30477,25,1,0,1,0,1.9000000000000001,0.0,2025-Jan-29-19:50:05.528919
0.5423573219619376,30478,25,1,0,1,0,1.9000000000000001,0.0,2025-Jan-29-19:50:05.616943
0.5423573219619376,30479,25,1,0,1,0,1.9000000000000001,0.0,2025-Jan-29-19:50:05.718973
0.8973579620796409,30480,25,1,1,1,0,1.9000000000000001,0.0,2025-Jan-29-19:50:05.814016
0.5921787662199604,30481,25,1,0,0,1,0.0,1.9000000000000001,2025-Jan-29-19:50:05.886890
0.5921787662199604,30482,25,1,0,0,1,0.0,1.9000000000000001,2025-Jan-29-19:50:05.958234
0.5921787662199604,30483,25,1,0,0,1,0.0,1.9000000000000001,2025-Jan-29-19:50:06.029489
0.629780506117975,30484,25,1,0,-1,1,0.0,1.9000000000000001,2025-Jan-29-19:50:06.114931
0.629780506117975,30485,25,1,0,-1,1,0.0,1.9000000000000001,2025-Jan-29-19:50:06.201216
0.629780506117975,30486,25,1,0,-1,1,0.0,1.9000000000000001,2025-Jan-29-19:50:06.287238
0.629780506117975,30487,25,1,0,-1,1,0.0,1.9000000000000001,2025-Jan-29-19:50:06.371031
0.9760242519712691,30488,25,1,1,-1,1,0.0,1.9000000000000001,2025-Jan-29-19:50:06.454219
0.6298883869405699,30489,25,1,0,1,-1,1.9000000000000001,0.0,2025-Jan-29-19:50:06.538304
0.7185205030005031,30490,25,1,0,0,0,0.0,0.0,2025-Jan-29-19:50:06.599523
0.7185205030005031,30491,25,1,0,0,0,0.0,0.0,2025-Jan-29-19:50:06.677878
0.7185205030005031,30492,25,1,0,0,0,0.0,0.0,2025-Jan-29-19:50:06.755215
0.7185205030005031,30493,25,1,0,0,0,0.0,0.0,2025-Jan-29-19:50:06.807841
0.7185205030005031,30494,25,1,0,0,0,0.0,0.0,2025-Jan-29-19:50:06.853088
0.7561122308552579,30495,25,1,0,-1,0,0.0,0.0,2025-Jan-29-19:50:06.908246
0.7561122308552579,30496,25,1,0,-1,0,0.0,0.0,2025-Jan-29-19:50:06.963308
0.7561122308552579,30497,25,1,0,-1,0,0.0,0.0,2025-Jan-29-19:50:07.018539
0.7561122308552579,30498,25,1,0,-1,0,0.0,0.0,2025-Jan-29-19:50:07.073830
0.7561122308552579,30499,25,1,0,-1,0,0.0,0.0,2025-Jan-29-19:50:07.129720
0.7561122308552579,30500,25,1,0,-1,0,0.0,0.0,2025-Jan-29-19:50:07.185093
0.7561122308552579,30501,25,1,0,-1,0,0.0,0.0,2025-Jan-29-19:50:07.241329
0.7561122308552579,30502,25,1,0,-1,0,0.0,0.0,2025-Jan-29-19:50:07.296345
0.4160201626761834,30503,25,1,0,1,1,1.9000000000000001,1.9000000000000001,2025-Jan-29-19:50:07.391292
0.7710208028095181,30504,25,1,1,1,1,1.9000000000000001,1.9000000000000001,2025-Jan-29-19:50:07.485035
0.8060591477019475,30505,25,1,0,0,-1,0.0,0.0,2025-Jan-29-19:50:07.540046
0.8060591477019475,30506,25,1,0,0,-1,0.0,0.0,2025-Jan-29-19:50:07.618214
0.8060591477019475,30507,25,1,0,0,-1,0.0,0.0,2025-Jan-29-19:50:07.713102
0.8436562666978078,30508,25,1,0,-1,-1,0.0,0.0,2025-Jan-29-19:50:07.805800
0.8973579620796409,30509,25,1,1,1,0,1.9000000000000001,0.0,2025-Jan-29-19:50:07.878285
1.1986569067802102,30510,25,1,1,-1,-1,0.0,0.0,2025-Jan-29-19:50:07.948285
0.7185205030005031,30511,25,1,0,0,0,0.0,0.0,2025-Jan-29-19:50:07.991617
0.7185205030005031,30512,25,1,0,0,0,0.0,0.0,2025-Jan-29-19:50:08.034388
0.7185205030005031,30513,25,1,0,0,0,0.0,0.0,2025-Jan-29-19:50:08.079965
0.8436562666978078,30514,25,1,0,-1,-1,0.0,0.0,2025-Jan-29-19:50:08.148042
0.7185205030005031,30515,25,1,0,0,0,0.0,0.0,2025-Jan-29-19:50:08.190813
0.7185205030005031,30516,25,1,0,0,0,0.0,0.0,2025-Jan-29-19:50:08.234425
0.7561122308552579,30517,25,1,0,-1,0,0.0,0.0,2025-Jan-29-19:50:08.290917
0.629780506117975,30518,25,1,0,-1,1,0.0,1.9000000000000001,2025-Jan-29-19:50:08.377981
0.7561122308552579,30519,25,1,0,-1,0,0.0,0.0,2025-Jan-29-19:50:08.433487
0.7185205030005031,30520,25,1,0,0,0,0.0,0.0,2025-Jan-29-19:50:08.476306
1.0735211430969913,30521,25,1,1,0,0,0.0,0.0,2025-Jan-29-19:50:08.519218
0.7710208028095181,30522,25,1,1,1,1,1.9000000000000001,1.9000000000000001,2025-Jan-29-19:50:08.639319
0.8973579620796409,30523,25,1,1,1,0,1.9000000000000001,0.0,2025-Jan-29-19:50:08.742756
0.5423573219619376,30524,25,1,0,1,0,1.9000000000000001,0.0,2025-Jan-29-19:50:08.818627
0.7561122308552579,30525,25,1,0,-1,0,0.0,0.0,2025-Jan-29-19:50:08.874786
1.0735211430969913,30526,25,1,1,0,0,0.0,0.0,2025-Jan-29-19:50:08.920172
1.0735211430969913,30527,25,1,1,0,0,0.0,0.0,2025-Jan-29-19:50:08.963939
0.5921787662199604,30528,25,1,0,0,1,0.0,1.9000000000000001,2025-Jan-29-19:50:09.035588
1.0735211430969913,30529,25,1,1,0,0,0.0,0.0,2025-Jan-29-19:50:09.078552
1.0735211430969913,30530,25,1,1,0,0,0.0,0.0,2025-Jan-29-19:50:09.122161
0.8436562666978078,30531,25,1,0,-1,-1,0.0,0.0,2025-Jan-29-19:50:09.191404
0.8973579620796409,30532,25,1,1,1,0,1.9000000000000001,0.0,2025-Jan-29-19:50:09.266262
0.5921787662199604,30533,25,1,0,0,1,0.0,1.9000000000000001,2025-Jan-29-19:50:09.337885
0.9760242519712691,30534,25,1,1,-1,1,0.0,1.9000000000000001,2025-Jan-29-19:50:09.421202
0.7561122308552579,30535,25,1,0,-1,0,0.0,0.0,2025-Jan-29-19:50:09.476349
1.1986569067802102,30536,25,1,1,-1,-1,0.0,0.0,2025-Jan-29-19:50:09.548426
1.1111128709475113,30537,25,1,1,-1,0,0.0,0.0,2025-Jan-29-19:50:09.676807
0.5423573219619376,30538,25,1,0,1,0,1.9000000000000001,0.0,2025-Jan-29-19:50:09.796415
0.4160201626761834,30539,25,1,0,1,1,1.9000000000000001,1.9000000000000001,2025-Jan-29-19:50:09.894863
0.4160201626761834,30540,25,1,0,1,1,1.9000000000000001,1.9000000000000001,2025-Jan-29-19:50:09.990083
0.5423573219619376,30541,25,1,0,1,0,1.9000000000000001,0.0,2025-Jan-29-19:50:10.061671
0.5423573219619376,30542,25,1,0,1,0,1.9000000000000001,0.0,2025-Jan-29-19:50:10.133146
0.5423573219619376,30543,25,1,0,1,0,1.9000000000000001,0.0,2025-Jan-29-19:50:10.204304
0.5423573219619376,30544,25,1,0,1,0,1.9000000000000001,0.0,2025-Jan-29-19:50:10.278830
0.5423573219619376,30545,25,1,0,1,0,1.9000000000000001,0.0,2025-Jan-29-19:50:10.349841
0.8973579620796409,30546,25,1,1,1,0,1.9000000000000001,0.0,2025-Jan-29-19:50:10.422147
0.5921787662199604,30547,25,1,0,0,1,0.0,1.9000000000000001,2025-Jan-29-19:50:10.495233
0.5921787662199604,30548,25,1,0,0,1,0.0,1.9000000000000001,2025-Jan-29-19:50:10.588259
0.5921787662199604,30549,25,1,0,0,1,0.0,1.9000000000000001,2025-Jan-29-19:50:10.686582
0.629780506117975,30550,25,1,0,-1,1,0.0,1.9000000000000001,2025-Jan-29-19:50:10.805821
0.629780506117975,30551,25,1,0,-1,1,0.0,1.9000000000000001,2025-Jan-29-19:50:10.907323
0.629780506117975,30552,25,1,0,-1,1,0.0,1.9000000000000001,2025-Jan-29-19:50:10.995436
0.629780506117975,30553,25,1,0,-1,1,0.0,1.9000000000000001,2025-Jan-29-19:50:11.080003
0.629780506117975,30554,25,1,0,-1,1,0.0,1.9000000000000001,2025-Jan-29-19:50:11.164406
0.629780506117975,30555,25,1,0,-1,1,0.0,1.9000000000000001,2025-Jan-29-19:50:11.251093
0.6298883869405699,30556,25,1,0,1,-1,1.9000000000000001,0.0,2025-Jan-29-19:50:11.335632
0.7185205030005031,30557,25,1,0,0,0,0.0,0.0,2025-Jan-29-19:50:11.378548
0.7185205030005031,30558,25,1,0,0,0,0.0,0.0,2025-Jan-29-19:50:11.421342
0.7185205030005031,30559,25,1,0,0,0,0.0,0.0,2025-Jan-29-19:50:11.464242
0.7185205030005031,30560,25,1,0,0,0,0.0,0.0,2025-Jan-29-19:50:11.506701
0.7185205030005031,30561,25,1,0,0,0,0.0,0.0,2025-Jan-29-19:50:11.563764
0.7185205030005031,30562,25,1,0,0,0,0.0,0.0,2025-Jan-29-19:50:11.650103
0.7185205030005031,30563,25,1,0,0,0,0.0,0.0,2025-Jan-29-19:50:11.726059
0.7185205030005031,30564,25,1,0,0,0,0.0,0.0,2025-Jan-29-19:50:11.789368
0.7185205030005031,30565,25,1,0,0,0,0.0,0.0,2025-Jan-29-19:50:11.836057
0.7185205030005031,30566,25,1,0,0,0,0.0,0.0,2025-Jan-29-19:50:11.881953
0.7185205030005031,30567,25,1,0,0,0,0.0,0.0,2025-Jan-29-19:50:11.925377
0.7561122308552579,30568,25,1,0,-1,0,0.0,0.0,2025-Jan-29-19:50:11.981064
0.7561122308552579,30569,25,1,0,-1,0,0.0,0.0,2025-Jan-29-19:50:12.035870
0.7561122308552579,30570,25,1,0,-1,0,0.0,0.0,2025-Jan-29-19:50:12.094840
1.1111128709475113,30571,25,1,1,-1,0,0.0,0.0,2025-Jan-29-19:50:12.405481
1.1111128709475113,30572,25,1,1,-1,0,0.0,0.0,2025-Jan-29-19:50:12.465503
0.7561122308552579,30573,25,1,0,-1,0,0.0,0.0,2025-Jan-29-19:50:12.521999
0.5423573219619376,30574,25,1,0,1,0,1.9000000000000001,0.0,2025-Jan-29-19:50:12.617521
0.7561122308552579,30575,25,1,0,-1,0,0.0,0.0,2025-Jan-29-19:50:12.697710
1.0735211430969913,30576,25,1,1,0,0,0.0,0.0,2025-Jan-29-19:50:12.764081
1.0735211430969913,30577,25,1,1,0,0,0.0,0.0,2025-Jan-29-19:50:12.809312
0.5921787662199604,30578,25,1,0,0,1,0.0,1.9000000000000001,2025-Jan-29-19:50:12.881971
1.0735211430969913,30579,25,1,1,0,0,0.0,0.0,2025-Jan-29-19:50:12.924938
1.0735211430969913,30580,25,1,1,0,0,0.0,0.0,2025-Jan-29-19:50:12.968834
0.8436562666978078,30581,25,1,0,-1,-1,0.0,0.0,2025-Jan-29-19:50:13.036902
0.8973579620796409,30582,25,1,1,1,0,1.9000000000000001,0.0,2025-Jan-29-19:50:13.108099
0.5921787662199604,30583,25,1,0,0,1,0.0,1.9000000000000001,2025-Jan-29-19:50:13.182982
0.9760242519712691,30584,25,1,1,-1,1,0.0,1.9000000000000001,2025-Jan-29-19:50:13.267949
0.7561122308552579,30585,25,1,0,-1,0,0.0,0.0,2025-Jan-29-19:50:13.323315
1.1986569067802102,30586,25,1,1,-1,-1,0.0,0.0,2025-Jan-29-19:50:13.392586
1.1111128709475113,30587,25,1,1,-1,0,0.0,0.0,2025-Jan-29-19:50:13.453345
0.5423573219619376,30588,25,1,0,1,0,1.9000000000000001,0.0,2025-Jan-29-19:50:13.526542
0.5921787662199604,30589,25,1,0,0,1,0.0,1.9000000000000001,2025-Jan-29-19:50:13.616947
1.0735211430969913,30590,25,1,1,0,0,0.0,0.0,2025-Jan-29-19:50:13.683462
1.1111128709475113,30591,25,1,1,-1,0,0.0,0.0,2025-Jan-29-19:50:13.767021
0.8436562666978078,30592,25,1,0,-1,-1,0.0,0.0,2025-Jan-29-19:50:13.837281
0.8973579620796409,30593,25,1,1,1,0,1.9000000000000001,0.0,2025-Jan-29-19:50:13.910873
1.161059787788528,30594,25,1,1,0,-1,0.0,0.0,2025-Jan-29-19:50:13.968739
0.7185205030005031,30595,25,1,0,0,0,0.0,0.0,2025-Jan-29-19:50:14.011881
0.5921787662199604,30596,25,1,0,0,1,0.0,1.9000000000000001,2025-Jan-29-19:50:14.085318
1.1111128709475113,30597,25,1,1,-1,0,0.0,0.0,2025-Jan-29-19:50:14.141436
1.1986569067802102,30598,25,1,1,-1,-1,0.0,0.0,2025-Jan-29-19:50:14.208953
0.9471794063316156,30599,25,1,1,0,1,0.0,1.9000000000000001,2025-Jan-29-19:50:14.283912
1.1986569067802102,30600,25,1,1,-1,-1,0.0,0.0,2025-Jan-29-19:50:14.352050
1.1111128709475113,30601,25,1,1,-1,0,0.0,0.0,2025-Jan-29-19:50:14.407144
1.0735211430969913,30602,25,1,1,0,0,0.0,0.0,2025-Jan-29-19:50:14.450965
0.4160201626761834,30603,25,1,0,1,1,1.9000000000000001,1.9000000000000001,2025-Jan-29-19:50:14.546200
0.4160201626761834,30604,25,1,0,1,1,1.9000000000000001,1.9000000000000001,2025-Jan-29-19:50:14.677840
0.4160201626761834,30605,25,1,0,1,1,1.9000000000000001,1.9000000000000001,2025-Jan-29-19:50:14.806181
0.5423573219619376,30606,25,1,0,1,0,1.9000000000000001,0.0,2025-Jan-29-19:50:14.882072
0.5423573219619376,30607,25,1,0,1,0,1.9000000000000001,0.0,2025-Jan-29-19:50:14.957158
0.5423573219619376,30608,25,1,0,1,0,1.9000000000000001,0.0,2025-Jan-29-19:50:15.029545
0.5423573219619376,30609,25,1,0,1,0,1.9000000000000001,0.0,2025-Jan-29-19:50:15.100768
0.5423573219619376,30610,25,1,0,1,0,1.9000000000000001,0.0,2025-Jan-29-19:50:15.174440
0.8973579620796409,30611,25,1,1,1,0,1.9000000000000001,0.0,2025-Jan-29-19:50:15.245669
0.5423573219619376,30612,25,1,0,1,0,1.9000000000000001,0.0,2025-Jan-29-19:50:15.316965
0.5423573219619376,30613,25,1,0,1,0,1.9000000000000001,0.0,2025-Jan-29-19:50:15.387993
0.5921787662199604,30614,25,1,0,0,1,0.0,1.9000000000000001,2025-Jan-29-19:50:15.459239
0.5921787662199604,30615,25,1,0,0,1,0.0,1.9000000000000001,2025-Jan-29-19:50:15.530562
0.5921787662199604,30616,25,1,0,0,1,0.0,1.9000000000000001,2025-Jan-29-19:50:15.625701
0.5921787662199604,30617,25,1,0,0,1,0.0,1.9000000000000001,2025-Jan-29-19:50:15.739903
0.5921787662199604,30618,25,1,0,0,1,0.0,1.9000000000000001,2025-Jan-29-19:50:15.820898
0.629780506117975,30619,25,1,0,-1,1,0.0,1.9000000000000001,2025-Jan-29-19:50:15.905824
0.629780506117975,30620,25,1,0,-1,1,0.0,1.9000000000000001,2025-Jan-29-19:50:15.991268
0.629780506117975,30621,25,1,0,-1,1,0.0,1.9000000000000001,2025-Jan-29-19:50:16.079065
0.629780506117975,30622,25,1,0,-1,1,0.0,1.9000000000000001,2025-Jan-29-19:50:16.163744
0.629780506117975,30623,25,1,0,-1,1,0.0,1.9000000000000001,2025-Jan-29-19:50:16.251607
0.629780506117975,30624,25,1,0,-1,1,0.0,1.9000000000000001,2025-Jan-29-19:50:16.338606
0.6298883869405699,30625,25,1,0,1,-1,1.9000000000000001,0.0,2025-Jan-29-19:50:16.422278
0.7185205030005031,30626,25,1,0,0,0,0.0,0.0,2025-Jan-29-19:50:16.466459
0.7185205030005031,30627,25,1,0,0,0,0.0,0.0,2025-Jan-29-19:50:16.510226
0.7185205030005031,30628,25,1,0,0,0,0.0,0.0,2025-Jan-29-19:50:16.570365
0.7185205030005031,30629,25,1,0,0,0,0.0,0.0,2025-Jan-29-19:50:16.646330
0.7185205030005031,30630,25,1,0,0,0,0.0,0.0,2025-Jan-29-19:50:16.713428
0.7185205030005031,30631,25,1,0,0,0,0.0,0.0,2025-Jan-29-19:50:16.779779
0.7185205030005031,30632,25,1,0,0,0,0.0,0.0,2025-Jan-29-19:50:16.824807
1.0735211430969913,30633,25,1,1,0,0,0.0,0.0,2025-Jan-29-19:50:16.871696
0.7185205030005031,30634,25,1,0,0,0,0.0,0.0,2025-Jan-29-19:50:16.915588
0.7185205030005031,30635,25,1,0,0,0,0.0,0.0,2025-Jan-29-19:50:16.960440
0.7185205030005031,30636,25,1,0,0,0,0.0,0.0,2025-Jan-29-19:50:17.005055
0.7561122308552579,30637,25,1,0,-1,0,0.0,0.0,2025-Jan-29-19:50:17.059816
0.7561122308552579,30638,25,1,0,-1,0,0.0,0.0,2025-Jan-29-19:50:17.120320
0.5921787662199604,30639,25,1,0,0,1,0.0,1.9000000000000001,2025-Jan-29-19:50:17.207838
1.0735211430969913,30640,25,1,1,0,0,0.0,0.0,2025-Jan-29-19:50:17.255038
1.1111128709475113,30641,25,1,1,-1,0,0.0,0.0,2025-Jan-29-19:50:17.311142
0.8436562666978078,30642,25,1,0,-1,-1,0.0,0.0,2025-Jan-29-19:50:17.379236
0.8973579620796409,30643,25,1,1,1,0,1.9000000000000001,0.0,2025-Jan-29-19:50:17.450871
1.161059787788528,30644,25,1,1,0,-1,0.0,0.0,2025-Jan-29-19:50:17.506532
0.7185205030005031,30645,25,1,0,0,0,0.0,0.0,2025-Jan-29-19:50:17.572983
0.5921787662199604,30646,25,1,0,0,1,0.0,1.9000000000000001,2025-Jan-29-19:50:17.682851
1.1111128709475113,30647,25,1,1,-1,0,0.0,0.0,2025-Jan-29-19:50:17.765037
1.1986569067802102,30648,25,1,1,-1,-1,0.0,0.0,2025-Jan-29-19:50:17.839467
0.9471794063316156,30649,25,1,1,0,1,0.0,1.9000000000000001,2025-Jan-29-19:50:17.912136
1.1986569067802102,30650,25,1,1,-1,-1,0.0,0.0,2025-Jan-29-19:50:17.980189
1.1111128709475113,30651,25,1,1,-1,0,0.0,0.0,2025-Jan-29-19:50:18.035667
1.0735211430969913,30652,25,1,1,0,0,0.0,0.0,2025-Jan-29-19:50:18.082013
0.4160201626761834,30653,25,1,0,1,1,1.9000000000000001,1.9000000000000001,2025-Jan-29-19:50:18.179894
0.5423573219619376,30654,25,1,0,1,0,1.9000000000000001,0.0,2025-Jan-29-19:50:18.253892
0.7185205030005031,30655,25,1,0,0,0,0.0,0.0,2025-Jan-29-19:50:18.299302
1.0735211430969913,30656,25,1,1,0,0,0.0,0.0,2025-Jan-29-19:50:18.342520
0.5921787662199604,30657,25,1,0,0,1,0.0,1.9000000000000001,2025-Jan-29-19:50:18.414432
1.0735211430969913,30658,25,1,1,0,0,0.0,0.0,2025-Jan-29-19:50:18.457184
0.9471794063316156,30659,25,1,1,0,1,0.0,1.9000000000000001,2025-Jan-29-19:50:18.528511
1.1111128709475113,30660,25,1,1,-1,0,0.0,0.0,2025-Jan-29-19:50:18.603691
0.6298883869405699,30661,25,1,0,1,-1,1.9000000000000001,0.0,2025-Jan-29-19:50:18.721273
0.5423573219619376,30662,25,1,0,1,0,1.9000000000000001,0.0,2025-Jan-29-19:50:18.820403
0.7185205030005031,30663,25,1,0,0,0,0.0,0.0,2025-Jan-29-19:50:18.865137
1.1111128709475113,30664,25,1,1,-1,0,0.0,0.0,2025-Jan-29-19:50:18.925894
0.629780506117975,30665,25,1,0,-1,1,0.0,1.9000000000000001,2025-Jan-29-19:50:19.012445
1.1986569067802102,30666,25,1,1,-1,-1,0.0,0.0,2025-Jan-29-19:50:19.080452
0.9471794063316156,30667,25,1,1,0,1,0.0,1.9000000000000001,2025-Jan-29-19:50:19.152251
1.161059787788528,30668,25,1,1,0,-1,0.0,0.0,2025-Jan-29-19:50:19.208086
0.4160201626761834,30669,25,1,0,1,1,1.9000000000000001,1.9000000000000001,2025-Jan-29-19:50:19.303521
0.7710208028095181,30670,25,1,1,1,1,1.9000000000000001,1.9000000000000001,2025-Jan-29-19:50:19.398601
0.4160201626761834,30671,25,1,0,1,1,1.9000000000000001,1.9000000000000001,2025-Jan-29-19:50:19.494114
0.5423573219619376,30672,25,1,0,1,0,1.9000000000000001,0.0,2025-Jan-29-19:50:19.586782
0.5423573219619376,30673,25,1,0,1,0,1.9000000000000001,0.0,2025-Jan-29-19:50:19.695513
0.5423573219619376,30674,25,1,0,1,0,1.9000000000000001,0.0,2025-Jan-29-19:50:19.801927
0.5423573219619376,30675,25,1,0,1,0,1.9000000000000001,0.0,2025-Jan-29-19:50:19.875745
0.8973579620796409,30676,25,1,1,1,0,1.9000000000000001,0.0,2025-Jan-29-19:50:19.947358
0.5423573219619376,30677,25,1,0,1,0,1.9000000000000001,0.0,2025-Jan-29-19:50:20.019607
0.5423573219619376,30678,25,1,0,1,0,1.9000000000000001,0.0,2025-Jan-29-19:50:20.371517
0.5423573219619376,30679,25,1,0,1,0,1.9000000000000001,0.0,2025-Jan-29-19:50:20.444549
0.5921787662199604,30680,25,1,0,0,1,0.0,1.9000000000000001,2025-Jan-29-19:50:20.516863
0.5921787662199604,30681,25,1,0,0,1,0.0,1.9000000000000001,2025-Jan-29-19:50:20.617303
0.5921787662199604,30682,25,1,0,0,1,0.0,1.9000000000000001,2025-Jan-29-19:50:20.725963
0.5921787662199604,30683,25,1,0,0,1,0.0,1.9000000000000001,2025-Jan-29-19:50:20.815966
0.5921787662199604,30684,25,1,0,0,1,0.0,1.9000000000000001,2025-Jan-29-19:50:20.889474
0.5921787662199604,30685,25,1,0,0,1,0.0,1.9000000000000001,2025-Jan-29-19:50:20.961197
0.5921787662199604,30686,25,1,0,0,1,0.0,1.9000000000000001,2025-Jan-29-19:50:21.031688
0.629780506117975,30687,25,1,0,-1,1,0.0,1.9000000000000001,2025-Jan-29-19:50:21.116054
0.629780506117975,30688,25,1,0,-1,1,0.0,1.9000000000000001,2025-Jan-29-19:50:21.200363
0.629780506117975,30689,25,1,0,-1,1,0.0,1.9000000000000001,2025-Jan-29-19:50:21.285992
0.9760242519712691,30690,25,1,1,-1,1,0.0,1.9000000000000001,2025-Jan-29-19:50:21.371471
0.629780506117975,30691,25,1,0,-1,1,0.0,1.9000000000000001,2025-Jan-29-19:50:21.455085
0.629780506117975,30692,25,1,0,-1,1,0.0,1.9000000000000001,2025-Jan-29-19:50:21.540219
0.6298883869405699,30693,25,1,0,1,-1,1.9000000000000001,0.0,2025-Jan-29-19:50:21.651543
0.7185205030005031,30694,25,1,0,0,0,0.0,0.0,2025-Jan-29-19:50:21.727562
0.7185205030005031,30695,25,1,0,0,0,0.0,0.0,2025-Jan-29-19:50:21.793301
0.7185205030005031,30696,25,1,0,0,0,0.0,0.0,2025-Jan-29-19:50:21.839440
0.7185205030005031,30697,25,1,0,0,0,0.0,0.0,2025-Jan-29-19:50:21.884388
0.7185205030005031,30698,25,1,0,0,0,0.0,0.0,2025-Jan-29-19:50:21.927839
0.7185205030005031,30699,25,1,0,0,0,0.0,0.0,2025-Jan-29-19:50:21.971653
0.7185205030005031,30700,25,1,0,0,0,0.0,0.0,2025-Jan-29-19:50:22.014606
0.7185205030005031,30701,25,1,0,0,0,0.0,0.0,2025-Jan-29-19:50:22.057616
0.7185205030005031,30702,25,1,0,0,0,0.0,0.0,2025-Jan-29-19:50:22.105117
0.7185205030005031,30703,25,1,0,0,0,0.0,0.0,2025-Jan-29-19:50:22.149493
0.5423573219619376,30704,25,1,0,1,0,1.9000000000000001,0.0,2025-Jan-29-19:50:22.220988
0.7185205030005031,30705,25,1,0,0,0,0.0,0.0,2025-Jan-29-19:50:22.264571
1.0735211430969913,30706,25,1,1,0,0,0.0,0.0,2025-Jan-29-19:50:22.308269
0.5921787662199604,30707,25,1,0,0,1,0.0,1.9000000000000001,2025-Jan-29-19:50:22.379639
1.0735211430969913,30708,25,1,1,0,0,0.0,0.0,2025-Jan-29-19:50:22.423401
0.9471794063316156,30709,25,1,1,0,1,0.0,1.9000000000000001,2025-Jan-29-19:50:22.495204
1.1111128709475113,30710,25,1,1,-1,0,0.0,0.0,2025-Jan-29-19:50:22.572662
0.6298883869405699,30711,25,1,0,1,-1,1.9000000000000001,0.0,2025-Jan-29-19:50:22.695164
0.5423573219619376,30712,25,1,0,1,0,1.9000000000000001,0.0,2025-Jan-29-19:50:22.792661
0.7185205030005031,30713,25,1,0,0,0,0.0,0.0,2025-Jan-29-19:50:22.839272
1.1111128709475113,30714,25,1,1,-1,0,0.0,0.0,2025-Jan-29-19:50:22.895879
0.629780506117975,30715,25,1,0,-1,1,0.0,1.9000000000000001,2025-Jan-29-19:50:22.980739
1.1986569067802102,30716,25,1,1,-1,-1,0.0,0.0,2025-Jan-29-19:50:23.048767
0.9471794063316156,30717,25,1,1,0,1,0.0,1.9000000000000001,2025-Jan-29-19:50:23.120009
1.161059787788528,30718,25,1,1,0,-1,0.0,0.0,2025-Jan-29-19:50:23.175456
0.8973579620796409,30719,25,1,1,1,0,1.9000000000000001,0.0,2025-Jan-29-19:50:23.246287
0.5423573219619376,30720,25,1,0,1,0,1.9000000000000001,0.0,2025-Jan-29-19:50:23.317907
0.5423573219619376,30721,25,1,0,1,0,1.9000000000000001,0.0,2025-Jan-29-19:50:23.389547
0.5921787662199604,30722,25,1,0,0,1,0.0,1.9000000000000001,2025-Jan-29-19:50:23.462138
0.7185205030005031,30723,25,1,0,0,0,0.0,0.0,2025-Jan-29-19:50:23.505797
1.1986569067802102,30724,25,1,1,-1,-1,0.0,0.0,2025-Jan-29-19:50:23.597551
1.0735211430969913,30725,25,1,1,0,0,0.0,0.0,2025-Jan-29-19:50:23.673730
0.5921787662199604,30726,25,1,0,0,1,0.0,1.9000000000000001,2025-Jan-29-19:50:23.771284
0.7185205030005031,30727,25,1,0,0,0,0.0,0.0,2025-Jan-29-19:50:23.816944
1.0735211430969913,30728,25,1,1,0,0,0.0,0.0,2025-Jan-29-19:50:23.860200
0.6298883869405699,30729,25,1,0,1,-1,1.9000000000000001,0.0,2025-Jan-29-19:50:23.943927
1.1986569067802102,30730,25,1,1,-1,-1,0.0,0.0,2025-Jan-29-19:50:24.011325
1.0735211430969913,30731,25,1,1,0,0,0.0,0.0,2025-Jan-29-19:50:24.054664
0.9848890270480929,30732,25,1,1,1,-1,1.9000000000000001,0.0,2025-Jan-29-19:50:24.137692
0.9760242519712691,30733,25,1,1,-1,1,0.0,1.9000000000000001,2025-Jan-29-19:50:24.221327
