Cost,Sim,Switch_State_Indx,Gen1_on,Gen2_on,Batt1_mode,Batt2_mode,Batt1_power_kW,Batt2_power_kW,Timestamp
1.0735211430969913,959,25,1,1,0,0,0.0,0.0,2025-Jan-29-19:13:27.110988
0.7185205030005031,960,25,1,0,0,0,0.0,0.0,2025-Jan-29-19:13:27.156687
0.7561122308552579,961,25,1,0,-1,0,0.0,0.0,2025-Jan-29-19:13:27.213938
0.7185205030005031,962,25,1,0,0,0,0.0,0.0,2025-Jan-29-19:13:27.257513
0.9848890270480929,963,25,1,1,1,-1,1.9000000000000001,0.0,2025-Jan-29-19:13:27.343180
0.8060591477019475,964,25,1,0,0,-1,0.0,0.0,2025-Jan-29-19:13:27.400690
0.4160201626761834,965,25,1,0,1,1,1.9000000000000001,1.9000000000000001,2025-Jan-29-19:13:27.499070
0.6298883869405699,966,25,1,0,1,-1,1.9000000000000001,0.0,2025-Jan-29-19:13:27.617348
0.7561122308552579,967,25,1,0,-1,0,0.0,0.0,2025-Jan-29-19:13:27.711785
0.8060591477019475,968,25,1,0,0,-1,0.0,0.0,2025-Jan-29-19:13:27.796836
1.1111128709475113,969,25,1,1,-1,0,0.0,0.0,2025-Jan-29-19:13:27.855438
0.7561122308552579,970,25,1,0,-1,0,0.0,0.0,2025-Jan-29-19:13:27.912681
0.5921787662199604,971,25,1,0,0,1,0.0,1.9000000000000001,2025-Jan-29-19:13:27.987901
0.6298883869405699,972,25,1,0,1,-1,1.9000000000000001,0.0,2025-Jan-29-19:13:28.075466
0.7710208028095181,973,25,1,1,1,1,1.9000000000000001,1.9000000000000001,2025-Jan-29-19:13:28.174109
0.8973579620796409,974,25,1,1,1,0,1.9000000000000001,0.0,2025-Jan-29-19:13:28.248263
0.7185205030005031,975,25,1,0,0,0,0.0,0.0,2025-Jan-29-19:13:28.294104
0.8973579620796409,976,25,1,1,1,0,1.9000000000000001,0.0,2025-Jan-29-19:13:28.368534
0.7561122308552579,977,25,1,0,-1,0,0.0,0.0,2025-Jan-29-19:13:28.426137
0.7185205030005031,978,25,1,0,0,0,0.0,0.0,2025-Jan-29-19:13:28.470466
0.5921787662199604,979,25,1,0,0,1,0.0,1.9000000000000001,2025-Jan-29-19:13:28.545284
0.8436562666978078,980,25,1,0,-1,-1,0.0,0.0,2025-Jan-29-19:13:28.655766
0.7185205030005031,981,25,1,0,0,0,0.0,0.0,2025-Jan-29-19:13:28.731463
0.7185205030005031,982,25,1,0,0,0,0.0,0.0,2025-Jan-29-19:13:28.808195
1.161059787788528,983,25,1,1,0,-1,0.0,0.0,2025-Jan-29-19:13:28.867398
1.1111128709475113,984,25,1,1,-1,0,0.0,0.0,2025-Jan-29-19:13:28.924750
0.4160201626761834,985,25,1,0,1,1,1.9000000000000001,1.9000000000000001,2025-Jan-29-19:13:29.022302
0.8060591477019475,986,25,1,0,0,-1,0.0,0.0,2025-Jan-29-19:13:29.079852
1.0735211430969913,987,25,1,1,0,0,0.0,0.0,2025-Jan-29-19:13:29.125115
0.8060591477019475,988,25,1,0,0,-1,0.0,0.0,2025-Jan-29-19:13:29.183029
0.7185205030005031,989,25,1,0,0,0,0.0,0.0,2025-Jan-29-19:13:29.227750
0.8973579620796409,990,25,1,1,1,0,1.9000000000000001,0.0,2025-Jan-29-19:13:29.301180
0.9760242519712691,991,25,1,1,-1,1,0.0,1.9000000000000001,2025-Jan-29-19:13:29.387902
1.161059787788528,992,25,1,1,0,-1,0.0,0.0,2025-Jan-29-19:13:29.588396
0.629780506117975,993,25,1,0,-1,1,0.0,1.9000000000000001,2025-Jan-29-19:13:29.717726
1.161059787788528,994,25,1,1,0,-1,0.0,0.0,2025-Jan-29-19:13:29.797319
0.9760242519712691,995,25,1,1,-1,1,0.0,1.9000000000000001,2025-Jan-29-19:13:29.881913
1.0735211430969913,996,25,1,1,0,0,0.0,0.0,2025-Jan-29-19:13:29.925657
1.0735211430969913,997,25,1,1,0,0,0.0,0.0,2025-Jan-29-19:13:29.968621
0.9760242519712691,998,25,1,1,-1,1,0.0,1.9000000000000001,2025-Jan-29-19:13:30.052061
0.8060591477019475,999,25,1,0,0,-1,0.0,0.0,2025-Jan-29-19:13:30.108113
0.7185205030005031,1000,25,1,0,0,0,0.0,0.0,2025-Jan-29-19:13:30.151747
0.6298883869405699,1001,25,1,0,1,-1,1.9000000000000001,0.0,2025-Jan-29-19:13:30.235369
0.7185205030005031,1002,25,1,0,0,0,0.0,0.0,2025-Jan-29-19:13:30.278659
0.4160201626761834,1003,25,1,0,1,1,1.9000000000000001,1.9000000000000001,2025-Jan-29-19:13:30.374343
1.0735211430969913,1004,25,1,1,0,0,0.0,0.0,2025-Jan-29-19:13:30.417311
0.7561122308552579,1005,25,1,0,-1,0,0.0,0.0,2025-Jan-29-19:13:30.473009
0.5423573219619376,1006,25,1,0,1,0,1.9000000000000001,0.0,2025-Jan-29-19:13:30.544458
1.0735211430969913,1007,25,1,1,0,0,0.0,0.0,2025-Jan-29-19:13:30.611962
1.0735211430969913,1008,25,1,1,0,0,0.0,0.0,2025-Jan-29-19:13:30.688153
0.9471794063316156,1009,25,1,1,0,1,0.0,1.9000000000000001,2025-Jan-29-19:13:30.789715
0.7185205030005031,1010,25,1,0,0,0,0.0,0.0,2025-Jan-29-19:13:30.834285
0.7561122308552579,1011,25,1,0,-1,0,0.0,0.0,2025-Jan-29-19:13:30.899890
0.7185205030005031,1012,25,1,0,0,0,0.0,0.0,2025-Jan-29-19:13:30.947724
0.5921787662199604,1013,25,1,0,0,1,0.0,1.9000000000000001,2025-Jan-29-19:13:31.020010
0.7185205030005031,1014,25,1,0,0,0,0.0,0.0,2025-Jan-29-19:13:31.066586
0.6298883869405699,1015,25,1,0,1,-1,1.9000000000000001,0.0,2025-Jan-29-19:13:31.164512
0.629780506117975,1016,25,1,0,-1,1,0.0,1.9000000000000001,2025-Jan-29-19:13:31.252325
0.7185205030005031,1017,25,1,0,0,0,0.0,0.0,2025-Jan-29-19:13:31.299732
0.7185205030005031,1018,25,1,0,0,0,0.0,0.0,2025-Jan-29-19:13:31.347654
1.0735211430969913,1019,25,1,1,0,0,0.0,0.0,2025-Jan-29-19:13:31.392144
0.7561122308552579,1020,25,1,0,-1,0,0.0,0.0,2025-Jan-29-19:13:31.452584
0.7185205030005031,1021,25,1,0,0,0,0.0,0.0,2025-Jan-29-19:13:31.498937
0.8060591477019475,1022,25,1,0,0,-1,0.0,0.0,2025-Jan-29-19:13:31.579756
0.7185205030005031,1023,25,1,0,0,0,0.0,0.0,2025-Jan-29-19:13:31.660461
0.7185205030005031,1024,25,1,0,0,0,0.0,0.0,2025-Jan-29-19:13:31.805842
0.4160201626761834,1025,25,1,0,1,1,1.9000000000000001,1.9000000000000001,2025-Jan-29-19:13:31.928684
0.7561122308552579,1026,25,1,0,-1,0,0.0,0.0,2025-Jan-29-19:13:31.985206
0.7561122308552579,1027,25,1,0,-1,0,0.0,0.0,2025-Jan-29-19:13:32.042014
0.7185205030005031,1028,25,1,0,0,0,0.0,0.0,2025-Jan-29-19:13:32.093111
0.7185205030005031,1029,25,1,0,0,0,0.0,0.0,2025-Jan-29-19:13:32.139775
0.8436562666978078,1030,25,1,0,-1,-1,0.0,0.0,2025-Jan-29-19:13:32.208271
0.7185205030005031,1031,25,1,0,0,0,0.0,0.0,2025-Jan-29-19:13:32.251083
0.7185205030005031,1032,25,1,0,0,0,0.0,0.0,2025-Jan-29-19:13:32.294475
0.8436562666978078,1033,25,1,0,-1,-1,0.0,0.0,2025-Jan-29-19:13:32.362068
0.7561122308552579,1034,25,1,0,-1,0,0.0,0.0,2025-Jan-29-19:13:32.417195
0.7561122308552579,1035,25,1,0,-1,0,0.0,0.0,2025-Jan-29-19:13:32.472210
0.8060591477019475,1036,25,1,0,0,-1,0.0,0.0,2025-Jan-29-19:13:32.527807
0.7185205030005031,1037,25,1,0,0,0,0.0,0.0,2025-Jan-29-19:13:32.586079
0.9848890270480929,1038,25,1,1,1,-1,1.9000000000000001,0.0,2025-Jan-29-19:13:32.699631
0.7185205030005031,1039,25,1,0,0,0,0.0,0.0,2025-Jan-29-19:13:32.765991
1.1111128709475113,1040,25,1,1,-1,0,0.0,0.0,2025-Jan-29-19:13:32.824057
1.1986569067802102,1041,25,1,1,-1,-1,0.0,0.0,2025-Jan-29-19:13:32.891966
0.8060591477019475,1042,25,1,0,0,-1,0.0,0.0,2025-Jan-29-19:13:32.947424
0.7561122308552579,1043,25,1,0,-1,0,0.0,0.0,2025-Jan-29-19:13:33.002504
0.7185205030005031,1044,25,1,0,0,0,0.0,0.0,2025-Jan-29-19:13:33.044887
0.629780506117975,1045,25,1,0,-1,1,0.0,1.9000000000000001,2025-Jan-29-19:13:33.127957
0.7185205030005031,1046,25,1,0,0,0,0.0,0.0,2025-Jan-29-19:13:33.170505
0.7185205030005031,1047,25,1,0,0,0,0.0,0.0,2025-Jan-29-19:13:33.213292
1.1986569067802102,1048,25,1,1,-1,-1,0.0,0.0,2025-Jan-29-19:13:33.280208
0.8060591477019475,1049,25,1,0,0,-1,0.0,0.0,2025-Jan-29-19:13:33.335621
0.7185205030005031,1050,25,1,0,0,0,0.0,0.0,2025-Jan-29-19:13:33.378811
0.7185205030005031,1051,25,1,0,0,0,0.0,0.0,2025-Jan-29-19:13:33.421781
0.7561122308552579,1052,25,1,0,-1,0,0.0,0.0,2025-Jan-29-19:13:33.477680
0.4160201626761834,1053,25,1,0,1,1,1.9000000000000001,1.9000000000000001,2025-Jan-29-19:13:33.585312
0.8436562666978078,1054,25,1,0,-1,-1,0.0,0.0,2025-Jan-29-19:13:33.695373
0.7185205030005031,1055,25,1,0,0,0,0.0,0.0,2025-Jan-29-19:13:33.764478
0.7185205030005031,1056,25,1,0,0,0,0.0,0.0,2025-Jan-29-19:13:33.808991
0.7561122308552579,1057,25,1,0,-1,0,0.0,0.0,2025-Jan-29-19:13:33.867376
1.0735211430969913,1058,25,1,1,0,0,0.0,0.0,2025-Jan-29-19:13:33.910507
0.5921787662199604,1059,25,1,0,0,1,0.0,1.9000000000000001,2025-Jan-29-19:13:33.982092
0.7185205030005031,1060,25,1,0,0,0,0.0,0.0,2025-Jan-29-19:13:34.026836
0.7185205030005031,1061,25,1,0,0,0,0.0,0.0,2025-Jan-29-19:13:34.069766
0.7561122308552579,1062,25,1,0,-1,0,0.0,0.0,2025-Jan-29-19:13:34.125256
0.5921787662199604,1063,25,1,0,0,1,0.0,1.9000000000000001,2025-Jan-29-19:13:34.196215
0.7185205030005031,1064,25,1,0,0,0,0.0,0.0,2025-Jan-29-19:13:34.238669
0.4160201626761834,1065,25,1,0,1,1,1.9000000000000001,1.9000000000000001,2025-Jan-29-19:13:34.333495
0.8436562666978078,1066,25,1,0,-1,-1,0.0,0.0,2025-Jan-29-19:13:34.400796
0.7185205030005031,1067,25,1,0,0,0,0.0,0.0,2025-Jan-29-19:13:34.443713
0.7185205030005031,1068,25,1,0,0,0,0.0,0.0,2025-Jan-29-19:13:34.486691
1.0735211430969913,1069,25,1,1,0,0,0.0,0.0,2025-Jan-29-19:13:34.530258
0.5423573219619376,1070,25,1,0,1,0,1.9000000000000001,0.0,2025-Jan-29-19:13:34.631757
0.5921787662199604,1071,25,1,0,0,1,0.0,1.9000000000000001,2025-Jan-29-19:13:34.829979
0.7185205030005031,1072,25,1,0,0,0,0.0,0.0,2025-Jan-29-19:13:34.885444
0.5921787662199604,1073,25,1,0,0,1,0.0,1.9000000000000001,2025-Jan-29-19:13:34.960873
0.7185205030005031,1074,25,1,0,0,0,0.0,0.0,2025-Jan-29-19:13:35.005637
0.6298883869405699,1075,25,1,0,1,-1,1.9000000000000001,0.0,2025-Jan-29-19:13:35.092366
0.7185205030005031,1076,25,1,0,0,0,0.0,0.0,2025-Jan-29-19:13:35.137706
0.7561122308552579,1077,25,1,0,-1,0,0.0,0.0,2025-Jan-29-19:13:35.195201
0.7185205030005031,1078,25,1,0,0,0,0.0,0.0,2025-Jan-29-19:13:35.240760
0.7185205030005031,1079,25,1,0,0,0,0.0,0.0,2025-Jan-29-19:13:35.285475
0.5423573219619376,1080,25,1,0,1,0,1.9000000000000001,0.0,2025-Jan-29-19:13:35.360115
0.7185205030005031,1081,25,1,0,0,0,0.0,0.0,2025-Jan-29-19:13:35.405627
0.7185205030005031,1082,25,1,0,0,0,0.0,0.0,2025-Jan-29-19:13:35.450066
0.8060591477019475,1083,25,1,0,0,-1,0.0,0.0,2025-Jan-29-19:13:35.507924
0.7561122308552579,1084,25,1,0,-1,0,0.0,0.0,2025-Jan-29-19:13:35.594895
0.8060591477019475,1085,25,1,0,0,-1,0.0,0.0,2025-Jan-29-19:13:35.690508
0.8436562666978078,1086,25,1,0,-1,-1,0.0,0.0,2025-Jan-29-19:13:35.799521
0.7185205030005031,1087,25,1,0,0,0,0.0,0.0,2025-Jan-29-19:13:35.846253
0.8060591477019475,1088,25,1,0,0,-1,0.0,0.0,2025-Jan-29-19:13:35.905718
0.7185205030005031,1089,25,1,0,0,0,0.0,0.0,2025-Jan-29-19:13:35.952157
0.8973579620796409,1090,25,1,1,1,0,1.9000000000000001,0.0,2025-Jan-29-19:13:36.026355
1.0735211430969913,1091,25,1,1,0,0,0.0,0.0,2025-Jan-29-19:13:36.071370
0.5921787662199604,1092,25,1,0,0,1,0.0,1.9000000000000001,2025-Jan-29-19:13:36.145795
0.5921787662199604,1093,25,1,0,0,1,0.0,1.9000000000000001,2025-Jan-29-19:13:36.220711
0.7185205030005031,1094,25,1,0,0,0,0.0,0.0,2025-Jan-29-19:13:36.265494
0.629780506117975,1095,25,1,0,-1,1,0.0,1.9000000000000001,2025-Jan-29-19:13:36.353267
0.7185205030005031,1096,25,1,0,0,0,0.0,0.0,2025-Jan-29-19:13:36.398707
0.7185205030005031,1097,25,1,0,0,0,0.0,0.0,2025-Jan-29-19:13:36.443697
0.7561122308552579,1098,25,1,0,-1,0,0.0,0.0,2025-Jan-29-19:13:36.501632
0.8060591477019475,1099,25,1,0,0,-1,0.0,0.0,2025-Jan-29-19:13:36.583862
0.7185205030005031,1100,25,1,0,0,0,0.0,0.0,2025-Jan-29-19:13:36.659725
0.7185205030005031,1101,25,1,0,0,0,0.0,0.0,2025-Jan-29-19:13:36.740913
0.7185205030005031,1102,25,1,0,0,0,0.0,0.0,2025-Jan-29-19:13:36.812511
0.5921787662199604,1103,25,1,0,0,1,0.0,1.9000000000000001,2025-Jan-29-19:13:36.890000
0.7561122308552579,1104,25,1,0,-1,0,0.0,0.0,2025-Jan-29-19:13:36.948249
0.5921787662199604,1105,25,1,0,0,1,0.0,1.9000000000000001,2025-Jan-29-19:13:37.022449
0.7561122308552579,1106,25,1,0,-1,0,0.0,0.0,2025-Jan-29-19:13:37.080376
0.7561122308552579,1107,25,1,0,-1,0,0.0,0.0,2025-Jan-29-19:13:37.137702
0.7185205030005031,1108,25,1,0,0,0,0.0,0.0,2025-Jan-29-19:13:37.182989
0.5921787662199604,1109,25,1,0,0,1,0.0,1.9000000000000001,2025-Jan-29-19:13:37.258185
0.7185205030005031,1110,25,1,0,0,0,0.0,0.0,2025-Jan-29-19:13:37.307209
0.5921787662199604,1111,25,1,0,0,1,0.0,1.9000000000000001,2025-Jan-29-19:13:37.382424
0.7185205030005031,1112,25,1,0,0,0,0.0,0.0,2025-Jan-29-19:13:37.427460
0.8060591477019475,1113,25,1,0,0,-1,0.0,0.0,2025-Jan-29-19:13:37.601429
0.5921787662199604,1114,25,1,0,0,1,0.0,1.9000000000000001,2025-Jan-29-19:13:37.713038
0.6298883869405699,1115,25,1,0,1,-1,1.9000000000000001,0.0,2025-Jan-29-19:13:37.825912
0.4160201626761834,1116,25,1,0,1,1,1.9000000000000001,1.9000000000000001,2025-Jan-29-19:13:37.919881
0.7185205030005031,1117,25,1,0,0,0,0.0,0.0,2025-Jan-29-19:13:37.962332
0.5423573219619376,1118,25,1,0,1,0,1.9000000000000001,0.0,2025-Jan-29-19:13:38.033006
0.9471794063316156,1119,25,1,1,0,1,0.0,1.9000000000000001,2025-Jan-29-19:13:38.103584
0.4160201626761834,1120,25,1,0,1,1,1.9000000000000001,1.9000000000000001,2025-Jan-29-19:13:38.197684
0.7185205030005031,1121,25,1,0,0,0,0.0,0.0,2025-Jan-29-19:13:38.240450
0.5423573219619376,1122,25,1,0,1,0,1.9000000000000001,0.0,2025-Jan-29-19:13:38.310959
0.7185205030005031,1123,25,1,0,0,0,0.0,0.0,2025-Jan-29-19:13:38.353282
0.7185205030005031,1124,25,1,0,0,0,0.0,0.0,2025-Jan-29-19:13:38.395858
0.5921787662199604,1125,25,1,0,0,1,0.0,1.9000000000000001,2025-Jan-29-19:13:38.466540
0.8060591477019475,1126,25,1,0,0,-1,0.0,0.0,2025-Jan-29-19:13:38.521849
0.6298883869405699,1127,25,1,0,1,-1,1.9000000000000001,0.0,2025-Jan-29-19:13:38.636064
0.7185205030005031,1128,25,1,0,0,0,0.0,0.0,2025-Jan-29-19:13:38.712540
0.5921787662199604,1129,25,1,0,0,1,0.0,1.9000000000000001,2025-Jan-29-19:13:38.805536
0.5423573219619376,1130,25,1,0,1,0,1.9000000000000001,0.0,2025-Jan-29-19:13:38.878809
0.629780506117975,1131,25,1,0,-1,1,0.0,1.9000000000000001,2025-Jan-29-19:13:38.962131
0.7185205030005031,1132,25,1,0,0,0,0.0,0.0,2025-Jan-29-19:13:39.004713
0.7185205030005031,1133,25,1,0,0,0,0.0,0.0,2025-Jan-29-19:13:39.046908
0.7561122308552579,1134,25,1,0,-1,0,0.0,0.0,2025-Jan-29-19:13:39.101306
0.5921787662199604,1135,25,1,0,0,1,0.0,1.9000000000000001,2025-Jan-29-19:13:39.171328
0.7185205030005031,1136,25,1,0,0,0,0.0,0.0,2025-Jan-29-19:13:39.213531
0.8060591477019475,1137,25,1,0,0,-1,0.0,0.0,2025-Jan-29-19:13:39.267773
0.7185205030005031,1138,25,1,0,0,0,0.0,0.0,2025-Jan-29-19:13:39.309468
0.7185205030005031,1139,25,1,0,0,0,0.0,0.0,2025-Jan-29-19:13:39.351735
0.7185205030005031,1140,25,1,0,0,0,0.0,0.0,2025-Jan-29-19:13:39.393932
0.9471794063316156,1141,25,1,1,0,1,0.0,1.9000000000000001,2025-Jan-29-19:13:39.464289
0.5921787662199604,1142,25,1,0,0,1,0.0,1.9000000000000001,2025-Jan-29-19:13:39.534696
0.5921787662199604,1143,25,1,0,0,1,0.0,1.9000000000000001,2025-Jan-29-19:13:39.626609
0.629780506117975,1144,25,1,0,-1,1,0.0,1.9000000000000001,2025-Jan-29-19:13:39.752269
0.8060591477019475,1145,25,1,0,0,-1,0.0,0.0,2025-Jan-29-19:13:39.809146
0.629780506117975,1146,25,1,0,-1,1,0.0,1.9000000000000001,2025-Jan-29-19:13:39.892903
0.7185205030005031,1147,25,1,0,0,0,0.0,0.0,2025-Jan-29-19:13:39.937776
0.6298883869405699,1148,25,1,0,1,-1,1.9000000000000001,0.0,2025-Jan-29-19:13:40.020905
0.7185205030005031,1149,25,1,0,0,0,0.0,0.0,2025-Jan-29-19:13:40.063359
0.7185205030005031,1150,25,1,0,0,0,0.0,0.0,2025-Jan-29-19:13:40.106217
0.6298883869405699,1151,25,1,0,1,-1,1.9000000000000001,0.0,2025-Jan-29-19:13:40.189463
0.7185205030005031,1152,25,1,0,0,0,0.0,0.0,2025-Jan-29-19:13:40.232303
0.629780506117975,1153,25,1,0,-1,1,0.0,1.9000000000000001,2025-Jan-29-19:13:40.315624
0.7561122308552579,1154,25,1,0,-1,0,0.0,0.0,2025-Jan-29-19:13:40.370713
0.7185205030005031,1155,25,1,0,0,0,0.0,0.0,2025-Jan-29-19:13:40.412922
0.7185205030005031,1156,25,1,0,0,0,0.0,0.0,2025-Jan-29-19:13:40.458838
0.8060591477019475,1157,25,1,0,0,-1,0.0,0.0,2025-Jan-29-19:13:40.515557
0.7185205030005031,1158,25,1,0,0,0,0.0,0.0,2025-Jan-29-19:13:40.575291
0.7185205030005031,1159,25,1,0,0,0,0.0,0.0,2025-Jan-29-19:13:40.654043
0.8060591477019475,1160,25,1,0,0,-1,0.0,0.0,2025-Jan-29-19:13:40.850132
0.4160201626761834,1161,25,1,0,1,1,1.9000000000000001,1.9000000000000001,2025-Jan-29-19:13:40.949249
0.7185205030005031,1162,25,1,0,0,0,0.0,0.0,2025-Jan-29-19:13:40.992737
0.5921787662199604,1163,25,1,0,0,1,0.0,1.9000000000000001,2025-Jan-29-19:13:41.072189
0.5423573219619376,1164,25,1,0,1,0,1.9000000000000001,0.0,2025-Jan-29-19:13:41.143494
0.7185205030005031,1165,25,1,0,0,0,0.0,0.0,2025-Jan-29-19:13:41.187779
0.7561122308552579,1166,25,1,0,-1,0,0.0,0.0,2025-Jan-29-19:13:41.244636
0.7185205030005031,1167,25,1,0,0,0,0.0,0.0,2025-Jan-29-19:13:41.288308
0.7185205030005031,1168,25,1,0,0,0,0.0,0.0,2025-Jan-29-19:13:41.332920
0.7185205030005031,1169,25,1,0,0,0,0.0,0.0,2025-Jan-29-19:13:41.376746
0.7185205030005031,1170,25,1,0,0,0,0.0,0.0,2025-Jan-29-19:13:41.420345
0.7185205030005031,1171,25,1,0,0,0,0.0,0.0,2025-Jan-29-19:13:41.464308
0.7185205030005031,1172,25,1,0,0,0,0.0,0.0,2025-Jan-29-19:13:41.508332
0.5921787662199604,1173,25,1,0,0,1,0.0,1.9000000000000001,2025-Jan-29-19:13:41.606723
0.7185205030005031,1174,25,1,0,0,0,0.0,0.0,2025-Jan-29-19:13:41.694565
0.5921787662199604,1175,25,1,0,0,1,0.0,1.9000000000000001,2025-Jan-29-19:13:41.795246
0.7185205030005031,1176,25,1,0,0,0,0.0,0.0,2025-Jan-29-19:13:41.839341
0.6298883869405699,1177,25,1,0,1,-1,1.9000000000000001,0.0,2025-Jan-29-19:13:41.925673
0.7185205030005031,1178,25,1,0,0,0,0.0,0.0,2025-Jan-29-19:13:41.969891
0.5921787662199604,1179,25,1,0,0,1,0.0,1.9000000000000001,2025-Jan-29-19:13:42.042824
0.7185205030005031,1180,25,1,0,0,0,0.0,0.0,2025-Jan-29-19:13:42.085684
0.629780506117975,1181,25,1,0,-1,1,0.0,1.9000000000000001,2025-Jan-29-19:13:42.171554
0.7185205030005031,1182,25,1,0,0,0,0.0,0.0,2025-Jan-29-19:13:42.214415
0.8060591477019475,1183,25,1,0,0,-1,0.0,0.0,2025-Jan-29-19:13:42.271063
0.7185205030005031,1184,25,1,0,0,0,0.0,0.0,2025-Jan-29-19:13:42.315054
0.8436562666978078,1185,25,1,0,-1,-1,0.0,0.0,2025-Jan-29-19:13:42.383515
0.4160201626761834,1186,25,1,0,1,1,1.9000000000000001,1.9000000000000001,2025-Jan-29-19:13:42.478884
0.7185205030005031,1187,25,1,0,0,0,0.0,0.0,2025-Jan-29-19:13:42.521595
0.7185205030005031,1188,25,1,0,0,0,0.0,0.0,2025-Jan-29-19:13:42.584702
0.7185205030005031,1189,25,1,0,0,0,0.0,0.0,2025-Jan-29-19:13:42.676015
0.5921787662199604,1190,25,1,0,0,1,0.0,1.9000000000000001,2025-Jan-29-19:13:42.788694
1.1986569067802102,1191,25,1,1,-1,-1,0.0,0.0,2025-Jan-29-19:13:42.860366
0.7185205030005031,1192,25,1,0,0,0,0.0,0.0,2025-Jan-29-19:13:42.908388
0.7185205030005031,1193,25,1,0,0,0,0.0,0.0,2025-Jan-29-19:13:42.952371
0.7185205030005031,1194,25,1,0,0,0,0.0,0.0,2025-Jan-29-19:13:42.995080
0.5921787662199604,1195,25,1,0,0,1,0.0,1.9000000000000001,2025-Jan-29-19:13:43.065585
0.629780506117975,1196,25,1,0,-1,1,0.0,1.9000000000000001,2025-Jan-29-19:13:43.148732
0.7185205030005031,1197,25,1,0,0,0,0.0,0.0,2025-Jan-29-19:13:43.260794
0.7185205030005031,1198,25,1,0,0,0,0.0,0.0,2025-Jan-29-19:13:43.304783
0.7185205030005031,1199,25,1,0,0,0,0.0,0.0,2025-Jan-29-19:13:43.347795
0.7185205030005031,1200,25,1,0,0,0,0.0,0.0,2025-Jan-29-19:13:43.390388
0.7185205030005031,1201,25,1,0,0,0,0.0,0.0,2025-Jan-29-19:13:43.432682
0.5423573219619376,1202,25,1,0,1,0,1.9000000000000001,0.0,2025-Jan-29-19:13:43.503580
0.5921787662199604,1203,25,1,0,0,1,0.0,1.9000000000000001,2025-Jan-29-19:13:43.601498
0.5423573219619376,1204,25,1,0,1,0,1.9000000000000001,0.0,2025-Jan-29-19:13:43.712544
0.5921787662199604,1205,25,1,0,0,1,0.0,1.9000000000000001,2025-Jan-29-19:13:43.808928
0.8060591477019475,1206,25,1,0,0,-1,0.0,0.0,2025-Jan-29-19:13:43.863833
0.7185205030005031,1207,25,1,0,0,0,0.0,0.0,2025-Jan-29-19:13:43.906506
0.7185205030005031,1208,25,1,0,0,0,0.0,0.0,2025-Jan-29-19:13:43.948674
0.6298883869405699,1209,25,1,0,1,-1,1.9000000000000001,0.0,2025-Jan-29-19:13:44.031758
0.5423573219619376,1210,25,1,0,1,0,1.9000000000000001,0.0,2025-Jan-29-19:13:44.107103
0.5423573219619376,1211,25,1,0,1,0,1.9000000000000001,0.0,2025-Jan-29-19:13:44.179098
0.5921787662199604,1212,25,1,0,0,1,0.0,1.9000000000000001,2025-Jan-29-19:13:44.250069
0.5921787662199604,1213,25,1,0,0,1,0.0,1.9000000000000001,2025-Jan-29-19:13:44.324009
0.6298883869405699,1214,25,1,0,1,-1,1.9000000000000001,0.0,2025-Jan-29-19:13:44.407587
0.4160201626761834,1215,25,1,0,1,1,1.9000000000000001,1.9000000000000001,2025-Jan-29-19:13:44.500706
0.6298883869405699,1216,25,1,0,1,-1,1.9000000000000001,0.0,2025-Jan-29-19:13:44.599785
0.5423573219619376,1217,25,1,0,1,0,1.9000000000000001,0.0,2025-Jan-29-19:13:44.714384
0.7185205030005031,1218,25,1,0,0,0,0.0,0.0,2025-Jan-29-19:13:44.784103
0.7185205030005031,1219,25,1,0,0,0,0.0,0.0,2025-Jan-29-19:13:44.827939
0.7185205030005031,1220,25,1,0,0,0,0.0,0.0,2025-Jan-29-19:13:44.871918
0.5423573219619376,1221,25,1,0,1,0,1.9000000000000001,0.0,2025-Jan-29-19:13:44.943214
0.5423573219619376,1222,25,1,0,1,0,1.9000000000000001,0.0,2025-Jan-29-19:13:45.014497
0.7185205030005031,1223,25,1,0,0,0,0.0,0.0,2025-Jan-29-19:13:45.057438
0.7185205030005031,1224,25,1,0,0,0,0.0,0.0,2025-Jan-29-19:13:45.100881
0.4160201626761834,1225,25,1,0,1,1,1.9000000000000001,1.9000000000000001,2025-Jan-29-19:13:45.195765
0.7185205030005031,1226,25,1,0,0,0,0.0,0.0,2025-Jan-29-19:13:45.238795
0.5423573219619376,1227,25,1,0,1,0,1.9000000000000001,0.0,2025-Jan-29-19:13:45.309800
0.4160201626761834,1228,25,1,0,1,1,1.9000000000000001,1.9000000000000001,2025-Jan-29-19:13:45.404087
0.8060591477019475,1229,25,1,0,0,-1,0.0,0.0,2025-Jan-29-19:13:45.459031
0.4160201626761834,1230,25,1,0,1,1,1.9000000000000001,1.9000000000000001,2025-Jan-29-19:13:45.573093
0.5921787662199604,1231,25,1,0,0,1,0.0,1.9000000000000001,2025-Jan-29-19:13:45.683587
0.8060591477019475,1232,25,1,0,0,-1,0.0,0.0,2025-Jan-29-19:13:45.772969
0.6298883869405699,1233,25,1,0,1,-1,1.9000000000000001,0.0,2025-Jan-29-19:13:45.857233
0.6298883869405699,1234,25,1,0,1,-1,1.9000000000000001,0.0,2025-Jan-29-19:13:45.943599
0.4160201626761834,1235,25,1,0,1,1,1.9000000000000001,1.9000000000000001,2025-Jan-29-19:13:46.042193
0.5423573219619376,1236,25,1,0,1,0,1.9000000000000001,0.0,2025-Jan-29-19:13:46.115325
0.4160201626761834,1237,25,1,0,1,1,1.9000000000000001,1.9000000000000001,2025-Jan-29-19:13:46.209121
0.5423573219619376,1238,25,1,0,1,0,1.9000000000000001,0.0,2025-Jan-29-19:13:46.279780
0.5423573219619376,1239,25,1,0,1,0,1.9000000000000001,0.0,2025-Jan-29-19:13:46.351197
0.7185205030005031,1240,25,1,0,0,0,0.0,0.0,2025-Jan-29-19:13:46.394101
1.1986569067802102,1241,25,1,1,-1,-1,0.0,0.0,2025-Jan-29-19:13:46.461091
0.5921787662199604,1242,25,1,0,0,1,0.0,1.9000000000000001,2025-Jan-29-19:13:46.531520
0.4160201626761834,1243,25,1,0,1,1,1.9000000000000001,1.9000000000000001,2025-Jan-29-19:13:46.651277
0.4160201626761834,1244,25,1,0,1,1,1.9000000000000001,1.9000000000000001,2025-Jan-29-19:13:46.782626
0.5423573219619376,1245,25,1,0,1,0,1.9000000000000001,0.0,2025-Jan-29-19:13:46.855058
0.629780506117975,1246,25,1,0,-1,1,0.0,1.9000000000000001,2025-Jan-29-19:13:47.010838
0.8060591477019475,1247,25,1,0,0,-1,0.0,0.0,2025-Jan-29-19:13:47.072626
0.6298883869405699,1248,25,1,0,1,-1,1.9000000000000001,0.0,2025-Jan-29-19:13:47.166006
0.5423573219619376,1249,25,1,0,1,0,1.9000000000000001,0.0,2025-Jan-29-19:13:47.237840
0.7185205030005031,1250,25,1,0,0,0,0.0,0.0,2025-Jan-29-19:13:47.280593
0.6298883869405699,1251,25,1,0,1,-1,1.9000000000000001,0.0,2025-Jan-29-19:13:47.364925
0.6298883869405699,1252,25,1,0,1,-1,1.9000000000000001,0.0,2025-Jan-29-19:13:47.447737
0.4160201626761834,1253,25,1,0,1,1,1.9000000000000001,1.9000000000000001,2025-Jan-29-19:13:47.541651
0.7185205030005031,1254,25,1,0,0,0,0.0,0.0,2025-Jan-29-19:13:47.600588
0.7185205030005031,1255,25,1,0,0,0,0.0,0.0,2025-Jan-29-19:13:47.670519
0.6298883869405699,1256,25,1,0,1,-1,1.9000000000000001,0.0,2025-Jan-29-19:13:47.792300
0.4160201626761834,1257,25,1,0,1,1,1.9000000000000001,1.9000000000000001,2025-Jan-29-19:13:47.890005
0.4160201626761834,1258,25,1,0,1,1,1.9000000000000001,1.9000000000000001,2025-Jan-29-19:13:47.985507
0.5921787662199604,1259,25,1,0,0,1,0.0,1.9000000000000001,2025-Jan-29-19:13:48.056829
