Cost,Sim,Switch_State_Indx,Gen1_on,Gen2_on,Batt1_mode,Batt2_mode,Batt1_power_kW,Batt2_power_kW,Timestamp
0.8973579620796409,33946,25,1,1,1,0,1.9000000000000001,0.0,2025-Jan-29-19:54:05.037143
1.0735211430969913,33947,25,1,1,0,0,0.0,0.0,2025-Jan-29-19:54:05.107109
0.8060591477019475,33948,25,1,0,0,-1,0.0,0.0,2025-Jan-29-19:54:05.187908
1.0735211430969913,33949,25,1,1,0,0,0.0,0.0,2025-Jan-29-19:54:05.255879
0.8436562666978078,33950,25,1,0,-1,-1,0.0,0.0,2025-Jan-29-19:54:05.341610
0.7561122308552579,33951,25,1,0,-1,0,0.0,0.0,2025-Jan-29-19:54:05.404748
0.6298883869405699,33952,25,1,0,1,-1,1.9000000000000001,0.0,2025-Jan-29-19:54:05.490188
0.5423573219619376,33953,25,1,0,1,0,1.9000000000000001,0.0,2025-Jan-29-19:54:05.562130
0.5921787662199604,33954,25,1,0,0,1,0.0,1.9000000000000001,2025-Jan-29-19:54:05.634434
0.7561122308552579,33955,25,1,0,-1,0,0.0,0.0,2025-Jan-29-19:54:05.690772
0.7185205030005031,33956,25,1,0,0,0,0.0,0.0,2025-Jan-29-19:54:05.735771
0.7185205030005031,33957,25,1,0,0,0,0.0,0.0,2025-Jan-29-19:54:05.779136
0.8060591477019475,33958,25,1,0,0,-1,0.0,0.0,2025-Jan-29-19:54:05.836460
0.8060591477019475,33959,25,1,0,0,-1,0.0,0.0,2025-Jan-29-19:54:05.894078
0.7185205030005031,33960,25,1,0,0,0,0.0,0.0,2025-Jan-29-19:54:05.937814
0.9848890270480929,33961,25,1,1,1,-1,1.9000000000000001,0.0,2025-Jan-29-19:54:06.022857
1.0735211430969913,33962,25,1,1,0,0,0.0,0.0,2025-Jan-29-19:54:06.081396
0.7561122308552579,33963,25,1,0,-1,0,0.0,0.0,2025-Jan-29-19:54:06.169429
0.7185205030005031,33964,25,1,0,0,0,0.0,0.0,2025-Jan-29-19:54:06.237290
0.6298883869405699,33965,25,1,0,1,-1,1.9000000000000001,0.0,2025-Jan-29-19:54:06.351124
0.629780506117975,33966,25,1,0,-1,1,0.0,1.9000000000000001,2025-Jan-29-19:54:06.437302
0.9760242519712691,33967,25,1,1,-1,1,0.0,1.9000000000000001,2025-Jan-29-19:54:06.521965
0.7185205030005031,33968,25,1,0,0,0,0.0,0.0,2025-Jan-29-19:54:06.567221
1.0735211430969913,33969,25,1,1,0,0,0.0,0.0,2025-Jan-29-19:54:06.611363
0.7185205030005031,33970,25,1,0,0,0,0.0,0.0,2025-Jan-29-19:54:06.654636
0.629780506117975,33971,25,1,0,-1,1,0.0,1.9000000000000001,2025-Jan-29-19:54:06.738142
0.7561122308552579,33972,25,1,0,-1,0,0.0,0.0,2025-Jan-29-19:54:06.793602
0.5423573219619376,33973,25,1,0,1,0,1.9000000000000001,0.0,2025-Jan-29-19:54:06.865236
1.1111128709475113,33974,25,1,1,-1,0,0.0,0.0,2025-Jan-29-19:54:06.921656
1.0735211430969913,33975,25,1,1,0,0,0.0,0.0,2025-Jan-29-19:54:06.965030
1.0735211430969913,33976,25,1,1,0,0,0.0,0.0,2025-Jan-29-19:54:07.008694
0.7185205030005031,33977,25,1,0,0,0,0.0,0.0,2025-Jan-29-19:54:07.068764
0.6298883869405699,33978,25,1,0,1,-1,1.9000000000000001,0.0,2025-Jan-29-19:54:07.191563
0.9471794063316156,33979,25,1,1,0,1,0.0,1.9000000000000001,2025-Jan-29-19:54:07.288649
0.7710208028095181,33980,25,1,1,1,1,1.9000000000000001,1.9000000000000001,2025-Jan-29-19:54:07.386818
0.8436562666978078,33981,25,1,0,-1,-1,0.0,0.0,2025-Jan-29-19:54:07.455128
1.1111128709475113,33982,25,1,1,-1,0,0.0,0.0,2025-Jan-29-19:54:07.511002
0.4160201626761834,33983,25,1,0,1,1,1.9000000000000001,1.9000000000000001,2025-Jan-29-19:54:07.605306
0.8973579620796409,33984,25,1,1,1,0,1.9000000000000001,0.0,2025-Jan-29-19:54:07.676430
0.5423573219619376,33985,25,1,0,1,0,1.9000000000000001,0.0,2025-Jan-29-19:54:07.748408
0.5423573219619376,33986,25,1,0,1,0,1.9000000000000001,0.0,2025-Jan-29-19:54:07.820041
0.8973579620796409,33987,25,1,1,1,0,1.9000000000000001,0.0,2025-Jan-29-19:54:07.891995
1.0735211430969913,33988,25,1,1,0,0,0.0,0.0,2025-Jan-29-19:54:07.935578
0.8973579620796409,33989,25,1,1,1,0,1.9000000000000001,0.0,2025-Jan-29-19:54:08.008254
0.7185205030005031,33990,25,1,0,0,0,0.0,0.0,2025-Jan-29-19:54:08.076006
0.9760242519712691,33991,25,1,1,-1,1,0.0,1.9000000000000001,2025-Jan-29-19:54:08.205394
1.0735211430969913,33992,25,1,1,0,0,0.0,0.0,2025-Jan-29-19:54:08.271121
0.7185205030005031,33993,25,1,0,0,0,0.0,0.0,2025-Jan-29-19:54:08.316141
1.161059787788528,33994,25,1,1,0,-1,0.0,0.0,2025-Jan-29-19:54:08.371955
0.8060591477019475,33995,25,1,0,0,-1,0.0,0.0,2025-Jan-29-19:54:08.427016
1.0735211430969913,33996,25,1,1,0,0,0.0,0.0,2025-Jan-29-19:54:08.469927
0.7561122308552579,33997,25,1,0,-1,0,0.0,0.0,2025-Jan-29-19:54:08.525125
0.7710208028095181,33998,25,1,1,1,1,1.9000000000000001,1.9000000000000001,2025-Jan-29-19:54:08.619881
0.8973579620796409,33999,25,1,1,1,0,1.9000000000000001,0.0,2025-Jan-29-19:54:08.690915
1.1111128709475113,34000,25,1,1,-1,0,0.0,0.0,2025-Jan-29-19:54:08.746312
0.9848890270480929,34001,25,1,1,1,-1,1.9000000000000001,0.0,2025-Jan-29-19:54:08.832072
1.0735211430969913,34002,25,1,1,0,0,0.0,0.0,2025-Jan-29-19:54:08.875200
0.5921787662199604,34003,25,1,0,0,1,0.0,1.9000000000000001,2025-Jan-29-19:54:08.947190
0.7561122308552579,34004,25,1,0,-1,0,0.0,0.0,2025-Jan-29-19:54:09.002649
0.8973579620796409,34005,25,1,1,1,0,1.9000000000000001,0.0,2025-Jan-29-19:54:09.098230
0.7561122308552579,34006,25,1,0,-1,0,0.0,0.0,2025-Jan-29-19:54:09.195538
0.8060591477019475,34007,25,1,0,0,-1,0.0,0.0,2025-Jan-29-19:54:09.270032
1.0735211430969913,34008,25,1,1,0,0,0.0,0.0,2025-Jan-29-19:54:09.315736
0.7185205030005031,34009,25,1,0,0,0,0.0,0.0,2025-Jan-29-19:54:09.359283
0.8060591477019475,34010,25,1,0,0,-1,0.0,0.0,2025-Jan-29-19:54:09.414891
0.7710208028095181,34011,25,1,1,1,1,1.9000000000000001,1.9000000000000001,2025-Jan-29-19:54:09.508902
0.5423573219619376,34012,25,1,0,1,0,1.9000000000000001,0.0,2025-Jan-29-19:54:09.580317
0.8060591477019475,34013,25,1,0,0,-1,0.0,0.0,2025-Jan-29-19:54:09.642349
0.5423573219619376,34014,25,1,0,1,0,1.9000000000000001,0.0,2025-Jan-29-19:54:09.716161
0.9471794063316156,34015,25,1,1,0,1,0.0,1.9000000000000001,2025-Jan-29-19:54:09.789495
1.0735211430969913,34016,25,1,1,0,0,0.0,0.0,2025-Jan-29-19:54:09.833408
1.0735211430969913,34017,25,1,1,0,0,0.0,0.0,2025-Jan-29-19:54:09.877067
0.9760242519712691,34018,25,1,1,-1,1,0.0,1.9000000000000001,2025-Jan-29-19:54:09.961978
1.0735211430969913,34019,25,1,1,0,0,0.0,0.0,2025-Jan-29-19:54:10.006390
1.0735211430969913,34020,25,1,1,0,0,0.0,0.0,2025-Jan-29-19:54:10.066413
0.8060591477019475,34021,25,1,0,0,-1,0.0,0.0,2025-Jan-29-19:54:10.155662
0.7710208028095181,34022,25,1,1,1,1,1.9000000000000001,1.9000000000000001,2025-Jan-29-19:54:10.293999
0.629780506117975,34023,25,1,0,-1,1,0.0,1.9000000000000001,2025-Jan-29-19:54:10.381053
0.9760242519712691,34024,25,1,1,-1,1,0.0,1.9000000000000001,2025-Jan-29-19:54:10.468074
1.161059787788528,34025,25,1,1,0,-1,0.0,0.0,2025-Jan-29-19:54:10.524245
1.1986569067802102,34026,25,1,1,-1,-1,0.0,0.0,2025-Jan-29-19:54:10.594500
0.8060591477019475,34027,25,1,0,0,-1,0.0,0.0,2025-Jan-29-19:54:10.650160
0.6298883869405699,34028,25,1,0,1,-1,1.9000000000000001,0.0,2025-Jan-29-19:54:10.735912
0.8973579620796409,34029,25,1,1,1,0,1.9000000000000001,0.0,2025-Jan-29-19:54:10.808736
1.0735211430969913,34030,25,1,1,0,0,0.0,0.0,2025-Jan-29-19:54:10.856028
1.0735211430969913,34031,25,1,1,0,0,0.0,0.0,2025-Jan-29-19:54:10.907533
1.1111128709475113,34032,25,1,1,-1,0,0.0,0.0,2025-Jan-29-19:54:10.969037
0.7185205030005031,34033,25,1,0,0,0,0.0,0.0,2025-Jan-29-19:54:11.013772
1.0735211430969913,34034,25,1,1,0,0,0.0,0.0,2025-Jan-29-19:54:11.081708
0.9760242519712691,34035,25,1,1,-1,1,0.0,1.9000000000000001,2025-Jan-29-19:54:11.212938
1.161059787788528,34036,25,1,1,0,-1,0.0,0.0,2025-Jan-29-19:54:11.293208
1.0735211430969913,34037,25,1,1,0,0,0.0,0.0,2025-Jan-29-19:54:11.337921
0.7185205030005031,34038,25,1,0,0,0,0.0,0.0,2025-Jan-29-19:54:11.381336
0.7561122308552579,34039,25,1,0,-1,0,0.0,0.0,2025-Jan-29-19:54:11.437099
1.0735211430969913,34040,25,1,1,0,0,0.0,0.0,2025-Jan-29-19:54:11.479917
1.1986569067802102,34041,25,1,1,-1,-1,0.0,0.0,2025-Jan-29-19:54:11.548770
1.0735211430969913,34042,25,1,1,0,0,0.0,0.0,2025-Jan-29-19:54:11.592893
1.161059787788528,34043,25,1,1,0,-1,0.0,0.0,2025-Jan-29-19:54:11.649254
0.7185205030005031,34044,25,1,0,0,0,0.0,0.0,2025-Jan-29-19:54:11.692932
0.9471794063316156,34045,25,1,1,0,1,0.0,1.9000000000000001,2025-Jan-29-19:54:11.764981
0.8060591477019475,34046,25,1,0,0,-1,0.0,0.0,2025-Jan-29-19:54:11.820525
0.7185205030005031,34047,25,1,0,0,0,0.0,0.0,2025-Jan-29-19:54:11.865617
0.7185205030005031,34048,25,1,0,0,0,0.0,0.0,2025-Jan-29-19:54:11.909615
0.8060591477019475,34049,25,1,0,0,-1,0.0,0.0,2025-Jan-29-19:54:11.965899
0.7185205030005031,34050,25,1,0,0,0,0.0,0.0,2025-Jan-29-19:54:12.008993
1.0735211430969913,34051,25,1,1,0,0,0.0,0.0,2025-Jan-29-19:54:12.073945
0.7185205030005031,34052,25,1,0,0,0,0.0,0.0,2025-Jan-29-19:54:12.157159
0.8436562666978078,34053,25,1,0,-1,-1,0.0,0.0,2025-Jan-29-19:54:12.263913
0.7185205030005031,34054,25,1,0,0,0,0.0,0.0,2025-Jan-29-19:54:12.654830
0.7561122308552579,34055,25,1,0,-1,0,0.0,0.0,2025-Jan-29-19:54:12.712378
0.7185205030005031,34056,25,1,0,0,0,0.0,0.0,2025-Jan-29-19:54:12.756028
0.7185205030005031,34057,25,1,0,0,0,0.0,0.0,2025-Jan-29-19:54:12.800927
0.7185205030005031,34058,25,1,0,0,0,0.0,0.0,2025-Jan-29-19:54:12.844053
0.7185205030005031,34059,25,1,0,0,0,0.0,0.0,2025-Jan-29-19:54:12.887843
0.7185205030005031,34060,25,1,0,0,0,0.0,0.0,2025-Jan-29-19:54:12.931682
0.7185205030005031,34061,25,1,0,0,0,0.0,0.0,2025-Jan-29-19:54:12.975594
0.7185205030005031,34062,25,1,0,0,0,0.0,0.0,2025-Jan-29-19:54:13.018675
0.7185205030005031,34063,25,1,0,0,0,0.0,0.0,2025-Jan-29-19:54:13.080827
0.7185205030005031,34064,25,1,0,0,0,0.0,0.0,2025-Jan-29-19:54:13.144677
0.7185205030005031,34065,25,1,0,0,0,0.0,0.0,2025-Jan-29-19:54:13.212730
0.7185205030005031,34066,25,1,0,0,0,0.0,0.0,2025-Jan-29-19:54:13.268684
0.7185205030005031,34067,25,1,0,0,0,0.0,0.0,2025-Jan-29-19:54:13.315826
0.7185205030005031,34068,25,1,0,0,0,0.0,0.0,2025-Jan-29-19:54:13.362695
0.7185205030005031,34069,25,1,0,0,0,0.0,0.0,2025-Jan-29-19:54:13.406926
0.7185205030005031,34070,25,1,0,0,0,0.0,0.0,2025-Jan-29-19:54:13.450490
0.7185205030005031,34071,25,1,0,0,0,0.0,0.0,2025-Jan-29-19:54:13.494747
0.7185205030005031,34072,25,1,0,0,0,0.0,0.0,2025-Jan-29-19:54:13.537862
0.7185205030005031,34073,25,1,0,0,0,0.0,0.0,2025-Jan-29-19:54:13.582184
0.7185205030005031,34074,25,1,0,0,0,0.0,0.0,2025-Jan-29-19:54:13.625801
0.7185205030005031,34075,25,1,0,0,0,0.0,0.0,2025-Jan-29-19:54:13.670147
0.7185205030005031,34076,25,1,0,0,0,0.0,0.0,2025-Jan-29-19:54:13.714454
0.7185205030005031,34077,25,1,0,0,0,0.0,0.0,2025-Jan-29-19:54:13.759018
0.7185205030005031,34078,25,1,0,0,0,0.0,0.0,2025-Jan-29-19:54:13.802918
0.7561122308552579,34079,25,1,0,-1,0,0.0,0.0,2025-Jan-29-19:54:13.859796
0.7185205030005031,34080,25,1,0,0,0,0.0,0.0,2025-Jan-29-19:54:13.903276
0.7185205030005031,34081,25,1,0,0,0,0.0,0.0,2025-Jan-29-19:54:13.947546
0.7185205030005031,34082,25,1,0,0,0,0.0,0.0,2025-Jan-29-19:54:13.993418
0.6298883869405699,34083,25,1,0,1,-1,1.9000000000000001,0.0,2025-Jan-29-19:54:14.098954
0.7185205030005031,34084,25,1,0,0,0,0.0,0.0,2025-Jan-29-19:54:14.165614
0.629780506117975,34085,25,1,0,-1,1,0.0,1.9000000000000001,2025-Jan-29-19:54:14.281372
0.7185205030005031,34086,25,1,0,0,0,0.0,0.0,2025-Jan-29-19:54:14.331238
0.7185205030005031,34087,25,1,0,0,0,0.0,0.0,2025-Jan-29-19:54:14.376340
0.7185205030005031,34088,25,1,0,0,0,0.0,0.0,2025-Jan-29-19:54:14.419971
0.7185205030005031,34089,25,1,0,0,0,0.0,0.0,2025-Jan-29-19:54:14.464113
0.7185205030005031,34090,25,1,0,0,0,0.0,0.0,2025-Jan-29-19:54:14.507617
0.7185205030005031,34091,25,1,0,0,0,0.0,0.0,2025-Jan-29-19:54:14.551459
0.7185205030005031,34092,25,1,0,0,0,0.0,0.0,2025-Jan-29-19:54:14.597283
0.7185205030005031,34093,25,1,0,0,0,0.0,0.0,2025-Jan-29-19:54:14.641805
0.7185205030005031,34094,25,1,0,0,0,0.0,0.0,2025-Jan-29-19:54:14.686075
0.7185205030005031,34095,25,1,0,0,0,0.0,0.0,2025-Jan-29-19:54:14.729686
0.7185205030005031,34096,25,1,0,0,0,0.0,0.0,2025-Jan-29-19:54:14.773610
0.7185205030005031,34097,25,1,0,0,0,0.0,0.0,2025-Jan-29-19:54:14.817280
0.7185205030005031,34098,25,1,0,0,0,0.0,0.0,2025-Jan-29-19:54:14.860728
0.5423573219619376,34099,25,1,0,1,0,1.9000000000000001,0.0,2025-Jan-29-19:54:14.932491
0.7185205030005031,34100,25,1,0,0,0,0.0,0.0,2025-Jan-29-19:54:14.976352
1.1111128709475113,34101,25,1,1,-1,0,0.0,0.0,2025-Jan-29-19:54:15.032133
0.7185205030005031,34102,25,1,0,0,0,0.0,0.0,2025-Jan-29-19:54:15.086470
0.7185205030005031,34103,25,1,0,0,0,0.0,0.0,2025-Jan-29-19:54:15.156397
0.7185205030005031,34104,25,1,0,0,0,0.0,0.0,2025-Jan-29-19:54:15.233335
0.7185205030005031,34105,25,1,0,0,0,0.0,0.0,2025-Jan-29-19:54:15.300279
0.7185205030005031,34106,25,1,0,0,0,0.0,0.0,2025-Jan-29-19:54:15.348026
0.7185205030005031,34107,25,1,0,0,0,0.0,0.0,2025-Jan-29-19:54:15.392101
0.7185205030005031,34108,25,1,0,0,0,0.0,0.0,2025-Jan-29-19:54:15.435352
0.7185205030005031,34109,25,1,0,0,0,0.0,0.0,2025-Jan-29-19:54:15.478907
0.7185205030005031,34110,25,1,0,0,0,0.0,0.0,2025-Jan-29-19:54:15.522567
0.7185205030005031,34111,25,1,0,0,0,0.0,0.0,2025-Jan-29-19:54:15.566224
0.7185205030005031,34112,25,1,0,0,0,0.0,0.0,2025-Jan-29-19:54:15.610155
0.7710208028095181,34113,25,1,1,1,1,1.9000000000000001,1.9000000000000001,2025-Jan-29-19:54:15.704451
0.7185205030005031,34114,25,1,0,0,0,0.0,0.0,2025-Jan-29-19:54:15.747924
0.7185205030005031,34115,25,1,0,0,0,0.0,0.0,2025-Jan-29-19:54:15.791152
0.7185205030005031,34116,25,1,0,0,0,0.0,0.0,2025-Jan-29-19:54:15.836881
1.1111128709475113,34117,25,1,1,-1,0,0.0,0.0,2025-Jan-29-19:54:15.892711
0.7185205030005031,34118,25,1,0,0,0,0.0,0.0,2025-Jan-29-19:54:15.936337
0.4160201626761834,34119,25,1,0,1,1,1.9000000000000001,1.9000000000000001,2025-Jan-29-19:54:16.033268
0.7185205030005031,34120,25,1,0,0,0,0.0,0.0,2025-Jan-29-19:54:16.089629
0.7185205030005031,34121,25,1,0,0,0,0.0,0.0,2025-Jan-29-19:54:16.168898
0.7185205030005031,34122,25,1,0,0,0,0.0,0.0,2025-Jan-29-19:54:16.240392
0.7185205030005031,34123,25,1,0,0,0,0.0,0.0,2025-Jan-29-19:54:16.306484
0.7185205030005031,34124,25,1,0,0,0,0.0,0.0,2025-Jan-29-19:54:16.353496
0.7185205030005031,34125,25,1,0,0,0,0.0,0.0,2025-Jan-29-19:54:16.397266
0.7185205030005031,34126,25,1,0,0,0,0.0,0.0,2025-Jan-29-19:54:16.439555
0.7185205030005031,34127,25,1,0,0,0,0.0,0.0,2025-Jan-29-19:54:16.482807
0.7185205030005031,34128,25,1,0,0,0,0.0,0.0,2025-Jan-29-19:54:16.525268
1.0735211430969913,34129,25,1,1,0,0,0.0,0.0,2025-Jan-29-19:54:16.568251
0.7185205030005031,34130,25,1,0,0,0,0.0,0.0,2025-Jan-29-19:54:16.611134
0.8973579620796409,34131,25,1,1,1,0,1.9000000000000001,0.0,2025-Jan-29-19:54:16.682272
0.7185205030005031,34132,25,1,0,0,0,0.0,0.0,2025-Jan-29-19:54:16.725349
0.7185205030005031,34133,25,1,0,0,0,0.0,0.0,2025-Jan-29-19:54:16.768223
0.7185205030005031,34134,25,1,0,0,0,0.0,0.0,2025-Jan-29-19:54:16.810974
0.7185205030005031,34135,25,1,0,0,0,0.0,0.0,2025-Jan-29-19:54:16.854271
0.7185205030005031,34136,25,1,0,0,0,0.0,0.0,2025-Jan-29-19:54:16.897041
1.0735211430969913,34137,25,1,1,0,0,0.0,0.0,2025-Jan-29-19:54:16.939779
0.7185205030005031,34138,25,1,0,0,0,0.0,0.0,2025-Jan-29-19:54:16.982339
0.7185205030005031,34139,25,1,0,0,0,0.0,0.0,2025-Jan-29-19:54:17.025345
0.7185205030005031,34140,25,1,0,0,0,0.0,0.0,2025-Jan-29-19:54:17.087068
1.161059787788528,34141,25,1,1,0,-1,0.0,0.0,2025-Jan-29-19:54:17.181024
0.7185205030005031,34142,25,1,0,0,0,0.0,0.0,2025-Jan-29-19:54:17.255834
0.8060591477019475,34143,25,1,0,0,-1,0.0,0.0,2025-Jan-29-19:54:17.335850
0.7185205030005031,34144,25,1,0,0,0,0.0,0.0,2025-Jan-29-19:54:17.381432
0.7185205030005031,34145,25,1,0,0,0,0.0,0.0,2025-Jan-29-19:54:17.425508
0.7185205030005031,34146,25,1,0,0,0,0.0,0.0,2025-Jan-29-19:54:17.468330
1.0735211430969913,34147,25,1,1,0,0,0.0,0.0,2025-Jan-29-19:54:17.513566
0.7185205030005031,34148,25,1,0,0,0,0.0,0.0,2025-Jan-29-19:54:17.556233
0.8060591477019475,34149,25,1,0,0,-1,0.0,0.0,2025-Jan-29-19:54:17.612821
0.7185205030005031,34150,25,1,0,0,0,0.0,0.0,2025-Jan-29-19:54:17.656350
1.0735211430969913,34151,25,1,1,0,0,0.0,0.0,2025-Jan-29-19:54:17.970298
0.7185205030005031,34152,25,1,0,0,0,0.0,0.0,2025-Jan-29-19:54:18.016154
0.8436562666978078,34153,25,1,0,-1,-1,0.0,0.0,2025-Jan-29-19:54:18.115391
0.7185205030005031,34154,25,1,0,0,0,0.0,0.0,2025-Jan-29-19:54:18.188102
0.7561122308552579,34155,25,1,0,-1,0,0.0,0.0,2025-Jan-29-19:54:18.265130
0.7185205030005031,34156,25,1,0,0,0,0.0,0.0,2025-Jan-29-19:54:18.311062
0.6298883869405699,34157,25,1,0,1,-1,1.9000000000000001,0.0,2025-Jan-29-19:54:18.396090
0.7185205030005031,34158,25,1,0,0,0,0.0,0.0,2025-Jan-29-19:54:18.439611
0.7185205030005031,34159,25,1,0,0,0,0.0,0.0,2025-Jan-29-19:54:18.482938
0.7185205030005031,34160,25,1,0,0,0,0.0,0.0,2025-Jan-29-19:54:18.530575
0.5921787662199604,34161,25,1,0,0,1,0.0,1.9000000000000001,2025-Jan-29-19:54:18.605992
0.7185205030005031,34162,25,1,0,0,0,0.0,0.0,2025-Jan-29-19:54:18.649227
0.7185205030005031,34163,25,1,0,0,0,0.0,0.0,2025-Jan-29-19:54:18.692763
0.7185205030005031,34164,25,1,0,0,0,0.0,0.0,2025-Jan-29-19:54:18.736173
0.7185205030005031,34165,25,1,0,0,0,0.0,0.0,2025-Jan-29-19:54:18.779359
0.7185205030005031,34166,25,1,0,0,0,0.0,0.0,2025-Jan-29-19:54:18.822113
0.7185205030005031,34167,25,1,0,0,0,0.0,0.0,2025-Jan-29-19:54:18.865750
0.7185205030005031,34168,25,1,0,0,0,0.0,0.0,2025-Jan-29-19:54:18.909053
0.7185205030005031,34169,25,1,0,0,0,0.0,0.0,2025-Jan-29-19:54:18.952346
0.7185205030005031,34170,25,1,0,0,0,0.0,0.0,2025-Jan-29-19:54:18.995805
0.8060591477019475,34171,25,1,0,0,-1,0.0,0.0,2025-Jan-29-19:54:19.074582
0.7185205030005031,34172,25,1,0,0,0,0.0,0.0,2025-Jan-29-19:54:19.165749
0.7185205030005031,34173,25,1,0,0,0,0.0,0.0,2025-Jan-29-19:54:19.236414
0.7185205030005031,34174,25,1,0,0,0,0.0,0.0,2025-Jan-29-19:54:19.292874
0.7185205030005031,34175,25,1,0,0,0,0.0,0.0,2025-Jan-29-19:54:19.337821
0.7185205030005031,34176,25,1,0,0,0,0.0,0.0,2025-Jan-29-19:54:19.383487
0.7185205030005031,34177,25,1,0,0,0,0.0,0.0,2025-Jan-29-19:54:19.426950
0.7185205030005031,34178,25,1,0,0,0,0.0,0.0,2025-Jan-29-19:54:19.469882
0.7561122308552579,34179,25,1,0,-1,0,0.0,0.0,2025-Jan-29-19:54:19.525775
0.7185205030005031,34180,25,1,0,0,0,0.0,0.0,2025-Jan-29-19:54:19.568607
0.7185205030005031,34181,25,1,0,0,0,0.0,0.0,2025-Jan-29-19:54:19.611692
0.7185205030005031,34182,25,1,0,0,0,0.0,0.0,2025-Jan-29-19:54:19.654990
0.7185205030005031,34183,25,1,0,0,0,0.0,0.0,2025-Jan-29-19:54:19.698733
0.7185205030005031,34184,25,1,0,0,0,0.0,0.0,2025-Jan-29-19:54:19.742502
0.7185205030005031,34185,25,1,0,0,0,0.0,0.0,2025-Jan-29-19:54:19.786577
0.7185205030005031,34186,25,1,0,0,0,0.0,0.0,2025-Jan-29-19:54:19.829898
0.9760242519712691,34187,25,1,1,-1,1,0.0,1.9000000000000001,2025-Jan-29-19:54:19.913727
0.7185205030005031,34188,25,1,0,0,0,0.0,0.0,2025-Jan-29-19:54:19.957371
0.7185205030005031,34189,25,1,0,0,0,0.0,0.0,2025-Jan-29-19:54:20.000703
0.7185205030005031,34190,25,1,0,0,0,0.0,0.0,2025-Jan-29-19:54:20.043404
0.7185205030005031,34191,25,1,0,0,0,0.0,0.0,2025-Jan-29-19:54:20.111516
0.7185205030005031,34192,25,1,0,0,0,0.0,0.0,2025-Jan-29-19:54:20.179789
0.7185205030005031,34193,25,1,0,0,0,0.0,0.0,2025-Jan-29-19:54:20.246825
0.7185205030005031,34194,25,1,0,0,0,0.0,0.0,2025-Jan-29-19:54:20.312787
0.629780506117975,34195,25,1,0,-1,1,0.0,1.9000000000000001,2025-Jan-29-19:54:20.401870
0.7185205030005031,34196,25,1,0,0,0,0.0,0.0,2025-Jan-29-19:54:20.445051
0.7185205030005031,34197,25,1,0,0,0,0.0,0.0,2025-Jan-29-19:54:20.488595
0.7185205030005031,34198,25,1,0,0,0,0.0,0.0,2025-Jan-29-19:54:20.531733
0.7185205030005031,34199,25,1,0,0,0,0.0,0.0,2025-Jan-29-19:54:20.576333
0.7185205030005031,34200,25,1,0,0,0,0.0,0.0,2025-Jan-29-19:54:20.619321
0.7185205030005031,34201,25,1,0,0,0,0.0,0.0,2025-Jan-29-19:54:20.662590
0.7185205030005031,34202,25,1,0,0,0,0.0,0.0,2025-Jan-29-19:54:20.705588
1.0735211430969913,34203,25,1,1,0,0,0.0,0.0,2025-Jan-29-19:54:20.749386
0.7185205030005031,34204,25,1,0,0,0,0.0,0.0,2025-Jan-29-19:54:20.792618
1.0735211430969913,34205,25,1,1,0,0,0.0,0.0,2025-Jan-29-19:54:20.836248
0.7185205030005031,34206,25,1,0,0,0,0.0,0.0,2025-Jan-29-19:54:20.879338
0.7185205030005031,34207,25,1,0,0,0,0.0,0.0,2025-Jan-29-19:54:20.922867
0.7185205030005031,34208,25,1,0,0,0,0.0,0.0,2025-Jan-29-19:54:20.967460
0.7185205030005031,34209,25,1,0,0,0,0.0,0.0,2025-Jan-29-19:54:21.011489
0.7185205030005031,34210,25,1,0,0,0,0.0,0.0,2025-Jan-29-19:54:21.072836
0.7185205030005031,34211,25,1,0,0,0,0.0,0.0,2025-Jan-29-19:54:21.156398
0.7185205030005031,34212,25,1,0,0,0,0.0,0.0,2025-Jan-29-19:54:21.220992
0.7710208028095181,34213,25,1,1,1,1,1.9000000000000001,1.9000000000000001,2025-Jan-29-19:54:21.341200
0.7185205030005031,34214,25,1,0,0,0,0.0,0.0,2025-Jan-29-19:54:21.386664
0.7185205030005031,34215,25,1,0,0,0,0.0,0.0,2025-Jan-29-19:54:21.433221
0.7185205030005031,34216,25,1,0,0,0,0.0,0.0,2025-Jan-29-19:54:21.476426
1.1111128709475113,34217,25,1,1,-1,0,0.0,0.0,2025-Jan-29-19:54:21.532137
0.7185205030005031,34218,25,1,0,0,0,0.0,0.0,2025-Jan-29-19:54:21.575333
0.4160201626761834,34219,25,1,0,1,1,1.9000000000000001,1.9000000000000001,2025-Jan-29-19:54:21.669799
0.7185205030005031,34220,25,1,0,0,0,0.0,0.0,2025-Jan-29-19:54:21.712805
0.7185205030005031,34221,25,1,0,0,0,0.0,0.0,2025-Jan-29-19:54:21.756873
0.7185205030005031,34222,25,1,0,0,0,0.0,0.0,2025-Jan-29-19:54:21.799894
0.5423573219619376,34223,25,1,0,1,0,1.9000000000000001,0.0,2025-Jan-29-19:54:21.871553
0.7185205030005031,34224,25,1,0,0,0,0.0,0.0,2025-Jan-29-19:54:21.914513
0.7185205030005031,34225,25,1,0,0,0,0.0,0.0,2025-Jan-29-19:54:21.958907
0.7185205030005031,34226,25,1,0,0,0,0.0,0.0,2025-Jan-29-19:54:22.002343
0.7185205030005031,34227,25,1,0,0,0,0.0,0.0,2025-Jan-29-19:54:22.045950
0.7185205030005031,34228,25,1,0,0,0,0.0,0.0,2025-Jan-29-19:54:22.133103
0.7185205030005031,34229,25,1,0,0,0,0.0,0.0,2025-Jan-29-19:54:22.206546
0.7185205030005031,34230,25,1,0,0,0,0.0,0.0,2025-Jan-29-19:54:22.273650
0.7185205030005031,34231,25,1,0,0,0,0.0,0.0,2025-Jan-29-19:54:22.320934
0.7185205030005031,34232,25,1,0,0,0,0.0,0.0,2025-Jan-29-19:54:22.364970
0.7185205030005031,34233,25,1,0,0,0,0.0,0.0,2025-Jan-29-19:54:22.411430
0.7185205030005031,34234,25,1,0,0,0,0.0,0.0,2025-Jan-29-19:54:22.454681
0.7185205030005031,34235,25,1,0,0,0,0.0,0.0,2025-Jan-29-19:54:22.498230
0.7185205030005031,34236,25,1,0,0,0,0.0,0.0,2025-Jan-29-19:54:22.541701
1.0735211430969913,34237,25,1,1,0,0,0.0,0.0,2025-Jan-29-19:54:22.585956
0.7185205030005031,34238,25,1,0,0,0,0.0,0.0,2025-Jan-29-19:54:22.629520
0.7185205030005031,34239,25,1,0,0,0,0.0,0.0,2025-Jan-29-19:54:22.672822
0.7185205030005031,34240,25,1,0,0,0,0.0,0.0,2025-Jan-29-19:54:22.715935
1.161059787788528,34241,25,1,1,0,-1,0.0,0.0,2025-Jan-29-19:54:22.772462
0.7185205030005031,34242,25,1,0,0,0,0.0,0.0,2025-Jan-29-19:54:22.816241
0.7185205030005031,34243,25,1,0,0,0,0.0,0.0,2025-Jan-29-19:54:22.859711
0.7185205030005031,34244,25,1,0,0,0,0.0,0.0,2025-Jan-29-19:54:22.903575
0.7185205030005031,34245,25,1,0,0,0,0.0,0.0,2025-Jan-29-19:54:22.947111
0.7185205030005031,34246,25,1,0,0,0,0.0,0.0,2025-Jan-29-19:54:22.990171
1.0735211430969913,34247,25,1,1,0,0,0.0,0.0,2025-Jan-29-19:54:23.035616
0.7185205030005031,34248,25,1,0,0,0,0.0,0.0,2025-Jan-29-19:54:23.087339
0.8060591477019475,34249,25,1,0,0,-1,0.0,0.0,2025-Jan-29-19:54:23.165639
0.7185205030005031,34250,25,1,0,0,0,0.0,0.0,2025-Jan-29-19:54:23.233261
0.7185205030005031,34251,25,1,0,0,0,0.0,0.0,2025-Jan-29-19:54:23.299869
0.7185205030005031,34252,25,1,0,0,0,0.0,0.0,2025-Jan-29-19:54:23.344761
0.8436562666978078,34253,25,1,0,-1,-1,0.0,0.0,2025-Jan-29-19:54:23.415422
0.7185205030005031,34254,25,1,0,0,0,0.0,0.0,2025-Jan-29-19:54:23.458555
0.7561122308552579,34255,25,1,0,-1,0,0.0,0.0,2025-Jan-29-19:54:23.818806
0.7185205030005031,34256,25,1,0,0,0,0.0,0.0,2025-Jan-29-19:54:23.862886
0.7185205030005031,34257,25,1,0,0,0,0.0,0.0,2025-Jan-29-19:54:23.906894
0.7185205030005031,34258,25,1,0,0,0,0.0,0.0,2025-Jan-29-19:54:23.950474
0.5423573219619376,34259,25,1,0,1,0,1.9000000000000001,0.0,2025-Jan-29-19:54:24.022180
0.7185205030005031,34260,25,1,0,0,0,0.0,0.0,2025-Jan-29-19:54:24.081923
0.5921787662199604,34261,25,1,0,0,1,0.0,1.9000000000000001,2025-Jan-29-19:54:24.187309
0.7185205030005031,34262,25,1,0,0,0,0.0,0.0,2025-Jan-29-19:54:24.254313
0.7185205030005031,34263,25,1,0,0,0,0.0,0.0,2025-Jan-29-19:54:24.302834
0.7185205030005031,34264,25,1,0,0,0,0.0,0.0,2025-Jan-29-19:54:24.346483
0.7185205030005031,34265,25,1,0,0,0,0.0,0.0,2025-Jan-29-19:54:24.390036
0.7185205030005031,34266,25,1,0,0,0,0.0,0.0,2025-Jan-29-19:54:24.432877
0.7185205030005031,34267,25,1,0,0,0,0.0,0.0,2025-Jan-29-19:54:24.476032
0.7185205030005031,34268,25,1,0,0,0,0.0,0.0,2025-Jan-29-19:54:24.518864
0.7185205030005031,34269,25,1,0,0,0,0.0,0.0,2025-Jan-29-19:54:24.562201
0.7185205030005031,34270,25,1,0,0,0,0.0,0.0,2025-Jan-29-19:54:24.605538
0.8060591477019475,34271,25,1,0,0,-1,0.0,0.0,2025-Jan-29-19:54:24.661233
0.7185205030005031,34272,25,1,0,0,0,0.0,0.0,2025-Jan-29-19:54:24.704381
0.7185205030005031,34273,25,1,0,0,0,0.0,0.0,2025-Jan-29-19:54:24.747496
0.7185205030005031,34274,25,1,0,0,0,0.0,0.0,2025-Jan-29-19:54:24.790280
0.7185205030005031,34275,25,1,0,0,0,0.0,0.0,2025-Jan-29-19:54:24.833917
0.7185205030005031,34276,25,1,0,0,0,0.0,0.0,2025-Jan-29-19:54:24.876882
0.7185205030005031,34277,25,1,0,0,0,0.0,0.0,2025-Jan-29-19:54:24.920070
0.7185205030005031,34278,25,1,0,0,0,0.0,0.0,2025-Jan-29-19:54:24.963416
0.7185205030005031,34279,25,1,0,0,0,0.0,0.0,2025-Jan-29-19:54:25.008601
0.7185205030005031,34280,25,1,0,0,0,0.0,0.0,2025-Jan-29-19:54:25.067484
0.7185205030005031,34281,25,1,0,0,0,0.0,0.0,2025-Jan-29-19:54:25.148269
0.7185205030005031,34282,25,1,0,0,0,0.0,0.0,2025-Jan-29-19:54:25.225800
0.6298883869405699,34283,25,1,0,1,-1,1.9000000000000001,0.0,2025-Jan-29-19:54:25.338266
0.7185205030005031,34284,25,1,0,0,0,0.0,0.0,2025-Jan-29-19:54:25.384606
0.7185205030005031,34285,25,1,0,0,0,0.0,0.0,2025-Jan-29-19:54:25.427219
0.7185205030005031,34286,25,1,0,0,0,0.0,0.0,2025-Jan-29-19:54:25.470260
0.9760242519712691,34287,25,1,1,-1,1,0.0,1.9000000000000001,2025-Jan-29-19:54:25.554663
0.7185205030005031,34288,25,1,0,0,0,0.0,0.0,2025-Jan-29-19:54:25.598349
0.7185205030005031,34289,25,1,0,0,0,0.0,0.0,2025-Jan-29-19:54:25.641450
0.7185205030005031,34290,25,1,0,0,0,0.0,0.0,2025-Jan-29-19:54:25.684462
1.0735211430969913,34291,25,1,1,0,0,0.0,0.0,2025-Jan-29-19:54:25.727740
0.7185205030005031,34292,25,1,0,0,0,0.0,0.0,2025-Jan-29-19:54:25.770693
0.7185205030005031,34293,25,1,0,0,0,0.0,0.0,2025-Jan-29-19:54:25.814970
0.7185205030005031,34294,25,1,0,0,0,0.0,0.0,2025-Jan-29-19:54:25.858258
0.7185205030005031,34295,25,1,0,0,0,0.0,0.0,2025-Jan-29-19:54:25.901930
0.7185205030005031,34296,25,1,0,0,0,0.0,0.0,2025-Jan-29-19:54:25.944678
0.7561122308552579,34297,25,1,0,-1,0,0.0,0.0,2025-Jan-29-19:54:26.000713
0.7185205030005031,34298,25,1,0,0,0,0.0,0.0,2025-Jan-29-19:54:26.043441
0.7185205030005031,34299,25,1,0,0,0,0.0,0.0,2025-Jan-29-19:54:26.110578
0.7185205030005031,34300,25,1,0,0,0,0.0,0.0,2025-Jan-29-19:54:26.188041
0.7185205030005031,34301,25,1,0,0,0,0.0,0.0,2025-Jan-29-19:54:26.264925
0.7185205030005031,34302,25,1,0,0,0,0.0,0.0,2025-Jan-29-19:54:26.317676
1.0735211430969913,34303,25,1,1,0,0,0.0,0.0,2025-Jan-29-19:54:26.361428
0.7185205030005031,34304,25,1,0,0,0,0.0,0.0,2025-Jan-29-19:54:26.404419
0.7185205030005031,34305,25,1,0,0,0,0.0,0.0,2025-Jan-29-19:54:26.450075
0.7185205030005031,34306,25,1,0,0,0,0.0,0.0,2025-Jan-29-19:54:26.493733
0.7185205030005031,34307,25,1,0,0,0,0.0,0.0,2025-Jan-29-19:54:26.537662
0.7185205030005031,34308,25,1,0,0,0,0.0,0.0,2025-Jan-29-19:54:26.580964
0.6298883869405699,34309,25,1,0,1,-1,1.9000000000000001,0.0,2025-Jan-29-19:54:26.665038
0.7185205030005031,34310,25,1,0,0,0,0.0,0.0,2025-Jan-29-19:54:26.707682
0.9471794063316156,34311,25,1,1,0,1,0.0,1.9000000000000001,2025-Jan-29-19:54:26.779920
0.7185205030005031,34312,25,1,0,0,0,0.0,0.0,2025-Jan-29-19:54:26.823253
0.7710208028095181,34313,25,1,1,1,1,1.9000000000000001,1.9000000000000001,2025-Jan-29-19:54:26.918148
0.7185205030005031,34314,25,1,0,0,0,0.0,0.0,2025-Jan-29-19:54:26.960926
0.7185205030005031,34315,25,1,0,0,0,0.0,0.0,2025-Jan-29-19:54:27.004370
0.7185205030005031,34316,25,1,0,0,0,0.0,0.0,2025-Jan-29-19:54:27.047091
0.7185205030005031,34317,25,1,0,0,0,0.0,0.0,2025-Jan-29-19:54:27.132972
0.7185205030005031,34318,25,1,0,0,0,0.0,0.0,2025-Jan-29-19:54:27.203470
0.4160201626761834,34319,25,1,0,1,1,1.9000000000000001,1.9000000000000001,2025-Jan-29-19:54:27.325903
0.7185205030005031,34320,25,1,0,0,0,0.0,0.0,2025-Jan-29-19:54:27.373028
0.7185205030005031,34321,25,1,0,0,0,0.0,0.0,2025-Jan-29-19:54:27.417751
0.7185205030005031,34322,25,1,0,0,0,0.0,0.0,2025-Jan-29-19:54:27.460530
0.7185205030005031,34323,25,1,0,0,0,0.0,0.0,2025-Jan-29-19:54:27.504144
0.7185205030005031,34324,25,1,0,0,0,0.0,0.0,2025-Jan-29-19:54:27.547529
0.7185205030005031,34325,25,1,0,0,0,0.0,0.0,2025-Jan-29-19:54:27.590956
0.7185205030005031,34326,25,1,0,0,0,0.0,0.0,2025-Jan-29-19:54:27.634300
0.8973579620796409,34327,25,1,1,1,0,1.9000000000000001,0.0,2025-Jan-29-19:54:27.706044
0.7185205030005031,34328,25,1,0,0,0,0.0,0.0,2025-Jan-29-19:54:27.748842
0.7185205030005031,34329,25,1,0,0,0,0.0,0.0,2025-Jan-29-19:54:27.792262
0.7185205030005031,34330,25,1,0,0,0,0.0,0.0,2025-Jan-29-19:54:27.836809
0.7185205030005031,34331,25,1,0,0,0,0.0,0.0,2025-Jan-29-19:54:27.880160
0.7185205030005031,34332,25,1,0,0,0,0.0,0.0,2025-Jan-29-19:54:27.923452
0.7185205030005031,34333,25,1,0,0,0,0.0,0.0,2025-Jan-29-19:54:27.968011
0.7185205030005031,34334,25,1,0,0,0,0.0,0.0,2025-Jan-29-19:54:28.011030
0.9760242519712691,34335,25,1,1,-1,1,0.0,1.9000000000000001,2025-Jan-29-19:54:28.131559
0.7185205030005031,34336,25,1,0,0,0,0.0,0.0,2025-Jan-29-19:54:28.208340
0.7185205030005031,34337,25,1,0,0,0,0.0,0.0,2025-Jan-29-19:54:28.273997
0.7185205030005031,34338,25,1,0,0,0,0.0,0.0,2025-Jan-29-19:54:28.317843
0.7185205030005031,34339,25,1,0,0,0,0.0,0.0,2025-Jan-29-19:54:28.363977
0.7185205030005031,34340,25,1,0,0,0,0.0,0.0,2025-Jan-29-19:54:28.407366
1.161059787788528,34341,25,1,1,0,-1,0.0,0.0,2025-Jan-29-19:54:28.463133
0.7185205030005031,34342,25,1,0,0,0,0.0,0.0,2025-Jan-29-19:54:28.505555
0.7185205030005031,34343,25,1,0,0,0,0.0,0.0,2025-Jan-29-19:54:28.548641
0.7185205030005031,34344,25,1,0,0,0,0.0,0.0,2025-Jan-29-19:54:28.591865
0.7185205030005031,34345,25,1,0,0,0,0.0,0.0,2025-Jan-29-19:54:28.635265
0.7185205030005031,34346,25,1,0,0,0,0.0,0.0,2025-Jan-29-19:54:28.678052
0.7185205030005031,34347,25,1,0,0,0,0.0,0.0,2025-Jan-29-19:54:28.723419
0.7185205030005031,34348,25,1,0,0,0,0.0,0.0,2025-Jan-29-19:54:28.766328
0.7185205030005031,34349,25,1,0,0,0,0.0,0.0,2025-Jan-29-19:54:28.809868
0.7185205030005031,34350,25,1,0,0,0,0.0,0.0,2025-Jan-29-19:54:28.853050
0.7185205030005031,34351,25,1,0,0,0,0.0,0.0,2025-Jan-29-19:54:28.896723
0.7185205030005031,34352,25,1,0,0,0,0.0,0.0,2025-Jan-29-19:54:28.939869
0.7185205030005031,34353,25,1,0,0,0,0.0,0.0,2025-Jan-29-19:54:28.983715
0.7185205030005031,34354,25,1,0,0,0,0.0,0.0,2025-Jan-29-19:54:29.026989
0.7561122308552579,34355,25,1,0,-1,0,0.0,0.0,2025-Jan-29-19:54:29.099742
0.7185205030005031,34356,25,1,0,0,0,0.0,0.0,2025-Jan-29-19:54:29.179041
0.6298883869405699,34357,25,1,0,1,-1,1.9000000000000001,0.0,2025-Jan-29-19:54:29.293861
0.7185205030005031,34358,25,1,0,0,0,0.0,0.0,2025-Jan-29-19:54:29.341906
0.5423573219619376,34359,25,1,0,1,0,1.9000000000000001,0.0,2025-Jan-29-19:54:29.414556
0.7185205030005031,34360,25,1,0,0,0,0.0,0.0,2025-Jan-29-19:54:29.457959
0.5921787662199604,34361,25,1,0,0,1,0.0,1.9000000000000001,2025-Jan-29-19:54:29.529566
0.7185205030005031,34362,25,1,0,0,0,0.0,0.0,2025-Jan-29-19:54:29.572545
0.7185205030005031,34363,25,1,0,0,0,0.0,0.0,2025-Jan-29-19:54:29.617622
0.7185205030005031,34364,25,1,0,0,0,0.0,0.0,2025-Jan-29-19:54:29.660825
0.7185205030005031,34365,25,1,0,0,0,0.0,0.0,2025-Jan-29-19:54:29.704433
0.7185205030005031,34366,25,1,0,0,0,0.0,0.0,2025-Jan-29-19:54:29.747913
0.7185205030005031,34367,25,1,0,0,0,0.0,0.0,2025-Jan-29-19:54:29.791510
0.7185205030005031,34368,25,1,0,0,0,0.0,0.0,2025-Jan-29-19:54:30.127453
0.7185205030005031,34369,25,1,0,0,0,0.0,0.0,2025-Jan-29-19:54:30.208808
0.7185205030005031,34370,25,1,0,0,0,0.0,0.0,2025-Jan-29-19:54:30.284692
0.7185205030005031,34371,25,1,0,0,0,0.0,0.0,2025-Jan-29-19:54:30.341204
0.7185205030005031,34372,25,1,0,0,0,0.0,0.0,2025-Jan-29-19:54:30.384917
0.7185205030005031,34373,25,1,0,0,0,0.0,0.0,2025-Jan-29-19:54:30.428456
0.7185205030005031,34374,25,1,0,0,0,0.0,0.0,2025-Jan-29-19:54:30.471295
0.7185205030005031,34375,25,1,0,0,0,0.0,0.0,2025-Jan-29-19:54:30.515008
0.7185205030005031,34376,25,1,0,0,0,0.0,0.0,2025-Jan-29-19:54:30.557481
1.0735211430969913,34377,25,1,1,0,0,0.0,0.0,2025-Jan-29-19:54:30.601336
0.7185205030005031,34378,25,1,0,0,0,0.0,0.0,2025-Jan-29-19:54:30.643955
0.7185205030005031,34379,25,1,0,0,0,0.0,0.0,2025-Jan-29-19:54:30.687106
0.7185205030005031,34380,25,1,0,0,0,0.0,0.0,2025-Jan-29-19:54:30.730198
0.7185205030005031,34381,25,1,0,0,0,0.0,0.0,2025-Jan-29-19:54:30.773425
0.7185205030005031,34382,25,1,0,0,0,0.0,0.0,2025-Jan-29-19:54:30.816326
0.7185205030005031,34383,25,1,0,0,0,0.0,0.0,2025-Jan-29-19:54:30.865084
0.7185205030005031,34384,25,1,0,0,0,0.0,0.0,2025-Jan-29-19:54:30.909528
0.7185205030005031,34385,25,1,0,0,0,0.0,0.0,2025-Jan-29-19:54:30.955819
0.7185205030005031,34386,25,1,0,0,0,0.0,0.0,2025-Jan-29-19:54:31.000306
0.9760242519712691,34387,25,1,1,-1,1,0.0,1.9000000000000001,2025-Jan-29-19:54:31.119490
0.7185205030005031,34388,25,1,0,0,0,0.0,0.0,2025-Jan-29-19:54:31.192371
0.7185205030005031,34389,25,1,0,0,0,0.0,0.0,2025-Jan-29-19:54:31.270898
0.7185205030005031,34390,25,1,0,0,0,0.0,0.0,2025-Jan-29-19:54:31.322070
0.7185205030005031,34391,25,1,0,0,0,0.0,0.0,2025-Jan-29-19:54:31.368357
0.7185205030005031,34392,25,1,0,0,0,0.0,0.0,2025-Jan-29-19:54:31.414541
0.7185205030005031,34393,25,1,0,0,0,0.0,0.0,2025-Jan-29-19:54:31.460563
0.7185205030005031,34394,25,1,0,0,0,0.0,0.0,2025-Jan-29-19:54:31.505484
0.7185205030005031,34395,25,1,0,0,0,0.0,0.0,2025-Jan-29-19:54:31.551473
0.7185205030005031,34396,25,1,0,0,0,0.0,0.0,2025-Jan-29-19:54:31.597312
0.7561122308552579,34397,25,1,0,-1,0,0.0,0.0,2025-Jan-29-19:54:31.656074
0.7185205030005031,34398,25,1,0,0,0,0.0,0.0,2025-Jan-29-19:54:31.700691
0.5423573219619376,34399,25,1,0,1,0,1.9000000000000001,0.0,2025-Jan-29-19:54:31.775008
0.7185205030005031,34400,25,1,0,0,0,0.0,0.0,2025-Jan-29-19:54:31.820252
0.7185205030005031,34401,25,1,0,0,0,0.0,0.0,2025-Jan-29-19:54:31.865021
0.7185205030005031,34402,25,1,0,0,0,0.0,0.0,2025-Jan-29-19:54:31.909405
0.7185205030005031,34403,25,1,0,0,0,0.0,0.0,2025-Jan-29-19:54:31.954600
0.7185205030005031,34404,25,1,0,0,0,0.0,0.0,2025-Jan-29-19:54:31.999338
0.7185205030005031,34405,25,1,0,0,0,0.0,0.0,2025-Jan-29-19:54:32.044170
0.7185205030005031,34406,25,1,0,0,0,0.0,0.0,2025-Jan-29-19:54:32.126405
0.7185205030005031,34407,25,1,0,0,0,0.0,0.0,2025-Jan-29-19:54:32.207598
0.7185205030005031,34408,25,1,0,0,0,0.0,0.0,2025-Jan-29-19:54:32.285102
0.7185205030005031,34409,25,1,0,0,0,0.0,0.0,2025-Jan-29-19:54:32.349813
0.7185205030005031,34410,25,1,0,0,0,0.0,0.0,2025-Jan-29-19:54:32.396492
0.7185205030005031,34411,25,1,0,0,0,0.0,0.0,2025-Jan-29-19:54:32.441723
0.7185205030005031,34412,25,1,0,0,0,0.0,0.0,2025-Jan-29-19:54:32.485931
0.7710208028095181,34413,25,1,1,1,1,1.9000000000000001,1.9000000000000001,2025-Jan-29-19:54:32.585266
0.7185205030005031,34414,25,1,0,0,0,0.0,0.0,2025-Jan-29-19:54:32.630914
0.8436562666978078,34415,25,1,0,-1,-1,0.0,0.0,2025-Jan-29-19:54:32.701105
0.7185205030005031,34416,25,1,0,0,0,0.0,0.0,2025-Jan-29-19:54:32.744950
0.7185205030005031,34417,25,1,0,0,0,0.0,0.0,2025-Jan-29-19:54:32.789772
0.7185205030005031,34418,25,1,0,0,0,0.0,0.0,2025-Jan-29-19:54:32.833556
0.4160201626761834,34419,25,1,0,1,1,1.9000000000000001,1.9000000000000001,2025-Jan-29-19:54:32.930751
0.7185205030005031,34420,25,1,0,0,0,0.0,0.0,2025-Jan-29-19:54:32.976209
0.7185205030005031,34421,25,1,0,0,0,0.0,0.0,2025-Jan-29-19:54:33.021389
0.7185205030005031,34422,25,1,0,0,0,0.0,0.0,2025-Jan-29-19:54:33.089214
0.5423573219619376,34423,25,1,0,1,0,1.9000000000000001,0.0,2025-Jan-29-19:54:33.209715
0.7185205030005031,34424,25,1,0,0,0,0.0,0.0,2025-Jan-29-19:54:33.295726
0.7185205030005031,34425,25,1,0,0,0,0.0,0.0,2025-Jan-29-19:54:33.344504
0.7185205030005031,34426,25,1,0,0,0,0.0,0.0,2025-Jan-29-19:54:33.389242
0.8973579620796409,34427,25,1,1,1,0,1.9000000000000001,0.0,2025-Jan-29-19:54:33.462547
0.7185205030005031,34428,25,1,0,0,0,0.0,0.0,2025-Jan-29-19:54:33.507786
0.7185205030005031,34429,25,1,0,0,0,0.0,0.0,2025-Jan-29-19:54:33.553614
0.7185205030005031,34430,25,1,0,0,0,0.0,0.0,2025-Jan-29-19:54:33.598951
0.7185205030005031,34431,25,1,0,0,0,0.0,0.0,2025-Jan-29-19:54:33.643366
0.7185205030005031,34432,25,1,0,0,0,0.0,0.0,2025-Jan-29-19:54:33.687920
0.7185205030005031,34433,25,1,0,0,0,0.0,0.0,2025-Jan-29-19:54:33.732742
0.7185205030005031,34434,25,1,0,0,0,0.0,0.0,2025-Jan-29-19:54:33.776463
0.7185205030005031,34435,25,1,0,0,0,0.0,0.0,2025-Jan-29-19:54:33.820255
0.7185205030005031,34436,25,1,0,0,0,0.0,0.0,2025-Jan-29-19:54:33.864208
0.7185205030005031,34437,25,1,0,0,0,0.0,0.0,2025-Jan-29-19:54:33.908082
0.7185205030005031,34438,25,1,0,0,0,0.0,0.0,2025-Jan-29-19:54:33.953934
0.7185205030005031,34439,25,1,0,0,0,0.0,0.0,2025-Jan-29-19:54:33.998002
0.7185205030005031,34440,25,1,0,0,0,0.0,0.0,2025-Jan-29-19:54:34.042042
1.161059787788528,34441,25,1,1,0,-1,0.0,0.0,2025-Jan-29-19:54:34.136371
0.7185205030005031,34442,25,1,0,0,0,0.0,0.0,2025-Jan-29-19:54:34.226418
0.8060591477019475,34443,25,1,0,0,-1,0.0,0.0,2025-Jan-29-19:54:34.315754
0.7185205030005031,34444,25,1,0,0,0,0.0,0.0,2025-Jan-29-19:54:34.363015
1.0735211430969913,34445,25,1,1,0,0,0.0,0.0,2025-Jan-29-19:54:34.409017
0.7185205030005031,34446,25,1,0,0,0,0.0,0.0,2025-Jan-29-19:54:34.454592
0.7185205030005031,34447,25,1,0,0,0,0.0,0.0,2025-Jan-29-19:54:34.502553
0.7185205030005031,34448,25,1,0,0,0,0.0,0.0,2025-Jan-29-19:54:34.547532
0.7185205030005031,34449,25,1,0,0,0,0.0,0.0,2025-Jan-29-19:54:34.592522
0.7185205030005031,34450,25,1,0,0,0,0.0,0.0,2025-Jan-29-19:54:34.636536
0.7185205030005031,34451,25,1,0,0,0,0.0,0.0,2025-Jan-29-19:54:34.680648
0.7185205030005031,34452,25,1,0,0,0,0.0,0.0,2025-Jan-29-19:54:34.725973
0.8436562666978078,34453,25,1,0,-1,-1,0.0,0.0,2025-Jan-29-19:54:34.796613
0.7185205030005031,34454,25,1,0,0,0,0.0,0.0,2025-Jan-29-19:54:34.841030
0.7185205030005031,34455,25,1,0,0,0,0.0,0.0,2025-Jan-29-19:54:34.887160
0.7185205030005031,34456,25,1,0,0,0,0.0,0.0,2025-Jan-29-19:54:34.932518
0.7185205030005031,34457,25,1,0,0,0,0.0,0.0,2025-Jan-29-19:54:34.978378
0.7185205030005031,34458,25,1,0,0,0,0.0,0.0,2025-Jan-29-19:54:35.023091
0.5423573219619376,34459,25,1,0,1,0,1.9000000000000001,0.0,2025-Jan-29-19:54:35.120964
0.7185205030005031,34460,25,1,0,0,0,0.0,0.0,2025-Jan-29-19:54:35.202453
0.5921787662199604,34461,25,1,0,0,1,0.0,1.9000000000000001,2025-Jan-29-19:54:35.310929
0.7185205030005031,34462,25,1,0,0,0,0.0,0.0,2025-Jan-29-19:54:35.359157
0.7185205030005031,34463,25,1,0,0,0,0.0,0.0,2025-Jan-29-19:54:35.406326
0.7185205030005031,34464,25,1,0,0,0,0.0,0.0,2025-Jan-29-19:54:35.451284
0.7185205030005031,34465,25,1,0,0,0,0.0,0.0,2025-Jan-29-19:54:35.496544
0.7185205030005031,34466,25,1,0,0,0,0.0,0.0,2025-Jan-29-19:54:35.540923
0.7185205030005031,34467,25,1,0,0,0,0.0,0.0,2025-Jan-29-19:54:35.586325
0.7185205030005031,34468,25,1,0,0,0,0.0,0.0,2025-Jan-29-19:54:35.631332
0.7185205030005031,34469,25,1,0,0,0,0.0,0.0,2025-Jan-29-19:54:35.677514
0.7185205030005031,34470,25,1,0,0,0,0.0,0.0,2025-Jan-29-19:54:35.722787
0.7185205030005031,34471,25,1,0,0,0,0.0,0.0,2025-Jan-29-19:54:35.769624
0.7185205030005031,34472,25,1,0,0,0,0.0,0.0,2025-Jan-29-19:54:35.814377
0.7185205030005031,34473,25,1,0,0,0,0.0,0.0,2025-Jan-29-19:54:35.861190
0.7185205030005031,34474,25,1,0,0,0,0.0,0.0,2025-Jan-29-19:54:35.908122
0.7185205030005031,34475,25,1,0,0,0,0.0,0.0,2025-Jan-29-19:54:35.954017
0.7185205030005031,34476,25,1,0,0,0,0.0,0.0,2025-Jan-29-19:54:35.999190
0.7185205030005031,34477,25,1,0,0,0,0.0,0.0,2025-Jan-29-19:54:36.043555
0.7185205030005031,34478,25,1,0,0,0,0.0,0.0,2025-Jan-29-19:54:36.102027
0.7561122308552579,34479,25,1,0,-1,0,0.0,0.0,2025-Jan-29-19:54:36.202156
0.7185205030005031,34480,25,1,0,0,0,0.0,0.0,2025-Jan-29-19:54:36.748173
0.7185205030005031,34481,25,1,0,0,0,0.0,0.0,2025-Jan-29-19:54:36.812172
0.7185205030005031,34482,25,1,0,0,0,0.0,0.0,2025-Jan-29-19:54:36.857032
0.6298883869405699,34483,25,1,0,1,-1,1.9000000000000001,0.0,2025-Jan-29-19:54:36.941750
0.7185205030005031,34484,25,1,0,0,0,0.0,0.0,2025-Jan-29-19:54:36.985076
0.7185205030005031,34485,25,1,0,0,0,0.0,0.0,2025-Jan-29-19:54:37.028579
0.7185205030005031,34486,25,1,0,0,0,0.0,0.0,2025-Jan-29-19:54:37.086503
0.7185205030005031,34487,25,1,0,0,0,0.0,0.0,2025-Jan-29-19:54:37.157281
0.7185205030005031,34488,25,1,0,0,0,0.0,0.0,2025-Jan-29-19:54:37.236494
0.7185205030005031,34489,25,1,0,0,0,0.0,0.0,2025-Jan-29-19:54:37.305977
0.7185205030005031,34490,25,1,0,0,0,0.0,0.0,2025-Jan-29-19:54:37.350283
0.7185205030005031,34491,25,1,0,0,0,0.0,0.0,2025-Jan-29-19:54:37.394101
0.7185205030005031,34492,25,1,0,0,0,0.0,0.0,2025-Jan-29-19:54:37.437905
0.7185205030005031,34493,25,1,0,0,0,0.0,0.0,2025-Jan-29-19:54:37.481544
0.7185205030005031,34494,25,1,0,0,0,0.0,0.0,2025-Jan-29-19:54:37.525647
0.7185205030005031,34495,25,1,0,0,0,0.0,0.0,2025-Jan-29-19:54:37.569685
0.7185205030005031,34496,25,1,0,0,0,0.0,0.0,2025-Jan-29-19:54:37.612074
0.7185205030005031,34497,25,1,0,0,0,0.0,0.0,2025-Jan-29-19:54:37.655092
0.7185205030005031,34498,25,1,0,0,0,0.0,0.0,2025-Jan-29-19:54:37.697574
0.5423573219619376,34499,25,1,0,1,0,1.9000000000000001,0.0,2025-Jan-29-19:54:37.769142
0.7185205030005031,34500,25,1,0,0,0,0.0,0.0,2025-Jan-29-19:54:37.811786
0.7185205030005031,34501,25,1,0,0,0,0.0,0.0,2025-Jan-29-19:54:37.854591
0.7185205030005031,34502,25,1,0,0,0,0.0,0.0,2025-Jan-29-19:54:37.897174
0.7185205030005031,34503,25,1,0,0,0,0.0,0.0,2025-Jan-29-19:54:37.940171
0.7185205030005031,34504,25,1,0,0,0,0.0,0.0,2025-Jan-29-19:54:37.983047
0.7185205030005031,34505,25,1,0,0,0,0.0,0.0,2025-Jan-29-19:54:38.026095
0.7185205030005031,34506,25,1,0,0,0,0.0,0.0,2025-Jan-29-19:54:38.083256
0.7185205030005031,34507,25,1,0,0,0,0.0,0.0,2025-Jan-29-19:54:38.153529
0.7185205030005031,34508,25,1,0,0,0,0.0,0.0,2025-Jan-29-19:54:38.223984
0.7185205030005031,34509,25,1,0,0,0,0.0,0.0,2025-Jan-29-19:54:38.292165
0.7185205030005031,34510,25,1,0,0,0,0.0,0.0,2025-Jan-29-19:54:38.339729
0.7185205030005031,34511,25,1,0,0,0,0.0,0.0,2025-Jan-29-19:54:38.384834
0.7185205030005031,34512,25,1,0,0,0,0.0,0.0,2025-Jan-29-19:54:38.427065
0.7185205030005031,34513,25,1,0,0,0,0.0,0.0,2025-Jan-29-19:54:38.469788
0.7185205030005031,34514,25,1,0,0,0,0.0,0.0,2025-Jan-29-19:54:38.512088
0.8436562666978078,34515,25,1,0,-1,-1,0.0,0.0,2025-Jan-29-19:54:38.579818
0.7185205030005031,34516,25,1,0,0,0,0.0,0.0,2025-Jan-29-19:54:38.622299
0.7185205030005031,34517,25,1,0,0,0,0.0,0.0,2025-Jan-29-19:54:38.665275
0.7185205030005031,34518,25,1,0,0,0,0.0,0.0,2025-Jan-29-19:54:38.707720
0.4160201626761834,34519,25,1,0,1,1,1.9000000000000001,1.9000000000000001,2025-Jan-29-19:54:38.801981
0.7185205030005031,34520,25,1,0,0,0,0.0,0.0,2025-Jan-29-19:54:38.844885
0.8973579620796409,34521,25,1,1,1,0,1.9000000000000001,0.0,2025-Jan-29-19:54:38.916046
0.7185205030005031,34522,25,1,0,0,0,0.0,0.0,2025-Jan-29-19:54:38.960310
0.5423573219619376,34523,25,1,0,1,0,1.9000000000000001,0.0,2025-Jan-29-19:54:39.032206
0.7185205030005031,34524,25,1,0,0,0,0.0,0.0,2025-Jan-29-19:54:39.086209
0.7185205030005031,34525,25,1,0,0,0,0.0,0.0,2025-Jan-29-19:54:39.158115
0.7185205030005031,34526,25,1,0,0,0,0.0,0.0,2025-Jan-29-19:54:39.231393
0.7185205030005031,34527,25,1,0,0,0,0.0,0.0,2025-Jan-29-19:54:39.299558
0.7185205030005031,34528,25,1,0,0,0,0.0,0.0,2025-Jan-29-19:54:39.347661
0.7185205030005031,34529,25,1,0,0,0,0.0,0.0,2025-Jan-29-19:54:39.391758
0.7185205030005031,34530,25,1,0,0,0,0.0,0.0,2025-Jan-29-19:54:39.434494
0.7185205030005031,34531,25,1,0,0,0,0.0,0.0,2025-Jan-29-19:54:39.477471
0.7185205030005031,34532,25,1,0,0,0,0.0,0.0,2025-Jan-29-19:54:39.520077
0.7185205030005031,34533,25,1,0,0,0,0.0,0.0,2025-Jan-29-19:54:39.564721
0.7185205030005031,34534,25,1,0,0,0,0.0,0.0,2025-Jan-29-19:54:39.607451
0.7185205030005031,34535,25,1,0,0,0,0.0,0.0,2025-Jan-29-19:54:39.650298
0.7185205030005031,34536,25,1,0,0,0,0.0,0.0,2025-Jan-29-19:54:39.693095
0.7185205030005031,34537,25,1,0,0,0,0.0,0.0,2025-Jan-29-19:54:39.736127
0.7185205030005031,34538,25,1,0,0,0,0.0,0.0,2025-Jan-29-19:54:39.778681
0.7185205030005031,34539,25,1,0,0,0,0.0,0.0,2025-Jan-29-19:54:39.821567
0.7185205030005031,34540,25,1,0,0,0,0.0,0.0,2025-Jan-29-19:54:39.864016
1.161059787788528,34541,25,1,1,0,-1,0.0,0.0,2025-Jan-29-19:54:39.919152
0.7185205030005031,34542,25,1,0,0,0,0.0,0.0,2025-Jan-29-19:54:39.962700
0.8060591477019475,34543,25,1,0,0,-1,0.0,0.0,2025-Jan-29-19:54:40.018926
0.7185205030005031,34544,25,1,0,0,0,0.0,0.0,2025-Jan-29-19:54:40.081544
0.7185205030005031,34545,25,1,0,0,0,0.0,0.0,2025-Jan-29-19:54:40.153408
0.7185205030005031,34546,25,1,0,0,0,0.0,0.0,2025-Jan-29-19:54:40.226251
