Cost,Sim,Switch_State_Indx,Gen1_on,Gen2_on,Batt1_mode,Batt2_mode,Batt1_power_kW,Batt2_power_kW,Timestamp
0.9471794063316156,34873,25,1,1,0,1,0.0,1.9000000000000001,2025-Jan-29-19:55:00.255971
0.9760242519712691,34874,25,1,1,-1,1,0.0,1.9000000000000001,2025-Jan-29-19:55:00.343090
0.8973579620796409,34875,25,1,1,1,0,1.9000000000000001,0.0,2025-Jan-29-19:55:00.418312
0.9471794063316156,34876,25,1,1,0,1,0.0,1.9000000000000001,2025-Jan-29-19:55:00.491307
0.7185205030005031,34877,25,1,0,0,0,0.0,0.0,2025-Jan-29-19:55:00.534198
0.7185205030005031,34878,25,1,0,0,0,0.0,0.0,2025-Jan-29-19:55:00.583994
0.7185205030005031,34879,25,1,0,0,0,0.0,0.0,2025-Jan-29-19:55:00.633822
0.7561122308552579,34880,25,1,0,-1,0,0.0,0.0,2025-Jan-29-19:55:00.699225
1.0735211430969913,34881,25,1,1,0,0,0.0,0.0,2025-Jan-29-19:55:00.743987
0.6298883869405699,34882,25,1,0,1,-1,1.9000000000000001,0.0,2025-Jan-29-19:55:00.830508
1.161059787788528,34883,25,1,1,0,-1,0.0,0.0,2025-Jan-29-19:55:00.888782
0.7185205030005031,34884,25,1,0,0,0,0.0,0.0,2025-Jan-29-19:55:00.933744
0.9471794063316156,34885,25,1,1,0,1,0.0,1.9000000000000001,2025-Jan-29-19:55:01.010143
1.0735211430969913,34886,25,1,1,0,0,0.0,0.0,2025-Jan-29-19:55:01.070752
0.8060591477019475,34887,25,1,0,0,-1,0.0,0.0,2025-Jan-29-19:55:01.169584
0.7710208028095181,34888,25,1,1,1,1,1.9000000000000001,1.9000000000000001,2025-Jan-29-19:55:01.308399
0.8973579620796409,34889,25,1,1,1,0,1.9000000000000001,0.0,2025-Jan-29-19:55:01.394833
0.8436562666978078,34890,25,1,0,-1,-1,0.0,0.0,2025-Jan-29-19:55:01.471087
0.5423573219619376,34891,25,1,0,1,0,1.9000000000000001,0.0,2025-Jan-29-19:55:01.554047
0.7185205030005031,34892,25,1,0,0,0,0.0,0.0,2025-Jan-29-19:55:01.604286
1.161059787788528,34893,25,1,1,0,-1,0.0,0.0,2025-Jan-29-19:55:01.666908
1.1111128709475113,34894,25,1,1,-1,0,0.0,0.0,2025-Jan-29-19:55:01.726841
1.1111128709475113,34895,25,1,1,-1,0,0.0,0.0,2025-Jan-29-19:55:01.787962
1.161059787788528,34896,25,1,1,0,-1,0.0,0.0,2025-Jan-29-19:55:01.848377
1.1986569067802102,34897,25,1,1,-1,-1,0.0,0.0,2025-Jan-29-19:55:01.922818
0.7185205030005031,34898,25,1,0,0,0,0.0,0.0,2025-Jan-29-19:55:01.970144
1.1111128709475113,34899,25,1,1,-1,0,0.0,0.0,2025-Jan-29-19:55:02.030221
0.629780506117975,34900,25,1,0,-1,1,0.0,1.9000000000000001,2025-Jan-29-19:55:02.139953
0.629780506117975,34901,25,1,0,-1,1,0.0,1.9000000000000001,2025-Jan-29-19:55:02.316359
0.5921787662199604,34902,25,1,0,0,1,0.0,1.9000000000000001,2025-Jan-29-19:55:02.390424
0.8060591477019475,34903,25,1,0,0,-1,0.0,0.0,2025-Jan-29-19:55:02.446171
0.8436562666978078,34904,25,1,0,-1,-1,0.0,0.0,2025-Jan-29-19:55:02.514815
0.7561122308552579,34905,25,1,0,-1,0,0.0,0.0,2025-Jan-29-19:55:02.569996
0.629780506117975,34906,25,1,0,-1,1,0.0,1.9000000000000001,2025-Jan-29-19:55:02.654011
0.7710208028095181,34907,25,1,1,1,1,1.9000000000000001,1.9000000000000001,2025-Jan-29-19:55:02.759102
0.5423573219619376,34908,25,1,0,1,0,1.9000000000000001,0.0,2025-Jan-29-19:55:02.832453
0.8973579620796409,34909,25,1,1,1,0,1.9000000000000001,0.0,2025-Jan-29-19:55:02.907464
0.8973579620796409,34910,25,1,1,1,0,1.9000000000000001,0.0,2025-Jan-29-19:55:02.984095
0.7185205030005031,34911,25,1,0,0,0,0.0,0.0,2025-Jan-29-19:55:03.491028
0.7185205030005031,34912,25,1,0,0,0,0.0,0.0,2025-Jan-29-19:55:03.575877
0.5423573219619376,34913,25,1,0,1,0,1.9000000000000001,0.0,2025-Jan-29-19:55:03.683417
0.4160201626761834,34914,25,1,0,1,1,1.9000000000000001,1.9000000000000001,2025-Jan-29-19:55:03.784371
0.5423573219619376,34915,25,1,0,1,0,1.9000000000000001,0.0,2025-Jan-29-19:55:03.860424
0.8973579620796409,34916,25,1,1,1,0,1.9000000000000001,0.0,2025-Jan-29-19:55:03.935438
1.1986569067802102,34917,25,1,1,-1,-1,0.0,0.0,2025-Jan-29-19:55:04.005875
0.7561122308552579,34918,25,1,0,-1,0,0.0,0.0,2025-Jan-29-19:55:04.063918
0.8973579620796409,34919,25,1,1,1,0,1.9000000000000001,0.0,2025-Jan-29-19:55:04.137619
0.8973579620796409,34920,25,1,1,1,0,1.9000000000000001,0.0,2025-Jan-29-19:55:04.220635
0.6298883869405699,34921,25,1,0,1,-1,1.9000000000000001,0.0,2025-Jan-29-19:55:04.309705
1.0735211430969913,34922,25,1,1,0,0,0.0,0.0,2025-Jan-29-19:55:04.355291
0.5423573219619376,34923,25,1,0,1,0,1.9000000000000001,0.0,2025-Jan-29-19:55:04.430359
0.629780506117975,34924,25,1,0,-1,1,0.0,1.9000000000000001,2025-Jan-29-19:55:04.541720
0.6298883869405699,34925,25,1,0,1,-1,1.9000000000000001,0.0,2025-Jan-29-19:55:04.671452
0.7185205030005031,34926,25,1,0,0,0,0.0,0.0,2025-Jan-29-19:55:04.751759
0.8973579620796409,34927,25,1,1,1,0,1.9000000000000001,0.0,2025-Jan-29-19:55:04.833746
1.0735211430969913,34928,25,1,1,0,0,0.0,0.0,2025-Jan-29-19:55:04.881780
0.7185205030005031,34929,25,1,0,0,0,0.0,0.0,2025-Jan-29-19:55:04.927262
0.5921787662199604,34930,25,1,0,0,1,0.0,1.9000000000000001,2025-Jan-29-19:55:05.003070
1.161059787788528,34931,25,1,1,0,-1,0.0,0.0,2025-Jan-29-19:55:05.062592
0.7185205030005031,34932,25,1,0,0,0,0.0,0.0,2025-Jan-29-19:55:05.109111
0.7185205030005031,34933,25,1,0,0,0,0.0,0.0,2025-Jan-29-19:55:05.154846
0.7185205030005031,34934,25,1,0,0,0,0.0,0.0,2025-Jan-29-19:55:05.200881
0.7185205030005031,34935,25,1,0,0,0,0.0,0.0,2025-Jan-29-19:55:05.246542
0.7185205030005031,34936,25,1,0,0,0,0.0,0.0,2025-Jan-29-19:55:05.292127
0.7185205030005031,34937,25,1,0,0,0,0.0,0.0,2025-Jan-29-19:55:05.336372
0.7185205030005031,34938,25,1,0,0,0,0.0,0.0,2025-Jan-29-19:55:05.382030
0.7185205030005031,34939,25,1,0,0,0,0.0,0.0,2025-Jan-29-19:55:05.427903
0.7185205030005031,34940,25,1,0,0,0,0.0,0.0,2025-Jan-29-19:55:05.473478
0.7185205030005031,34941,25,1,0,0,0,0.0,0.0,2025-Jan-29-19:55:05.520549
0.7185205030005031,34942,25,1,0,0,0,0.0,0.0,2025-Jan-29-19:55:05.588485
0.7185205030005031,34943,25,1,0,0,0,0.0,0.0,2025-Jan-29-19:55:05.674079
0.7185205030005031,34944,25,1,0,0,0,0.0,0.0,2025-Jan-29-19:55:05.760320
1.0735211430969913,34945,25,1,1,0,0,0.0,0.0,2025-Jan-29-19:55:05.824153
0.7185205030005031,34946,25,1,0,0,0,0.0,0.0,2025-Jan-29-19:55:05.871623
0.7185205030005031,34947,25,1,0,0,0,0.0,0.0,2025-Jan-29-19:55:05.918752
0.7185205030005031,34948,25,1,0,0,0,0.0,0.0,2025-Jan-29-19:55:05.964854
1.0735211430969913,34949,25,1,1,0,0,0.0,0.0,2025-Jan-29-19:55:06.010392
0.7185205030005031,34950,25,1,0,0,0,0.0,0.0,2025-Jan-29-19:55:06.056135
0.7185205030005031,34951,25,1,0,0,0,0.0,0.0,2025-Jan-29-19:55:06.102278
0.9471794063316156,34952,25,1,1,0,1,0.0,1.9000000000000001,2025-Jan-29-19:55:06.176028
0.7185205030005031,34953,25,1,0,0,0,0.0,0.0,2025-Jan-29-19:55:06.222335
0.7185205030005031,34954,25,1,0,0,0,0.0,0.0,2025-Jan-29-19:55:06.268101
0.8973579620796409,34955,25,1,1,1,0,1.9000000000000001,0.0,2025-Jan-29-19:55:06.342638
0.7185205030005031,34956,25,1,0,0,0,0.0,0.0,2025-Jan-29-19:55:06.389916
0.7185205030005031,34957,25,1,0,0,0,0.0,0.0,2025-Jan-29-19:55:06.434946
1.0735211430969913,34958,25,1,1,0,0,0.0,0.0,2025-Jan-29-19:55:06.480997
0.7185205030005031,34959,25,1,0,0,0,0.0,0.0,2025-Jan-29-19:55:06.526541
1.0735211430969913,34960,25,1,1,0,0,0.0,0.0,2025-Jan-29-19:55:06.598263
0.8060591477019475,34961,25,1,0,0,-1,0.0,0.0,2025-Jan-29-19:55:06.700289
0.7185205030005031,34962,25,1,0,0,0,0.0,0.0,2025-Jan-29-19:55:06.779272
0.7185205030005031,34963,25,1,0,0,0,0.0,0.0,2025-Jan-29-19:55:06.834212
0.8060591477019475,34964,25,1,0,0,-1,0.0,0.0,2025-Jan-29-19:55:06.894989
0.7185205030005031,34965,25,1,0,0,0,0.0,0.0,2025-Jan-29-19:55:06.942010
0.7710208028095181,34966,25,1,1,1,1,1.9000000000000001,1.9000000000000001,2025-Jan-29-19:55:07.041306
0.7561122308552579,34967,25,1,0,-1,0,0.0,0.0,2025-Jan-29-19:55:07.102904
0.7185205030005031,34968,25,1,0,0,0,0.0,0.0,2025-Jan-29-19:55:07.149546
1.1111128709475113,34969,25,1,1,-1,0,0.0,0.0,2025-Jan-29-19:55:07.210036
0.9471794063316156,34970,25,1,1,0,1,0.0,1.9000000000000001,2025-Jan-29-19:55:07.286223
0.7185205030005031,34971,25,1,0,0,0,0.0,0.0,2025-Jan-29-19:55:07.332733
0.8436562666978078,34972,25,1,0,-1,-1,0.0,0.0,2025-Jan-29-19:55:07.405135
0.629780506117975,34973,25,1,0,-1,1,0.0,1.9000000000000001,2025-Jan-29-19:55:07.493697
0.7185205030005031,34974,25,1,0,0,0,0.0,0.0,2025-Jan-29-19:55:07.540339
0.7185205030005031,34975,25,1,0,0,0,0.0,0.0,2025-Jan-29-19:55:07.611464
1.1111128709475113,34976,25,1,1,-1,0,0.0,0.0,2025-Jan-29-19:55:07.722780
0.7185205030005031,34977,25,1,0,0,0,0.0,0.0,2025-Jan-29-19:55:07.797680
0.7185205030005031,34978,25,1,0,0,0,0.0,0.0,2025-Jan-29-19:55:07.845301
0.8060591477019475,34979,25,1,0,0,-1,0.0,0.0,2025-Jan-29-19:55:07.906020
0.7185205030005031,34980,25,1,0,0,0,0.0,0.0,2025-Jan-29-19:55:07.952038
1.0735211430969913,34981,25,1,1,0,0,0.0,0.0,2025-Jan-29-19:55:07.997968
1.0735211430969913,34982,25,1,1,0,0,0.0,0.0,2025-Jan-29-19:55:08.043670
0.7185205030005031,34983,25,1,0,0,0,0.0,0.0,2025-Jan-29-19:55:08.090406
1.0735211430969913,34984,25,1,1,0,0,0.0,0.0,2025-Jan-29-19:55:08.137391
1.0735211430969913,34985,25,1,1,0,0,0.0,0.0,2025-Jan-29-19:55:08.182863
0.7185205030005031,34986,25,1,0,0,0,0.0,0.0,2025-Jan-29-19:55:08.229893
1.1111128709475113,34987,25,1,1,-1,0,0.0,0.0,2025-Jan-29-19:55:08.289575
0.7561122308552579,34988,25,1,0,-1,0,0.0,0.0,2025-Jan-29-19:55:08.348257
0.7185205030005031,34989,25,1,0,0,0,0.0,0.0,2025-Jan-29-19:55:08.394894
1.161059787788528,34990,25,1,1,0,-1,0.0,0.0,2025-Jan-29-19:55:08.453002
0.7185205030005031,34991,25,1,0,0,0,0.0,0.0,2025-Jan-29-19:55:08.497795
0.7185205030005031,34992,25,1,0,0,0,0.0,0.0,2025-Jan-29-19:55:08.543674
0.8436562666978078,34993,25,1,0,-1,-1,0.0,0.0,2025-Jan-29-19:55:08.651422
0.7185205030005031,34994,25,1,0,0,0,0.0,0.0,2025-Jan-29-19:55:08.728963
0.7185205030005031,34995,25,1,0,0,0,0.0,0.0,2025-Jan-29-19:55:08.799777
0.7185205030005031,34996,25,1,0,0,0,0.0,0.0,2025-Jan-29-19:55:08.848094
0.7185205030005031,34997,25,1,0,0,0,0.0,0.0,2025-Jan-29-19:55:08.896460
0.7185205030005031,34998,25,1,0,0,0,0.0,0.0,2025-Jan-29-19:55:08.943101
1.0735211430969913,34999,25,1,1,0,0,0.0,0.0,2025-Jan-29-19:55:08.989545
0.7185205030005031,35000,25,1,0,0,0,0.0,0.0,2025-Jan-29-19:55:09.035050
0.7185205030005031,35001,25,1,0,0,0,0.0,0.0,2025-Jan-29-19:55:09.080008
0.629780506117975,35002,25,1,0,-1,1,0.0,1.9000000000000001,2025-Jan-29-19:55:09.166425
0.4160201626761834,35003,25,1,0,1,1,1.9000000000000001,1.9000000000000001,2025-Jan-29-19:55:09.264573
0.7185205030005031,35004,25,1,0,0,0,0.0,0.0,2025-Jan-29-19:55:09.309722
0.629780506117975,35005,25,1,0,-1,1,0.0,1.9000000000000001,2025-Jan-29-19:55:09.396690
1.161059787788528,35006,25,1,1,0,-1,0.0,0.0,2025-Jan-29-19:55:09.453711
0.7185205030005031,35007,25,1,0,0,0,0.0,0.0,2025-Jan-29-19:55:09.498239
0.5921787662199604,35008,25,1,0,0,1,0.0,1.9000000000000001,2025-Jan-29-19:55:09.592814
1.161059787788528,35009,25,1,1,0,-1,0.0,0.0,2025-Jan-29-19:55:09.694608
0.7185205030005031,35010,25,1,0,0,0,0.0,0.0,2025-Jan-29-19:55:09.781766
0.7185205030005031,35011,25,1,0,0,0,0.0,0.0,2025-Jan-29-19:55:09.837059
0.7185205030005031,35012,25,1,0,0,0,0.0,0.0,2025-Jan-29-19:55:09.884148
0.7185205030005031,35013,25,1,0,0,0,0.0,0.0,2025-Jan-29-19:55:09.931093
0.8436562666978078,35014,25,1,0,-1,-1,0.0,0.0,2025-Jan-29-19:55:10.002830
1.1111128709475113,35015,25,1,1,-1,0,0.0,0.0,2025-Jan-29-19:55:10.061046
0.7185205030005031,35016,25,1,0,0,0,0.0,0.0,2025-Jan-29-19:55:10.107691
0.7561122308552579,35017,25,1,0,-1,0,0.0,0.0,2025-Jan-29-19:55:10.166006
0.8060591477019475,35018,25,1,0,0,-1,0.0,0.0,2025-Jan-29-19:55:10.223328
0.7185205030005031,35019,25,1,0,0,0,0.0,0.0,2025-Jan-29-19:55:10.268693
0.8436562666978078,35020,25,1,0,-1,-1,0.0,0.0,2025-Jan-29-19:55:10.339675
0.8436562666978078,35021,25,1,0,-1,-1,0.0,0.0,2025-Jan-29-19:55:10.409929
0.7185205030005031,35022,25,1,0,0,0,0.0,0.0,2025-Jan-29-19:55:10.454165
0.7710208028095181,35023,25,1,1,1,1,1.9000000000000001,1.9000000000000001,2025-Jan-29-19:55:10.568447
0.5423573219619376,35024,25,1,0,1,0,1.9000000000000001,0.0,2025-Jan-29-19:55:10.673233
0.7185205030005031,35025,25,1,0,0,0,0.0,0.0,2025-Jan-29-19:55:10.754951
0.5423573219619376,35026,25,1,0,1,0,1.9000000000000001,0.0,2025-Jan-29-19:55:10.858181
0.7185205030005031,35027,25,1,0,0,0,0.0,0.0,2025-Jan-29-19:55:10.904018
0.7185205030005031,35028,25,1,0,0,0,0.0,0.0,2025-Jan-29-19:55:11.279175
0.7561122308552579,35029,25,1,0,-1,0,0.0,0.0,2025-Jan-29-19:55:11.338055
1.0735211430969913,35030,25,1,1,0,0,0.0,0.0,2025-Jan-29-19:55:11.384422
0.7185205030005031,35031,25,1,0,0,0,0.0,0.0,2025-Jan-29-19:55:11.429701
0.8973579620796409,35032,25,1,1,1,0,1.9000000000000001,0.0,2025-Jan-29-19:55:11.504837
1.0735211430969913,35033,25,1,1,0,0,0.0,0.0,2025-Jan-29-19:55:11.569553
0.7185205030005031,35034,25,1,0,0,0,0.0,0.0,2025-Jan-29-19:55:11.639359
0.7185205030005031,35035,25,1,0,0,0,0.0,0.0,2025-Jan-29-19:55:11.724061
0.7561122308552579,35036,25,1,0,-1,0,0.0,0.0,2025-Jan-29-19:55:11.809472
0.7185205030005031,35037,25,1,0,0,0,0.0,0.0,2025-Jan-29-19:55:11.858100
0.7185205030005031,35038,25,1,0,0,0,0.0,0.0,2025-Jan-29-19:55:11.904348
0.7185205030005031,35039,25,1,0,0,0,0.0,0.0,2025-Jan-29-19:55:11.950507
0.7185205030005031,35040,25,1,0,0,0,0.0,0.0,2025-Jan-29-19:55:11.995741
0.5423573219619376,35041,25,1,0,1,0,1.9000000000000001,0.0,2025-Jan-29-19:55:12.070922
0.5423573219619376,35042,25,1,0,1,0,1.9000000000000001,0.0,2025-Jan-29-19:55:12.146562
0.7185205030005031,35043,25,1,0,0,0,0.0,0.0,2025-Jan-29-19:55:12.192056
0.4160201626761834,35044,25,1,0,1,1,1.9000000000000001,1.9000000000000001,2025-Jan-29-19:55:12.290117
0.9848890270480929,35045,25,1,1,1,-1,1.9000000000000001,0.0,2025-Jan-29-19:55:12.376856
0.7185205030005031,35046,25,1,0,0,0,0.0,0.0,2025-Jan-29-19:55:12.422045
0.7561122308552579,35047,25,1,0,-1,0,0.0,0.0,2025-Jan-29-19:55:12.481373
0.5423573219619376,35048,25,1,0,1,0,1.9000000000000001,0.0,2025-Jan-29-19:55:12.572670
0.7185205030005031,35049,25,1,0,0,0,0.0,0.0,2025-Jan-29-19:55:12.675988
0.5423573219619376,35050,25,1,0,1,0,1.9000000000000001,0.0,2025-Jan-29-19:55:12.790354
0.7561122308552579,35051,25,1,0,-1,0,0.0,0.0,2025-Jan-29-19:55:12.851478
0.7185205030005031,35052,25,1,0,0,0,0.0,0.0,2025-Jan-29-19:55:12.899421
0.8060591477019475,35053,25,1,0,0,-1,0.0,0.0,2025-Jan-29-19:55:12.958039
0.5921787662199604,35054,25,1,0,0,1,0.0,1.9000000000000001,2025-Jan-29-19:55:13.034353
0.7185205030005031,35055,25,1,0,0,0,0.0,0.0,2025-Jan-29-19:55:13.079702
0.7561122308552579,35056,25,1,0,-1,0,0.0,0.0,2025-Jan-29-19:55:13.136989
0.5423573219619376,35057,25,1,0,1,0,1.9000000000000001,0.0,2025-Jan-29-19:55:13.212028
0.7185205030005031,35058,25,1,0,0,0,0.0,0.0,2025-Jan-29-19:55:13.256948
0.8973579620796409,35059,25,1,1,1,0,1.9000000000000001,0.0,2025-Jan-29-19:55:13.331491
0.5423573219619376,35060,25,1,0,1,0,1.9000000000000001,0.0,2025-Jan-29-19:55:13.406855
0.7185205030005031,35061,25,1,0,0,0,0.0,0.0,2025-Jan-29-19:55:13.452615
0.7185205030005031,35062,25,1,0,0,0,0.0,0.0,2025-Jan-29-19:55:13.498629
0.9471794063316156,35063,25,1,1,0,1,0.0,1.9000000000000001,2025-Jan-29-19:55:13.592401
0.7185205030005031,35064,25,1,0,0,0,0.0,0.0,2025-Jan-29-19:55:13.674189
0.7561122308552579,35065,25,1,0,-1,0,0.0,0.0,2025-Jan-29-19:55:13.777156
0.8060591477019475,35066,25,1,0,0,-1,0.0,0.0,2025-Jan-29-19:55:13.844280
0.7185205030005031,35067,25,1,0,0,0,0.0,0.0,2025-Jan-29-19:55:13.892255
1.0735211430969913,35068,25,1,1,0,0,0.0,0.0,2025-Jan-29-19:55:13.938953
0.9471794063316156,35069,25,1,1,0,1,0.0,1.9000000000000001,2025-Jan-29-19:55:14.015078
0.7185205030005031,35070,25,1,0,0,0,0.0,0.0,2025-Jan-29-19:55:14.061925
0.5423573219619376,35071,25,1,0,1,0,1.9000000000000001,0.0,2025-Jan-29-19:55:14.136459
1.0735211430969913,35072,25,1,1,0,0,0.0,0.0,2025-Jan-29-19:55:14.182777
0.7185205030005031,35073,25,1,0,0,0,0.0,0.0,2025-Jan-29-19:55:14.228446
0.629780506117975,35074,25,1,0,-1,1,0.0,1.9000000000000001,2025-Jan-29-19:55:14.317694
1.1111128709475113,35075,25,1,1,-1,0,0.0,0.0,2025-Jan-29-19:55:14.376057
0.7185205030005031,35076,25,1,0,0,0,0.0,0.0,2025-Jan-29-19:55:14.421201
0.7185205030005031,35077,25,1,0,0,0,0.0,0.0,2025-Jan-29-19:55:14.467950
0.8060591477019475,35078,25,1,0,0,-1,0.0,0.0,2025-Jan-29-19:55:14.525340
0.7185205030005031,35079,25,1,0,0,0,0.0,0.0,2025-Jan-29-19:55:14.587804
0.7185205030005031,35080,25,1,0,0,0,0.0,0.0,2025-Jan-29-19:55:14.657931
0.7185205030005031,35081,25,1,0,0,0,0.0,0.0,2025-Jan-29-19:55:14.732167
0.7185205030005031,35082,25,1,0,0,0,0.0,0.0,2025-Jan-29-19:55:14.803386
0.7185205030005031,35083,25,1,0,0,0,0.0,0.0,2025-Jan-29-19:55:14.846674
0.8436562666978078,35084,25,1,0,-1,-1,0.0,0.0,2025-Jan-29-19:55:14.915517
0.7185205030005031,35085,25,1,0,0,0,0.0,0.0,2025-Jan-29-19:55:14.960617
0.7185205030005031,35086,25,1,0,0,0,0.0,0.0,2025-Jan-29-19:55:15.005009
0.8060591477019475,35087,25,1,0,0,-1,0.0,0.0,2025-Jan-29-19:55:15.062804
0.7185205030005031,35088,25,1,0,0,0,0.0,0.0,2025-Jan-29-19:55:15.108473
0.7185205030005031,35089,25,1,0,0,0,0.0,0.0,2025-Jan-29-19:55:15.154814
1.0735211430969913,35090,25,1,1,0,0,0.0,0.0,2025-Jan-29-19:55:15.200022
0.7185205030005031,35091,25,1,0,0,0,0.0,0.0,2025-Jan-29-19:55:15.245320
0.7185205030005031,35092,25,1,0,0,0,0.0,0.0,2025-Jan-29-19:55:15.291146
0.7185205030005031,35093,25,1,0,0,0,0.0,0.0,2025-Jan-29-19:55:15.336941
0.7185205030005031,35094,25,1,0,0,0,0.0,0.0,2025-Jan-29-19:55:15.381952
0.7185205030005031,35095,25,1,0,0,0,0.0,0.0,2025-Jan-29-19:55:15.428551
0.7185205030005031,35096,25,1,0,0,0,0.0,0.0,2025-Jan-29-19:55:15.473709
0.7185205030005031,35097,25,1,0,0,0,0.0,0.0,2025-Jan-29-19:55:15.519263
0.8060591477019475,35098,25,1,0,0,-1,0.0,0.0,2025-Jan-29-19:55:15.605402
1.161059787788528,35099,25,1,1,0,-1,0.0,0.0,2025-Jan-29-19:55:15.703954
0.7185205030005031,35100,25,1,0,0,0,0.0,0.0,2025-Jan-29-19:55:15.783200
1.161059787788528,35101,25,1,1,0,-1,0.0,0.0,2025-Jan-29-19:55:15.844031
0.7185205030005031,35102,25,1,0,0,0,0.0,0.0,2025-Jan-29-19:55:15.890346
0.7185205030005031,35103,25,1,0,0,0,0.0,0.0,2025-Jan-29-19:55:15.935826
0.7185205030005031,35104,25,1,0,0,0,0.0,0.0,2025-Jan-29-19:55:15.981345
1.0735211430969913,35105,25,1,1,0,0,0.0,0.0,2025-Jan-29-19:55:16.027171
0.7185205030005031,35106,25,1,0,0,0,0.0,0.0,2025-Jan-29-19:55:16.071327
1.0735211430969913,35107,25,1,1,0,0,0.0,0.0,2025-Jan-29-19:55:16.117213
0.9471794063316156,35108,25,1,1,0,1,0.0,1.9000000000000001,2025-Jan-29-19:55:16.191350
0.7185205030005031,35109,25,1,0,0,0,0.0,0.0,2025-Jan-29-19:55:16.235576
0.7185205030005031,35110,25,1,0,0,0,0.0,0.0,2025-Jan-29-19:55:16.280956
0.8060591477019475,35111,25,1,0,0,-1,0.0,0.0,2025-Jan-29-19:55:16.337707
0.7185205030005031,35112,25,1,0,0,0,0.0,0.0,2025-Jan-29-19:55:16.382944
0.7185205030005031,35113,25,1,0,0,0,0.0,0.0,2025-Jan-29-19:55:16.428033
0.5921787662199604,35114,25,1,0,0,1,0.0,1.9000000000000001,2025-Jan-29-19:55:16.501007
0.7185205030005031,35115,25,1,0,0,0,0.0,0.0,2025-Jan-29-19:55:16.545375
0.7185205030005031,35116,25,1,0,0,0,0.0,0.0,2025-Jan-29-19:55:16.623250
0.7185205030005031,35117,25,1,0,0,0,0.0,0.0,2025-Jan-29-19:55:16.702335
0.7185205030005031,35118,25,1,0,0,0,0.0,0.0,2025-Jan-29-19:55:16.784069
0.7185205030005031,35119,25,1,0,0,0,0.0,0.0,2025-Jan-29-19:55:16.850028
0.7185205030005031,35120,25,1,0,0,0,0.0,0.0,2025-Jan-29-19:55:16.896091
0.7185205030005031,35121,25,1,0,0,0,0.0,0.0,2025-Jan-29-19:55:16.939913
0.629780506117975,35122,25,1,0,-1,1,0.0,1.9000000000000001,2025-Jan-29-19:55:17.027118
0.5423573219619376,35123,25,1,0,1,0,1.9000000000000001,0.0,2025-Jan-29-19:55:17.100978
0.7185205030005031,35124,25,1,0,0,0,0.0,0.0,2025-Jan-29-19:55:17.146852
0.7185205030005031,35125,25,1,0,0,0,0.0,0.0,2025-Jan-29-19:55:17.194492
0.5423573219619376,35126,25,1,0,1,0,1.9000000000000001,0.0,2025-Jan-29-19:55:17.700217
0.7185205030005031,35127,25,1,0,0,0,0.0,0.0,2025-Jan-29-19:55:17.784288
0.7185205030005031,35128,25,1,0,0,0,0.0,0.0,2025-Jan-29-19:55:17.852098
1.0735211430969913,35129,25,1,1,0,0,0.0,0.0,2025-Jan-29-19:55:17.899333
0.7185205030005031,35130,25,1,0,0,0,0.0,0.0,2025-Jan-29-19:55:17.946174
0.7185205030005031,35131,25,1,0,0,0,0.0,0.0,2025-Jan-29-19:55:17.992083
0.7561122308552579,35132,25,1,0,-1,0,0.0,0.0,2025-Jan-29-19:55:18.050520
0.7185205030005031,35133,25,1,0,0,0,0.0,0.0,2025-Jan-29-19:55:18.096760
0.7185205030005031,35134,25,1,0,0,0,0.0,0.0,2025-Jan-29-19:55:18.142860
0.7185205030005031,35135,25,1,0,0,0,0.0,0.0,2025-Jan-29-19:55:18.189088
0.7185205030005031,35136,25,1,0,0,0,0.0,0.0,2025-Jan-29-19:55:18.233909
0.7185205030005031,35137,25,1,0,0,0,0.0,0.0,2025-Jan-29-19:55:18.278605
0.7561122308552579,35138,25,1,0,-1,0,0.0,0.0,2025-Jan-29-19:55:18.337025
0.7185205030005031,35139,25,1,0,0,0,0.0,0.0,2025-Jan-29-19:55:18.381754
0.7185205030005031,35140,25,1,0,0,0,0.0,0.0,2025-Jan-29-19:55:18.426981
0.5921787662199604,35141,25,1,0,0,1,0.0,1.9000000000000001,2025-Jan-29-19:55:18.501129
0.7185205030005031,35142,25,1,0,0,0,0.0,0.0,2025-Jan-29-19:55:18.545839
0.7185205030005031,35143,25,1,0,0,0,0.0,0.0,2025-Jan-29-19:55:18.600123
0.7185205030005031,35144,25,1,0,0,0,0.0,0.0,2025-Jan-29-19:55:18.697874
0.7185205030005031,35145,25,1,0,0,0,0.0,0.0,2025-Jan-29-19:55:18.782247
0.7185205030005031,35146,25,1,0,0,0,0.0,0.0,2025-Jan-29-19:55:18.849727
0.7185205030005031,35147,25,1,0,0,0,0.0,0.0,2025-Jan-29-19:55:18.895217
0.7185205030005031,35148,25,1,0,0,0,0.0,0.0,2025-Jan-29-19:55:18.940328
0.7185205030005031,35149,25,1,0,0,0,0.0,0.0,2025-Jan-29-19:55:18.984443
0.7185205030005031,35150,25,1,0,0,0,0.0,0.0,2025-Jan-29-19:55:19.028903
0.7185205030005031,35151,25,1,0,0,0,0.0,0.0,2025-Jan-29-19:55:19.073789
0.4160201626761834,35152,25,1,0,1,1,1.9000000000000001,1.9000000000000001,2025-Jan-29-19:55:19.173558
0.5423573219619376,35153,25,1,0,1,0,1.9000000000000001,0.0,2025-Jan-29-19:55:19.247656
0.7185205030005031,35154,25,1,0,0,0,0.0,0.0,2025-Jan-29-19:55:19.292436
0.629780506117975,35155,25,1,0,-1,1,0.0,1.9000000000000001,2025-Jan-29-19:55:19.379196
0.7561122308552579,35156,25,1,0,-1,0,0.0,0.0,2025-Jan-29-19:55:19.437037
0.7185205030005031,35157,25,1,0,0,0,0.0,0.0,2025-Jan-29-19:55:19.482305
0.5921787662199604,35158,25,1,0,0,1,0.0,1.9000000000000001,2025-Jan-29-19:55:19.575908
0.7185205030005031,35159,25,1,0,0,0,0.0,0.0,2025-Jan-29-19:55:19.651766
0.7185205030005031,35160,25,1,0,0,0,0.0,0.0,2025-Jan-29-19:55:19.728110
0.7185205030005031,35161,25,1,0,0,0,0.0,0.0,2025-Jan-29-19:55:19.805792
1.161059787788528,35162,25,1,1,0,-1,0.0,0.0,2025-Jan-29-19:55:19.865297
0.7185205030005031,35163,25,1,0,0,0,0.0,0.0,2025-Jan-29-19:55:19.912148
0.7185205030005031,35164,25,1,0,0,0,0.0,0.0,2025-Jan-29-19:55:19.957021
0.8060591477019475,35165,25,1,0,0,-1,0.0,0.0,2025-Jan-29-19:55:20.014466
0.7185205030005031,35166,25,1,0,0,0,0.0,0.0,2025-Jan-29-19:55:20.060057
0.7185205030005031,35167,25,1,0,0,0,0.0,0.0,2025-Jan-29-19:55:20.105637
0.7561122308552579,35168,25,1,0,-1,0,0.0,0.0,2025-Jan-29-19:55:20.164699
0.7185205030005031,35169,25,1,0,0,0,0.0,0.0,2025-Jan-29-19:55:20.209670
0.629780506117975,35170,25,1,0,-1,1,0.0,1.9000000000000001,2025-Jan-29-19:55:20.296675
0.7561122308552579,35171,25,1,0,-1,0,0.0,0.0,2025-Jan-29-19:55:20.354375
0.7185205030005031,35172,25,1,0,0,0,0.0,0.0,2025-Jan-29-19:55:20.398831
0.5423573219619376,35173,25,1,0,1,0,1.9000000000000001,0.0,2025-Jan-29-19:55:20.474026
1.0735211430969913,35174,25,1,1,0,0,0.0,0.0,2025-Jan-29-19:55:20.519797
0.7185205030005031,35175,25,1,0,0,0,0.0,0.0,2025-Jan-29-19:55:20.580041
0.5423573219619376,35176,25,1,0,1,0,1.9000000000000001,0.0,2025-Jan-29-19:55:20.694477
0.7185205030005031,35177,25,1,0,0,0,0.0,0.0,2025-Jan-29-19:55:20.775772
0.7185205030005031,35178,25,1,0,0,0,0.0,0.0,2025-Jan-29-19:55:20.832855
0.7185205030005031,35179,25,1,0,0,0,0.0,0.0,2025-Jan-29-19:55:20.881113
0.7561122308552579,35180,25,1,0,-1,0,0.0,0.0,2025-Jan-29-19:55:20.940239
0.7185205030005031,35181,25,1,0,0,0,0.0,0.0,2025-Jan-29-19:55:20.985884
0.7185205030005031,35182,25,1,0,0,0,0.0,0.0,2025-Jan-29-19:55:21.031782
0.6298883869405699,35183,25,1,0,1,-1,1.9000000000000001,0.0,2025-Jan-29-19:55:21.119417
0.7185205030005031,35184,25,1,0,0,0,0.0,0.0,2025-Jan-29-19:55:21.166031
0.7185205030005031,35185,25,1,0,0,0,0.0,0.0,2025-Jan-29-19:55:21.211159
0.7561122308552579,35186,25,1,0,-1,0,0.0,0.0,2025-Jan-29-19:55:21.269336
0.7185205030005031,35187,25,1,0,0,0,0.0,0.0,2025-Jan-29-19:55:21.314987
0.7185205030005031,35188,25,1,0,0,0,0.0,0.0,2025-Jan-29-19:55:21.361758
0.7185205030005031,35189,25,1,0,0,0,0.0,0.0,2025-Jan-29-19:55:21.406996
0.7185205030005031,35190,25,1,0,0,0,0.0,0.0,2025-Jan-29-19:55:21.452492
0.7185205030005031,35191,25,1,0,0,0,0.0,0.0,2025-Jan-29-19:55:21.497730
0.5423573219619376,35192,25,1,0,1,0,1.9000000000000001,0.0,2025-Jan-29-19:55:21.590229
0.7185205030005031,35193,25,1,0,0,0,0.0,0.0,2025-Jan-29-19:55:21.672865
0.4160201626761834,35194,25,1,0,1,1,1.9000000000000001,1.9000000000000001,2025-Jan-29-19:55:21.811028
0.5921787662199604,35195,25,1,0,0,1,0.0,1.9000000000000001,2025-Jan-29-19:55:21.885912
0.7185205030005031,35196,25,1,0,0,0,0.0,0.0,2025-Jan-29-19:55:21.930629
0.7185205030005031,35197,25,1,0,0,0,0.0,0.0,2025-Jan-29-19:55:21.977738
0.5423573219619376,35198,25,1,0,1,0,1.9000000000000001,0.0,2025-Jan-29-19:55:22.052021
0.7185205030005031,35199,25,1,0,0,0,0.0,0.0,2025-Jan-29-19:55:22.098488
0.5423573219619376,35200,25,1,0,1,0,1.9000000000000001,0.0,2025-Jan-29-19:55:22.174053
1.1111128709475113,35201,25,1,1,-1,0,0.0,0.0,2025-Jan-29-19:55:22.232599
0.7185205030005031,35202,25,1,0,0,0,0.0,0.0,2025-Jan-29-19:55:22.278073
0.5921787662199604,35203,25,1,0,0,1,0.0,1.9000000000000001,2025-Jan-29-19:55:22.353867
0.5921787662199604,35204,25,1,0,0,1,0.0,1.9000000000000001,2025-Jan-29-19:55:22.428941
0.7185205030005031,35205,25,1,0,0,0,0.0,0.0,2025-Jan-29-19:55:22.474098
0.5423573219619376,35206,25,1,0,1,0,1.9000000000000001,0.0,2025-Jan-29-19:55:22.549332
0.7185205030005031,35207,25,1,0,0,0,0.0,0.0,2025-Jan-29-19:55:22.641076
0.7185205030005031,35208,25,1,0,0,0,0.0,0.0,2025-Jan-29-19:55:22.719643
0.5423573219619376,35209,25,1,0,1,0,1.9000000000000001,0.0,2025-Jan-29-19:55:22.841760
0.5423573219619376,35210,25,1,0,1,0,1.9000000000000001,0.0,2025-Jan-29-19:55:22.918532
0.7185205030005031,35211,25,1,0,0,0,0.0,0.0,2025-Jan-29-19:55:22.966029
0.7185205030005031,35212,25,1,0,0,0,0.0,0.0,2025-Jan-29-19:55:23.012396
0.5423573219619376,35213,25,1,0,1,0,1.9000000000000001,0.0,2025-Jan-29-19:55:23.088230
0.7185205030005031,35214,25,1,0,0,0,0.0,0.0,2025-Jan-29-19:55:23.135170
0.7185205030005031,35215,25,1,0,0,0,0.0,0.0,2025-Jan-29-19:55:23.181933
0.7185205030005031,35216,25,1,0,0,0,0.0,0.0,2025-Jan-29-19:55:23.227936
0.8060591477019475,35217,25,1,0,0,-1,0.0,0.0,2025-Jan-29-19:55:23.286741
0.7185205030005031,35218,25,1,0,0,0,0.0,0.0,2025-Jan-29-19:55:23.333015
0.7185205030005031,35219,25,1,0,0,0,0.0,0.0,2025-Jan-29-19:55:23.379344
0.7185205030005031,35220,25,1,0,0,0,0.0,0.0,2025-Jan-29-19:55:23.425663
0.5423573219619376,35221,25,1,0,1,0,1.9000000000000001,0.0,2025-Jan-29-19:55:23.508381
1.0735211430969913,35222,25,1,1,0,0,0.0,0.0,2025-Jan-29-19:55:23.575253
0.7185205030005031,35223,25,1,0,0,0,0.0,0.0,2025-Jan-29-19:55:23.650233
0.629780506117975,35224,25,1,0,-1,1,0.0,1.9000000000000001,2025-Jan-29-19:55:23.795024
0.629780506117975,35225,25,1,0,-1,1,0.0,1.9000000000000001,2025-Jan-29-19:55:24.335955
0.7185205030005031,35226,25,1,0,0,0,0.0,0.0,2025-Jan-29-19:55:24.382602
0.7185205030005031,35227,25,1,0,0,0,0.0,0.0,2025-Jan-29-19:55:24.428008
0.7185205030005031,35228,25,1,0,0,0,0.0,0.0,2025-Jan-29-19:55:24.472943
0.7185205030005031,35229,25,1,0,0,0,0.0,0.0,2025-Jan-29-19:55:24.517819
0.9471794063316156,35230,25,1,1,0,1,0.0,1.9000000000000001,2025-Jan-29-19:55:24.625831
1.0735211430969913,35231,25,1,1,0,0,0.0,0.0,2025-Jan-29-19:55:24.699722
0.7185205030005031,35232,25,1,0,0,0,0.0,0.0,2025-Jan-29-19:55:24.787752
0.7185205030005031,35233,25,1,0,0,0,0.0,0.0,2025-Jan-29-19:55:24.839433
0.7185205030005031,35234,25,1,0,0,0,0.0,0.0,2025-Jan-29-19:55:24.886875
0.7185205030005031,35235,25,1,0,0,0,0.0,0.0,2025-Jan-29-19:55:24.932682
0.7185205030005031,35236,25,1,0,0,0,0.0,0.0,2025-Jan-29-19:55:24.978719
0.7185205030005031,35237,25,1,0,0,0,0.0,0.0,2025-Jan-29-19:55:25.024416
0.7185205030005031,35238,25,1,0,0,0,0.0,0.0,2025-Jan-29-19:55:25.070891
0.7185205030005031,35239,25,1,0,0,0,0.0,0.0,2025-Jan-29-19:55:25.116778
1.0735211430969913,35240,25,1,1,0,0,0.0,0.0,2025-Jan-29-19:55:25.162014
0.7185205030005031,35241,25,1,0,0,0,0.0,0.0,2025-Jan-29-19:55:25.208800
0.7185205030005031,35242,25,1,0,0,0,0.0,0.0,2025-Jan-29-19:55:25.255561
0.7185205030005031,35243,25,1,0,0,0,0.0,0.0,2025-Jan-29-19:55:25.301968
0.7185205030005031,35244,25,1,0,0,0,0.0,0.0,2025-Jan-29-19:55:25.347323
0.7185205030005031,35245,25,1,0,0,0,0.0,0.0,2025-Jan-29-19:55:25.392892
0.7185205030005031,35246,25,1,0,0,0,0.0,0.0,2025-Jan-29-19:55:25.439214
0.7185205030005031,35247,25,1,0,0,0,0.0,0.0,2025-Jan-29-19:55:25.484646
0.7185205030005031,35248,25,1,0,0,0,0.0,0.0,2025-Jan-29-19:55:25.531481
0.7561122308552579,35249,25,1,0,-1,0,0.0,0.0,2025-Jan-29-19:55:25.603570
0.7185205030005031,35250,25,1,0,0,0,0.0,0.0,2025-Jan-29-19:55:25.681395
1.161059787788528,35251,25,1,1,0,-1,0.0,0.0,2025-Jan-29-19:55:25.787888
0.8060591477019475,35252,25,1,0,0,-1,0.0,0.0,2025-Jan-29-19:55:25.848782
0.7185205030005031,35253,25,1,0,0,0,0.0,0.0,2025-Jan-29-19:55:25.894641
0.7185205030005031,35254,25,1,0,0,0,0.0,0.0,2025-Jan-29-19:55:25.940237
0.5921787662199604,35255,25,1,0,0,1,0.0,1.9000000000000001,2025-Jan-29-19:55:26.014471
0.7185205030005031,35256,25,1,0,0,0,0.0,0.0,2025-Jan-29-19:55:26.060282
0.7185205030005031,35257,25,1,0,0,0,0.0,0.0,2025-Jan-29-19:55:26.105320
0.7185205030005031,35258,25,1,0,0,0,0.0,0.0,2025-Jan-29-19:55:26.151285
0.8060591477019475,35259,25,1,0,0,-1,0.0,0.0,2025-Jan-29-19:55:26.209005
0.7185205030005031,35260,25,1,0,0,0,0.0,0.0,2025-Jan-29-19:55:26.254516
0.7185205030005031,35261,25,1,0,0,0,0.0,0.0,2025-Jan-29-19:55:26.299819
0.7185205030005031,35262,25,1,0,0,0,0.0,0.0,2025-Jan-29-19:55:26.344761
0.5921787662199604,35263,25,1,0,0,1,0.0,1.9000000000000001,2025-Jan-29-19:55:26.419035
0.7185205030005031,35264,25,1,0,0,0,0.0,0.0,2025-Jan-29-19:55:26.463284
0.7185205030005031,35265,25,1,0,0,0,0.0,0.0,2025-Jan-29-19:55:26.508451
0.7185205030005031,35266,25,1,0,0,0,0.0,0.0,2025-Jan-29-19:55:26.567531
0.7185205030005031,35267,25,1,0,0,0,0.0,0.0,2025-Jan-29-19:55:26.657845
0.7185205030005031,35268,25,1,0,0,0,0.0,0.0,2025-Jan-29-19:55:26.735416
0.7185205030005031,35269,25,1,0,0,0,0.0,0.0,2025-Jan-29-19:55:26.803697
1.161059787788528,35270,25,1,1,0,-1,0.0,0.0,2025-Jan-29-19:55:26.863146
0.7185205030005031,35271,25,1,0,0,0,0.0,0.0,2025-Jan-29-19:55:26.908817
0.5423573219619376,35272,25,1,0,1,0,1.9000000000000001,0.0,2025-Jan-29-19:55:26.982997
0.7561122308552579,35273,25,1,0,-1,0,0.0,0.0,2025-Jan-29-19:55:27.040345
0.7185205030005031,35274,25,1,0,0,0,0.0,0.0,2025-Jan-29-19:55:27.085565
0.5423573219619376,35275,25,1,0,1,0,1.9000000000000001,0.0,2025-Jan-29-19:55:27.160748
0.5423573219619376,35276,25,1,0,1,0,1.9000000000000001,0.0,2025-Jan-29-19:55:27.235519
0.7185205030005031,35277,25,1,0,0,0,0.0,0.0,2025-Jan-29-19:55:27.281837
0.7185205030005031,35278,25,1,0,0,0,0.0,0.0,2025-Jan-29-19:55:27.328069
0.7185205030005031,35279,25,1,0,0,0,0.0,0.0,2025-Jan-29-19:55:27.374602
0.7185205030005031,35280,25,1,0,0,0,0.0,0.0,2025-Jan-29-19:55:27.418803
0.7185205030005031,35281,25,1,0,0,0,0.0,0.0,2025-Jan-29-19:55:27.462609
0.7185205030005031,35282,25,1,0,0,0,0.0,0.0,2025-Jan-29-19:55:27.505686
0.7185205030005031,35283,25,1,0,0,0,0.0,0.0,2025-Jan-29-19:55:27.550393
0.7185205030005031,35284,25,1,0,0,0,0.0,0.0,2025-Jan-29-19:55:27.634505
0.7185205030005031,35285,25,1,0,0,0,0.0,0.0,2025-Jan-29-19:55:27.704874
0.7185205030005031,35286,25,1,0,0,0,0.0,0.0,2025-Jan-29-19:55:27.772900
0.7185205030005031,35287,25,1,0,0,0,0.0,0.0,2025-Jan-29-19:55:27.818252
0.7185205030005031,35288,25,1,0,0,0,0.0,0.0,2025-Jan-29-19:55:27.861402
0.7185205030005031,35289,25,1,0,0,0,0.0,0.0,2025-Jan-29-19:55:27.907002
0.5921787662199604,35290,25,1,0,0,1,0.0,1.9000000000000001,2025-Jan-29-19:55:27.979747
1.161059787788528,35291,25,1,1,0,-1,0.0,0.0,2025-Jan-29-19:55:28.035208
0.7185205030005031,35292,25,1,0,0,0,0.0,0.0,2025-Jan-29-19:55:28.078150
0.7185205030005031,35293,25,1,0,0,0,0.0,0.0,2025-Jan-29-19:55:28.121594
0.7185205030005031,35294,25,1,0,0,0,0.0,0.0,2025-Jan-29-19:55:28.164640
0.7185205030005031,35295,25,1,0,0,0,0.0,0.0,2025-Jan-29-19:55:28.207685
0.7185205030005031,35296,25,1,0,0,0,0.0,0.0,2025-Jan-29-19:55:28.250925
0.7185205030005031,35297,25,1,0,0,0,0.0,0.0,2025-Jan-29-19:55:28.294301
0.7185205030005031,35298,25,1,0,0,0,0.0,0.0,2025-Jan-29-19:55:28.337741
0.7185205030005031,35299,25,1,0,0,0,0.0,0.0,2025-Jan-29-19:55:28.380903
0.7185205030005031,35300,25,1,0,0,0,0.0,0.0,2025-Jan-29-19:55:28.424960
0.7185205030005031,35301,25,1,0,0,0,0.0,0.0,2025-Jan-29-19:55:28.467897
0.4160201626761834,35302,25,1,0,1,1,1.9000000000000001,1.9000000000000001,2025-Jan-29-19:55:28.584198
0.4160201626761834,35303,25,1,0,1,1,1.9000000000000001,1.9000000000000001,2025-Jan-29-19:55:28.721508
0.7185205030005031,35304,25,1,0,0,0,0.0,0.0,2025-Jan-29-19:55:28.786314
0.629780506117975,35305,25,1,0,-1,1,0.0,1.9000000000000001,2025-Jan-29-19:55:28.873998
0.8060591477019475,35306,25,1,0,0,-1,0.0,0.0,2025-Jan-29-19:55:28.929651
0.7185205030005031,35307,25,1,0,0,0,0.0,0.0,2025-Jan-29-19:55:28.972712
0.5921787662199604,35308,25,1,0,0,1,0.0,1.9000000000000001,2025-Jan-29-19:55:29.044672
0.5921787662199604,35309,25,1,0,0,1,0.0,1.9000000000000001,2025-Jan-29-19:55:29.116321
0.7185205030005031,35310,25,1,0,0,0,0.0,0.0,2025-Jan-29-19:55:29.159666
0.7185205030005031,35311,25,1,0,0,0,0.0,0.0,2025-Jan-29-19:55:29.202792
0.8436562666978078,35312,25,1,0,-1,-1,0.0,0.0,2025-Jan-29-19:55:29.270644
0.7185205030005031,35313,25,1,0,0,0,0.0,0.0,2025-Jan-29-19:55:29.313919
0.7185205030005031,35314,25,1,0,0,0,0.0,0.0,2025-Jan-29-19:55:29.357824
0.7185205030005031,35315,25,1,0,0,0,0.0,0.0,2025-Jan-29-19:55:29.401143
0.7185205030005031,35316,25,1,0,0,0,0.0,0.0,2025-Jan-29-19:55:29.443873
0.7185205030005031,35317,25,1,0,0,0,0.0,0.0,2025-Jan-29-19:55:29.487143
0.7185205030005031,35318,25,1,0,0,0,0.0,0.0,2025-Jan-29-19:55:29.530217
0.7185205030005031,35319,25,1,0,0,0,0.0,0.0,2025-Jan-29-19:55:29.587748
0.629780506117975,35320,25,1,0,-1,1,0.0,1.9000000000000001,2025-Jan-29-19:55:29.694196
0.5921787662199604,35321,25,1,0,0,1,0.0,1.9000000000000001,2025-Jan-29-19:55:29.795208
0.7185205030005031,35322,25,1,0,0,0,0.0,0.0,2025-Jan-29-19:55:29.840160
0.5423573219619376,35323,25,1,0,1,0,1.9000000000000001,0.0,2025-Jan-29-19:55:29.912114
0.5423573219619376,35324,25,1,0,1,0,1.9000000000000001,0.0,2025-Jan-29-19:55:29.986801
0.7185205030005031,35325,25,1,0,0,0,0.0,0.0,2025-Jan-29-19:55:30.030883
0.5423573219619376,35326,25,1,0,1,0,1.9000000000000001,0.0,2025-Jan-29-19:55:30.103969
0.7185205030005031,35327,25,1,0,0,0,0.0,0.0,2025-Jan-29-19:55:30.147448
0.7185205030005031,35328,25,1,0,0,0,0.0,0.0,2025-Jan-29-19:55:30.190814
0.7185205030005031,35329,25,1,0,0,0,0.0,0.0,2025-Jan-29-19:55:30.233999
0.7185205030005031,35330,25,1,0,0,0,0.0,0.0,2025-Jan-29-19:55:30.276914
0.7185205030005031,35331,25,1,0,0,0,0.0,0.0,2025-Jan-29-19:55:30.319870
0.6298883869405699,35332,25,1,0,1,-1,1.9000000000000001,0.0,2025-Jan-29-19:55:30.707766
0.8060591477019475,35333,25,1,0,0,-1,0.0,0.0,2025-Jan-29-19:55:30.804539
0.8060591477019475,35334,25,1,0,0,-1,0.0,0.0,2025-Jan-29-19:55:30.877859
0.7185205030005031,35335,25,1,0,0,0,0.0,0.0,2025-Jan-29-19:55:30.926071
0.7185205030005031,35336,25,1,0,0,0,0.0,0.0,2025-Jan-29-19:55:30.972978
0.7185205030005031,35337,25,1,0,0,0,0.0,0.0,2025-Jan-29-19:55:31.019197
0.7185205030005031,35338,25,1,0,0,0,0.0,0.0,2025-Jan-29-19:55:31.065565
0.7185205030005031,35339,25,1,0,0,0,0.0,0.0,2025-Jan-29-19:55:31.111914
0.7185205030005031,35340,25,1,0,0,0,0.0,0.0,2025-Jan-29-19:55:31.157018
0.5423573219619376,35341,25,1,0,1,0,1.9000000000000001,0.0,2025-Jan-29-19:55:31.230852
0.7561122308552579,35342,25,1,0,-1,0,0.0,0.0,2025-Jan-29-19:55:31.290076
0.7185205030005031,35343,25,1,0,0,0,0.0,0.0,2025-Jan-29-19:55:31.335564
0.4160201626761834,35344,25,1,0,1,1,1.9000000000000001,1.9000000000000001,2025-Jan-29-19:55:31.434546
0.5921787662199604,35345,25,1,0,0,1,0.0,1.9000000000000001,2025-Jan-29-19:55:31.509117
0.7185205030005031,35346,25,1,0,0,0,0.0,0.0,2025-Jan-29-19:55:31.555527
0.5423573219619376,35347,25,1,0,1,0,1.9000000000000001,0.0,2025-Jan-29-19:55:31.662438
0.7185205030005031,35348,25,1,0,0,0,0.0,0.0,2025-Jan-29-19:55:31.744257
0.7185205030005031,35349,25,1,0,0,0,0.0,0.0,2025-Jan-29-19:55:31.815889
0.5423573219619376,35350,25,1,0,1,0,1.9000000000000001,0.0,2025-Jan-29-19:55:31.892699
0.7561122308552579,35351,25,1,0,-1,0,0.0,0.0,2025-Jan-29-19:55:31.953852
0.7185205030005031,35352,25,1,0,0,0,0.0,0.0,2025-Jan-29-19:55:32.000114
0.5921787662199604,35353,25,1,0,0,1,0.0,1.9000000000000001,2025-Jan-29-19:55:32.075353
0.5921787662199604,35354,25,1,0,0,1,0.0,1.9000000000000001,2025-Jan-29-19:55:32.150333
0.7185205030005031,35355,25,1,0,0,0,0.0,0.0,2025-Jan-29-19:55:32.198573
0.5423573219619376,35356,25,1,0,1,0,1.9000000000000001,0.0,2025-Jan-29-19:55:32.275129
0.5423573219619376,35357,25,1,0,1,0,1.9000000000000001,0.0,2025-Jan-29-19:55:32.350378
0.7561122308552579,35358,25,1,0,-1,0,0.0,0.0,2025-Jan-29-19:55:32.408049
0.5423573219619376,35359,25,1,0,1,0,1.9000000000000001,0.0,2025-Jan-29-19:55:32.482561
0.7561122308552579,35360,25,1,0,-1,0,0.0,0.0,2025-Jan-29-19:55:32.540090
0.7185205030005031,35361,25,1,0,0,0,0.0,0.0,2025-Jan-29-19:55:32.602897
0.5423573219619376,35362,25,1,0,1,0,1.9000000000000001,0.0,2025-Jan-29-19:55:32.714270
0.8973579620796409,35363,25,1,1,1,0,1.9000000000000001,0.0,2025-Jan-29-19:55:32.828751
0.7185205030005031,35364,25,1,0,0,0,0.0,0.0,2025-Jan-29-19:55:32.873934
0.7185205030005031,35365,25,1,0,0,0,0.0,0.0,2025-Jan-29-19:55:32.917870
0.7185205030005031,35366,25,1,0,0,0,0.0,0.0,2025-Jan-29-19:55:32.961144
0.7185205030005031,35367,25,1,0,0,0,0.0,0.0,2025-Jan-29-19:55:33.004232
0.7185205030005031,35368,25,1,0,0,0,0.0,0.0,2025-Jan-29-19:55:33.047488
0.7185205030005031,35369,25,1,0,0,0,0.0,0.0,2025-Jan-29-19:55:33.090544
0.7185205030005031,35370,25,1,0,0,0,0.0,0.0,2025-Jan-29-19:55:33.133847
0.5423573219619376,35371,25,1,0,1,0,1.9000000000000001,0.0,2025-Jan-29-19:55:33.208724
0.7185205030005031,35372,25,1,0,0,0,0.0,0.0,2025-Jan-29-19:55:33.252215
0.7185205030005031,35373,25,1,0,0,0,0.0,0.0,2025-Jan-29-19:55:33.295391
0.629780506117975,35374,25,1,0,-1,1,0.0,1.9000000000000001,2025-Jan-29-19:55:33.380722
1.0735211430969913,35375,25,1,1,0,0,0.0,0.0,2025-Jan-29-19:55:33.423659
0.7185205030005031,35376,25,1,0,0,0,0.0,0.0,2025-Jan-29-19:55:33.466803
0.7185205030005031,35377,25,1,0,0,0,0.0,0.0,2025-Jan-29-19:55:33.510030
0.7185205030005031,35378,25,1,0,0,0,0.0,0.0,2025-Jan-29-19:55:33.572575
0.7185205030005031,35379,25,1,0,0,0,0.0,0.0,2025-Jan-29-19:55:33.645072
0.9471794063316156,35380,25,1,1,0,1,0.0,1.9000000000000001,2025-Jan-29-19:55:33.755560
0.9471794063316156,35381,25,1,1,0,1,0.0,1.9000000000000001,2025-Jan-29-19:55:33.829860
0.7185205030005031,35382,25,1,0,0,0,0.0,0.0,2025-Jan-29-19:55:33.875888
0.7185205030005031,35383,25,1,0,0,0,0.0,0.0,2025-Jan-29-19:55:33.919033
0.7561122308552579,35384,25,1,0,-1,0,0.0,0.0,2025-Jan-29-19:55:33.974284
0.7185205030005031,35385,25,1,0,0,0,0.0,0.0,2025-Jan-29-19:55:34.016633
0.7185205030005031,35386,25,1,0,0,0,0.0,0.0,2025-Jan-29-19:55:34.059929
0.8060591477019475,35387,25,1,0,0,-1,0.0,0.0,2025-Jan-29-19:55:34.115903
0.7185205030005031,35388,25,1,0,0,0,0.0,0.0,2025-Jan-29-19:55:34.159052
0.7185205030005031,35389,25,1,0,0,0,0.0,0.0,2025-Jan-29-19:55:34.201707
0.7185205030005031,35390,25,1,0,0,0,0.0,0.0,2025-Jan-29-19:55:34.245252
0.7185205030005031,35391,25,1,0,0,0,0.0,0.0,2025-Jan-29-19:55:34.288271
0.7185205030005031,35392,25,1,0,0,0,0.0,0.0,2025-Jan-29-19:55:34.331394
0.7561122308552579,35393,25,1,0,-1,0,0.0,0.0,2025-Jan-29-19:55:34.386364
0.7185205030005031,35394,25,1,0,0,0,0.0,0.0,2025-Jan-29-19:55:34.429023
0.7185205030005031,35395,25,1,0,0,0,0.0,0.0,2025-Jan-29-19:55:34.471851
0.7185205030005031,35396,25,1,0,0,0,0.0,0.0,2025-Jan-29-19:55:34.514892
0.7185205030005031,35397,25,1,0,0,0,0.0,0.0,2025-Jan-29-19:55:34.580390
0.8060591477019475,35398,25,1,0,0,-1,0.0,0.0,2025-Jan-29-19:55:34.667340
0.5921787662199604,35399,25,1,0,0,1,0.0,1.9000000000000001,2025-Jan-29-19:55:34.770223
0.7185205030005031,35400,25,1,0,0,0,0.0,0.0,2025-Jan-29-19:55:34.814860
0.8060591477019475,35401,25,1,0,0,-1,0.0,0.0,2025-Jan-29-19:55:34.871721
1.161059787788528,35402,25,1,1,0,-1,0.0,0.0,2025-Jan-29-19:55:34.929006
0.7185205030005031,35403,25,1,0,0,0,0.0,0.0,2025-Jan-29-19:55:34.971725
0.5921787662199604,35404,25,1,0,0,1,0.0,1.9000000000000001,2025-Jan-29-19:55:35.042833
0.8060591477019475,35405,25,1,0,0,-1,0.0,0.0,2025-Jan-29-19:55:35.098092
0.7185205030005031,35406,25,1,0,0,0,0.0,0.0,2025-Jan-29-19:55:35.141434
0.7185205030005031,35407,25,1,0,0,0,0.0,0.0,2025-Jan-29-19:55:35.184176
0.7185205030005031,35408,25,1,0,0,0,0.0,0.0,2025-Jan-29-19:55:35.227638
0.8060591477019475,35409,25,1,0,0,-1,0.0,0.0,2025-Jan-29-19:55:35.282647
0.7185205030005031,35410,25,1,0,0,0,0.0,0.0,2025-Jan-29-19:55:35.325320
0.7185205030005031,35411,25,1,0,0,0,0.0,0.0,2025-Jan-29-19:55:35.367873
0.7185205030005031,35412,25,1,0,0,0,0.0,0.0,2025-Jan-29-19:55:35.410621
0.5921787662199604,35413,25,1,0,0,1,0.0,1.9000000000000001,2025-Jan-29-19:55:35.482111
0.7185205030005031,35414,25,1,0,0,0,0.0,0.0,2025-Jan-29-19:55:35.524601
0.7185205030005031,35415,25,1,0,0,0,0.0,0.0,2025-Jan-29-19:55:35.583868
0.7185205030005031,35416,25,1,0,0,0,0.0,0.0,2025-Jan-29-19:55:35.661122
0.7561122308552579,35417,25,1,0,-1,0,0.0,0.0,2025-Jan-29-19:55:35.748665
0.7185205030005031,35418,25,1,0,0,0,0.0,0.0,2025-Jan-29-19:55:35.801434
0.7185205030005031,35419,25,1,0,0,0,0.0,0.0,2025-Jan-29-19:55:35.845387
0.5921787662199604,35420,25,1,0,0,1,0.0,1.9000000000000001,2025-Jan-29-19:55:35.921719
0.7185205030005031,35421,25,1,0,0,0,0.0,0.0,2025-Jan-29-19:55:35.966066
0.5423573219619376,35422,25,1,0,1,0,1.9000000000000001,0.0,2025-Jan-29-19:55:36.037908
0.5423573219619376,35423,25,1,0,1,0,1.9000000000000001,0.0,2025-Jan-29-19:55:36.109194
0.7185205030005031,35424,25,1,0,0,0,0.0,0.0,2025-Jan-29-19:55:36.152172
0.5423573219619376,35425,25,1,0,1,0,1.9000000000000001,0.0,2025-Jan-29-19:55:36.223514
0.4160201626761834,35426,25,1,0,1,1,1.9000000000000001,1.9000000000000001,2025-Jan-29-19:55:36.318124
0.7185205030005031,35427,25,1,0,0,0,0.0,0.0,2025-Jan-29-19:55:36.361088
0.7185205030005031,35428,25,1,0,0,0,0.0,0.0,2025-Jan-29-19:55:36.403860
0.7185205030005031,35429,25,1,0,0,0,0.0,0.0,2025-Jan-29-19:55:36.446544
0.7185205030005031,35430,25,1,0,0,0,0.0,0.0,2025-Jan-29-19:55:36.489622
0.7185205030005031,35431,25,1,0,0,0,0.0,0.0,2025-Jan-29-19:55:36.532533
0.7185205030005031,35432,25,1,0,0,0,0.0,0.0,2025-Jan-29-19:55:36.599202
0.7185205030005031,35433,25,1,0,0,0,0.0,0.0,2025-Jan-29-19:55:36.679565
0.7185205030005031,35434,25,1,0,0,0,0.0,0.0,2025-Jan-29-19:55:36.749038
0.7185205030005031,35435,25,1,0,0,0,0.0,0.0,2025-Jan-29-19:55:36.799113
0.7185205030005031,35436,25,1,0,0,0,0.0,0.0,2025-Jan-29-19:55:36.842208
0.7185205030005031,35437,25,1,0,0,0,0.0,0.0,2025-Jan-29-19:55:36.885335
0.7185205030005031,35438,25,1,0,0,0,0.0,0.0,2025-Jan-29-19:55:36.931089
0.7185205030005031,35439,25,1,0,0,0,0.0,0.0,2025-Jan-29-19:55:36.974733
0.5921787662199604,35440,25,1,0,0,1,0.0,1.9000000000000001,2025-Jan-29-19:55:37.046004
0.5921787662199604,35441,25,1,0,0,1,0.0,1.9000000000000001,2025-Jan-29-19:55:37.117171
0.7185205030005031,35442,25,1,0,0,0,0.0,0.0,2025-Jan-29-19:55:37.159893
0.7185205030005031,35443,25,1,0,0,0,0.0,0.0,2025-Jan-29-19:55:37.202857
0.7185205030005031,35444,25,1,0,0,0,0.0,0.0,2025-Jan-29-19:55:37.247618
0.7185205030005031,35445,25,1,0,0,0,0.0,0.0,2025-Jan-29-19:55:37.290512
0.7185205030005031,35446,25,1,0,0,0,0.0,0.0,2025-Jan-29-19:55:37.333412
0.7185205030005031,35447,25,1,0,0,0,0.0,0.0,2025-Jan-29-19:55:37.376183
0.7185205030005031,35448,25,1,0,0,0,0.0,0.0,2025-Jan-29-19:55:37.418905
0.7185205030005031,35449,25,1,0,0,0,0.0,0.0,2025-Jan-29-19:55:37.788910
0.7185205030005031,35450,25,1,0,0,0,0.0,0.0,2025-Jan-29-19:55:37.865956
0.7185205030005031,35451,25,1,0,0,0,0.0,0.0,2025-Jan-29-19:55:37.935455
0.4160201626761834,35452,25,1,0,1,1,1.9000000000000001,1.9000000000000001,2025-Jan-29-19:55:38.050626
0.5921787662199604,35453,25,1,0,0,1,0.0,1.9000000000000001,2025-Jan-29-19:55:38.123795
0.7185205030005031,35454,25,1,0,0,0,0.0,0.0,2025-Jan-29-19:55:38.167107
0.629780506117975,35455,25,1,0,-1,1,0.0,1.9000000000000001,2025-Jan-29-19:55:38.252079
0.8436562666978078,35456,25,1,0,-1,-1,0.0,0.0,2025-Jan-29-19:55:38.319838
0.7185205030005031,35457,25,1,0,0,0,0.0,0.0,2025-Jan-29-19:55:38.362927
0.5921787662199604,35458,25,1,0,0,1,0.0,1.9000000000000001,2025-Jan-29-19:55:38.434561
0.8060591477019475,35459,25,1,0,0,-1,0.0,0.0,2025-Jan-29-19:55:38.492020
0.7185205030005031,35460,25,1,0,0,0,0.0,0.0,2025-Jan-29-19:55:38.535218
0.8060591477019475,35461,25,1,0,0,-1,0.0,0.0,2025-Jan-29-19:55:38.590887
0.7185205030005031,35462,25,1,0,0,0,0.0,0.0,2025-Jan-29-19:55:38.633723
0.7185205030005031,35463,25,1,0,0,0,0.0,0.0,2025-Jan-29-19:55:38.676731
0.7185205030005031,35464,25,1,0,0,0,0.0,0.0,2025-Jan-29-19:55:38.737930
0.7185205030005031,35465,25,1,0,0,0,0.0,0.0,2025-Jan-29-19:55:38.811789
0.7185205030005031,35466,25,1,0,0,0,0.0,0.0,2025-Jan-29-19:55:38.878814
0.7185205030005031,35467,25,1,0,0,0,0.0,0.0,2025-Jan-29-19:55:38.943027
0.7185205030005031,35468,25,1,0,0,0,0.0,0.0,2025-Jan-29-19:55:38.990013
0.7185205030005031,35469,25,1,0,0,0,0.0,0.0,2025-Jan-29-19:55:39.033215
0.5921787662199604,35470,25,1,0,0,1,0.0,1.9000000000000001,2025-Jan-29-19:55:39.104926
0.629780506117975,35471,25,1,0,-1,1,0.0,1.9000000000000001,2025-Jan-29-19:55:39.188888
0.7185205030005031,35472,25,1,0,0,0,0.0,0.0,2025-Jan-29-19:55:39.232874
0.5423573219619376,35473,25,1,0,1,0,1.9000000000000001,0.0,2025-Jan-29-19:55:39.304054
0.5423573219619376,35474,25,1,0,1,0,1.9000000000000001,0.0,2025-Jan-29-19:55:39.375533
0.7185205030005031,35475,25,1,0,0,0,0.0,0.0,2025-Jan-29-19:55:39.418486
0.5423573219619376,35476,25,1,0,1,0,1.9000000000000001,0.0,2025-Jan-29-19:55:39.489736
0.8060591477019475,35477,25,1,0,0,-1,0.0,0.0,2025-Jan-29-19:55:39.545353
0.7185205030005031,35478,25,1,0,0,0,0.0,0.0,2025-Jan-29-19:55:39.588751
0.7185205030005031,35479,25,1,0,0,0,0.0,0.0,2025-Jan-29-19:55:39.631714
0.7561122308552579,35480,25,1,0,-1,0,0.0,0.0,2025-Jan-29-19:55:39.719757
0.7185205030005031,35481,25,1,0,0,0,0.0,0.0,2025-Jan-29-19:55:39.785497
0.6298883869405699,35482,25,1,0,1,-1,1.9000000000000001,0.0,2025-Jan-29-19:55:39.897391
0.8060591477019475,35483,25,1,0,0,-1,0.0,0.0,2025-Jan-29-19:55:39.954391
0.7185205030005031,35484,25,1,0,0,0,0.0,0.0,2025-Jan-29-19:55:39.998260
0.7185205030005031,35485,25,1,0,0,0,0.0,0.0,2025-Jan-29-19:55:40.041563
0.7185205030005031,35486,25,1,0,0,0,0.0,0.0,2025-Jan-29-19:55:40.086824
0.7185205030005031,35487,25,1,0,0,0,0.0,0.0,2025-Jan-29-19:55:40.130896
0.7185205030005031,35488,25,1,0,0,0,0.0,0.0,2025-Jan-29-19:55:40.174031
0.7185205030005031,35489,25,1,0,0,0,0.0,0.0,2025-Jan-29-19:55:40.217267
0.7185205030005031,35490,25,1,0,0,0,0.0,0.0,2025-Jan-29-19:55:40.260929
0.5423573219619376,35491,25,1,0,1,0,1.9000000000000001,0.0,2025-Jan-29-19:55:40.335604
0.5423573219619376,35492,25,1,0,1,0,1.9000000000000001,0.0,2025-Jan-29-19:55:40.408787
0.7185205030005031,35493,25,1,0,0,0,0.0,0.0,2025-Jan-29-19:55:40.452281
0.4160201626761834,35494,25,1,0,1,1,1.9000000000000001,1.9000000000000001,2025-Jan-29-19:55:40.547214
0.7185205030005031,35495,25,1,0,0,0,0.0,0.0,2025-Jan-29-19:55:40.590304
0.7185205030005031,35496,25,1,0,0,0,0.0,0.0,2025-Jan-29-19:55:40.652791
0.5423573219619376,35497,25,1,0,1,0,1.9000000000000001,0.0,2025-Jan-29-19:55:40.767750
0.7185205030005031,35498,25,1,0,0,0,0.0,0.0,2025-Jan-29-19:55:40.824405
0.7185205030005031,35499,25,1,0,0,0,0.0,0.0,2025-Jan-29-19:55:40.870153
0.8973579620796409,35500,25,1,1,1,0,1.9000000000000001,0.0,2025-Jan-29-19:55:40.942805
1.1111128709475113,35501,25,1,1,-1,0,0.0,0.0,2025-Jan-29-19:55:41.001813
0.7185205030005031,35502,25,1,0,0,0,0.0,0.0,2025-Jan-29-19:55:41.045172
0.5921787662199604,35503,25,1,0,0,1,0.0,1.9000000000000001,2025-Jan-29-19:55:41.116652
0.9471794063316156,35504,25,1,1,0,1,0.0,1.9000000000000001,2025-Jan-29-19:55:41.188566
0.7185205030005031,35505,25,1,0,0,0,0.0,0.0,2025-Jan-29-19:55:41.231135
0.5423573219619376,35506,25,1,0,1,0,1.9000000000000001,0.0,2025-Jan-29-19:55:41.302068
0.6298883869405699,35507,25,1,0,1,-1,1.9000000000000001,0.0,2025-Jan-29-19:55:41.385795
0.7185205030005031,35508,25,1,0,0,0,0.0,0.0,2025-Jan-29-19:55:41.428390
0.5423573219619376,35509,25,1,0,1,0,1.9000000000000001,0.0,2025-Jan-29-19:55:41.499018
1.1111128709475113,35510,25,1,1,-1,0,0.0,0.0,2025-Jan-29-19:55:41.571740
0.7185205030005031,35511,25,1,0,0,0,0.0,0.0,2025-Jan-29-19:55:41.655302
0.5423573219619376,35512,25,1,0,1,0,1.9000000000000001,0.0,2025-Jan-29-19:55:41.749128
0.8973579620796409,35513,25,1,1,1,0,1.9000000000000001,0.0,2025-Jan-29-19:55:41.832680
0.7185205030005031,35514,25,1,0,0,0,0.0,0.0,2025-Jan-29-19:55:41.876229
0.7185205030005031,35515,25,1,0,0,0,0.0,0.0,2025-Jan-29-19:55:41.919081
0.7185205030005031,35516,25,1,0,0,0,0.0,0.0,2025-Jan-29-19:55:41.962750
0.8060591477019475,35517,25,1,0,0,-1,0.0,0.0,2025-Jan-29-19:55:42.017859
0.7185205030005031,35518,25,1,0,0,0,0.0,0.0,2025-Jan-29-19:55:42.060704
0.7185205030005031,35519,25,1,0,0,0,0.0,0.0,2025-Jan-29-19:55:42.104525
0.7185205030005031,35520,25,1,0,0,0,0.0,0.0,2025-Jan-29-19:55:42.147653
0.5423573219619376,35521,25,1,0,1,0,1.9000000000000001,0.0,2025-Jan-29-19:55:42.218881
0.7185205030005031,35522,25,1,0,0,0,0.0,0.0,2025-Jan-29-19:55:42.264177
0.7185205030005031,35523,25,1,0,0,0,0.0,0.0,2025-Jan-29-19:55:42.307241
0.629780506117975,35524,25,1,0,-1,1,0.0,1.9000000000000001,2025-Jan-29-19:55:42.394013
0.8060591477019475,35525,25,1,0,0,-1,0.0,0.0,2025-Jan-29-19:55:42.448569
0.7185205030005031,35526,25,1,0,0,0,0.0,0.0,2025-Jan-29-19:55:42.491367
0.7185205030005031,35527,25,1,0,0,0,0.0,0.0,2025-Jan-29-19:55:42.534148
0.7185205030005031,35528,25,1,0,0,0,0.0,0.0,2025-Jan-29-19:55:42.585175
0.7185205030005031,35529,25,1,0,0,0,0.0,0.0,2025-Jan-29-19:55:42.656842
0.8060591477019475,35530,25,1,0,0,-1,0.0,0.0,2025-Jan-29-19:55:42.731692
1.161059787788528,35531,25,1,1,0,-1,0.0,0.0,2025-Jan-29-19:55:42.810997
0.7185205030005031,35532,25,1,0,0,0,0.0,0.0,2025-Jan-29-19:55:42.854716
0.7185205030005031,35533,25,1,0,0,0,0.0,0.0,2025-Jan-29-19:55:42.900126
0.7185205030005031,35534,25,1,0,0,0,0.0,0.0,2025-Jan-29-19:55:42.943020
0.7185205030005031,35535,25,1,0,0,0,0.0,0.0,2025-Jan-29-19:55:42.985530
0.7185205030005031,35536,25,1,0,0,0,0.0,0.0,2025-Jan-29-19:55:43.028656
0.7561122308552579,35537,25,1,0,-1,0,0.0,0.0,2025-Jan-29-19:55:43.083805
0.7185205030005031,35538,25,1,0,0,0,0.0,0.0,2025-Jan-29-19:55:43.126834
0.7185205030005031,35539,25,1,0,0,0,0.0,0.0,2025-Jan-29-19:55:43.169968
0.7185205030005031,35540,25,1,0,0,0,0.0,0.0,2025-Jan-29-19:55:43.213148
0.7185205030005031,35541,25,1,0,0,0,0.0,0.0,2025-Jan-29-19:55:43.256514
0.7185205030005031,35542,25,1,0,0,0,0.0,0.0,2025-Jan-29-19:55:43.299328
0.7185205030005031,35543,25,1,0,0,0,0.0,0.0,2025-Jan-29-19:55:43.342070
0.7185205030005031,35544,25,1,0,0,0,0.0,0.0,2025-Jan-29-19:55:43.384392
0.7185205030005031,35545,25,1,0,0,0,0.0,0.0,2025-Jan-29-19:55:43.427029
0.7185205030005031,35546,25,1,0,0,0,0.0,0.0,2025-Jan-29-19:55:43.469875
0.7185205030005031,35547,25,1,0,0,0,0.0,0.0,2025-Jan-29-19:55:43.512746
0.5921787662199604,35548,25,1,0,0,1,0.0,1.9000000000000001,2025-Jan-29-19:55:43.611382
0.629780506117975,35549,25,1,0,-1,1,0.0,1.9000000000000001,2025-Jan-29-19:55:43.731035
0.7185205030005031,35550,25,1,0,0,0,0.0,0.0,2025-Jan-29-19:55:43.783816
1.161059787788528,35551,25,1,1,0,-1,0.0,0.0,2025-Jan-29-19:55:43.841344
0.7185205030005031,35552,25,1,0,0,0,0.0,0.0,2025-Jan-29-19:55:43.886291
0.7185205030005031,35553,25,1,0,0,0,0.0,0.0,2025-Jan-29-19:55:43.928699
0.5921787662199604,35554,25,1,0,0,1,0.0,1.9000000000000001,2025-Jan-29-19:55:43.999705
0.9471794063316156,35555,25,1,1,0,1,0.0,1.9000000000000001,2025-Jan-29-19:55:44.071592
0.7185205030005031,35556,25,1,0,0,0,0.0,0.0,2025-Jan-29-19:55:44.114929
0.7185205030005031,35557,25,1,0,0,0,0.0,0.0,2025-Jan-29-19:55:44.158223
0.7561122308552579,35558,25,1,0,-1,0,0.0,0.0,2025-Jan-29-19:55:44.213280
0.7185205030005031,35559,25,1,0,0,0,0.0,0.0,2025-Jan-29-19:55:44.255895
0.7185205030005031,35560,25,1,0,0,0,0.0,0.0,2025-Jan-29-19:55:44.298583
0.7185205030005031,35561,25,1,0,0,0,0.0,0.0,2025-Jan-29-19:55:44.341346
0.7185205030005031,35562,25,1,0,0,0,0.0,0.0,2025-Jan-29-19:55:44.383872
0.5921787662199604,35563,25,1,0,0,1,0.0,1.9000000000000001,2025-Jan-29-19:55:44.455461
0.5921787662199604,35564,25,1,0,0,1,0.0,1.9000000000000001,2025-Jan-29-19:55:44.526603
0.7185205030005031,35565,25,1,0,0,0,0.0,0.0,2025-Jan-29-19:55:44.587272
0.7185205030005031,35566,25,1,0,0,0,0.0,0.0,2025-Jan-29-19:55:44.664731
0.7185205030005031,35567,25,1,0,0,0,0.0,0.0,2025-Jan-29-19:55:44.731748
0.7185205030005031,35568,25,1,0,0,0,0.0,0.0,2025-Jan-29-19:55:44.787606
0.5921787662199604,35569,25,1,0,0,1,0.0,1.9000000000000001,2025-Jan-29-19:55:44.862765
0.5921787662199604,35570,25,1,0,0,1,0.0,1.9000000000000001,2025-Jan-29-19:55:44.936282
0.7185205030005031,35571,25,1,0,0,0,0.0,0.0,2025-Jan-29-19:55:44.979581
0.5423573219619376,35572,25,1,0,1,0,1.9000000000000001,0.0,2025-Jan-29-19:55:45.362956
0.5423573219619376,35573,25,1,0,1,0,1.9000000000000001,0.0,2025-Jan-29-19:55:45.435195
0.7185205030005031,35574,25,1,0,0,0,0.0,0.0,2025-Jan-29-19:55:45.478507
0.4160201626761834,35575,25,1,0,1,1,1.9000000000000001,1.9000000000000001,2025-Jan-29-19:55:45.594332
0.4160201626761834,35576,25,1,0,1,1,1.9000000000000001,1.9000000000000001,2025-Jan-29-19:55:45.724900
0.7185205030005031,35577,25,1,0,0,0,0.0,0.0,2025-Jan-29-19:55:45.785527
0.7185205030005031,35578,25,1,0,0,0,0.0,0.0,2025-Jan-29-19:55:45.836775
0.7185205030005031,35579,25,1,0,0,0,0.0,0.0,2025-Jan-29-19:55:45.878822
0.7185205030005031,35580,25,1,0,0,0,0.0,0.0,2025-Jan-29-19:55:45.921712
0.7185205030005031,35581,25,1,0,0,0,0.0,0.0,2025-Jan-29-19:55:45.966500
0.7185205030005031,35582,25,1,0,0,0,0.0,0.0,2025-Jan-29-19:55:46.011998
0.7185205030005031,35583,25,1,0,0,0,0.0,0.0,2025-Jan-29-19:55:46.058078
0.7185205030005031,35584,25,1,0,0,0,0.0,0.0,2025-Jan-29-19:55:46.104341
0.7185205030005031,35585,25,1,0,0,0,0.0,0.0,2025-Jan-29-19:55:46.150465
0.7185205030005031,35586,25,1,0,0,0,0.0,0.0,2025-Jan-29-19:55:46.195454
0.7185205030005031,35587,25,1,0,0,0,0.0,0.0,2025-Jan-29-19:55:46.241081
0.7185205030005031,35588,25,1,0,0,0,0.0,0.0,2025-Jan-29-19:55:46.286379
0.7185205030005031,35589,25,1,0,0,0,0.0,0.0,2025-Jan-29-19:55:46.332340
0.5921787662199604,35590,25,1,0,0,1,0.0,1.9000000000000001,2025-Jan-29-19:55:46.406520
0.5921787662199604,35591,25,1,0,0,1,0.0,1.9000000000000001,2025-Jan-29-19:55:46.480912
0.7185205030005031,35592,25,1,0,0,0,0.0,0.0,2025-Jan-29-19:55:46.524918
0.7185205030005031,35593,25,1,0,0,0,0.0,0.0,2025-Jan-29-19:55:46.588303
0.7185205030005031,35594,25,1,0,0,0,0.0,0.0,2025-Jan-29-19:55:46.664769
0.7185205030005031,35595,25,1,0,0,0,0.0,0.0,2025-Jan-29-19:55:46.745314
0.7185205030005031,35596,25,1,0,0,0,0.0,0.0,2025-Jan-29-19:55:46.815800
0.7185205030005031,35597,25,1,0,0,0,0.0,0.0,2025-Jan-29-19:55:46.862132
0.7185205030005031,35598,25,1,0,0,0,0.0,0.0,2025-Jan-29-19:55:46.908499
0.7185205030005031,35599,25,1,0,0,0,0.0,0.0,2025-Jan-29-19:55:46.954177
0.7185205030005031,35600,25,1,0,0,0,0.0,0.0,2025-Jan-29-19:55:47.000149
0.7185205030005031,35601,25,1,0,0,0,0.0,0.0,2025-Jan-29-19:55:47.045060
0.4160201626761834,35602,25,1,0,1,1,1.9000000000000001,1.9000000000000001,2025-Jan-29-19:55:47.144065
0.4160201626761834,35603,25,1,0,1,1,1.9000000000000001,1.9000000000000001,2025-Jan-29-19:55:47.244878
0.7185205030005031,35604,25,1,0,0,0,0.0,0.0,2025-Jan-29-19:55:47.292514
0.629780506117975,35605,25,1,0,-1,1,0.0,1.9000000000000001,2025-Jan-29-19:55:47.380369
0.5921787662199604,35606,25,1,0,0,1,0.0,1.9000000000000001,2025-Jan-29-19:55:47.455222
0.7185205030005031,35607,25,1,0,0,0,0.0,0.0,2025-Jan-29-19:55:47.500574
0.5921787662199604,35608,25,1,0,0,1,0.0,1.9000000000000001,2025-Jan-29-19:55:47.610984
0.8436562666978078,35609,25,1,0,-1,-1,0.0,0.0,2025-Jan-29-19:55:47.724428
0.7185205030005031,35610,25,1,0,0,0,0.0,0.0,2025-Jan-29-19:55:47.804207
0.8060591477019475,35611,25,1,0,0,-1,0.0,0.0,2025-Jan-29-19:55:47.864368
0.7185205030005031,35612,25,1,0,0,0,0.0,0.0,2025-Jan-29-19:55:47.909694
0.7185205030005031,35613,25,1,0,0,0,0.0,0.0,2025-Jan-29-19:55:47.953065
0.7185205030005031,35614,25,1,0,0,0,0.0,0.0,2025-Jan-29-19:55:47.996120
0.7185205030005031,35615,25,1,0,0,0,0.0,0.0,2025-Jan-29-19:55:48.039094
0.7185205030005031,35616,25,1,0,0,0,0.0,0.0,2025-Jan-29-19:55:48.083068
0.7185205030005031,35617,25,1,0,0,0,0.0,0.0,2025-Jan-29-19:55:48.126347
0.7185205030005031,35618,25,1,0,0,0,0.0,0.0,2025-Jan-29-19:55:48.169802
0.7185205030005031,35619,25,1,0,0,0,0.0,0.0,2025-Jan-29-19:55:48.212525
0.5921787662199604,35620,25,1,0,0,1,0.0,1.9000000000000001,2025-Jan-29-19:55:48.283741
0.5921787662199604,35621,25,1,0,0,1,0.0,1.9000000000000001,2025-Jan-29-19:55:48.354458
0.7185205030005031,35622,25,1,0,0,0,0.0,0.0,2025-Jan-29-19:55:48.397883
0.5423573219619376,35623,25,1,0,1,0,1.9000000000000001,0.0,2025-Jan-29-19:55:48.469075
0.7561122308552579,35624,25,1,0,-1,0,0.0,0.0,2025-Jan-29-19:55:48.524266
0.7185205030005031,35625,25,1,0,0,0,0.0,0.0,2025-Jan-29-19:55:48.588167
0.5423573219619376,35626,25,1,0,1,0,1.9000000000000001,0.0,2025-Jan-29-19:55:48.684322
0.7561122308552579,35627,25,1,0,-1,0,0.0,0.0,2025-Jan-29-19:55:48.768201
0.7185205030005031,35628,25,1,0,0,0,0.0,0.0,2025-Jan-29-19:55:48.811425
0.7185205030005031,35629,25,1,0,0,0,0.0,0.0,2025-Jan-29-19:55:48.856756
0.7185205030005031,35630,25,1,0,0,0,0.0,0.0,2025-Jan-29-19:55:48.899941
0.7185205030005031,35631,25,1,0,0,0,0.0,0.0,2025-Jan-29-19:55:48.942348
0.6298883869405699,35632,25,1,0,1,-1,1.9000000000000001,0.0,2025-Jan-29-19:55:49.026381
0.7185205030005031,35633,25,1,0,0,0,0.0,0.0,2025-Jan-29-19:55:49.069127
0.7185205030005031,35634,25,1,0,0,0,0.0,0.0,2025-Jan-29-19:55:49.111570
0.7185205030005031,35635,25,1,0,0,0,0.0,0.0,2025-Jan-29-19:55:49.154776
1.0735211430969913,35636,25,1,1,0,0,0.0,0.0,2025-Jan-29-19:55:49.197316
0.7185205030005031,35637,25,1,0,0,0,0.0,0.0,2025-Jan-29-19:55:49.240855
0.7185205030005031,35638,25,1,0,0,0,0.0,0.0,2025-Jan-29-19:55:49.283600
1.0735211430969913,35639,25,1,1,0,0,0.0,0.0,2025-Jan-29-19:55:49.326119
0.7185205030005031,35640,25,1,0,0,0,0.0,0.0,2025-Jan-29-19:55:49.369082
0.5423573219619376,35641,25,1,0,1,0,1.9000000000000001,0.0,2025-Jan-29-19:55:49.439852
0.8973579620796409,35642,25,1,1,1,0,1.9000000000000001,0.0,2025-Jan-29-19:55:49.510531
0.7185205030005031,35643,25,1,0,0,0,0.0,0.0,2025-Jan-29-19:55:49.566216
0.4160201626761834,35644,25,1,0,1,1,1.9000000000000001,1.9000000000000001,2025-Jan-29-19:55:49.710016
0.7185205030005031,35645,25,1,0,0,0,0.0,0.0,2025-Jan-29-19:55:49.781185
0.7185205030005031,35646,25,1,0,0,0,0.0,0.0,2025-Jan-29-19:55:49.826938
0.5423573219619376,35647,25,1,0,1,0,1.9000000000000001,0.0,2025-Jan-29-19:55:49.900335
0.7185205030005031,35648,25,1,0,0,0,0.0,0.0,2025-Jan-29-19:55:49.942819
0.7185205030005031,35649,25,1,0,0,0,0.0,0.0,2025-Jan-29-19:55:49.985454
0.7185205030005031,35650,25,1,0,0,0,0.0,0.0,2025-Jan-29-19:55:50.027928
0.7185205030005031,35651,25,1,0,0,0,0.0,0.0,2025-Jan-29-19:55:50.071854
0.7185205030005031,35652,25,1,0,0,0,0.0,0.0,2025-Jan-29-19:55:50.114615
0.5921787662199604,35653,25,1,0,0,1,0.0,1.9000000000000001,2025-Jan-29-19:55:50.186784
0.7185205030005031,35654,25,1,0,0,0,0.0,0.0,2025-Jan-29-19:55:50.229106
0.7185205030005031,35655,25,1,0,0,0,0.0,0.0,2025-Jan-29-19:55:50.272060
0.5423573219619376,35656,25,1,0,1,0,1.9000000000000001,0.0,2025-Jan-29-19:55:50.342877
0.5423573219619376,35657,25,1,0,1,0,1.9000000000000001,0.0,2025-Jan-29-19:55:50.413923
0.7185205030005031,35658,25,1,0,0,0,0.0,0.0,2025-Jan-29-19:55:50.456279
0.5423573219619376,35659,25,1,0,1,0,1.9000000000000001,0.0,2025-Jan-29-19:55:50.526964
0.5423573219619376,35660,25,1,0,1,0,1.9000000000000001,0.0,2025-Jan-29-19:55:50.616287
0.7185205030005031,35661,25,1,0,0,0,0.0,0.0,2025-Jan-29-19:55:50.691345
0.5423573219619376,35662,25,1,0,1,0,1.9000000000000001,0.0,2025-Jan-29-19:55:50.779591
0.7185205030005031,35663,25,1,0,0,0,0.0,0.0,2025-Jan-29-19:55:50.824815
0.7185205030005031,35664,25,1,0,0,0,0.0,0.0,2025-Jan-29-19:55:50.873911
0.7185205030005031,35665,25,1,0,0,0,0.0,0.0,2025-Jan-29-19:55:50.918111
0.7185205030005031,35666,25,1,0,0,0,0.0,0.0,2025-Jan-29-19:55:50.963654
0.7185205030005031,35667,25,1,0,0,0,0.0,0.0,2025-Jan-29-19:55:51.006840
0.7185205030005031,35668,25,1,0,0,0,0.0,0.0,2025-Jan-29-19:55:51.049784
0.7185205030005031,35669,25,1,0,0,0,0.0,0.0,2025-Jan-29-19:55:51.093290
0.7185205030005031,35670,25,1,0,0,0,0.0,0.0,2025-Jan-29-19:55:51.135990
0.5423573219619376,35671,25,1,0,1,0,1.9000000000000001,0.0,2025-Jan-29-19:55:51.509458
0.7561122308552579,35672,25,1,0,-1,0,0.0,0.0,2025-Jan-29-19:55:51.579335
0.7185205030005031,35673,25,1,0,0,0,0.0,0.0,2025-Jan-29-19:55:51.643775
