Cost,Sim,Switch_State_Indx,Gen1_on,Gen2_on,Batt1_mode,Batt2_mode,Batt1_power_kW,Batt2_power_kW,Timestamp
0.7185205030005031,36735,25,1,0,0,0,0.0,0.0,2025-Jan-29-19:57:09.003515
1.1986569067802102,36736,25,1,1,-1,-1,0.0,0.0,2025-Jan-29-19:57:09.074634
0.7561122308552579,36737,25,1,0,-1,0,0.0,0.0,2025-Jan-29-19:57:09.133119
0.7185205030005031,36738,25,1,0,0,0,0.0,0.0,2025-Jan-29-19:57:09.179298
0.9848890270480929,36739,25,1,1,1,-1,1.9000000000000001,0.0,2025-Jan-29-19:57:09.266742
0.7185205030005031,36740,25,1,0,0,0,0.0,0.0,2025-Jan-29-19:57:09.313630
0.7561122308552579,36741,25,1,0,-1,0,0.0,0.0,2025-Jan-29-19:57:09.372710
0.7185205030005031,36742,25,1,0,0,0,0.0,0.0,2025-Jan-29-19:57:09.420169
0.5921787662199604,36743,25,1,0,0,1,0.0,1.9000000000000001,2025-Jan-29-19:57:09.495699
1.161059787788528,36744,25,1,1,0,-1,0.0,0.0,2025-Jan-29-19:57:09.554498
0.7185205030005031,36745,25,1,0,0,0,0.0,0.0,2025-Jan-29-19:57:09.600320
0.7185205030005031,36746,25,1,0,0,0,0.0,0.0,2025-Jan-29-19:57:09.659815
0.5921787662199604,36747,25,1,0,0,1,0.0,1.9000000000000001,2025-Jan-29-19:57:09.812347
0.9471794063316156,36748,25,1,1,0,1,0.0,1.9000000000000001,2025-Jan-29-19:57:09.914006
0.7185205030005031,36749,25,1,0,0,0,0.0,0.0,2025-Jan-29-19:57:09.962777
0.8060591477019475,36750,25,1,0,0,-1,0.0,0.0,2025-Jan-29-19:57:10.024807
1.0735211430969913,36751,25,1,1,0,0,0.0,0.0,2025-Jan-29-19:57:10.073988
0.8436562666978078,36752,25,1,0,-1,-1,0.0,0.0,2025-Jan-29-19:57:10.146975
0.4160201626761834,36753,25,1,0,1,1,1.9000000000000001,1.9000000000000001,2025-Jan-29-19:57:10.246675
0.8060591477019475,36754,25,1,0,0,-1,0.0,0.0,2025-Jan-29-19:57:10.305544
0.629780506117975,36755,25,1,0,-1,1,0.0,1.9000000000000001,2025-Jan-29-19:57:10.394212
0.7185205030005031,36756,25,1,0,0,0,0.0,0.0,2025-Jan-29-19:57:10.441176
0.7185205030005031,36757,25,1,0,0,0,0.0,0.0,2025-Jan-29-19:57:10.487838
1.0735211430969913,36758,25,1,1,0,0,0.0,0.0,2025-Jan-29-19:57:10.534446
0.7561122308552579,36759,25,1,0,-1,0,0.0,0.0,2025-Jan-29-19:57:10.625932
1.1986569067802102,36760,25,1,1,-1,-1,0.0,0.0,2025-Jan-29-19:57:10.751918
0.7561122308552579,36761,25,1,0,-1,0,0.0,0.0,2025-Jan-29-19:57:10.837962
0.9848890270480929,36762,25,1,1,1,-1,1.9000000000000001,0.0,2025-Jan-29-19:57:10.931217
0.7710208028095181,36763,25,1,1,1,1,1.9000000000000001,1.9000000000000001,2025-Jan-29-19:57:11.034003
0.7710208028095181,36764,25,1,1,1,1,1.9000000000000001,1.9000000000000001,2025-Jan-29-19:57:11.132758
1.161059787788528,36765,25,1,1,0,-1,0.0,0.0,2025-Jan-29-19:57:11.191396
0.4160201626761834,36766,25,1,0,1,1,1.9000000000000001,1.9000000000000001,2025-Jan-29-19:57:11.290565
1.1986569067802102,36767,25,1,1,-1,-1,0.0,0.0,2025-Jan-29-19:57:11.363755
0.7185205030005031,36768,25,1,0,0,0,0.0,0.0,2025-Jan-29-19:57:11.409003
1.1111128709475113,36769,25,1,1,-1,0,0.0,0.0,2025-Jan-29-19:57:11.467614
1.1111128709475113,36770,25,1,1,-1,0,0.0,0.0,2025-Jan-29-19:57:11.526511
0.9471794063316156,36771,25,1,1,0,1,0.0,1.9000000000000001,2025-Jan-29-19:57:11.626125
0.8973579620796409,36772,25,1,1,1,0,1.9000000000000001,0.0,2025-Jan-29-19:57:11.739243
0.5921787662199604,36773,25,1,0,0,1,0.0,1.9000000000000001,2025-Jan-29-19:57:11.839457
0.7185205030005031,36774,25,1,0,0,0,0.0,0.0,2025-Jan-29-19:57:11.884085
0.8060591477019475,36775,25,1,0,0,-1,0.0,0.0,2025-Jan-29-19:57:11.939949
0.7185205030005031,36776,25,1,0,0,0,0.0,0.0,2025-Jan-29-19:57:11.982658
0.4160201626761834,36777,25,1,0,1,1,1.9000000000000001,1.9000000000000001,2025-Jan-29-19:57:12.077827
0.8060591477019475,36778,25,1,0,0,-1,0.0,0.0,2025-Jan-29-19:57:12.133480
0.8973579620796409,36779,25,1,1,1,0,1.9000000000000001,0.0,2025-Jan-29-19:57:12.204516
1.1111128709475113,36780,25,1,1,-1,0,0.0,0.0,2025-Jan-29-19:57:12.259628
0.7710208028095181,36781,25,1,1,1,1,1.9000000000000001,1.9000000000000001,2025-Jan-29-19:57:12.355392
0.7561122308552579,36782,25,1,0,-1,0,0.0,0.0,2025-Jan-29-19:57:12.410129
0.9760242519712691,36783,25,1,1,-1,1,0.0,1.9000000000000001,2025-Jan-29-19:57:12.493028
1.1111128709475113,36784,25,1,1,-1,0,0.0,0.0,2025-Jan-29-19:57:12.547905
1.1986569067802102,36785,25,1,1,-1,-1,0.0,0.0,2025-Jan-29-19:57:12.657646
1.1986569067802102,36786,25,1,1,-1,-1,0.0,0.0,2025-Jan-29-19:57:12.749827
0.7185205030005031,36787,25,1,0,0,0,0.0,0.0,2025-Jan-29-19:57:12.799059
0.7561122308552579,36788,25,1,0,-1,0,0.0,0.0,2025-Jan-29-19:57:12.853962
0.7561122308552579,36789,25,1,0,-1,0,0.0,0.0,2025-Jan-29-19:57:12.909064
0.7185205030005031,36790,25,1,0,0,0,0.0,0.0,2025-Jan-29-19:57:12.951404
0.7185205030005031,36791,25,1,0,0,0,0.0,0.0,2025-Jan-29-19:57:12.994140
0.9848890270480929,36792,25,1,1,1,-1,1.9000000000000001,0.0,2025-Jan-29-19:57:13.077476
0.7185205030005031,36793,25,1,0,0,0,0.0,0.0,2025-Jan-29-19:57:13.120503
0.7185205030005031,36794,25,1,0,0,0,0.0,0.0,2025-Jan-29-19:57:13.163173
0.7185205030005031,36795,25,1,0,0,0,0.0,0.0,2025-Jan-29-19:57:13.205861
0.7561122308552579,36796,25,1,0,-1,0,0.0,0.0,2025-Jan-29-19:57:13.261167
0.7561122308552579,36797,25,1,0,-1,0,0.0,0.0,2025-Jan-29-19:57:13.316508
0.7185205030005031,36798,25,1,0,0,0,0.0,0.0,2025-Jan-29-19:57:13.359638
0.7185205030005031,36799,25,1,0,0,0,0.0,0.0,2025-Jan-29-19:57:13.402232
0.5921787662199604,36800,25,1,0,0,1,0.0,1.9000000000000001,2025-Jan-29-19:57:13.473377
0.5921787662199604,36801,25,1,0,0,1,0.0,1.9000000000000001,2025-Jan-29-19:57:13.544586
1.161059787788528,36802,25,1,1,0,-1,0.0,0.0,2025-Jan-29-19:57:13.632314
0.7185205030005031,36803,25,1,0,0,0,0.0,0.0,2025-Jan-29-19:57:13.702719
0.7185205030005031,36804,25,1,0,0,0,0.0,0.0,2025-Jan-29-19:57:13.772011
0.7185205030005031,36805,25,1,0,0,0,0.0,0.0,2025-Jan-29-19:57:13.817399
0.7185205030005031,36806,25,1,0,0,0,0.0,0.0,2025-Jan-29-19:57:13.860707
0.7185205030005031,36807,25,1,0,0,0,0.0,0.0,2025-Jan-29-19:57:13.906626
0.5921787662199604,36808,25,1,0,0,1,0.0,1.9000000000000001,2025-Jan-29-19:57:13.978069
0.5921787662199604,36809,25,1,0,0,1,0.0,1.9000000000000001,2025-Jan-29-19:57:14.049701
0.9471794063316156,36810,25,1,1,0,1,0.0,1.9000000000000001,2025-Jan-29-19:57:14.122149
0.9471794063316156,36811,25,1,1,0,1,0.0,1.9000000000000001,2025-Jan-29-19:57:14.498179
0.7185205030005031,36812,25,1,0,0,0,0.0,0.0,2025-Jan-29-19:57:14.542734
0.7185205030005031,36813,25,1,0,0,0,0.0,0.0,2025-Jan-29-19:57:14.602889
0.8060591477019475,36814,25,1,0,0,-1,0.0,0.0,2025-Jan-29-19:57:14.686922
0.7185205030005031,36815,25,1,0,0,0,0.0,0.0,2025-Jan-29-19:57:14.754987
1.0735211430969913,36816,25,1,1,0,0,0.0,0.0,2025-Jan-29-19:57:14.808025
0.7185205030005031,36817,25,1,0,0,0,0.0,0.0,2025-Jan-29-19:57:14.851430
0.8436562666978078,36818,25,1,0,-1,-1,0.0,0.0,2025-Jan-29-19:57:14.919551
0.8060591477019475,36819,25,1,0,0,-1,0.0,0.0,2025-Jan-29-19:57:14.974956
0.4160201626761834,36820,25,1,0,1,1,1.9000000000000001,1.9000000000000001,2025-Jan-29-19:57:15.069251
0.4160201626761834,36821,25,1,0,1,1,1.9000000000000001,1.9000000000000001,2025-Jan-29-19:57:15.163740
0.8060591477019475,36822,25,1,0,0,-1,0.0,0.0,2025-Jan-29-19:57:15.219709
0.8060591477019475,36823,25,1,0,0,-1,0.0,0.0,2025-Jan-29-19:57:15.275694
0.629780506117975,36824,25,1,0,-1,1,0.0,1.9000000000000001,2025-Jan-29-19:57:15.359913
0.629780506117975,36825,25,1,0,-1,1,0.0,1.9000000000000001,2025-Jan-29-19:57:15.443968
0.7185205030005031,36826,25,1,0,0,0,0.0,0.0,2025-Jan-29-19:57:15.487164
0.7185205030005031,36827,25,1,0,0,0,0.0,0.0,2025-Jan-29-19:57:15.530374
0.7185205030005031,36828,25,1,0,0,0,0.0,0.0,2025-Jan-29-19:57:15.586199
0.7185205030005031,36829,25,1,0,0,0,0.0,0.0,2025-Jan-29-19:57:15.664802
1.0735211430969913,36830,25,1,1,0,0,0.0,0.0,2025-Jan-29-19:57:15.739186
0.7185205030005031,36831,25,1,0,0,0,0.0,0.0,2025-Jan-29-19:57:15.801940
0.7561122308552579,36832,25,1,0,-1,0,0.0,0.0,2025-Jan-29-19:57:15.858199
0.7561122308552579,36833,25,1,0,-1,0,0.0,0.0,2025-Jan-29-19:57:15.913842
1.1986569067802102,36834,25,1,1,-1,-1,0.0,0.0,2025-Jan-29-19:57:15.981555
0.7561122308552579,36835,25,1,0,-1,0,0.0,0.0,2025-Jan-29-19:57:16.037710
0.7561122308552579,36836,25,1,0,-1,0,0.0,0.0,2025-Jan-29-19:57:16.093708
0.7561122308552579,36837,25,1,0,-1,0,0.0,0.0,2025-Jan-29-19:57:16.149488
0.9848890270480929,36838,25,1,1,1,-1,1.9000000000000001,0.0,2025-Jan-29-19:57:16.233176
0.9848890270480929,36839,25,1,1,1,-1,1.9000000000000001,0.0,2025-Jan-29-19:57:16.317482
0.7710208028095181,36840,25,1,1,1,1,1.9000000000000001,1.9000000000000001,2025-Jan-29-19:57:16.412779
0.7185205030005031,36841,25,1,0,0,0,0.0,0.0,2025-Jan-29-19:57:16.456517
0.7710208028095181,36842,25,1,1,1,1,1.9000000000000001,1.9000000000000001,2025-Jan-29-19:57:16.573172
0.7185205030005031,36843,25,1,0,0,0,0.0,0.0,2025-Jan-29-19:57:16.656379
1.161059787788528,36844,25,1,1,0,-1,0.0,0.0,2025-Jan-29-19:57:16.745337
0.7185205030005031,36845,25,1,0,0,0,0.0,0.0,2025-Jan-29-19:57:16.807543
0.4160201626761834,36846,25,1,0,1,1,1.9000000000000001,1.9000000000000001,2025-Jan-29-19:57:16.902533
0.4160201626761834,36847,25,1,0,1,1,1.9000000000000001,1.9000000000000001,2025-Jan-29-19:57:16.997270
1.1986569067802102,36848,25,1,1,-1,-1,0.0,0.0,2025-Jan-29-19:57:17.065212
0.7185205030005031,36849,25,1,0,0,0,0.0,0.0,2025-Jan-29-19:57:17.108858
0.7185205030005031,36850,25,1,0,0,0,0.0,0.0,2025-Jan-29-19:57:17.156352
0.7185205030005031,36851,25,1,0,0,0,0.0,0.0,2025-Jan-29-19:57:17.207720
1.1111128709475113,36852,25,1,1,-1,0,0.0,0.0,2025-Jan-29-19:57:17.269783
1.1111128709475113,36853,25,1,1,-1,0,0.0,0.0,2025-Jan-29-19:57:17.327774
1.1111128709475113,36854,25,1,1,-1,0,0.0,0.0,2025-Jan-29-19:57:17.383831
0.7185205030005031,36855,25,1,0,0,0,0.0,0.0,2025-Jan-29-19:57:17.426428
0.9471794063316156,36856,25,1,1,0,1,0.0,1.9000000000000001,2025-Jan-29-19:57:17.498367
0.7185205030005031,36857,25,1,0,0,0,0.0,0.0,2025-Jan-29-19:57:17.542172
0.8973579620796409,36858,25,1,1,1,0,1.9000000000000001,0.0,2025-Jan-29-19:57:17.633536
0.8973579620796409,36859,25,1,1,1,0,1.9000000000000001,0.0,2025-Jan-29-19:57:17.744001
0.5921787662199604,36860,25,1,0,0,1,0.0,1.9000000000000001,2025-Jan-29-19:57:17.822170
0.5921787662199604,36861,25,1,0,0,1,0.0,1.9000000000000001,2025-Jan-29-19:57:17.894637
0.7185205030005031,36862,25,1,0,0,0,0.0,0.0,2025-Jan-29-19:57:17.938174
0.7185205030005031,36863,25,1,0,0,0,0.0,0.0,2025-Jan-29-19:57:17.982064
0.8060591477019475,36864,25,1,0,0,-1,0.0,0.0,2025-Jan-29-19:57:18.037506
0.7185205030005031,36865,25,1,0,0,0,0.0,0.0,2025-Jan-29-19:57:18.082064
0.7185205030005031,36866,25,1,0,0,0,0.0,0.0,2025-Jan-29-19:57:18.125588
0.7185205030005031,36867,25,1,0,0,0,0.0,0.0,2025-Jan-29-19:57:18.168897
0.4160201626761834,36868,25,1,0,1,1,1.9000000000000001,1.9000000000000001,2025-Jan-29-19:57:18.263132
0.4160201626761834,36869,25,1,0,1,1,1.9000000000000001,1.9000000000000001,2025-Jan-29-19:57:18.359750
0.8060591477019475,36870,25,1,0,0,-1,0.0,0.0,2025-Jan-29-19:57:18.415822
0.8060591477019475,36871,25,1,0,0,-1,0.0,0.0,2025-Jan-29-19:57:18.471756
0.8973579620796409,36872,25,1,1,1,0,1.9000000000000001,0.0,2025-Jan-29-19:57:18.543561
0.7185205030005031,36873,25,1,0,0,0,0.0,0.0,2025-Jan-29-19:57:18.604234
1.1111128709475113,36874,25,1,1,-1,0,0.0,0.0,2025-Jan-29-19:57:18.687478
0.7185205030005031,36875,25,1,0,0,0,0.0,0.0,2025-Jan-29-19:57:18.764196
0.7710208028095181,36876,25,1,1,1,1,1.9000000000000001,1.9000000000000001,2025-Jan-29-19:57:18.862369
0.7185205030005031,36877,25,1,0,0,0,0.0,0.0,2025-Jan-29-19:57:18.908901
0.7561122308552579,36878,25,1,0,-1,0,0.0,0.0,2025-Jan-29-19:57:18.965355
0.7185205030005031,36879,25,1,0,0,0,0.0,0.0,2025-Jan-29-19:57:19.008943
0.9760242519712691,36880,25,1,1,-1,1,0.0,1.9000000000000001,2025-Jan-29-19:57:19.092613
0.7185205030005031,36881,25,1,0,0,0,0.0,0.0,2025-Jan-29-19:57:19.136126
1.1111128709475113,36882,25,1,1,-1,0,0.0,0.0,2025-Jan-29-19:57:19.192370
0.7185205030005031,36883,25,1,0,0,0,0.0,0.0,2025-Jan-29-19:57:19.235930
1.1986569067802102,36884,25,1,1,-1,-1,0.0,0.0,2025-Jan-29-19:57:19.304190
0.7561122308552579,36885,25,1,0,-1,0,0.0,0.0,2025-Jan-29-19:57:19.360509
0.7185205030005031,36886,25,1,0,0,0,0.0,0.0,2025-Jan-29-19:57:19.405559
0.7185205030005031,36887,25,1,0,0,0,0.0,0.0,2025-Jan-29-19:57:19.449619
0.7561122308552579,36888,25,1,0,-1,0,0.0,0.0,2025-Jan-29-19:57:19.511233
0.7185205030005031,36889,25,1,0,0,0,0.0,0.0,2025-Jan-29-19:57:19.573643
0.7185205030005031,36890,25,1,0,0,0,0.0,0.0,2025-Jan-29-19:57:19.644135
0.7185205030005031,36891,25,1,0,0,0,0.0,0.0,2025-Jan-29-19:57:19.720641
0.7185205030005031,36892,25,1,0,0,0,0.0,0.0,2025-Jan-29-19:57:19.799308
0.7185205030005031,36893,25,1,0,0,0,0.0,0.0,2025-Jan-29-19:57:19.852195
0.7185205030005031,36894,25,1,0,0,0,0.0,0.0,2025-Jan-29-19:57:19.894385
0.7185205030005031,36895,25,1,0,0,0,0.0,0.0,2025-Jan-29-19:57:19.937292
0.7561122308552579,36896,25,1,0,-1,0,0.0,0.0,2025-Jan-29-19:57:19.992737
0.7185205030005031,36897,25,1,0,0,0,0.0,0.0,2025-Jan-29-19:57:20.037456
0.7185205030005031,36898,25,1,0,0,0,0.0,0.0,2025-Jan-29-19:57:20.084431
0.7185205030005031,36899,25,1,0,0,0,0.0,0.0,2025-Jan-29-19:57:20.130794
0.5921787662199604,36900,25,1,0,0,1,0.0,1.9000000000000001,2025-Jan-29-19:57:20.206580
0.5921787662199604,36901,25,1,0,0,1,0.0,1.9000000000000001,2025-Jan-29-19:57:20.282143
0.7185205030005031,36902,25,1,0,0,0,0.0,0.0,2025-Jan-29-19:57:20.328081
0.7185205030005031,36903,25,1,0,0,0,0.0,0.0,2025-Jan-29-19:57:20.374487
0.7185205030005031,36904,25,1,0,0,0,0.0,0.0,2025-Jan-29-19:57:20.420556
0.7185205030005031,36905,25,1,0,0,0,0.0,0.0,2025-Jan-29-19:57:20.467283
0.7185205030005031,36906,25,1,0,0,0,0.0,0.0,2025-Jan-29-19:57:20.513472
0.7185205030005031,36907,25,1,0,0,0,0.0,0.0,2025-Jan-29-19:57:20.578740
0.5921787662199604,36908,25,1,0,0,1,0.0,1.9000000000000001,2025-Jan-29-19:57:20.692663
0.5921787662199604,36909,25,1,0,0,1,0.0,1.9000000000000001,2025-Jan-29-19:57:20.797594
0.9471794063316156,36910,25,1,1,0,1,0.0,1.9000000000000001,2025-Jan-29-19:57:20.874169
0.7185205030005031,36911,25,1,0,0,0,0.0,0.0,2025-Jan-29-19:57:20.922197
0.7185205030005031,36912,25,1,0,0,0,0.0,0.0,2025-Jan-29-19:57:21.374267
0.7185205030005031,36913,25,1,0,0,0,0.0,0.0,2025-Jan-29-19:57:21.422012
0.8060591477019475,36914,25,1,0,0,-1,0.0,0.0,2025-Jan-29-19:57:21.481781
0.8060591477019475,36915,25,1,0,0,-1,0.0,0.0,2025-Jan-29-19:57:21.541353
0.7185205030005031,36916,25,1,0,0,0,0.0,0.0,2025-Jan-29-19:57:21.609022
0.7185205030005031,36917,25,1,0,0,0,0.0,0.0,2025-Jan-29-19:57:21.689912
0.8060591477019475,36918,25,1,0,0,-1,0.0,0.0,2025-Jan-29-19:57:21.796381
0.7185205030005031,36919,25,1,0,0,0,0.0,0.0,2025-Jan-29-19:57:21.850908
0.4160201626761834,36920,25,1,0,1,1,1.9000000000000001,1.9000000000000001,2025-Jan-29-19:57:21.950788
0.4160201626761834,36921,25,1,0,1,1,1.9000000000000001,1.9000000000000001,2025-Jan-29-19:57:22.049827
0.8060591477019475,36922,25,1,0,0,-1,0.0,0.0,2025-Jan-29-19:57:22.107875
0.7185205030005031,36923,25,1,0,0,0,0.0,0.0,2025-Jan-29-19:57:22.153253
0.629780506117975,36924,25,1,0,-1,1,0.0,1.9000000000000001,2025-Jan-29-19:57:22.240151
0.629780506117975,36925,25,1,0,-1,1,0.0,1.9000000000000001,2025-Jan-29-19:57:22.327783
0.7185205030005031,36926,25,1,0,0,0,0.0,0.0,2025-Jan-29-19:57:22.373019
0.7185205030005031,36927,25,1,0,0,0,0.0,0.0,2025-Jan-29-19:57:22.417956
0.7185205030005031,36928,25,1,0,0,0,0.0,0.0,2025-Jan-29-19:57:22.461823
0.7185205030005031,36929,25,1,0,0,0,0.0,0.0,2025-Jan-29-19:57:22.506732
0.7185205030005031,36930,25,1,0,0,0,0.0,0.0,2025-Jan-29-19:57:22.568785
1.0735211430969913,36931,25,1,1,0,0,0.0,0.0,2025-Jan-29-19:57:22.649403
0.7561122308552579,36932,25,1,0,-1,0,0.0,0.0,2025-Jan-29-19:57:22.752598
0.7185205030005031,36933,25,1,0,0,0,0.0,0.0,2025-Jan-29-19:57:22.815072
0.7561122308552579,36934,25,1,0,-1,0,0.0,0.0,2025-Jan-29-19:57:22.873720
0.7185205030005031,36935,25,1,0,0,0,0.0,0.0,2025-Jan-29-19:57:22.919052
0.7561122308552579,36936,25,1,0,-1,0,0.0,0.0,2025-Jan-29-19:57:22.976416
0.7185205030005031,36937,25,1,0,0,0,0.0,0.0,2025-Jan-29-19:57:23.021261
0.9848890270480929,36938,25,1,1,1,-1,1.9000000000000001,0.0,2025-Jan-29-19:57:23.107875
0.7185205030005031,36939,25,1,0,0,0,0.0,0.0,2025-Jan-29-19:57:23.152678
0.7185205030005031,36940,25,1,0,0,0,0.0,0.0,2025-Jan-29-19:57:23.198195
1.1111128709475113,36941,25,1,1,-1,0,0.0,0.0,2025-Jan-29-19:57:23.256437
0.7185205030005031,36942,25,1,0,0,0,0.0,0.0,2025-Jan-29-19:57:23.302315
0.7185205030005031,36943,25,1,0,0,0,0.0,0.0,2025-Jan-29-19:57:23.348144
0.7185205030005031,36944,25,1,0,0,0,0.0,0.0,2025-Jan-29-19:57:23.393840
0.7185205030005031,36945,25,1,0,0,0,0.0,0.0,2025-Jan-29-19:57:23.438945
0.4160201626761834,36946,25,1,0,1,1,1.9000000000000001,1.9000000000000001,2025-Jan-29-19:57:23.536942
0.4160201626761834,36947,25,1,0,1,1,1.9000000000000001,1.9000000000000001,2025-Jan-29-19:57:23.680164
0.7185205030005031,36948,25,1,0,0,0,0.0,0.0,2025-Jan-29-19:57:23.764481
0.7185205030005031,36949,25,1,0,0,0,0.0,0.0,2025-Jan-29-19:57:23.819979
0.7185205030005031,36950,25,1,0,0,0,0.0,0.0,2025-Jan-29-19:57:23.866810
0.7185205030005031,36951,25,1,0,0,0,0.0,0.0,2025-Jan-29-19:57:23.911957
1.1111128709475113,36952,25,1,1,-1,0,0.0,0.0,2025-Jan-29-19:57:23.971197
0.7185205030005031,36953,25,1,0,0,0,0.0,0.0,2025-Jan-29-19:57:24.016187
1.0735211430969913,36954,25,1,1,0,0,0.0,0.0,2025-Jan-29-19:57:24.061396
1.1111128709475113,36955,25,1,1,-1,0,0.0,0.0,2025-Jan-29-19:57:24.119245
0.7185205030005031,36956,25,1,0,0,0,0.0,0.0,2025-Jan-29-19:57:24.164576
0.7185205030005031,36957,25,1,0,0,0,0.0,0.0,2025-Jan-29-19:57:24.210871
0.8973579620796409,36958,25,1,1,1,0,1.9000000000000001,0.0,2025-Jan-29-19:57:24.285742
0.7185205030005031,36959,25,1,0,0,0,0.0,0.0,2025-Jan-29-19:57:24.332032
0.5921787662199604,36960,25,1,0,0,1,0.0,1.9000000000000001,2025-Jan-29-19:57:24.406188
0.5921787662199604,36961,25,1,0,0,1,0.0,1.9000000000000001,2025-Jan-29-19:57:24.480719
0.7185205030005031,36962,25,1,0,0,0,0.0,0.0,2025-Jan-29-19:57:24.526092
0.7185205030005031,36963,25,1,0,0,0,0.0,0.0,2025-Jan-29-19:57:24.593493
0.7185205030005031,36964,25,1,0,0,0,0.0,0.0,2025-Jan-29-19:57:24.671420
0.7185205030005031,36965,25,1,0,0,0,0.0,0.0,2025-Jan-29-19:57:24.752043
0.7185205030005031,36966,25,1,0,0,0,0.0,0.0,2025-Jan-29-19:57:24.815020
0.7185205030005031,36967,25,1,0,0,0,0.0,0.0,2025-Jan-29-19:57:24.860071
0.4160201626761834,36968,25,1,0,1,1,1.9000000000000001,1.9000000000000001,2025-Jan-29-19:57:24.957440
0.4160201626761834,36969,25,1,0,1,1,1.9000000000000001,1.9000000000000001,2025-Jan-29-19:57:25.052736
0.8060591477019475,36970,25,1,0,0,-1,0.0,0.0,2025-Jan-29-19:57:25.108001
0.7185205030005031,36971,25,1,0,0,0,0.0,0.0,2025-Jan-29-19:57:25.151142
0.7185205030005031,36972,25,1,0,0,0,0.0,0.0,2025-Jan-29-19:57:25.193993
0.7185205030005031,36973,25,1,0,0,0,0.0,0.0,2025-Jan-29-19:57:25.237097
1.1111128709475113,36974,25,1,1,-1,0,0.0,0.0,2025-Jan-29-19:57:25.292503
0.7185205030005031,36975,25,1,0,0,0,0.0,0.0,2025-Jan-29-19:57:25.335857
0.7185205030005031,36976,25,1,0,0,0,0.0,0.0,2025-Jan-29-19:57:25.378914
1.0735211430969913,36977,25,1,1,0,0,0.0,0.0,2025-Jan-29-19:57:25.422149
0.7185205030005031,36978,25,1,0,0,0,0.0,0.0,2025-Jan-29-19:57:25.465266
0.7561122308552579,36979,25,1,0,-1,0,0.0,0.0,2025-Jan-29-19:57:25.520758
0.7185205030005031,36980,25,1,0,0,0,0.0,0.0,2025-Jan-29-19:57:25.580731
0.7185205030005031,36981,25,1,0,0,0,0.0,0.0,2025-Jan-29-19:57:25.652131
0.7185205030005031,36982,25,1,0,0,0,0.0,0.0,2025-Jan-29-19:57:25.719772
0.7185205030005031,36983,25,1,0,0,0,0.0,0.0,2025-Jan-29-19:57:25.779260
0.7561122308552579,36984,25,1,0,-1,0,0.0,0.0,2025-Jan-29-19:57:25.837996
0.7185205030005031,36985,25,1,0,0,0,0.0,0.0,2025-Jan-29-19:57:25.881602
0.7185205030005031,36986,25,1,0,0,0,0.0,0.0,2025-Jan-29-19:57:25.925975
0.7185205030005031,36987,25,1,0,0,0,0.0,0.0,2025-Jan-29-19:57:25.969485
0.7185205030005031,36988,25,1,0,0,0,0.0,0.0,2025-Jan-29-19:57:26.012660
0.7185205030005031,36989,25,1,0,0,0,0.0,0.0,2025-Jan-29-19:57:26.056036
0.7185205030005031,36990,25,1,0,0,0,0.0,0.0,2025-Jan-29-19:57:26.099025
0.7185205030005031,36991,25,1,0,0,0,0.0,0.0,2025-Jan-29-19:57:26.142597
0.7185205030005031,36992,25,1,0,0,0,0.0,0.0,2025-Jan-29-19:57:26.185894
0.7185205030005031,36993,25,1,0,0,0,0.0,0.0,2025-Jan-29-19:57:26.229841
0.7185205030005031,36994,25,1,0,0,0,0.0,0.0,2025-Jan-29-19:57:26.273063
0.7185205030005031,36995,25,1,0,0,0,0.0,0.0,2025-Jan-29-19:57:26.316316
0.7185205030005031,36996,25,1,0,0,0,0.0,0.0,2025-Jan-29-19:57:26.359569
0.7185205030005031,36997,25,1,0,0,0,0.0,0.0,2025-Jan-29-19:57:26.402740
0.7185205030005031,36998,25,1,0,0,0,0.0,0.0,2025-Jan-29-19:57:26.445784
0.7185205030005031,36999,25,1,0,0,0,0.0,0.0,2025-Jan-29-19:57:26.489073
0.5921787662199604,37000,25,1,0,0,1,0.0,1.9000000000000001,2025-Jan-29-19:57:26.580218
0.5921787662199604,37001,25,1,0,0,1,0.0,1.9000000000000001,2025-Jan-29-19:57:26.685552
0.7185205030005031,37002,25,1,0,0,0,0.0,0.0,2025-Jan-29-19:57:26.752728
0.7185205030005031,37003,25,1,0,0,0,0.0,0.0,2025-Jan-29-19:57:26.801314
0.7185205030005031,37004,25,1,0,0,0,0.0,0.0,2025-Jan-29-19:57:26.850046
0.7185205030005031,37005,25,1,0,0,0,0.0,0.0,2025-Jan-29-19:57:26.896148
0.7185205030005031,37006,25,1,0,0,0,0.0,0.0,2025-Jan-29-19:57:26.939924
0.7185205030005031,37007,25,1,0,0,0,0.0,0.0,2025-Jan-29-19:57:26.983382
0.5921787662199604,37008,25,1,0,0,1,0.0,1.9000000000000001,2025-Jan-29-19:57:27.055169
0.5921787662199604,37009,25,1,0,0,1,0.0,1.9000000000000001,2025-Jan-29-19:57:27.127891
0.7185205030005031,37010,25,1,0,0,0,0.0,0.0,2025-Jan-29-19:57:27.171169
0.7185205030005031,37011,25,1,0,0,0,0.0,0.0,2025-Jan-29-19:57:27.215151
0.7185205030005031,37012,25,1,0,0,0,0.0,0.0,2025-Jan-29-19:57:27.259319
0.7185205030005031,37013,25,1,0,0,0,0.0,0.0,2025-Jan-29-19:57:27.304584
0.7185205030005031,37014,25,1,0,0,0,0.0,0.0,2025-Jan-29-19:57:27.349454
0.8060591477019475,37015,25,1,0,0,-1,0.0,0.0,2025-Jan-29-19:57:27.405103
0.7185205030005031,37016,25,1,0,0,0,0.0,0.0,2025-Jan-29-19:57:27.447877
0.7185205030005031,37017,25,1,0,0,0,0.0,0.0,2025-Jan-29-19:57:27.490995
0.7185205030005031,37018,25,1,0,0,0,0.0,0.0,2025-Jan-29-19:57:27.534107
0.7185205030005031,37019,25,1,0,0,0,0.0,0.0,2025-Jan-29-19:57:27.591713
0.4160201626761834,37020,25,1,0,1,1,1.9000000000000001,1.9000000000000001,2025-Jan-29-19:57:27.731317
0.4160201626761834,37021,25,1,0,1,1,1.9000000000000001,1.9000000000000001,2025-Jan-29-19:57:27.838799
0.7185205030005031,37022,25,1,0,0,0,0.0,0.0,2025-Jan-29-19:57:27.884860
0.7185205030005031,37023,25,1,0,0,0,0.0,0.0,2025-Jan-29-19:57:27.928659
0.629780506117975,37024,25,1,0,-1,1,0.0,1.9000000000000001,2025-Jan-29-19:57:28.012085
0.629780506117975,37025,25,1,0,-1,1,0.0,1.9000000000000001,2025-Jan-29-19:57:28.095790
0.7185205030005031,37026,25,1,0,0,0,0.0,0.0,2025-Jan-29-19:57:28.139072
0.7185205030005031,37027,25,1,0,0,0,0.0,0.0,2025-Jan-29-19:57:28.182248
0.7185205030005031,37028,25,1,0,0,0,0.0,0.0,2025-Jan-29-19:57:28.224918
0.7185205030005031,37029,25,1,0,0,0,0.0,0.0,2025-Jan-29-19:57:28.267763
0.7185205030005031,37030,25,1,0,0,0,0.0,0.0,2025-Jan-29-19:57:28.310601
0.7185205030005031,37031,25,1,0,0,0,0.0,0.0,2025-Jan-29-19:57:28.353310
0.7185205030005031,37032,25,1,0,0,0,0.0,0.0,2025-Jan-29-19:57:28.396062
0.7185205030005031,37033,25,1,0,0,0,0.0,0.0,2025-Jan-29-19:57:28.438504
0.7185205030005031,37034,25,1,0,0,0,0.0,0.0,2025-Jan-29-19:57:28.481029
0.7185205030005031,37035,25,1,0,0,0,0.0,0.0,2025-Jan-29-19:57:28.523710
0.7185205030005031,37036,25,1,0,0,0,0.0,0.0,2025-Jan-29-19:57:28.589972
0.7185205030005031,37037,25,1,0,0,0,0.0,0.0,2025-Jan-29-19:57:28.977693
0.7185205030005031,37038,25,1,0,0,0,0.0,0.0,2025-Jan-29-19:57:29.046985
0.7185205030005031,37039,25,1,0,0,0,0.0,0.0,2025-Jan-29-19:57:29.103914
0.7185205030005031,37040,25,1,0,0,0,0.0,0.0,2025-Jan-29-19:57:29.148088
0.7185205030005031,37041,25,1,0,0,0,0.0,0.0,2025-Jan-29-19:57:29.191189
0.7185205030005031,37042,25,1,0,0,0,0.0,0.0,2025-Jan-29-19:57:29.234278
0.7185205030005031,37043,25,1,0,0,0,0.0,0.0,2025-Jan-29-19:57:29.277820
0.7185205030005031,37044,25,1,0,0,0,0.0,0.0,2025-Jan-29-19:57:29.320795
0.8060591477019475,37045,25,1,0,0,-1,0.0,0.0,2025-Jan-29-19:57:29.377486
0.4160201626761834,37046,25,1,0,1,1,1.9000000000000001,1.9000000000000001,2025-Jan-29-19:57:29.471821
0.4160201626761834,37047,25,1,0,1,1,1.9000000000000001,1.9000000000000001,2025-Jan-29-19:57:29.587895
0.7185205030005031,37048,25,1,0,0,0,0.0,0.0,2025-Jan-29-19:57:29.662234
0.8060591477019475,37049,25,1,0,0,-1,0.0,0.0,2025-Jan-29-19:57:29.751319
0.7185205030005031,37050,25,1,0,0,0,0.0,0.0,2025-Jan-29-19:57:29.807467
0.7185205030005031,37051,25,1,0,0,0,0.0,0.0,2025-Jan-29-19:57:29.850820
0.7185205030005031,37052,25,1,0,0,0,0.0,0.0,2025-Jan-29-19:57:29.893832
0.7185205030005031,37053,25,1,0,0,0,0.0,0.0,2025-Jan-29-19:57:29.936917
1.0735211430969913,37054,25,1,1,0,0,0.0,0.0,2025-Jan-29-19:57:29.979753
1.1111128709475113,37055,25,1,1,-1,0,0.0,0.0,2025-Jan-29-19:57:30.035018
0.7185205030005031,37056,25,1,0,0,0,0.0,0.0,2025-Jan-29-19:57:30.078460
0.7185205030005031,37057,25,1,0,0,0,0.0,0.0,2025-Jan-29-19:57:30.121788
0.8973579620796409,37058,25,1,1,1,0,1.9000000000000001,0.0,2025-Jan-29-19:57:30.192938
0.5423573219619376,37059,25,1,0,1,0,1.9000000000000001,0.0,2025-Jan-29-19:57:30.264480
0.5921787662199604,37060,25,1,0,0,1,0.0,1.9000000000000001,2025-Jan-29-19:57:30.335976
0.5921787662199604,37061,25,1,0,0,1,0.0,1.9000000000000001,2025-Jan-29-19:57:30.407551
0.7185205030005031,37062,25,1,0,0,0,0.0,0.0,2025-Jan-29-19:57:30.450798
0.7185205030005031,37063,25,1,0,0,0,0.0,0.0,2025-Jan-29-19:57:30.493848
0.7185205030005031,37064,25,1,0,0,0,0.0,0.0,2025-Jan-29-19:57:30.536588
0.7185205030005031,37065,25,1,0,0,0,0.0,0.0,2025-Jan-29-19:57:30.599436
0.7185205030005031,37066,25,1,0,0,0,0.0,0.0,2025-Jan-29-19:57:30.670710
0.7185205030005031,37067,25,1,0,0,0,0.0,0.0,2025-Jan-29-19:57:30.747908
0.4160201626761834,37068,25,1,0,1,1,1.9000000000000001,1.9000000000000001,2025-Jan-29-19:57:30.858029
0.4160201626761834,37069,25,1,0,1,1,1.9000000000000001,1.9000000000000001,2025-Jan-29-19:57:30.963068
0.7185205030005031,37070,25,1,0,0,0,0.0,0.0,2025-Jan-29-19:57:31.007849
0.7185205030005031,37071,25,1,0,0,0,0.0,0.0,2025-Jan-29-19:57:31.051613
0.7185205030005031,37072,25,1,0,0,0,0.0,0.0,2025-Jan-29-19:57:31.098872
0.7185205030005031,37073,25,1,0,0,0,0.0,0.0,2025-Jan-29-19:57:31.147637
0.7185205030005031,37074,25,1,0,0,0,0.0,0.0,2025-Jan-29-19:57:31.191587
1.1111128709475113,37075,25,1,1,-1,0,0.0,0.0,2025-Jan-29-19:57:31.249054
0.7185205030005031,37076,25,1,0,0,0,0.0,0.0,2025-Jan-29-19:57:31.291900
0.7185205030005031,37077,25,1,0,0,0,0.0,0.0,2025-Jan-29-19:57:31.338785
0.7185205030005031,37078,25,1,0,0,0,0.0,0.0,2025-Jan-29-19:57:31.384578
0.7185205030005031,37079,25,1,0,0,0,0.0,0.0,2025-Jan-29-19:57:31.431931
0.7185205030005031,37080,25,1,0,0,0,0.0,0.0,2025-Jan-29-19:57:31.475545
0.7185205030005031,37081,25,1,0,0,0,0.0,0.0,2025-Jan-29-19:57:31.520597
0.7185205030005031,37082,25,1,0,0,0,0.0,0.0,2025-Jan-29-19:57:31.584095
0.7185205030005031,37083,25,1,0,0,0,0.0,0.0,2025-Jan-29-19:57:31.683355
0.7185205030005031,37084,25,1,0,0,0,0.0,0.0,2025-Jan-29-19:57:31.763744
0.7185205030005031,37085,25,1,0,0,0,0.0,0.0,2025-Jan-29-19:57:31.824398
0.7185205030005031,37086,25,1,0,0,0,0.0,0.0,2025-Jan-29-19:57:31.869540
0.7185205030005031,37087,25,1,0,0,0,0.0,0.0,2025-Jan-29-19:57:31.913747
0.7185205030005031,37088,25,1,0,0,0,0.0,0.0,2025-Jan-29-19:57:31.957264
0.7185205030005031,37089,25,1,0,0,0,0.0,0.0,2025-Jan-29-19:57:32.000331
0.7185205030005031,37090,25,1,0,0,0,0.0,0.0,2025-Jan-29-19:57:32.043410
0.7185205030005031,37091,25,1,0,0,0,0.0,0.0,2025-Jan-29-19:57:32.086720
0.7185205030005031,37092,25,1,0,0,0,0.0,0.0,2025-Jan-29-19:57:32.131563
0.7185205030005031,37093,25,1,0,0,0,0.0,0.0,2025-Jan-29-19:57:32.179347
0.7185205030005031,37094,25,1,0,0,0,0.0,0.0,2025-Jan-29-19:57:32.229839
0.7185205030005031,37095,25,1,0,0,0,0.0,0.0,2025-Jan-29-19:57:32.273850
0.7185205030005031,37096,25,1,0,0,0,0.0,0.0,2025-Jan-29-19:57:32.317637
0.7185205030005031,37097,25,1,0,0,0,0.0,0.0,2025-Jan-29-19:57:32.360593
0.7185205030005031,37098,25,1,0,0,0,0.0,0.0,2025-Jan-29-19:57:32.403676
0.7185205030005031,37099,25,1,0,0,0,0.0,0.0,2025-Jan-29-19:57:32.446698
0.5921787662199604,37100,25,1,0,0,1,0.0,1.9000000000000001,2025-Jan-29-19:57:32.518280
0.7185205030005031,37101,25,1,0,0,0,0.0,0.0,2025-Jan-29-19:57:32.577964
0.7185205030005031,37102,25,1,0,0,0,0.0,0.0,2025-Jan-29-19:57:32.642143
0.7185205030005031,37103,25,1,0,0,0,0.0,0.0,2025-Jan-29-19:57:32.709149
0.7185205030005031,37104,25,1,0,0,0,0.0,0.0,2025-Jan-29-19:57:32.778307
0.7185205030005031,37105,25,1,0,0,0,0.0,0.0,2025-Jan-29-19:57:32.822019
0.7185205030005031,37106,25,1,0,0,0,0.0,0.0,2025-Jan-29-19:57:32.868126
0.7185205030005031,37107,25,1,0,0,0,0.0,0.0,2025-Jan-29-19:57:32.911209
0.5921787662199604,37108,25,1,0,0,1,0.0,1.9000000000000001,2025-Jan-29-19:57:32.982658
0.5921787662199604,37109,25,1,0,0,1,0.0,1.9000000000000001,2025-Jan-29-19:57:33.054065
0.7185205030005031,37110,25,1,0,0,0,0.0,0.0,2025-Jan-29-19:57:33.097033
0.7561122308552579,37111,25,1,0,-1,0,0.0,0.0,2025-Jan-29-19:57:33.153794
0.7185205030005031,37112,25,1,0,0,0,0.0,0.0,2025-Jan-29-19:57:33.196718
0.7185205030005031,37113,25,1,0,0,0,0.0,0.0,2025-Jan-29-19:57:33.239724
0.7185205030005031,37114,25,1,0,0,0,0.0,0.0,2025-Jan-29-19:57:33.282838
0.8060591477019475,37115,25,1,0,0,-1,0.0,0.0,2025-Jan-29-19:57:33.338772
0.7185205030005031,37116,25,1,0,0,0,0.0,0.0,2025-Jan-29-19:57:33.382819
0.7185205030005031,37117,25,1,0,0,0,0.0,0.0,2025-Jan-29-19:57:33.426125
0.7185205030005031,37118,25,1,0,0,0,0.0,0.0,2025-Jan-29-19:57:33.469132
0.8060591477019475,37119,25,1,0,0,-1,0.0,0.0,2025-Jan-29-19:57:33.524672
0.4160201626761834,37120,25,1,0,1,1,1.9000000000000001,1.9000000000000001,2025-Jan-29-19:57:33.643652
0.4160201626761834,37121,25,1,0,1,1,1.9000000000000001,1.9000000000000001,2025-Jan-29-19:57:33.767996
0.7185205030005031,37122,25,1,0,0,0,0.0,0.0,2025-Jan-29-19:57:33.814489
0.7185205030005031,37123,25,1,0,0,0,0.0,0.0,2025-Jan-29-19:57:33.857935
0.629780506117975,37124,25,1,0,-1,1,0.0,1.9000000000000001,2025-Jan-29-19:57:33.944157
0.629780506117975,37125,25,1,0,-1,1,0.0,1.9000000000000001,2025-Jan-29-19:57:34.027947
0.7185205030005031,37126,25,1,0,0,0,0.0,0.0,2025-Jan-29-19:57:34.073243
0.7185205030005031,37127,25,1,0,0,0,0.0,0.0,2025-Jan-29-19:57:34.117067
0.7185205030005031,37128,25,1,0,0,0,0.0,0.0,2025-Jan-29-19:57:34.160307
0.7185205030005031,37129,25,1,0,0,0,0.0,0.0,2025-Jan-29-19:57:34.203629
0.7185205030005031,37130,25,1,0,0,0,0.0,0.0,2025-Jan-29-19:57:34.246875
1.0735211430969913,37131,25,1,1,0,0,0.0,0.0,2025-Jan-29-19:57:34.289949
0.7185205030005031,37132,25,1,0,0,0,0.0,0.0,2025-Jan-29-19:57:34.333833
0.7185205030005031,37133,25,1,0,0,0,0.0,0.0,2025-Jan-29-19:57:34.377338
0.7185205030005031,37134,25,1,0,0,0,0.0,0.0,2025-Jan-29-19:57:34.420769
0.7185205030005031,37135,25,1,0,0,0,0.0,0.0,2025-Jan-29-19:57:34.464007
0.7185205030005031,37136,25,1,0,0,0,0.0,0.0,2025-Jan-29-19:57:34.507201
0.7185205030005031,37137,25,1,0,0,0,0.0,0.0,2025-Jan-29-19:57:34.573143
0.7185205030005031,37138,25,1,0,0,0,0.0,0.0,2025-Jan-29-19:57:34.648603
0.7185205030005031,37139,25,1,0,0,0,0.0,0.0,2025-Jan-29-19:57:34.720229
0.7185205030005031,37140,25,1,0,0,0,0.0,0.0,2025-Jan-29-19:57:35.084140
0.7185205030005031,37141,25,1,0,0,0,0.0,0.0,2025-Jan-29-19:57:35.130552
0.7185205030005031,37142,25,1,0,0,0,0.0,0.0,2025-Jan-29-19:57:35.173912
0.7185205030005031,37143,25,1,0,0,0,0.0,0.0,2025-Jan-29-19:57:35.216898
0.7185205030005031,37144,25,1,0,0,0,0.0,0.0,2025-Jan-29-19:57:35.259785
0.7185205030005031,37145,25,1,0,0,0,0.0,0.0,2025-Jan-29-19:57:35.302603
0.4160201626761834,37146,25,1,0,1,1,1.9000000000000001,1.9000000000000001,2025-Jan-29-19:57:35.398678
0.4160201626761834,37147,25,1,0,1,1,1.9000000000000001,1.9000000000000001,2025-Jan-29-19:57:35.493109
0.7185205030005031,37148,25,1,0,0,0,0.0,0.0,2025-Jan-29-19:57:35.536050
0.7185205030005031,37149,25,1,0,0,0,0.0,0.0,2025-Jan-29-19:57:35.590750
0.7185205030005031,37150,25,1,0,0,0,0.0,0.0,2025-Jan-29-19:57:35.667156
0.7185205030005031,37151,25,1,0,0,0,0.0,0.0,2025-Jan-29-19:57:35.742870
0.7185205030005031,37152,25,1,0,0,0,0.0,0.0,2025-Jan-29-19:57:35.803968
0.7185205030005031,37153,25,1,0,0,0,0.0,0.0,2025-Jan-29-19:57:35.849207
0.7185205030005031,37154,25,1,0,0,0,0.0,0.0,2025-Jan-29-19:57:35.898109
1.1111128709475113,37155,25,1,1,-1,0,0.0,0.0,2025-Jan-29-19:57:35.956418
0.7185205030005031,37156,25,1,0,0,0,0.0,0.0,2025-Jan-29-19:57:35.999607
0.7185205030005031,37157,25,1,0,0,0,0.0,0.0,2025-Jan-29-19:57:36.042809
0.8973579620796409,37158,25,1,1,1,0,1.9000000000000001,0.0,2025-Jan-29-19:57:36.114511
0.8973579620796409,37159,25,1,1,1,0,1.9000000000000001,0.0,2025-Jan-29-19:57:36.185789
0.5921787662199604,37160,25,1,0,0,1,0.0,1.9000000000000001,2025-Jan-29-19:57:36.256987
0.7185205030005031,37161,25,1,0,0,0,0.0,0.0,2025-Jan-29-19:57:36.299860
0.7185205030005031,37162,25,1,0,0,0,0.0,0.0,2025-Jan-29-19:57:36.342667
0.7185205030005031,37163,25,1,0,0,0,0.0,0.0,2025-Jan-29-19:57:36.385467
0.7185205030005031,37164,25,1,0,0,0,0.0,0.0,2025-Jan-29-19:57:36.429815
0.7185205030005031,37165,25,1,0,0,0,0.0,0.0,2025-Jan-29-19:57:36.472564
0.7185205030005031,37166,25,1,0,0,0,0.0,0.0,2025-Jan-29-19:57:36.515260
0.7185205030005031,37167,25,1,0,0,0,0.0,0.0,2025-Jan-29-19:57:36.575192
0.4160201626761834,37168,25,1,0,1,1,1.9000000000000001,1.9000000000000001,2025-Jan-29-19:57:36.694939
0.4160201626761834,37169,25,1,0,1,1,1.9000000000000001,1.9000000000000001,2025-Jan-29-19:57:36.817374
0.7185205030005031,37170,25,1,0,0,0,0.0,0.0,2025-Jan-29-19:57:36.865240
0.7185205030005031,37171,25,1,0,0,0,0.0,0.0,2025-Jan-29-19:57:36.908540
0.7185205030005031,37172,25,1,0,0,0,0.0,0.0,2025-Jan-29-19:57:36.952035
0.7185205030005031,37173,25,1,0,0,0,0.0,0.0,2025-Jan-29-19:57:36.995282
0.7185205030005031,37174,25,1,0,0,0,0.0,0.0,2025-Jan-29-19:57:37.038298
0.7185205030005031,37175,25,1,0,0,0,0.0,0.0,2025-Jan-29-19:57:37.081173
0.7185205030005031,37176,25,1,0,0,0,0.0,0.0,2025-Jan-29-19:57:37.124586
1.0735211430969913,37177,25,1,1,0,0,0.0,0.0,2025-Jan-29-19:57:37.167422
0.7185205030005031,37178,25,1,0,0,0,0.0,0.0,2025-Jan-29-19:57:37.210240
0.7185205030005031,37179,25,1,0,0,0,0.0,0.0,2025-Jan-29-19:57:37.253156
0.7185205030005031,37180,25,1,0,0,0,0.0,0.0,2025-Jan-29-19:57:37.298427
0.7185205030005031,37181,25,1,0,0,0,0.0,0.0,2025-Jan-29-19:57:37.342556
0.7185205030005031,37182,25,1,0,0,0,0.0,0.0,2025-Jan-29-19:57:37.386163
0.7185205030005031,37183,25,1,0,0,0,0.0,0.0,2025-Jan-29-19:57:37.428963
0.7185205030005031,37184,25,1,0,0,0,0.0,0.0,2025-Jan-29-19:57:37.471730
0.7185205030005031,37185,25,1,0,0,0,0.0,0.0,2025-Jan-29-19:57:37.514473
0.7185205030005031,37186,25,1,0,0,0,0.0,0.0,2025-Jan-29-19:57:37.582137
0.7185205030005031,37187,25,1,0,0,0,0.0,0.0,2025-Jan-29-19:57:37.653986
0.7185205030005031,37188,25,1,0,0,0,0.0,0.0,2025-Jan-29-19:57:37.719797
0.8060591477019475,37189,25,1,0,0,-1,0.0,0.0,2025-Jan-29-19:57:37.800667
0.7185205030005031,37190,25,1,0,0,0,0.0,0.0,2025-Jan-29-19:57:37.844489
0.7185205030005031,37191,25,1,0,0,0,0.0,0.0,2025-Jan-29-19:57:37.888263
0.7185205030005031,37192,25,1,0,0,0,0.0,0.0,2025-Jan-29-19:57:37.932183
0.7185205030005031,37193,25,1,0,0,0,0.0,0.0,2025-Jan-29-19:57:37.976981
0.7185205030005031,37194,25,1,0,0,0,0.0,0.0,2025-Jan-29-19:57:38.021445
0.7185205030005031,37195,25,1,0,0,0,0.0,0.0,2025-Jan-29-19:57:38.066525
0.7185205030005031,37196,25,1,0,0,0,0.0,0.0,2025-Jan-29-19:57:38.111565
0.7185205030005031,37197,25,1,0,0,0,0.0,0.0,2025-Jan-29-19:57:38.156512
0.7185205030005031,37198,25,1,0,0,0,0.0,0.0,2025-Jan-29-19:57:38.200477
0.7185205030005031,37199,25,1,0,0,0,0.0,0.0,2025-Jan-29-19:57:38.244880
0.5921787662199604,37200,25,1,0,0,1,0.0,1.9000000000000001,2025-Jan-29-19:57:38.318987
0.5921787662199604,37201,25,1,0,0,1,0.0,1.9000000000000001,2025-Jan-29-19:57:38.392463
0.7185205030005031,37202,25,1,0,0,0,0.0,0.0,2025-Jan-29-19:57:38.436749
0.7185205030005031,37203,25,1,0,0,0,0.0,0.0,2025-Jan-29-19:57:38.481143
0.7185205030005031,37204,25,1,0,0,0,0.0,0.0,2025-Jan-29-19:57:38.525388
0.7185205030005031,37205,25,1,0,0,0,0.0,0.0,2025-Jan-29-19:57:38.591007
0.7185205030005031,37206,25,1,0,0,0,0.0,0.0,2025-Jan-29-19:57:38.680863
0.7185205030005031,37207,25,1,0,0,0,0.0,0.0,2025-Jan-29-19:57:38.758830
0.5921787662199604,37208,25,1,0,0,1,0.0,1.9000000000000001,2025-Jan-29-19:57:38.868502
0.7185205030005031,37209,25,1,0,0,0,0.0,0.0,2025-Jan-29-19:57:38.913941
0.7185205030005031,37210,25,1,0,0,0,0.0,0.0,2025-Jan-29-19:57:38.957097
0.7185205030005031,37211,25,1,0,0,0,0.0,0.0,2025-Jan-29-19:57:39.000249
0.7185205030005031,37212,25,1,0,0,0,0.0,0.0,2025-Jan-29-19:57:39.043636
0.7185205030005031,37213,25,1,0,0,0,0.0,0.0,2025-Jan-29-19:57:39.086689
0.7185205030005031,37214,25,1,0,0,0,0.0,0.0,2025-Jan-29-19:57:39.131368
0.8060591477019475,37215,25,1,0,0,-1,0.0,0.0,2025-Jan-29-19:57:39.186860
0.7185205030005031,37216,25,1,0,0,0,0.0,0.0,2025-Jan-29-19:57:39.229992
0.7185205030005031,37217,25,1,0,0,0,0.0,0.0,2025-Jan-29-19:57:39.273427
0.7185205030005031,37218,25,1,0,0,0,0.0,0.0,2025-Jan-29-19:57:39.316488
0.8060591477019475,37219,25,1,0,0,-1,0.0,0.0,2025-Jan-29-19:57:39.373659
0.4160201626761834,37220,25,1,0,1,1,1.9000000000000001,1.9000000000000001,2025-Jan-29-19:57:39.468916
0.4160201626761834,37221,25,1,0,1,1,1.9000000000000001,1.9000000000000001,2025-Jan-29-19:57:39.581537
0.7185205030005031,37222,25,1,0,0,0,0.0,0.0,2025-Jan-29-19:57:39.653949
0.7185205030005031,37223,25,1,0,0,0,0.0,0.0,2025-Jan-29-19:57:39.744419
0.629780506117975,37224,25,1,0,-1,1,0.0,1.9000000000000001,2025-Jan-29-19:57:39.847634
0.629780506117975,37225,25,1,0,-1,1,0.0,1.9000000000000001,2025-Jan-29-19:57:39.932636
0.7185205030005031,37226,25,1,0,0,0,0.0,0.0,2025-Jan-29-19:57:39.975704
0.7185205030005031,37227,25,1,0,0,0,0.0,0.0,2025-Jan-29-19:57:40.019333
0.7185205030005031,37228,25,1,0,0,0,0.0,0.0,2025-Jan-29-19:57:40.063030
0.7185205030005031,37229,25,1,0,0,0,0.0,0.0,2025-Jan-29-19:57:40.107658
0.7185205030005031,37230,25,1,0,0,0,0.0,0.0,2025-Jan-29-19:57:40.152277
1.0735211430969913,37231,25,1,1,0,0,0.0,0.0,2025-Jan-29-19:57:40.196099
0.7185205030005031,37232,25,1,0,0,0,0.0,0.0,2025-Jan-29-19:57:40.239724
0.7185205030005031,37233,25,1,0,0,0,0.0,0.0,2025-Jan-29-19:57:40.283373
0.7185205030005031,37234,25,1,0,0,0,0.0,0.0,2025-Jan-29-19:57:40.327149
0.7185205030005031,37235,25,1,0,0,0,0.0,0.0,2025-Jan-29-19:57:40.370971
0.7185205030005031,37236,25,1,0,0,0,0.0,0.0,2025-Jan-29-19:57:40.414786
0.7185205030005031,37237,25,1,0,0,0,0.0,0.0,2025-Jan-29-19:57:40.458208
0.7185205030005031,37238,25,1,0,0,0,0.0,0.0,2025-Jan-29-19:57:40.501686
0.7185205030005031,37239,25,1,0,0,0,0.0,0.0,2025-Jan-29-19:57:40.545616
0.7185205030005031,37240,25,1,0,0,0,0.0,0.0,2025-Jan-29-19:57:40.627368
0.9760242519712691,37241,25,1,1,-1,1,0.0,1.9000000000000001,2025-Jan-29-19:57:40.752721
0.7185205030005031,37242,25,1,0,0,0,0.0,0.0,2025-Jan-29-19:57:40.800020
0.7185205030005031,37243,25,1,0,0,0,0.0,0.0,2025-Jan-29-19:57:40.845865
0.7185205030005031,37244,25,1,0,0,0,0.0,0.0,2025-Jan-29-19:57:40.889115
0.7185205030005031,37245,25,1,0,0,0,0.0,0.0,2025-Jan-29-19:57:40.935539
0.4160201626761834,37246,25,1,0,1,1,1.9000000000000001,1.9000000000000001,2025-Jan-29-19:57:41.030772
0.4160201626761834,37247,25,1,0,1,1,1.9000000000000001,1.9000000000000001,2025-Jan-29-19:57:41.128933
0.7185205030005031,37248,25,1,0,0,0,0.0,0.0,2025-Jan-29-19:57:41.172397
0.7185205030005031,37249,25,1,0,0,0,0.0,0.0,2025-Jan-29-19:57:41.216138
0.7185205030005031,37250,25,1,0,0,0,0.0,0.0,2025-Jan-29-19:57:41.260048
0.7185205030005031,37251,25,1,0,0,0,0.0,0.0,2025-Jan-29-19:57:41.303659
0.7185205030005031,37252,25,1,0,0,0,0.0,0.0,2025-Jan-29-19:57:41.349207
0.7185205030005031,37253,25,1,0,0,0,0.0,0.0,2025-Jan-29-19:57:41.700032
0.7185205030005031,37254,25,1,0,0,0,0.0,0.0,2025-Jan-29-19:57:41.769989
1.0735211430969913,37255,25,1,1,0,0,0.0,0.0,2025-Jan-29-19:57:41.849509
0.7185205030005031,37256,25,1,0,0,0,0.0,0.0,2025-Jan-29-19:57:41.911562
0.7185205030005031,37257,25,1,0,0,0,0.0,0.0,2025-Jan-29-19:57:41.957089
0.5423573219619376,37258,25,1,0,1,0,1.9000000000000001,0.0,2025-Jan-29-19:57:42.029854
0.5423573219619376,37259,25,1,0,1,0,1.9000000000000001,0.0,2025-Jan-29-19:57:42.104362
0.5921787662199604,37260,25,1,0,0,1,0.0,1.9000000000000001,2025-Jan-29-19:57:42.178139
0.5921787662199604,37261,25,1,0,0,1,0.0,1.9000000000000001,2025-Jan-29-19:57:42.251014
0.7185205030005031,37262,25,1,0,0,0,0.0,0.0,2025-Jan-29-19:57:42.297432
0.7185205030005031,37263,25,1,0,0,0,0.0,0.0,2025-Jan-29-19:57:42.342712
0.7185205030005031,37264,25,1,0,0,0,0.0,0.0,2025-Jan-29-19:57:42.386674
0.7185205030005031,37265,25,1,0,0,0,0.0,0.0,2025-Jan-29-19:57:42.430609
0.7185205030005031,37266,25,1,0,0,0,0.0,0.0,2025-Jan-29-19:57:42.474158
0.7185205030005031,37267,25,1,0,0,0,0.0,0.0,2025-Jan-29-19:57:42.518352
0.4160201626761834,37268,25,1,0,1,1,1.9000000000000001,1.9000000000000001,2025-Jan-29-19:57:42.633731
0.4160201626761834,37269,25,1,0,1,1,1.9000000000000001,1.9000000000000001,2025-Jan-29-19:57:42.765272
0.7185205030005031,37270,25,1,0,0,0,0.0,0.0,2025-Jan-29-19:57:42.833327
0.7185205030005031,37271,25,1,0,0,0,0.0,0.0,2025-Jan-29-19:57:42.880654
0.7185205030005031,37272,25,1,0,0,0,0.0,0.0,2025-Jan-29-19:57:42.924111
0.7185205030005031,37273,25,1,0,0,0,0.0,0.0,2025-Jan-29-19:57:42.966988
0.7185205030005031,37274,25,1,0,0,0,0.0,0.0,2025-Jan-29-19:57:43.009827
1.1111128709475113,37275,25,1,1,-1,0,0.0,0.0,2025-Jan-29-19:57:43.065300
0.7185205030005031,37276,25,1,0,0,0,0.0,0.0,2025-Jan-29-19:57:43.108170
1.0735211430969913,37277,25,1,1,0,0,0.0,0.0,2025-Jan-29-19:57:43.151674
0.7185205030005031,37278,25,1,0,0,0,0.0,0.0,2025-Jan-29-19:57:43.194525
0.7185205030005031,37279,25,1,0,0,0,0.0,0.0,2025-Jan-29-19:57:43.237677
0.7185205030005031,37280,25,1,0,0,0,0.0,0.0,2025-Jan-29-19:57:43.280782
0.7185205030005031,37281,25,1,0,0,0,0.0,0.0,2025-Jan-29-19:57:43.323255
0.7185205030005031,37282,25,1,0,0,0,0.0,0.0,2025-Jan-29-19:57:43.368220
0.7185205030005031,37283,25,1,0,0,0,0.0,0.0,2025-Jan-29-19:57:43.410662
0.7185205030005031,37284,25,1,0,0,0,0.0,0.0,2025-Jan-29-19:57:43.454174
0.7185205030005031,37285,25,1,0,0,0,0.0,0.0,2025-Jan-29-19:57:43.496644
