Cost,Sim,Switch_State_Indx,Gen1_on,Gen2_on,Batt1_mode,Batt2_mode,Batt1_power_kW,Batt2_power_kW,Timestamp
0.7185205030005031,658,25,1,0,0,0,0.0,0.0,2025-Jan-29-19:12:56.452868
0.5921787662199604,659,25,1,0,0,1,0.0,1.9000000000000001,2025-Jan-29-19:12:56.525401
0.629780506117975,660,25,1,0,-1,1,0.0,1.9000000000000001,2025-Jan-29-19:12:56.639095
0.7185205030005031,661,25,1,0,0,0,0.0,0.0,2025-Jan-29-19:12:56.724731
0.7710208028095181,662,25,1,1,1,1,1.9000000000000001,1.9000000000000001,2025-Jan-29-19:12:56.832403
0.4160201626761834,663,25,1,0,1,1,1.9000000000000001,1.9000000000000001,2025-Jan-29-19:12:56.927134
0.6298883869405699,664,25,1,0,1,-1,1.9000000000000001,0.0,2025-Jan-29-19:12:57.010817
0.9471794063316156,665,25,1,1,0,1,0.0,1.9000000000000001,2025-Jan-29-19:12:57.082313
0.8973579620796409,666,25,1,1,1,0,1.9000000000000001,0.0,2025-Jan-29-19:12:57.157959
0.5921787662199604,667,25,1,0,0,1,0.0,1.9000000000000001,2025-Jan-29-19:12:57.239131
0.4160201626761834,668,25,1,0,1,1,1.9000000000000001,1.9000000000000001,2025-Jan-29-19:12:57.341484
1.1986569067802102,669,25,1,1,-1,-1,0.0,0.0,2025-Jan-29-19:12:57.410065
1.1111128709475113,670,25,1,1,-1,0,0.0,0.0,2025-Jan-29-19:12:57.465359
1.0735211430969913,671,25,1,1,0,0,0.0,0.0,2025-Jan-29-19:12:57.508841
1.0735211430969913,672,25,1,1,0,0,0.0,0.0,2025-Jan-29-19:12:57.567214
0.8973579620796409,673,25,1,1,1,0,1.9000000000000001,0.0,2025-Jan-29-19:12:57.695871
0.8060591477019475,674,25,1,0,0,-1,0.0,0.0,2025-Jan-29-19:12:57.786792
0.9471794063316156,675,25,1,1,0,1,0.0,1.9000000000000001,2025-Jan-29-19:12:57.867839
0.7185205030005031,676,25,1,0,0,0,0.0,0.0,2025-Jan-29-19:12:57.917409
0.5423573219619376,677,25,1,0,1,0,1.9000000000000001,0.0,2025-Jan-29-19:12:57.999166
0.7561122308552579,678,25,1,0,-1,0,0.0,0.0,2025-Jan-29-19:12:58.060719
0.9760242519712691,679,25,1,1,-1,1,0.0,1.9000000000000001,2025-Jan-29-19:12:58.156671
0.7185205030005031,680,25,1,0,0,0,0.0,0.0,2025-Jan-29-19:12:58.203635
1.0735211430969913,681,25,1,1,0,0,0.0,0.0,2025-Jan-29-19:12:58.251192
0.5921787662199604,682,25,1,0,0,1,0.0,1.9000000000000001,2025-Jan-29-19:12:58.330492
0.8060591477019475,683,25,1,0,0,-1,0.0,0.0,2025-Jan-29-19:12:58.393467
0.5921787662199604,684,25,1,0,0,1,0.0,1.9000000000000001,2025-Jan-29-19:12:58.472937
0.5921787662199604,685,25,1,0,0,1,0.0,1.9000000000000001,2025-Jan-29-19:12:58.545901
0.8060591477019475,686,25,1,0,0,-1,0.0,0.0,2025-Jan-29-19:12:58.653875
0.8060591477019475,687,25,1,0,0,-1,0.0,0.0,2025-Jan-29-19:12:58.736760
0.9760242519712691,688,25,1,1,-1,1,0.0,1.9000000000000001,2025-Jan-29-19:12:58.914169
1.1111128709475113,689,25,1,1,-1,0,0.0,0.0,2025-Jan-29-19:12:58.971604
1.1111128709475113,690,25,1,1,-1,0,0.0,0.0,2025-Jan-29-19:12:59.030518
0.7185205030005031,691,25,1,0,0,0,0.0,0.0,2025-Jan-29-19:12:59.074181
1.1111128709475113,692,25,1,1,-1,0,0.0,0.0,2025-Jan-29-19:12:59.131922
1.0735211430969913,693,25,1,1,0,0,0.0,0.0,2025-Jan-29-19:12:59.175298
0.8973579620796409,694,25,1,1,1,0,1.9000000000000001,0.0,2025-Jan-29-19:12:59.248778
1.0735211430969913,695,25,1,1,0,0,0.0,0.0,2025-Jan-29-19:12:59.291578
0.8436562666978078,696,25,1,0,-1,-1,0.0,0.0,2025-Jan-29-19:12:59.359754
0.7185205030005031,697,25,1,0,0,0,0.0,0.0,2025-Jan-29-19:12:59.403146
0.5921787662199604,698,25,1,0,0,1,0.0,1.9000000000000001,2025-Jan-29-19:12:59.474940
0.5423573219619376,699,25,1,0,1,0,1.9000000000000001,0.0,2025-Jan-29-19:12:59.546936
1.1111128709475113,700,25,1,1,-1,0,0.0,0.0,2025-Jan-29-19:12:59.651780
0.7561122308552579,701,25,1,0,-1,0,0.0,0.0,2025-Jan-29-19:12:59.740001
0.9760242519712691,702,25,1,1,-1,1,0.0,1.9000000000000001,2025-Jan-29-19:12:59.844992
0.7185205030005031,703,25,1,0,0,0,0.0,0.0,2025-Jan-29-19:12:59.888591
0.9848890270480929,704,25,1,1,1,-1,1.9000000000000001,0.0,2025-Jan-29-19:12:59.972245
1.1111128709475113,705,25,1,1,-1,0,0.0,0.0,2025-Jan-29-19:13:00.033845
0.8973579620796409,706,25,1,1,1,0,1.9000000000000001,0.0,2025-Jan-29-19:13:00.108043
1.161059787788528,707,25,1,1,0,-1,0.0,0.0,2025-Jan-29-19:13:00.164569
1.0735211430969913,708,25,1,1,0,0,0.0,0.0,2025-Jan-29-19:13:00.208337
0.4160201626761834,709,25,1,0,1,1,1.9000000000000001,1.9000000000000001,2025-Jan-29-19:13:00.304024
0.4160201626761834,710,25,1,0,1,1,1.9000000000000001,1.9000000000000001,2025-Jan-29-19:13:00.398478
0.4160201626761834,711,25,1,0,1,1,1.9000000000000001,1.9000000000000001,2025-Jan-29-19:13:00.493220
0.4160201626761834,712,25,1,0,1,1,1.9000000000000001,1.9000000000000001,2025-Jan-29-19:13:00.621885
0.4160201626761834,713,25,1,0,1,1,1.9000000000000001,1.9000000000000001,2025-Jan-29-19:13:00.751390
0.7710208028095181,714,25,1,1,1,1,1.9000000000000001,1.9000000000000001,2025-Jan-29-19:13:00.858044
0.7710208028095181,715,25,1,1,1,1,1.9000000000000001,1.9000000000000001,2025-Jan-29-19:13:00.955591
0.4160201626761834,716,25,1,0,1,1,1.9000000000000001,1.9000000000000001,2025-Jan-29-19:13:01.051806
0.4160201626761834,717,25,1,0,1,1,1.9000000000000001,1.9000000000000001,2025-Jan-29-19:13:01.148592
0.4160201626761834,718,25,1,0,1,1,1.9000000000000001,1.9000000000000001,2025-Jan-29-19:13:01.248509
0.7710208028095181,719,25,1,1,1,1,1.9000000000000001,1.9000000000000001,2025-Jan-29-19:13:01.364727
0.4160201626761834,720,25,1,0,1,1,1.9000000000000001,1.9000000000000001,2025-Jan-29-19:13:01.480285
0.7710208028095181,721,25,1,1,1,1,1.9000000000000001,1.9000000000000001,2025-Jan-29-19:13:01.622901
0.4160201626761834,722,25,1,0,1,1,1.9000000000000001,1.9000000000000001,2025-Jan-29-19:13:01.774784
0.4160201626761834,723,25,1,0,1,1,1.9000000000000001,1.9000000000000001,2025-Jan-29-19:13:01.882869
0.4160201626761834,724,25,1,0,1,1,1.9000000000000001,1.9000000000000001,2025-Jan-29-19:13:01.978790
0.7710208028095181,725,25,1,1,1,1,1.9000000000000001,1.9000000000000001,2025-Jan-29-19:13:02.087605
0.7710208028095181,726,25,1,1,1,1,1.9000000000000001,1.9000000000000001,2025-Jan-29-19:13:02.194795
0.4160201626761834,727,25,1,0,1,1,1.9000000000000001,1.9000000000000001,2025-Jan-29-19:13:02.292842
0.4160201626761834,728,25,1,0,1,1,1.9000000000000001,1.9000000000000001,2025-Jan-29-19:13:02.388045
0.4160201626761834,729,25,1,0,1,1,1.9000000000000001,1.9000000000000001,2025-Jan-29-19:13:02.483593
0.4160201626761834,730,25,1,0,1,1,1.9000000000000001,1.9000000000000001,2025-Jan-29-19:13:02.598773
0.4160201626761834,731,25,1,0,1,1,1.9000000000000001,1.9000000000000001,2025-Jan-29-19:13:02.723068
0.4160201626761834,732,25,1,0,1,1,1.9000000000000001,1.9000000000000001,2025-Jan-29-19:13:02.847295
0.4160201626761834,733,25,1,0,1,1,1.9000000000000001,1.9000000000000001,2025-Jan-29-19:13:02.943005
0.7710208028095181,734,25,1,1,1,1,1.9000000000000001,1.9000000000000001,2025-Jan-29-19:13:03.117793
0.4160201626761834,735,25,1,0,1,1,1.9000000000000001,1.9000000000000001,2025-Jan-29-19:13:03.213293
0.4160201626761834,736,25,1,0,1,1,1.9000000000000001,1.9000000000000001,2025-Jan-29-19:13:03.310482
0.7710208028095181,737,25,1,1,1,1,1.9000000000000001,1.9000000000000001,2025-Jan-29-19:13:03.406425
0.7710208028095181,738,25,1,1,1,1,1.9000000000000001,1.9000000000000001,2025-Jan-29-19:13:03.500822
0.4160201626761834,739,25,1,0,1,1,1.9000000000000001,1.9000000000000001,2025-Jan-29-19:13:03.629308
0.4160201626761834,740,25,1,0,1,1,1.9000000000000001,1.9000000000000001,2025-Jan-29-19:13:03.774046
0.4160201626761834,741,25,1,0,1,1,1.9000000000000001,1.9000000000000001,2025-Jan-29-19:13:03.874059
0.4160201626761834,742,25,1,0,1,1,1.9000000000000001,1.9000000000000001,2025-Jan-29-19:13:03.969923
0.4160201626761834,743,25,1,0,1,1,1.9000000000000001,1.9000000000000001,2025-Jan-29-19:13:04.069665
0.4160201626761834,744,25,1,0,1,1,1.9000000000000001,1.9000000000000001,2025-Jan-29-19:13:04.165789
0.7710208028095181,745,25,1,1,1,1,1.9000000000000001,1.9000000000000001,2025-Jan-29-19:13:04.260716
0.7710208028095181,746,25,1,1,1,1,1.9000000000000001,1.9000000000000001,2025-Jan-29-19:13:04.355406
0.7710208028095181,747,25,1,1,1,1,1.9000000000000001,1.9000000000000001,2025-Jan-29-19:13:04.450180
0.4160201626761834,748,25,1,0,1,1,1.9000000000000001,1.9000000000000001,2025-Jan-29-19:13:04.545659
0.4160201626761834,749,25,1,0,1,1,1.9000000000000001,1.9000000000000001,2025-Jan-29-19:13:04.695401
0.7710208028095181,750,25,1,1,1,1,1.9000000000000001,1.9000000000000001,2025-Jan-29-19:13:04.822024
0.7710208028095181,751,25,1,1,1,1,1.9000000000000001,1.9000000000000001,2025-Jan-29-19:13:04.920571
0.4160201626761834,752,25,1,0,1,1,1.9000000000000001,1.9000000000000001,2025-Jan-29-19:13:05.016224
0.4160201626761834,753,25,1,0,1,1,1.9000000000000001,1.9000000000000001,2025-Jan-29-19:13:05.113715
0.4160201626761834,754,25,1,0,1,1,1.9000000000000001,1.9000000000000001,2025-Jan-29-19:13:05.209404
0.4160201626761834,755,25,1,0,1,1,1.9000000000000001,1.9000000000000001,2025-Jan-29-19:13:05.304417
0.4160201626761834,756,25,1,0,1,1,1.9000000000000001,1.9000000000000001,2025-Jan-29-19:13:05.399015
0.4160201626761834,757,25,1,0,1,1,1.9000000000000001,1.9000000000000001,2025-Jan-29-19:13:05.493997
0.4160201626761834,758,25,1,0,1,1,1.9000000000000001,1.9000000000000001,2025-Jan-29-19:13:05.613423
0.4160201626761834,759,25,1,0,1,1,1.9000000000000001,1.9000000000000001,2025-Jan-29-19:13:05.753215
0.4160201626761834,760,25,1,0,1,1,1.9000000000000001,1.9000000000000001,2025-Jan-29-19:13:05.850162
0.4160201626761834,761,25,1,0,1,1,1.9000000000000001,1.9000000000000001,2025-Jan-29-19:13:05.945198
0.4160201626761834,762,25,1,0,1,1,1.9000000000000001,1.9000000000000001,2025-Jan-29-19:13:06.044211
0.4160201626761834,763,25,1,0,1,1,1.9000000000000001,1.9000000000000001,2025-Jan-29-19:13:06.142078
0.4160201626761834,764,25,1,0,1,1,1.9000000000000001,1.9000000000000001,2025-Jan-29-19:13:06.237421
0.4160201626761834,765,25,1,0,1,1,1.9000000000000001,1.9000000000000001,2025-Jan-29-19:13:06.335108
0.4160201626761834,766,25,1,0,1,1,1.9000000000000001,1.9000000000000001,2025-Jan-29-19:13:06.429880
0.4160201626761834,767,25,1,0,1,1,1.9000000000000001,1.9000000000000001,2025-Jan-29-19:13:06.524330
0.4160201626761834,768,25,1,0,1,1,1.9000000000000001,1.9000000000000001,2025-Jan-29-19:13:06.645118
0.4160201626761834,769,25,1,0,1,1,1.9000000000000001,1.9000000000000001,2025-Jan-29-19:13:06.768976
0.4160201626761834,770,25,1,0,1,1,1.9000000000000001,1.9000000000000001,2025-Jan-29-19:13:06.869085
0.4160201626761834,771,25,1,0,1,1,1.9000000000000001,1.9000000000000001,2025-Jan-29-19:13:06.964861
0.4160201626761834,772,25,1,0,1,1,1.9000000000000001,1.9000000000000001,2025-Jan-29-19:13:07.060393
0.4160201626761834,773,25,1,0,1,1,1.9000000000000001,1.9000000000000001,2025-Jan-29-19:13:07.155982
0.4160201626761834,774,25,1,0,1,1,1.9000000000000001,1.9000000000000001,2025-Jan-29-19:13:07.252397
0.4160201626761834,775,25,1,0,1,1,1.9000000000000001,1.9000000000000001,2025-Jan-29-19:13:07.346975
0.4160201626761834,776,25,1,0,1,1,1.9000000000000001,1.9000000000000001,2025-Jan-29-19:13:07.441719
0.4160201626761834,777,25,1,0,1,1,1.9000000000000001,1.9000000000000001,2025-Jan-29-19:13:07.536354
0.4160201626761834,778,25,1,0,1,1,1.9000000000000001,1.9000000000000001,2025-Jan-29-19:13:07.741892
0.4160201626761834,779,25,1,0,1,1,1.9000000000000001,1.9000000000000001,2025-Jan-29-19:13:07.873256
0.4160201626761834,780,25,1,0,1,1,1.9000000000000001,1.9000000000000001,2025-Jan-29-19:13:07.972879
0.4160201626761834,781,25,1,0,1,1,1.9000000000000001,1.9000000000000001,2025-Jan-29-19:13:08.068613
0.4160201626761834,782,25,1,0,1,1,1.9000000000000001,1.9000000000000001,2025-Jan-29-19:13:08.165463
0.4160201626761834,783,25,1,0,1,1,1.9000000000000001,1.9000000000000001,2025-Jan-29-19:13:08.264091
0.4160201626761834,784,25,1,0,1,1,1.9000000000000001,1.9000000000000001,2025-Jan-29-19:13:08.362774
0.4160201626761834,785,25,1,0,1,1,1.9000000000000001,1.9000000000000001,2025-Jan-29-19:13:08.460295
0.4160201626761834,786,25,1,0,1,1,1.9000000000000001,1.9000000000000001,2025-Jan-29-19:13:08.576183
0.4160201626761834,787,25,1,0,1,1,1.9000000000000001,1.9000000000000001,2025-Jan-29-19:13:08.723928
0.4160201626761834,788,25,1,0,1,1,1.9000000000000001,1.9000000000000001,2025-Jan-29-19:13:08.855809
0.4160201626761834,789,25,1,0,1,1,1.9000000000000001,1.9000000000000001,2025-Jan-29-19:13:08.963328
0.4160201626761834,790,25,1,0,1,1,1.9000000000000001,1.9000000000000001,2025-Jan-29-19:13:09.059442
0.4160201626761834,791,25,1,0,1,1,1.9000000000000001,1.9000000000000001,2025-Jan-29-19:13:09.155565
0.4160201626761834,792,25,1,0,1,1,1.9000000000000001,1.9000000000000001,2025-Jan-29-19:13:09.251499
0.4160201626761834,793,25,1,0,1,1,1.9000000000000001,1.9000000000000001,2025-Jan-29-19:13:09.347468
0.4160201626761834,794,25,1,0,1,1,1.9000000000000001,1.9000000000000001,2025-Jan-29-19:13:09.442387
0.4160201626761834,795,25,1,0,1,1,1.9000000000000001,1.9000000000000001,2025-Jan-29-19:13:09.539725
0.4160201626761834,796,25,1,0,1,1,1.9000000000000001,1.9000000000000001,2025-Jan-29-19:13:09.669849
0.4160201626761834,797,25,1,0,1,1,1.9000000000000001,1.9000000000000001,2025-Jan-29-19:13:09.794187
0.4160201626761834,798,25,1,0,1,1,1.9000000000000001,1.9000000000000001,2025-Jan-29-19:13:09.889583
0.4160201626761834,799,25,1,0,1,1,1.9000000000000001,1.9000000000000001,2025-Jan-29-19:13:09.986340
0.4160201626761834,800,25,1,0,1,1,1.9000000000000001,1.9000000000000001,2025-Jan-29-19:13:10.085643
0.4160201626761834,801,25,1,0,1,1,1.9000000000000001,1.9000000000000001,2025-Jan-29-19:13:10.182921
0.4160201626761834,802,25,1,0,1,1,1.9000000000000001,1.9000000000000001,2025-Jan-29-19:13:10.279366
0.4160201626761834,803,25,1,0,1,1,1.9000000000000001,1.9000000000000001,2025-Jan-29-19:13:10.375691
0.4160201626761834,804,25,1,0,1,1,1.9000000000000001,1.9000000000000001,2025-Jan-29-19:13:10.471878
0.4160201626761834,805,25,1,0,1,1,1.9000000000000001,1.9000000000000001,2025-Jan-29-19:13:10.586958
0.4160201626761834,806,25,1,0,1,1,1.9000000000000001,1.9000000000000001,2025-Jan-29-19:13:10.733583
0.4160201626761834,807,25,1,0,1,1,1.9000000000000001,1.9000000000000001,2025-Jan-29-19:13:10.853748
0.4160201626761834,808,25,1,0,1,1,1.9000000000000001,1.9000000000000001,2025-Jan-29-19:13:10.954566
0.4160201626761834,809,25,1,0,1,1,1.9000000000000001,1.9000000000000001,2025-Jan-29-19:13:11.053562
0.4160201626761834,810,25,1,0,1,1,1.9000000000000001,1.9000000000000001,2025-Jan-29-19:13:11.151169
0.4160201626761834,811,25,1,0,1,1,1.9000000000000001,1.9000000000000001,2025-Jan-29-19:13:11.247779
0.4160201626761834,812,25,1,0,1,1,1.9000000000000001,1.9000000000000001,2025-Jan-29-19:13:11.342504
0.4160201626761834,813,25,1,0,1,1,1.9000000000000001,1.9000000000000001,2025-Jan-29-19:13:11.437242
0.4160201626761834,814,25,1,0,1,1,1.9000000000000001,1.9000000000000001,2025-Jan-29-19:13:11.532366
0.4160201626761834,815,25,1,0,1,1,1.9000000000000001,1.9000000000000001,2025-Jan-29-19:13:11.720543
0.4160201626761834,816,25,1,0,1,1,1.9000000000000001,1.9000000000000001,2025-Jan-29-19:13:11.856371
0.4160201626761834,817,25,1,0,1,1,1.9000000000000001,1.9000000000000001,2025-Jan-29-19:13:11.952352
0.4160201626761834,818,25,1,0,1,1,1.9000000000000001,1.9000000000000001,2025-Jan-29-19:13:12.048300
0.4160201626761834,819,25,1,0,1,1,1.9000000000000001,1.9000000000000001,2025-Jan-29-19:13:12.145871
0.4160201626761834,820,25,1,0,1,1,1.9000000000000001,1.9000000000000001,2025-Jan-29-19:13:12.241550
0.4160201626761834,821,25,1,0,1,1,1.9000000000000001,1.9000000000000001,2025-Jan-29-19:13:12.338441
0.4160201626761834,822,25,1,0,1,1,1.9000000000000001,1.9000000000000001,2025-Jan-29-19:13:12.433316
0.4160201626761834,823,25,1,0,1,1,1.9000000000000001,1.9000000000000001,2025-Jan-29-19:13:12.528313
0.4160201626761834,824,25,1,0,1,1,1.9000000000000001,1.9000000000000001,2025-Jan-29-19:13:12.641760
0.4160201626761834,825,25,1,0,1,1,1.9000000000000001,1.9000000000000001,2025-Jan-29-19:13:12.779986
0.4160201626761834,826,25,1,0,1,1,1.9000000000000001,1.9000000000000001,2025-Jan-29-19:13:12.876117
0.4160201626761834,827,25,1,0,1,1,1.9000000000000001,1.9000000000000001,2025-Jan-29-19:13:12.971256
0.4160201626761834,828,25,1,0,1,1,1.9000000000000001,1.9000000000000001,2025-Jan-29-19:13:13.070133
0.4160201626761834,829,25,1,0,1,1,1.9000000000000001,1.9000000000000001,2025-Jan-29-19:13:13.168193
0.4160201626761834,830,25,1,0,1,1,1.9000000000000001,1.9000000000000001,2025-Jan-29-19:13:13.263248
0.4160201626761834,831,25,1,0,1,1,1.9000000000000001,1.9000000000000001,2025-Jan-29-19:13:13.358654
0.4160201626761834,832,25,1,0,1,1,1.9000000000000001,1.9000000000000001,2025-Jan-29-19:13:13.454150
0.4160201626761834,833,25,1,0,1,1,1.9000000000000001,1.9000000000000001,2025-Jan-29-19:13:13.558686
0.4160201626761834,834,25,1,0,1,1,1.9000000000000001,1.9000000000000001,2025-Jan-29-19:13:13.703788
0.4160201626761834,835,25,1,0,1,1,1.9000000000000001,1.9000000000000001,2025-Jan-29-19:13:13.830480
0.4160201626761834,836,25,1,0,1,1,1.9000000000000001,1.9000000000000001,2025-Jan-29-19:13:13.927650
0.4160201626761834,837,25,1,0,1,1,1.9000000000000001,1.9000000000000001,2025-Jan-29-19:13:14.024857
0.4160201626761834,838,25,1,0,1,1,1.9000000000000001,1.9000000000000001,2025-Jan-29-19:13:14.123464
0.4160201626761834,839,25,1,0,1,1,1.9000000000000001,1.9000000000000001,2025-Jan-29-19:13:14.218387
0.4160201626761834,840,25,1,0,1,1,1.9000000000000001,1.9000000000000001,2025-Jan-29-19:13:14.315463
0.4160201626761834,841,25,1,0,1,1,1.9000000000000001,1.9000000000000001,2025-Jan-29-19:13:14.410666
0.4160201626761834,842,25,1,0,1,1,1.9000000000000001,1.9000000000000001,2025-Jan-29-19:13:14.507008
0.4160201626761834,843,25,1,0,1,1,1.9000000000000001,1.9000000000000001,2025-Jan-29-19:13:14.629166
0.4160201626761834,844,25,1,0,1,1,1.9000000000000001,1.9000000000000001,2025-Jan-29-19:13:14.759424
0.4160201626761834,845,25,1,0,1,1,1.9000000000000001,1.9000000000000001,2025-Jan-29-19:13:14.855748
0.4160201626761834,846,25,1,0,1,1,1.9000000000000001,1.9000000000000001,2025-Jan-29-19:13:14.950889
0.4160201626761834,847,25,1,0,1,1,1.9000000000000001,1.9000000000000001,2025-Jan-29-19:13:15.046101
0.4160201626761834,848,25,1,0,1,1,1.9000000000000001,1.9000000000000001,2025-Jan-29-19:13:15.141905
0.4160201626761834,849,25,1,0,1,1,1.9000000000000001,1.9000000000000001,2025-Jan-29-19:13:15.236539
0.4160201626761834,850,25,1,0,1,1,1.9000000000000001,1.9000000000000001,2025-Jan-29-19:13:15.332028
0.4160201626761834,851,25,1,0,1,1,1.9000000000000001,1.9000000000000001,2025-Jan-29-19:13:15.427765
0.4160201626761834,852,25,1,0,1,1,1.9000000000000001,1.9000000000000001,2025-Jan-29-19:13:15.523083
0.4160201626761834,853,25,1,0,1,1,1.9000000000000001,1.9000000000000001,2025-Jan-29-19:13:15.653161
0.4160201626761834,854,25,1,0,1,1,1.9000000000000001,1.9000000000000001,2025-Jan-29-19:13:15.784847
0.4160201626761834,855,25,1,0,1,1,1.9000000000000001,1.9000000000000001,2025-Jan-29-19:13:15.885425
0.4160201626761834,856,25,1,0,1,1,1.9000000000000001,1.9000000000000001,2025-Jan-29-19:13:15.982651
0.4160201626761834,857,25,1,0,1,1,1.9000000000000001,1.9000000000000001,2025-Jan-29-19:13:16.159747
0.4160201626761834,858,25,1,0,1,1,1.9000000000000001,1.9000000000000001,2025-Jan-29-19:13:16.258475
0.4160201626761834,859,25,1,0,1,1,1.9000000000000001,1.9000000000000001,2025-Jan-29-19:13:16.359721
0.4160201626761834,860,25,1,0,1,1,1.9000000000000001,1.9000000000000001,2025-Jan-29-19:13:16.454171
0.4160201626761834,861,25,1,0,1,1,1.9000000000000001,1.9000000000000001,2025-Jan-29-19:13:16.554198
0.4160201626761834,862,25,1,0,1,1,1.9000000000000001,1.9000000000000001,2025-Jan-29-19:13:16.702079
0.4160201626761834,863,25,1,0,1,1,1.9000000000000001,1.9000000000000001,2025-Jan-29-19:13:16.826689
0.4160201626761834,864,25,1,0,1,1,1.9000000000000001,1.9000000000000001,2025-Jan-29-19:13:16.922014
0.4160201626761834,865,25,1,0,1,1,1.9000000000000001,1.9000000000000001,2025-Jan-29-19:13:17.016817
0.4160201626761834,866,25,1,0,1,1,1.9000000000000001,1.9000000000000001,2025-Jan-29-19:13:17.132102
0.4160201626761834,867,25,1,0,1,1,1.9000000000000001,1.9000000000000001,2025-Jan-29-19:13:17.228207
0.4160201626761834,868,25,1,0,1,1,1.9000000000000001,1.9000000000000001,2025-Jan-29-19:13:17.323724
0.4160201626761834,869,25,1,0,1,1,1.9000000000000001,1.9000000000000001,2025-Jan-29-19:13:17.418221
0.4160201626761834,870,25,1,0,1,1,1.9000000000000001,1.9000000000000001,2025-Jan-29-19:13:17.514363
0.4160201626761834,871,25,1,0,1,1,1.9000000000000001,1.9000000000000001,2025-Jan-29-19:13:17.626722
0.4160201626761834,872,25,1,0,1,1,1.9000000000000001,1.9000000000000001,2025-Jan-29-19:13:17.764713
0.4160201626761834,873,25,1,0,1,1,1.9000000000000001,1.9000000000000001,2025-Jan-29-19:13:17.860551
0.4160201626761834,874,25,1,0,1,1,1.9000000000000001,1.9000000000000001,2025-Jan-29-19:13:17.955200
0.4160201626761834,875,25,1,0,1,1,1.9000000000000001,1.9000000000000001,2025-Jan-29-19:13:18.050655
0.4160201626761834,876,25,1,0,1,1,1.9000000000000001,1.9000000000000001,2025-Jan-29-19:13:18.146841
0.4160201626761834,877,25,1,0,1,1,1.9000000000000001,1.9000000000000001,2025-Jan-29-19:13:18.241069
0.4160201626761834,878,25,1,0,1,1,1.9000000000000001,1.9000000000000001,2025-Jan-29-19:13:18.336266
0.4160201626761834,879,25,1,0,1,1,1.9000000000000001,1.9000000000000001,2025-Jan-29-19:13:18.431034
0.4160201626761834,880,25,1,0,1,1,1.9000000000000001,1.9000000000000001,2025-Jan-29-19:13:18.525839
0.4160201626761834,881,25,1,0,1,1,1.9000000000000001,1.9000000000000001,2025-Jan-29-19:13:18.651635
0.4160201626761834,882,25,1,0,1,1,1.9000000000000001,1.9000000000000001,2025-Jan-29-19:13:18.787114
0.4160201626761834,883,25,1,0,1,1,1.9000000000000001,1.9000000000000001,2025-Jan-29-19:13:18.885902
0.4160201626761834,884,25,1,0,1,1,1.9000000000000001,1.9000000000000001,2025-Jan-29-19:13:18.983771
0.4160201626761834,885,25,1,0,1,1,1.9000000000000001,1.9000000000000001,2025-Jan-29-19:13:19.079218
0.4160201626761834,886,25,1,0,1,1,1.9000000000000001,1.9000000000000001,2025-Jan-29-19:13:19.174118
0.4160201626761834,887,25,1,0,1,1,1.9000000000000001,1.9000000000000001,2025-Jan-29-19:13:19.268799
0.4160201626761834,888,25,1,0,1,1,1.9000000000000001,1.9000000000000001,2025-Jan-29-19:13:19.364364
0.4160201626761834,889,25,1,0,1,1,1.9000000000000001,1.9000000000000001,2025-Jan-29-19:13:19.458688
0.4160201626761834,890,25,1,0,1,1,1.9000000000000001,1.9000000000000001,2025-Jan-29-19:13:19.563086
0.4160201626761834,891,25,1,0,1,1,1.9000000000000001,1.9000000000000001,2025-Jan-29-19:13:19.700869
0.4160201626761834,892,25,1,0,1,1,1.9000000000000001,1.9000000000000001,2025-Jan-29-19:13:19.826283
0.4160201626761834,893,25,1,0,1,1,1.9000000000000001,1.9000000000000001,2025-Jan-29-19:13:19.922162
0.4160201626761834,894,25,1,0,1,1,1.9000000000000001,1.9000000000000001,2025-Jan-29-19:13:20.019129
0.4160201626761834,895,25,1,0,1,1,1.9000000000000001,1.9000000000000001,2025-Jan-29-19:13:20.116663
0.4160201626761834,896,25,1,0,1,1,1.9000000000000001,1.9000000000000001,2025-Jan-29-19:13:20.211566
0.4160201626761834,897,25,1,0,1,1,1.9000000000000001,1.9000000000000001,2025-Jan-29-19:13:20.306671
0.4160201626761834,898,25,1,0,1,1,1.9000000000000001,1.9000000000000001,2025-Jan-29-19:13:20.401981
0.4160201626761834,899,25,1,0,1,1,1.9000000000000001,1.9000000000000001,2025-Jan-29-19:13:20.496760
0.4160201626761834,900,25,1,0,1,1,1.9000000000000001,1.9000000000000001,2025-Jan-29-19:13:20.612003
0.4160201626761834,901,25,1,0,1,1,1.9000000000000001,1.9000000000000001,2025-Jan-29-19:13:20.842761
0.4160201626761834,902,25,1,0,1,1,1.9000000000000001,1.9000000000000001,2025-Jan-29-19:13:20.939611
0.4160201626761834,903,25,1,0,1,1,1.9000000000000001,1.9000000000000001,2025-Jan-29-19:13:21.040548
0.4160201626761834,904,25,1,0,1,1,1.9000000000000001,1.9000000000000001,2025-Jan-29-19:13:21.138516
0.4160201626761834,905,25,1,0,1,1,1.9000000000000001,1.9000000000000001,2025-Jan-29-19:13:21.233638
0.4160201626761834,906,25,1,0,1,1,1.9000000000000001,1.9000000000000001,2025-Jan-29-19:13:21.328118
0.4160201626761834,907,25,1,0,1,1,1.9000000000000001,1.9000000000000001,2025-Jan-29-19:13:21.422679
0.4160201626761834,908,25,1,0,1,1,1.9000000000000001,1.9000000000000001,2025-Jan-29-19:13:21.517414
0.4160201626761834,909,25,1,0,1,1,1.9000000000000001,1.9000000000000001,2025-Jan-29-19:13:21.648198
0.4160201626761834,910,25,1,0,1,1,1.9000000000000001,1.9000000000000001,2025-Jan-29-19:13:21.780086
0.4160201626761834,911,25,1,0,1,1,1.9000000000000001,1.9000000000000001,2025-Jan-29-19:13:21.875839
0.4160201626761834,912,25,1,0,1,1,1.9000000000000001,1.9000000000000001,2025-Jan-29-19:13:21.971271
0.4160201626761834,913,25,1,0,1,1,1.9000000000000001,1.9000000000000001,2025-Jan-29-19:13:22.068618
0.4160201626761834,914,25,1,0,1,1,1.9000000000000001,1.9000000000000001,2025-Jan-29-19:13:22.165749
0.4160201626761834,915,25,1,0,1,1,1.9000000000000001,1.9000000000000001,2025-Jan-29-19:13:22.261862
0.4160201626761834,916,25,1,0,1,1,1.9000000000000001,1.9000000000000001,2025-Jan-29-19:13:22.356744
0.4160201626761834,917,25,1,0,1,1,1.9000000000000001,1.9000000000000001,2025-Jan-29-19:13:22.451437
0.4160201626761834,918,25,1,0,1,1,1.9000000000000001,1.9000000000000001,2025-Jan-29-19:13:22.545724
0.4160201626761834,919,25,1,0,1,1,1.9000000000000001,1.9000000000000001,2025-Jan-29-19:13:22.699831
0.4160201626761834,920,25,1,0,1,1,1.9000000000000001,1.9000000000000001,2025-Jan-29-19:13:22.825360
0.4160201626761834,921,25,1,0,1,1,1.9000000000000001,1.9000000000000001,2025-Jan-29-19:13:22.925809
0.4160201626761834,922,25,1,0,1,1,1.9000000000000001,1.9000000000000001,2025-Jan-29-19:13:23.024243
0.4160201626761834,923,25,1,0,1,1,1.9000000000000001,1.9000000000000001,2025-Jan-29-19:13:23.123076
0.4160201626761834,924,25,1,0,1,1,1.9000000000000001,1.9000000000000001,2025-Jan-29-19:13:23.221228
0.4160201626761834,925,25,1,0,1,1,1.9000000000000001,1.9000000000000001,2025-Jan-29-19:13:23.318075
0.4160201626761834,926,25,1,0,1,1,1.9000000000000001,1.9000000000000001,2025-Jan-29-19:13:23.416018
0.4160201626761834,927,25,1,0,1,1,1.9000000000000001,1.9000000000000001,2025-Jan-29-19:13:23.513889
0.4160201626761834,928,25,1,0,1,1,1.9000000000000001,1.9000000000000001,2025-Jan-29-19:13:23.661352
0.4160201626761834,929,25,1,0,1,1,1.9000000000000001,1.9000000000000001,2025-Jan-29-19:13:23.794512
0.4160201626761834,930,25,1,0,1,1,1.9000000000000001,1.9000000000000001,2025-Jan-29-19:13:23.895175
0.4160201626761834,931,25,1,0,1,1,1.9000000000000001,1.9000000000000001,2025-Jan-29-19:13:23.994348
0.4160201626761834,932,25,1,0,1,1,1.9000000000000001,1.9000000000000001,2025-Jan-29-19:13:24.093662
0.4160201626761834,933,25,1,0,1,1,1.9000000000000001,1.9000000000000001,2025-Jan-29-19:13:24.192415
0.4160201626761834,934,25,1,0,1,1,1.9000000000000001,1.9000000000000001,2025-Jan-29-19:13:24.289905
0.4160201626761834,935,25,1,0,1,1,1.9000000000000001,1.9000000000000001,2025-Jan-29-19:13:24.388269
0.4160201626761834,936,25,1,0,1,1,1.9000000000000001,1.9000000000000001,2025-Jan-29-19:13:24.486916
0.4160201626761834,937,25,1,0,1,1,1.9000000000000001,1.9000000000000001,2025-Jan-29-19:13:24.613278
0.4160201626761834,938,25,1,0,1,1,1.9000000000000001,1.9000000000000001,2025-Jan-29-19:13:24.755476
0.4160201626761834,939,25,1,0,1,1,1.9000000000000001,1.9000000000000001,2025-Jan-29-19:13:24.876836
0.4160201626761834,940,25,1,0,1,1,1.9000000000000001,1.9000000000000001,2025-Jan-29-19:13:24.977631
0.4160201626761834,941,25,1,0,1,1,1.9000000000000001,1.9000000000000001,2025-Jan-29-19:13:25.076922
0.4160201626761834,942,25,1,0,1,1,1.9000000000000001,1.9000000000000001,2025-Jan-29-19:13:25.175175
0.4160201626761834,943,25,1,0,1,1,1.9000000000000001,1.9000000000000001,2025-Jan-29-19:13:25.274160
0.4160201626761834,944,25,1,0,1,1,1.9000000000000001,1.9000000000000001,2025-Jan-29-19:13:25.372931
0.4160201626761834,945,25,1,0,1,1,1.9000000000000001,1.9000000000000001,2025-Jan-29-19:13:25.470518
0.4160201626761834,946,25,1,0,1,1,1.9000000000000001,1.9000000000000001,2025-Jan-29-19:13:25.591786
0.4160201626761834,947,25,1,0,1,1,1.9000000000000001,1.9000000000000001,2025-Jan-29-19:13:25.744328
0.4160201626761834,948,25,1,0,1,1,1.9000000000000001,1.9000000000000001,2025-Jan-29-19:13:25.870833
0.4160201626761834,949,25,1,0,1,1,1.9000000000000001,1.9000000000000001,2025-Jan-29-19:13:25.972081
0.4160201626761834,950,25,1,0,1,1,1.9000000000000001,1.9000000000000001,2025-Jan-29-19:13:26.188255
0.4160201626761834,951,25,1,0,1,1,1.9000000000000001,1.9000000000000001,2025-Jan-29-19:13:26.286906
0.4160201626761834,952,25,1,0,1,1,1.9000000000000001,1.9000000000000001,2025-Jan-29-19:13:26.385157
0.4160201626761834,953,25,1,0,1,1,1.9000000000000001,1.9000000000000001,2025-Jan-29-19:13:26.482971
0.4160201626761834,954,25,1,0,1,1,1.9000000000000001,1.9000000000000001,2025-Jan-29-19:13:26.603368
0.4160201626761834,955,25,1,0,1,1,1.9000000000000001,1.9000000000000001,2025-Jan-29-19:13:26.765892
0.4160201626761834,956,25,1,0,1,1,1.9000000000000001,1.9000000000000001,2025-Jan-29-19:13:26.866552
0.4160201626761834,957,25,1,0,1,1,1.9000000000000001,1.9000000000000001,2025-Jan-29-19:13:26.966249
0.4160201626761834,958,25,1,0,1,1,1.9000000000000001,1.9000000000000001,2025-Jan-29-19:13:27.064313
