Cost,Sim,Switch_State_Indx,Gen1_on,Gen2_on,Batt1_mode,Batt2_mode,Batt1_power_kW,Batt2_power_kW,Timestamp
0.5423573219619376,16793,25,1,0,1,0,1.9000000000000001,0.0,2025-Jan-29-19:32:42.803788
1.0735211430969913,16794,25,1,1,0,0,0.0,0.0,2025-Jan-29-19:32:42.856585
0.5423573219619376,16795,25,1,0,1,0,1.9000000000000001,0.0,2025-Jan-29-19:32:42.932749
1.0735211430969913,16796,25,1,1,0,0,0.0,0.0,2025-Jan-29-19:32:42.977281
1.161059787788528,16797,25,1,1,0,-1,0.0,0.0,2025-Jan-29-19:32:43.033623
0.7185205030005031,16798,25,1,0,0,0,0.0,0.0,2025-Jan-29-19:32:43.078149
0.9760242519712691,16799,25,1,1,-1,1,0.0,1.9000000000000001,2025-Jan-29-19:32:43.163420
0.7185205030005031,16800,25,1,0,0,0,0.0,0.0,2025-Jan-29-19:32:43.207084
0.8973579620796409,16801,25,1,1,1,0,1.9000000000000001,0.0,2025-Jan-29-19:32:43.283963
0.4160201626761834,16802,25,1,0,1,1,1.9000000000000001,1.9000000000000001,2025-Jan-29-19:32:43.581556
0.7561122308552579,16803,25,1,0,-1,0,0.0,0.0,2025-Jan-29-19:32:43.697630
1.161059787788528,16804,25,1,1,0,-1,0.0,0.0,2025-Jan-29-19:32:43.786667
0.8060591477019475,16805,25,1,0,0,-1,0.0,0.0,2025-Jan-29-19:32:43.843678
0.7710208028095181,16806,25,1,1,1,1,1.9000000000000001,1.9000000000000001,2025-Jan-29-19:32:43.940936
1.0735211430969913,16807,25,1,1,0,0,0.0,0.0,2025-Jan-29-19:32:43.985902
0.5921787662199604,16808,25,1,0,0,1,0.0,1.9000000000000001,2025-Jan-29-19:32:44.059112
0.7561122308552579,16809,25,1,0,-1,0,0.0,0.0,2025-Jan-29-19:32:44.118230
0.6298883869405699,16810,25,1,0,1,-1,1.9000000000000001,0.0,2025-Jan-29-19:32:44.202949
0.7710208028095181,16811,25,1,1,1,1,1.9000000000000001,1.9000000000000001,2025-Jan-29-19:32:44.298129
0.8060591477019475,16812,25,1,0,0,-1,0.0,0.0,2025-Jan-29-19:32:44.354707
0.9760242519712691,16813,25,1,1,-1,1,0.0,1.9000000000000001,2025-Jan-29-19:32:44.440208
0.5423573219619376,16814,25,1,0,1,0,1.9000000000000001,0.0,2025-Jan-29-19:32:44.513101
0.8973579620796409,16815,25,1,1,1,0,1.9000000000000001,0.0,2025-Jan-29-19:32:44.617898
1.1111128709475113,16816,25,1,1,-1,0,0.0,0.0,2025-Jan-29-19:32:44.711321
1.161059787788528,16817,25,1,1,0,-1,0.0,0.0,2025-Jan-29-19:32:44.796843
0.9471794063316156,16818,25,1,1,0,1,0.0,1.9000000000000001,2025-Jan-29-19:32:44.869985
0.7185205030005031,16819,25,1,0,0,0,0.0,0.0,2025-Jan-29-19:32:44.915776
0.5921787662199604,16820,25,1,0,0,1,0.0,1.9000000000000001,2025-Jan-29-19:32:44.987497
1.161059787788528,16821,25,1,1,0,-1,0.0,0.0,2025-Jan-29-19:32:45.043737
0.7185205030005031,16822,25,1,0,0,0,0.0,0.0,2025-Jan-29-19:32:45.089204
0.9848890270480929,16823,25,1,1,1,-1,1.9000000000000001,0.0,2025-Jan-29-19:32:45.174151
0.9760242519712691,16824,25,1,1,-1,1,0.0,1.9000000000000001,2025-Jan-29-19:32:45.258830
0.8973579620796409,16825,25,1,1,1,0,1.9000000000000001,0.0,2025-Jan-29-19:32:45.330542
0.7185205030005031,16826,25,1,0,0,0,0.0,0.0,2025-Jan-29-19:32:45.374131
0.7561122308552579,16827,25,1,0,-1,0,0.0,0.0,2025-Jan-29-19:32:45.431268
0.9471794063316156,16828,25,1,1,0,1,0.0,1.9000000000000001,2025-Jan-29-19:32:45.502641
0.7185205030005031,16829,25,1,0,0,0,0.0,0.0,2025-Jan-29-19:32:45.546327
0.7185205030005031,16830,25,1,0,0,0,0.0,0.0,2025-Jan-29-19:32:45.638022
1.0735211430969913,16831,25,1,1,0,0,0.0,0.0,2025-Jan-29-19:32:45.724708
0.7185205030005031,16832,25,1,0,0,0,0.0,0.0,2025-Jan-29-19:32:45.794511
0.7185205030005031,16833,25,1,0,0,0,0.0,0.0,2025-Jan-29-19:32:45.841658
0.5423573219619376,16834,25,1,0,1,0,1.9000000000000001,0.0,2025-Jan-29-19:32:45.916860
1.0735211430969913,16835,25,1,1,0,0,0.0,0.0,2025-Jan-29-19:32:45.961511
1.161059787788528,16836,25,1,1,0,-1,0.0,0.0,2025-Jan-29-19:32:46.016899
0.629780506117975,16837,25,1,0,-1,1,0.0,1.9000000000000001,2025-Jan-29-19:32:46.103298
0.7561122308552579,16838,25,1,0,-1,0,0.0,0.0,2025-Jan-29-19:32:46.160382
0.9471794063316156,16839,25,1,1,0,1,0.0,1.9000000000000001,2025-Jan-29-19:32:46.231985
0.7561122308552579,16840,25,1,0,-1,0,0.0,0.0,2025-Jan-29-19:32:46.287886
1.0735211430969913,16841,25,1,1,0,0,0.0,0.0,2025-Jan-29-19:32:46.332330
1.161059787788528,16842,25,1,1,0,-1,0.0,0.0,2025-Jan-29-19:32:46.388227
0.7185205030005031,16843,25,1,0,0,0,0.0,0.0,2025-Jan-29-19:32:46.431626
1.1111128709475113,16844,25,1,1,-1,0,0.0,0.0,2025-Jan-29-19:32:46.488337
0.5921787662199604,16845,25,1,0,0,1,0.0,1.9000000000000001,2025-Jan-29-19:32:46.572715
0.8973579620796409,16846,25,1,1,1,0,1.9000000000000001,0.0,2025-Jan-29-19:32:46.690033
0.7185205030005031,16847,25,1,0,0,0,0.0,0.0,2025-Jan-29-19:32:46.764925
0.7185205030005031,16848,25,1,0,0,0,0.0,0.0,2025-Jan-29-19:32:46.818115
0.5423573219619376,16849,25,1,0,1,0,1.9000000000000001,0.0,2025-Jan-29-19:32:46.890064
1.0735211430969913,16850,25,1,1,0,0,0.0,0.0,2025-Jan-29-19:32:46.935050
0.8973579620796409,16851,25,1,1,1,0,1.9000000000000001,0.0,2025-Jan-29-19:32:47.011012
0.9471794063316156,16852,25,1,1,0,1,0.0,1.9000000000000001,2025-Jan-29-19:32:47.088675
0.7561122308552579,16853,25,1,0,-1,0,0.0,0.0,2025-Jan-29-19:32:47.151056
0.7185205030005031,16854,25,1,0,0,0,0.0,0.0,2025-Jan-29-19:32:47.200135
1.161059787788528,16855,25,1,1,0,-1,0.0,0.0,2025-Jan-29-19:32:47.258649
1.0735211430969913,16856,25,1,1,0,0,0.0,0.0,2025-Jan-29-19:32:47.305402
1.0735211430969913,16857,25,1,1,0,0,0.0,0.0,2025-Jan-29-19:32:47.351582
0.7185205030005031,16858,25,1,0,0,0,0.0,0.0,2025-Jan-29-19:32:47.397948
0.7561122308552579,16859,25,1,0,-1,0,0.0,0.0,2025-Jan-29-19:32:47.455827
0.8060591477019475,16860,25,1,0,0,-1,0.0,0.0,2025-Jan-29-19:32:47.514926
0.5423573219619376,16861,25,1,0,1,0,1.9000000000000001,0.0,2025-Jan-29-19:32:47.623834
0.7185205030005031,16862,25,1,0,0,0,0.0,0.0,2025-Jan-29-19:32:47.715947
0.9760242519712691,16863,25,1,1,-1,1,0.0,1.9000000000000001,2025-Jan-29-19:32:47.830466
0.5423573219619376,16864,25,1,0,1,0,1.9000000000000001,0.0,2025-Jan-29-19:32:47.903964
0.7561122308552579,16865,25,1,0,-1,0,0.0,0.0,2025-Jan-29-19:32:47.961851
0.7185205030005031,16866,25,1,0,0,0,0.0,0.0,2025-Jan-29-19:32:48.005472
0.9848890270480929,16867,25,1,1,1,-1,1.9000000000000001,0.0,2025-Jan-29-19:32:48.090478
0.9471794063316156,16868,25,1,1,0,1,0.0,1.9000000000000001,2025-Jan-29-19:32:48.163168
0.7185205030005031,16869,25,1,0,0,0,0.0,0.0,2025-Jan-29-19:32:48.206350
0.8973579620796409,16870,25,1,1,1,0,1.9000000000000001,0.0,2025-Jan-29-19:32:48.277527
1.161059787788528,16871,25,1,1,0,-1,0.0,0.0,2025-Jan-29-19:32:48.332936
0.7185205030005031,16872,25,1,0,0,0,0.0,0.0,2025-Jan-29-19:32:48.545102
1.1111128709475113,16873,25,1,1,-1,0,0.0,0.0,2025-Jan-29-19:32:48.645855
0.9471794063316156,16874,25,1,1,0,1,0.0,1.9000000000000001,2025-Jan-29-19:32:48.751729
0.8973579620796409,16875,25,1,1,1,0,1.9000000000000001,0.0,2025-Jan-29-19:32:48.832940
0.9471794063316156,16876,25,1,1,0,1,0.0,1.9000000000000001,2025-Jan-29-19:32:48.904964
0.7185205030005031,16877,25,1,0,0,0,0.0,0.0,2025-Jan-29-19:32:48.950450
0.9471794063316156,16878,25,1,1,0,1,0.0,1.9000000000000001,2025-Jan-29-19:32:49.022560
0.7185205030005031,16879,25,1,0,0,0,0.0,0.0,2025-Jan-29-19:32:49.065880
0.7185205030005031,16880,25,1,0,0,0,0.0,0.0,2025-Jan-29-19:32:49.108910
0.7185205030005031,16881,25,1,0,0,0,0.0,0.0,2025-Jan-29-19:32:49.152278
0.7185205030005031,16882,25,1,0,0,0,0.0,0.0,2025-Jan-29-19:32:49.199577
0.7185205030005031,16883,25,1,0,0,0,0.0,0.0,2025-Jan-29-19:32:49.241958
0.7561122308552579,16884,25,1,0,-1,0,0.0,0.0,2025-Jan-29-19:32:49.296947
0.629780506117975,16885,25,1,0,-1,1,0.0,1.9000000000000001,2025-Jan-29-19:32:49.381072
0.9760242519712691,16886,25,1,1,-1,1,0.0,1.9000000000000001,2025-Jan-29-19:32:49.463740
0.7185205030005031,16887,25,1,0,0,0,0.0,0.0,2025-Jan-29-19:32:49.507419
0.7185205030005031,16888,25,1,0,0,0,0.0,0.0,2025-Jan-29-19:32:49.567206
0.7185205030005031,16889,25,1,0,0,0,0.0,0.0,2025-Jan-29-19:32:49.655372
0.5423573219619376,16890,25,1,0,1,0,1.9000000000000001,0.0,2025-Jan-29-19:32:49.768866
1.0735211430969913,16891,25,1,1,0,0,0.0,0.0,2025-Jan-29-19:32:49.815585
0.5921787662199604,16892,25,1,0,0,1,0.0,1.9000000000000001,2025-Jan-29-19:32:49.887249
0.7185205030005031,16893,25,1,0,0,0,0.0,0.0,2025-Jan-29-19:32:49.930255
0.7185205030005031,16894,25,1,0,0,0,0.0,0.0,2025-Jan-29-19:32:49.974189
0.5921787662199604,16895,25,1,0,0,1,0.0,1.9000000000000001,2025-Jan-29-19:32:50.046753
0.7185205030005031,16896,25,1,0,0,0,0.0,0.0,2025-Jan-29-19:32:50.090480
0.7185205030005031,16897,25,1,0,0,0,0.0,0.0,2025-Jan-29-19:32:50.136337
0.7185205030005031,16898,25,1,0,0,0,0.0,0.0,2025-Jan-29-19:32:50.179611
0.7185205030005031,16899,25,1,0,0,0,0.0,0.0,2025-Jan-29-19:32:50.222923
0.7185205030005031,16900,25,1,0,0,0,0.0,0.0,2025-Jan-29-19:32:50.266037
0.8973579620796409,16901,25,1,1,1,0,1.9000000000000001,0.0,2025-Jan-29-19:32:50.337183
0.7185205030005031,16902,25,1,0,0,0,0.0,0.0,2025-Jan-29-19:32:50.379953
0.5423573219619376,16903,25,1,0,1,0,1.9000000000000001,0.0,2025-Jan-29-19:32:50.450949
0.9848890270480929,16904,25,1,1,1,-1,1.9000000000000001,0.0,2025-Jan-29-19:32:50.534851
0.9471794063316156,16905,25,1,1,0,1,0.0,1.9000000000000001,2025-Jan-29-19:32:50.628781
0.8973579620796409,16906,25,1,1,1,0,1.9000000000000001,0.0,2025-Jan-29-19:32:50.745973
0.7185205030005031,16907,25,1,0,0,0,0.0,0.0,2025-Jan-29-19:32:50.793030
0.5921787662199604,16908,25,1,0,0,1,0.0,1.9000000000000001,2025-Jan-29-19:32:50.871411
0.7561122308552579,16909,25,1,0,-1,0,0.0,0.0,2025-Jan-29-19:32:50.935193
0.5423573219619376,16910,25,1,0,1,0,1.9000000000000001,0.0,2025-Jan-29-19:32:51.007317
0.7185205030005031,16911,25,1,0,0,0,0.0,0.0,2025-Jan-29-19:32:51.051157
0.4160201626761834,16912,25,1,0,1,1,1.9000000000000001,1.9000000000000001,2025-Jan-29-19:32:51.147901
0.7561122308552579,16913,25,1,0,-1,0,0.0,0.0,2025-Jan-29-19:32:51.203436
0.5423573219619376,16914,25,1,0,1,0,1.9000000000000001,0.0,2025-Jan-29-19:32:51.275160
0.7561122308552579,16915,25,1,0,-1,0,0.0,0.0,2025-Jan-29-19:32:51.330724
0.8060591477019475,16916,25,1,0,0,-1,0.0,0.0,2025-Jan-29-19:32:51.386535
0.7185205030005031,16917,25,1,0,0,0,0.0,0.0,2025-Jan-29-19:32:51.430462
0.8060591477019475,16918,25,1,0,0,-1,0.0,0.0,2025-Jan-29-19:32:51.486198
1.1111128709475113,16919,25,1,1,-1,0,0.0,0.0,2025-Jan-29-19:32:51.541981
0.4160201626761834,16920,25,1,0,1,1,1.9000000000000001,1.9000000000000001,2025-Jan-29-19:32:51.680765
1.161059787788528,16921,25,1,1,0,-1,0.0,0.0,2025-Jan-29-19:32:51.768386
0.7185205030005031,16922,25,1,0,0,0,0.0,0.0,2025-Jan-29-19:32:51.812731
0.7561122308552579,16923,25,1,0,-1,0,0.0,0.0,2025-Jan-29-19:32:51.871480
0.7185205030005031,16924,25,1,0,0,0,0.0,0.0,2025-Jan-29-19:32:51.916209
0.7561122308552579,16925,25,1,0,-1,0,0.0,0.0,2025-Jan-29-19:32:51.972925
0.7185205030005031,16926,25,1,0,0,0,0.0,0.0,2025-Jan-29-19:32:52.016940
0.7185205030005031,16927,25,1,0,0,0,0.0,0.0,2025-Jan-29-19:32:52.061900
0.7185205030005031,16928,25,1,0,0,0,0.0,0.0,2025-Jan-29-19:32:52.106574
0.5423573219619376,16929,25,1,0,1,0,1.9000000000000001,0.0,2025-Jan-29-19:32:52.179779
0.7185205030005031,16930,25,1,0,0,0,0.0,0.0,2025-Jan-29-19:32:52.223569
0.7710208028095181,16931,25,1,1,1,1,1.9000000000000001,1.9000000000000001,2025-Jan-29-19:32:52.318512
0.7185205030005031,16932,25,1,0,0,0,0.0,0.0,2025-Jan-29-19:32:52.362506
1.0735211430969913,16933,25,1,1,0,0,0.0,0.0,2025-Jan-29-19:32:52.405822
0.5423573219619376,16934,25,1,0,1,0,1.9000000000000001,0.0,2025-Jan-29-19:32:52.477962
0.7185205030005031,16935,25,1,0,0,0,0.0,0.0,2025-Jan-29-19:32:52.521996
0.9760242519712691,16936,25,1,1,-1,1,0.0,1.9000000000000001,2025-Jan-29-19:32:52.629506
0.7185205030005031,16937,25,1,0,0,0,0.0,0.0,2025-Jan-29-19:32:52.695354
1.161059787788528,16938,25,1,1,0,-1,0.0,0.0,2025-Jan-29-19:32:52.772291
0.5423573219619376,16939,25,1,0,1,0,1.9000000000000001,0.0,2025-Jan-29-19:32:52.847481
0.7185205030005031,16940,25,1,0,0,0,0.0,0.0,2025-Jan-29-19:32:52.891836
0.7561122308552579,16941,25,1,0,-1,0,0.0,0.0,2025-Jan-29-19:32:52.948747
0.7185205030005031,16942,25,1,0,0,0,0.0,0.0,2025-Jan-29-19:32:52.992388
0.7185205030005031,16943,25,1,0,0,0,0.0,0.0,2025-Jan-29-19:32:53.035952
0.7185205030005031,16944,25,1,0,0,0,0.0,0.0,2025-Jan-29-19:32:53.265252
0.5423573219619376,16945,25,1,0,1,0,1.9000000000000001,0.0,2025-Jan-29-19:32:53.338463
0.7185205030005031,16946,25,1,0,0,0,0.0,0.0,2025-Jan-29-19:32:53.382505
0.7185205030005031,16947,25,1,0,0,0,0.0,0.0,2025-Jan-29-19:32:53.426452
0.7185205030005031,16948,25,1,0,0,0,0.0,0.0,2025-Jan-29-19:32:53.470954
0.5423573219619376,16949,25,1,0,1,0,1.9000000000000001,0.0,2025-Jan-29-19:32:53.543933
0.7185205030005031,16950,25,1,0,0,0,0.0,0.0,2025-Jan-29-19:32:53.610247
0.7185205030005031,16951,25,1,0,0,0,0.0,0.0,2025-Jan-29-19:32:53.694650
0.4160201626761834,16952,25,1,0,1,1,1.9000000000000001,1.9000000000000001,2025-Jan-29-19:32:53.826439
0.5423573219619376,16953,25,1,0,1,0,1.9000000000000001,0.0,2025-Jan-29-19:32:53.900307
0.7185205030005031,16954,25,1,0,0,0,0.0,0.0,2025-Jan-29-19:32:53.944796
0.7185205030005031,16955,25,1,0,0,0,0.0,0.0,2025-Jan-29-19:32:53.988645
0.8973579620796409,16956,25,1,1,1,0,1.9000000000000001,0.0,2025-Jan-29-19:32:54.060729
0.7185205030005031,16957,25,1,0,0,0,0.0,0.0,2025-Jan-29-19:32:54.104333
0.7185205030005031,16958,25,1,0,0,0,0.0,0.0,2025-Jan-29-19:32:54.147930
0.5423573219619376,16959,25,1,0,1,0,1.9000000000000001,0.0,2025-Jan-29-19:32:54.220782
0.5423573219619376,16960,25,1,0,1,0,1.9000000000000001,0.0,2025-Jan-29-19:32:54.293727
1.0735211430969913,16961,25,1,1,0,0,0.0,0.0,2025-Jan-29-19:32:54.337225
0.6298883869405699,16962,25,1,0,1,-1,1.9000000000000001,0.0,2025-Jan-29-19:32:54.421247
0.7185205030005031,16963,25,1,0,0,0,0.0,0.0,2025-Jan-29-19:32:54.465892
0.7710208028095181,16964,25,1,1,1,1,1.9000000000000001,1.9000000000000001,2025-Jan-29-19:32:54.586289
0.5423573219619376,16965,25,1,0,1,0,1.9000000000000001,0.0,2025-Jan-29-19:32:54.689615
0.7185205030005031,16966,25,1,0,0,0,0.0,0.0,2025-Jan-29-19:32:54.756677
0.629780506117975,16967,25,1,0,-1,1,0.0,1.9000000000000001,2025-Jan-29-19:32:54.842605
0.9471794063316156,16968,25,1,1,0,1,0.0,1.9000000000000001,2025-Jan-29-19:32:54.914059
0.7185205030005031,16969,25,1,0,0,0,0.0,0.0,2025-Jan-29-19:32:54.957383
0.4160201626761834,16970,25,1,0,1,1,1.9000000000000001,1.9000000000000001,2025-Jan-29-19:32:55.052949
1.161059787788528,16971,25,1,1,0,-1,0.0,0.0,2025-Jan-29-19:32:55.109877
0.7185205030005031,16972,25,1,0,0,0,0.0,0.0,2025-Jan-29-19:32:55.153605
0.7561122308552579,16973,25,1,0,-1,0,0.0,0.0,2025-Jan-29-19:32:55.209094
0.7185205030005031,16974,25,1,0,0,0,0.0,0.0,2025-Jan-29-19:32:55.252277
0.7185205030005031,16975,25,1,0,0,0,0.0,0.0,2025-Jan-29-19:32:55.295702
0.7185205030005031,16976,25,1,0,0,0,0.0,0.0,2025-Jan-29-19:32:55.338591
0.7185205030005031,16977,25,1,0,0,0,0.0,0.0,2025-Jan-29-19:32:55.382090
0.7185205030005031,16978,25,1,0,0,0,0.0,0.0,2025-Jan-29-19:32:55.425666
0.7561122308552579,16979,25,1,0,-1,0,0.0,0.0,2025-Jan-29-19:32:55.483055
0.7185205030005031,16980,25,1,0,0,0,0.0,0.0,2025-Jan-29-19:32:55.527727
0.7185205030005031,16981,25,1,0,0,0,0.0,0.0,2025-Jan-29-19:32:55.593556
0.7185205030005031,16982,25,1,0,0,0,0.0,0.0,2025-Jan-29-19:32:55.659820
0.7185205030005031,16983,25,1,0,0,0,0.0,0.0,2025-Jan-29-19:32:55.736594
0.7185205030005031,16984,25,1,0,0,0,0.0,0.0,2025-Jan-29-19:32:55.804936
0.7185205030005031,16985,25,1,0,0,0,0.0,0.0,2025-Jan-29-19:32:55.848222
0.7185205030005031,16986,25,1,0,0,0,0.0,0.0,2025-Jan-29-19:32:55.891758
0.7185205030005031,16987,25,1,0,0,0,0.0,0.0,2025-Jan-29-19:32:55.938064
0.7185205030005031,16988,25,1,0,0,0,0.0,0.0,2025-Jan-29-19:32:55.982534
0.7185205030005031,16989,25,1,0,0,0,0.0,0.0,2025-Jan-29-19:32:56.026362
0.5423573219619376,16990,25,1,0,1,0,1.9000000000000001,0.0,2025-Jan-29-19:32:56.107365
0.7561122308552579,16991,25,1,0,-1,0,0.0,0.0,2025-Jan-29-19:32:56.163262
0.5921787662199604,16992,25,1,0,0,1,0.0,1.9000000000000001,2025-Jan-29-19:32:56.237310
0.7185205030005031,16993,25,1,0,0,0,0.0,0.0,2025-Jan-29-19:32:56.283515
0.7185205030005031,16994,25,1,0,0,0,0.0,0.0,2025-Jan-29-19:32:56.331677
0.5423573219619376,16995,25,1,0,1,0,1.9000000000000001,0.0,2025-Jan-29-19:32:56.406193
0.7185205030005031,16996,25,1,0,0,0,0.0,0.0,2025-Jan-29-19:32:56.452338
1.0735211430969913,16997,25,1,1,0,0,0.0,0.0,2025-Jan-29-19:32:56.499509
0.7185205030005031,16998,25,1,0,0,0,0.0,0.0,2025-Jan-29-19:32:56.545709
0.5423573219619376,16999,25,1,0,1,0,1.9000000000000001,0.0,2025-Jan-29-19:32:56.672742
0.7185205030005031,17000,25,1,0,0,0,0.0,0.0,2025-Jan-29-19:32:56.751435
0.7185205030005031,17001,25,1,0,0,0,0.0,0.0,2025-Jan-29-19:32:56.818993
0.7561122308552579,17002,25,1,0,-1,0,0.0,0.0,2025-Jan-29-19:32:56.879874
0.5423573219619376,17003,25,1,0,1,0,1.9000000000000001,0.0,2025-Jan-29-19:32:56.956577
0.7185205030005031,17004,25,1,0,0,0,0.0,0.0,2025-Jan-29-19:32:57.003906
0.629780506117975,17005,25,1,0,-1,1,0.0,1.9000000000000001,2025-Jan-29-19:32:57.094131
0.7710208028095181,17006,25,1,1,1,1,1.9000000000000001,1.9000000000000001,2025-Jan-29-19:32:57.192520
0.7185205030005031,17007,25,1,0,0,0,0.0,0.0,2025-Jan-29-19:32:57.238784
0.7185205030005031,17008,25,1,0,0,0,0.0,0.0,2025-Jan-29-19:32:57.284735
0.5423573219619376,17009,25,1,0,1,0,1.9000000000000001,0.0,2025-Jan-29-19:32:57.360299
0.7185205030005031,17010,25,1,0,0,0,0.0,0.0,2025-Jan-29-19:32:57.405549
0.7185205030005031,17011,25,1,0,0,0,0.0,0.0,2025-Jan-29-19:32:57.450733
0.4160201626761834,17012,25,1,0,1,1,1.9000000000000001,1.9000000000000001,2025-Jan-29-19:32:57.552475
0.7185205030005031,17013,25,1,0,0,0,0.0,0.0,2025-Jan-29-19:32:57.635932
0.5423573219619376,17014,25,1,0,1,0,1.9000000000000001,0.0,2025-Jan-29-19:32:57.764305
0.5423573219619376,17015,25,1,0,1,0,1.9000000000000001,0.0,2025-Jan-29-19:32:57.868447
0.7185205030005031,17016,25,1,0,0,0,0.0,0.0,2025-Jan-29-19:32:57.917242
1.0735211430969913,17017,25,1,1,0,0,0.0,0.0,2025-Jan-29-19:32:57.963645
0.7185205030005031,17018,25,1,0,0,0,0.0,0.0,2025-Jan-29-19:32:58.010248
0.7185205030005031,17019,25,1,0,0,0,0.0,0.0,2025-Jan-29-19:32:58.321032
0.4160201626761834,17020,25,1,0,1,1,1.9000000000000001,1.9000000000000001,2025-Jan-29-19:32:58.422875
0.7185205030005031,17021,25,1,0,0,0,0.0,0.0,2025-Jan-29-19:32:58.469904
0.7185205030005031,17022,25,1,0,0,0,0.0,0.0,2025-Jan-29-19:32:58.515719
1.1111128709475113,17023,25,1,1,-1,0,0.0,0.0,2025-Jan-29-19:32:58.607868
0.7185205030005031,17024,25,1,0,0,0,0.0,0.0,2025-Jan-29-19:32:58.701802
0.7185205030005031,17025,25,1,0,0,0,0.0,0.0,2025-Jan-29-19:32:58.788207
0.7185205030005031,17026,25,1,0,0,0,0.0,0.0,2025-Jan-29-19:32:58.846549
0.7185205030005031,17027,25,1,0,0,0,0.0,0.0,2025-Jan-29-19:32:58.893427
0.7185205030005031,17028,25,1,0,0,0,0.0,0.0,2025-Jan-29-19:32:58.939023
0.5423573219619376,17029,25,1,0,1,0,1.9000000000000001,0.0,2025-Jan-29-19:32:59.013787
0.7185205030005031,17030,25,1,0,0,0,0.0,0.0,2025-Jan-29-19:32:59.060060
0.7185205030005031,17031,25,1,0,0,0,0.0,0.0,2025-Jan-29-19:32:59.105123
0.7185205030005031,17032,25,1,0,0,0,0.0,0.0,2025-Jan-29-19:32:59.151568
0.7185205030005031,17033,25,1,0,0,0,0.0,0.0,2025-Jan-29-19:32:59.198183
0.5423573219619376,17034,25,1,0,1,0,1.9000000000000001,0.0,2025-Jan-29-19:32:59.274265
0.629780506117975,17035,25,1,0,-1,1,0.0,1.9000000000000001,2025-Jan-29-19:32:59.363383
0.7185205030005031,17036,25,1,0,0,0,0.0,0.0,2025-Jan-29-19:32:59.409685
0.7185205030005031,17037,25,1,0,0,0,0.0,0.0,2025-Jan-29-19:32:59.455333
0.7185205030005031,17038,25,1,0,0,0,0.0,0.0,2025-Jan-29-19:32:59.501499
0.7185205030005031,17039,25,1,0,0,0,0.0,0.0,2025-Jan-29-19:32:59.547610
0.5423573219619376,17040,25,1,0,1,0,1.9000000000000001,0.0,2025-Jan-29-19:32:59.678950
0.5423573219619376,17041,25,1,0,1,0,1.9000000000000001,0.0,2025-Jan-29-19:32:59.796447
0.7185205030005031,17042,25,1,0,0,0,0.0,0.0,2025-Jan-29-19:32:59.849844
0.7185205030005031,17043,25,1,0,0,0,0.0,0.0,2025-Jan-29-19:32:59.898012
0.7185205030005031,17044,25,1,0,0,0,0.0,0.0,2025-Jan-29-19:32:59.947410
0.5423573219619376,17045,25,1,0,1,0,1.9000000000000001,0.0,2025-Jan-29-19:33:00.023321
0.7185205030005031,17046,25,1,0,0,0,0.0,0.0,2025-Jan-29-19:33:00.070441
0.7185205030005031,17047,25,1,0,0,0,0.0,0.0,2025-Jan-29-19:33:00.116552
0.7185205030005031,17048,25,1,0,0,0,0.0,0.0,2025-Jan-29-19:33:00.162693
0.5423573219619376,17049,25,1,0,1,0,1.9000000000000001,0.0,2025-Jan-29-19:33:00.237988
0.7185205030005031,17050,25,1,0,0,0,0.0,0.0,2025-Jan-29-19:33:00.284208
0.7185205030005031,17051,25,1,0,0,0,0.0,0.0,2025-Jan-29-19:33:00.329793
0.4160201626761834,17052,25,1,0,1,1,1.9000000000000001,1.9000000000000001,2025-Jan-29-19:33:00.424352
0.5423573219619376,17053,25,1,0,1,0,1.9000000000000001,0.0,2025-Jan-29-19:33:00.496373
0.7185205030005031,17054,25,1,0,0,0,0.0,0.0,2025-Jan-29-19:33:00.540229
0.629780506117975,17055,25,1,0,-1,1,0.0,1.9000000000000001,2025-Jan-29-19:33:00.663103
0.7710208028095181,17056,25,1,1,1,1,1.9000000000000001,1.9000000000000001,2025-Jan-29-19:33:00.791086
0.7185205030005031,17057,25,1,0,0,0,0.0,0.0,2025-Jan-29-19:33:00.837647
0.5921787662199604,17058,25,1,0,0,1,0.0,1.9000000000000001,2025-Jan-29-19:33:00.911914
0.5423573219619376,17059,25,1,0,1,0,1.9000000000000001,0.0,2025-Jan-29-19:33:00.985312
0.5423573219619376,17060,25,1,0,1,0,1.9000000000000001,0.0,2025-Jan-29-19:33:01.060025
0.5423573219619376,17061,25,1,0,1,0,1.9000000000000001,0.0,2025-Jan-29-19:33:01.134078
0.4160201626761834,17062,25,1,0,1,1,1.9000000000000001,1.9000000000000001,2025-Jan-29-19:33:01.228880
0.7185205030005031,17063,25,1,0,0,0,0.0,0.0,2025-Jan-29-19:33:01.277683
0.5423573219619376,17064,25,1,0,1,0,1.9000000000000001,0.0,2025-Jan-29-19:33:01.362913
0.5423573219619376,17065,25,1,0,1,0,1.9000000000000001,0.0,2025-Jan-29-19:33:01.447356
0.7185205030005031,17066,25,1,0,0,0,0.0,0.0,2025-Jan-29-19:33:01.498097
0.629780506117975,17067,25,1,0,-1,1,0.0,1.9000000000000001,2025-Jan-29-19:33:01.620014
0.7185205030005031,17068,25,1,0,0,0,0.0,0.0,2025-Jan-29-19:33:01.689990
0.7185205030005031,17069,25,1,0,0,0,0.0,0.0,2025-Jan-29-19:33:01.774480
0.4160201626761834,17070,25,1,0,1,1,1.9000000000000001,1.9000000000000001,2025-Jan-29-19:33:01.891804
0.7185205030005031,17071,25,1,0,0,0,0.0,0.0,2025-Jan-29-19:33:01.936918
0.7185205030005031,17072,25,1,0,0,0,0.0,0.0,2025-Jan-29-19:33:01.980542
0.7561122308552579,17073,25,1,0,-1,0,0.0,0.0,2025-Jan-29-19:33:02.036311
0.7185205030005031,17074,25,1,0,0,0,0.0,0.0,2025-Jan-29-19:33:02.082235
0.7185205030005031,17075,25,1,0,0,0,0.0,0.0,2025-Jan-29-19:33:02.133488
0.7185205030005031,17076,25,1,0,0,0,0.0,0.0,2025-Jan-29-19:33:02.184450
0.7185205030005031,17077,25,1,0,0,0,0.0,0.0,2025-Jan-29-19:33:02.228207
0.7185205030005031,17078,25,1,0,0,0,0.0,0.0,2025-Jan-29-19:33:02.272539
0.5423573219619376,17079,25,1,0,1,0,1.9000000000000001,0.0,2025-Jan-29-19:33:02.344434
0.7185205030005031,17080,25,1,0,0,0,0.0,0.0,2025-Jan-29-19:33:02.387836
0.7185205030005031,17081,25,1,0,0,0,0.0,0.0,2025-Jan-29-19:33:02.633266
0.7185205030005031,17082,25,1,0,0,0,0.0,0.0,2025-Jan-29-19:33:02.694459
0.7185205030005031,17083,25,1,0,0,0,0.0,0.0,2025-Jan-29-19:33:02.770001
0.5423573219619376,17084,25,1,0,1,0,1.9000000000000001,0.0,2025-Jan-29-19:33:02.861006
0.629780506117975,17085,25,1,0,-1,1,0.0,1.9000000000000001,2025-Jan-29-19:33:02.944745
0.7185205030005031,17086,25,1,0,0,0,0.0,0.0,2025-Jan-29-19:33:02.988460
0.629780506117975,17087,25,1,0,-1,1,0.0,1.9000000000000001,2025-Jan-29-19:33:03.072346
0.7185205030005031,17088,25,1,0,0,0,0.0,0.0,2025-Jan-29-19:33:03.116195
0.5423573219619376,17089,25,1,0,1,0,1.9000000000000001,0.0,2025-Jan-29-19:33:03.188247
0.5423573219619376,17090,25,1,0,1,0,1.9000000000000001,0.0,2025-Jan-29-19:33:03.260388
0.5423573219619376,17091,25,1,0,1,0,1.9000000000000001,0.0,2025-Jan-29-19:33:03.332330
0.5921787662199604,17092,25,1,0,0,1,0.0,1.9000000000000001,2025-Jan-29-19:33:03.404426
0.7185205030005031,17093,25,1,0,0,0,0.0,0.0,2025-Jan-29-19:33:03.447637
