Cost,Sim,Switch_State_Indx,Gen1_on,Gen2_on,Batt1_mode,Batt2_mode,Batt1_power_kW,Batt2_power_kW,Timestamp
0.9471794063316156,0,25,1,1,0,1,0.0,1.9000000000000001,2025-Jan-29-19:12:07.584609
0.6298883869405699,1,25,1,0,1,-1,1.9000000000000001,0.0,2025-Jan-29-19:12:07.732786
0.9471794063316156,2,25,1,1,0,1,0.0,1.9000000000000001,2025-Jan-29-19:12:07.806330
0.5921787662199604,3,25,1,0,0,1,0.0,1.9000000000000001,2025-Jan-29-19:12:07.881792
0.5423573219619376,4,25,1,0,1,0,1.9000000000000001,0.0,2025-Jan-29-19:12:07.956584
0.8060591477019475,5,25,1,0,0,-1,0.0,0.0,2025-Jan-29-19:12:08.012549
1.161059787788528,6,25,1,1,0,-1,0.0,0.0,2025-Jan-29-19:12:08.072538
1.0735211430969913,7,25,1,1,0,0,0.0,0.0,2025-Jan-29-19:12:08.117730
1.0735211430969913,8,25,1,1,0,0,0.0,0.0,2025-Jan-29-19:12:08.161893
0.9760242519712691,9,25,1,1,-1,1,0.0,1.9000000000000001,2025-Jan-29-19:12:08.388897
1.1111128709475113,10,25,1,1,-1,0,0.0,0.0,2025-Jan-29-19:12:08.449320
1.0735211430969913,11,25,1,1,0,0,0.0,0.0,2025-Jan-29-19:12:08.495519
0.6298883869405699,12,25,1,0,1,-1,1.9000000000000001,0.0,2025-Jan-29-19:12:08.605747
0.9760242519712691,13,25,1,1,-1,1,0.0,1.9000000000000001,2025-Jan-29-19:12:08.759200
0.8060591477019475,14,25,1,0,0,-1,0.0,0.0,2025-Jan-29-19:12:08.844711
0.7561122308552579,15,25,1,0,-1,0,0.0,0.0,2025-Jan-29-19:12:08.901129
1.1111128709475113,16,25,1,1,-1,0,0.0,0.0,2025-Jan-29-19:12:08.957025
0.7561122308552579,17,25,1,0,-1,0,0.0,0.0,2025-Jan-29-19:12:09.012961
0.9760242519712691,18,25,1,1,-1,1,0.0,1.9000000000000001,2025-Jan-29-19:12:09.097880
0.7185205030005031,19,25,1,0,0,0,0.0,0.0,2025-Jan-29-19:12:09.141122
0.9471794063316156,20,25,1,1,0,1,0.0,1.9000000000000001,2025-Jan-29-19:12:09.216041
0.8060591477019475,21,25,1,0,0,-1,0.0,0.0,2025-Jan-29-19:12:09.274863
0.8060591477019475,22,25,1,0,0,-1,0.0,0.0,2025-Jan-29-19:12:09.333832
0.7185205030005031,23,25,1,0,0,0,0.0,0.0,2025-Jan-29-19:12:09.380336
1.161059787788528,24,25,1,1,0,-1,0.0,0.0,2025-Jan-29-19:12:09.438616
0.5423573219619376,25,25,1,0,1,0,1.9000000000000001,0.0,2025-Jan-29-19:12:09.514704
1.161059787788528,26,25,1,1,0,-1,0.0,0.0,2025-Jan-29-19:12:09.623669
0.7185205030005031,27,25,1,0,0,0,0.0,0.0,2025-Jan-29-19:12:09.705967
0.7185205030005031,28,25,1,0,0,0,0.0,0.0,2025-Jan-29-19:12:09.786836
0.4160201626761834,29,25,1,0,1,1,1.9000000000000001,1.9000000000000001,2025-Jan-29-19:12:09.888619
0.5423573219619376,30,25,1,0,1,0,1.9000000000000001,0.0,2025-Jan-29-19:12:09.963900
0.7185205030005031,31,25,1,0,0,0,0.0,0.0,2025-Jan-29-19:12:10.007932
1.1111128709475113,32,25,1,1,-1,0,0.0,0.0,2025-Jan-29-19:12:10.065446
0.9760242519712691,33,25,1,1,-1,1,0.0,1.9000000000000001,2025-Jan-29-19:12:10.150292
0.9471794063316156,34,25,1,1,0,1,0.0,1.9000000000000001,2025-Jan-29-19:12:10.224046
0.9848890270480929,35,25,1,1,1,-1,1.9000000000000001,0.0,2025-Jan-29-19:12:10.310854
0.7185205030005031,36,25,1,0,0,0,0.0,0.0,2025-Jan-29-19:12:10.359542
0.7561122308552579,37,25,1,0,-1,0,0.0,0.0,2025-Jan-29-19:12:10.420669
0.7185205030005031,38,25,1,0,0,0,0.0,0.0,2025-Jan-29-19:12:10.464462
0.5921787662199604,39,25,1,0,0,1,0.0,1.9000000000000001,2025-Jan-29-19:12:10.538147
0.5921787662199604,40,25,1,0,0,1,0.0,1.9000000000000001,2025-Jan-29-19:12:10.628916
0.7185205030005031,41,25,1,0,0,0,0.0,0.0,2025-Jan-29-19:12:10.712747
1.161059787788528,42,25,1,1,0,-1,0.0,0.0,2025-Jan-29-19:12:10.799422
0.7185205030005031,43,25,1,0,0,0,0.0,0.0,2025-Jan-29-19:12:10.845165
0.9760242519712691,44,25,1,1,-1,1,0.0,1.9000000000000001,2025-Jan-29-19:12:10.935039
1.1111128709475113,45,25,1,1,-1,0,0.0,0.0,2025-Jan-29-19:12:10.994242
0.8060591477019475,46,25,1,0,0,-1,0.0,0.0,2025-Jan-29-19:12:11.051486
0.7561122308552579,47,25,1,0,-1,0,0.0,0.0,2025-Jan-29-19:12:11.108246
0.7185205030005031,48,25,1,0,0,0,0.0,0.0,2025-Jan-29-19:12:11.152099
0.5423573219619376,49,25,1,0,1,0,1.9000000000000001,0.0,2025-Jan-29-19:12:11.225482
0.4160201626761834,50,25,1,0,1,1,1.9000000000000001,1.9000000000000001,2025-Jan-29-19:12:11.322346
1.161059787788528,51,25,1,1,0,-1,0.0,0.0,2025-Jan-29-19:12:11.379020
1.0735211430969913,52,25,1,1,0,0,0.0,0.0,2025-Jan-29-19:12:11.422577
0.5423573219619376,53,25,1,0,1,0,1.9000000000000001,0.0,2025-Jan-29-19:12:11.639913
1.1111128709475113,54,25,1,1,-1,0,0.0,0.0,2025-Jan-29-19:12:11.748730
0.5921787662199604,55,25,1,0,0,1,0.0,1.9000000000000001,2025-Jan-29-19:12:11.861081
0.9471794063316156,56,25,1,1,0,1,0.0,1.9000000000000001,2025-Jan-29-19:12:11.936173
0.5921787662199604,57,25,1,0,0,1,0.0,1.9000000000000001,2025-Jan-29-19:12:12.010314
0.5423573219619376,58,25,1,0,1,0,1.9000000000000001,0.0,2025-Jan-29-19:12:12.084917
0.7561122308552579,59,25,1,0,-1,0,0.0,0.0,2025-Jan-29-19:12:12.142272
1.0735211430969913,60,25,1,1,0,0,0.0,0.0,2025-Jan-29-19:12:12.187284
1.0735211430969913,61,25,1,1,0,0,0.0,0.0,2025-Jan-29-19:12:12.231357
0.7561122308552579,62,25,1,0,-1,0,0.0,0.0,2025-Jan-29-19:12:12.288597
0.9471794063316156,63,25,1,1,0,1,0.0,1.9000000000000001,2025-Jan-29-19:12:12.361962
0.7185205030005031,64,25,1,0,0,0,0.0,0.0,2025-Jan-29-19:12:12.406523
0.5423573219619376,65,25,1,0,1,0,1.9000000000000001,0.0,2025-Jan-29-19:12:12.480107
0.9471794063316156,66,25,1,1,0,1,0.0,1.9000000000000001,2025-Jan-29-19:12:12.569740
0.7185205030005031,67,25,1,0,0,0,0.0,0.0,2025-Jan-29-19:12:12.647382
1.1986569067802102,68,25,1,1,-1,-1,0.0,0.0,2025-Jan-29-19:12:12.764372
0.7185205030005031,69,25,1,0,0,0,0.0,0.0,2025-Jan-29-19:12:12.831278
0.7185205030005031,70,25,1,0,0,0,0.0,0.0,2025-Jan-29-19:12:12.876130
0.9760242519712691,71,25,1,1,-1,1,0.0,1.9000000000000001,2025-Jan-29-19:12:12.962637
0.5921787662199604,72,25,1,0,0,1,0.0,1.9000000000000001,2025-Jan-29-19:12:13.036435
0.5423573219619376,73,25,1,0,1,0,1.9000000000000001,0.0,2025-Jan-29-19:12:13.111755
1.161059787788528,74,25,1,1,0,-1,0.0,0.0,2025-Jan-29-19:12:13.168771
0.7185205030005031,75,25,1,0,0,0,0.0,0.0,2025-Jan-29-19:12:13.213425
0.7185205030005031,76,25,1,0,0,0,0.0,0.0,2025-Jan-29-19:12:13.257549
0.5921787662199604,77,25,1,0,0,1,0.0,1.9000000000000001,2025-Jan-29-19:12:13.330621
0.8060591477019475,78,25,1,0,0,-1,0.0,0.0,2025-Jan-29-19:12:13.387856
0.4160201626761834,79,25,1,0,1,1,1.9000000000000001,1.9000000000000001,2025-Jan-29-19:12:13.485462
0.7561122308552579,80,25,1,0,-1,0,0.0,0.0,2025-Jan-29-19:12:13.544801
0.7185205030005031,81,25,1,0,0,0,0.0,0.0,2025-Jan-29-19:12:13.633280
0.8060591477019475,82,25,1,0,0,-1,0.0,0.0,2025-Jan-29-19:12:13.729267
0.8973579620796409,83,25,1,1,1,0,1.9000000000000001,0.0,2025-Jan-29-19:12:13.857277
1.0735211430969913,84,25,1,1,0,0,0.0,0.0,2025-Jan-29-19:12:13.904585
0.9760242519712691,85,25,1,1,-1,1,0.0,1.9000000000000001,2025-Jan-29-19:12:13.991594
0.7185205030005031,86,25,1,0,0,0,0.0,0.0,2025-Jan-29-19:12:14.036675
1.1111128709475113,87,25,1,1,-1,0,0.0,0.0,2025-Jan-29-19:12:14.095326
1.0735211430969913,88,25,1,1,0,0,0.0,0.0,2025-Jan-29-19:12:14.140067
0.8060591477019475,89,25,1,0,0,-1,0.0,0.0,2025-Jan-29-19:12:14.197327
0.8060591477019475,90,25,1,0,0,-1,0.0,0.0,2025-Jan-29-19:12:14.254855
0.8060591477019475,91,25,1,0,0,-1,0.0,0.0,2025-Jan-29-19:12:14.311756
0.7561122308552579,92,25,1,0,-1,0,0.0,0.0,2025-Jan-29-19:12:14.369589
0.7185205030005031,93,25,1,0,0,0,0.0,0.0,2025-Jan-29-19:12:14.415241
1.161059787788528,94,25,1,1,0,-1,0.0,0.0,2025-Jan-29-19:12:14.472826
0.7185205030005031,95,25,1,0,0,0,0.0,0.0,2025-Jan-29-19:12:14.518159
0.7185205030005031,96,25,1,0,0,0,0.0,0.0,2025-Jan-29-19:12:14.595019
0.7561122308552579,97,25,1,0,-1,0,0.0,0.0,2025-Jan-29-19:12:14.702281
0.7185205030005031,98,25,1,0,0,0,0.0,0.0,2025-Jan-29-19:12:14.786099
0.7185205030005031,99,25,1,0,0,0,0.0,0.0,2025-Jan-29-19:12:14.836558
0.4160201626761834,100,25,1,0,1,1,1.9000000000000001,1.9000000000000001,2025-Jan-29-19:12:14.932671
0.8060591477019475,101,25,1,0,0,-1,0.0,0.0,2025-Jan-29-19:12:14.990772
1.0735211430969913,102,25,1,1,0,0,0.0,0.0,2025-Jan-29-19:12:15.034315
0.8973579620796409,103,25,1,1,1,0,1.9000000000000001,0.0,2025-Jan-29-19:12:15.106593
0.7561122308552579,104,25,1,0,-1,0,0.0,0.0,2025-Jan-29-19:12:15.277019
0.4160201626761834,105,25,1,0,1,1,1.9000000000000001,1.9000000000000001,2025-Jan-29-19:12:15.374311
0.7710208028095181,106,25,1,1,1,1,1.9000000000000001,1.9000000000000001,2025-Jan-29-19:12:15.470998
0.629780506117975,107,25,1,0,-1,1,0.0,1.9000000000000001,2025-Jan-29-19:12:15.576188
0.7561122308552579,108,25,1,0,-1,0,0.0,0.0,2025-Jan-29-19:12:15.669827
0.7561122308552579,109,25,1,0,-1,0,0.0,0.0,2025-Jan-29-19:12:15.768052
1.0735211430969913,110,25,1,1,0,0,0.0,0.0,2025-Jan-29-19:12:15.843277
0.7185205030005031,111,25,1,0,0,0,0.0,0.0,2025-Jan-29-19:12:15.888792
0.7561122308552579,112,25,1,0,-1,0,0.0,0.0,2025-Jan-29-19:12:15.945468
0.5921787662199604,113,25,1,0,0,1,0.0,1.9000000000000001,2025-Jan-29-19:12:16.019581
0.7561122308552579,114,25,1,0,-1,0,0.0,0.0,2025-Jan-29-19:12:16.086862
0.5423573219619376,115,25,1,0,1,0,1.9000000000000001,0.0,2025-Jan-29-19:12:16.162715
0.8060591477019475,116,25,1,0,0,-1,0.0,0.0,2025-Jan-29-19:12:16.219981
0.7185205030005031,117,25,1,0,0,0,0.0,0.0,2025-Jan-29-19:12:16.265929
0.6298883869405699,118,25,1,0,1,-1,1.9000000000000001,0.0,2025-Jan-29-19:12:16.352254
0.7185205030005031,119,25,1,0,0,0,0.0,0.0,2025-Jan-29-19:12:16.397305
0.7185205030005031,120,25,1,0,0,0,0.0,0.0,2025-Jan-29-19:12:16.442314
0.8060591477019475,121,25,1,0,0,-1,0.0,0.0,2025-Jan-29-19:12:16.498735
0.629780506117975,122,25,1,0,-1,1,0.0,1.9000000000000001,2025-Jan-29-19:12:16.615981
0.5423573219619376,123,25,1,0,1,0,1.9000000000000001,0.0,2025-Jan-29-19:12:16.739597
1.161059787788528,124,25,1,1,0,-1,0.0,0.0,2025-Jan-29-19:12:16.819690
0.7185205030005031,125,25,1,0,0,0,0.0,0.0,2025-Jan-29-19:12:16.866573
0.7185205030005031,126,25,1,0,0,0,0.0,0.0,2025-Jan-29-19:12:16.911661
1.161059787788528,127,25,1,1,0,-1,0.0,0.0,2025-Jan-29-19:12:16.968869
0.5921787662199604,128,25,1,0,0,1,0.0,1.9000000000000001,2025-Jan-29-19:12:17.042932
0.4160201626761834,129,25,1,0,1,1,1.9000000000000001,1.9000000000000001,2025-Jan-29-19:12:17.140579
0.7561122308552579,130,25,1,0,-1,0,0.0,0.0,2025-Jan-29-19:12:17.198558
0.7185205030005031,131,25,1,0,0,0,0.0,0.0,2025-Jan-29-19:12:17.243872
0.8060591477019475,132,25,1,0,0,-1,0.0,0.0,2025-Jan-29-19:12:17.301310
0.7561122308552579,133,25,1,0,-1,0,0.0,0.0,2025-Jan-29-19:12:17.357805
0.7561122308552579,134,25,1,0,-1,0,0.0,0.0,2025-Jan-29-19:12:17.414784
0.9760242519712691,135,25,1,1,-1,1,0.0,1.9000000000000001,2025-Jan-29-19:12:17.500103
0.7185205030005031,136,25,1,0,0,0,0.0,0.0,2025-Jan-29-19:12:17.544508
0.6298883869405699,137,25,1,0,1,-1,1.9000000000000001,0.0,2025-Jan-29-19:12:17.673062
0.7185205030005031,138,25,1,0,0,0,0.0,0.0,2025-Jan-29-19:12:17.760566
0.8060591477019475,139,25,1,0,0,-1,0.0,0.0,2025-Jan-29-19:12:17.839346
0.8060591477019475,140,25,1,0,0,-1,0.0,0.0,2025-Jan-29-19:12:17.897670
0.8436562666978078,141,25,1,0,-1,-1,0.0,0.0,2025-Jan-29-19:12:17.967345
0.7561122308552579,142,25,1,0,-1,0,0.0,0.0,2025-Jan-29-19:12:18.024144
0.7185205030005031,143,25,1,0,0,0,0.0,0.0,2025-Jan-29-19:12:18.068697
0.8060591477019475,144,25,1,0,0,-1,0.0,0.0,2025-Jan-29-19:12:18.125702
0.8060591477019475,145,25,1,0,0,-1,0.0,0.0,2025-Jan-29-19:12:18.182166
0.7185205030005031,146,25,1,0,0,0,0.0,0.0,2025-Jan-29-19:12:18.226292
1.1111128709475113,147,25,1,1,-1,0,0.0,0.0,2025-Jan-29-19:12:18.282984
0.7185205030005031,148,25,1,0,0,0,0.0,0.0,2025-Jan-29-19:12:18.327540
0.7185205030005031,149,25,1,0,0,0,0.0,0.0,2025-Jan-29-19:12:18.370950
0.4160201626761834,150,25,1,0,1,1,1.9000000000000001,1.9000000000000001,2025-Jan-29-19:12:18.621056
1.161059787788528,151,25,1,1,0,-1,0.0,0.0,2025-Jan-29-19:12:18.721854
0.7185205030005031,152,25,1,0,0,0,0.0,0.0,2025-Jan-29-19:12:18.804940
0.8973579620796409,153,25,1,1,1,0,1.9000000000000001,0.0,2025-Jan-29-19:12:18.880179
1.1111128709475113,154,25,1,1,-1,0,0.0,0.0,2025-Jan-29-19:12:18.939332
0.5423573219619376,155,25,1,0,1,0,1.9000000000000001,0.0,2025-Jan-29-19:12:19.013624
0.6298883869405699,156,25,1,0,1,-1,1.9000000000000001,0.0,2025-Jan-29-19:12:19.100690
0.9760242519712691,157,25,1,1,-1,1,0.0,1.9000000000000001,2025-Jan-29-19:12:19.187818
0.9760242519712691,158,25,1,1,-1,1,0.0,1.9000000000000001,2025-Jan-29-19:12:19.274529
1.1111128709475113,159,25,1,1,-1,0,0.0,0.0,2025-Jan-29-19:12:19.331280
1.0735211430969913,160,25,1,1,0,0,0.0,0.0,2025-Jan-29-19:12:19.376265
0.5921787662199604,161,25,1,0,0,1,0.0,1.9000000000000001,2025-Jan-29-19:12:19.450556
0.7561122308552579,162,25,1,0,-1,0,0.0,0.0,2025-Jan-29-19:12:19.514189
0.9471794063316156,163,25,1,1,0,1,0.0,1.9000000000000001,2025-Jan-29-19:12:19.626785
0.8973579620796409,164,25,1,1,1,0,1.9000000000000001,0.0,2025-Jan-29-19:12:19.739628
0.5423573219619376,165,25,1,0,1,0,1.9000000000000001,0.0,2025-Jan-29-19:12:19.848915
0.8060591477019475,166,25,1,0,0,-1,0.0,0.0,2025-Jan-29-19:12:19.907288
0.7185205030005031,167,25,1,0,0,0,0.0,0.0,2025-Jan-29-19:12:19.952051
0.6298883869405699,168,25,1,0,1,-1,1.9000000000000001,0.0,2025-Jan-29-19:12:20.038460
0.5921787662199604,169,25,1,0,0,1,0.0,1.9000000000000001,2025-Jan-29-19:12:20.112126
1.0735211430969913,170,25,1,1,0,0,0.0,0.0,2025-Jan-29-19:12:20.157259
1.161059787788528,171,25,1,1,0,-1,0.0,0.0,2025-Jan-29-19:12:20.214755
0.629780506117975,172,25,1,0,-1,1,0.0,1.9000000000000001,2025-Jan-29-19:12:20.301325
0.6298883869405699,173,25,1,0,1,-1,1.9000000000000001,0.0,2025-Jan-29-19:12:20.388762
1.161059787788528,174,25,1,1,0,-1,0.0,0.0,2025-Jan-29-19:12:20.446255
0.7185205030005031,175,25,1,0,0,0,0.0,0.0,2025-Jan-29-19:12:20.490590
0.7185205030005031,176,25,1,0,0,0,0.0,0.0,2025-Jan-29-19:12:20.535317
0.629780506117975,177,25,1,0,-1,1,0.0,1.9000000000000001,2025-Jan-29-19:12:20.645683
0.5921787662199604,178,25,1,0,0,1,0.0,1.9000000000000001,2025-Jan-29-19:12:20.757640
0.4160201626761834,179,25,1,0,1,1,1.9000000000000001,1.9000000000000001,2025-Jan-29-19:12:20.873077
0.7561122308552579,180,25,1,0,-1,0,0.0,0.0,2025-Jan-29-19:12:20.930618
0.7185205030005031,181,25,1,0,0,0,0.0,0.0,2025-Jan-29-19:12:20.976065
0.8060591477019475,182,25,1,0,0,-1,0.0,0.0,2025-Jan-29-19:12:21.033940
1.1111128709475113,183,25,1,1,-1,0,0.0,0.0,2025-Jan-29-19:12:21.091400
0.7185205030005031,184,25,1,0,0,0,0.0,0.0,2025-Jan-29-19:12:21.136512
0.9760242519712691,185,25,1,1,-1,1,0.0,1.9000000000000001,2025-Jan-29-19:12:21.332390
0.8060591477019475,186,25,1,0,0,-1,0.0,0.0,2025-Jan-29-19:12:21.389500
0.6298883869405699,187,25,1,0,1,-1,1.9000000000000001,0.0,2025-Jan-29-19:12:21.474699
1.161059787788528,188,25,1,1,0,-1,0.0,0.0,2025-Jan-29-19:12:21.530345
0.8436562666978078,189,25,1,0,-1,-1,0.0,0.0,2025-Jan-29-19:12:21.615544
0.8060591477019475,190,25,1,0,0,-1,0.0,0.0,2025-Jan-29-19:12:21.697876
0.8436562666978078,191,25,1,0,-1,-1,0.0,0.0,2025-Jan-29-19:12:21.792445
0.7561122308552579,192,25,1,0,-1,0,0.0,0.0,2025-Jan-29-19:12:21.848870
0.5423573219619376,193,25,1,0,1,0,1.9000000000000001,0.0,2025-Jan-29-19:12:21.919805
1.161059787788528,194,25,1,1,0,-1,0.0,0.0,2025-Jan-29-19:12:21.975159
1.161059787788528,195,25,1,1,0,-1,0.0,0.0,2025-Jan-29-19:12:22.030107
0.7185205030005031,196,25,1,0,0,0,0.0,0.0,2025-Jan-29-19:12:22.074577
0.8973579620796409,197,25,1,1,1,0,1.9000000000000001,0.0,2025-Jan-29-19:12:22.147081
0.5423573219619376,198,25,1,0,1,0,1.9000000000000001,0.0,2025-Jan-29-19:12:22.218589
0.5921787662199604,199,25,1,0,0,1,0.0,1.9000000000000001,2025-Jan-29-19:12:22.290332
0.4160201626761834,200,25,1,0,1,1,1.9000000000000001,1.9000000000000001,2025-Jan-29-19:12:22.384657
1.161059787788528,201,25,1,1,0,-1,0.0,0.0,2025-Jan-29-19:12:22.440830
0.5423573219619376,202,25,1,0,1,0,1.9000000000000001,0.0,2025-Jan-29-19:12:22.511588
0.5423573219619376,203,25,1,0,1,0,1.9000000000000001,0.0,2025-Jan-29-19:12:22.603134
0.629780506117975,204,25,1,0,-1,1,0.0,1.9000000000000001,2025-Jan-29-19:12:22.728907
0.6298883869405699,205,25,1,0,1,-1,1.9000000000000001,0.0,2025-Jan-29-19:12:22.830501
0.6298883869405699,206,25,1,0,1,-1,1.9000000000000001,0.0,2025-Jan-29-19:12:22.916125
0.9760242519712691,207,25,1,1,-1,1,0.0,1.9000000000000001,2025-Jan-29-19:12:22.999379
1.1986569067802102,208,25,1,1,-1,-1,0.0,0.0,2025-Jan-29-19:12:23.066782
0.7561122308552579,209,25,1,0,-1,0,0.0,0.0,2025-Jan-29-19:12:23.121518
0.7185205030005031,210,25,1,0,0,0,0.0,0.0,2025-Jan-29-19:12:23.164310
0.9760242519712691,211,25,1,1,-1,1,0.0,1.9000000000000001,2025-Jan-29-19:12:23.247323
0.7561122308552579,212,25,1,0,-1,0,0.0,0.0,2025-Jan-29-19:12:23.301831
0.9471794063316156,213,25,1,1,0,1,0.0,1.9000000000000001,2025-Jan-29-19:12:23.372426
0.8973579620796409,214,25,1,1,1,0,1.9000000000000001,0.0,2025-Jan-29-19:12:23.443022
0.5423573219619376,215,25,1,0,1,0,1.9000000000000001,0.0,2025-Jan-29-19:12:23.513739
0.8060591477019475,216,25,1,0,0,-1,0.0,0.0,2025-Jan-29-19:12:23.601368
0.7185205030005031,217,25,1,0,0,0,0.0,0.0,2025-Jan-29-19:12:23.674625
0.9848890270480929,218,25,1,1,1,-1,1.9000000000000001,0.0,2025-Jan-29-19:12:23.800140
0.7561122308552579,219,25,1,0,-1,0,0.0,0.0,2025-Jan-29-19:12:23.856865
1.0735211430969913,220,25,1,1,0,0,0.0,0.0,2025-Jan-29-19:12:23.899244
0.8436562666978078,221,25,1,0,-1,-1,0.0,0.0,2025-Jan-29-19:12:23.966804
0.629780506117975,222,25,1,0,-1,1,0.0,1.9000000000000001,2025-Jan-29-19:12:24.049953
0.4160201626761834,223,25,1,0,1,1,1.9000000000000001,1.9000000000000001,2025-Jan-29-19:12:24.231286
0.8060591477019475,224,25,1,0,0,-1,0.0,0.0,2025-Jan-29-19:12:24.287467
0.7185205030005031,225,25,1,0,0,0,0.0,0.0,2025-Jan-29-19:12:24.330652
1.0735211430969913,226,25,1,1,0,0,0.0,0.0,2025-Jan-29-19:12:24.373100
0.629780506117975,227,25,1,0,-1,1,0.0,1.9000000000000001,2025-Jan-29-19:12:24.456220
0.5921787662199604,228,25,1,0,0,1,0.0,1.9000000000000001,2025-Jan-29-19:12:24.526449
0.4160201626761834,229,25,1,0,1,1,1.9000000000000001,1.9000000000000001,2025-Jan-29-19:12:24.650181
0.7561122308552579,230,25,1,0,-1,0,0.0,0.0,2025-Jan-29-19:12:24.736544
0.5423573219619376,231,25,1,0,1,0,1.9000000000000001,0.0,2025-Jan-29-19:12:24.814812
1.161059787788528,232,25,1,1,0,-1,0.0,0.0,2025-Jan-29-19:12:24.869322
1.1111128709475113,233,25,1,1,-1,0,0.0,0.0,2025-Jan-29-19:12:24.925943
0.7185205030005031,234,25,1,0,0,0,0.0,0.0,2025-Jan-29-19:12:24.968599
0.9760242519712691,235,25,1,1,-1,1,0.0,1.9000000000000001,2025-Jan-29-19:12:25.050992
0.5921787662199604,236,25,1,0,0,1,0.0,1.9000000000000001,2025-Jan-29-19:12:25.122273
0.6298883869405699,237,25,1,0,1,-1,1.9000000000000001,0.0,2025-Jan-29-19:12:25.205420
0.8060591477019475,238,25,1,0,0,-1,0.0,0.0,2025-Jan-29-19:12:25.259695
0.8060591477019475,239,25,1,0,0,-1,0.0,0.0,2025-Jan-29-19:12:25.313973
0.8060591477019475,240,25,1,0,0,-1,0.0,0.0,2025-Jan-29-19:12:25.368057
0.6298883869405699,241,25,1,0,1,-1,1.9000000000000001,0.0,2025-Jan-29-19:12:25.450654
0.7561122308552579,242,25,1,0,-1,0,0.0,0.0,2025-Jan-29-19:12:25.505313
0.4160201626761834,243,25,1,0,1,1,1.9000000000000001,1.9000000000000001,2025-Jan-29-19:12:25.631102
0.8060591477019475,244,25,1,0,0,-1,0.0,0.0,2025-Jan-29-19:12:25.741766
1.161059787788528,245,25,1,1,0,-1,0.0,0.0,2025-Jan-29-19:12:25.806154
0.7185205030005031,246,25,1,0,0,0,0.0,0.0,2025-Jan-29-19:12:25.850058
0.5423573219619376,247,25,1,0,1,0,1.9000000000000001,0.0,2025-Jan-29-19:12:25.922340
0.4160201626761834,248,25,1,0,1,1,1.9000000000000001,1.9000000000000001,2025-Jan-29-19:12:26.020569
0.7185205030005031,249,25,1,0,0,0,0.0,0.0,2025-Jan-29-19:12:26.064853
0.4160201626761834,250,25,1,0,1,1,1.9000000000000001,1.9000000000000001,2025-Jan-29-19:12:26.161762
0.5921787662199604,251,25,1,0,0,1,0.0,1.9000000000000001,2025-Jan-29-19:12:26.236717
0.8973579620796409,252,25,1,1,1,0,1.9000000000000001,0.0,2025-Jan-29-19:12:26.308944
0.7561122308552579,253,25,1,0,-1,0,0.0,0.0,2025-Jan-29-19:12:26.366243
0.9760242519712691,254,25,1,1,-1,1,0.0,1.9000000000000001,2025-Jan-29-19:12:26.451729
0.6298883869405699,255,25,1,0,1,-1,1.9000000000000001,0.0,2025-Jan-29-19:12:26.538556
0.8436562666978078,256,25,1,0,-1,-1,0.0,0.0,2025-Jan-29-19:12:26.630412
0.7710208028095181,257,25,1,1,1,1,1.9000000000000001,1.9000000000000001,2025-Jan-29-19:12:26.786382
0.8436562666978078,258,25,1,0,-1,-1,0.0,0.0,2025-Jan-29-19:12:26.858288
1.1111128709475113,259,25,1,1,-1,0,0.0,0.0,2025-Jan-29-19:12:26.915867
1.161059787788528,260,25,1,1,0,-1,0.0,0.0,2025-Jan-29-19:12:26.972941
0.629780506117975,261,25,1,0,-1,1,0.0,1.9000000000000001,2025-Jan-29-19:12:27.058606
0.7561122308552579,262,25,1,0,-1,0,0.0,0.0,2025-Jan-29-19:12:27.116461
0.9471794063316156,263,25,1,1,0,1,0.0,1.9000000000000001,2025-Jan-29-19:12:27.190247
0.5423573219619376,264,25,1,0,1,0,1.9000000000000001,0.0,2025-Jan-29-19:12:27.264058
0.5423573219619376,265,25,1,0,1,0,1.9000000000000001,0.0,2025-Jan-29-19:12:27.337072
0.8060591477019475,266,25,1,0,0,-1,0.0,0.0,2025-Jan-29-19:12:27.394067
0.8060591477019475,267,25,1,0,0,-1,0.0,0.0,2025-Jan-29-19:12:27.450258
0.6298883869405699,268,25,1,0,1,-1,1.9000000000000001,0.0,2025-Jan-29-19:12:27.536456
0.629780506117975,269,25,1,0,-1,1,0.0,1.9000000000000001,2025-Jan-29-19:12:27.667238
0.7185205030005031,270,25,1,0,0,0,0.0,0.0,2025-Jan-29-19:12:27.736492
0.8436562666978078,271,25,1,0,-1,-1,0.0,0.0,2025-Jan-29-19:12:27.823678
0.629780506117975,272,25,1,0,-1,1,0.0,1.9000000000000001,2025-Jan-29-19:12:27.979752
0.4160201626761834,273,25,1,0,1,1,1.9000000000000001,1.9000000000000001,2025-Jan-29-19:12:28.074897
0.629780506117975,274,25,1,0,-1,1,0.0,1.9000000000000001,2025-Jan-29-19:12:28.159384
0.7185205030005031,275,25,1,0,0,0,0.0,0.0,2025-Jan-29-19:12:28.202172
1.0735211430969913,276,25,1,1,0,0,0.0,0.0,2025-Jan-29-19:12:28.244724
0.629780506117975,277,25,1,0,-1,1,0.0,1.9000000000000001,2025-Jan-29-19:12:28.328347
0.5921787662199604,278,25,1,0,0,1,0.0,1.9000000000000001,2025-Jan-29-19:12:28.399456
0.4160201626761834,279,25,1,0,1,1,1.9000000000000001,1.9000000000000001,2025-Jan-29-19:12:28.493943
0.7561122308552579,280,25,1,0,-1,0,0.0,0.0,2025-Jan-29-19:12:28.548994
0.8436562666978078,281,25,1,0,-1,-1,0.0,0.0,2025-Jan-29-19:12:28.666070
0.5921787662199604,282,25,1,0,0,1,0.0,1.9000000000000001,2025-Jan-29-19:12:28.777255
1.0735211430969913,283,25,1,1,0,0,0.0,0.0,2025-Jan-29-19:12:28.821175
0.7185205030005031,284,25,1,0,0,0,0.0,0.0,2025-Jan-29-19:12:28.866760
0.629780506117975,285,25,1,0,-1,1,0.0,1.9000000000000001,2025-Jan-29-19:12:28.951280
0.4160201626761834,286,25,1,0,1,1,1.9000000000000001,1.9000000000000001,2025-Jan-29-19:12:29.045931
0.9848890270480929,287,25,1,1,1,-1,1.9000000000000001,0.0,2025-Jan-29-19:12:29.131709
0.7710208028095181,288,25,1,1,1,1,1.9000000000000001,1.9000000000000001,2025-Jan-29-19:12:29.225134
0.8060591477019475,289,25,1,0,0,-1,0.0,0.0,2025-Jan-29-19:12:29.280199
0.8060591477019475,290,25,1,0,0,-1,0.0,0.0,2025-Jan-29-19:12:29.335034
0.5423573219619376,291,25,1,0,1,0,1.9000000000000001,0.0,2025-Jan-29-19:12:29.406269
0.7185205030005031,292,25,1,0,0,0,0.0,0.0,2025-Jan-29-19:12:29.448887
0.4160201626761834,293,25,1,0,1,1,1.9000000000000001,1.9000000000000001,2025-Jan-29-19:12:29.542566
1.161059787788528,294,25,1,1,0,-1,0.0,0.0,2025-Jan-29-19:12:29.615547
1.161059787788528,295,25,1,1,0,-1,0.0,0.0,2025-Jan-29-19:12:29.697832
0.7185205030005031,296,25,1,0,0,0,0.0,0.0,2025-Jan-29-19:12:29.764507
0.4160201626761834,297,25,1,0,1,1,1.9000000000000001,1.9000000000000001,2025-Jan-29-19:12:29.860936
0.5921787662199604,298,25,1,0,0,1,0.0,1.9000000000000001,2025-Jan-29-19:12:29.932225
0.7185205030005031,299,25,1,0,0,0,0.0,0.0,2025-Jan-29-19:12:29.977448
0.4160201626761834,300,25,1,0,1,1,1.9000000000000001,1.9000000000000001,2025-Jan-29-19:12:30.072029
