Cost,Sim,Switch_State_Indx,Gen1_on,Gen2_on,Batt1_mode,Batt2_mode,Batt1_power_kW,Batt2_power_kW,Timestamp
0.7185205030005031,602,25,1,0,0,0,0.0,0.0,2025-Jan-29-19:12:52.362891
1.161059787788528,603,25,1,1,0,-1,0.0,0.0,2025-Jan-29-19:12:52.418530
1.1111128709475113,604,25,1,1,-1,0,0.0,0.0,2025-Jan-29-19:12:52.472785
0.8060591477019475,605,25,1,0,0,-1,0.0,0.0,2025-Jan-29-19:12:52.527730
0.9471794063316156,606,25,1,1,0,1,0.0,1.9000000000000001,2025-Jan-29-19:12:52.615246
0.8973579620796409,607,25,1,1,1,0,1.9000000000000001,0.0,2025-Jan-29-19:12:52.708707
1.161059787788528,608,25,1,1,0,-1,0.0,0.0,2025-Jan-29-19:12:52.789348
1.161059787788528,609,25,1,1,0,-1,0.0,0.0,2025-Jan-29-19:12:52.854001
1.1111128709475113,610,25,1,1,-1,0,0.0,0.0,2025-Jan-29-19:12:52.916363
0.8436562666978078,611,25,1,0,-1,-1,0.0,0.0,2025-Jan-29-19:12:52.988763
0.7185205030005031,612,25,1,0,0,0,0.0,0.0,2025-Jan-29-19:12:53.032313
0.9848890270480929,613,25,1,1,1,-1,1.9000000000000001,0.0,2025-Jan-29-19:12:53.116301
0.629780506117975,614,25,1,0,-1,1,0.0,1.9000000000000001,2025-Jan-29-19:12:53.199824
0.9471794063316156,615,25,1,1,0,1,0.0,1.9000000000000001,2025-Jan-29-19:12:53.273348
0.7185205030005031,616,25,1,0,0,0,0.0,0.0,2025-Jan-29-19:12:53.320504
0.5921787662199604,617,25,1,0,0,1,0.0,1.9000000000000001,2025-Jan-29-19:12:53.401962
1.1111128709475113,618,25,1,1,-1,0,0.0,0.0,2025-Jan-29-19:12:53.466244
0.9471794063316156,619,25,1,1,0,1,0.0,1.9000000000000001,2025-Jan-29-19:12:53.548380
0.5921787662199604,620,25,1,0,0,1,0.0,1.9000000000000001,2025-Jan-29-19:12:53.681234
1.161059787788528,621,25,1,1,0,-1,0.0,0.0,2025-Jan-29-19:12:53.776655
0.9848890270480929,622,25,1,1,1,-1,1.9000000000000001,0.0,2025-Jan-29-19:12:53.873835
0.629780506117975,623,25,1,0,-1,1,0.0,1.9000000000000001,2025-Jan-29-19:12:53.971365
1.1111128709475113,624,25,1,1,-1,0,0.0,0.0,2025-Jan-29-19:12:54.034582
1.0735211430969913,625,25,1,1,0,0,0.0,0.0,2025-Jan-29-19:12:54.084704
0.5423573219619376,626,25,1,0,1,0,1.9000000000000001,0.0,2025-Jan-29-19:12:54.160014
0.8060591477019475,627,25,1,0,0,-1,0.0,0.0,2025-Jan-29-19:12:54.216121
0.8436562666978078,628,25,1,0,-1,-1,0.0,0.0,2025-Jan-29-19:12:54.284671
0.7561122308552579,629,25,1,0,-1,0,0.0,0.0,2025-Jan-29-19:12:54.339879
0.7561122308552579,630,25,1,0,-1,0,0.0,0.0,2025-Jan-29-19:12:54.395338
0.8973579620796409,631,25,1,1,1,0,1.9000000000000001,0.0,2025-Jan-29-19:12:54.466811
0.7185205030005031,632,25,1,0,0,0,0.0,0.0,2025-Jan-29-19:12:54.512835
0.7185205030005031,633,25,1,0,0,0,0.0,0.0,2025-Jan-29-19:12:54.566431
0.7185205030005031,634,25,1,0,0,0,0.0,0.0,2025-Jan-29-19:12:54.647058
0.7561122308552579,635,25,1,0,-1,0,0.0,0.0,2025-Jan-29-19:12:54.726951
0.8060591477019475,636,25,1,0,0,-1,0.0,0.0,2025-Jan-29-19:12:54.807915
0.7710208028095181,637,25,1,1,1,1,1.9000000000000001,1.9000000000000001,2025-Jan-29-19:12:54.904601
0.7710208028095181,638,25,1,1,1,1,1.9000000000000001,1.9000000000000001,2025-Jan-29-19:12:54.998998
1.0735211430969913,639,25,1,1,0,0,0.0,0.0,2025-Jan-29-19:12:55.042142
1.1111128709475113,640,25,1,1,-1,0,0.0,0.0,2025-Jan-29-19:12:55.099417
0.7185205030005031,641,25,1,0,0,0,0.0,0.0,2025-Jan-29-19:12:55.143103
0.5423573219619376,642,25,1,0,1,0,1.9000000000000001,0.0,2025-Jan-29-19:12:55.214616
0.4160201626761834,643,25,1,0,1,1,1.9000000000000001,1.9000000000000001,2025-Jan-29-19:12:55.308885
0.9760242519712691,644,25,1,1,-1,1,0.0,1.9000000000000001,2025-Jan-29-19:12:55.473719
1.1986569067802102,645,25,1,1,-1,-1,0.0,0.0,2025-Jan-29-19:12:55.541974
0.7561122308552579,646,25,1,0,-1,0,0.0,0.0,2025-Jan-29-19:12:55.616783
1.0735211430969913,647,25,1,1,0,0,0.0,0.0,2025-Jan-29-19:12:55.696595
1.1111128709475113,648,25,1,1,-1,0,0.0,0.0,2025-Jan-29-19:12:55.783286
0.6298883869405699,649,25,1,0,1,-1,1.9000000000000001,0.0,2025-Jan-29-19:12:55.868399
0.7710208028095181,650,25,1,1,1,1,1.9000000000000001,1.9000000000000001,2025-Jan-29-19:12:55.964759
0.8436562666978078,651,25,1,0,-1,-1,0.0,0.0,2025-Jan-29-19:12:56.035082
1.0735211430969913,652,25,1,1,0,0,0.0,0.0,2025-Jan-29-19:12:56.080201
0.7185205030005031,653,25,1,0,0,0,0.0,0.0,2025-Jan-29-19:12:56.123578
0.5423573219619376,654,25,1,0,1,0,1.9000000000000001,0.0,2025-Jan-29-19:12:56.195225
0.5423573219619376,655,25,1,0,1,0,1.9000000000000001,0.0,2025-Jan-29-19:12:56.266956
0.5423573219619376,656,25,1,0,1,0,1.9000000000000001,0.0,2025-Jan-29-19:12:56.338373
0.5423573219619376,657,25,1,0,1,0,1.9000000000000001,0.0,2025-Jan-29-19:12:56.409659
