Cost,Sim,Switch_State_Indx,Gen1_on,Gen2_on,Batt1_mode,Batt2_mode,Batt1_power_kW,Batt2_power_kW,Timestamp
0.9471794063316156,301,25,1,1,0,1,0.0,1.9000000000000001,2025-Jan-29-19:12:30.146193
1.161059787788528,302,25,1,1,0,-1,0.0,0.0,2025-Jan-29-19:12:30.201780
0.7185205030005031,303,25,1,0,0,0,0.0,0.0,2025-Jan-29-19:12:30.244249
0.5921787662199604,304,25,1,0,0,1,0.0,1.9000000000000001,2025-Jan-29-19:12:30.314998
1.0735211430969913,305,25,1,1,0,0,0.0,0.0,2025-Jan-29-19:12:30.358996
1.0735211430969913,306,25,1,1,0,0,0.0,0.0,2025-Jan-29-19:12:30.408516
0.7185205030005031,307,25,1,0,0,0,0.0,0.0,2025-Jan-29-19:12:30.456949
1.161059787788528,308,25,1,1,0,-1,0.0,0.0,2025-Jan-29-19:12:30.516733
1.0735211430969913,309,25,1,1,0,0,0.0,0.0,2025-Jan-29-19:12:30.673269
0.7561122308552579,310,25,1,0,-1,0,0.0,0.0,2025-Jan-29-19:12:30.763561
1.0735211430969913,311,25,1,1,0,0,0.0,0.0,2025-Jan-29-19:12:30.829940
1.0735211430969913,312,25,1,1,0,0,0.0,0.0,2025-Jan-29-19:12:30.880135
0.9471794063316156,313,25,1,1,0,1,0.0,1.9000000000000001,2025-Jan-29-19:12:30.963701
1.161059787788528,314,25,1,1,0,-1,0.0,0.0,2025-Jan-29-19:12:31.027951
0.9848890270480929,315,25,1,1,1,-1,1.9000000000000001,0.0,2025-Jan-29-19:12:31.131076
1.161059787788528,316,25,1,1,0,-1,0.0,0.0,2025-Jan-29-19:12:31.195541
0.7185205030005031,317,25,1,0,0,0,0.0,0.0,2025-Jan-29-19:12:31.245454
0.8973579620796409,318,25,1,1,1,0,1.9000000000000001,0.0,2025-Jan-29-19:12:31.330920
0.5921787662199604,319,25,1,0,0,1,0.0,1.9000000000000001,2025-Jan-29-19:12:31.419741
0.9848890270480929,320,25,1,1,1,-1,1.9000000000000001,0.0,2025-Jan-29-19:12:31.525509
0.9848890270480929,321,25,1,1,1,-1,1.9000000000000001,0.0,2025-Jan-29-19:12:31.648662
1.1111128709475113,322,25,1,1,-1,0,0.0,0.0,2025-Jan-29-19:12:31.754261
1.1986569067802102,323,25,1,1,-1,-1,0.0,0.0,2025-Jan-29-19:12:31.847388
1.0735211430969913,324,25,1,1,0,0,0.0,0.0,2025-Jan-29-19:12:31.894703
1.1111128709475113,325,25,1,1,-1,0,0.0,0.0,2025-Jan-29-19:12:31.951307
0.7561122308552579,326,25,1,0,-1,0,0.0,0.0,2025-Jan-29-19:12:32.006794
1.1111128709475113,327,25,1,1,-1,0,0.0,0.0,2025-Jan-29-19:12:32.072120
1.0735211430969913,328,25,1,1,0,0,0.0,0.0,2025-Jan-29-19:12:32.123324
0.8060591477019475,329,25,1,0,0,-1,0.0,0.0,2025-Jan-29-19:12:32.180770
0.7185205030005031,330,25,1,0,0,0,0.0,0.0,2025-Jan-29-19:12:32.223832
0.5921787662199604,331,25,1,0,0,1,0.0,1.9000000000000001,2025-Jan-29-19:12:32.294869
0.8973579620796409,332,25,1,1,1,0,1.9000000000000001,0.0,2025-Jan-29-19:12:32.366964
0.7561122308552579,333,25,1,0,-1,0,0.0,0.0,2025-Jan-29-19:12:32.421942
0.7185205030005031,334,25,1,0,0,0,0.0,0.0,2025-Jan-29-19:12:32.465051
0.8973579620796409,335,25,1,1,1,0,1.9000000000000001,0.0,2025-Jan-29-19:12:32.535914
0.7185205030005031,336,25,1,0,0,0,0.0,0.0,2025-Jan-29-19:12:32.596373
1.0735211430969913,337,25,1,1,0,0,0.0,0.0,2025-Jan-29-19:12:32.674401
0.9471794063316156,338,25,1,1,0,1,0.0,1.9000000000000001,2025-Jan-29-19:12:32.776259
0.7185205030005031,339,25,1,0,0,0,0.0,0.0,2025-Jan-29-19:12:32.820078
1.1111128709475113,340,25,1,1,-1,0,0.0,0.0,2025-Jan-29-19:12:32.875174
0.629780506117975,341,25,1,0,-1,1,0.0,1.9000000000000001,2025-Jan-29-19:12:32.961679
1.1986569067802102,342,25,1,1,-1,-1,0.0,0.0,2025-Jan-29-19:12:33.029122
1.0735211430969913,343,25,1,1,0,0,0.0,0.0,2025-Jan-29-19:12:33.072045
0.4160201626761834,344,25,1,0,1,1,1.9000000000000001,1.9000000000000001,2025-Jan-29-19:12:33.167215
0.7185205030005031,345,25,1,0,0,0,0.0,0.0,2025-Jan-29-19:12:33.209633
0.6298883869405699,346,25,1,0,1,-1,1.9000000000000001,0.0,2025-Jan-29-19:12:33.292781
0.629780506117975,347,25,1,0,-1,1,0.0,1.9000000000000001,2025-Jan-29-19:12:33.375937
1.0735211430969913,348,25,1,1,0,0,0.0,0.0,2025-Jan-29-19:12:33.418396
1.0735211430969913,349,25,1,1,0,0,0.0,0.0,2025-Jan-29-19:12:33.461025
0.4160201626761834,350,25,1,0,1,1,1.9000000000000001,1.9000000000000001,2025-Jan-29-19:12:33.566259
0.9760242519712691,351,25,1,1,-1,1,0.0,1.9000000000000001,2025-Jan-29-19:12:33.694465
0.8060591477019475,352,25,1,0,0,-1,0.0,0.0,2025-Jan-29-19:12:33.778287
0.7185205030005031,353,25,1,0,0,0,0.0,0.0,2025-Jan-29-19:12:33.823755
0.5921787662199604,354,25,1,0,0,1,0.0,1.9000000000000001,2025-Jan-29-19:12:33.896031
1.0735211430969913,355,25,1,1,0,0,0.0,0.0,2025-Jan-29-19:12:33.938426
0.9471794063316156,356,25,1,1,0,1,0.0,1.9000000000000001,2025-Jan-29-19:12:34.009855
0.5921787662199604,357,25,1,0,0,1,0.0,1.9000000000000001,2025-Jan-29-19:12:34.156731
1.0735211430969913,358,25,1,1,0,0,0.0,0.0,2025-Jan-29-19:12:34.200488
0.7185205030005031,359,25,1,0,0,0,0.0,0.0,2025-Jan-29-19:12:34.243626
0.7561122308552579,360,25,1,0,-1,0,0.0,0.0,2025-Jan-29-19:12:34.299137
0.7185205030005031,361,25,1,0,0,0,0.0,0.0,2025-Jan-29-19:12:34.341751
1.0735211430969913,362,25,1,1,0,0,0.0,0.0,2025-Jan-29-19:12:34.384505
0.8060591477019475,363,25,1,0,0,-1,0.0,0.0,2025-Jan-29-19:12:34.439394
1.161059787788528,364,25,1,1,0,-1,0.0,0.0,2025-Jan-29-19:12:34.495249
0.9848890270480929,365,25,1,1,1,-1,1.9000000000000001,0.0,2025-Jan-29-19:12:34.598330
0.8060591477019475,366,25,1,0,0,-1,0.0,0.0,2025-Jan-29-19:12:34.696028
0.7185205030005031,367,25,1,0,0,0,0.0,0.0,2025-Jan-29-19:12:34.762146
1.0735211430969913,368,25,1,1,0,0,0.0,0.0,2025-Jan-29-19:12:34.808214
1.0735211430969913,369,25,1,1,0,0,0.0,0.0,2025-Jan-29-19:12:34.851372
1.1986569067802102,370,25,1,1,-1,-1,0.0,0.0,2025-Jan-29-19:12:34.918603
0.6298883869405699,371,25,1,0,1,-1,1.9000000000000001,0.0,2025-Jan-29-19:12:35.005491
0.7561122308552579,372,25,1,0,-1,0,0.0,0.0,2025-Jan-29-19:12:35.060631
0.9760242519712691,373,25,1,1,-1,1,0.0,1.9000000000000001,2025-Jan-29-19:12:35.145270
1.0735211430969913,374,25,1,1,0,0,0.0,0.0,2025-Jan-29-19:12:35.188071
0.8436562666978078,375,25,1,0,-1,-1,0.0,0.0,2025-Jan-29-19:12:35.255798
0.8436562666978078,376,25,1,0,-1,-1,0.0,0.0,2025-Jan-29-19:12:35.324258
0.7561122308552579,377,25,1,0,-1,0,0.0,0.0,2025-Jan-29-19:12:35.379637
0.9471794063316156,378,25,1,1,0,1,0.0,1.9000000000000001,2025-Jan-29-19:12:35.451017
0.8060591477019475,379,25,1,0,0,-1,0.0,0.0,2025-Jan-29-19:12:35.506233
0.8060591477019475,380,25,1,0,0,-1,0.0,0.0,2025-Jan-29-19:12:35.580384
0.7185205030005031,381,25,1,0,0,0,0.0,0.0,2025-Jan-29-19:12:35.666247
0.8973579620796409,382,25,1,1,1,0,1.9000000000000001,0.0,2025-Jan-29-19:12:35.777455
0.7561122308552579,383,25,1,0,-1,0,0.0,0.0,2025-Jan-29-19:12:35.835523
0.8060591477019475,384,25,1,0,0,-1,0.0,0.0,2025-Jan-29-19:12:35.898027
0.8973579620796409,385,25,1,1,1,0,1.9000000000000001,0.0,2025-Jan-29-19:12:35.977695
0.4160201626761834,386,25,1,0,1,1,1.9000000000000001,1.9000000000000001,2025-Jan-29-19:12:36.073277
0.8973579620796409,387,25,1,1,1,0,1.9000000000000001,0.0,2025-Jan-29-19:12:36.145419
1.1986569067802102,388,25,1,1,-1,-1,0.0,0.0,2025-Jan-29-19:12:36.215056
0.7185205030005031,389,25,1,0,0,0,0.0,0.0,2025-Jan-29-19:12:36.258366
1.1111128709475113,390,25,1,1,-1,0,0.0,0.0,2025-Jan-29-19:12:36.313968
0.629780506117975,391,25,1,0,-1,1,0.0,1.9000000000000001,2025-Jan-29-19:12:36.396926
1.1986569067802102,392,25,1,1,-1,-1,0.0,0.0,2025-Jan-29-19:12:36.464564
0.8436562666978078,393,25,1,0,-1,-1,0.0,0.0,2025-Jan-29-19:12:36.532048
0.4160201626761834,394,25,1,0,1,1,1.9000000000000001,1.9000000000000001,2025-Jan-29-19:12:36.657535
0.7185205030005031,395,25,1,0,0,0,0.0,0.0,2025-Jan-29-19:12:36.735513
0.8436562666978078,396,25,1,0,-1,-1,0.0,0.0,2025-Jan-29-19:12:36.812220
0.7561122308552579,397,25,1,0,-1,0,0.0,0.0,2025-Jan-29-19:12:36.867844
0.4160201626761834,398,25,1,0,1,1,1.9000000000000001,1.9000000000000001,2025-Jan-29-19:12:36.961883
0.8973579620796409,399,25,1,1,1,0,1.9000000000000001,0.0,2025-Jan-29-19:12:37.033129
0.5423573219619376,400,25,1,0,1,0,1.9000000000000001,0.0,2025-Jan-29-19:12:37.104538
0.9760242519712691,401,25,1,1,-1,1,0.0,1.9000000000000001,2025-Jan-29-19:12:37.189685
0.7185205030005031,402,25,1,0,0,0,0.0,0.0,2025-Jan-29-19:12:37.234335
0.7185205030005031,403,25,1,0,0,0,0.0,0.0,2025-Jan-29-19:12:37.277457
0.7185205030005031,404,25,1,0,0,0,0.0,0.0,2025-Jan-29-19:12:37.320181
1.0735211430969913,405,25,1,1,0,0,0.0,0.0,2025-Jan-29-19:12:37.362784
0.9471794063316156,406,25,1,1,0,1,0.0,1.9000000000000001,2025-Jan-29-19:12:37.434306
0.7185205030005031,407,25,1,0,0,0,0.0,0.0,2025-Jan-29-19:12:37.580234
0.7185205030005031,408,25,1,0,0,0,0.0,0.0,2025-Jan-29-19:12:37.655821
0.7185205030005031,409,25,1,0,0,0,0.0,0.0,2025-Jan-29-19:12:37.731542
0.8436562666978078,410,25,1,0,-1,-1,0.0,0.0,2025-Jan-29-19:12:37.826736
0.8060591477019475,411,25,1,0,0,-1,0.0,0.0,2025-Jan-29-19:12:37.884265
1.0735211430969913,412,25,1,1,0,0,0.0,0.0,2025-Jan-29-19:12:37.927537
0.6298883869405699,413,25,1,0,1,-1,1.9000000000000001,0.0,2025-Jan-29-19:12:38.013630
1.0735211430969913,414,25,1,1,0,0,0.0,0.0,2025-Jan-29-19:12:38.057391
0.8973579620796409,415,25,1,1,1,0,1.9000000000000001,0.0,2025-Jan-29-19:12:38.130382
0.8060591477019475,416,25,1,0,0,-1,0.0,0.0,2025-Jan-29-19:12:38.185830
0.7185205030005031,417,25,1,0,0,0,0.0,0.0,2025-Jan-29-19:12:38.228435
0.8973579620796409,418,25,1,1,1,0,1.9000000000000001,0.0,2025-Jan-29-19:12:38.299175
0.7185205030005031,419,25,1,0,0,0,0.0,0.0,2025-Jan-29-19:12:38.341931
0.9848890270480929,420,25,1,1,1,-1,1.9000000000000001,0.0,2025-Jan-29-19:12:38.425122
0.6298883869405699,421,25,1,0,1,-1,1.9000000000000001,0.0,2025-Jan-29-19:12:38.508237
0.7185205030005031,422,25,1,0,0,0,0.0,0.0,2025-Jan-29-19:12:38.568399
1.1986569067802102,423,25,1,1,-1,-1,0.0,0.0,2025-Jan-29-19:12:38.667484
1.0735211430969913,424,25,1,1,0,0,0.0,0.0,2025-Jan-29-19:12:38.746641
0.7185205030005031,425,25,1,0,0,0,0.0,0.0,2025-Jan-29-19:12:38.806159
0.8436562666978078,426,25,1,0,-1,-1,0.0,0.0,2025-Jan-29-19:12:38.873821
0.7561122308552579,427,25,1,0,-1,0,0.0,0.0,2025-Jan-29-19:12:38.931242
0.9471794063316156,428,25,1,1,0,1,0.0,1.9000000000000001,2025-Jan-29-19:12:39.004432
0.8060591477019475,429,25,1,0,0,-1,0.0,0.0,2025-Jan-29-19:12:39.060657
0.7185205030005031,430,25,1,0,0,0,0.0,0.0,2025-Jan-29-19:12:39.104055
0.5921787662199604,431,25,1,0,0,1,0.0,1.9000000000000001,2025-Jan-29-19:12:39.177377
0.8973579620796409,432,25,1,1,1,0,1.9000000000000001,0.0,2025-Jan-29-19:12:39.250800
0.7561122308552579,433,25,1,0,-1,0,0.0,0.0,2025-Jan-29-19:12:39.306388
0.8060591477019475,434,25,1,0,0,-1,0.0,0.0,2025-Jan-29-19:12:39.363261
0.8973579620796409,435,25,1,1,1,0,1.9000000000000001,0.0,2025-Jan-29-19:12:39.436026
0.5921787662199604,436,25,1,0,0,1,0.0,1.9000000000000001,2025-Jan-29-19:12:39.509290
0.5423573219619376,437,25,1,0,1,0,1.9000000000000001,0.0,2025-Jan-29-19:12:39.608856
0.5921787662199604,438,25,1,0,0,1,0.0,1.9000000000000001,2025-Jan-29-19:12:39.720931
0.7185205030005031,439,25,1,0,0,0,0.0,0.0,2025-Jan-29-19:12:39.792788
0.8436562666978078,440,25,1,0,-1,-1,0.0,0.0,2025-Jan-29-19:12:39.863269
0.4160201626761834,441,25,1,0,1,1,1.9000000000000001,1.9000000000000001,2025-Jan-29-19:12:39.962913
1.161059787788528,442,25,1,1,0,-1,0.0,0.0,2025-Jan-29-19:12:40.020325
0.6298883869405699,443,25,1,0,1,-1,1.9000000000000001,0.0,2025-Jan-29-19:12:40.107448
0.4160201626761834,444,25,1,0,1,1,1.9000000000000001,1.9000000000000001,2025-Jan-29-19:12:40.204604
0.7185205030005031,445,25,1,0,0,0,0.0,0.0,2025-Jan-29-19:12:40.249396
0.4160201626761834,446,25,1,0,1,1,1.9000000000000001,1.9000000000000001,2025-Jan-29-19:12:40.348048
0.5921787662199604,447,25,1,0,0,1,0.0,1.9000000000000001,2025-Jan-29-19:12:40.422174
0.4160201626761834,448,25,1,0,1,1,1.9000000000000001,1.9000000000000001,2025-Jan-29-19:12:40.519222
0.4160201626761834,449,25,1,0,1,1,1.9000000000000001,1.9000000000000001,2025-Jan-29-19:12:40.669097
0.7185205030005031,450,25,1,0,0,0,0.0,0.0,2025-Jan-29-19:12:40.752291
1.1111128709475113,451,25,1,1,-1,0,0.0,0.0,2025-Jan-29-19:12:40.834220
0.7185205030005031,452,25,1,0,0,0,0.0,0.0,2025-Jan-29-19:12:40.884701
0.7185205030005031,453,25,1,0,0,0,0.0,0.0,2025-Jan-29-19:12:41.039905
0.7185205030005031,454,25,1,0,0,0,0.0,0.0,2025-Jan-29-19:12:41.085446
1.0735211430969913,455,25,1,1,0,0,0.0,0.0,2025-Jan-29-19:12:41.130783
0.5921787662199604,456,25,1,0,0,1,0.0,1.9000000000000001,2025-Jan-29-19:12:41.204010
0.9471794063316156,457,25,1,1,0,1,0.0,1.9000000000000001,2025-Jan-29-19:12:41.278193
0.7561122308552579,458,25,1,0,-1,0,0.0,0.0,2025-Jan-29-19:12:41.334845
0.7185205030005031,459,25,1,0,0,0,0.0,0.0,2025-Jan-29-19:12:41.378399
0.7561122308552579,460,25,1,0,-1,0,0.0,0.0,2025-Jan-29-19:12:41.435752
0.8060591477019475,461,25,1,0,0,-1,0.0,0.0,2025-Jan-29-19:12:41.494263
1.0735211430969913,462,25,1,1,0,0,0.0,0.0,2025-Jan-29-19:12:41.539335
0.6298883869405699,463,25,1,0,1,-1,1.9000000000000001,0.0,2025-Jan-29-19:12:41.663519
1.161059787788528,464,25,1,1,0,-1,0.0,0.0,2025-Jan-29-19:12:41.771325
0.5423573219619376,465,25,1,0,1,0,1.9000000000000001,0.0,2025-Jan-29-19:12:41.869663
0.8060591477019475,466,25,1,0,0,-1,0.0,0.0,2025-Jan-29-19:12:41.928165
1.0735211430969913,467,25,1,1,0,0,0.0,0.0,2025-Jan-29-19:12:41.973744
0.9760242519712691,468,25,1,1,-1,1,0.0,1.9000000000000001,2025-Jan-29-19:12:42.059762
0.5921787662199604,469,25,1,0,0,1,0.0,1.9000000000000001,2025-Jan-29-19:12:42.135316
0.9848890270480929,470,25,1,1,1,-1,1.9000000000000001,0.0,2025-Jan-29-19:12:42.221782
0.6298883869405699,471,25,1,0,1,-1,1.9000000000000001,0.0,2025-Jan-29-19:12:42.308237
0.5921787662199604,472,25,1,0,0,1,0.0,1.9000000000000001,2025-Jan-29-19:12:42.381737
1.0735211430969913,473,25,1,1,0,0,0.0,0.0,2025-Jan-29-19:12:42.426645
1.0735211430969913,474,25,1,1,0,0,0.0,0.0,2025-Jan-29-19:12:42.471035
0.5921787662199604,475,25,1,0,0,1,0.0,1.9000000000000001,2025-Jan-29-19:12:42.544705
0.5423573219619376,476,25,1,0,1,0,1.9000000000000001,0.0,2025-Jan-29-19:12:42.680026
1.1111128709475113,477,25,1,1,-1,0,0.0,0.0,2025-Jan-29-19:12:42.768652
0.9471794063316156,478,25,1,1,0,1,0.0,1.9000000000000001,2025-Jan-29-19:12:42.863675
0.5921787662199604,479,25,1,0,0,1,0.0,1.9000000000000001,2025-Jan-29-19:12:42.938206
0.7185205030005031,480,25,1,0,0,0,0.0,0.0,2025-Jan-29-19:12:42.982464
0.5921787662199604,481,25,1,0,0,1,0.0,1.9000000000000001,2025-Jan-29-19:12:43.055812
0.8973579620796409,482,25,1,1,1,0,1.9000000000000001,0.0,2025-Jan-29-19:12:43.130015
0.7561122308552579,483,25,1,0,-1,0,0.0,0.0,2025-Jan-29-19:12:43.185708
0.5423573219619376,484,25,1,0,1,0,1.9000000000000001,0.0,2025-Jan-29-19:12:43.258419
0.4160201626761834,485,25,1,0,1,1,1.9000000000000001,1.9000000000000001,2025-Jan-29-19:12:43.355016
0.4160201626761834,486,25,1,0,1,1,1.9000000000000001,1.9000000000000001,2025-Jan-29-19:12:43.452048
0.5423573219619376,487,25,1,0,1,0,1.9000000000000001,0.0,2025-Jan-29-19:12:43.527088
0.5921787662199604,488,25,1,0,0,1,0.0,1.9000000000000001,2025-Jan-29-19:12:43.614824
0.7185205030005031,489,25,1,0,0,0,0.0,0.0,2025-Jan-29-19:12:43.692129
0.629780506117975,490,25,1,0,-1,1,0.0,1.9000000000000001,2025-Jan-29-19:12:43.805614
0.4160201626761834,491,25,1,0,1,1,1.9000000000000001,1.9000000000000001,2025-Jan-29-19:12:43.902859
0.7185205030005031,492,25,1,0,0,0,0.0,0.0,2025-Jan-29-19:12:43.946287
0.6298883869405699,493,25,1,0,1,-1,1.9000000000000001,0.0,2025-Jan-29-19:12:44.031059
0.7561122308552579,494,25,1,0,-1,0,0.0,0.0,2025-Jan-29-19:12:44.087664
0.7185205030005031,495,25,1,0,0,0,0.0,0.0,2025-Jan-29-19:12:44.131115
0.6298883869405699,496,25,1,0,1,-1,1.9000000000000001,0.0,2025-Jan-29-19:12:44.215936
0.7185205030005031,497,25,1,0,0,0,0.0,0.0,2025-Jan-29-19:12:44.259110
0.7710208028095181,498,25,1,1,1,1,1.9000000000000001,1.9000000000000001,2025-Jan-29-19:12:44.430436
0.4160201626761834,499,25,1,0,1,1,1.9000000000000001,1.9000000000000001,2025-Jan-29-19:12:44.525199
0.4160201626761834,500,25,1,0,1,1,1.9000000000000001,1.9000000000000001,2025-Jan-29-19:12:44.645356
0.9760242519712691,501,25,1,1,-1,1,0.0,1.9000000000000001,2025-Jan-29-19:12:44.762783
0.7185205030005031,502,25,1,0,0,0,0.0,0.0,2025-Jan-29-19:12:44.809949
0.7185205030005031,503,25,1,0,0,0,0.0,0.0,2025-Jan-29-19:12:44.857851
0.4160201626761834,504,25,1,0,1,1,1.9000000000000001,1.9000000000000001,2025-Jan-29-19:12:44.954196
0.7185205030005031,505,25,1,0,0,0,0.0,0.0,2025-Jan-29-19:12:44.997726
0.5921787662199604,506,25,1,0,0,1,0.0,1.9000000000000001,2025-Jan-29-19:12:45.071366
0.5921787662199604,507,25,1,0,0,1,0.0,1.9000000000000001,2025-Jan-29-19:12:45.143116
0.7185205030005031,508,25,1,0,0,0,0.0,0.0,2025-Jan-29-19:12:45.186598
0.8060591477019475,509,25,1,0,0,-1,0.0,0.0,2025-Jan-29-19:12:45.242454
0.7561122308552579,510,25,1,0,-1,0,0.0,0.0,2025-Jan-29-19:12:45.297766
0.8060591477019475,511,25,1,0,0,-1,0.0,0.0,2025-Jan-29-19:12:45.353050
1.0735211430969913,512,25,1,1,0,0,0.0,0.0,2025-Jan-29-19:12:45.396128
0.6298883869405699,513,25,1,0,1,-1,1.9000000000000001,0.0,2025-Jan-29-19:12:45.481621
1.0735211430969913,514,25,1,1,0,0,0.0,0.0,2025-Jan-29-19:12:45.525457
0.8973579620796409,515,25,1,1,1,0,1.9000000000000001,0.0,2025-Jan-29-19:12:45.617276
0.8060591477019475,516,25,1,0,0,-1,0.0,0.0,2025-Jan-29-19:12:45.713037
0.5423573219619376,517,25,1,0,1,0,1.9000000000000001,0.0,2025-Jan-29-19:12:45.811426
0.8973579620796409,518,25,1,1,1,0,1.9000000000000001,0.0,2025-Jan-29-19:12:45.888613
0.5921787662199604,519,25,1,0,0,1,0.0,1.9000000000000001,2025-Jan-29-19:12:45.964200
0.6298883869405699,520,25,1,0,1,-1,1.9000000000000001,0.0,2025-Jan-29-19:12:46.048894
0.8060591477019475,521,25,1,0,0,-1,0.0,0.0,2025-Jan-29-19:12:46.106262
0.5921787662199604,522,25,1,0,0,1,0.0,1.9000000000000001,2025-Jan-29-19:12:46.178319
1.1986569067802102,523,25,1,1,-1,-1,0.0,0.0,2025-Jan-29-19:12:46.246192
1.0735211430969913,524,25,1,1,0,0,0.0,0.0,2025-Jan-29-19:12:46.289287
0.5921787662199604,525,25,1,0,0,1,0.0,1.9000000000000001,2025-Jan-29-19:12:46.360332
0.5423573219619376,526,25,1,0,1,0,1.9000000000000001,0.0,2025-Jan-29-19:12:46.431015
0.7561122308552579,527,25,1,0,-1,0,0.0,0.0,2025-Jan-29-19:12:46.486902
1.161059787788528,528,25,1,1,0,-1,0.0,0.0,2025-Jan-29-19:12:46.542176
0.5921787662199604,529,25,1,0,0,1,0.0,1.9000000000000001,2025-Jan-29-19:12:46.640496
0.7185205030005031,530,25,1,0,0,0,0.0,0.0,2025-Jan-29-19:12:46.715470
0.5921787662199604,531,25,1,0,0,1,0.0,1.9000000000000001,2025-Jan-29-19:12:46.816927
1.0735211430969913,532,25,1,1,0,0,0.0,0.0,2025-Jan-29-19:12:46.860973
0.7561122308552579,533,25,1,0,-1,0,0.0,0.0,2025-Jan-29-19:12:46.916285
0.5423573219619376,534,25,1,0,1,0,1.9000000000000001,0.0,2025-Jan-29-19:12:46.988174
0.4160201626761834,535,25,1,0,1,1,1.9000000000000001,1.9000000000000001,2025-Jan-29-19:12:47.095881
0.4160201626761834,536,25,1,0,1,1,1.9000000000000001,1.9000000000000001,2025-Jan-29-19:12:47.198392
0.5423573219619376,537,25,1,0,1,0,1.9000000000000001,0.0,2025-Jan-29-19:12:47.271104
0.7185205030005031,538,25,1,0,0,0,0.0,0.0,2025-Jan-29-19:12:47.313829
0.7185205030005031,539,25,1,0,0,0,0.0,0.0,2025-Jan-29-19:12:47.356250
0.629780506117975,540,25,1,0,-1,1,0.0,1.9000000000000001,2025-Jan-29-19:12:47.439338
0.6298883869405699,541,25,1,0,1,-1,1.9000000000000001,0.0,2025-Jan-29-19:12:47.522439
0.5423573219619376,542,25,1,0,1,0,1.9000000000000001,0.0,2025-Jan-29-19:12:47.625405
0.8436562666978078,543,25,1,0,-1,-1,0.0,0.0,2025-Jan-29-19:12:47.738023
0.4160201626761834,544,25,1,0,1,1,1.9000000000000001,1.9000000000000001,2025-Jan-29-19:12:47.842486
0.7185205030005031,545,25,1,0,0,0,0.0,0.0,2025-Jan-29-19:12:47.885380
0.7185205030005031,546,25,1,0,0,0,0.0,0.0,2025-Jan-29-19:12:48.004993
0.5921787662199604,547,25,1,0,0,1,0.0,1.9000000000000001,2025-Jan-29-19:12:48.079352
0.4160201626761834,548,25,1,0,1,1,1.9000000000000001,1.9000000000000001,2025-Jan-29-19:12:48.173512
0.4160201626761834,549,25,1,0,1,1,1.9000000000000001,1.9000000000000001,2025-Jan-29-19:12:48.268722
0.629780506117975,550,25,1,0,-1,1,0.0,1.9000000000000001,2025-Jan-29-19:12:48.352822
0.629780506117975,551,25,1,0,-1,1,0.0,1.9000000000000001,2025-Jan-29-19:12:48.436168
0.7185205030005031,552,25,1,0,0,0,0.0,0.0,2025-Jan-29-19:12:48.480909
1.0735211430969913,553,25,1,1,0,0,0.0,0.0,2025-Jan-29-19:12:48.523598
0.4160201626761834,554,25,1,0,1,1,1.9000000000000001,1.9000000000000001,2025-Jan-29-19:12:48.645690
0.6298883869405699,555,25,1,0,1,-1,1.9000000000000001,0.0,2025-Jan-29-19:12:48.754557
0.629780506117975,556,25,1,0,-1,1,0.0,1.9000000000000001,2025-Jan-29-19:12:48.838710
0.7185205030005031,557,25,1,0,0,0,0.0,0.0,2025-Jan-29-19:12:48.883527
0.7185205030005031,558,25,1,0,0,0,0.0,0.0,2025-Jan-29-19:12:48.928809
0.8436562666978078,559,25,1,0,-1,-1,0.0,0.0,2025-Jan-29-19:12:48.998051
0.8436562666978078,560,25,1,0,-1,-1,0.0,0.0,2025-Jan-29-19:12:49.065097
0.7185205030005031,561,25,1,0,0,0,0.0,0.0,2025-Jan-29-19:12:49.107701
0.7185205030005031,562,25,1,0,0,0,0.0,0.0,2025-Jan-29-19:12:49.150171
0.4160201626761834,563,25,1,0,1,1,1.9000000000000001,1.9000000000000001,2025-Jan-29-19:12:49.243691
1.0735211430969913,564,25,1,1,0,0,0.0,0.0,2025-Jan-29-19:12:49.286601
0.6298883869405699,565,25,1,0,1,-1,1.9000000000000001,0.0,2025-Jan-29-19:12:49.370175
1.161059787788528,566,25,1,1,0,-1,0.0,0.0,2025-Jan-29-19:12:49.425125
0.7185205030005031,567,25,1,0,0,0,0.0,0.0,2025-Jan-29-19:12:49.467842
0.8973579620796409,568,25,1,1,1,0,1.9000000000000001,0.0,2025-Jan-29-19:12:49.538279
0.629780506117975,569,25,1,0,-1,1,0.0,1.9000000000000001,2025-Jan-29-19:12:49.641786
0.9848890270480929,570,25,1,1,1,-1,1.9000000000000001,0.0,2025-Jan-29-19:12:49.751075
0.6298883869405699,571,25,1,0,1,-1,1.9000000000000001,0.0,2025-Jan-29-19:12:49.837038
0.8060591477019475,572,25,1,0,0,-1,0.0,0.0,2025-Jan-29-19:12:49.894614
0.9760242519712691,573,25,1,1,-1,1,0.0,1.9000000000000001,2025-Jan-29-19:12:49.977627
0.6298883869405699,574,25,1,0,1,-1,1.9000000000000001,0.0,2025-Jan-29-19:12:50.061917
0.5921787662199604,575,25,1,0,0,1,0.0,1.9000000000000001,2025-Jan-29-19:12:50.134219
0.6298883869405699,576,25,1,0,1,-1,1.9000000000000001,0.0,2025-Jan-29-19:12:50.217234
0.8436562666978078,577,25,1,0,-1,-1,0.0,0.0,2025-Jan-29-19:12:50.284374
0.7710208028095181,578,25,1,1,1,1,1.9000000000000001,1.9000000000000001,2025-Jan-29-19:12:50.377757
0.5921787662199604,579,25,1,0,0,1,0.0,1.9000000000000001,2025-Jan-29-19:12:50.451887
0.6298883869405699,580,25,1,0,1,-1,1.9000000000000001,0.0,2025-Jan-29-19:12:50.537071
0.5921787662199604,581,25,1,0,0,1,0.0,1.9000000000000001,2025-Jan-29-19:12:50.633288
0.7561122308552579,582,25,1,0,-1,0,0.0,0.0,2025-Jan-29-19:12:50.724664
0.7185205030005031,583,25,1,0,0,0,0.0,0.0,2025-Jan-29-19:12:50.789537
0.5423573219619376,584,25,1,0,1,0,1.9000000000000001,0.0,2025-Jan-29-19:12:50.867373
0.8973579620796409,585,25,1,1,1,0,1.9000000000000001,0.0,2025-Jan-29-19:12:50.950350
0.629780506117975,586,25,1,0,-1,1,0.0,1.9000000000000001,2025-Jan-29-19:12:51.034417
0.5423573219619376,587,25,1,0,1,0,1.9000000000000001,0.0,2025-Jan-29-19:12:51.106592
0.629780506117975,588,25,1,0,-1,1,0.0,1.9000000000000001,2025-Jan-29-19:12:51.190655
0.7185205030005031,589,25,1,0,0,0,0.0,0.0,2025-Jan-29-19:12:51.232917
0.629780506117975,590,25,1,0,-1,1,0.0,1.9000000000000001,2025-Jan-29-19:12:51.316187
0.5423573219619376,591,25,1,0,1,0,1.9000000000000001,0.0,2025-Jan-29-19:12:51.387233
0.5423573219619376,592,25,1,0,1,0,1.9000000000000001,0.0,2025-Jan-29-19:12:51.458871
0.8436562666978078,593,25,1,0,-1,-1,0.0,0.0,2025-Jan-29-19:12:51.526123
0.629780506117975,594,25,1,0,-1,1,0.0,1.9000000000000001,2025-Jan-29-19:12:51.634813
0.8973579620796409,595,25,1,1,1,0,1.9000000000000001,0.0,2025-Jan-29-19:12:51.742782
0.4160201626761834,596,25,1,0,1,1,1.9000000000000001,1.9000000000000001,2025-Jan-29-19:12:51.913861
0.5423573219619376,597,25,1,0,1,0,1.9000000000000001,0.0,2025-Jan-29-19:12:51.986314
0.4160201626761834,598,25,1,0,1,1,1.9000000000000001,1.9000000000000001,2025-Jan-29-19:12:52.084019
0.4160201626761834,599,25,1,0,1,1,1.9000000000000001,1.9000000000000001,2025-Jan-29-19:12:52.179161
0.8060591477019475,600,25,1,0,0,-1,0.0,0.0,2025-Jan-29-19:12:52.234759
0.629780506117975,601,25,1,0,-1,1,0.0,1.9000000000000001,2025-Jan-29-19:12:52.318253
