Cost,Sim,Switch_State_Indx,Gen1_on,Gen2_on,Batt1_mode,Batt2_mode,Batt1_power_kW,Batt2_power_kW,Timestamp
0.8747448488829315,2816,1,1,0,0,0,0.0,0.0,2025-Jan-30-22:17:14.661885
1.5847019540923193,2817,3,1,1,0,0,0.0,0.0,2025-Jan-30-22:17:14.762129
1.5847484356574353,2818,6,1,1,0,0,0.0,0.0,2025-Jan-30-22:17:14.836275
1.8322645241080329,2819,6,1,1,1,1,1.8,0.2,2025-Jan-30-22:17:14.902671
1.5322869910876102,2820,8,1,0,-1,1,0.0,1.2,2025-Jan-30-22:17:14.947673
1.5322869961950398,2821,8,1,0,-1,0,0.0,0.0,2025-Jan-30-22:17:14.985952
1.5847461334069333,2822,4,1,1,0,-1,0.0,0.0,2025-Jan-30-22:17:15.013240
1.6063594577513205,2823,1,1,1,0,-1,0.0,0.0,2025-Jan-30-22:17:15.047878
1.614162321244659,2824,6,1,1,0,-1,0.0,0.0,2025-Jan-30-22:17:15.084782
1.6063594577513205,2825,1,1,1,0,-1,0.0,0.0,2025-Jan-30-22:17:15.122680
0.8490084992439094,2826,6,1,0,-1,-1,0.0,0.0,2025-Jan-30-22:17:15.157366
1.5981507407667987,2827,0,1,1,0,-1,0.0,0.0,2025-Jan-30-22:17:15.262737
1.5315383122770792,2828,3,1,1,1,1,1.3,1.7,2025-Jan-30-22:17:15.303671
0.9193881525555189,2829,1,1,0,-1,-1,0.0,0.0,2025-Jan-30-22:17:15.345008
1.584746129656701,2830,4,1,1,0,0,0.0,0.0,2025-Jan-30-22:17:15.371110
0.8747448491731491,2831,5,1,0,0,0,0.0,0.0,2025-Jan-30-22:17:15.399527
1.6141599111698015,2832,2,1,1,1,-1,0.7,0.0,2025-Jan-30-22:17:15.438968
1.5315446115980673,2833,3,1,1,0,1,0.0,1.2,2025-Jan-30-22:17:15.479252
1.530986996195459,2834,7,1,0,0,-1,0.0,0.0,2025-Jan-30-22:17:15.516545
1.6153667336401796,2835,8,1,1,-1,-1,0.0,0.0,2025-Jan-30-22:17:15.549561
1.5328049974224176,2836,6,1,1,1,0,1.3,0.0,2025-Jan-30-22:17:15.587990
1.6141623215270673,2837,7,1,1,0,-1,0.0,0.0,2025-Jan-30-22:17:15.625008
1.6063594577513205,2838,1,1,1,0,-1,0.0,0.0,2025-Jan-30-22:17:15.669484
1.6141220391618645,2839,3,1,1,0,-1,0.0,0.0,2025-Jan-30-22:17:15.754406
0.9041586499145164,2840,2,1,0,-1,-1,0.0,0.0,2025-Jan-30-22:17:15.836977
1.5322869961950398,2841,8,1,0,-1,0,0.0,0.0,2025-Jan-30-22:17:15.876896
1.584746129656701,2842,4,1,1,0,0,0.0,0.0,2025-Jan-30-22:17:15.905261
0.8747448491731491,2843,3,1,0,0,0,0.0,0.0,2025-Jan-30-22:17:15.931437
1.6141599264617297,2844,2,1,1,0,-1,0.0,0.0,2025-Jan-30-22:17:15.965651
1.7847012963146889,2845,8,1,0,0,1,0.0,1.6,2025-Jan-30-22:17:15.998254
1.7847012823668567,2846,6,1,0,0,0,0.0,0.0,2025-Jan-30-22:17:16.027273
0.8215969188557032,2847,1,1,0,0,1,0.0,0.9,2025-Jan-30-22:17:16.064419
0.8747448339658599,2848,3,1,0,1,0,0.6,0.0,2025-Jan-30-22:17:16.095908
1.5847484356574353,2849,6,1,1,0,0,0.0,0.0,2025-Jan-30-22:17:16.122791
0.8215920941788648,2850,2,1,0,0,1,0.0,1.3,2025-Jan-30-22:17:16.161436
1.584746133406935,2851,2,1,1,-1,0,0.0,0.0,2025-Jan-30-22:17:16.189744
1.7847012926911678,2852,8,1,0,0,1,0.0,1.7,2025-Jan-30-22:17:16.221765
0.769657267581382,2853,0,1,0,1,1,1.0,0.7,2025-Jan-30-22:17:16.267899
1.530986993063932,2854,7,1,0,1,-1,1.0,0.0,2025-Jan-30-22:17:16.306971
1.5847019539472484,2855,1,1,1,0,0,0.0,0.0,2025-Jan-30-22:17:16.333987
1.5327516680282651,2856,1,1,1,1,0,0.4,0.0,2025-Jan-30-22:17:16.373571
1.531601827667184,2857,0,1,1,0,1,0.0,0.6,2025-Jan-30-22:17:16.414303
0.8747448491733278,2858,0,1,0,0,0,0.0,0.0,2025-Jan-30-22:17:16.442348
1.7074358974358974,2859,6,1,1,1,1,0.5,0.7,2025-Jan-30-22:17:16.493916
1.784701313454272,2860,7,1,0,-1,0,0.0,0.0,2025-Jan-30-22:17:16.525181
1.8309802029985556,2861,1,1,1,1,1,0.2,1.7,2025-Jan-30-22:17:16.568428
1.5847019539472484,2862,1,1,1,0,0,0.0,0.0,2025-Jan-30-22:17:16.598646
1.614159930101928,2863,2,1,1,-1,-1,0.0,0.0,2025-Jan-30-22:17:16.634235
1.5847484359473927,2864,8,1,1,0,0,0.0,0.0,2025-Jan-30-22:17:16.678574
1.562167620394484,2865,1,1,1,-1,1,0.0,1.1,2025-Jan-30-22:17:16.781426
1.53098698874382,2866,7,1,0,1,-1,0.4,0.0,2025-Jan-30-22:17:16.856228
1.5847019540923193,2867,3,1,1,0,0,0.0,0.0,2025-Jan-30-22:17:16.886016
1.5847019540923193,2868,3,1,1,0,0,0.0,0.0,2025-Jan-30-22:17:16.914726
1.562215777183872,2869,6,1,1,1,-1,1.5,0.0,2025-Jan-30-22:17:16.958527
1.5322869961950398,2870,8,1,0,-1,0,0.0,0.0,2025-Jan-30-22:17:16.995565
1.7847012822924158,2871,8,1,0,0,0,0.0,0.0,2025-Jan-30-22:17:17.024575
1.5847019540923193,2872,3,1,1,0,0,0.0,0.0,2025-Jan-30-22:17:17.054437
1.5981507407667987,2873,0,1,1,0,-1,0.0,0.0,2025-Jan-30-22:17:17.091952
1.5847461334069333,2874,4,1,1,0,-1,0.0,0.0,2025-Jan-30-22:17:17.118940
0.8747448529233814,2875,5,1,0,0,-1,0.0,0.0,2025-Jan-30-22:17:17.146486
0.8490084992439094,2876,6,1,0,-1,-1,0.0,0.0,2025-Jan-30-22:17:17.184448
1.5981507407667987,2877,0,1,1,0,-1,0.0,0.0,2025-Jan-30-22:17:17.217823
1.6141599110045952,2878,2,1,1,1,-1,1.2,0.0,2025-Jan-30-22:17:17.322850
0.905363378617938,2879,5,1,0,-1,-1,0.0,0.0,2025-Jan-30-22:17:17.363469
1.584746129656701,2880,4,1,1,0,0,0.0,0.0,2025-Jan-30-22:17:17.392485
1.7847012823668567,2881,6,1,0,0,0,0.0,0.0,2025-Jan-30-22:17:17.423872
1.6141599264617297,2882,2,1,1,0,-1,0.0,0.0,2025-Jan-30-22:17:17.460383
1.6063594577513205,2883,1,1,1,0,-1,0.0,0.0,2025-Jan-30-22:17:17.495131
1.7847013134538594,2884,8,1,0,0,-1,0.0,0.0,2025-Jan-30-22:17:17.525298
1.5847484396943574,2885,8,1,1,0,-1,0.0,0.0,2025-Jan-30-22:17:17.555719
0.822800520254056,2886,5,1,0,1,0,1.1,0.0,2025-Jan-30-22:17:17.595652
1.614162321244659,2887,6,1,1,0,-1,0.0,0.0,2025-Jan-30-22:17:17.632055
1.6063594577513205,2888,1,1,1,0,-1,0.0,0.0,2025-Jan-30-22:17:17.664619
1.5847019539472484,2889,1,1,1,0,0,0.0,0.0,2025-Jan-30-22:17:17.743311
0.8228005202542494,2890,0,1,0,1,0,1.1,0.0,2025-Jan-30-22:17:17.833125
1.5322869961950398,2891,8,1,0,-1,0,0.0,0.0,2025-Jan-30-22:17:17.883381
1.5847019540923193,2892,3,1,1,0,0,0.0,0.0,2025-Jan-30-22:17:17.910289
0.8747448494635456,2893,4,1,0,0,0,0.0,0.0,2025-Jan-30-22:17:17.938759
1.5847019540923193,2894,3,1,1,0,0,0.0,0.0,2025-Jan-30-22:17:17.965760
0.87474483370009,2895,5,1,0,0,1,0.0,1.5,2025-Jan-30-22:17:17.998089
1.7847012823668567,2896,6,1,0,0,0,0.0,0.0,2025-Jan-30-22:17:18.028078
0.8747448488829315,2897,1,1,0,0,0,0.0,0.0,2025-Jan-30-22:17:18.057140
0.8227997491403438,2898,0,1,0,1,0,0.6,0.0,2025-Jan-30-22:17:18.096445
1.5847019540919232,2899,5,1,1,0,0,0.0,0.0,2025-Jan-30-22:17:18.122941
0.8215945048852495,2900,2,1,0,0,1,0.0,1.1,2025-Jan-30-22:17:18.161847
1.5847461296567011,2901,2,1,1,0,0,0.0,0.0,2025-Jan-30-22:17:18.197695
1.7847012926911678,2902,8,1,0,0,1,0.0,1.7,2025-Jan-30-22:17:18.229156
0.8881494605956468,2903,0,1,0,0,-1,0.0,0.0,2025-Jan-30-22:17:18.265176
1.7847013134538594,2904,8,1,0,0,-1,0.0,0.0,2025-Jan-30-22:17:18.296372
1.5847461296567011,2905,2,1,1,0,0,0.0,0.0,2025-Jan-30-22:17:18.324878
0.8583360106420266,2906,1,1,0,1,0,0.1,0.0,2025-Jan-30-22:17:18.354323
1.5981507407667987,2907,0,1,1,0,-1,0.0,0.0,2025-Jan-30-22:17:18.388820
0.8747448494635457,2908,2,1,0,0,0,0.0,0.0,2025-Jan-30-22:17:18.417863
1.6153667300073198,2909,8,1,1,-1,0,0.0,0.0,2025-Jan-30-22:17:18.452633
0.9053633749818047,2910,5,1,0,-1,0,0.0,0.0,2025-Jan-30-22:17:18.487324
1.5304736249163404,2911,6,1,0,1,-1,0.1,0.0,2025-Jan-30-22:17:18.523570
0.8747448491733278,2912,0,1,0,0,0,0.0,0.0,2025-Jan-30-22:17:18.552461
1.6153646551691805,2913,0,1,1,-1,0,0.0,0.0,2025-Jan-30-22:17:18.586495
1.7847012822924158,2914,8,1,0,0,0,0.0,0.0,2025-Jan-30-22:17:18.618199
1.562219619264573,2915,0,1,1,-1,1,0.0,0.9,2025-Jan-30-22:17:18.670127
1.530986996195459,2916,7,1,0,0,-1,0.0,0.0,2025-Jan-30-22:17:18.758777
0.9053633749819754,2917,0,1,0,-1,0,0.0,0.0,2025-Jan-30-22:17:18.834059
0.9041586499145164,2918,2,1,0,-1,-1,0.0,0.0,2025-Jan-30-22:17:18.873978
0.8747448494635457,2919,2,1,0,0,0,0.0,0.0,2025-Jan-30-22:17:18.909290
0.8583360147516415,2920,5,1,0,1,-1,0.1,0.0,2025-Jan-30-22:17:18.939565
0.8881494605956468,2921,0,1,0,0,-1,0.0,0.0,2025-Jan-30-22:17:18.975545
1.5847461296567011,2922,2,1,1,0,0,0.0,0.0,2025-Jan-30-22:17:19.003641
1.6153667297259997,2923,6,1,1,-1,0,0.0,0.0,2025-Jan-30-22:17:19.038224
0.8747448494635457,2924,2,1,0,0,0,0.0,0.0,2025-Jan-30-22:17:19.066926
0.87474483370009,2925,5,1,0,0,1,0.0,1.5,2025-Jan-30-22:17:19.100146
0.8747448491731491,2926,5,1,0,0,0,0.0,0.0,2025-Jan-30-22:17:19.127385
1.5622150103171852,2927,0,1,1,-1,1,0.0,1.3,2025-Jan-30-22:17:19.175065
0.888149460778483,2928,2,1,0,0,-1,0.0,0.0,2025-Jan-30-22:17:19.210818
0.8747448491733278,2929,0,1,0,0,0,0.0,0.0,2025-Jan-30-22:17:19.301351
0.8747448529233814,2930,5,1,0,0,-1,0.0,0.0,2025-Jan-30-22:17:19.329185
0.888149460778483,2931,2,1,0,0,-1,0.0,0.0,2025-Jan-30-22:17:19.364171
1.7847013134538594,2932,8,1,0,0,-1,0.0,0.0,2025-Jan-30-22:17:19.395985
0.8747448491733278,2933,0,1,0,0,0,0.0,0.0,2025-Jan-30-22:17:19.426408
0.9053633747002237,2934,1,1,0,-1,0,0.0,0.0,2025-Jan-30-22:17:19.463200
0.8522121878885919,2935,0,1,0,1,-1,0.6,0.0,2025-Jan-30-22:17:19.511331
0.8228000566004263,2936,0,1,0,1,0,0.8,0.0,2025-Jan-30-22:17:19.548820
1.5315433535200773,2937,3,1,1,0,1,0.0,1.3,2025-Jan-30-22:17:19.586942
0.9053633752635563,2938,4,1,0,-1,0,0.0,0.0,2025-Jan-30-22:17:19.623518
0.8215945045793993,2939,0,1,0,0,1,0.0,1.1,2025-Jan-30-22:17:19.675169
0.8747448341656374,2940,5,1,0,0,1,0.0,1.6,2025-Jan-30-22:17:19.766460
1.5847484396943574,2941,8,1,1,0,-1,0.0,0.0,2025-Jan-30-22:17:19.854416
0.8747448491733278,2942,0,1,0,0,0,0.0,0.0,2025-Jan-30-22:17:19.883621
0.9041586496325047,2943,3,1,0,-1,-1,0.0,0.0,2025-Jan-30-22:17:19.919279
1.6141623215270673,2944,7,1,1,0,-1,0.0,0.0,2025-Jan-30-22:17:19.953478
0.8747448340896368,2945,4,1,0,0,1,0.0,1.3,2025-Jan-30-22:17:19.985019
0.8881494605956468,2946,0,1,0,0,-1,0.0,0.0,2025-Jan-30-22:17:20.021930
1.5322869961950296,2947,6,1,0,-1,0,0.0,0.0,2025-Jan-30-22:17:20.060394
1.5847019540923193,2948,3,1,1,0,0,0.0,0.0,2025-Jan-30-22:17:20.088678
0.8747448491733278,2949,0,1,0,0,0,0.0,0.0,2025-Jan-30-22:17:20.118773
1.784701302283326,2950,8,1,0,1,0,1.1,0.0,2025-Jan-30-22:17:20.149426
1.5622155041832104,2951,6,1,1,1,-1,1.9,0.0,2025-Jan-30-22:17:20.194620
0.8747448491731491,2952,5,1,0,0,0,0.0,0.0,2025-Jan-30-22:17:20.223832
0.8747448494635456,2953,4,1,0,0,0,0.0,0.0,2025-Jan-30-22:17:20.251766
0.9347793000872058,2954,0,1,0,-1,-1,0.0,0.0,2025-Jan-30-22:17:20.293930
0.9347793000872058,2955,0,1,0,-1,-1,0.0,0.0,2025-Jan-30-22:17:20.336067
1.584746129656701,2956,4,1,1,0,0,0.0,0.0,2025-Jan-30-22:17:20.364555
0.9053633749819754,2957,0,1,0,-1,0,0.0,0.0,2025-Jan-30-22:17:20.402254
0.8747448491733278,2958,0,1,0,0,0,0.0,0.0,2025-Jan-30-22:17:20.430318
0.8747448494635457,2959,2,1,0,0,0,0.0,0.0,2025-Jan-30-22:17:20.457993
1.531600602145625,2960,2,1,1,1,1,0.4,0.7,2025-Jan-30-22:17:20.498271
1.5981507407667987,2961,0,1,1,0,-1,0.0,0.0,2025-Jan-30-22:17:20.533271
1.784701305229852,2962,6,1,0,1,0,0.6,0.0,2025-Jan-30-22:17:20.562988
1.5847461293664833,2963,0,1,1,0,0,0.0,0.0,2025-Jan-30-22:17:20.592138
1.5847461293664833,2964,0,1,1,0,0,0.0,0.0,2025-Jan-30-22:17:20.621264
0.8747448491733278,2965,0,1,0,0,0,0.0,0.0,2025-Jan-30-22:17:20.651352
1.5847019540923193,2966,3,1,1,0,0,0.0,0.0,2025-Jan-30-22:17:20.717540
1.584746129656701,2967,4,1,1,0,0,0.0,0.0,2025-Jan-30-22:17:20.792713
1.584746129656701,2968,4,1,1,0,0,0.0,0.0,2025-Jan-30-22:17:20.856473
1.5328058150708292,2969,8,1,1,1,0,1.8,0.0,2025-Jan-30-22:17:20.895902
1.7847012760693635,2970,8,1,0,0,1,0.0,1.4,2025-Jan-30-22:17:20.925391
1.7847012822924158,2971,8,1,0,0,0,0.0,0.0,2025-Jan-30-22:17:20.956940
1.5981507407667987,2972,0,1,1,0,-1,0.0,0.0,2025-Jan-30-22:17:20.992426
1.5847019540923193,2973,3,1,1,0,0,0.0,0.0,2025-Jan-30-22:17:21.021815
1.5309869961954488,2974,6,1,0,0,-1,0.0,0.0,2025-Jan-30-22:17:21.059705
1.5309869940559397,2975,7,1,0,1,-1,1.8,0.0,2025-Jan-30-22:17:21.099362
0.905363378617938,2976,5,1,0,-1,-1,0.0,0.0,2025-Jan-30-22:17:21.135079
1.5981507407667987,2977,0,1,1,0,-1,0.0,0.0,2025-Jan-30-22:17:21.168351
0.8747448340746221,2978,5,1,0,0,1,0.0,1.7,2025-Jan-30-22:17:21.200144
0.9041586457104427,2979,1,1,0,0,-1,0.0,0.0,2025-Jan-30-22:17:21.234962
1.5847019540923193,2980,3,1,1,0,0,0.0,0.0,2025-Jan-30-22:17:21.263330
0.8747448494635456,2981,4,1,0,0,0,0.0,0.0,2025-Jan-30-22:17:21.293340
0.8881494442217887,2982,2,1,0,1,-1,0.1,0.0,2025-Jan-30-22:17:21.334269
1.5847484359481976,2983,7,1,1,0,0,0.0,0.0,2025-Jan-30-22:17:21.363670
0.8747448529233814,2984,5,1,0,0,-1,0.0,0.0,2025-Jan-30-22:17:21.390771
1.7847012822924566,2985,7,1,0,0,0,0.0,0.0,2025-Jan-30-22:17:21.423675
0.9053633749818047,2986,5,1,0,-1,0,0.0,0.0,2025-Jan-30-22:17:21.459972
1.614162321244659,2987,6,1,1,0,-1,0.0,0.0,2025-Jan-30-22:17:21.498762
1.5981507407667987,2988,0,1,1,0,-1,0.0,0.0,2025-Jan-30-22:17:21.535780
1.5847461296567011,2989,2,1,1,0,0,0.0,0.0,2025-Jan-30-22:17:21.567205
0.8228003663113987,2990,1,1,0,1,0,1.0,0.0,2025-Jan-30-22:17:21.608010
0.8747448529233829,2991,3,1,0,-1,0,0.0,0.0,2025-Jan-30-22:17:21.636373
1.5847019540923193,2992,3,1,1,0,0,0.0,0.0,2025-Jan-30-22:17:21.744669
0.8747448491731491,2993,3,1,0,0,0,0.0,0.0,2025-Jan-30-22:17:21.818540
1.7847012822924158,2994,8,1,0,0,0,0.0,0.0,2025-Jan-30-22:17:21.882216
1.7847012822924158,2995,8,1,0,0,0,0.0,0.0,2025-Jan-30-22:17:21.915320
0.8747448491731491,2996,5,1,0,0,0,0.0,0.0,2025-Jan-30-22:17:21.942560
0.8215920938730216,2997,0,1,0,0,1,0.0,1.3,2025-Jan-30-22:17:21.984769
0.9053633749819754,2998,0,1,0,-1,0,0.0,0.0,2025-Jan-30-22:17:22.020117
1.5847484359473927,2999,8,1,1,0,0,0.0,0.0,2025-Jan-30-22:17:22.048169
0.8215932998667367,3000,0,1,0,0,1,0.0,1.2,2025-Jan-30-22:17:22.086866
1.5847019540923193,3001,3,1,1,0,0,0.0,0.0,2025-Jan-30-22:17:22.117153
1.784701284615097,3002,8,1,0,0,1,0.0,1.8,2025-Jan-30-22:17:22.147389
0.9041586457104427,3003,1,1,0,0,-1,0.0,0.0,2025-Jan-30-22:17:22.181977
1.5309869937423177,3004,7,1,0,1,-1,1.3,0.0,2025-Jan-30-22:17:22.224668
1.584746129656701,3005,4,1,1,0,0,0.0,0.0,2025-Jan-30-22:17:22.251699
1.5847019376299052,3006,3,1,1,1,0,0.4,0.0,2025-Jan-30-22:17:22.280376
1.5847461293664833,3007,0,1,1,0,0,0.0,0.0,2025-Jan-30-22:17:22.310185
0.8747448491733278,3008,0,1,0,0,0,0.0,0.0,2025-Jan-30-22:17:22.338620
1.6153646590868944,3009,4,1,1,-1,-1,0.0,0.0,2025-Jan-30-22:17:22.373792
0.8747448491731491,3010,5,1,0,0,0,0.0,0.0,2025-Jan-30-22:17:22.404111
0.8583360150468824,3011,4,1,0,1,-1,0.1,0.0,2025-Jan-30-22:17:22.432623
0.8747448494635457,3012,2,1,0,0,0,0.0,0.0,2025-Jan-30-22:17:22.459669
0.9053633747002237,3013,1,1,0,-1,0,0.0,0.0,2025-Jan-30-22:17:22.494832
1.7847012822924158,3014,8,1,0,0,0,0.0,0.0,2025-Jan-30-22:17:22.525726
0.9193881525555189,3015,1,1,0,-1,-1,0.0,0.0,2025-Jan-30-22:17:22.568154
0.9041586459923068,3016,3,1,0,0,-1,0.0,0.0,2025-Jan-30-22:17:22.604721
0.8747448488829315,3017,1,1,0,0,0,0.0,0.0,2025-Jan-30-22:17:22.633287
1.5847461334069333,3018,4,1,1,0,-1,0.0,0.0,2025-Jan-30-22:17:22.662754
0.821589687977737,3019,1,1,0,0,1,0.0,1.5,2025-Jan-30-22:17:22.702468
0.8227994424949018,3020,0,1,0,1,0,0.4,0.0,2025-Jan-30-22:17:22.794607
1.531588109634344,3021,6,1,1,0,1,0.0,1.9,2025-Jan-30-22:17:22.875392
0.9053633749819754,3022,0,1,0,-1,0,0.0,0.0,2025-Jan-30-22:17:22.931055
1.584746129656701,3023,4,1,1,0,0,0.0,0.0,2025-Jan-30-22:17:22.962974
0.8215920935669413,3024,1,1,0,0,1,0.0,1.3,2025-Jan-30-22:17:23.005048
0.9347793000872058,3025,0,1,0,-1,-1,0.0,0.0,2025-Jan-30-22:17:23.054254
0.8747448494635456,3026,4,1,0,0,0,0.0,0.0,2025-Jan-30-22:17:23.087676
1.784701291356817,3027,7,1,0,0,1,0.0,1.9,2025-Jan-30-22:17:23.122164
1.7847012822924566,3028,7,1,0,0,0,0.0,0.0,2025-Jan-30-22:17:23.161305
0.8215896882838103,3029,0,1,0,0,1,0.0,1.5,2025-Jan-30-22:17:23.209179
0.8215860867794186,3030,0,1,0,0,1,0.0,1.8,2025-Jan-30-22:17:23.248432
0.9041586459923068,3031,3,1,0,0,-1,0.0,0.0,2025-Jan-30-22:17:23.285769
0.8747448491731491,3032,5,1,0,0,0,0.0,0.0,2025-Jan-30-22:17:23.318028
0.8419269824167898,3033,5,1,0,1,-1,0.2,0.0,2025-Jan-30-22:17:23.346429
1.5328018004581445,3034,0,1,1,1,0,1.1,0.0,2025-Jan-30-22:17:23.386948
0.8747448494635456,3035,4,1,0,0,0,0.0,0.0,2025-Jan-30-22:17:23.416623
0.888149460778483,3036,2,1,0,0,-1,0.0,0.0,2025-Jan-30-22:17:23.451660
0.9053633749819754,3037,0,1,0,-1,0,0.0,0.0,2025-Jan-30-22:17:23.488232
0.8747448494635456,3038,4,1,0,0,0,0.0,0.0,2025-Jan-30-22:17:23.519296
0.8747448491731491,3039,3,1,0,0,0,0.0,0.0,2025-Jan-30-22:17:23.619413
1.5847019540923193,3040,3,1,1,0,0,0.0,0.0,2025-Jan-30-22:17:23.649249
1.6153646551691805,3041,0,1,1,-1,0,0.0,0.0,2025-Jan-30-22:17:23.684785
0.8747448491731491,3042,5,1,0,0,0,0.0,0.0,2025-Jan-30-22:17:23.727669
1.5847019540919232,3043,5,1,1,0,0,0.0,0.0,2025-Jan-30-22:17:23.804601
1.5322870199427683,3044,8,1,0,-1,-1,0.0,0.0,2025-Jan-30-22:17:23.888942
0.8747448491733278,3045,0,1,0,0,0,0.0,0.0,2025-Jan-30-22:17:23.919817
1.7847012822924158,3046,8,1,0,0,0,0.0,0.0,2025-Jan-30-22:17:23.951069
0.8747448491731491,3047,5,1,0,0,0,0.0,0.0,2025-Jan-30-22:17:23.978757
0.8747448491731491,3048,3,1,0,0,0,0.0,0.0,2025-Jan-30-22:17:24.007381
0.8747448488829315,3049,1,1,0,0,0,0.0,0.0,2025-Jan-30-22:17:24.036989
1.5847461293664833,3050,0,1,1,0,0,0.0,0.0,2025-Jan-30-22:17:24.065248
1.584746133406935,3051,2,1,1,-1,0,0.0,0.0,2025-Jan-30-22:17:24.093690
0.9053633752635563,3052,4,1,0,-1,0,0.0,0.0,2025-Jan-30-22:17:24.130212
0.8747448494635457,3053,2,1,0,0,0,0.0,0.0,2025-Jan-30-22:17:24.157213
0.8747448491733278,3054,0,1,0,0,0,0.0,0.0,2025-Jan-30-22:17:24.185430
0.8747448494635457,3055,2,1,0,0,0,0.0,0.0,2025-Jan-30-22:17:24.213611
0.8215933001725835,3056,2,1,0,0,1,0.0,1.2,2025-Jan-30-22:17:24.253756
0.8227994424949018,3057,0,1,0,1,0,0.4,0.0,2025-Jan-30-22:17:24.293911
1.7847012823668567,3058,6,1,0,0,0,0.0,0.0,2025-Jan-30-22:17:24.326904
0.8747448491733278,3059,0,1,0,0,0,0.0,0.0,2025-Jan-30-22:17:24.353886
0.8747448491731491,3060,5,1,0,0,0,0.0,0.0,2025-Jan-30-22:17:24.385477
0.8747448491733278,3061,0,1,0,0,0,0.0,0.0,2025-Jan-30-22:17:24.413894
0.8747448491731491,3062,5,1,0,0,0,0.0,0.0,2025-Jan-30-22:17:24.443140
1.5847019540923193,3063,3,1,1,0,0,0.0,0.0,2025-Jan-30-22:17:24.472655
0.8747448491731491,3064,3,1,0,0,0,0.0,0.0,2025-Jan-30-22:17:24.499666
0.8747448488829315,3065,1,1,0,0,0,0.0,0.0,2025-Jan-30-22:17:24.531141
0.8725325234156063,3066,0,1,0,-1,1,0.0,0.2,2025-Jan-30-22:17:24.569035
0.8747448491731491,3067,5,1,0,0,0,0.0,0.0,2025-Jan-30-22:17:24.599549
1.5847019540923193,3068,3,1,1,0,0,0.0,0.0,2025-Jan-30-22:17:24.630489
1.5847461293664833,3069,0,1,1,0,0,0.0,0.0,2025-Jan-30-22:17:24.662629
1.7847012822924158,3070,8,1,0,0,0,0.0,0.0,2025-Jan-30-22:17:24.696328
1.5322869961950398,3071,8,1,0,-1,0,0.0,0.0,2025-Jan-30-22:17:24.750861
1.5847019539472484,3072,1,1,1,0,0,0.0,0.0,2025-Jan-30-22:17:24.820515
1.6153224933224726,3073,1,1,1,-1,0,0.0,0.0,2025-Jan-30-22:17:24.895186
0.8215848875302478,3074,3,1,0,0,1,0.0,1.9,2025-Jan-30-22:17:24.936202
0.874744853213778,3075,4,1,0,0,-1,0.0,0.0,2025-Jan-30-22:17:24.964277
0.8747448529233814,3076,5,1,0,0,-1,0.0,0.0,2025-Jan-30-22:17:24.992302
1.5981507407667987,3077,0,1,1,0,-1,0.0,0.0,2025-Jan-30-22:17:25.030513
1.6141220391618645,3078,3,1,1,0,-1,0.0,0.0,2025-Jan-30-22:17:25.067714
0.8215993367457423,3079,0,1,0,0,1,0.0,0.7,2025-Jan-30-22:17:25.110784
1.5847019540923193,3080,3,1,1,0,0,0.0,0.0,2025-Jan-30-22:17:25.137328
0.8747448494635457,3081,2,1,0,0,0,0.0,0.0,2025-Jan-30-22:17:25.167908
0.8747448491733278,3082,0,1,0,0,0,0.0,0.0,2025-Jan-30-22:17:25.195907
1.5315420959426849,3083,3,1,1,0,1,0.0,1.4,2025-Jan-30-22:17:25.239230
0.8747448491733278,3084,0,1,0,0,0,0.0,0.0,2025-Jan-30-22:17:25.270120
1.5847484359473927,3085,8,1,1,0,0,0.0,0.0,2025-Jan-30-22:17:25.298513
0.822800676312295,3086,5,1,0,1,0,1.2,0.0,2025-Jan-30-22:17:25.337670
1.5847484396943574,3087,8,1,1,0,-1,0.0,0.0,2025-Jan-30-22:17:25.363770
1.5981507407667987,3088,0,1,1,0,-1,0.0,0.0,2025-Jan-30-22:17:25.398762
0.8747448488829315,3089,1,1,0,0,0,0.0,0.0,2025-Jan-30-22:17:25.428112
0.9053633749819754,3090,0,1,0,-1,0,0.0,0.0,2025-Jan-30-22:17:25.463296
0.8747448491731491,3091,3,1,0,0,0,0.0,0.0,2025-Jan-30-22:17:25.492296
0.8747448494635457,3092,2,1,0,0,0,0.0,0.0,2025-Jan-30-22:17:25.521412
0.8747448488829315,3093,1,1,0,0,0,0.0,0.0,2025-Jan-30-22:17:25.549103
1.5847019540923193,3094,3,1,1,0,0,0.0,0.0,2025-Jan-30-22:17:25.577922
0.7943549317735908,3095,1,1,0,1,1,1.9,1.9,2025-Jan-30-22:17:25.615372
0.8747448494635456,3096,4,1,0,0,0,0.0,0.0,2025-Jan-30-22:17:25.648897
0.8881494605956468,3097,0,1,0,0,-1,0.0,0.0,2025-Jan-30-22:17:25.687811
0.9053633749819754,3098,0,1,0,-1,0,0.0,0.0,2025-Jan-30-22:17:25.733079
1.7847012822924566,3099,7,1,0,0,0,0.0,0.0,2025-Jan-30-22:17:25.810774
0.8215993370516068,3100,2,1,0,0,1,0.0,0.7,2025-Jan-30-22:17:25.954988
1.7847012823668567,3101,6,1,0,0,0,0.0,0.0,2025-Jan-30-22:17:25.993391
1.7847012822924566,3102,7,1,0,0,0,0.0,0.0,2025-Jan-30-22:17:26.025501
0.9053633749819754,3103,0,1,0,-1,0,0.0,0.0,2025-Jan-30-22:17:26.058757
0.8522118934260952,3104,1,1,0,1,-1,1.0,0.0,2025-Jan-30-22:17:26.105021
1.5847019539472484,3105,1,1,1,0,0,0.0,0.0,2025-Jan-30-22:17:26.131019
1.568291618592703,3106,1,1,1,1,0,0.1,0.0,2025-Jan-30-22:17:26.159049
0.8747448491733278,3107,0,1,0,0,0,0.0,0.0,2025-Jan-30-22:17:26.189220
0.8747448494635457,3108,2,1,0,0,0,0.0,0.0,2025-Jan-30-22:17:26.218115
1.6153224933224726,3109,1,1,1,-1,0,0.0,0.0,2025-Jan-30-22:17:26.252743
0.8747448488829315,3110,1,1,0,0,0,0.0,0.0,2025-Jan-30-22:17:26.280778
1.7847013107777088,3111,8,1,0,1,0,0.4,0.0,2025-Jan-30-22:17:26.311855
1.5847019539472484,3112,1,1,1,0,0,0.0,0.0,2025-Jan-30-22:17:26.341055
0.9053633749819754,3113,0,1,0,-1,0,0.0,0.0,2025-Jan-30-22:17:26.375715
1.5847484359481976,3114,7,1,1,0,0,0.0,0.0,2025-Jan-30-22:17:26.406618
0.8747448529233829,3115,3,1,0,-1,0,0.0,0.0,2025-Jan-30-22:17:26.434366
0.8747448491731491,3116,3,1,0,0,0,0.0,0.0,2025-Jan-30-22:17:26.462544
1.7847012822924566,3117,7,1,0,0,0,0.0,0.0,2025-Jan-30-22:17:26.493462
1.5847019539472484,3118,1,1,1,0,0,0.0,0.0,2025-Jan-30-22:17:26.523226
0.8881494605956468,3119,0,1,0,0,-1,0.0,0.0,2025-Jan-30-22:17:26.560516
0.8352230929741524,3120,0,1,0,1,-1,1.0,0.0,2025-Jan-30-22:17:26.611162
0.8747448494635456,3121,4,1,0,0,0,0.0,0.0,2025-Jan-30-22:17:26.642789
0.8747448491733278,3122,0,1,0,0,0,0.0,0.0,2025-Jan-30-22:17:26.672748
0.9053633749819754,3123,0,1,0,-1,0,0.0,0.0,2025-Jan-30-22:17:26.710212
1.6141599264617297,3124,2,1,1,0,-1,0.0,0.0,2025-Jan-30-22:17:26.765791
0.8747448491733278,3125,0,1,0,0,0,0.0,0.0,2025-Jan-30-22:17:26.846816
0.769652230256738,3126,1,1,0,1,1,1.6,1.3,2025-Jan-30-22:17:26.930634
0.9053633749819754,3127,0,1,0,-1,0,0.0,0.0,2025-Jan-30-22:17:26.965395
0.8747448488829315,3128,1,1,0,0,0,0.0,0.0,2025-Jan-30-22:17:26.993507
0.8215872856013205,3129,0,1,0,0,1,0.0,1.7,2025-Jan-30-22:17:27.032248
0.8747448491733278,3130,0,1,0,0,0,0.0,0.0,2025-Jan-30-22:17:27.060888
0.8227999065321201,3131,5,1,0,1,-1,0.7,0.0,2025-Jan-30-22:17:27.100011
0.8583309364428877,3132,3,1,0,0,1,0.0,0.1,2025-Jan-30-22:17:27.130467
0.8747448491733278,3133,0,1,0,0,0,0.0,0.0,2025-Jan-30-22:17:27.163094
0.8747448494635457,3134,2,1,0,0,0,0.0,0.0,2025-Jan-30-22:17:27.192670
0.8747448491733278,3135,0,1,0,0,0,0.0,0.0,2025-Jan-30-22:17:27.222113
0.8747448529233814,3136,5,1,0,0,-1,0.0,0.0,2025-Jan-30-22:17:27.251377
1.5847019540919232,3137,5,1,1,0,0,0.0,0.0,2025-Jan-30-22:17:27.343211
1.5847461293664833,3138,0,1,1,0,0,0.0,0.0,2025-Jan-30-22:17:27.377562
0.8747448488829315,3139,1,1,0,0,0,0.0,0.0,2025-Jan-30-22:17:27.407652
0.8747448494635457,3140,2,1,0,0,0,0.0,0.0,2025-Jan-30-22:17:27.437329
0.8747448494635456,3141,4,1,0,0,0,0.0,0.0,2025-Jan-30-22:17:27.464372
0.8255177572805873,3142,0,1,0,1,0,0.3,0.0,2025-Jan-30-22:17:27.492399
1.6153646554507612,3143,4,1,1,-1,0,0.0,0.0,2025-Jan-30-22:17:27.529500
0.8215993367457423,3144,0,1,0,0,1,0.0,0.7,2025-Jan-30-22:17:27.569087
1.7847012930882342,3145,6,1,0,0,1,0.0,1.5,2025-Jan-30-22:17:27.600177
0.8747448488829315,3146,1,1,0,0,0,0.0,0.0,2025-Jan-30-22:17:27.629520
0.888149460778483,3147,2,1,0,0,-1,0.0,0.0,2025-Jan-30-22:17:27.664582
1.7847012883995097,3148,7,1,0,1,0,1.5,0.0,2025-Jan-30-22:17:27.698593
0.9041586457104427,3149,1,1,0,0,-1,0.0,0.0,2025-Jan-30-22:17:27.750192
1.5847461293664833,3150,0,1,1,0,0,0.0,0.0,2025-Jan-30-22:17:27.823096
0.8747448491733278,3151,0,1,0,0,0,0.0,0.0,2025-Jan-30-22:17:27.905596
0.7696564179737392,3152,0,1,0,1,1,1.1,0.8,2025-Jan-30-22:17:27.958570
1.5322869961950398,3153,8,1,0,-1,0,0.0,0.0,2025-Jan-30-22:17:27.994336
0.8228003663113987,3154,1,1,0,1,0,1.0,0.0,2025-Jan-30-22:17:28.036199
0.8747448491733278,3155,0,1,0,0,0,0.0,0.0,2025-Jan-30-22:17:28.065508
1.5309869961954488,3156,6,1,0,0,-1,0.0,0.0,2025-Jan-30-22:17:28.103583
0.8747448488829315,3157,1,1,0,0,0,0.0,0.0,2025-Jan-30-22:17:28.132112
1.6153646551691805,3158,0,1,1,-1,0,0.0,0.0,2025-Jan-30-22:17:28.166635
0.9053633749819754,3159,0,1,0,-1,0,0.0,0.0,2025-Jan-30-22:17:28.204306
0.7600012813438732,3160,6,1,0,1,-1,0.7,0.0,2025-Jan-30-22:17:28.247273
0.8352233057269411,3161,1,1,0,1,-1,1.2,0.0,2025-Jan-30-22:17:28.292716
0.8747448494635456,3162,4,1,0,0,0,0.0,0.0,2025-Jan-30-22:17:28.321324
0.8583360109372675,3163,0,1,0,1,0,0.1,0.0,2025-Jan-30-22:17:28.350310
1.7847012822924566,3164,7,1,0,0,0,0.0,0.0,2025-Jan-30-22:17:28.381730
0.7696588770752957,3165,0,1,0,1,1,1.1,0.6,2025-Jan-30-22:17:28.432763
1.584746129656701,3166,4,1,1,0,0,0.0,0.0,2025-Jan-30-22:17:28.461405
1.7847012823668567,3167,6,1,0,0,0,0.0,0.0,2025-Jan-30-22:17:28.492302
1.5847019539472484,3168,1,1,1,0,0,0.0,0.0,2025-Jan-30-22:17:28.521531
1.5847461293664833,3169,0,1,1,0,0,0.0,0.0,2025-Jan-30-22:17:28.550975
0.8215932995606529,3170,1,1,0,0,1,0.0,1.2,2025-Jan-30-22:17:28.590519
1.7847012822924158,3171,8,1,0,0,0,0.0,0.0,2025-Jan-30-22:17:28.623184
1.637347864715753,3172,1,1,1,-1,-1,0.0,0.0,2025-Jan-30-22:17:28.665746
1.5847019379620686,3173,3,1,1,1,0,1.0,0.0,2025-Jan-30-22:17:28.698385
0.8747448339688846,3174,4,1,0,0,1,0.0,1.9,2025-Jan-30-22:17:28.746152
0.888149460778483,3175,2,1,0,0,-1,0.0,0.0,2025-Jan-30-22:17:28.828757
1.5309869961954488,3176,6,1,0,0,-1,0.0,0.0,2025-Jan-30-22:17:28.899194
0.8747448491733278,3177,0,1,0,0,0,0.0,0.0,2025-Jan-30-22:17:28.928142
0.821584887530485,3178,0,1,0,0,1,0.0,1.9,2025-Jan-30-22:17:28.965797
0.8215872852952543,3179,1,1,0,0,1,0.0,1.7,2025-Jan-30-22:17:29.004679
0.9041586459923068,3180,3,1,0,0,-1,0.0,0.0,2025-Jan-30-22:17:29.040009
0.8747448494635457,3181,2,1,0,0,0,0.0,0.0,2025-Jan-30-22:17:29.066684
1.6063594577513205,3182,1,1,1,0,-1,0.0,0.0,2025-Jan-30-22:17:29.102280
1.6153646590868944,3183,4,1,1,-1,-1,0.0,0.0,2025-Jan-30-22:17:29.137475
0.8747448488829315,3184,1,1,0,0,0,0.0,0.0,2025-Jan-30-22:17:29.166326
1.7847013134538594,3185,8,1,0,0,-1,0.0,0.0,2025-Jan-30-22:17:29.197649
1.7847012822924158,3186,8,1,0,0,0,0.0,0.0,2025-Jan-30-22:17:29.296760
1.530986996195459,3187,7,1,0,0,-1,0.0,0.0,2025-Jan-30-22:17:29.334855
1.5847461293664833,3188,0,1,1,0,0,0.0,0.0,2025-Jan-30-22:17:29.363160
1.5847461293664833,3189,0,1,1,0,0,0.0,0.0,2025-Jan-30-22:17:29.391129
0.8747448491733278,3190,0,1,0,0,0,0.0,0.0,2025-Jan-30-22:17:29.421984
0.8747448488829315,3191,1,1,0,0,0,0.0,0.0,2025-Jan-30-22:17:29.448814
0.8747448494635456,3192,4,1,0,0,0,0.0,0.0,2025-Jan-30-22:17:29.477382
0.8747448491731491,3193,3,1,0,0,0,0.0,0.0,2025-Jan-30-22:17:29.505590
0.8747448488829315,3194,1,1,0,0,0,0.0,0.0,2025-Jan-30-22:17:29.534512
0.8215981269817364,3195,1,1,0,0,1,0.0,0.8,2025-Jan-30-22:17:29.573703
1.7847012823668567,3196,6,1,0,0,0,0.0,0.0,2025-Jan-30-22:17:29.604836
0.8747448341702615,3197,2,1,0,1,0,0.5,0.0,2025-Jan-30-22:17:29.640646
0.8877495822518107,3198,0,1,0,1,-1,0.1,0.0,2025-Jan-30-22:17:29.675201
1.7847012823668567,3199,6,1,0,0,0,0.0,0.0,2025-Jan-30-22:17:29.707591
0.888149460778483,3200,2,1,0,0,-1,0.0,0.0,2025-Jan-30-22:17:29.760138
1.5847461293664833,3201,0,1,1,0,0,0.0,0.0,2025-Jan-30-22:17:29.835099
1.7847012822924158,3202,8,1,0,0,0,0.0,0.0,2025-Jan-30-22:17:29.908204
0.8228005202542494,3203,0,1,0,1,0,1.1,0.0,2025-Jan-30-22:17:29.946295
0.8881494605956468,3204,0,1,0,0,-1,0.0,0.0,2025-Jan-30-22:17:29.980312
1.5847019539472484,3205,1,1,1,0,0,0.0,0.0,2025-Jan-30-22:17:30.009263
0.9053633747002237,3206,1,1,0,-1,0,0.0,0.0,2025-Jan-30-22:17:30.044162
0.8747448488829315,3207,1,1,0,0,0,0.0,0.0,2025-Jan-30-22:17:30.070872
0.8881494605956468,3208,0,1,0,0,-1,0.0,0.0,2025-Jan-30-22:17:30.107979
1.584746133406935,3209,2,1,1,-1,0,0.0,0.0,2025-Jan-30-22:17:30.135566
0.9053633747002237,3210,1,1,0,-1,0,0.0,0.0,2025-Jan-30-22:17:30.173523
0.8167012719738662,3211,7,1,0,1,-1,0.7,0.0,2025-Jan-30-22:17:30.215014
0.8747448491733278,3212,0,1,0,0,0,0.0,0.0,2025-Jan-30-22:17:30.243285
0.8747448491733278,3213,0,1,0,0,0,0.0,0.0,2025-Jan-30-22:17:30.269886
1.5847484359473927,3214,8,1,1,0,0,0.0,0.0,2025-Jan-30-22:17:30.297554
0.8747448529233829,3215,3,1,0,-1,0,0.0,0.0,2025-Jan-30-22:17:30.326409
0.874744853213778,3216,4,1,0,0,-1,0.0,0.0,2025-Jan-30-22:17:30.363620
1.5322870199427683,3217,8,1,0,-1,-1,0.0,0.0,2025-Jan-30-22:17:30.401605
0.8747448491733278,3218,0,1,0,0,0,0.0,0.0,2025-Jan-30-22:17:30.430710
0.8747448491733278,3219,0,1,0,0,0,0.0,0.0,2025-Jan-30-22:17:30.458263
0.8747448488829315,3220,1,1,0,0,0,0.0,0.0,2025-Jan-30-22:17:30.488712
0.8747448491731491,3221,5,1,0,0,0,0.0,0.0,2025-Jan-30-22:17:30.517489
1.5847019539472484,3222,1,1,1,0,0,0.0,0.0,2025-Jan-30-22:17:30.545070
1.5847461296567011,3223,2,1,1,0,0,0.0,0.0,2025-Jan-30-22:17:30.573582
0.9053633747002237,3224,1,1,0,-1,0,0.0,0.0,2025-Jan-30-22:17:30.610805
1.5847019540923193,3225,3,1,1,0,0,0.0,0.0,2025-Jan-30-22:17:30.639601
0.8228003663113987,3226,1,1,0,1,0,1.0,0.0,2025-Jan-30-22:17:30.678162
0.8216005328599294,3227,2,1,0,1,1,1.3,0.6,2025-Jan-30-22:17:30.721205
0.8747448491731491,3228,5,1,0,0,0,0.0,0.0,2025-Jan-30-22:17:30.810033
0.8747448491731491,3229,5,1,0,0,0,0.0,0.0,2025-Jan-30-22:17:30.893702
1.5847461293664833,3230,0,1,1,0,0,0.0,0.0,2025-Jan-30-22:17:30.928267
1.7847012823668567,3231,6,1,0,0,0,0.0,0.0,2025-Jan-30-22:17:30.958697
0.8747448494635457,3232,2,1,0,0,0,0.0,0.0,2025-Jan-30-22:17:30.987333
0.8747448491731491,3233,3,1,0,0,0,0.0,0.0,2025-Jan-30-22:17:31.017191
1.7847012822924158,3234,8,1,0,0,0,0.0,0.0,2025-Jan-30-22:17:31.049206
1.7847012822924158,3235,8,1,0,0,0,0.0,0.0,2025-Jan-30-22:17:31.081777
0.8228002109729522,3236,1,1,0,1,0,0.9,0.0,2025-Jan-30-22:17:31.123489
0.8228000566004263,3237,0,1,0,1,0,0.8,0.0,2025-Jan-30-22:17:31.161527
1.784701324343751,3238,7,1,0,1,1,0.9,1.3,2025-Jan-30-22:17:31.192669
0.8228000562946882,3239,1,1,0,1,0,0.8,0.0,2025-Jan-30-22:17:31.234025
0.8228000566002329,3240,5,1,0,1,0,0.8,0.0,2025-Jan-30-22:17:31.274660
0.8419066803365747,3241,0,1,0,0,1,0.0,0.2,2025-Jan-30-22:17:31.375258
1.7847013134538594,3242,8,1,0,0,-1,0.0,0.0,2025-Jan-30-22:17:31.409151
0.8747448494635457,3243,2,1,0,0,0,0.0,0.0,2025-Jan-30-22:17:31.440050
0.8747448529233814,3244,5,1,0,0,-1,0.0,0.0,2025-Jan-30-22:17:31.469284
1.5327520977785556,3245,1,1,1,1,0,0.8,0.0,2025-Jan-30-22:17:31.510948
0.874744833678488,3246,5,1,0,0,1,0.0,1.9,2025-Jan-30-22:17:31.541746
1.784701313454272,3247,7,1,0,-1,0,0.0,0.0,2025-Jan-30-22:17:31.572168
1.5328019565163922,3248,0,1,1,1,0,1.2,0.0,2025-Jan-30-22:17:31.610265
1.784701276608104,3249,7,1,0,1,0,1.0,0.0,2025-Jan-30-22:17:31.640318
0.8747448491733278,3250,0,1,0,0,0,0.0,0.0,2025-Jan-30-22:17:31.668998
0.8215957123731745,3251,0,1,0,0,1,0.0,1.0,2025-Jan-30-22:17:31.709508
0.9053633749819754,3252,0,1,0,-1,0,0.0,0.0,2025-Jan-30-22:17:31.762773
1.5847019539472484,3253,1,1,1,0,0,0.0,0.0,2025-Jan-30-22:17:31.853061
1.5847019540919232,3254,5,1,1,0,0,0.0,0.0,2025-Jan-30-22:17:31.925166
0.8583360109372675,3255,0,1,0,1,0,0.1,0.0,2025-Jan-30-22:17:31.954825
0.8747448488829315,3256,1,1,0,0,0,0.0,0.0,2025-Jan-30-22:17:31.984001
1.7847012822924566,3257,7,1,0,0,0,0.0,0.0,2025-Jan-30-22:17:32.015566
1.5315873669835935,3258,0,1,1,0,1,0.0,1.8,2025-Jan-30-22:17:32.055623
0.8747448494635456,3259,4,1,0,0,0,0.0,0.0,2025-Jan-30-22:17:32.081234
0.9041586459923068,3260,3,1,0,0,-1,0.0,0.0,2025-Jan-30-22:17:32.116846
0.8583360109372675,3261,0,1,0,1,0,0.1,0.0,2025-Jan-30-22:17:32.144754
1.7847012822924158,3262,8,1,0,0,0,0.0,0.0,2025-Jan-30-22:17:32.176424
0.8747448491733278,3263,0,1,0,0,0,0.0,0.0,2025-Jan-30-22:17:32.205432
0.8215848872244257,3264,1,1,0,0,1,0.0,1.9,2025-Jan-30-22:17:32.247036
1.7847012822924566,3265,7,1,0,0,0,0.0,0.0,2025-Jan-30-22:17:32.278000
1.7847012823668567,3266,6,1,0,0,0,0.0,0.0,2025-Jan-30-22:17:32.310212
1.5847484356574353,3267,6,1,1,0,0,0.0,0.0,2025-Jan-30-22:17:32.341524
1.5847461293664833,3268,0,1,1,0,0,0.0,0.0,2025-Jan-30-22:17:32.368160
1.5327525280188157,3269,1,1,1,1,0,1.2,0.0,2025-Jan-30-22:17:32.407568
0.9053633747002237,3270,1,1,0,-1,0,0.0,0.0,2025-Jan-30-22:17:32.442962
1.5322869961950398,3271,8,1,0,-1,0,0.0,0.0,2025-Jan-30-22:17:32.478716
0.8747448488829315,3272,1,1,0,0,0,0.0,0.0,2025-Jan-30-22:17:32.506476
1.532802423164946,3273,0,1,1,1,0,1.5,0.0,2025-Jan-30-22:17:32.548587
0.9041586459923068,3274,3,1,0,0,-1,0.0,0.0,2025-Jan-30-22:17:32.583760
1.7847012823668567,3275,6,1,0,0,0,0.0,0.0,2025-Jan-30-22:17:32.614102
0.9053633788996899,3276,4,1,0,-1,-1,0.0,0.0,2025-Jan-30-22:17:32.648327
0.9041586457104427,3277,1,1,0,0,-1,0.0,0.0,2025-Jan-30-22:17:32.683829
1.5315358214664516,3278,1,1,1,0,1,0.0,1.9,2025-Jan-30-22:17:32.721690
1.5847461293664833,3279,0,1,1,0,0,0.0,0.0,2025-Jan-30-22:17:32.810641
1.7847013134538594,3280,8,1,0,0,-1,0.0,0.0,2025-Jan-30-22:17:32.886212
0.8747448494635456,3281,4,1,0,0,0,0.0,0.0,2025-Jan-30-22:17:32.925813
0.9053633749819754,3282,0,1,0,-1,0,0.0,0.0,2025-Jan-30-22:17:32.960440
0.9053633788996899,3283,4,1,0,-1,-1,0.0,0.0,2025-Jan-30-22:17:32.996129
0.9041586457104427,3284,1,1,0,0,-1,0.0,0.0,2025-Jan-30-22:17:33.033258
1.5847484396943574,3285,8,1,1,0,-1,0.0,0.0,2025-Jan-30-22:17:33.066790
0.8227999025775989,3286,5,1,0,1,0,0.7,0.0,2025-Jan-30-22:17:33.113223
1.7847013134538594,3287,8,1,0,0,-1,0.0,0.0,2025-Jan-30-22:17:33.145364
1.5847461293664833,3288,0,1,1,0,0,0.0,0.0,2025-Jan-30-22:17:33.174519
0.8747448488829315,3289,1,1,0,0,0,0.0,0.0,2025-Jan-30-22:17:33.203763
0.8522121135940119,3290,1,1,0,1,-1,0.7,0.0,2025-Jan-30-22:17:33.251393
0.8747448488829315,3291,1,1,0,0,0,0.0,0.0,2025-Jan-30-22:17:33.280280
0.8227999025775989,3292,5,1,0,1,0,0.7,0.0,2025-Jan-30-22:17:33.319053
0.8747448491731491,3293,3,1,0,0,0,0.0,0.0,2025-Jan-30-22:17:33.346731
0.8747448488829315,3294,1,1,0,0,0,0.0,0.0,2025-Jan-30-22:17:33.377984
0.7696461607132754,3295,1,1,0,1,1,0.4,1.4,2025-Jan-30-22:17:33.425981
0.9041586459923068,3296,3,1,0,0,-1,0.0,0.0,2025-Jan-30-22:17:33.467230
0.821584887530485,3297,0,1,0,0,1,0.0,1.9,2025-Jan-30-22:17:33.505971
0.8419269785380258,3298,0,1,0,1,0,0.2,0.0,2025-Jan-30-22:17:33.534993
1.530986996195459,3299,7,1,0,0,-1,0.0,0.0,2025-Jan-30-22:17:33.570177
0.8215908919574928,3300,2,1,0,0,1,0.0,1.4,2025-Jan-30-22:17:33.608719
1.5847461296567011,3301,2,1,1,0,0,0.0,0.0,2025-Jan-30-22:17:33.636574
1.5847019540919232,3302,5,1,1,0,0,0.0,0.0,2025-Jan-30-22:17:33.665830
0.8549308784196177,3303,0,1,0,1,-1,0.3,0.0,2025-Jan-30-22:17:33.699340
0.8522118186516976,3304,0,1,0,1,-1,1.1,0.0,2025-Jan-30-22:17:33.757875
0.9053633749819754,3305,0,1,0,-1,0,0.0,0.0,2025-Jan-30-22:17:33.837805
0.8583360106420266,3306,1,1,0,1,0,0.1,0.0,2025-Jan-30-22:17:33.902746
0.8747448494635457,3307,2,1,0,0,0,0.0,0.0,2025-Jan-30-22:17:33.994181
0.8747448491731491,3308,5,1,0,0,0,0.0,0.0,2025-Jan-30-22:17:34.024311
1.6153224933224726,3309,1,1,1,-1,0,0.0,0.0,2025-Jan-30-22:17:34.064211
0.8747448491731491,3310,3,1,0,0,0,0.0,0.0,2025-Jan-30-22:17:34.107297
0.874744853213778,3311,4,1,0,0,-1,0.0,0.0,2025-Jan-30-22:17:34.137021
0.8747448491733278,3312,0,1,0,0,0,0.0,0.0,2025-Jan-30-22:17:34.167862
0.8419269785380258,3313,0,1,0,1,0,0.2,0.0,2025-Jan-30-22:17:34.197364
1.7847012822924158,3314,8,1,0,0,0,0.0,0.0,2025-Jan-30-22:17:34.229366
0.8747448491731491,3315,3,1,0,0,0,0.0,0.0,2025-Jan-30-22:17:34.256489
0.8228016136259864,3316,5,1,0,1,0,1.8,0.0,2025-Jan-30-22:17:34.295060
0.8881494605956468,3317,0,1,0,0,-1,0.0,0.0,2025-Jan-30-22:17:34.331195
0.852223204775009,3318,1,1,0,-1,1,0.0,0.4,2025-Jan-30-22:17:34.377121
1.530986996195459,3319,7,1,0,0,-1,0.0,0.0,2025-Jan-30-22:17:34.413957
0.8747448491733278,3320,0,1,0,0,0,0.0,0.0,2025-Jan-30-22:17:34.442088
1.6153224933224726,3321,1,1,1,-1,0,0.0,0.0,2025-Jan-30-22:17:34.478523
0.8747448491733278,3322,0,1,0,0,0,0.0,0.0,2025-Jan-30-22:17:34.505533
1.5309869961954488,3323,6,1,0,0,-1,0.0,0.0,2025-Jan-30-22:17:34.542818
0.8747448529233814,3324,5,1,0,0,-1,0.0,0.0,2025-Jan-30-22:17:34.570107
1.7847012822924158,3325,8,1,0,0,0,0.0,0.0,2025-Jan-30-22:17:34.602823
0.9053633749819754,3326,0,1,0,-1,0,0.0,0.0,2025-Jan-30-22:17:34.640329
0.8747448529233814,3327,5,1,0,0,-1,0.0,0.0,2025-Jan-30-22:17:34.670211
0.8747448488829315,3328,1,1,0,0,0,0.0,0.0,2025-Jan-30-22:17:34.699886
1.6153646551691805,3329,0,1,1,-1,0,0.0,0.0,2025-Jan-30-22:17:34.756040
1.7847013033347165,3330,6,1,0,1,0,0.9,0.0,2025-Jan-30-22:17:34.835824
1.5847461293664833,3331,0,1,1,0,0,0.0,0.0,2025-Jan-30-22:17:34.898178
0.8747448488829315,3332,1,1,0,0,0,0.0,0.0,2025-Jan-30-22:17:34.928600
1.7847012822924158,3333,8,1,0,0,0,0.0,0.0,2025-Jan-30-22:17:34.958912
1.7847012823668567,3334,6,1,0,0,0,0.0,0.0,2025-Jan-30-22:17:34.989349
0.8522120401631679,3335,0,1,0,1,-1,0.8,0.0,2025-Jan-30-22:17:35.035292
0.8881494605956468,3336,0,1,0,0,-1,0.0,0.0,2025-Jan-30-22:17:35.069485
0.8747448488829315,3337,1,1,0,0,0,0.0,0.0,2025-Jan-30-22:17:35.098584
0.8747448491731491,3338,3,1,0,0,0,0.0,0.0,2025-Jan-30-22:17:35.131168
0.8747448491733278,3339,0,1,0,0,0,0.0,0.0,2025-Jan-30-22:17:35.160203
1.6141599264617297,3340,2,1,1,0,-1,0.0,0.0,2025-Jan-30-22:17:35.194287
0.8747448494635456,3341,4,1,0,0,0,0.0,0.0,2025-Jan-30-22:17:35.224902
0.8747448491733278,3342,0,1,0,0,0,0.0,0.0,2025-Jan-30-22:17:35.252250
0.769645607670479,3343,1,1,0,1,1,0.6,1.5,2025-Jan-30-22:17:35.298545
0.8747448491731491,3344,5,1,0,0,0,0.0,0.0,2025-Jan-30-22:17:35.328656
0.9053633749818047,3345,5,1,0,-1,0,0.0,0.0,2025-Jan-30-22:17:35.362628
0.8419269785380258,3346,0,1,0,1,0,0.2,0.0,2025-Jan-30-22:17:35.390895
0.8747448488829315,3347,1,1,0,0,0,0.0,0.0,2025-Jan-30-22:17:35.419006
1.7847012823668567,3348,6,1,0,0,0,0.0,0.0,2025-Jan-30-22:17:35.450985
0.8747448491733278,3349,0,1,0,0,0,0.0,0.0,2025-Jan-30-22:17:35.479654
0.8747448529233829,3350,3,1,0,-1,0,0.0,0.0,2025-Jan-30-22:17:35.508223
0.8747448532137795,3351,2,1,0,-1,0,0.0,0.0,2025-Jan-30-22:17:35.603290
0.8747448491733278,3352,0,1,0,0,0,0.0,0.0,2025-Jan-30-22:17:35.633983
0.8747448340746221,3353,5,1,0,0,1,0.0,1.7,2025-Jan-30-22:17:35.664227
0.8419269785380258,3354,0,1,0,1,0,0.2,0.0,2025-Jan-30-22:17:35.694530
0.821584887530485,3355,0,1,0,0,1,0.0,1.9,2025-Jan-30-22:17:35.756502
1.6153646551691805,3356,0,1,1,-1,0,0.0,0.0,2025-Jan-30-22:17:35.857038
0.8490084992439094,3357,6,1,0,-1,-1,0.0,0.0,2025-Jan-30-22:17:35.920623
0.9041586457104427,3358,1,1,0,0,-1,0.0,0.0,2025-Jan-30-22:17:35.957270
0.8215860867794186,3359,0,1,0,0,1,0.0,1.8,2025-Jan-30-22:17:35.994409
0.8747448342009724,3360,3,1,0,1,0,1.2,0.0,2025-Jan-30-22:17:36.025773
0.8747448491731491,3361,5,1,0,0,0,0.0,0.0,2025-Jan-30-22:17:36.055195
0.8227994424949018,3362,0,1,0,1,0,0.4,0.0,2025-Jan-30-22:17:36.092906
0.8747448491733278,3363,0,1,0,0,0,0.0,0.0,2025-Jan-30-22:17:36.124768
0.8747448488829315,3364,1,1,0,0,0,0.0,0.0,2025-Jan-30-22:17:36.154041
0.8215981272878343,3365,0,1,0,0,1,0.0,0.8,2025-Jan-30-22:17:36.194015
0.8881494605956468,3366,0,1,0,0,-1,0.0,0.0,2025-Jan-30-22:17:36.229874
1.7847012823668567,3367,6,1,0,0,0,0.0,0.0,2025-Jan-30-22:17:36.269084
0.8747448488829315,3368,1,1,0,0,0,0.0,0.0,2025-Jan-30-22:17:36.296599
1.532752743473603,3369,1,1,1,1,0,1.4,0.0,2025-Jan-30-22:17:36.334779
0.9041586457104427,3370,1,1,0,0,-1,0.0,0.0,2025-Jan-30-22:17:36.369045
1.5322869961950398,3371,8,1,0,-1,0,0.0,0.0,2025-Jan-30-22:17:36.409226
0.8747448488829315,3372,1,1,0,0,0,0.0,0.0,2025-Jan-30-22:17:36.437742
1.5847461293664833,3373,0,1,1,0,0,0.0,0.0,2025-Jan-30-22:17:36.467532
1.7847012822924566,3374,7,1,0,0,0,0.0,0.0,2025-Jan-30-22:17:36.498914
1.7847012822924158,3375,8,1,0,0,0,0.0,0.0,2025-Jan-30-22:17:36.531911
0.8227997530945621,3376,5,1,0,1,-1,0.6,0.0,2025-Jan-30-22:17:36.570441
0.8747448491733278,3377,0,1,0,0,0,0.0,0.0,2025-Jan-30-22:17:36.599633
0.821584887530485,3378,0,1,0,0,1,0.0,1.9,2025-Jan-30-22:17:36.639089
0.8215908916516531,3379,0,1,0,0,1,0.0,1.4,2025-Jan-30-22:17:36.678606
1.5847019540919232,3380,5,1,1,0,0,0.0,0.0,2025-Jan-30-22:17:36.705662
0.8747448532137795,3381,2,1,0,-1,0,0.0,0.0,2025-Jan-30-22:17:36.754616
0.9193881525555189,3382,1,1,0,-1,-1,0.0,0.0,2025-Jan-30-22:17:36.849016
0.874744853213778,3383,4,1,0,0,-1,0.0,0.0,2025-Jan-30-22:17:36.911876
0.821584887530485,3384,0,1,0,0,1,0.0,1.9,2025-Jan-30-22:17:36.951601
1.5847484356574353,3385,6,1,1,0,0,0.0,0.0,2025-Jan-30-22:17:36.980016
0.8747448494635456,3386,4,1,0,0,0,0.0,0.0,2025-Jan-30-22:17:37.007140
1.7847012822924566,3387,7,1,0,0,0,0.0,0.0,2025-Jan-30-22:17:37.040094
1.5981507407667987,3388,0,1,1,0,-1,0.0,0.0,2025-Jan-30-22:17:37.073786
1.5847019539472484,3389,1,1,1,0,0,0.0,0.0,2025-Jan-30-22:17:37.101870
0.8352233059192223,3390,0,1,0,1,-1,1.2,0.0,2025-Jan-30-22:17:37.147391
0.8747448491733278,3391,0,1,0,0,0,0.0,0.0,2025-Jan-30-22:17:37.176011
0.8228002112784978,3392,5,1,0,1,0,0.9,0.0,2025-Jan-30-22:17:37.214597
0.8747448491733278,3393,0,1,0,0,0,0.0,0.0,2025-Jan-30-22:17:37.243252
0.8747448494635457,3394,2,1,0,0,0,0.0,0.0,2025-Jan-30-22:17:37.270219
0.8215884708924193,3395,2,1,0,1,1,1.0,1.6,2025-Jan-30-22:17:37.309909
0.8747448494635456,3396,4,1,0,0,0,0.0,0.0,2025-Jan-30-22:17:37.338709
0.9347793000872058,3397,0,1,0,-1,-1,0.0,0.0,2025-Jan-30-22:17:37.380307
0.8747448491733278,3398,0,1,0,0,0,0.0,0.0,2025-Jan-30-22:17:37.467063
0.8747448532137795,3399,2,1,0,-1,0,0.0,0.0,2025-Jan-30-22:17:37.493761
0.8747448494635457,3400,2,1,0,0,0,0.0,0.0,2025-Jan-30-22:17:37.523214
0.821584887530485,3401,0,1,0,0,1,0.0,1.9,2025-Jan-30-22:17:37.561379
1.5847484359481976,3402,7,1,1,0,0,0.0,0.0,2025-Jan-30-22:17:37.589612
0.8881494605956468,3403,0,1,0,0,-1,0.0,0.0,2025-Jan-30-22:17:37.627940
0.8881494605956468,3404,0,1,0,0,-1,0.0,0.0,2025-Jan-30-22:17:37.664800
0.9053633749819754,3405,0,1,0,-1,0,0.0,0.0,2025-Jan-30-22:17:37.704244
0.8583360106420266,3406,1,1,0,1,0,0.1,0.0,2025-Jan-30-22:17:37.753776
0.9041586457104427,3407,1,1,0,0,-1,0.0,0.0,2025-Jan-30-22:17:37.829263
0.9041586459923068,3408,3,1,0,0,-1,0.0,0.0,2025-Jan-30-22:17:37.906908
1.584746133406935,3409,2,1,1,-1,0,0.0,0.0,2025-Jan-30-22:17:37.934408
0.8747448488829315,3410,1,1,0,0,0,0.0,0.0,2025-Jan-30-22:17:37.961740
1.5309869961954488,3411,6,1,0,0,-1,0.0,0.0,2025-Jan-30-22:17:37.997475
1.5847019539472484,3412,1,1,1,0,0,0.0,0.0,2025-Jan-30-22:17:38.026596
0.8227995952761917,3413,1,1,0,1,0,0.5,0.0,2025-Jan-30-22:17:38.064888
1.7847012822924566,3414,7,1,0,0,0,0.0,0.0,2025-Jan-30-22:17:38.094579
1.5847019540923193,3415,3,1,1,0,0,0.0,0.0,2025-Jan-30-22:17:38.133533
0.8747448491731491,3416,5,1,0,0,0,0.0,0.0,2025-Jan-30-22:17:38.163281
0.8747448494635457,3417,2,1,0,0,0,0.0,0.0,2025-Jan-30-22:17:38.200442
0.8215993367457423,3418,0,1,0,0,1,0.0,0.7,2025-Jan-30-22:17:38.246509
0.8747448339688846,3419,4,1,0,0,1,0.0,1.9,2025-Jan-30-22:17:38.278814
1.7847013104226903,3420,8,1,0,1,0,0.9,0.0,2025-Jan-30-22:17:38.311428
0.8747448494635456,3421,4,1,0,0,0,0.0,0.0,2025-Jan-30-22:17:38.342095
0.9053633747002237,3422,1,1,0,-1,0,0.0,0.0,2025-Jan-30-22:17:38.378634
1.5847019540923193,3423,3,1,1,0,0,0.0,0.0,2025-Jan-30-22:17:38.407483
0.822800676312295,3424,5,1,0,1,0,1.2,0.0,2025-Jan-30-22:17:38.448915
1.7847013390593345,3425,8,1,0,1,-1,0.8,0.0,2025-Jan-30-22:17:38.478212
1.5315358214664516,3426,1,1,1,0,1,0.0,1.9,2025-Jan-30-22:17:38.516831
0.888149460778483,3427,2,1,0,0,-1,0.0,0.0,2025-Jan-30-22:17:38.550932
0.821584887530485,3428,0,1,0,0,1,0.0,1.9,2025-Jan-30-22:17:38.590988
1.7847012822924158,3429,8,1,0,0,0,0.0,0.0,2025-Jan-30-22:17:38.623839
1.5847461296567011,3430,2,1,1,0,0,0.0,0.0,2025-Jan-30-22:17:38.652826
0.8490084992439094,3431,6,1,0,-1,-1,0.0,0.0,2025-Jan-30-22:17:38.689027
0.9041586457104427,3432,1,1,0,0,-1,0.0,0.0,2025-Jan-30-22:17:38.733597
0.8747448491733278,3433,0,1,0,0,0,0.0,0.0,2025-Jan-30-22:17:38.810169
0.8747448491733278,3434,0,1,0,0,0,0.0,0.0,2025-Jan-30-22:17:38.889394
0.8747448494635456,3435,4,1,0,0,0,0.0,0.0,2025-Jan-30-22:17:38.925536
0.8747448488829315,3436,1,1,0,0,0,0.0,0.0,2025-Jan-30-22:17:38.953523
0.8881494605956468,3437,0,1,0,0,-1,0.0,0.0,2025-Jan-30-22:17:38.987346
0.8747448494635457,3438,2,1,0,0,0,0.0,0.0,2025-Jan-30-22:17:39.015513
0.8522121875912485,3439,1,1,0,1,-1,0.6,0.0,2025-Jan-30-22:17:39.059895
0.8747448340896368,3440,4,1,0,0,1,0.0,1.3,2025-Jan-30-22:17:39.091454
0.9053633752635563,3441,4,1,0,-1,0,0.0,0.0,2025-Jan-30-22:17:39.129738
0.8747448491733278,3442,0,1,0,0,0,0.0,0.0,2025-Jan-30-22:17:39.159482
1.5847461293664833,3443,0,1,1,0,0,0.0,0.0,2025-Jan-30-22:17:39.187129
0.8747448494635456,3444,4,1,0,0,0,0.0,0.0,2025-Jan-30-22:17:39.217626
0.8881494605956468,3445,0,1,0,0,-1,0.0,0.0,2025-Jan-30-22:17:39.251950
0.8747448491733278,3446,0,1,0,0,0,0.0,0.0,2025-Jan-30-22:17:39.278532
1.5847019539472484,3447,1,1,1,0,0,0.0,0.0,2025-Jan-30-22:17:39.307063
1.6141599264617297,3448,2,1,1,0,-1,0.0,0.0,2025-Jan-30-22:17:39.343853
1.7847013073307494,3449,6,1,0,1,0,0.7,0.0,2025-Jan-30-22:17:39.375965
0.8228003663113987,3450,1,1,0,1,0,1.0,0.0,2025-Jan-30-22:17:39.416508
0.8215860867794186,3451,0,1,0,0,1,0.0,1.8,2025-Jan-30-22:17:39.454048
0.8747448491731491,3452,3,1,0,0,0,0.0,0.0,2025-Jan-30-22:17:39.481189
1.5847019540923193,3453,3,1,1,0,0,0.0,0.0,2025-Jan-30-22:17:39.509187
0.8747448529233814,3454,5,1,0,0,-1,0.0,0.0,2025-Jan-30-22:17:39.537754
0.821584887530485,3455,0,1,0,0,1,0.0,1.9,2025-Jan-30-22:17:39.575986
1.5847461293664833,3456,0,1,1,0,0,0.0,0.0,2025-Jan-30-22:17:39.606362
0.9041586457104427,3457,1,1,0,0,-1,0.0,0.0,2025-Jan-30-22:17:39.643237
0.8747448494635456,3458,4,1,0,0,0,0.0,0.0,2025-Jan-30-22:17:39.671816
0.821584887530485,3459,0,1,0,0,1,0.0,1.9,2025-Jan-30-22:17:39.713546
0.8747448494635457,3460,2,1,0,0,0,0.0,0.0,2025-Jan-30-22:17:39.763764
0.8747448491733278,3461,0,1,0,0,0,0.0,0.0,2025-Jan-30-22:17:39.846138
0.9347793000872058,3462,0,1,0,-1,-1,0.0,0.0,2025-Jan-30-22:17:39.991261
0.874744853213778,3463,4,1,0,0,-1,0.0,0.0,2025-Jan-30-22:17:40.021286
0.8747448491731491,3464,3,1,0,0,0,0.0,0.0,2025-Jan-30-22:17:40.049612
0.8215932998667367,3465,0,1,0,0,1,0.0,1.2,2025-Jan-30-22:17:40.087959
0.8747448494635456,3466,4,1,0,0,0,0.0,0.0,2025-Jan-30-22:17:40.116847
0.8747448491731491,3467,3,1,0,0,0,0.0,0.0,2025-Jan-30-22:17:40.144871
0.8747448491733278,3468,0,1,0,0,0,0.0,0.0,2025-Jan-30-22:17:40.174071
1.5328018004581445,3469,0,1,1,1,0,1.1,0.0,2025-Jan-30-22:17:40.211214
0.8215945045793993,3470,0,1,0,0,1,0.0,1.1,2025-Jan-30-22:17:40.251505
0.8747448494635457,3471,2,1,0,0,0,0.0,0.0,2025-Jan-30-22:17:40.280101
1.6141599264617297,3472,2,1,1,0,-1,0.0,0.0,2025-Jan-30-22:17:40.319765
0.822800676006747,3473,1,1,0,1,0,1.2,0.0,2025-Jan-30-22:17:40.357925
0.8215848875302478,3474,3,1,0,0,1,0.0,1.9,2025-Jan-30-22:17:40.396148
0.8747448491731491,3475,5,1,0,0,0,0.0,0.0,2025-Jan-30-22:17:40.424763
0.8227997534002984,3476,4,1,0,1,-1,0.6,0.0,2025-Jan-30-22:17:40.463902
1.5847019540923193,3477,3,1,1,0,0,0.0,0.0,2025-Jan-30-22:17:40.493286
1.6447805802687379,3478,0,1,1,-1,-1,0.0,0.0,2025-Jan-30-22:17:40.536817
0.8215860864733557,3479,1,1,0,0,1,0.0,1.8,2025-Jan-30-22:17:40.573870
1.614162321244659,3480,6,1,1,0,-1,0.0,0.0,2025-Jan-30-22:17:40.607574
0.8747448491731491,3481,5,1,0,0,0,0.0,0.0,2025-Jan-30-22:17:40.638414
1.5847019539472484,3482,1,1,1,0,0,0.0,0.0,2025-Jan-30-22:17:40.667389
0.9041586459923068,3483,3,1,0,0,-1,0.0,0.0,2025-Jan-30-22:17:40.702635
1.5315358214664516,3484,1,1,1,0,1,0.0,1.9,2025-Jan-30-22:17:40.754042
1.5309869961954488,3485,6,1,0,0,-1,0.0,0.0,2025-Jan-30-22:17:40.843973
1.784701305229852,3486,6,1,0,1,0,0.6,0.0,2025-Jan-30-22:17:40.904691
1.7847012822924158,3487,8,1,0,0,0,0.0,0.0,2025-Jan-30-22:17:40.936780
0.8881494605956468,3488,0,1,0,0,-1,0.0,0.0,2025-Jan-30-22:17:40.972055
0.8881494605956468,3489,0,1,0,0,-1,0.0,0.0,2025-Jan-30-22:17:41.006536
0.8228000566004263,3490,0,1,0,1,0,0.8,0.0,2025-Jan-30-22:17:41.048796
0.8747448488829315,3491,1,1,0,0,0,0.0,0.0,2025-Jan-30-22:17:41.078245
0.8747448340896377,3492,2,1,0,1,0,1.3,0.0,2025-Jan-30-22:17:41.109384
0.8747448494635457,3493,2,1,0,0,0,0.0,0.0,2025-Jan-30-22:17:41.140565
0.8747448488829315,3494,1,1,0,0,0,0.0,0.0,2025-Jan-30-22:17:41.167696
0.8215884859356728,3495,0,1,0,0,1,0.0,1.6,2025-Jan-30-22:17:41.205701
0.8747448491731491,3496,5,1,0,0,0,0.0,0.0,2025-Jan-30-22:17:41.234691
0.8522086603834567,3497,1,1,0,-1,1,0.0,1.7,2025-Jan-30-22:17:41.284632
0.8227995955819274,3498,0,1,0,1,0,0.5,0.0,2025-Jan-30-22:17:41.325449
1.5309869961954488,3499,6,1,0,0,-1,0.0,0.0,2025-Jan-30-22:17:41.361373
0.8747448494635457,3500,2,1,0,0,0,0.0,0.0,2025-Jan-30-22:17:41.388950
0.821584887530485,3501,0,1,0,0,1,0.0,1.9,2025-Jan-30-22:17:41.434248
0.8747448491731491,3502,5,1,0,0,0,0.0,0.0,2025-Jan-30-22:17:41.462272
0.7696530008710836,3503,0,1,0,1,1,1.0,1.0,2025-Jan-30-22:17:41.512344
0.852223204775009,3504,1,1,0,-1,1,0.0,0.4,2025-Jan-30-22:17:41.561347
0.8747448491731491,3505,3,1,0,0,0,0.0,0.0,2025-Jan-30-22:17:41.592114
1.5847461293664833,3506,0,1,1,0,0,0.0,0.0,2025-Jan-30-22:17:41.620763
0.888149460778483,3507,2,1,0,0,-1,0.0,0.0,2025-Jan-30-22:17:41.658762
1.7847012822924158,3508,8,1,0,0,0,0.0,0.0,2025-Jan-30-22:17:41.692170
0.8747448532137795,3509,2,1,0,-1,0,0.0,0.0,2025-Jan-30-22:17:41.720214
0.9347793000872058,3510,0,1,0,-1,-1,0.0,0.0,2025-Jan-30-22:17:41.816410
1.527300028006679,3511,6,1,0,1,-1,0.8,0.0,2025-Jan-30-22:17:41.927930
1.5847461293664833,3512,0,1,1,0,0,0.0,0.0,2025-Jan-30-22:17:41.959368
0.9053633747002237,3513,1,1,0,-1,0,0.0,0.0,2025-Jan-30-22:17:41.994452
1.7847012822924566,3514,7,1,0,0,0,0.0,0.0,2025-Jan-30-22:17:42.025392
0.888149460778483,3515,2,1,0,0,-1,0.0,0.0,2025-Jan-30-22:17:42.061250
1.784701313454272,3516,7,1,0,-1,0,0.0,0.0,2025-Jan-30-22:17:42.093352
0.8747448494635457,3517,2,1,0,0,0,0.0,0.0,2025-Jan-30-22:17:42.121958
0.9041586457104427,3518,1,1,0,0,-1,0.0,0.0,2025-Jan-30-22:17:42.158649
1.5847019540919232,3519,5,1,1,0,0,0.0,0.0,2025-Jan-30-22:17:42.189682
1.5315358214664516,3520,1,1,1,0,1,0.0,1.9,2025-Jan-30-22:17:42.228836
1.5327523124883813,3521,1,1,1,1,0,1.0,0.0,2025-Jan-30-22:17:42.268366
0.888149460778483,3522,2,1,0,0,-1,0.0,0.0,2025-Jan-30-22:17:42.305637
0.8881494605956468,3523,0,1,0,0,-1,0.0,0.0,2025-Jan-30-22:17:42.343165
0.8747448494635457,3524,2,1,0,0,0,0.0,0.0,2025-Jan-30-22:17:42.372810
0.8747448334676932,3525,4,1,0,0,1,0.0,1.8,2025-Jan-30-22:17:42.407910
0.8747448491731491,3526,3,1,0,0,0,0.0,0.0,2025-Jan-30-22:17:42.445892
1.5981507407667987,3527,0,1,1,0,-1,0.0,0.0,2025-Jan-30-22:17:42.481655
0.8747448491733278,3528,0,1,0,0,0,0.0,0.0,2025-Jan-30-22:17:42.510061
0.9041586499145164,3529,2,1,0,-1,-1,0.0,0.0,2025-Jan-30-22:17:42.545984
1.7847012822924158,3530,8,1,0,0,0,0.0,0.0,2025-Jan-30-22:17:42.576132
1.5847461293664833,3531,0,1,1,0,0,0.0,0.0,2025-Jan-30-22:17:42.669418
0.8747448491731491,3532,5,1,0,0,0,0.0,0.0,2025-Jan-30-22:17:42.698259
1.5322869961950398,3533,8,1,0,-1,0,0.0,0.0,2025-Jan-30-22:17:42.754038
0.8747448491731491,3534,3,1,0,0,0,0.0,0.0,2025-Jan-30-22:17:42.830954
0.8747448488829315,3535,1,1,0,0,0,0.0,0.0,2025-Jan-30-22:17:42.903063
0.8747448488829315,3536,1,1,0,0,0,0.0,0.0,2025-Jan-30-22:17:42.937188
0.8228005199485089,3537,1,1,0,1,0,1.1,0.0,2025-Jan-30-22:17:42.976293
0.8063891004140924,3538,1,1,0,1,1,1.5,0.1,2025-Jan-30-22:17:43.016802
0.8747448494635457,3539,2,1,0,0,0,0.0,0.0,2025-Jan-30-22:17:43.050457
0.8747448532137795,3540,2,1,0,-1,0,0.0,0.0,2025-Jan-30-22:17:43.087051
0.8215896882838103,3541,0,1,0,0,1,0.0,1.5,2025-Jan-30-22:17:43.127946
0.852209970453291,3542,1,1,0,-1,1,0.0,1.6,2025-Jan-30-22:17:43.177601
0.8747448337992412,3543,3,1,0,1,0,1.3,0.0,2025-Jan-30-22:17:43.209214
0.8583360109372675,3544,0,1,0,1,0,0.1,0.0,2025-Jan-30-22:17:43.239281
0.8747448494635457,3545,2,1,0,0,0,0.0,0.0,2025-Jan-30-22:17:43.266599
1.584701955935984,3546,5,1,1,0,-1,0.0,0.0,2025-Jan-30-22:17:43.295152
0.8747448494635457,3547,2,1,0,0,0,0.0,0.0,2025-Jan-30-22:17:43.325586
0.8747448491731491,3548,5,1,0,0,0,0.0,0.0,2025-Jan-30-22:17:43.353849
0.8227999028833363,3549,4,1,0,1,0,0.7,0.0,2025-Jan-30-22:17:43.393472
0.8747448532137795,3550,2,1,0,-1,0,0.0,0.0,2025-Jan-30-22:17:43.423064
0.821584887530485,3551,0,1,0,0,1,0.0,1.9,2025-Jan-30-22:17:43.461841
0.8215920938727846,3552,3,1,0,0,1,0.0,1.3,2025-Jan-30-22:17:43.502468
0.8747448491731491,3553,3,1,0,0,0,0.0,0.0,2025-Jan-30-22:17:43.531290
0.8227994424949018,3554,0,1,0,1,0,0.4,0.0,2025-Jan-30-22:17:43.572324
0.8747448488829315,3555,1,1,0,0,0,0.0,0.0,2025-Jan-30-22:17:43.601953
0.8747448494635456,3556,4,1,0,0,0,0.0,0.0,2025-Jan-30-22:17:43.630082
0.8747448491731491,3557,5,1,0,0,0,0.0,0.0,2025-Jan-30-22:17:43.660953
0.8747448491731491,3558,5,1,0,0,0,0.0,0.0,2025-Jan-30-22:17:43.690088
0.9041586459923068,3559,3,1,0,0,-1,0.0,0.0,2025-Jan-30-22:17:43.735026
0.8228003666171384,3560,0,1,0,1,0,1.0,0.0,2025-Jan-30-22:17:43.815551
1.7847012822924566,3561,7,1,0,0,0,0.0,0.0,2025-Jan-30-22:17:43.892425
0.821584887530485,3562,0,1,0,0,1,0.0,1.9,2025-Jan-30-22:17:43.953463
0.8215920935669413,3563,1,1,0,0,1,0.0,1.3,2025-Jan-30-22:17:43.994188
0.7696452829461287,3564,0,1,0,1,1,0.5,1.5,2025-Jan-30-22:17:44.045937
0.8747448491731491,3565,5,1,0,0,0,0.0,0.0,2025-Jan-30-22:17:44.079791
0.8215969048698085,3566,2,1,0,1,1,0.8,0.9,2025-Jan-30-22:17:44.125315
0.8747448494635457,3567,2,1,0,0,0,0.0,0.0,2025-Jan-30-22:17:44.161872
0.8216017587492593,3568,0,1,0,0,1,0.0,0.5,2025-Jan-30-22:17:44.270373
1.7074358974358974,3569,0,1,1,1,1,1.3,1.1,2025-Jan-30-22:17:44.325795
0.8747448491731491,3570,5,1,0,0,0,0.0,0.0,2025-Jan-30-22:17:44.354839
0.8747448494635457,3571,2,1,0,0,0,0.0,0.0,2025-Jan-30-22:17:44.383906
1.5847461296567011,3572,2,1,1,0,0,0.0,0.0,2025-Jan-30-22:17:44.413040
0.8747448342390317,3573,2,1,0,1,0,0.7,0.0,2025-Jan-30-22:17:44.446388
0.8215848875302478,3574,3,1,0,0,1,0.0,1.9,2025-Jan-30-22:17:44.490966
0.8747448491731491,3575,3,1,0,0,0,0.0,0.0,2025-Jan-30-22:17:44.521352
0.905363378617938,3576,5,1,0,-1,-1,0.0,0.0,2025-Jan-30-22:17:44.557875
0.8747448491733278,3577,0,1,0,0,0,0.0,0.0,2025-Jan-30-22:17:44.586898
0.8522059267878213,3578,0,1,0,-1,1,0.0,1.9,2025-Jan-30-22:17:44.634319
0.888149460778483,3579,2,1,0,0,-1,0.0,0.0,2025-Jan-30-22:17:44.673478
1.5309869961954488,3580,6,1,0,0,-1,0.0,0.0,2025-Jan-30-22:17:44.729045
1.7847012823668567,3581,6,1,0,0,0,0.0,0.0,2025-Jan-30-22:17:44.814180
1.5847461293664833,3582,0,1,1,0,0,0.0,0.0,2025-Jan-30-22:17:44.890044
0.9041586457104427,3583,1,1,0,0,-1,0.0,0.0,2025-Jan-30-22:17:44.939669
0.8747448491733278,3584,0,1,0,0,0,0.0,0.0,2025-Jan-30-22:17:44.966567
1.7847013134538594,3585,8,1,0,0,-1,0.0,0.0,2025-Jan-30-22:17:44.998986
1.530986996195459,3586,7,1,0,0,-1,0.0,0.0,2025-Jan-30-22:17:45.035877
1.5847484359481976,3587,7,1,1,0,0,0.0,0.0,2025-Jan-30-22:17:45.063917
0.8881494605956468,3588,0,1,0,0,-1,0.0,0.0,2025-Jan-30-22:17:45.098898
0.8747448491733278,3589,0,1,0,0,0,0.0,0.0,2025-Jan-30-22:17:45.131689
0.8216029708725762,3590,1,1,0,0,1,0.0,0.4,2025-Jan-30-22:17:45.170881
0.8747448491731491,3591,3,1,0,0,0,0.0,0.0,2025-Jan-30-22:17:45.198926
1.5265118481943454,3592,6,1,0,1,-1,1.0,0.0,2025-Jan-30-22:17:45.237008
0.8747448488829315,3593,1,1,0,0,0,0.0,0.0,2025-Jan-30-22:17:45.265685
0.8747448488829315,3594,1,1,0,0,0,0.0,0.0,2025-Jan-30-22:17:45.292504
0.7696483350292475,3595,1,1,0,1,1,0.7,1.3,2025-Jan-30-22:17:45.344266
0.8747448494635456,3596,4,1,0,0,0,0.0,0.0,2025-Jan-30-22:17:45.372270
0.9053633597797086,3597,5,1,0,-1,1,0.0,1.9,2025-Jan-30-22:17:45.411114
0.8583360109370841,3598,5,1,0,1,0,0.1,0.0,2025-Jan-30-22:17:45.438859
0.8747448491731491,3599,5,1,0,0,0,0.0,0.0,2025-Jan-30-22:17:45.466938
0.8215945042733118,3600,1,1,0,0,1,0.0,1.1,2025-Jan-30-22:17:45.505223
0.9041586459923068,3601,3,1,0,0,-1,0.0,0.0,2025-Jan-30-22:17:45.541473
1.7847012822924158,3602,8,1,0,0,0,0.0,0.0,2025-Jan-30-22:17:45.573019
0.7696465885614813,3603,1,1,0,1,1,0.9,1.5,2025-Jan-30-22:17:45.623504
0.8877495822518107,3604,0,1,0,1,-1,0.1,0.0,2025-Jan-30-22:17:45.661629
0.8747448529233814,3605,5,1,0,0,-1,0.0,0.0,2025-Jan-30-22:17:45.694155
0.8583360112323248,3606,4,1,0,1,0,0.1,0.0,2025-Jan-30-22:17:45.727703
0.8881494605956468,3607,0,1,0,0,-1,0.0,0.0,2025-Jan-30-22:17:45.816813
0.8747448491731491,3608,5,1,0,0,0,0.0,0.0,2025-Jan-30-22:17:45.911665
0.8747448532137795,3609,2,1,0,-1,0,0.0,0.0,2025-Jan-30-22:17:45.961324
0.8747448488829315,3610,1,1,0,0,0,0.0,0.0,2025-Jan-30-22:17:45.992802
0.8227999065321201,3611,5,1,0,1,-1,0.7,0.0,2025-Jan-30-22:17:46.096888
0.8747448491733278,3612,0,1,0,0,0,0.0,0.0,2025-Jan-30-22:17:46.126097
0.8881494605956468,3613,0,1,0,0,-1,0.0,0.0,2025-Jan-30-22:17:46.162857
1.5847461296567011,3614,2,1,1,0,0,0.0,0.0,2025-Jan-30-22:17:46.191871
1.584746129656701,3615,4,1,1,0,0,0.0,0.0,2025-Jan-30-22:17:46.221883
0.8747448491731491,3616,3,1,0,0,0,0.0,0.0,2025-Jan-30-22:17:46.249948
0.8747448491731491,3617,5,1,0,0,0,0.0,0.0,2025-Jan-30-22:17:46.279845
0.822800520254056,3618,5,1,0,1,0,1.1,0.0,2025-Jan-30-22:17:46.321393
0.8583360109372675,3619,0,1,0,1,0,0.1,0.0,2025-Jan-30-22:17:46.351101
0.874744853213778,3620,4,1,0,0,-1,0.0,0.0,2025-Jan-30-22:17:46.381307
0.8747448494635456,3621,4,1,0,0,0,0.0,0.0,2025-Jan-30-22:17:46.409949
1.584746129656701,3622,4,1,1,0,0,0.0,0.0,2025-Jan-30-22:17:46.441081
0.8215896882838103,3623,0,1,0,0,1,0.0,1.5,2025-Jan-30-22:17:46.480081
0.9053633749819754,3624,0,1,0,-1,0,0.0,0.0,2025-Jan-30-22:17:46.514947
0.8747448491731491,3625,5,1,0,0,0,0.0,0.0,2025-Jan-30-22:17:46.545917
1.5315873669835935,3626,0,1,1,0,1,0.0,1.8,2025-Jan-30-22:17:46.586409
0.8747448491731491,3627,5,1,0,0,0,0.0,0.0,2025-Jan-30-22:17:46.615473
0.9053633749819754,3628,0,1,0,-1,0,0.0,0.0,2025-Jan-30-22:17:46.653018
0.8215981272878343,3629,0,1,0,0,1,0.0,0.8,2025-Jan-30-22:17:46.696599
1.5621558370306095,3630,1,1,1,-1,1,0.0,1.9,2025-Jan-30-22:17:46.768249
0.9347793000872058,3631,0,1,0,-1,-1,0.0,0.0,2025-Jan-30-22:17:46.864050
0.8747448494635456,3632,4,1,0,0,0,0.0,0.0,2025-Jan-30-22:17:46.920950
0.8227999028833363,3633,4,1,0,1,0,0.7,0.0,2025-Jan-30-22:17:46.961232
0.8228003705717961,3634,5,1,0,1,-1,1.0,0.0,2025-Jan-30-22:17:46.999800
0.9053633752635563,3635,4,1,0,-1,0,0.0,0.0,2025-Jan-30-22:17:47.038692
0.8215969191617977,3636,0,1,0,0,1,0.0,0.9,2025-Jan-30-22:17:47.077844
1.562216229530842,3637,0,1,1,-1,1,0.0,1.2,2025-Jan-30-22:17:47.127003
1.7847012822924158,3638,8,1,0,0,0,0.0,0.0,2025-Jan-30-22:17:47.159093
0.8747448341533453,3639,2,1,0,1,0,0.1,0.0,2025-Jan-30-22:17:47.193909
0.8227997530945621,3640,5,1,0,1,-1,0.6,0.0,2025-Jan-30-22:17:47.233672
1.7847012822924566,3641,7,1,0,0,0,0.0,0.0,2025-Jan-30-22:17:47.265037
1.7847013134538594,3642,8,1,0,0,-1,0.0,0.0,2025-Jan-30-22:17:47.296450
0.822799442189167,3643,1,1,0,1,0,0.4,0.0,2025-Jan-30-22:17:47.337376
0.8747448491733278,3644,0,1,0,0,0,0.0,0.0,2025-Jan-30-22:17:47.366070
1.7847012822924158,3645,8,1,0,0,0,0.0,0.0,2025-Jan-30-22:17:47.398006
0.874744853213778,3646,4,1,0,0,-1,0.0,0.0,2025-Jan-30-22:17:47.426015
1.5847461293664833,3647,0,1,1,0,0,0.0,0.0,2025-Jan-30-22:17:47.455945
0.9053633599695751,3648,4,1,0,-1,1,0.0,0.7,2025-Jan-30-22:17:47.494560
1.5981507407667987,3649,0,1,1,0,-1,0.0,0.0,2025-Jan-30-22:17:47.530488
0.8583360106420266,3650,1,1,0,1,0,0.1,0.0,2025-Jan-30-22:17:47.560953
0.821584887530485,3651,0,1,0,0,1,0.0,1.9,2025-Jan-30-22:17:47.599635
1.5847461293664833,3652,0,1,1,0,0,0.0,0.0,2025-Jan-30-22:17:47.627743
1.5981507407667987,3653,0,1,1,0,-1,0.0,0.0,2025-Jan-30-22:17:47.663222
0.8747448491733278,3654,0,1,0,0,0,0.0,0.0,2025-Jan-30-22:17:47.694475
0.8228011432665673,3655,4,1,0,1,0,1.5,0.0,2025-Jan-30-22:17:47.743683
0.8254720856399793,3656,0,1,0,0,1,0.0,0.3,2025-Jan-30-22:17:47.874946
0.8227999065321201,3657,5,1,0,1,-1,0.7,0.0,2025-Jan-30-22:17:47.957408
0.8747448488829315,3658,1,1,0,0,0,0.0,0.0,2025-Jan-30-22:17:47.984456
0.8051894551697423,3659,0,1,0,1,1,0.1,0.8,2025-Jan-30-22:17:48.022793
0.8747448488829315,3660,1,1,0,0,0,0.0,0.0,2025-Jan-30-22:17:48.053600
1.7847012822924158,3661,8,1,0,0,0,0.0,0.0,2025-Jan-30-22:17:48.086305
0.8747448488829315,3662,1,1,0,0,0,0.0,0.0,2025-Jan-30-22:17:48.116802
0.9193881525555189,3663,1,1,0,-1,-1,0.0,0.0,2025-Jan-30-22:17:48.157431
0.8216017587492593,3664,0,1,0,0,1,0.0,0.5,2025-Jan-30-22:17:48.195469
0.8747448343549313,3665,2,1,0,1,0,0.4,0.0,2025-Jan-30-22:17:48.225467
0.8747448491733278,3666,0,1,0,0,0,0.0,0.0,2025-Jan-30-22:17:48.253664
1.584746129656701,3667,4,1,1,0,0,0.0,0.0,2025-Jan-30-22:17:48.282767
0.8877495822518107,3668,0,1,0,1,-1,0.1,0.0,2025-Jan-30-22:17:48.320421
1.532803050623543,3669,0,1,1,1,0,1.9,0.0,2025-Jan-30-22:17:48.360630
0.8215884859356728,3670,0,1,0,0,1,0.0,1.6,2025-Jan-30-22:17:48.398325
0.8747448494635456,3671,4,1,0,0,0,0.0,0.0,2025-Jan-30-22:17:48.427413
0.8747448488829315,3672,1,1,0,0,0,0.0,0.0,2025-Jan-30-22:17:48.457367
0.8747448494635456,3673,4,1,0,0,0,0.0,0.0,2025-Jan-30-22:17:48.483188
0.8747448339688846,3674,4,1,0,0,1,0.0,1.9,2025-Jan-30-22:17:48.514451
0.8747448494635457,3675,2,1,0,0,0,0.0,0.0,2025-Jan-30-22:17:48.545691
0.7600012813438732,3676,6,1,0,1,-1,0.7,0.0,2025-Jan-30-22:17:48.589275
0.8747448494635456,3677,4,1,0,0,0,0.0,0.0,2025-Jan-30-22:17:48.618508
1.5847019539472484,3678,1,1,1,0,0,0.0,0.0,2025-Jan-30-22:17:48.650003
0.9041586457104427,3679,1,1,0,0,-1,0.0,0.0,2025-Jan-30-22:17:48.688337
0.888149460778483,3680,2,1,0,0,-1,0.0,0.0,2025-Jan-30-22:17:48.732404
0.8747448494635457,3681,2,1,0,0,0,0.0,0.0,2025-Jan-30-22:17:48.801567
0.8228005202542494,3682,0,1,0,1,0,1.1,0.0,2025-Jan-30-22:17:48.893565
0.8747448529233814,3683,5,1,0,0,-1,0.0,0.0,2025-Jan-30-22:17:48.923214
0.8747448488829315,3684,1,1,0,0,0,0.0,0.0,2025-Jan-30-22:17:48.952685
1.7847013134538594,3685,8,1,0,0,-1,0.0,0.0,2025-Jan-30-22:17:48.983744
0.8227999025775989,3686,5,1,0,1,0,0.7,0.0,2025-Jan-30-22:17:49.023828
1.7847012822924158,3687,8,1,0,0,0,0.0,0.0,2025-Jan-30-22:17:49.054265
1.5981507407667987,3688,0,1,1,0,-1,0.0,0.0,2025-Jan-30-22:17:49.088493
0.8747448494635456,3689,4,1,0,0,0,0.0,0.0,2025-Jan-30-22:17:49.117452
0.8228011426552728,3690,1,1,0,1,0,1.5,0.0,2025-Jan-30-22:17:49.158008
0.8747448491733278,3691,0,1,0,0,0,0.0,0.0,2025-Jan-30-22:17:49.192119
0.8228002109729522,3692,1,1,0,1,0,0.9,0.0,2025-Jan-30-22:17:49.230141
0.8227999022720551,3693,1,1,0,1,0,0.7,0.0,2025-Jan-30-22:17:49.267873
0.8747448491733278,3694,0,1,0,0,0,0.0,0.0,2025-Jan-30-22:17:49.296614
0.7696464845314787,3695,1,1,0,1,1,0.5,1.4,2025-Jan-30-22:17:49.345592
0.8747448491731491,3696,3,1,0,0,0,0.0,0.0,2025-Jan-30-22:17:49.373462
0.8216017587492593,3697,0,1,0,0,1,0.0,0.5,2025-Jan-30-22:17:49.415464
0.8419269785380258,3698,0,1,0,1,0,0.2,0.0,2025-Jan-30-22:17:49.452189
0.8747448491731491,3699,5,1,0,0,0,0.0,0.0,2025-Jan-30-22:17:49.483707
0.8747448494635457,3700,2,1,0,0,0,0.0,0.0,2025-Jan-30-22:17:49.516229
1.5315861677346656,3701,0,1,1,0,1,0.0,1.9,2025-Jan-30-22:17:49.556433
0.8747448491731491,3702,5,1,0,0,0,0.0,0.0,2025-Jan-30-22:17:49.583961
0.8881494605956468,3703,0,1,0,0,-1,0.0,0.0,2025-Jan-30-22:17:49.617844
0.8254720856399793,3704,0,1,0,0,1,0.0,0.3,2025-Jan-30-22:17:49.647589
0.8747448491733278,3705,0,1,0,0,0,0.0,0.0,2025-Jan-30-22:17:49.677564
0.8747448488829315,3706,1,1,0,0,0,0.0,0.0,2025-Jan-30-22:17:49.707326
0.8228012983664247,3707,1,1,0,1,0,1.6,0.0,2025-Jan-30-22:17:49.771602
0.8747448494635456,3708,4,1,0,0,0,0.0,0.0,2025-Jan-30-22:17:49.841286
0.8747448488829315,3709,1,1,0,0,0,0.0,0.0,2025-Jan-30-22:17:49.913524
0.8747448491733278,3710,0,1,0,0,0,0.0,0.0,2025-Jan-30-22:17:49.944381
0.8167012719738662,3711,7,1,0,1,-1,0.7,0.0,2025-Jan-30-22:17:49.984921
0.8747448491733278,3712,0,1,0,0,0,0.0,0.0,2025-Jan-30-22:17:50.015142
0.8227997491403438,3713,0,1,0,1,0,0.6,0.0,2025-Jan-30-22:17:50.056474
0.8747448488829315,3714,1,1,0,0,0,0.0,0.0,2025-Jan-30-22:17:50.084595
0.888149460778483,3715,2,1,0,0,-1,0.0,0.0,2025-Jan-30-22:17:50.119604
1.7847013017548132,3716,6,1,0,1,0,0.8,0.0,2025-Jan-30-22:17:50.153407
0.9053633749819754,3717,0,1,0,-1,0,0.0,0.0,2025-Jan-30-22:17:50.194420
0.8747448491731491,3718,3,1,0,0,0,0.0,0.0,2025-Jan-30-22:17:50.224026
0.8747448494635457,3719,2,1,0,0,0,0.0,0.0,2025-Jan-30-22:17:50.315425
0.8747448494635456,3720,4,1,0,0,0,0.0,0.0,2025-Jan-30-22:17:50.345681
0.8522213773826376,3721,0,1,0,-1,1,0.0,0.6,2025-Jan-30-22:17:50.388684
0.8747448491731491,3722,5,1,0,0,0,0.0,0.0,2025-Jan-30-22:17:50.420632
0.9041586457104427,3723,1,1,0,0,-1,0.0,0.0,2025-Jan-30-22:17:50.456171
0.7887709513850707,3724,1,1,0,1,1,0.2,1.6,2025-Jan-30-22:17:50.496074
1.784701313454272,3725,7,1,0,-1,0,0.0,0.0,2025-Jan-30-22:17:50.526167
1.5847019540923193,3726,3,1,1,0,0,0.0,0.0,2025-Jan-30-22:17:50.556160
0.8881494605956468,3727,0,1,0,0,-1,0.0,0.0,2025-Jan-30-22:17:50.589858
1.7847013254843016,3728,6,1,0,1,1,0.8,1.2,2025-Jan-30-22:17:50.620894
1.5847019539472484,3729,1,1,1,0,0,0.0,0.0,2025-Jan-30-22:17:50.650472
0.8881494605956468,3730,0,1,0,0,-1,0.0,0.0,2025-Jan-30-22:17:50.687116
0.8747448488829315,3731,1,1,0,0,0,0.0,0.0,2025-Jan-30-22:17:50.717035
0.8747448491731491,3732,3,1,0,0,0,0.0,0.0,2025-Jan-30-22:17:50.801836
0.8881494605956468,3733,0,1,0,0,-1,0.0,0.0,2025-Jan-30-22:17:50.897038
0.888149460778483,3734,2,1,0,0,-1,0.0,0.0,2025-Jan-30-22:17:50.939804
0.9041586457104427,3735,1,1,0,0,-1,0.0,0.0,2025-Jan-30-22:17:50.978842
1.7847013017548132,3736,6,1,0,1,0,0.8,0.0,2025-Jan-30-22:17:51.012309
0.8881494605956468,3737,0,1,0,0,-1,0.0,0.0,2025-Jan-30-22:17:51.050332
0.8747448491731491,3738,5,1,0,0,0,0.0,0.0,2025-Jan-30-22:17:51.078870
0.8747448494635457,3739,2,1,0,0,0,0.0,0.0,2025-Jan-30-22:17:51.105991
0.9041586457104427,3740,1,1,0,0,-1,0.0,0.0,2025-Jan-30-22:17:51.141394
0.8881494605956468,3741,0,1,0,0,-1,0.0,0.0,2025-Jan-30-22:17:51.177400
1.5847019540919232,3742,5,1,1,0,0,0.0,0.0,2025-Jan-30-22:17:51.206165
0.874744833678488,3743,5,1,0,0,1,0.0,1.9,2025-Jan-30-22:17:51.238084
1.7847012823668567,3744,6,1,0,0,0,0.0,0.0,2025-Jan-30-22:17:51.269863
0.8490084992439094,3745,6,1,0,-1,-1,0.0,0.0,2025-Jan-30-22:17:51.304558
0.8228002155389774,3746,4,1,0,1,-1,0.9,0.0,2025-Jan-30-22:17:51.343449
0.8747448491731491,3747,5,1,0,0,0,0.0,0.0,2025-Jan-30-22:17:51.373514
1.7847012823668567,3748,6,1,0,0,0,0.0,0.0,2025-Jan-30-22:17:51.408030
0.8747448491731491,3749,5,1,0,0,0,0.0,0.0,2025-Jan-30-22:17:51.437041
1.7847012822924566,3750,7,1,0,0,0,0.0,0.0,2025-Jan-30-22:17:51.468409
0.8254720856399793,3751,0,1,0,0,1,0.0,0.3,2025-Jan-30-22:17:51.496923
1.5847461293664833,3752,0,1,1,0,0,0.0,0.0,2025-Jan-30-22:17:51.526036
0.8228003663113987,3753,1,1,0,1,0,1.0,0.0,2025-Jan-30-22:17:51.566194
0.7696414710221001,3754,0,1,0,1,1,0.8,1.9,2025-Jan-30-22:17:51.616953
0.7696408144245557,3755,1,1,0,1,1,0.6,1.9,2025-Jan-30-22:17:51.666408
1.5315446114452191,3756,1,1,1,0,1,0.0,1.2,2025-Jan-30-22:17:51.706809
0.8215920935669413,3757,1,1,0,0,1,0.0,1.3,2025-Jan-30-22:17:51.761253
0.8747448488829315,3758,1,1,0,0,0,0.0,0.0,2025-Jan-30-22:17:51.844271
1.5847019539472484,3759,1,1,1,0,0,0.0,0.0,2025-Jan-30-22:17:51.906965
1.7847012822924566,3760,7,1,0,0,0,0.0,0.0,2025-Jan-30-22:17:51.938389
0.8747448494635456,3761,4,1,0,0,0,0.0,0.0,2025-Jan-30-22:17:51.968388
0.8747448491733278,3762,0,1,0,0,0,0.0,0.0,2025-Jan-30-22:17:51.997058
0.8583360109372675,3763,0,1,0,1,0,0.1,0.0,2025-Jan-30-22:17:52.026062
0.8747448488829315,3764,1,1,0,0,0,0.0,0.0,2025-Jan-30-22:17:52.120844
1.614159930101928,3765,2,1,1,-1,-1,0.0,0.0,2025-Jan-30-22:17:52.158212
0.8747448341656374,3766,5,1,0,0,1,0.0,1.6,2025-Jan-30-22:17:52.194346
0.8747448491731491,3767,5,1,0,0,0,0.0,0.0,2025-Jan-30-22:17:52.221346
0.8522119667728801,3768,0,1,0,1,-1,0.9,0.0,2025-Jan-30-22:17:52.271509
0.8522113750405047,3769,0,1,0,1,-1,1.7,0.0,2025-Jan-30-22:17:52.321108
0.8747448491733278,3770,0,1,0,0,0,0.0,0.0,2025-Jan-30-22:17:52.350710
0.8747448491731491,3771,3,1,0,0,0,0.0,0.0,2025-Jan-30-22:17:52.381362
1.6141599264617297,3772,2,1,1,0,-1,0.0,0.0,2025-Jan-30-22:17:52.417946
0.8747448488829315,3773,1,1,0,0,0,0.0,0.0,2025-Jan-30-22:17:52.448970
0.8747448491731491,3774,3,1,0,0,0,0.0,0.0,2025-Jan-30-22:17:52.478282
0.8747448491731491,3775,5,1,0,0,0,0.0,0.0,2025-Jan-30-22:17:52.505832
0.874744853213778,3776,4,1,0,0,-1,0.0,0.0,2025-Jan-30-22:17:52.533960
0.888149460778483,3777,2,1,0,0,-1,0.0,0.0,2025-Jan-30-22:17:52.575040
0.8215848872244257,3778,1,1,0,0,1,0.0,1.9,2025-Jan-30-22:17:52.614267
0.821584887530485,3779,0,1,0,0,1,0.0,1.9,2025-Jan-30-22:17:52.655263
0.8747448529233814,3780,5,1,0,0,-1,0.0,0.0,2025-Jan-30-22:17:52.686977
0.8215932995606529,3781,1,1,0,0,1,0.0,1.2,2025-Jan-30-22:17:52.730874
0.8881494605956468,3782,0,1,0,0,-1,0.0,0.0,2025-Jan-30-22:17:52.808275
0.8747448529233814,3783,5,1,0,0,-1,0.0,0.0,2025-Jan-30-22:17:52.878557
0.821584887530485,3784,0,1,0,0,1,0.0,1.9,2025-Jan-30-22:17:52.952916
0.888149460778483,3785,2,1,0,0,-1,0.0,0.0,2025-Jan-30-22:17:52.988058
0.8747448491731491,3786,5,1,0,0,0,0.0,0.0,2025-Jan-30-22:17:53.018222
0.8747448494635456,3787,4,1,0,0,0,0.0,0.0,2025-Jan-30-22:17:53.066035
1.5981507407667987,3788,0,1,1,0,-1,0.0,0.0,2025-Jan-30-22:17:53.111746
0.8747448488829315,3789,1,1,0,0,0,0.0,0.0,2025-Jan-30-22:17:53.152058
0.806388912663502,3790,1,1,0,1,1,1.4,0.1,2025-Jan-30-22:17:53.195844
0.8747448491731491,3791,3,1,0,0,0,0.0,0.0,2025-Jan-30-22:17:53.226651
0.8227997491401505,3792,5,1,0,1,0,0.6,0.0,2025-Jan-30-22:17:53.266549
0.9053633747002237,3793,1,1,0,-1,0,0.0,0.0,2025-Jan-30-22:17:53.304568
0.8747448488829315,3794,1,1,0,0,0,0.0,0.0,2025-Jan-30-22:17:53.335147
0.8228002109729522,3795,1,1,0,1,0,0.9,0.0,2025-Jan-30-22:17:53.375748
0.8747448491731491,3796,3,1,0,0,0,0.0,0.0,2025-Jan-30-22:17:53.406944
0.769643325674441,3797,0,1,0,1,1,1.0,1.8,2025-Jan-30-22:17:53.459820
0.822799442189167,3798,1,1,0,1,0,0.4,0.0,2025-Jan-30-22:17:53.497630
1.7847012823668567,3799,6,1,0,0,0,0.0,0.0,2025-Jan-30-22:17:53.529143
0.8215896882838103,3800,0,1,0,0,1,0.0,1.5,2025-Jan-30-22:17:53.571777
0.8522059267878213,3801,0,1,0,-1,1,0.0,1.9,2025-Jan-30-22:17:53.619814
0.8747448491731491,3802,3,1,0,0,0,0.0,0.0,2025-Jan-30-22:17:53.650965
0.8227999022720551,3803,1,1,0,1,0,0.7,0.0,2025-Jan-30-22:17:53.690822
0.8215932998667367,3804,0,1,0,0,1,0.0,1.2,2025-Jan-30-22:17:53.741876
0.8747448494635457,3805,2,1,0,0,0,0.0,0.0,2025-Jan-30-22:17:53.816943
0.8747448532137795,3806,2,1,0,-1,0,0.0,0.0,2025-Jan-30-22:17:53.897330
0.8881494605956468,3807,0,1,0,0,-1,0.0,0.0,2025-Jan-30-22:17:53.938850
1.7847012822924158,3808,8,1,0,0,0,0.0,0.0,2025-Jan-30-22:17:53.972342
0.8747448488829315,3809,1,1,0,0,0,0.0,0.0,2025-Jan-30-22:17:54.000573
0.9193881525555189,3810,1,1,0,-1,-1,0.0,0.0,2025-Jan-30-22:17:54.044037
0.9041586308108448,3811,3,1,0,1,-1,0.5,0.0,2025-Jan-30-22:17:54.086296
1.5847461293664833,3812,0,1,1,0,0,0.0,0.0,2025-Jan-30-22:17:54.117282
0.8227995952761917,3813,1,1,0,1,0,0.5,0.0,2025-Jan-30-22:17:54.159189
1.5847019539472484,3814,1,1,1,0,0,0.0,0.0,2025-Jan-30-22:17:54.188282
0.8747448491731491,3815,3,1,0,0,0,0.0,0.0,2025-Jan-30-22:17:54.218338
1.7847012949056862,3816,6,1,0,1,0,1.3,0.0,2025-Jan-30-22:17:54.254145
0.8215908916516531,3817,0,1,0,0,1,0.0,1.4,2025-Jan-30-22:17:54.294414
0.8747448491731491,3818,3,1,0,0,0,0.0,0.0,2025-Jan-30-22:17:54.326503
0.8419066806364724,3819,2,1,0,0,1,0.0,0.2,2025-Jan-30-22:17:54.360127
0.8747448491733278,3820,0,1,0,0,0,0.0,0.0,2025-Jan-30-22:17:54.390912
0.8747448338629475,3821,5,1,0,0,1,0.0,0.1,2025-Jan-30-22:17:54.487961
0.9053633747002237,3822,1,1,0,-1,0,0.0,0.0,2025-Jan-30-22:17:54.525829
0.8747448339688846,3823,4,1,0,0,1,0.0,1.9,2025-Jan-30-22:17:54.560081
0.8227999025777923,3824,0,1,0,1,0,0.7,0.0,2025-Jan-30-22:17:54.600644
0.8747448339688846,3825,4,1,0,0,1,0.0,1.9,2025-Jan-30-22:17:54.634131
1.7847012823668567,3826,6,1,0,0,0,0.0,0.0,2025-Jan-30-22:17:54.668069
1.7847012750999518,3827,7,1,0,1,0,0.6,0.0,2025-Jan-30-22:17:54.702933
1.7847013104226903,3828,8,1,0,1,0,0.9,0.0,2025-Jan-30-22:17:54.743949
0.8228000562946882,3829,1,1,0,1,0,0.8,0.0,2025-Jan-30-22:17:54.831783
1.809800201929061,3830,6,1,0,1,-1,1.7,0.0,2025-Jan-30-22:17:54.918017
0.905363378617938,3831,5,1,0,-1,-1,0.0,0.0,2025-Jan-30-22:17:54.956204
1.5309869961954488,3832,6,1,0,0,-1,0.0,0.0,2025-Jan-30-22:17:54.996221
0.8522112478975696,3833,0,1,0,-1,1,0.0,1.5,2025-Jan-30-22:17:55.041729
0.806388718377609,3834,1,1,0,1,1,1.3,0.1,2025-Jan-30-22:17:55.081259
0.7696408147459626,3835,0,1,0,1,1,0.6,1.9,2025-Jan-30-22:17:55.136954
1.7847012822924158,3836,8,1,0,0,0,0.0,0.0,2025-Jan-30-22:17:55.171908
0.9053633749819754,3837,0,1,0,-1,0,0.0,0.0,2025-Jan-30-22:17:55.211595
0.9041586312252814,3838,2,1,0,1,-1,0.6,0.0,2025-Jan-30-22:17:55.253359
0.8747448491733278,3839,0,1,0,0,0,0.0,0.0,2025-Jan-30-22:17:55.282486
0.8747448491733278,3840,0,1,0,0,0,0.0,0.0,2025-Jan-30-22:17:55.312109
0.8747448488829315,3841,1,1,0,0,0,0.0,0.0,2025-Jan-30-22:17:55.341386
0.821584887530485,3842,0,1,0,0,1,0.0,1.9,2025-Jan-30-22:17:55.383274
0.7696503976444053,3843,1,1,0,1,1,1.3,1.3,2025-Jan-30-22:17:55.432009
1.7847013439224413,3844,8,1,0,1,-1,0.6,0.0,2025-Jan-30-22:17:55.464828
0.8713403243897597,3845,1,1,0,1,-1,0.2,0.0,2025-Jan-30-22:17:55.500719
1.5847461293664833,3846,0,1,1,0,0,0.0,0.0,2025-Jan-30-22:17:55.530474
0.8228002115842366,3847,4,1,0,1,0,0.9,0.0,2025-Jan-30-22:17:55.572342
1.7847013439224413,3848,8,1,0,1,-1,0.6,0.0,2025-Jan-30-22:17:55.604445
0.8215945042733118,3849,1,1,0,0,1,0.0,1.1,2025-Jan-30-22:17:55.646765
0.8747448342662378,3850,2,1,0,1,0,1.1,0.0,2025-Jan-30-22:17:55.677774
1.5847461293664833,3851,0,1,1,0,0,0.0,0.0,2025-Jan-30-22:17:55.709248
0.8881494605956468,3852,0,1,0,0,-1,0.0,0.0,2025-Jan-30-22:17:55.776323
0.8747448494635456,3853,4,1,0,0,0,0.0,0.0,2025-Jan-30-22:17:55.852293
0.8747448494635457,3854,2,1,0,0,0,0.0,0.0,2025-Jan-30-22:17:55.924687
0.822800520254056,3855,5,1,0,1,0,1.1,0.0,2025-Jan-30-22:17:55.964603
1.5328038733282094,3856,8,1,1,1,-1,0.6,0.0,2025-Jan-30-22:17:56.003355
0.7696576979717933,3857,1,1,0,1,1,1.4,0.8,2025-Jan-30-22:17:56.051853
0.7696417991278623,3858,0,1,0,1,1,0.9,1.9,2025-Jan-30-22:17:56.101920
0.7696492141574008,3859,0,1,0,1,1,0.6,1.2,2025-Jan-30-22:17:56.151655
1.584746129656701,3860,4,1,1,0,0,0.0,0.0,2025-Jan-30-22:17:56.180131
0.8227997488346075,3861,1,1,0,1,0,0.6,0.0,2025-Jan-30-22:17:56.218612
0.8747448494635457,3862,2,1,0,0,0,0.0,0.0,2025-Jan-30-22:17:56.248617
0.8747448488829315,3863,1,1,0,0,0,0.0,0.0,2025-Jan-30-22:17:56.277841
0.8215933041316463,3864,2,1,0,-1,1,0.0,1.2,2025-Jan-30-22:17:56.317801
1.5981507407667987,3865,0,1,1,0,-1,0.0,0.0,2025-Jan-30-22:17:56.351629
0.8747448494635457,3866,2,1,0,0,0,0.0,0.0,2025-Jan-30-22:17:56.382635
