Cost,Sim,Switch_State_Indx,Gen1_on,Gen2_on,Batt1_mode,Batt2_mode,Batt1_power_kW,Batt2_power_kW,Timestamp
0.8747448491731491,3867,5,1,0,0,0,0.0,0.0,2025-Jan-30-22:17:56.415158
1.5847484356574353,3868,6,1,1,0,0,0.0,0.0,2025-Jan-30-22:17:56.447605
0.8255177572803948,3869,5,1,0,1,0,0.3,0.0,2025-Jan-30-22:17:56.479181
1.584748420980036,3870,7,1,1,1,0,1.2,0.0,2025-Jan-30-22:17:56.514751
0.8216005477689453,3871,2,1,0,0,1,0.0,0.6,2025-Jan-30-22:17:56.619383
0.8747448491731491,3872,5,1,0,0,0,0.0,0.0,2025-Jan-30-22:17:56.648862
1.6153646590868944,3873,4,1,1,-1,-1,0.0,0.0,2025-Jan-30-22:17:56.688896
0.8747448491731491,3874,3,1,0,0,0,0.0,0.0,2025-Jan-30-22:17:56.725043
0.8747448491731491,3875,5,1,0,0,0,0.0,0.0,2025-Jan-30-22:17:56.812383
0.8881494605956468,3876,0,1,0,0,-1,0.0,0.0,2025-Jan-30-22:17:56.913599
1.584701955935984,3877,5,1,1,0,-1,0.0,0.0,2025-Jan-30-22:17:56.943819
0.8747448339758415,3878,3,1,0,1,0,1.1,0.0,2025-Jan-30-22:17:56.976988
0.9041586304052652,3879,3,1,0,1,-1,0.3,0.0,2025-Jan-30-22:17:57.026420
1.7847012822924158,3880,8,1,0,0,0,0.0,0.0,2025-Jan-30-22:17:57.059969
1.5315383292775326,3881,3,1,1,0,1,0.0,1.7,2025-Jan-30-22:17:57.100739
1.5847484359481976,3882,7,1,1,0,0,0.0,0.0,2025-Jan-30-22:17:57.130936
1.5847019540923193,3883,3,1,1,0,0,0.0,0.0,2025-Jan-30-22:17:57.164908
0.8747448337503302,3884,3,1,0,1,0,0.9,0.0,2025-Jan-30-22:17:57.198052
1.5315471299363044,3885,3,1,1,0,1,0.0,1.0,2025-Jan-30-22:17:57.238417
1.5622155729939613,3886,6,1,1,1,-1,1.8,0.0,2025-Jan-30-22:17:57.287565
1.5315547034976023,3887,1,1,1,0,1,0.0,0.4,2025-Jan-30-22:17:57.326453
1.532752960322978,3888,1,1,1,1,0,1.6,0.0,2025-Jan-30-22:17:57.367310
1.6141220391618645,3889,3,1,1,0,-1,0.0,0.0,2025-Jan-30-22:17:57.406516
1.584746114183643,3890,2,1,1,1,0,1.5,0.0,2025-Jan-30-22:17:57.436409
1.5847484356574353,3891,6,1,1,0,0,0.0,0.0,2025-Jan-30-22:17:57.469290
0.8747448337234764,3892,5,1,0,0,1,0.0,1.4,2025-Jan-30-22:17:57.500158
1.532752204548444,3893,5,1,1,1,0,0.9,0.0,2025-Jan-30-22:17:57.539280
1.5847019540919232,3894,5,1,1,0,0,0.0,0.0,2025-Jan-30-22:17:57.571059
1.5328028941356886,3895,4,1,1,1,0,1.8,0.0,2025-Jan-30-22:17:57.609426
1.7847013013367348,3896,8,1,0,1,0,1.2,0.0,2025-Jan-30-22:17:57.640269
0.8522172654713456,3897,1,1,0,-1,1,0.0,1.0,2025-Jan-30-22:17:57.691132
1.5981507407667987,3898,0,1,1,0,-1,0.0,0.0,2025-Jan-30-22:17:57.738823
1.5847019540923193,3899,3,1,1,0,0,0.0,0.0,2025-Jan-30-22:17:57.821594
1.7847013134538594,3900,8,1,0,0,-1,0.0,0.0,2025-Jan-30-22:17:57.914950
1.5315989937219925,3901,7,1,1,0,1,0.0,1.0,2025-Jan-30-22:17:57.955072
0.8228002109729522,3902,1,1,0,1,0,0.9,0.0,2025-Jan-30-22:17:57.996379
1.6153646590868944,3903,4,1,1,-1,-1,0.0,0.0,2025-Jan-30-22:17:58.032132
1.531592936698099,3904,6,1,1,0,1,0.0,1.5,2025-Jan-30-22:17:58.070154
1.5847019540923193,3905,3,1,1,0,0,0.0,0.0,2025-Jan-30-22:17:58.098138
0.8747448340138728,3906,4,1,0,0,1,0.0,1.4,2025-Jan-30-22:17:58.129903
1.584746133406935,3907,2,1,1,-1,0,0.0,0.0,2025-Jan-30-22:17:58.161326
0.9053633597145646,3908,4,1,0,-1,1,0.0,1.1,2025-Jan-30-22:17:58.205637
1.6141599112638123,3909,2,1,1,1,-1,1.9,0.0,2025-Jan-30-22:17:58.247418
1.5847484359473927,3910,8,1,1,0,0,0.0,0.0,2025-Jan-30-22:17:58.280027
1.5847484356574353,3911,6,1,1,0,0,0.0,0.0,2025-Jan-30-22:17:58.308844
1.6153646400059871,3912,4,1,1,-1,1,0.0,1.3,2025-Jan-30-22:17:58.348321
1.6153224933224726,3913,1,1,1,-1,0,0.0,0.0,2025-Jan-30-22:17:58.385173
0.9053633590976744,3914,5,1,0,-1,1,0.0,1.4,2025-Jan-30-22:17:58.424490
1.5847484359481976,3915,7,1,1,0,0,0.0,0.0,2025-Jan-30-22:17:58.452865
1.5328028941356886,3916,4,1,1,1,0,1.8,0.0,2025-Jan-30-22:17:58.494179
0.8747448491733278,3917,0,1,0,0,0,0.0,0.0,2025-Jan-30-22:17:58.523424
0.8747448491731491,3918,3,1,0,0,0,0.0,0.0,2025-Jan-30-22:17:58.554798
1.5847461293664833,3919,0,1,1,0,0,0.0,0.0,2025-Jan-30-22:17:58.585162
0.8747448491733278,3920,0,1,0,0,0,0.0,0.0,2025-Jan-30-22:17:58.614241
1.5322869961950296,3921,6,1,0,-1,0,0.0,0.0,2025-Jan-30-22:17:58.651068
0.8747448491731491,3922,3,1,0,0,0,0.0,0.0,2025-Jan-30-22:17:58.680754
0.8228017704193855,3923,5,1,0,1,0,1.9,0.0,2025-Jan-30-22:17:58.725049
1.6153646590868944,3924,4,1,1,-1,-1,0.0,0.0,2025-Jan-30-22:17:58.811859
1.7847012822924158,3925,8,1,0,0,0,0.0,0.0,2025-Jan-30-22:17:58.896517
1.5847019539472484,3926,1,1,1,0,0,0.0,0.0,2025-Jan-30-22:17:58.929283
1.6141220391618645,3927,3,1,1,0,-1,0.0,0.0,2025-Jan-30-22:17:58.966425
0.9041586459923068,3928,3,1,0,0,-1,0.0,0.0,2025-Jan-30-22:17:59.071615
1.7847012823668567,3929,6,1,0,0,0,0.0,0.0,2025-Jan-30-22:17:59.108228
0.9053633749818047,3930,5,1,0,-1,0,0.0,0.0,2025-Jan-30-22:17:59.145493
1.5847484396943574,3931,8,1,1,0,-1,0.0,0.0,2025-Jan-30-22:17:59.178624
0.8747448488829315,3932,1,1,0,0,0,0.0,0.0,2025-Jan-30-22:17:59.218494
1.6141599264617297,3933,2,1,1,0,-1,0.0,0.0,2025-Jan-30-22:17:59.254198
1.7847012822924158,3934,8,1,0,0,0,0.0,0.0,2025-Jan-30-22:17:59.285465
1.5847484359473927,3935,8,1,1,0,0,0.0,0.0,2025-Jan-30-22:17:59.317575
1.5847019539472484,3936,1,1,1,0,0,0.0,0.0,2025-Jan-30-22:17:59.346574
1.6141599264617297,3937,2,1,1,0,-1,0.0,0.0,2025-Jan-30-22:17:59.387611
1.6141623251740955,3938,7,1,1,-1,-1,0.0,0.0,2025-Jan-30-22:17:59.422786
0.8747448491731491,3939,3,1,0,0,0,0.0,0.0,2025-Jan-30-22:17:59.451375
0.8747448494635457,3940,2,1,0,0,0,0.0,0.0,2025-Jan-30-22:17:59.481477
0.8215981275936953,3941,2,1,0,0,1,0.0,0.8,2025-Jan-30-22:17:59.520918
1.584746133406935,3942,2,1,1,-1,0,0.0,0.0,2025-Jan-30-22:17:59.550940
0.8747448491731491,3943,3,1,0,0,0,0.0,0.0,2025-Jan-30-22:17:59.583108
1.6153667300073198,3944,8,1,1,-1,0,0.0,0.0,2025-Jan-30-22:17:59.618240
0.8747448494635457,3945,2,1,0,0,0,0.0,0.0,2025-Jan-30-22:17:59.648677
1.5847484356574353,3946,6,1,1,0,0,0.0,0.0,2025-Jan-30-22:17:59.681652
0.874744833678488,3947,5,1,0,0,1,0.0,1.9,2025-Jan-30-22:17:59.715096
1.7847012822924158,3948,8,1,0,0,0,0.0,0.0,2025-Jan-30-22:17:59.761444
0.8747448491733278,3949,0,1,0,0,0,0.0,0.0,2025-Jan-30-22:17:59.834432
1.5847461296567011,3950,2,1,1,0,0,0.0,0.0,2025-Jan-30-22:17:59.911489
1.5355190374838559,3951,0,1,1,1,0,0.3,0.0,2025-Jan-30-22:17:59.942487
0.9347793000872058,3952,0,1,0,-1,-1,0.0,0.0,2025-Jan-30-22:17:59.988682
1.5847484359481976,3953,7,1,1,0,0,0.0,0.0,2025-Jan-30-22:18:00.019272
0.8747448491733278,3954,0,1,0,0,0,0.0,0.0,2025-Jan-30-22:18:00.047961
0.8747448494635457,3955,2,1,0,0,0,0.0,0.0,2025-Jan-30-22:18:00.078050
0.8881494605956468,3956,0,1,0,0,-1,0.0,0.0,2025-Jan-30-22:18:00.117204
0.8747448494635457,3957,2,1,0,0,0,0.0,0.0,2025-Jan-30-22:18:00.147665
1.7847012822924158,3958,8,1,0,0,0,0.0,0.0,2025-Jan-30-22:18:00.181717
0.8747448488829315,3959,1,1,0,0,0,0.0,0.0,2025-Jan-30-22:18:00.211740
0.8747448494635456,3960,4,1,0,0,0,0.0,0.0,2025-Jan-30-22:18:00.244747
1.584746129656701,3961,4,1,1,0,0,0.0,0.0,2025-Jan-30-22:18:00.276789
1.5847461296567011,3962,2,1,1,0,0,0.0,0.0,2025-Jan-30-22:18:00.313997
0.8747448494635456,3963,4,1,0,0,0,0.0,0.0,2025-Jan-30-22:18:00.343838
0.8747448491731491,3964,3,1,0,0,0,0.0,0.0,2025-Jan-30-22:18:00.374968
0.874744853213778,3965,4,1,0,0,-1,0.0,0.0,2025-Jan-30-22:18:00.403903
0.9041586496325047,3966,3,1,0,-1,-1,0.0,0.0,2025-Jan-30-22:18:00.438899
1.5847019540923193,3967,3,1,1,0,0,0.0,0.0,2025-Jan-30-22:18:00.470159
1.5847019539472484,3968,1,1,1,0,0,0.0,0.0,2025-Jan-30-22:18:00.501788
0.9041586459923068,3969,3,1,0,0,-1,0.0,0.0,2025-Jan-30-22:18:00.539919
1.7847012823668567,3970,6,1,0,0,0,0.0,0.0,2025-Jan-30-22:18:00.573024
0.9041586305050624,3971,3,1,0,1,-1,0.1,0.0,2025-Jan-30-22:18:00.615412
0.8747448491731491,3972,5,1,0,0,0,0.0,0.0,2025-Jan-30-22:18:00.646707
0.9053633749818047,3973,5,1,0,-1,0,0.0,0.0,2025-Jan-30-22:18:00.686869
0.874744853213778,3974,4,1,0,0,-1,0.0,0.0,2025-Jan-30-22:18:00.718964
0.8747448494635457,3975,2,1,0,0,0,0.0,0.0,2025-Jan-30-22:18:00.795995
0.8747448491731491,3976,3,1,0,0,0,0.0,0.0,2025-Jan-30-22:18:00.878037
1.6063594577513205,3977,1,1,1,0,-1,0.0,0.0,2025-Jan-30-22:18:00.931925
0.9041586459923068,3978,3,1,0,0,-1,0.0,0.0,2025-Jan-30-22:18:00.966078
0.8747448491731491,3979,3,1,0,0,0,0.0,0.0,2025-Jan-30-22:18:00.994694
1.6447805802687379,3980,0,1,1,-1,-1,0.0,0.0,2025-Jan-30-22:18:01.103096
0.8747448491731491,3981,3,1,0,0,0,0.0,0.0,2025-Jan-30-22:18:01.134008
0.8228017704195789,3982,0,1,0,1,0,1.9,0.0,2025-Jan-30-22:18:01.174854
0.8747448494635456,3983,4,1,0,0,0,0.0,0.0,2025-Jan-30-22:18:01.208765
0.888149460778483,3984,2,1,0,0,-1,0.0,0.0,2025-Jan-30-22:18:01.244780
0.8747448529233829,3985,3,1,0,-1,0,0.0,0.0,2025-Jan-30-22:18:01.274766
1.6153646554507612,3986,4,1,1,-1,0,0.0,0.0,2025-Jan-30-22:18:01.311599
0.8747448491733278,3987,0,1,0,0,0,0.0,0.0,2025-Jan-30-22:18:01.341354
0.8747448532137795,3988,2,1,0,-1,0,0.0,0.0,2025-Jan-30-22:18:01.372774
1.5309870199483973,3989,7,1,0,-1,-1,0.0,0.0,2025-Jan-30-22:18:01.411080
1.784701285491076,3990,8,1,0,0,1,0.0,0.7,2025-Jan-30-22:18:01.444509
0.8215860864733557,3991,1,1,0,0,1,0.0,1.8,2025-Jan-30-22:18:01.485446
0.8747448491733278,3992,0,1,0,0,0,0.0,0.0,2025-Jan-30-22:18:01.513627
0.8747448341938517,3993,2,1,0,1,0,0.3,0.0,2025-Jan-30-22:18:01.546305
0.8747448494635457,3994,2,1,0,0,0,0.0,0.0,2025-Jan-30-22:18:01.575878
0.8583360112323248,3995,4,1,0,1,0,0.1,0.0,2025-Jan-30-22:18:01.605102
0.8228003669226849,3996,4,1,0,1,0,1.0,0.0,2025-Jan-30-22:18:01.643065
1.5847019559413573,3997,3,1,1,-1,0,0.0,0.0,2025-Jan-30-22:18:01.673875
0.9041586459923068,3998,3,1,0,0,-1,0.0,0.0,2025-Jan-30-22:18:01.709414
0.9193881525555189,3999,1,1,0,-1,-1,0.0,0.0,2025-Jan-30-22:18:01.775081
0.8747448491733278,4000,0,1,0,0,0,0.0,0.0,2025-Jan-30-22:18:01.856401
0.8747448494635456,4001,4,1,0,0,0,0.0,0.0,2025-Jan-30-22:18:01.911419
0.9053633747002237,4002,1,1,0,-1,0,0.0,0.0,2025-Jan-30-22:18:01.945616
1.614159930101928,4003,2,1,1,-1,-1,0.0,0.0,2025-Jan-30-22:18:01.983260
0.8747448494635457,4004,2,1,0,0,0,0.0,0.0,2025-Jan-30-22:18:02.010639
0.8747448488829315,4005,1,1,0,0,0,0.0,0.0,2025-Jan-30-22:18:02.040514
0.888149460778483,4006,2,1,0,0,-1,0.0,0.0,2025-Jan-30-22:18:02.077313
0.8747448491731491,4007,3,1,0,0,0,0.0,0.0,2025-Jan-30-22:18:02.108405
0.9053633747002237,4008,1,1,0,-1,0,0.0,0.0,2025-Jan-30-22:18:02.145182
1.5981507407667987,4009,0,1,1,0,-1,0.0,0.0,2025-Jan-30-22:18:02.182647
0.9053633752635563,4010,4,1,0,-1,0,0.0,0.0,2025-Jan-30-22:18:02.220022
0.8747448494635457,4011,2,1,0,0,0,0.0,0.0,2025-Jan-30-22:18:02.252862
1.7847012823668567,4012,6,1,0,0,0,0.0,0.0,2025-Jan-30-22:18:02.284494
0.9041586459923068,4013,3,1,0,0,-1,0.0,0.0,2025-Jan-30-22:18:02.319663
0.8747448494635457,4014,2,1,0,0,0,0.0,0.0,2025-Jan-30-22:18:02.347867
0.9053633749819754,4015,0,1,0,-1,0,0.0,0.0,2025-Jan-30-22:18:02.386325
0.8747448491731491,4016,3,1,0,0,0,0.0,0.0,2025-Jan-30-22:18:02.415018
0.8747448491733278,4017,0,1,0,0,0,0.0,0.0,2025-Jan-30-22:18:02.445982
0.9041586499145164,4018,2,1,0,-1,-1,0.0,0.0,2025-Jan-30-22:18:02.484409
0.8747448494635457,4019,2,1,0,0,0,0.0,0.0,2025-Jan-30-22:18:02.512213
0.8747448494635456,4020,4,1,0,0,0,0.0,0.0,2025-Jan-30-22:18:02.541220
0.8747448491731491,4021,5,1,0,0,0,0.0,0.0,2025-Jan-30-22:18:02.571442
0.874744853213778,4022,4,1,0,0,-1,0.0,0.0,2025-Jan-30-22:18:02.601573
0.8747448494635457,4023,2,1,0,0,0,0.0,0.0,2025-Jan-30-22:18:02.631149
1.5847461293664833,4024,0,1,1,0,0,0.0,0.0,2025-Jan-30-22:18:02.659171
0.8747448494635456,4025,4,1,0,0,0,0.0,0.0,2025-Jan-30-22:18:02.689048
0.8747448494635456,4026,4,1,0,0,0,0.0,0.0,2025-Jan-30-22:18:02.728059
0.8747448491731491,4027,5,1,0,0,0,0.0,0.0,2025-Jan-30-22:18:02.864121
1.532803050623543,4028,0,1,1,1,0,1.9,0.0,2025-Jan-30-22:18:02.957676
0.8747448491733278,4029,0,1,0,0,0,0.0,0.0,2025-Jan-30-22:18:02.992500
1.584746129656701,4030,4,1,1,0,0,0.0,0.0,2025-Jan-30-22:18:03.021146
1.5847019540919232,4031,5,1,1,0,0,0.0,0.0,2025-Jan-30-22:18:03.055885
0.8747448494635457,4032,2,1,0,0,0,0.0,0.0,2025-Jan-30-22:18:03.103916
0.9041586459923068,4033,3,1,0,0,-1,0.0,0.0,2025-Jan-30-22:18:03.147600
0.8747448529233829,4034,3,1,0,-1,0,0.0,0.0,2025-Jan-30-22:18:03.184481
0.9053633749819754,4035,0,1,0,-1,0,0.0,0.0,2025-Jan-30-22:18:03.228183
0.8747448488829315,4036,1,1,0,0,0,0.0,0.0,2025-Jan-30-22:18:03.263011
1.53158810994071,4037,7,1,1,0,1,0.0,1.9,2025-Jan-30-22:18:03.311952
0.8747448494635456,4038,4,1,0,0,0,0.0,0.0,2025-Jan-30-22:18:03.353520
0.8747448491731491,4039,3,1,0,0,0,0.0,0.0,2025-Jan-30-22:18:03.387114
1.7847012822924566,4040,7,1,0,0,0,0.0,0.0,2025-Jan-30-22:18:03.421707
0.8747448488829315,4041,1,1,0,0,0,0.0,0.0,2025-Jan-30-22:18:03.450594
0.874744853213778,4042,4,1,0,0,-1,0.0,0.0,2025-Jan-30-22:18:03.481187
0.858330936738142,4043,2,1,0,0,1,0.0,0.1,2025-Jan-30-22:18:03.510165
0.8747448491731491,4044,3,1,0,0,0,0.0,0.0,2025-Jan-30-22:18:03.540573
0.904158630794389,4045,3,1,0,1,-1,1.9,0.0,2025-Jan-30-22:18:03.583793
0.9053633749819754,4046,0,1,0,-1,0,0.0,0.0,2025-Jan-30-22:18:03.621034
0.8881494605956468,4047,0,1,0,0,-1,0.0,0.0,2025-Jan-30-22:18:03.657820
0.8747448491731491,4048,5,1,0,0,0,0.0,0.0,2025-Jan-30-22:18:03.688900
0.8747448491731491,4049,5,1,0,0,0,0.0,0.0,2025-Jan-30-22:18:03.721922
0.8228017707251329,4050,4,1,0,1,0,1.9,0.0,2025-Jan-30-22:18:03.808394
0.8747448494635457,4051,2,1,0,0,0,0.0,0.0,2025-Jan-30-22:18:03.886755
0.8747448491733278,4052,0,1,0,0,0,0.0,0.0,2025-Jan-30-22:18:03.925824
0.8747448488829315,4053,1,1,0,0,0,0.0,0.0,2025-Jan-30-22:18:03.953555
0.8747448491731491,4054,3,1,0,0,0,0.0,0.0,2025-Jan-30-22:18:03.984221
0.888149460778483,4055,2,1,0,0,-1,0.0,0.0,2025-Jan-30-22:18:04.031865
1.5847484356574353,4056,6,1,1,0,0,0.0,0.0,2025-Jan-30-22:18:04.059187
0.8747448488829315,4057,1,1,0,0,0,0.0,0.0,2025-Jan-30-22:18:04.092026
0.8747448491731491,4058,3,1,0,0,0,0.0,0.0,2025-Jan-30-22:18:04.120095
0.8747448529233829,4059,3,1,0,-1,0,0.0,0.0,2025-Jan-30-22:18:04.150948
0.8747448488829315,4060,1,1,0,0,0,0.0,0.0,2025-Jan-30-22:18:04.182009
0.8747448494635457,4061,2,1,0,0,0,0.0,0.0,2025-Jan-30-22:18:04.211015
0.8747448494635457,4062,2,1,0,0,0,0.0,0.0,2025-Jan-30-22:18:04.240955
0.8747448494635457,4063,2,1,0,0,0,0.0,0.0,2025-Jan-30-22:18:04.270406
0.8747448491733278,4064,0,1,0,0,0,0.0,0.0,2025-Jan-30-22:18:04.300159
0.8228017704195789,4065,0,1,0,1,0,1.9,0.0,2025-Jan-30-22:18:04.339038
0.8747448491731491,4066,3,1,0,0,0,0.0,0.0,2025-Jan-30-22:18:04.369094
0.8747448491731491,4067,3,1,0,0,0,0.0,0.0,2025-Jan-30-22:18:04.397143
0.8747448491731491,4068,3,1,0,0,0,0.0,0.0,2025-Jan-30-22:18:04.427622
0.8747448491733278,4069,0,1,0,0,0,0.0,0.0,2025-Jan-30-22:18:04.457789
1.7847012890696738,4070,6,1,0,1,0,1.6,0.0,2025-Jan-30-22:18:04.492780
0.8747448494635457,4071,2,1,0,0,0,0.0,0.0,2025-Jan-30-22:18:04.524376
0.8747448491733278,4072,0,1,0,0,0,0.0,0.0,2025-Jan-30-22:18:04.554590
1.7847012822924566,4073,7,1,0,0,0,0.0,0.0,2025-Jan-30-22:18:04.588444
0.9041586459923068,4074,3,1,0,0,-1,0.0,0.0,2025-Jan-30-22:18:04.695869
0.8747448494635457,4075,2,1,0,0,0,0.0,0.0,2025-Jan-30-22:18:04.724949
0.8747448491731491,4076,3,1,0,0,0,0.0,0.0,2025-Jan-30-22:18:04.802944
0.8747448494635457,4077,2,1,0,0,0,0.0,0.0,2025-Jan-30-22:18:04.889673
0.8747448491731491,4078,3,1,0,0,0,0.0,0.0,2025-Jan-30-22:18:04.942491
0.8747448491731491,4079,3,1,0,0,0,0.0,0.0,2025-Jan-30-22:18:04.972453
0.874744853213778,4080,4,1,0,0,-1,0.0,0.0,2025-Jan-30-22:18:05.003457
0.8747448491731491,4081,3,1,0,0,0,0.0,0.0,2025-Jan-30-22:18:05.031974
1.584746129656701,4082,4,1,1,0,0,0.0,0.0,2025-Jan-30-22:18:05.062582
0.8747448491733278,4083,0,1,0,0,0,0.0,0.0,2025-Jan-30-22:18:05.096219
0.8747448491731491,4084,3,1,0,0,0,0.0,0.0,2025-Jan-30-22:18:05.127571
1.584746129656701,4085,4,1,1,0,0,0.0,0.0,2025-Jan-30-22:18:05.160328
1.7847012823668567,4086,6,1,0,0,0,0.0,0.0,2025-Jan-30-22:18:05.196194
0.8747448488829315,4087,1,1,0,0,0,0.0,0.0,2025-Jan-30-22:18:05.226076
1.7847012823668567,4088,6,1,0,0,0,0.0,0.0,2025-Jan-30-22:18:05.258420
0.8747448494635456,4089,4,1,0,0,0,0.0,0.0,2025-Jan-30-22:18:05.289446
0.8228017707251329,4090,4,1,0,1,0,1.9,0.0,2025-Jan-30-22:18:05.329004
1.5847484359473927,4091,8,1,1,0,0,0.0,0.0,2025-Jan-30-22:18:05.359161
0.8747448532137795,4092,2,1,0,-1,0,0.0,0.0,2025-Jan-30-22:18:05.390458
0.8747448491731491,4093,3,1,0,0,0,0.0,0.0,2025-Jan-30-22:18:05.424036
0.8747448529233829,4094,3,1,0,-1,0,0.0,0.0,2025-Jan-30-22:18:05.452149
0.8747448491731491,4095,3,1,0,0,0,0.0,0.0,2025-Jan-30-22:18:05.481387
0.9053633747002237,4096,1,1,0,-1,0,0.0,0.0,2025-Jan-30-22:18:05.518626
0.8747448494635457,4097,2,1,0,0,0,0.0,0.0,2025-Jan-30-22:18:05.547533
0.874744853213778,4098,4,1,0,0,-1,0.0,0.0,2025-Jan-30-22:18:05.576663
1.5847019539472484,4099,1,1,1,0,0,0.0,0.0,2025-Jan-30-22:18:05.607699
0.8747448491731491,4100,5,1,0,0,0,0.0,0.0,2025-Jan-30-22:18:05.636550
0.8747448494635456,4101,4,1,0,0,0,0.0,0.0,2025-Jan-30-22:18:05.666663
0.8747448494635456,4102,4,1,0,0,0,0.0,0.0,2025-Jan-30-22:18:05.698145
0.9041586311647415,4103,2,1,0,1,-1,0.9,0.0,2025-Jan-30-22:18:05.755715
0.8747448488829315,4104,1,1,0,0,0,0.0,0.0,2025-Jan-30-22:18:05.839357
0.8747448488829315,4105,1,1,0,0,0,0.0,0.0,2025-Jan-30-22:18:05.909640
0.8419269788379234,4106,4,1,0,1,0,0.2,0.0,2025-Jan-30-22:18:05.939933
0.8747448491731491,4107,3,1,0,0,0,0.0,0.0,2025-Jan-30-22:18:05.970885
0.8215908913455763,4108,1,1,0,0,1,0.0,1.4,2025-Jan-30-22:18:06.014728
0.8747448494635456,4109,4,1,0,0,0,0.0,0.0,2025-Jan-30-22:18:06.043633
0.8747448491731491,4110,3,1,0,0,0,0.0,0.0,2025-Jan-30-22:18:06.072962
0.8747448529233829,4111,3,1,0,-1,0,0.0,0.0,2025-Jan-30-22:18:06.102804
0.8747448494635456,4112,4,1,0,0,0,0.0,0.0,2025-Jan-30-22:18:06.133139
0.8228002115842366,4113,4,1,0,1,0,0.9,0.0,2025-Jan-30-22:18:06.176000
0.8228016139317331,4114,4,1,0,1,0,1.8,0.0,2025-Jan-30-22:18:06.216732
0.8747448491731491,4115,3,1,0,0,0,0.0,0.0,2025-Jan-30-22:18:06.244981
1.7847012823668567,4116,6,1,0,0,0,0.0,0.0,2025-Jan-30-22:18:06.278933
0.8228002109729522,4117,1,1,0,1,0,0.9,0.0,2025-Jan-30-22:18:06.320135
0.8747448491731491,4118,3,1,0,0,0,0.0,0.0,2025-Jan-30-22:18:06.350669
0.888149460778483,4119,2,1,0,0,-1,0.0,0.0,2025-Jan-30-22:18:06.389449
1.5847461296567011,4120,2,1,1,0,0,0.0,0.0,2025-Jan-30-22:18:06.419281
0.8747448494635457,4121,2,1,0,0,0,0.0,0.0,2025-Jan-30-22:18:06.448452
0.8747448488829315,4122,1,1,0,0,0,0.0,0.0,2025-Jan-30-22:18:06.477873
0.8747448491731491,4123,3,1,0,0,0,0.0,0.0,2025-Jan-30-22:18:06.506815
0.8747448494635457,4124,2,1,0,0,0,0.0,0.0,2025-Jan-30-22:18:06.537220
0.9053633749819754,4125,0,1,0,-1,0,0.0,0.0,2025-Jan-30-22:18:06.574211
0.8747448494635457,4126,2,1,0,0,0,0.0,0.0,2025-Jan-30-22:18:06.605262
0.8747448344913689,4127,2,1,0,1,0,1.2,0.0,2025-Jan-30-22:18:06.637233
1.7847012823668567,4128,6,1,0,0,0,0.0,0.0,2025-Jan-30-22:18:06.669392
0.9053633747002237,4129,1,1,0,-1,0,0.0,0.0,2025-Jan-30-22:18:06.710678
0.8747448494635456,4130,4,1,0,0,0,0.0,0.0,2025-Jan-30-22:18:06.775527
0.8747448494635456,4131,4,1,0,0,0,0.0,0.0,2025-Jan-30-22:18:06.861671
0.8747448488829315,4132,1,1,0,0,0,0.0,0.0,2025-Jan-30-22:18:06.928403
0.8747448331772977,4133,3,1,0,1,0,1.8,0.0,2025-Jan-30-22:18:06.962733
0.8747448494635456,4134,4,1,0,0,0,0.0,0.0,2025-Jan-30-22:18:06.996930
0.8747448494635457,4135,2,1,0,0,0,0.0,0.0,2025-Jan-30-22:18:07.095858
0.8747448494635457,4136,2,1,0,0,0,0.0,0.0,2025-Jan-30-22:18:07.127825
0.8747448491733278,4137,0,1,0,0,0,0.0,0.0,2025-Jan-30-22:18:07.157939
0.8747448494635457,4138,2,1,0,0,0,0.0,0.0,2025-Jan-30-22:18:07.192030
0.8747448491731491,4139,3,1,0,0,0,0.0,0.0,2025-Jan-30-22:18:07.225355
1.7847012823668567,4140,6,1,0,0,0,0.0,0.0,2025-Jan-30-22:18:07.258364
0.8747448494635456,4141,4,1,0,0,0,0.0,0.0,2025-Jan-30-22:18:07.290599
0.8747448494635457,4142,2,1,0,0,0,0.0,0.0,2025-Jan-30-22:18:07.319848
0.8747448491731491,4143,3,1,0,0,0,0.0,0.0,2025-Jan-30-22:18:07.349944
1.5847019540923193,4144,3,1,1,0,0,0.0,0.0,2025-Jan-30-22:18:07.381703
0.8747448491731491,4145,5,1,0,0,0,0.0,0.0,2025-Jan-30-22:18:07.411858
0.8747448491731491,4146,5,1,0,0,0,0.0,0.0,2025-Jan-30-22:18:07.439863
0.8747448491733278,4147,0,1,0,0,0,0.0,0.0,2025-Jan-30-22:18:07.470274
0.8747448529233829,4148,3,1,0,-1,0,0.0,0.0,2025-Jan-30-22:18:07.503414
0.8747448491731491,4149,5,1,0,0,0,0.0,0.0,2025-Jan-30-22:18:07.533046
0.8747448488829315,4150,1,1,0,0,0,0.0,0.0,2025-Jan-30-22:18:07.563611
0.8747448491731491,4151,3,1,0,0,0,0.0,0.0,2025-Jan-30-22:18:07.595660
0.8747448491733278,4152,0,1,0,0,0,0.0,0.0,2025-Jan-30-22:18:07.626087
0.8747448491733278,4153,0,1,0,0,0,0.0,0.0,2025-Jan-30-22:18:07.657215
1.7847013105558132,4154,6,1,0,1,0,0.3,0.0,2025-Jan-30-22:18:07.690846
0.8747448491733278,4155,0,1,0,0,0,0.0,0.0,2025-Jan-30-22:18:07.724743
0.8747448494635456,4156,4,1,0,0,0,0.0,0.0,2025-Jan-30-22:18:07.807017
0.8747448491733278,4157,0,1,0,0,0,0.0,0.0,2025-Jan-30-22:18:07.877591
1.5847019539472484,4158,1,1,1,0,0,0.0,0.0,2025-Jan-30-22:18:07.933165
1.5847019539472484,4159,1,1,1,0,0,0.0,0.0,2025-Jan-30-22:18:07.964231
0.8216029711784514,4160,3,1,0,0,1,0.0,0.4,2025-Jan-30-22:18:08.006147
0.8254720856399793,4161,0,1,0,0,1,0.0,0.3,2025-Jan-30-22:18:08.033746
0.8747448491731491,4162,3,1,0,0,0,0.0,0.0,2025-Jan-30-22:18:08.063831
1.5847461293664833,4163,0,1,1,0,0,0.0,0.0,2025-Jan-30-22:18:08.093287
0.8747448491733278,4164,0,1,0,0,0,0.0,0.0,2025-Jan-30-22:18:08.124664
0.8747448529233829,4165,3,1,0,-1,0,0.0,0.0,2025-Jan-30-22:18:08.153542
0.9053633752635563,4166,4,1,0,-1,0,0.0,0.0,2025-Jan-30-22:18:08.194464
0.8747448491731491,4167,3,1,0,0,0,0.0,0.0,2025-Jan-30-22:18:08.222962
