Cost,Sim,Switch_State_Indx,Gen1_on,Gen2_on,Batt1_mode,Batt2_mode,Batt1_power_kW,Batt2_power_kW,Timestamp
0.874744853213778,4168,4,1,0,0,-1,0.0,0.0,2025-Jan-30-22:18:08.253845
0.8583309364430844,4169,0,1,0,0,1,0.0,0.1,2025-Jan-30-22:18:08.284254
0.8522137301190927,4170,0,1,0,-1,1,0.0,1.3,2025-Jan-30-22:18:08.331853
0.8889512473168112,4171,1,1,0,-1,1,0.0,0.1,2025-Jan-30-22:18:08.367140
1.5622214023438166,4172,6,1,1,-1,1,0.0,0.9,2025-Jan-30-22:18:08.413673
1.5315969968421126,4173,2,1,1,-1,1,0.0,1.0,2025-Jan-30-22:18:08.459346
0.8747448494635457,4174,2,1,0,0,0,0.0,0.0,2025-Jan-30-22:18:08.490508
0.9041586457104427,4175,1,1,0,0,-1,0.0,0.0,2025-Jan-30-22:18:08.525539
1.7847013033347165,4176,6,1,0,1,0,0.9,0.0,2025-Jan-30-22:18:08.558498
0.874744853213778,4177,4,1,0,0,-1,0.0,0.0,2025-Jan-30-22:18:08.586805
1.584746133406935,4178,2,1,1,-1,0,0.0,0.0,2025-Jan-30-22:18:08.615851
1.584701955935984,4179,5,1,1,0,-1,0.0,0.0,2025-Jan-30-22:18:08.644523
1.7847012925705743,4180,8,1,0,1,0,1.7,0.0,2025-Jan-30-22:18:08.676037
0.8747448529233814,4181,5,1,0,0,-1,0.0,0.0,2025-Jan-30-22:18:08.706528
1.6153646402661999,4182,4,1,1,-1,1,0.0,0.5,2025-Jan-30-22:18:08.763158
1.6153646554507612,4183,4,1,1,-1,0,0.0,0.0,2025-Jan-30-22:18:08.852662
1.5847461293664833,4184,0,1,1,0,0,0.0,0.0,2025-Jan-30-22:18:08.914437
1.7847012823668567,4185,6,1,0,0,0,0.0,0.0,2025-Jan-30-22:18:08.945741
1.5355218155389123,4186,8,1,1,1,1,0.3,1.7,2025-Jan-30-22:18:08.979177
0.9053633749818047,4187,5,1,0,-1,0,0.0,0.0,2025-Jan-30-22:18:09.093488
0.8215993367457423,4188,0,1,0,0,1,0.0,0.7,2025-Jan-30-22:18:09.134183
1.784701284615097,4189,8,1,0,0,1,0.0,1.8,2025-Jan-30-22:18:09.167511
1.6141599264617297,4190,2,1,1,0,-1,0.0,0.0,2025-Jan-30-22:18:09.209092
0.8747448491731491,4191,5,1,0,0,0,0.0,0.0,2025-Jan-30-22:18:09.239086
1.5328054864218368,4192,8,1,1,1,0,1.6,0.0,2025-Jan-30-22:18:09.281674
0.8227999022720551,4193,1,1,0,1,0,0.7,0.0,2025-Jan-30-22:18:09.321605
1.784701303738818,4194,8,1,0,1,0,1.3,0.0,2025-Jan-30-22:18:09.354779
1.5309870199483973,4195,7,1,0,-1,-1,0.0,0.0,2025-Jan-30-22:18:09.394092
0.8747448488829315,4196,1,1,0,0,0,0.0,0.0,2025-Jan-30-22:18:09.426927
1.5847484359481976,4197,7,1,1,0,0,0.0,0.0,2025-Jan-30-22:18:09.456934
1.6153224934628456,4198,5,1,1,-1,0,0.0,0.0,2025-Jan-30-22:18:09.492678
1.5847019372587972,4199,3,1,1,1,0,0.2,0.0,2025-Jan-30-22:18:09.524479
1.535424275397493,4200,3,1,1,1,1,0.9,0.3,2025-Jan-30-22:18:09.556308
0.8583309364430844,4201,0,1,0,0,1,0.0,0.1,2025-Jan-30-22:18:09.592307
1.615322476764627,4202,5,1,1,-1,1,0.0,1.5,2025-Jan-30-22:18:09.639917
1.5315945803767241,4203,2,1,1,0,1,0.0,1.2,2025-Jan-30-22:18:09.679956
1.5847019540919232,4204,5,1,1,0,0,0.0,0.0,2025-Jan-30-22:18:09.711472
0.8583360147516415,4205,5,1,0,1,-1,0.1,0.0,2025-Jan-30-22:18:09.751011
0.905363378617938,4206,5,1,0,-1,-1,0.0,0.0,2025-Jan-30-22:18:09.837051
1.5328051614124132,4207,6,1,1,1,0,1.4,0.0,2025-Jan-30-22:18:09.907748
1.530986996195459,4208,7,1,0,0,-1,0.0,0.0,2025-Jan-30-22:18:09.944318
1.6153667336401796,4209,8,1,1,-1,-1,0.0,0.0,2025-Jan-30-22:18:09.979800
0.8255177572805873,4210,0,1,0,1,0,0.3,0.0,2025-Jan-30-22:18:10.012386
0.8747448491731491,4211,5,1,0,0,0,0.0,0.0,2025-Jan-30-22:18:10.041282
1.5322869961950398,4212,8,1,0,-1,0,0.0,0.0,2025-Jan-30-22:18:10.078717
0.806388718377609,4213,1,1,0,1,1,1.3,0.1,2025-Jan-30-22:18:10.119881
1.568339740513734,4214,8,1,1,1,1,0.1,0.2,2025-Jan-30-22:18:10.151440
1.7847013138086862,4215,7,1,0,0,1,0.0,0.3,2025-Jan-30-22:18:10.183850
0.874744833965859,4216,5,1,0,0,1,0.0,0.6,2025-Jan-30-22:18:10.215624
1.532751668180567,4217,5,1,1,1,0,0.4,0.0,2025-Jan-30-22:18:10.254045
1.5327528529987093,4218,5,1,1,1,-1,1.5,0.0,2025-Jan-30-22:18:10.293812
0.8747448491733278,4219,0,1,0,0,0,0.0,0.0,2025-Jan-30-22:18:10.321770
0.8747448491733278,4220,0,1,0,0,0,0.0,0.0,2025-Jan-30-22:18:10.350447
0.8747448491733278,4221,0,1,0,0,0,0.0,0.0,2025-Jan-30-22:18:10.379986
0.8747448491733278,4222,0,1,0,0,0,0.0,0.0,2025-Jan-30-22:18:10.408148
0.8747448491733278,4223,0,1,0,0,0,0.0,0.0,2025-Jan-30-22:18:10.439839
0.8747448491733278,4224,0,1,0,0,0,0.0,0.0,2025-Jan-30-22:18:10.467386
0.8747448491733278,4225,0,1,0,0,0,0.0,0.0,2025-Jan-30-22:18:10.497497
0.8747448491733278,4226,0,1,0,0,0,0.0,0.0,2025-Jan-30-22:18:10.528277
0.8747448491733278,4227,0,1,0,0,0,0.0,0.0,2025-Jan-30-22:18:10.555262
1.584746133406935,4228,2,1,1,-1,0,0.0,0.0,2025-Jan-30-22:18:10.583923
1.5847484359481976,4229,7,1,1,0,0,0.0,0.0,2025-Jan-30-22:18:10.612598
0.8747448491733278,4230,0,1,0,0,0,0.0,0.0,2025-Jan-30-22:18:10.640825
1.7847013134538594,4231,8,1,0,0,-1,0.0,0.0,2025-Jan-30-22:18:10.672757
0.8747448491733278,4232,0,1,0,0,0,0.0,0.0,2025-Jan-30-22:18:10.703173
1.5847484397052638,4233,7,1,1,-1,0,0.0,0.0,2025-Jan-30-22:18:10.753687
0.8747448491733278,4234,0,1,0,0,0,0.0,0.0,2025-Jan-30-22:18:10.896506
0.8747448488829315,4235,1,1,0,0,0,0.0,0.0,2025-Jan-30-22:18:10.973077
0.8747448491733278,4236,0,1,0,0,0,0.0,0.0,2025-Jan-30-22:18:11.002642
0.8747448491733278,4237,0,1,0,0,0,0.0,0.0,2025-Jan-30-22:18:11.033776
0.8215957123731745,4238,0,1,0,0,1,0.0,1.0,2025-Jan-30-22:18:11.088115
1.7847013134538594,4239,8,1,0,0,-1,0.0,0.0,2025-Jan-30-22:18:11.120104
0.8747448488829315,4240,1,1,0,0,0,0.0,0.0,2025-Jan-30-22:18:11.153345
0.8747448494635456,4241,4,1,0,0,0,0.0,0.0,2025-Jan-30-22:18:11.187997
0.8747448491733278,4242,0,1,0,0,0,0.0,0.0,2025-Jan-30-22:18:11.216842
0.9053633749819754,4243,0,1,0,-1,0,0.0,0.0,2025-Jan-30-22:18:11.254239
0.8747448491733278,4244,0,1,0,0,0,0.0,0.0,2025-Jan-30-22:18:11.284154
1.5322869961950398,4245,8,1,0,-1,0,0.0,0.0,2025-Jan-30-22:18:11.320103
0.8747448488829315,4246,1,1,0,0,0,0.0,0.0,2025-Jan-30-22:18:11.350302
1.7847012822924158,4247,8,1,0,0,0,0.0,0.0,2025-Jan-30-22:18:11.383335
0.8747448491733278,4248,0,1,0,0,0,0.0,0.0,2025-Jan-30-22:18:11.412370
1.568337291428846,4249,4,1,1,1,0,0.1,0.0,2025-Jan-30-22:18:11.440844
1.5327528349211552,4250,5,1,1,1,1,1.5,0.3,2025-Jan-30-22:18:11.479474
0.8747448491733278,4251,0,1,0,0,0,0.0,0.0,2025-Jan-30-22:18:11.506522
1.615364639982644,4252,4,1,1,-1,1,0.0,1.8,2025-Jan-30-22:18:11.545650
1.58474611416204,4253,4,1,1,0,1,0.0,1.9,2025-Jan-30-22:18:11.577550
0.8747448491731491,4254,3,1,0,0,0,0.0,0.0,2025-Jan-30-22:18:11.606712
0.8747448488829315,4255,1,1,0,0,0,0.0,0.0,2025-Jan-30-22:18:11.637034
1.5309869961954488,4256,6,1,0,0,-1,0.0,0.0,2025-Jan-30-22:18:11.678401
0.8747448488829315,4257,1,1,0,0,0,0.0,0.0,2025-Jan-30-22:18:11.710675
1.5309869961954488,4258,6,1,0,0,-1,0.0,0.0,2025-Jan-30-22:18:11.770968
1.6153667300073198,4259,8,1,1,-1,0,0.0,0.0,2025-Jan-30-22:18:11.845186
0.8747448491733278,4260,0,1,0,0,0,0.0,0.0,2025-Jan-30-22:18:11.904257
0.8747448494635456,4261,4,1,0,0,0,0.0,0.0,2025-Jan-30-22:18:11.932553
0.8747448491733278,4262,0,1,0,0,0,0.0,0.0,2025-Jan-30-22:18:11.959790
0.8063876261449069,4263,1,1,0,1,1,0.8,0.1,2025-Jan-30-22:18:12.001162
1.58474842072096,4264,8,1,1,0,1,0.0,0.7,2025-Jan-30-22:18:12.032313
0.8747448491731491,4265,5,1,0,0,0,0.0,0.0,2025-Jan-30-22:18:12.062355
0.8747448340407257,4266,4,1,0,0,1,0.0,0.9,2025-Jan-30-22:18:12.095294
0.8747448491733278,4267,0,1,0,0,0,0.0,0.0,2025-Jan-30-22:18:12.125854
0.8747448491733278,4268,0,1,0,0,0,0.0,0.0,2025-Jan-30-22:18:12.156134
1.5327526198574741,4269,5,1,1,1,1,1.3,0.1,2025-Jan-30-22:18:12.202288
0.8522193755947596,4270,0,1,0,-1,1,0.0,0.8,2025-Jan-30-22:18:12.247487
0.8063873535898469,4271,1,1,0,1,1,0.7,0.1,2025-Jan-30-22:18:12.288227
0.806387872478552,4272,1,1,0,1,1,0.9,0.1,2025-Jan-30-22:18:12.327822
0.8583309209336639,4273,2,1,0,1,1,0.8,0.1,2025-Jan-30-22:18:12.357885
0.8747448491733278,4274,0,1,0,0,0,0.0,0.0,2025-Jan-30-22:18:12.387884
1.568337276195208,4275,4,1,1,1,1,0.1,0.3,2025-Jan-30-22:18:12.423655
0.8881494441201797,4276,2,1,0,1,-1,1.9,0.0,2025-Jan-30-22:18:12.466666
0.8583309364430844,4277,0,1,0,0,1,0.0,0.1,2025-Jan-30-22:18:12.496568
0.8522203912027824,4278,1,1,0,-1,1,0.0,0.7,2025-Jan-30-22:18:12.614733
0.874744853213778,4279,4,1,0,0,-1,0.0,0.0,2025-Jan-30-22:18:12.645269
0.8228017561085632,4280,4,1,0,1,1,1.9,0.1,2025-Jan-30-22:18:12.687252
1.584746129656701,4281,4,1,1,0,0,0.0,0.0,2025-Jan-30-22:18:12.719554
0.9053633747002237,4282,1,1,0,-1,0,0.0,0.0,2025-Jan-30-22:18:12.814692
0.8228000418241248,4283,5,1,0,1,1,0.8,0.1,2025-Jan-30-22:18:12.902966
0.8063881014153702,4284,0,1,0,1,1,1.0,0.1,2025-Jan-30-22:18:12.943860
0.8063876261449069,4285,1,1,0,1,1,0.8,0.1,2025-Jan-30-22:18:12.983541
0.8063870401005457,4286,1,1,0,1,1,0.6,0.1,2025-Jan-30-22:18:13.024417
0.8583309218020354,4287,2,1,0,1,1,1.2,0.1,2025-Jan-30-22:18:13.059495
0.8254979432261612,4288,0,1,0,1,1,0.1,0.2,2025-Jan-30-22:18:13.101603
1.5322869926118021,4289,8,1,0,-1,1,0.0,0.1,2025-Jan-30-22:18:13.146626
0.8063873535898469,4290,1,1,0,1,1,0.7,0.1,2025-Jan-30-22:18:13.190759
0.8216017443799463,4291,2,1,0,1,1,0.8,0.5,2025-Jan-30-22:18:13.239059
1.5328059641188467,4292,8,1,1,1,1,1.9,0.1,2025-Jan-30-22:18:13.281235
0.8747448340645347,4293,3,1,0,1,0,0.4,0.0,2025-Jan-30-22:18:13.314488
0.8583309215067813,4294,3,1,0,1,1,1.2,0.1,2025-Jan-30-22:18:13.345218
1.5163909284042072,4295,0,1,1,1,1,1.8,0.1,2025-Jan-30-22:18:13.384622
0.8063866580337397,4296,1,1,0,1,1,0.5,0.1,2025-Jan-30-22:18:13.425769
0.8063876261449069,4297,1,1,0,1,1,0.8,0.1,2025-Jan-30-22:18:13.464766
0.8583309214479811,4298,2,1,0,1,1,1.0,0.1,2025-Jan-30-22:18:13.496482
1.530986995501639,4299,7,1,0,1,-1,1.9,0.0,2025-Jan-30-22:18:13.536442
0.8419221488564015,4300,0,1,0,1,1,0.1,0.1,2025-Jan-30-22:18:13.565458
0.8583309364428877,4301,3,1,0,0,1,0.0,0.1,2025-Jan-30-22:18:13.596235
0.8063887186882102,4302,0,1,0,1,1,1.3,0.1,2025-Jan-30-22:18:13.636243
0.7696597295975394,4303,1,1,0,1,1,0.7,0.4,2025-Jan-30-22:18:13.686283
0.8063876261449069,4304,1,1,0,1,1,0.8,0.1,2025-Jan-30-22:18:13.734138
1.5163911057787915,4305,0,1,1,1,1,1.9,0.1,2025-Jan-30-22:18:13.836698
0.9041586496325047,4306,3,1,0,-1,-1,0.0,0.0,2025-Jan-30-22:18:13.911574
0.8063870401005457,4307,1,1,0,1,1,0.6,0.1,2025-Jan-30-22:18:13.952470
0.8063873535898469,4308,1,1,0,1,1,0.7,0.1,2025-Jan-30-22:18:13.991405
0.8419221488564015,4309,0,1,0,1,1,0.1,0.1,2025-Jan-30-22:18:14.020601
0.8583309210057639,4310,3,1,0,1,1,1.5,0.1,2025-Jan-30-22:18:14.051542
0.8583309209336639,4311,2,1,0,1,1,0.8,0.1,2025-Jan-30-22:18:14.083826
0.9041586496325047,4312,3,1,0,-1,-1,0.0,0.0,2025-Jan-30-22:18:14.119957
0.8063876261449069,4313,1,1,0,1,1,0.8,0.1,2025-Jan-30-22:18:14.164672
0.8254979432261612,4314,0,1,0,1,1,0.1,0.2,2025-Jan-30-22:18:14.197135
1.7847013123335898,4315,6,1,0,0,1,0.0,0.1,2025-Jan-30-22:18:14.235197
1.5977508624425798,4316,0,1,1,1,-1,0.1,0.0,2025-Jan-30-22:18:14.273104
0.9193881525555189,4317,1,1,0,-1,-1,0.0,0.0,2025-Jan-30-22:18:14.317384
0.8583309361478302,4318,1,1,0,0,1,0.0,0.1,2025-Jan-30-22:18:14.347648
0.8747448491733278,4319,0,1,0,0,0,0.0,0.0,2025-Jan-30-22:18:14.381117
0.8522112478975696,4320,0,1,0,-1,1,0.0,1.5,2025-Jan-30-22:18:14.429317
0.8063873535898469,4321,1,1,0,1,1,0.7,0.1,2025-Jan-30-22:18:14.469349
0.8228012843394454,4322,4,1,0,1,1,1.6,0.1,2025-Jan-30-22:18:14.510868
0.8747448491733278,4323,0,1,0,0,0,0.0,0.0,2025-Jan-30-22:18:14.540128
0.8747448491733278,4324,0,1,0,0,0,0.0,0.0,2025-Jan-30-22:18:14.570149
0.8747448491733278,4325,0,1,0,0,0,0.0,0.0,2025-Jan-30-22:18:14.600604
0.8747448491733278,4326,0,1,0,0,0,0.0,0.0,2025-Jan-30-22:18:14.630773
0.8747448491733278,4327,0,1,0,0,0,0.0,0.0,2025-Jan-30-22:18:14.659519
0.8747448491733278,4328,0,1,0,0,0,0.0,0.0,2025-Jan-30-22:18:14.690524
1.6141623215270673,4329,7,1,1,0,-1,0.0,0.0,2025-Jan-30-22:18:14.727559
1.5327532689397296,4330,5,1,1,1,1,1.9,0.1,2025-Jan-30-22:18:14.818266
1.530986996195459,4331,7,1,0,0,-1,0.0,0.0,2025-Jan-30-22:18:14.908466
0.8747448491733278,4332,0,1,0,0,0,0.0,0.0,2025-Jan-30-22:18:15.009624
0.8747448491733278,4333,0,1,0,0,0,0.0,0.0,2025-Jan-30-22:18:15.049202
0.8063896481968607,4334,0,1,0,1,1,1.8,0.1,2025-Jan-30-22:18:15.090628
0.8747448491733278,4335,0,1,0,0,0,0.0,0.0,2025-Jan-30-22:18:15.119215
0.8063870404111411,4336,0,1,0,1,1,0.6,0.1,2025-Jan-30-22:18:15.162676
0.822800816032832,4337,4,1,0,1,1,1.3,0.1,2025-Jan-30-22:18:15.206582
0.8215945045793993,4338,0,1,0,0,1,0.0,1.1,2025-Jan-30-22:18:15.247041
0.8747448491733278,4339,0,1,0,0,0,0.0,0.0,2025-Jan-30-22:18:15.274060
0.8063873535898469,4340,1,1,0,1,1,0.7,0.1,2025-Jan-30-22:18:15.315859
0.8747448529233814,4341,5,1,0,0,-1,0.0,0.0,2025-Jan-30-22:18:15.346757
0.8747448491733278,4342,0,1,0,0,0,0.0,0.0,2025-Jan-30-22:18:15.377579
0.8747448341373828,4343,2,1,0,1,0,1.0,0.0,2025-Jan-30-22:18:15.408678
0.8583309214002419,4344,2,1,0,1,1,1.3,0.1,2025-Jan-30-22:18:15.440135
0.8747448491733278,4345,0,1,0,0,0,0.0,0.0,2025-Jan-30-22:18:15.469753
0.8747448491733278,4346,0,1,0,0,0,0.0,0.0,2025-Jan-30-22:18:15.498821
0.8747448491733278,4347,0,1,0,0,0,0.0,0.0,2025-Jan-30-22:18:15.528941
0.8583309215067813,4348,3,1,0,1,1,1.2,0.1,2025-Jan-30-22:18:15.560015
0.8747448491733278,4349,0,1,0,0,0,0.0,0.0,2025-Jan-30-22:18:15.587494
0.8747448491733278,4350,0,1,0,0,0,0.0,0.0,2025-Jan-30-22:18:15.618290
0.8583309364428877,4351,3,1,0,0,1,0.0,0.1,2025-Jan-30-22:18:15.647025
0.8063898255714363,4352,0,1,0,1,1,1.9,0.1,2025-Jan-30-22:18:15.689226
0.821599321762315,4353,2,1,0,1,1,1.0,0.7,2025-Jan-30-22:18:15.740077
0.8747448491733278,4354,0,1,0,0,0,0.0,0.0,2025-Jan-30-22:18:15.818722
0.8747448491733278,4355,0,1,0,0,0,0.0,0.0,2025-Jan-30-22:18:15.903170
0.8747448491733278,4356,0,1,0,0,0,0.0,0.0,2025-Jan-30-22:18:15.953474
0.8747448491733278,4357,0,1,0,0,0,0.0,0.0,2025-Jan-30-22:18:15.983491
0.8747448491733278,4358,0,1,0,0,0,0.0,0.0,2025-Jan-30-22:18:16.014680
0.8747448491733278,4359,0,1,0,0,0,0.0,0.0,2025-Jan-30-22:18:16.041992
0.8747448491733278,4360,0,1,0,0,0,0.0,0.0,2025-Jan-30-22:18:16.070472
0.8419066650822239,4361,3,1,0,1,1,1.0,0.2,2025-Jan-30-22:18:16.103247
0.8747448491733278,4362,0,1,0,0,0,0.0,0.0,2025-Jan-30-22:18:16.131521
0.8747448491733278,4363,0,1,0,0,0,0.0,0.0,2025-Jan-30-22:18:16.159196
0.8747448491733278,4364,0,1,0,0,0,0.0,0.0,2025-Jan-30-22:18:16.189522
0.8747448488829315,4365,1,1,0,0,0,0.0,0.0,2025-Jan-30-22:18:16.220149
1.7847012822924158,4366,8,1,0,0,0,0.0,0.0,2025-Jan-30-22:18:16.253151
0.8747448491733278,4367,0,1,0,0,0,0.0,0.0,2025-Jan-30-22:18:16.282467
0.8583309364430844,4368,0,1,0,0,1,0.0,0.1,2025-Jan-30-22:18:16.313116
0.8522213770851691,4369,1,1,0,-1,1,0.0,0.6,2025-Jan-30-22:18:16.358316
0.7696597295975394,4370,1,1,0,1,1,0.7,0.4,2025-Jan-30-22:18:16.408442
1.5683322016445107,4371,2,1,1,1,1,1.0,0.1,2025-Jan-30-22:18:16.441968
0.7696600549456594,4372,1,1,0,1,1,0.8,0.4,2025-Jan-30-22:18:16.492126
0.8583309361478302,4373,1,1,0,0,1,0.0,0.1,2025-Jan-30-22:18:16.520924
0.821600533243956,4374,2,1,0,1,1,1.1,0.6,2025-Jan-30-22:18:16.562111
0.8747448491733278,4375,0,1,0,0,0,0.0,0.0,2025-Jan-30-22:18:16.592119
0.8216005474628404,4376,3,1,0,0,1,0.0,0.6,2025-Jan-30-22:18:16.633310
0.8583309361478302,4377,1,1,0,0,1,0.0,0.1,2025-Jan-30-22:18:16.660525
0.8522223160499873,4378,1,1,0,-1,1,0.0,0.5,2025-Jan-30-22:18:16.708433
1.5847484359473927,4379,8,1,1,0,0,0.0,0.0,2025-Jan-30-22:18:16.830498
0.8254720707266301,4380,2,1,0,1,1,1.0,0.3,2025-Jan-30-22:18:16.907685
1.7847013123335862,4381,6,1,0,1,0,0.1,0.0,2025-Jan-30-22:18:16.979774
0.8216029708725762,4382,1,1,0,0,1,0.0,0.4,2025-Jan-30-22:18:17.022960
1.7847013065576904,4383,7,1,0,1,1,0.8,0.1,2025-Jan-30-22:18:17.054090
0.7696597295975394,4384,1,1,0,1,1,0.7,0.4,2025-Jan-30-22:18:17.102830
0.7899675850963424,4385,1,1,0,1,1,0.8,0.2,2025-Jan-30-22:18:17.142068
0.8215993370516068,4386,2,1,0,0,1,0.0,0.7,2025-Jan-30-22:18:17.181230
0.8215969191617977,4387,0,1,0,0,1,0.0,0.9,2025-Jan-30-22:18:17.221329
0.841906665415107,4388,2,1,0,1,1,0.5,0.2,2025-Jan-30-22:18:17.252989
0.9053633749819754,4389,0,1,0,-1,0,0.0,0.0,2025-Jan-30-22:18:17.289583
0.8215993364396408,4390,1,1,0,0,1,0.0,0.7,2025-Jan-30-22:18:17.331290
0.852223205072482,4391,0,1,0,-1,1,0.0,0.4,2025-Jan-30-22:18:17.377295
0.8216017443799463,4392,2,1,0,1,1,0.8,0.5,2025-Jan-30-22:18:17.420500
1.5683322207492305,4393,2,1,1,-1,1,0.0,0.1,2025-Jan-30-22:18:17.452436
0.8254720707266301,4394,2,1,0,1,1,1.0,0.3,2025-Jan-30-22:18:17.482564
0.8216017439381564,4395,2,1,0,1,1,0.9,0.5,2025-Jan-30-22:18:17.523646
0.8255131666251077,4396,1,1,0,1,1,0.2,0.1,2025-Jan-30-22:18:17.552254
0.806387872478552,4397,1,1,0,1,1,0.9,0.1,2025-Jan-30-22:18:17.593352
0.8583309405527009,4398,2,1,0,-1,1,0.0,0.1,2025-Jan-30-22:18:17.621555
0.8254720853350079,4399,1,1,0,0,1,0.0,0.3,2025-Jan-30-22:18:17.649911
0.8215945048852495,4400,2,1,0,0,1,0.0,1.1,2025-Jan-30-22:18:17.689387
0.888951247603421,4401,0,1,0,-1,1,0.0,0.1,2025-Jan-30-22:18:17.733920
1.5847461142338812,4402,4,1,1,0,1,0.0,0.9,2025-Jan-30-22:18:17.817303
0.7696597295975394,4403,1,1,0,1,1,0.7,0.4,2025-Jan-30-22:18:17.909619
0.8889512473168112,4404,1,1,0,-1,1,0.0,0.1,2025-Jan-30-22:18:17.946118
1.7847012822924158,4405,8,1,0,0,0,0.0,0.0,2025-Jan-30-22:18:17.980892
1.7074358974358974,4406,6,1,1,1,1,1.9,1.3,2025-Jan-30-22:18:18.034740
0.8216017584431506,4407,1,1,0,0,1,0.0,0.5,2025-Jan-30-22:18:18.073335
0.7735386690853471,4408,1,1,0,1,1,0.7,0.3,2025-Jan-30-22:18:18.116547
0.7696593024962167,4409,1,1,0,1,1,0.9,0.5,2025-Jan-30-22:18:18.164080
0.9053633749819754,4410,0,1,0,-1,0,0.0,0.0,2025-Jan-30-22:18:18.201327
0.9053633749819754,4411,0,1,0,-1,0,0.0,0.0,2025-Jan-30-22:18:18.236267
1.7847012940311382,4412,8,1,0,0,1,0.0,0.2,2025-Jan-30-22:18:18.266233
0.8063876261449069,4413,1,1,0,1,1,0.8,0.1,2025-Jan-30-22:18:18.305950
0.858330936738142,4414,2,1,0,0,1,0.0,0.1,2025-Jan-30-22:18:18.334537
1.5315957703431184,4415,2,1,1,1,1,1.4,1.1,2025-Jan-30-22:18:18.377249
0.8216029562004317,4416,3,1,0,1,1,0.6,0.4,2025-Jan-30-22:18:18.417244
0.888149460778483,4417,2,1,0,0,-1,0.0,0.0,2025-Jan-30-22:18:18.452568
0.8583309361478302,4418,1,1,0,0,1,0.0,0.1,2025-Jan-30-22:18:18.481594
0.8747448491733278,4419,0,1,0,0,0,0.0,0.0,2025-Jan-30-22:18:18.511938
0.8747448491733278,4420,0,1,0,0,0,0.0,0.0,2025-Jan-30-22:18:18.541986
0.8747448491733278,4421,0,1,0,0,0,0.0,0.0,2025-Jan-30-22:18:18.573379
0.8747448491733278,4422,0,1,0,0,0,0.0,0.0,2025-Jan-30-22:18:18.603376
0.8747448491733278,4423,0,1,0,0,0,0.0,0.0,2025-Jan-30-22:18:18.631540
1.568286414076141,4424,3,1,1,1,1,1.4,0.1,2025-Jan-30-22:18:18.662540
0.8747448491733278,4425,0,1,0,0,0,0.0,0.0,2025-Jan-30-22:18:18.693660
0.8747448491733278,4426,0,1,0,0,0,0.0,0.0,2025-Jan-30-22:18:18.721689
0.8419066800364621,4427,1,1,0,0,1,0.0,0.2,2025-Jan-30-22:18:18.797477
0.8747448491733278,4428,0,1,0,0,0,0.0,0.0,2025-Jan-30-22:18:18.867436
0.8747448491733278,4429,0,1,0,0,0,0.0,0.0,2025-Jan-30-22:18:18.936583
0.8747448491733278,4430,0,1,0,0,0,0.0,0.0,2025-Jan-30-22:18:18.965106
1.7847012823668567,4431,6,1,0,0,0,0.0,0.0,2025-Jan-30-22:18:18.998105
0.8747448491733278,4432,0,1,0,0,0,0.0,0.0,2025-Jan-30-22:18:19.027711
0.8747448491733278,4433,0,1,0,0,0,0.0,0.0,2025-Jan-30-22:18:19.055952
0.8747448491733278,4434,0,1,0,0,0,0.0,0.0,2025-Jan-30-22:18:19.150357
0.8747448491733278,4435,0,1,0,0,0,0.0,0.0,2025-Jan-30-22:18:19.179586
0.8747448491733278,4436,0,1,0,0,0,0.0,0.0,2025-Jan-30-22:18:19.212532
0.8747448491733278,4437,0,1,0,0,0,0.0,0.0,2025-Jan-30-22:18:19.242599
0.8215920938730216,4438,0,1,0,0,1,0.0,1.3,2025-Jan-30-22:18:19.282852
0.8747448491733278,4439,0,1,0,0,0,0.0,0.0,2025-Jan-30-22:18:19.313831
0.8063870404111411,4440,0,1,0,1,1,0.6,0.1,2025-Jan-30-22:18:19.353370
0.8747448336231869,4441,4,1,0,0,1,0.0,0.8,2025-Jan-30-22:18:19.384484
0.8747448491733278,4442,0,1,0,0,0,0.0,0.0,2025-Jan-30-22:18:19.414891
0.8747448491733278,4443,0,1,0,0,0,0.0,0.0,2025-Jan-30-22:18:19.443779
0.8216029711784514,4444,3,1,0,0,1,0.0,0.4,2025-Jan-30-22:18:19.485175
0.8747448491733278,4445,0,1,0,0,0,0.0,0.0,2025-Jan-30-22:18:19.515624
0.8063861545097815,4446,1,1,0,1,1,0.4,0.1,2025-Jan-30-22:18:19.556599
0.8747448491733278,4447,0,1,0,0,0,0.0,0.0,2025-Jan-30-22:18:19.584605
0.8747448491733278,4448,0,1,0,0,0,0.0,0.0,2025-Jan-30-22:18:19.616181
0.8747448491733278,4449,0,1,0,0,0,0.0,0.0,2025-Jan-30-22:18:19.644681
0.8747448491733278,4450,0,1,0,0,0,0.0,0.0,2025-Jan-30-22:18:19.673019
0.8747448491733278,4451,0,1,0,0,0,0.0,0.0,2025-Jan-30-22:18:19.706823
0.8063891007246953,4452,0,1,0,1,1,1.5,0.1,2025-Jan-30-22:18:19.768455
0.8747448491733278,4453,0,1,0,0,0,0.0,0.0,2025-Jan-30-22:18:19.836918
0.8063878727891498,4454,0,1,0,1,1,0.9,0.1,2025-Jan-30-22:18:19.919022
1.6153646551691805,4455,0,1,1,-1,0,0.0,0.0,2025-Jan-30-22:18:19.952068
0.8747448491733278,4456,0,1,0,0,0,0.0,0.0,2025-Jan-30-22:18:19.981385
0.8747448491733278,4457,0,1,0,0,0,0.0,0.0,2025-Jan-30-22:18:20.010379
1.5315534223817937,4458,3,1,1,1,1,1.1,0.5,2025-Jan-30-22:18:20.053575
0.8747448491733278,4459,0,1,0,0,0,0.0,0.0,2025-Jan-30-22:18:20.084473
0.8747448491733278,4460,0,1,0,0,0,0.0,0.0,2025-Jan-30-22:18:20.113504
0.8583309213010181,4461,2,1,0,1,1,1.5,0.1,2025-Jan-30-22:18:20.144256
0.8747448491733278,4462,0,1,0,0,0,0.0,0.0,2025-Jan-30-22:18:20.173334
0.8063861548203751,4463,0,1,0,1,1,0.4,0.1,2025-Jan-30-22:18:20.216662
1.6293672338323564,4464,6,1,1,-1,-1,0.0,0.0,2025-Jan-30-22:18:20.258326
0.8747448491733278,4465,0,1,0,0,0,0.0,0.0,2025-Jan-30-22:18:20.287346
0.8583309402574466,4466,3,1,0,-1,1,0.0,0.1,2025-Jan-30-22:18:20.317725
0.8747448491733278,4467,0,1,0,0,0,0.0,0.0,2025-Jan-30-22:18:20.344988
0.8583309361478302,4468,1,1,0,0,1,0.0,0.1,2025-Jan-30-22:18:20.373378
0.8522223160499873,4469,1,1,0,-1,1,0.0,0.5,2025-Jan-30-22:18:20.423227
0.7696600549456594,4470,1,1,0,1,1,0.8,0.4,2025-Jan-30-22:18:20.471105
0.7899675850963424,4471,1,1,0,1,1,0.8,0.2,2025-Jan-30-22:18:20.511349
0.7696600549456594,4472,1,1,0,1,1,0.8,0.4,2025-Jan-30-22:18:20.559918
0.8419066652932127,4473,2,1,0,1,1,0.9,0.2,2025-Jan-30-22:18:20.589760
0.8216005329946646,4474,2,1,0,1,1,0.9,0.6,2025-Jan-30-22:18:20.631838
0.8747448491733278,4475,0,1,0,0,0,0.0,0.0,2025-Jan-30-22:18:20.660068
0.8216017587490224,4476,3,1,0,0,1,0.0,0.5,2025-Jan-30-22:18:20.781468
0.8254720853350079,4477,1,1,0,0,1,0.0,0.3,2025-Jan-30-22:18:20.855350
0.8522213770851691,4478,1,1,0,-1,1,0.0,0.6,2025-Jan-30-22:18:20.942657
0.8747448491733278,4479,0,1,0,0,0,0.0,0.0,2025-Jan-30-22:18:20.971762
0.8419066652111132,4480,3,1,0,1,1,1.1,0.2,2025-Jan-30-22:18:21.005563
0.874744853213778,4481,4,1,0,0,-1,0.0,0.0,2025-Jan-30-22:18:21.034443
0.8216029708725762,4482,1,1,0,0,1,0.0,0.4,2025-Jan-30-22:18:21.072651
0.8228001968605492,4483,4,1,0,1,1,0.9,0.2,2025-Jan-30-22:18:21.114393
0.7696600549456594,4484,1,1,0,1,1,0.8,0.4,2025-Jan-30-22:18:21.164103
0.7735409271196878,4485,1,1,0,1,1,0.9,0.3,2025-Jan-30-22:18:21.202179
0.7899675850963424,4486,1,1,0,1,1,0.8,0.2,2025-Jan-30-22:18:21.240778
0.8215981272878343,4487,0,1,0,0,1,0.0,0.8,2025-Jan-30-22:18:21.280788
0.8215957123731745,4488,0,1,0,0,1,0.0,1.0,2025-Jan-30-22:18:21.324412
0.8747448491733278,4489,0,1,0,0,0,0.0,0.0,2025-Jan-30-22:18:21.352599
0.7899675850963424,4490,1,1,0,1,1,0.8,0.2,2025-Jan-30-22:18:21.392795
0.8216017439381564,4491,2,1,0,1,1,0.9,0.5,2025-Jan-30-22:18:21.435291
0.8216017439381564,4492,2,1,0,1,1,0.9,0.5,2025-Jan-30-22:18:21.477963
0.8228000562946882,4493,1,1,0,1,0,0.8,0.0,2025-Jan-30-22:18:21.519461
0.8216029711784514,4494,3,1,0,0,1,0.0,0.4,2025-Jan-30-22:18:21.560982
0.7696593024962167,4495,1,1,0,1,1,0.9,0.5,2025-Jan-30-22:18:21.614411
0.7899669222350316,4496,1,1,0,1,1,0.7,0.2,2025-Jan-30-22:18:21.655609
0.7899681298018137,4497,1,1,0,1,1,0.9,0.2,2025-Jan-30-22:18:21.695918
0.8419066652932127,4498,2,1,0,1,1,0.9,0.2,2025-Jan-30-22:18:21.728002
0.8216029708725762,4499,1,1,0,0,1,0.0,0.4,2025-Jan-30-22:18:21.776874
0.8215969194676551,4500,2,1,0,0,1,0.0,0.9,2025-Jan-30-22:18:21.871597
0.8419066806364724,4501,2,1,0,0,1,0.0,0.2,2025-Jan-30-22:18:21.936617
0.7899685865159725,4502,0,1,0,1,1,1.0,0.2,2025-Jan-30-22:18:21.973976
0.7696589352828362,4503,1,1,0,1,1,0.8,0.5,2025-Jan-30-22:18:22.028093
0.7899681298018137,4504,1,1,0,1,1,0.9,0.2,2025-Jan-30-22:18:22.069048
0.8227999068378573,4505,4,1,0,1,-1,0.7,0.0,2025-Jan-30-22:18:22.110604
0.8747448491733278,4506,0,1,0,0,0,0.0,0.0,2025-Jan-30-22:18:22.142050
0.7899675850963424,4507,1,1,0,1,1,0.8,0.2,2025-Jan-30-22:18:22.186547
0.7696600549456594,4508,1,1,0,1,1,0.8,0.4,2025-Jan-30-22:18:22.236170
0.7696593024962167,4509,1,1,0,1,1,0.9,0.5,2025-Jan-30-22:18:22.287205
0.8227999025777923,4510,0,1,0,1,0,0.7,0.0,2025-Jan-30-22:18:22.329354
0.8254720706412806,4511,2,1,0,1,1,0.9,0.3,2025-Jan-30-22:18:22.364351
0.8747448491733278,4512,0,1,0,0,0,0.0,0.0,2025-Jan-30-22:18:22.395598
0.7899669225504872,4513,0,1,0,1,1,0.7,0.2,2025-Jan-30-22:18:22.436008
0.7735368489991402,4514,0,1,0,1,1,0.6,0.3,2025-Jan-30-22:18:22.475251
0.8747448488829315,4515,1,1,0,0,0,0.0,0.0,2025-Jan-30-22:18:22.506558
0.8216029567662138,4516,2,1,0,1,1,0.8,0.4,2025-Jan-30-22:18:22.548131
0.8747448491733278,4517,0,1,0,0,0,0.0,0.0,2025-Jan-30-22:18:22.577100
0.7899681298018137,4518,1,1,0,1,1,0.9,0.2,2025-Jan-30-22:18:22.619900
0.8583309364430844,4519,0,1,0,0,1,0.0,0.1,2025-Jan-30-22:18:22.651129
0.8216017590551311,4520,2,1,0,0,1,0.0,0.5,2025-Jan-30-22:18:22.692947
0.8747448491733278,4521,0,1,0,0,0,0.0,0.0,2025-Jan-30-22:18:22.722440
0.8881494605956468,4522,0,1,0,0,-1,0.0,0.0,2025-Jan-30-22:18:22.776549
0.8227997488346075,4523,1,1,0,1,0,0.6,0.0,2025-Jan-30-22:18:22.874052
0.7696597295975394,4524,1,1,0,1,1,0.7,0.4,2025-Jan-30-22:18:22.952392
0.8747448491733278,4525,0,1,0,0,0,0.0,0.0,2025-Jan-30-22:18:22.979331
0.8747448491733278,4526,0,1,0,0,0,0.0,0.0,2025-Jan-30-22:18:23.024377
0.8881494605956468,4527,0,1,0,0,-1,0.0,0.0,2025-Jan-30-22:18:23.062296
0.8747448491733278,4528,0,1,0,0,0,0.0,0.0,2025-Jan-30-22:18:23.102833
0.8747448491733278,4529,0,1,0,0,0,0.0,0.0,2025-Jan-30-22:18:23.134840
0.8747448491733278,4530,0,1,0,0,0,0.0,0.0,2025-Jan-30-22:18:23.165743
0.8747448529233814,4531,5,1,0,0,-1,0.0,0.0,2025-Jan-30-22:18:23.197900
0.8216029708725762,4532,1,1,0,0,1,0.0,0.4,2025-Jan-30-22:18:23.238533
0.8227995958874699,4533,4,1,0,1,0,0.5,0.0,2025-Jan-30-22:18:23.275882
0.8747448491733278,4534,0,1,0,0,0,0.0,0.0,2025-Jan-30-22:18:23.305516
0.8725325231241365,4535,1,1,0,-1,1,0.0,0.2,2025-Jan-30-22:18:23.343093
0.8747448491733278,4536,0,1,0,0,0,0.0,0.0,2025-Jan-30-22:18:23.372881
0.8747448491733278,4537,0,1,0,0,0,0.0,0.0,2025-Jan-30-22:18:23.401589
0.8215884859356728,4538,0,1,0,0,1,0.0,1.6,2025-Jan-30-22:18:23.514123
0.8747448491733278,4539,0,1,0,0,0,0.0,0.0,2025-Jan-30-22:18:23.542740
0.7735431307656147,4540,1,1,0,1,1,1.2,0.3,2025-Jan-30-22:18:23.580937
0.8747448488829315,4541,1,1,0,0,0,0.0,0.0,2025-Jan-30-22:18:23.612333
0.8747448491733278,4542,0,1,0,0,0,0.0,0.0,2025-Jan-30-22:18:23.641309
0.8747448491733278,4543,0,1,0,0,0,0.0,0.0,2025-Jan-30-22:18:23.671188
0.8747448491733278,4544,0,1,0,0,0,0.0,0.0,2025-Jan-30-22:18:23.706494
1.5354733509299243,4545,2,1,1,1,1,1.0,0.3,2025-Jan-30-22:18:23.742813
0.8747448491733278,4546,0,1,0,0,0,0.0,0.0,2025-Jan-30-22:18:23.806307
0.8063870401005457,4547,1,1,0,1,1,0.6,0.1,2025-Jan-30-22:18:23.895193
0.8747448491733278,4548,0,1,0,0,0,0.0,0.0,2025-Jan-30-22:18:23.942226
0.8747448491733278,4549,0,1,0,0,0,0.0,0.0,2025-Jan-30-22:18:23.971775
0.9041586457104427,4550,1,1,0,0,-1,0.0,0.0,2025-Jan-30-22:18:24.006973
0.8747448491733278,4551,0,1,0,0,0,0.0,0.0,2025-Jan-30-22:18:24.036344
0.8063876264555039,4552,0,1,0,1,1,0.8,0.1,2025-Jan-30-22:18:24.074053
0.7696488900501983,4553,0,1,0,1,1,0.5,1.2,2025-Jan-30-22:18:24.124212
0.8255131666251077,4554,1,1,0,1,1,0.2,0.1,2025-Jan-30-22:18:24.153702
1.7847012786108891,4555,7,1,0,1,0,0.9,0.0,2025-Jan-30-22:18:24.185917
0.8747448491733278,4556,0,1,0,0,0,0.0,0.0,2025-Jan-30-22:18:24.219839
0.8747448491733278,4557,0,1,0,0,0,0.0,0.0,2025-Jan-30-22:18:24.252345
0.8747448491733278,4558,0,1,0,0,0,0.0,0.0,2025-Jan-30-22:18:24.283423
0.8747448491733278,4559,0,1,0,0,0,0.0,0.0,2025-Jan-30-22:18:24.312581
0.8747448491733278,4560,0,1,0,0,0,0.0,0.0,2025-Jan-30-22:18:24.340812
0.8063885213460471,4561,1,1,0,1,1,1.2,0.1,2025-Jan-30-22:18:24.386447
0.8747448491733278,4562,0,1,0,0,0,0.0,0.0,2025-Jan-30-22:18:24.413996
0.8063861548203751,4563,0,1,0,1,1,0.4,0.1,2025-Jan-30-22:18:24.456160
0.8747448491733278,4564,0,1,0,0,0,0.0,0.0,2025-Jan-30-22:18:24.485159
0.8747448491733278,4565,0,1,0,0,0,0.0,0.0,2025-Jan-30-22:18:24.516041
0.9053633747002237,4566,1,1,0,-1,0,0.0,0.0,2025-Jan-30-22:18:24.552165
0.8747448491733278,4567,0,1,0,0,0,0.0,0.0,2025-Jan-30-22:18:24.580274
1.545224373154665,4568,0,1,1,1,-1,1.0,0.0,2025-Jan-30-22:18:24.627410
1.6153646399621062,4569,4,1,1,-1,1,0.0,0.1,2025-Jan-30-22:18:24.667684
0.7696540344932594,4570,0,1,0,1,1,0.6,0.8,2025-Jan-30-22:18:24.718037
0.8227995955819274,4571,0,1,0,1,0,0.5,0.0,2025-Jan-30-22:18:24.772131
1.5328059641188467,4572,8,1,1,1,1,1.9,0.1,2025-Jan-30-22:18:24.865713
0.8881494605956468,4573,0,1,0,0,-1,0.0,0.0,2025-Jan-30-22:18:24.945324
0.8747448491733278,4574,0,1,0,0,0,0.0,0.0,2025-Jan-30-22:18:24.975456
0.7696488900501983,4575,0,1,0,1,1,0.5,1.2,2025-Jan-30-22:18:25.025097
0.8747448491733278,4576,0,1,0,0,0,0.0,0.0,2025-Jan-30-22:18:25.053432
0.8216017587492593,4577,0,1,0,0,1,0.0,0.5,2025-Jan-30-22:18:25.092441
0.8227995952761917,4578,1,1,0,1,0,0.5,0.0,2025-Jan-30-22:18:25.136248
0.7696408147459626,4579,0,1,0,1,1,0.6,1.9,2025-Jan-30-22:18:25.187528
1.6447805802687379,4580,0,1,1,-1,-1,0.0,0.0,2025-Jan-30-22:18:25.231679
0.8881494605956468,4581,0,1,0,0,-1,0.0,0.0,2025-Jan-30-22:18:25.267511
0.8227994424949018,4582,0,1,0,1,0,0.4,0.0,2025-Jan-30-22:18:25.309209
1.5847484359473927,4583,8,1,1,0,0,0.0,0.0,2025-Jan-30-22:18:25.338140
0.8747448491733278,4584,0,1,0,0,0,0.0,0.0,2025-Jan-30-22:18:25.365044
0.8747448491733278,4585,0,1,0,0,0,0.0,0.0,2025-Jan-30-22:18:25.462842
0.8583309214002419,4586,2,1,0,1,1,1.3,0.1,2025-Jan-30-22:18:25.495365
0.8881494442217887,4587,2,1,0,1,-1,0.1,0.0,2025-Jan-30-22:18:25.537805
0.9053633749819754,4588,0,1,0,-1,0,0.0,0.0,2025-Jan-30-22:18:25.573857
0.8522099707507351,4589,0,1,0,-1,1,0.0,1.6,2025-Jan-30-22:18:25.622661
0.8747448491733278,4590,0,1,0,0,0,0.0,0.0,2025-Jan-30-22:18:25.652043
0.8747448491733278,4591,0,1,0,0,0,0.0,0.0,2025-Jan-30-22:18:25.684924
1.7847012822924158,4592,8,1,0,0,0,0.0,0.0,2025-Jan-30-22:18:25.717684
0.7696576291359807,4593,1,1,0,1,1,0.8,0.6,2025-Jan-30-22:18:25.804645
1.6153646551691805,4594,0,1,1,-1,0,0.0,0.0,2025-Jan-30-22:18:25.890119
0.8215932998667367,4595,0,1,0,0,1,0.0,1.2,2025-Jan-30-22:18:25.959809
1.5328019421377086,4596,4,1,1,1,1,1.2,0.1,2025-Jan-30-22:18:26.000145
0.8747448491733278,4597,0,1,0,0,0,0.0,0.0,2025-Jan-30-22:18:26.031023
0.8747448491733278,4598,0,1,0,0,0,0.0,0.0,2025-Jan-30-22:18:26.060827
0.8254720856399793,4599,0,1,0,0,1,0.0,0.3,2025-Jan-30-22:18:26.090268
1.5322869961950398,4600,8,1,0,-1,0,0.0,0.0,2025-Jan-30-22:18:26.129974
0.8747448488829315,4601,1,1,0,0,0,0.0,0.0,2025-Jan-30-22:18:26.159774
0.8747448491733278,4602,0,1,0,0,0,0.0,0.0,2025-Jan-30-22:18:26.190132
0.7696488900501983,4603,0,1,0,1,1,0.5,1.2,2025-Jan-30-22:18:26.242318
0.7696512983618907,4604,0,1,0,1,1,0.5,1.0,2025-Jan-30-22:18:26.291770
0.8215933001725835,4605,2,1,0,0,1,0.0,1.2,2025-Jan-30-22:18:26.335087
0.8881494605956468,4606,0,1,0,0,-1,0.0,0.0,2025-Jan-30-22:18:26.371984
0.8747448491733278,4607,0,1,0,0,0,0.0,0.0,2025-Jan-30-22:18:26.403200
0.7696589352828362,4608,1,1,0,1,1,0.8,0.5,2025-Jan-30-22:18:26.455555
0.8747448491733278,4609,0,1,0,0,0,0.0,0.0,2025-Jan-30-22:18:26.492190
0.888951247603421,4610,0,1,0,-1,1,0.0,0.1,2025-Jan-30-22:18:26.530457
0.8747448491733278,4611,0,1,0,0,0,0.0,0.0,2025-Jan-30-22:18:26.562702
0.7696488900501983,4612,0,1,0,1,1,0.5,1.2,2025-Jan-30-22:18:26.612884
0.8254720856399793,4613,0,1,0,0,1,0.0,0.3,2025-Jan-30-22:18:26.643210
0.8522121878885919,4614,0,1,0,1,-1,0.6,0.0,2025-Jan-30-22:18:26.691294
0.8227995955819274,4615,0,1,0,1,0,0.5,0.0,2025-Jan-30-22:18:26.761825
0.8747448532137795,4616,2,1,0,-1,0,0.0,0.0,2025-Jan-30-22:18:26.850318
0.8747448494635457,4617,2,1,0,0,0,0.0,0.0,2025-Jan-30-22:18:26.917917
0.769657134412628,4618,0,1,0,1,1,0.7,0.6,2025-Jan-30-22:18:26.965184
0.8216017630138195,4619,2,1,0,-1,1,0.0,0.5,2025-Jan-30-22:18:27.007283
0.8747448491733278,4620,0,1,0,0,0,0.0,0.0,2025-Jan-30-22:18:27.035921
0.8063876264555039,4621,0,1,0,1,1,0.8,0.1,2025-Jan-30-22:18:27.077185
0.8216017441610914,4622,2,1,0,1,1,0.7,0.5,2025-Jan-30-22:18:27.119217
0.8747448491733278,4623,0,1,0,0,0,0.0,0.0,2025-Jan-30-22:18:27.148753
0.8747448491733278,4624,0,1,0,0,0,0.0,0.0,2025-Jan-30-22:18:27.176751
0.8747448491733278,4625,0,1,0,0,0,0.0,0.0,2025-Jan-30-22:18:27.208769
0.8747448336231869,4626,4,1,0,0,1,0.0,0.8,2025-Jan-30-22:18:27.238938
0.8747448491733278,4627,0,1,0,0,0,0.0,0.0,2025-Jan-30-22:18:27.266938
0.8747448491733278,4628,0,1,0,0,0,0.0,0.0,2025-Jan-30-22:18:27.299003
0.8877495822518107,4629,0,1,0,1,-1,0.1,0.0,2025-Jan-30-22:18:27.336489
1.5327532689397296,4630,5,1,1,1,1,1.9,0.1,2025-Jan-30-22:18:27.444390
1.7847012822924158,4631,8,1,0,0,0,0.0,0.0,2025-Jan-30-22:18:27.477110
0.8747448491733278,4632,0,1,0,0,0,0.0,0.0,2025-Jan-30-22:18:27.506449
0.8747448491733278,4633,0,1,0,0,0,0.0,0.0,2025-Jan-30-22:18:27.535962
0.8747448491733278,4634,0,1,0,0,0,0.0,0.0,2025-Jan-30-22:18:27.565056
0.8747448491733278,4635,0,1,0,0,0,0.0,0.0,2025-Jan-30-22:18:27.593180
0.806387872478552,4636,1,1,0,1,1,0.9,0.1,2025-Jan-30-22:18:27.632652
0.8747448491733278,4637,0,1,0,0,0,0.0,0.0,2025-Jan-30-22:18:27.659934
0.8747448491733278,4638,0,1,0,0,0,0.0,0.0,2025-Jan-30-22:18:27.687520
0.8747448491733278,4639,0,1,0,0,0,0.0,0.0,2025-Jan-30-22:18:27.721400
0.821602956199858,4640,2,1,0,1,1,1.5,0.4,2025-Jan-30-22:18:27.779285
0.8215993218845634,4641,3,1,0,1,1,0.9,0.7,2025-Jan-30-22:18:27.894847
0.8747448491733278,4642,0,1,0,0,0,0.0,0.0,2025-Jan-30-22:18:27.944549
1.6153646551691805,4643,0,1,1,-1,0,0.0,0.0,2025-Jan-30-22:18:27.979740
0.874744833965859,4644,5,1,0,0,1,0.0,0.6,2025-Jan-30-22:18:28.012939
1.7074358974358974,4645,1,1,1,1,1,0.9,0.4,2025-Jan-30-22:18:28.065680
0.8747448491733278,4646,0,1,0,0,0,0.0,0.0,2025-Jan-30-22:18:28.094133
0.806387872478552,4647,1,1,0,1,1,0.9,0.1,2025-Jan-30-22:18:28.133296
0.8583360150468824,4648,4,1,0,1,-1,0.1,0.0,2025-Jan-30-22:18:28.163220
0.8583309361478302,4649,1,1,0,0,1,0.0,0.1,2025-Jan-30-22:18:28.193304
0.8747448491733278,4650,0,1,0,0,0,0.0,0.0,2025-Jan-30-22:18:28.223550
0.8747448491733278,4651,0,1,0,0,0,0.0,0.0,2025-Jan-30-22:18:28.254097
0.8063885216566475,4652,0,1,0,1,1,1.2,0.1,2025-Jan-30-22:18:28.295674
0.8747448491733278,4653,0,1,0,0,0,0.0,0.0,2025-Jan-30-22:18:28.327225
0.8747448491733278,4654,0,1,0,0,0,0.0,0.0,2025-Jan-30-22:18:28.356103
0.8747448491733278,4655,0,1,0,0,0,0.0,0.0,2025-Jan-30-22:18:28.392829
0.8747448491733278,4656,0,1,0,0,0,0.0,0.0,2025-Jan-30-22:18:28.426432
0.8747448491733278,4657,0,1,0,0,0,0.0,0.0,2025-Jan-30-22:18:28.458659
0.7696576291359807,4658,1,1,0,1,1,0.8,0.6,2025-Jan-30-22:18:28.505449
0.8747448491733278,4659,0,1,0,0,0,0.0,0.0,2025-Jan-30-22:18:28.535096
0.8747448491733278,4660,0,1,0,0,0,0.0,0.0,2025-Jan-30-22:18:28.563626
0.8747448491733278,4661,0,1,0,0,0,0.0,0.0,2025-Jan-30-22:18:28.593588
0.8747448491733278,4662,0,1,0,0,0,0.0,0.0,2025-Jan-30-22:18:28.622601
0.8419221485563027,4663,1,1,0,1,1,0.1,0.1,2025-Jan-30-22:18:28.652282
0.8747448491733278,4664,0,1,0,0,0,0.0,0.0,2025-Jan-30-22:18:28.680292
0.8419269785380258,4665,0,1,0,1,0,0.2,0.0,2025-Jan-30-22:18:28.710880
0.9053633597749011,4666,4,1,0,-1,1,0.0,0.1,2025-Jan-30-22:18:28.769580
0.8747448491733278,4667,0,1,0,0,0,0.0,0.0,2025-Jan-30-22:18:28.849688
0.8216017587492593,4668,0,1,0,0,1,0.0,0.5,2025-Jan-30-22:18:28.919513
0.8583360109372675,4669,0,1,0,1,0,0.1,0.0,2025-Jan-30-22:18:28.947540
0.7696408147459626,4670,0,1,0,1,1,0.6,1.9,2025-Jan-30-22:18:28.996668
0.8877495822518107,4671,0,1,0,1,-1,0.1,0.0,2025-Jan-30-22:18:29.033632
0.821584887530485,4672,0,1,0,0,1,0.0,1.9,2025-Jan-30-22:18:29.072911
0.769642012136156,4673,0,1,0,1,1,0.6,1.8,2025-Jan-30-22:18:29.123327
1.7074358974358974,4674,1,1,1,1,1,0.5,1.9,2025-Jan-30-22:18:29.173971
0.9347793000872058,4675,0,1,0,-1,-1,0.0,0.0,2025-Jan-30-22:18:29.219219
0.7696428833533786,4676,0,1,0,1,1,0.5,1.7,2025-Jan-30-22:18:29.266805
0.8352233059192223,4677,0,1,0,1,-1,1.2,0.0,2025-Jan-30-22:18:29.313685
0.7696408147459626,4678,0,1,0,1,1,0.6,1.9,2025-Jan-30-22:18:29.361817
0.7696408147459626,4679,0,1,0,1,1,0.6,1.9,2025-Jan-30-22:18:29.410918
0.8522112273935721,4680,0,1,0,1,-1,1.9,0.0,2025-Jan-30-22:18:29.458626
0.7696408147459626,4681,0,1,0,1,1,0.6,1.9,2025-Jan-30-22:18:29.508407
1.5683344468072689,4682,7,1,1,0,1,0.0,0.1,2025-Jan-30-22:18:29.538923
0.8215848878363071,4683,2,1,0,0,1,0.0,1.9,2025-Jan-30-22:18:29.578054
0.8216017587492593,4684,0,1,0,0,1,0.0,0.5,2025-Jan-30-22:18:29.617167
0.8877495822518107,4685,0,1,0,1,-1,0.1,0.0,2025-Jan-30-22:18:29.724355
0.7696564978616756,4686,0,1,0,1,1,0.6,0.6,2025-Jan-30-22:18:29.795592
0.7887673553272392,4687,0,1,0,1,1,0.2,1.9,2025-Jan-30-22:18:29.880430
0.7696408147459626,4688,0,1,0,1,1,0.6,1.9,2025-Jan-30-22:18:29.957217
0.7696404886871971,4689,0,1,0,1,1,0.5,1.9,2025-Jan-30-22:18:30.006550
0.7696408147459626,4690,0,1,0,1,1,0.6,1.9,2025-Jan-30-22:18:30.055363
0.8063883152211024,4691,0,1,0,1,1,1.1,0.1,2025-Jan-30-22:18:30.098251
0.8522123351704443,4692,0,1,0,1,-1,0.4,0.0,2025-Jan-30-22:18:30.146606
0.888149460778483,4693,2,1,0,0,-1,0.0,0.0,2025-Jan-30-22:18:30.183486
0.7696417991278623,4694,0,1,0,1,1,0.9,1.9,2025-Jan-30-22:18:30.235015
1.5683344465116669,4695,6,1,1,0,1,0.0,0.1,2025-Jan-30-22:18:30.264118
0.8227997488346075,4696,1,1,0,1,0,0.6,0.0,2025-Jan-30-22:18:30.306633
0.8583360109372675,4697,0,1,0,1,0,0.1,0.0,2025-Jan-30-22:18:30.336155
0.8419269785380258,4698,0,1,0,1,0,0.2,0.0,2025-Jan-30-22:18:30.365725
1.5847019540923193,4699,3,1,1,0,0,0.0,0.0,2025-Jan-30-22:18:30.397479
0.7696414710221001,4700,0,1,0,1,1,0.8,1.9,2025-Jan-30-22:18:30.448653
0.8881494605956468,4701,0,1,0,0,-1,0.0,0.0,2025-Jan-30-22:18:30.485104
0.8747448491733278,4702,0,1,0,0,0,0.0,0.0,2025-Jan-30-22:18:30.518138
0.8747448491733278,4703,0,1,0,0,0,0.0,0.0,2025-Jan-30-22:18:30.549084
0.769642012136156,4704,0,1,0,1,1,0.6,1.8,2025-Jan-30-22:18:30.599832
0.7696408147459626,4705,0,1,0,1,1,0.6,1.9,2025-Jan-30-22:18:30.665018
0.8583309364430844,4706,0,1,0,0,1,0.0,0.1,2025-Jan-30-22:18:30.697027
0.8522059267878213,4707,0,1,0,-1,1,0.0,1.9,2025-Jan-30-22:18:30.757084
0.9053633749819754,4708,0,1,0,-1,0,0.0,0.0,2025-Jan-30-22:18:30.853030
0.9041586457104427,4709,1,1,0,0,-1,0.0,0.0,2025-Jan-30-22:18:30.927904
0.769642012136156,4710,0,1,0,1,1,0.6,1.8,2025-Jan-30-22:18:30.976476
0.7723583027757279,4711,0,1,0,1,1,0.3,1.9,2025-Jan-30-22:18:31.015846
0.7696408147459626,4712,0,1,0,1,1,0.6,1.9,2025-Jan-30-22:18:31.067519
0.7696408147459626,4713,0,1,0,1,1,0.6,1.9,2025-Jan-30-22:18:31.116986
0.8227997491403438,4714,0,1,0,1,0,0.6,0.0,2025-Jan-30-22:18:31.157799
0.7696408147459626,4715,0,1,0,1,1,0.6,1.9,2025-Jan-30-22:18:31.206007
1.5315861677346656,4716,0,1,1,0,1,0.0,1.9,2025-Jan-30-22:18:31.246992
0.8583360109372675,4717,0,1,0,1,0,0.1,0.0,2025-Jan-30-22:18:31.276594
0.9041586309329149,4718,2,1,0,1,-1,0.4,0.0,2025-Jan-30-22:18:31.316901
1.7847012943671063,4719,8,1,0,1,0,1.5,0.0,2025-Jan-30-22:18:31.349100
0.8747448491733278,4720,0,1,0,0,0,0.0,0.0,2025-Jan-30-22:18:31.381669
0.8747448491733278,4721,0,1,0,0,0,0.0,0.0,2025-Jan-30-22:18:31.412890
1.568286430577005,4722,3,1,1,0,1,0.0,0.1,2025-Jan-30-22:18:31.443178
0.8747448491733278,4723,0,1,0,0,0,0.0,0.0,2025-Jan-30-22:18:31.476819
0.8747448491733278,4724,0,1,0,0,0,0.0,0.0,2025-Jan-30-22:18:31.504827
0.8747448491733278,4725,0,1,0,0,0,0.0,0.0,2025-Jan-30-22:18:31.537928
0.8747448491733278,4726,0,1,0,0,0,0.0,0.0,2025-Jan-30-22:18:31.569801
0.8747448488829315,4727,1,1,0,0,0,0.0,0.0,2025-Jan-30-22:18:31.599128
0.9053633749819754,4728,0,1,0,-1,0,0.0,0.0,2025-Jan-30-22:18:31.703997
0.8747448491733278,4729,0,1,0,0,0,0.0,0.0,2025-Jan-30-22:18:31.735487
0.8747448491733278,4730,0,1,0,0,0,0.0,0.0,2025-Jan-30-22:18:31.813558
1.5847461296567011,4731,2,1,1,0,0,0.0,0.0,2025-Jan-30-22:18:31.891145
0.8747448494635457,4732,2,1,0,0,0,0.0,0.0,2025-Jan-30-22:18:31.948498
0.8747448491733278,4733,0,1,0,0,0,0.0,0.0,2025-Jan-30-22:18:31.977483
0.8747448488829315,4734,1,1,0,0,0,0.0,0.0,2025-Jan-30-22:18:32.006762
0.8583309405527009,4735,2,1,0,-1,1,0.0,0.1,2025-Jan-30-22:18:32.037051
0.8522122614503109,4736,0,1,0,1,-1,0.5,0.0,2025-Jan-30-22:18:32.088254
0.8877495822518107,4737,0,1,0,1,-1,0.1,0.0,2025-Jan-30-22:18:32.127369
0.8747448491733278,4738,0,1,0,0,0,0.0,0.0,2025-Jan-30-22:18:32.160598
0.8227994424949018,4739,0,1,0,1,0,0.4,0.0,2025-Jan-30-22:18:32.201396
0.8747448491733278,4740,0,1,0,0,0,0.0,0.0,2025-Jan-30-22:18:32.230733
0.9053633749819754,4741,0,1,0,-1,0,0.0,0.0,2025-Jan-30-22:18:32.269313
0.8747448491733278,4742,0,1,0,0,0,0.0,0.0,2025-Jan-30-22:18:32.297853
0.888149460778483,4743,2,1,0,0,-1,0.0,0.0,2025-Jan-30-22:18:32.338700
0.8747448491733278,4744,0,1,0,0,0,0.0,0.0,2025-Jan-30-22:18:32.367489
0.8583309361478302,4745,1,1,0,0,1,0.0,0.1,2025-Jan-30-22:18:32.402910
0.8747448491733278,4746,0,1,0,0,0,0.0,0.0,2025-Jan-30-22:18:32.433180
0.8063881011047717,4747,1,1,0,1,1,1.0,0.1,2025-Jan-30-22:18:32.475985
0.8583309214479811,4748,2,1,0,1,1,1.0,0.1,2025-Jan-30-22:18:32.506909
0.8747448494635457,4749,2,1,0,0,0,0.0,0.0,2025-Jan-30-22:18:32.536973
0.8747448491733278,4750,0,1,0,0,0,0.0,0.0,2025-Jan-30-22:18:32.567788
0.8747448491733278,4751,0,1,0,0,0,0.0,0.0,2025-Jan-30-22:18:32.602325
0.8747448491733278,4752,0,1,0,0,0,0.0,0.0,2025-Jan-30-22:18:32.635912
0.8747448491733278,4753,0,1,0,0,0,0.0,0.0,2025-Jan-30-22:18:32.667555
0.8747448491733278,4754,0,1,0,0,0,0.0,0.0,2025-Jan-30-22:18:32.697996
0.8549308784196177,4755,0,1,0,1,-1,0.3,0.0,2025-Jan-30-22:18:32.737240
0.8881494605956468,4756,0,1,0,0,-1,0.0,0.0,2025-Jan-30-22:18:32.832443
0.8747448488829315,4757,1,1,0,0,0,0.0,0.0,2025-Jan-30-22:18:32.903530
0.8747448491733278,4758,0,1,0,0,0,0.0,0.0,2025-Jan-30-22:18:32.949496
1.5682864304295252,4759,1,1,1,0,1,0.0,0.1,2025-Jan-30-22:18:32.978162
0.8747448491733278,4760,0,1,0,0,0,0.0,0.0,2025-Jan-30-22:18:33.008127
0.8747448491733278,4761,0,1,0,0,0,0.0,0.0,2025-Jan-30-22:18:33.038755
0.9053633749819754,4762,0,1,0,-1,0,0.0,0.0,2025-Jan-30-22:18:33.074826
0.8255177572805873,4763,0,1,0,1,0,0.3,0.0,2025-Jan-30-22:18:33.117137
0.8063870404111411,4764,0,1,0,1,1,0.6,0.1,2025-Jan-30-22:18:33.166516
0.8747448491733278,4765,0,1,0,0,0,0.0,0.0,2025-Jan-30-22:18:33.198258
0.8747448491733278,4766,0,1,0,0,0,0.0,0.0,2025-Jan-30-22:18:33.228019
0.8747448491733278,4767,0,1,0,0,0,0.0,0.0,2025-Jan-30-22:18:33.256826
0.8747448491733278,4768,0,1,0,0,0,0.0,0.0,2025-Jan-30-22:18:33.285889
0.8583360109372675,4769,0,1,0,1,0,0.1,0.0,2025-Jan-30-22:18:33.385453
0.7696404886871971,4770,0,1,0,1,1,0.5,1.9,2025-Jan-30-22:18:33.438006
0.8549308784196177,4771,0,1,0,1,-1,0.3,0.0,2025-Jan-30-22:18:33.474252
0.7696401633521235,4772,0,1,0,1,1,0.4,1.9,2025-Jan-30-22:18:33.524203
0.7696408147459626,4773,0,1,0,1,1,0.6,1.9,2025-Jan-30-22:18:33.573288
0.7696540341718141,4774,1,1,0,1,1,0.6,0.8,2025-Jan-30-22:18:33.621847
0.7696428833533786,4775,0,1,0,1,1,0.5,1.7,2025-Jan-30-22:18:33.671020
0.7696408147459626,4776,0,1,0,1,1,0.6,1.9,2025-Jan-30-22:18:33.722957
0.7723583027757279,4777,0,1,0,1,1,0.3,1.9,2025-Jan-30-22:18:33.783055
0.7696401633521235,4778,0,1,0,1,1,0.4,1.9,2025-Jan-30-22:18:33.887487
0.7696404886871971,4779,0,1,0,1,1,0.5,1.9,2025-Jan-30-22:18:33.954133
0.8522120401631679,4780,0,1,0,1,-1,0.8,0.0,2025-Jan-30-22:18:33.999935
0.8522121878885919,4781,0,1,0,1,-1,0.6,0.0,2025-Jan-30-22:18:34.047366
0.7696404886871971,4782,0,1,0,1,1,0.5,1.9,2025-Jan-30-22:18:34.097567
0.8228002112786911,4783,0,1,0,1,0,0.9,0.0,2025-Jan-30-22:18:34.139792
0.8216029562680076,4784,3,1,0,1,1,0.1,0.4,2025-Jan-30-22:18:34.185634
0.8522121878885919,4785,0,1,0,1,-1,0.6,0.0,2025-Jan-30-22:18:34.233876
0.7696408147459626,4786,0,1,0,1,1,0.6,1.9,2025-Jan-30-22:18:34.280914
0.7723583027757279,4787,0,1,0,1,1,0.3,1.9,2025-Jan-30-22:18:34.321277
0.7696404886871971,4788,0,1,0,1,1,0.5,1.9,2025-Jan-30-22:18:34.370082
0.7696404886871971,4789,0,1,0,1,1,0.5,1.9,2025-Jan-30-22:18:34.421335
0.7696404886871971,4790,0,1,0,1,1,0.5,1.9,2025-Jan-30-22:18:34.469356
0.8881494605956468,4791,0,1,0,0,-1,0.0,0.0,2025-Jan-30-22:18:34.506176
0.8747448342562565,4792,2,1,0,1,0,0.6,0.0,2025-Jan-30-22:18:34.540498
0.888149460778483,4793,2,1,0,0,-1,0.0,0.0,2025-Jan-30-22:18:34.589412
0.8051762184740605,4794,1,1,0,1,1,0.1,1.9,2025-Jan-30-22:18:34.632286
0.7696507423758798,4795,1,1,0,1,1,0.7,1.1,2025-Jan-30-22:18:34.689346
0.8227995955819274,4796,0,1,0,1,0,0.5,0.0,2025-Jan-30-22:18:34.733314
0.8522122614503109,4797,0,1,0,1,-1,0.5,0.0,2025-Jan-30-22:18:34.828143
0.8522120401631679,4798,0,1,0,1,-1,0.8,0.0,2025-Jan-30-22:18:34.915234
0.7887673553272392,4799,0,1,0,1,1,0.2,1.9,2025-Jan-30-22:18:34.954226
0.821584887530485,4800,0,1,0,0,1,0.0,1.9,2025-Jan-30-22:18:34.995697
0.8216017630138195,4801,2,1,0,-1,1,0.0,0.5,2025-Jan-30-22:18:35.035395
0.8063894674817359,4802,0,1,0,1,1,1.7,0.1,2025-Jan-30-22:18:35.077526
0.7696408147459626,4803,0,1,0,1,1,0.6,1.9,2025-Jan-30-22:18:35.129054
0.7696440830882127,4804,0,1,0,1,1,0.5,1.6,2025-Jan-30-22:18:35.180409
0.7696408147459626,4805,0,1,0,1,1,0.6,1.9,2025-Jan-30-22:18:35.232284
0.7696414710221001,4806,0,1,0,1,1,0.8,1.9,2025-Jan-30-22:18:35.279896
0.7696404886871971,4807,0,1,0,1,1,0.5,1.9,2025-Jan-30-22:18:35.328815
1.568286430577005,4808,3,1,1,0,1,0.0,0.1,2025-Jan-30-22:18:35.356729
0.8522123351704443,4809,0,1,0,1,-1,0.4,0.0,2025-Jan-30-22:18:35.402189
0.8522086606808988,4810,0,1,0,-1,1,0.0,1.7,2025-Jan-30-22:18:35.448546
0.7696401633521235,4811,0,1,0,1,1,0.4,1.9,2025-Jan-30-22:18:35.501545
0.7696404886871971,4812,0,1,0,1,1,0.5,1.9,2025-Jan-30-22:18:35.553684
0.8522121878885919,4813,0,1,0,1,-1,0.6,0.0,2025-Jan-30-22:18:35.603684
0.8583360109372675,4814,0,1,0,1,0,0.1,0.0,2025-Jan-30-22:18:35.634533
0.7696408147459626,4815,0,1,0,1,1,0.6,1.9,2025-Jan-30-22:18:35.685194
0.7696456079918996,4816,0,1,0,1,1,0.6,1.5,2025-Jan-30-22:18:35.736904
0.8522120401631679,4817,0,1,0,1,-1,0.8,0.0,2025-Jan-30-22:18:35.846737
0.7696401633521235,4818,0,1,0,1,1,0.4,1.9,2025-Jan-30-22:18:35.931041
1.5847461296567011,4819,2,1,1,0,0,0.0,0.0,2025-Jan-30-22:18:35.960894
0.8747448491733278,4820,0,1,0,0,0,0.0,0.0,2025-Jan-30-22:18:35.990685
0.8747448491733278,4821,0,1,0,0,0,0.0,0.0,2025-Jan-30-22:18:36.022614
0.8747448491733278,4822,0,1,0,0,0,0.0,0.0,2025-Jan-30-22:18:36.052878
0.8747448491733278,4823,0,1,0,0,0,0.0,0.0,2025-Jan-30-22:18:36.149202
0.8747448488829315,4824,1,1,0,0,0,0.0,0.0,2025-Jan-30-22:18:36.178580
0.8747448491733278,4825,0,1,0,0,0,0.0,0.0,2025-Jan-30-22:18:36.211922
0.8747448491733278,4826,0,1,0,0,0,0.0,0.0,2025-Jan-30-22:18:36.243655
0.8747448491733278,4827,0,1,0,0,0,0.0,0.0,2025-Jan-30-22:18:36.275782
0.8747448491733278,4828,0,1,0,0,0,0.0,0.0,2025-Jan-30-22:18:36.309521
0.8747448491733278,4829,0,1,0,0,0,0.0,0.0,2025-Jan-30-22:18:36.340541
1.5847484356574353,4830,6,1,1,0,0,0.0,0.0,2025-Jan-30-22:18:36.370712
0.8747448491733278,4831,0,1,0,0,0,0.0,0.0,2025-Jan-30-22:18:36.400845
0.8747448491733278,4832,0,1,0,0,0,0.0,0.0,2025-Jan-30-22:18:36.429795
0.8747448494635457,4833,2,1,0,0,0,0.0,0.0,2025-Jan-30-22:18:36.458903
0.8747448491733278,4834,0,1,0,0,0,0.0,0.0,2025-Jan-30-22:18:36.489059
0.8747448491733278,4835,0,1,0,0,0,0.0,0.0,2025-Jan-30-22:18:36.519877
0.8747448491733278,4836,0,1,0,0,0,0.0,0.0,2025-Jan-30-22:18:36.550650
0.8747448491733278,4837,0,1,0,0,0,0.0,0.0,2025-Jan-30-22:18:36.578733
0.8747448491733278,4838,0,1,0,0,0,0.0,0.0,2025-Jan-30-22:18:36.605740
0.8747448491733278,4839,0,1,0,0,0,0.0,0.0,2025-Jan-30-22:18:36.637820
0.8747448491733278,4840,0,1,0,0,0,0.0,0.0,2025-Jan-30-22:18:36.665457
0.8747448488829315,4841,1,1,0,0,0,0.0,0.0,2025-Jan-30-22:18:36.693067
0.8747448494635457,4842,2,1,0,0,0,0.0,0.0,2025-Jan-30-22:18:36.722484
0.8747448488829315,4843,1,1,0,0,0,0.0,0.0,2025-Jan-30-22:18:36.766188
0.8747448491733278,4844,0,1,0,0,0,0.0,0.0,2025-Jan-30-22:18:36.847828
0.8747448491733278,4845,0,1,0,0,0,0.0,0.0,2025-Jan-30-22:18:36.916561
0.8583360109372675,4846,0,1,0,1,0,0.1,0.0,2025-Jan-30-22:18:36.947371
0.8747448491733278,4847,0,1,0,0,0,0.0,0.0,2025-Jan-30-22:18:36.977161
0.8747448491733278,4848,0,1,0,0,0,0.0,0.0,2025-Jan-30-22:18:37.005661
0.9053633749819754,4849,0,1,0,-1,0,0.0,0.0,2025-Jan-30-22:18:37.040593
0.8747448491733278,4850,0,1,0,0,0,0.0,0.0,2025-Jan-30-22:18:37.070043
0.8747448488829315,4851,1,1,0,0,0,0.0,0.0,2025-Jan-30-22:18:37.099387
0.8747448491733278,4852,0,1,0,0,0,0.0,0.0,2025-Jan-30-22:18:37.132378
0.8747448491733278,4853,0,1,0,0,0,0.0,0.0,2025-Jan-30-22:18:37.164291
0.9053633749819754,4854,0,1,0,-1,0,0.0,0.0,2025-Jan-30-22:18:37.201831
0.8747448491733278,4855,0,1,0,0,0,0.0,0.0,2025-Jan-30-22:18:37.231914
0.8747448491733278,4856,0,1,0,0,0,0.0,0.0,2025-Jan-30-22:18:37.259549
0.8747448491733278,4857,0,1,0,0,0,0.0,0.0,2025-Jan-30-22:18:37.288066
1.5847461296567011,4858,2,1,1,0,0,0.0,0.0,2025-Jan-30-22:18:37.320794
0.8747448491733278,4859,0,1,0,0,0,0.0,0.0,2025-Jan-30-22:18:37.349534
0.8747448491733278,4860,0,1,0,0,0,0.0,0.0,2025-Jan-30-22:18:37.377537
0.8747448491733278,4861,0,1,0,0,0,0.0,0.0,2025-Jan-30-22:18:37.404993
0.8747448491733278,4862,0,1,0,0,0,0.0,0.0,2025-Jan-30-22:18:37.436690
0.8747448491733278,4863,0,1,0,0,0,0.0,0.0,2025-Jan-30-22:18:37.465606
0.8747448491733278,4864,0,1,0,0,0,0.0,0.0,2025-Jan-30-22:18:37.492822
0.8747448491733278,4865,0,1,0,0,0,0.0,0.0,2025-Jan-30-22:18:37.530204
0.8747448491733278,4866,0,1,0,0,0,0.0,0.0,2025-Jan-30-22:18:37.559527
0.8747448491733278,4867,0,1,0,0,0,0.0,0.0,2025-Jan-30-22:18:37.590527
0.8747448491733278,4868,0,1,0,0,0,0.0,0.0,2025-Jan-30-22:18:37.621041
1.515177498992529,4869,0,1,1,1,1,0.1,1.9,2025-Jan-30-22:18:37.662957
0.7723583027757279,4870,0,1,0,1,1,0.3,1.9,2025-Jan-30-22:18:37.703230
0.7696404886871971,4871,0,1,0,1,1,0.5,1.9,2025-Jan-30-22:18:37.769504
0.7696401633521235,4872,0,1,0,1,1,0.4,1.9,2025-Jan-30-22:18:37.866958
0.9053633747002237,4873,1,1,0,-1,0,0.0,0.0,2025-Jan-30-22:18:37.936934
0.9041586457104427,4874,1,1,0,0,-1,0.0,0.0,2025-Jan-30-22:18:37.971790
0.9347793000872058,4875,0,1,0,-1,-1,0.0,0.0,2025-Jan-30-22:18:38.017157
0.8747448491733278,4876,0,1,0,0,0,0.0,0.0,2025-Jan-30-22:18:38.046669
0.7696401633521235,4877,0,1,0,1,1,0.4,1.9,2025-Jan-30-22:18:38.096636
0.7696401633521235,4878,0,1,0,1,1,0.4,1.9,2025-Jan-30-22:18:38.147065
0.9347793000872058,4879,0,1,0,-1,-1,0.0,0.0,2025-Jan-30-22:18:38.190440
1.5322869926118021,4880,8,1,0,-1,1,0.0,0.1,2025-Jan-30-22:18:38.232100
0.7696411421066351,4881,0,1,0,1,1,0.7,1.9,2025-Jan-30-22:18:38.289749
0.8747448491733278,4882,0,1,0,0,0,0.0,0.0,2025-Jan-30-22:18:38.331276
0.8215848878363071,4883,2,1,0,0,1,0.0,1.9,2025-Jan-30-22:18:38.377721
0.7696401630307209,4884,1,1,0,1,1,0.4,1.9,2025-Jan-30-22:18:38.429096
0.8419221485563027,4885,1,1,0,1,1,0.1,0.1,2025-Jan-30-22:18:38.457703
0.8522119667728801,4886,0,1,0,1,-1,0.9,0.0,2025-Jan-30-22:18:38.504616
0.8522059267878213,4887,0,1,0,-1,1,0.0,1.9,2025-Jan-30-22:18:38.617822
0.8522118183543572,4888,1,1,0,1,-1,1.1,0.0,2025-Jan-30-22:18:38.665700
0.8877495822518107,4889,0,1,0,1,-1,0.1,0.0,2025-Jan-30-22:18:38.702702
0.7723583027757279,4890,0,1,0,1,1,0.3,1.9,2025-Jan-30-22:18:38.748115
0.8063898255714363,4891,0,1,0,1,1,1.9,0.1,2025-Jan-30-22:18:38.840415
0.8051930859308745,4892,0,1,0,1,1,0.1,0.5,2025-Jan-30-22:18:38.928928
0.7696424604943053,4893,0,1,0,1,1,1.1,1.9,2025-Jan-30-22:18:38.979252
0.7723583027757279,4894,0,1,0,1,1,0.3,1.9,2025-Jan-30-22:18:39.020076
0.8583360109372675,4895,0,1,0,1,0,0.1,0.0,2025-Jan-30-22:18:39.052257
0.7696411421066351,4896,0,1,0,1,1,0.7,1.9,2025-Jan-30-22:18:39.103236
0.821584887530485,4897,0,1,0,0,1,0.0,1.9,2025-Jan-30-22:18:39.145047
0.8227997491403438,4898,0,1,0,1,0,0.6,0.0,2025-Jan-30-22:18:39.184773
0.7696401633521235,4899,0,1,0,1,1,0.4,1.9,2025-Jan-30-22:18:39.237919
0.8522059267878213,4900,0,1,0,-1,1,0.0,1.9,2025-Jan-30-22:18:39.284902
0.8522137301190927,4901,0,1,0,-1,1,0.0,1.3,2025-Jan-30-22:18:39.332041
0.8419221488564015,4902,0,1,0,1,1,0.1,0.1,2025-Jan-30-22:18:39.360121
0.8522059267878213,4903,0,1,0,-1,1,0.0,1.9,2025-Jan-30-22:18:39.411917
0.8051762187849656,4904,0,1,0,1,1,0.1,1.9,2025-Jan-30-22:18:39.455795
0.7696417991278623,4905,0,1,0,1,1,0.9,1.9,2025-Jan-30-22:18:39.506638
0.7723583027757279,4906,0,1,0,1,1,0.3,1.9,2025-Jan-30-22:18:39.547208
0.8051762187849656,4907,0,1,0,1,1,0.1,1.9,2025-Jan-30-22:18:39.589234
0.7696492141574008,4908,0,1,0,1,1,0.6,1.2,2025-Jan-30-22:18:39.638966
1.5981507407667987,4909,0,1,1,0,-1,0.0,0.0,2025-Jan-30-22:18:39.674961
0.8522119664755387,4910,1,1,0,1,-1,0.9,0.0,2025-Jan-30-22:18:39.724763
0.8522123351704443,4911,0,1,0,1,-1,0.4,0.0,2025-Jan-30-22:18:39.788489
0.8522059267878213,4912,0,1,0,-1,1,0.0,1.9,2025-Jan-30-22:18:39.890126
0.7696404886871971,4913,0,1,0,1,1,0.5,1.9,2025-Jan-30-22:18:39.971128
0.7696476863749159,4914,0,1,0,1,1,0.5,1.3,2025-Jan-30-22:18:40.022142
0.8522121878885919,4915,0,1,0,1,-1,0.6,0.0,2025-Jan-30-22:18:40.067694
0.7696413614151126,4916,0,1,0,1,1,0.4,1.8,2025-Jan-30-22:18:40.117901
0.7696401633521235,4917,0,1,0,1,1,0.4,1.9,2025-Jan-30-22:18:40.167592
0.8522059267878213,4918,0,1,0,-1,1,0.0,1.9,2025-Jan-30-22:18:40.212868
0.8747448491733278,4919,0,1,0,0,0,0.0,0.0,2025-Jan-30-22:18:40.244270
0.8522122614503109,4920,0,1,0,1,-1,0.5,0.0,2025-Jan-30-22:18:40.290440
0.8747448491733278,4921,0,1,0,0,0,0.0,0.0,2025-Jan-30-22:18:40.320143
0.8227994424949018,4922,0,1,0,1,0,0.4,0.0,2025-Jan-30-22:18:40.360197
0.7696404886871971,4923,0,1,0,1,1,0.5,1.9,2025-Jan-30-22:18:40.411728
0.9041586457104427,4924,1,1,0,0,-1,0.0,0.0,2025-Jan-30-22:18:40.452364
0.769643758189436,4925,0,1,0,1,1,0.4,1.6,2025-Jan-30-22:18:40.509386
0.8747448491733278,4926,0,1,0,0,0,0.0,0.0,2025-Jan-30-22:18:40.540392
0.7723583027757279,4927,0,1,0,1,1,0.3,1.9,2025-Jan-30-22:18:40.587498
0.8747448491733278,4928,0,1,0,0,0,0.0,0.0,2025-Jan-30-22:18:40.617079
0.8747448491733278,4929,0,1,0,0,0,0.0,0.0,2025-Jan-30-22:18:40.649160
1.5683344313525363,4930,7,1,1,1,1,1.9,0.1,2025-Jan-30-22:18:40.681024
0.9041586457104427,4931,1,1,0,0,-1,0.0,0.0,2025-Jan-30-22:18:40.717028
0.8747448491733278,4932,0,1,0,0,0,0.0,0.0,2025-Jan-30-22:18:40.760961
0.8747448491733278,4933,0,1,0,0,0,0.0,0.0,2025-Jan-30-22:18:40.843778
0.8747448491733278,4934,0,1,0,0,0,0.0,0.0,2025-Jan-30-22:18:40.922074
0.8747448491733278,4935,0,1,0,0,0,0.0,0.0,2025-Jan-30-22:18:41.033511
0.8881494605956468,4936,0,1,0,0,-1,0.0,0.0,2025-Jan-30-22:18:41.070768
0.8255177572805873,4937,0,1,0,1,0,0.3,0.0,2025-Jan-30-22:18:41.099744
0.8522121878885919,4938,0,1,0,1,-1,0.6,0.0,2025-Jan-30-22:18:41.146715
0.8747448491733278,4939,0,1,0,0,0,0.0,0.0,2025-Jan-30-22:18:41.176334
0.7723595009283017,4940,0,1,0,1,1,0.3,1.8,2025-Jan-30-22:18:41.219696
0.8227994424949018,4941,0,1,0,1,0,0.4,0.0,2025-Jan-30-22:18:41.260691
0.8583309364430844,4942,0,1,0,0,1,0.0,0.1,2025-Jan-30-22:18:41.291445
0.7696427939049215,4943,0,1,0,1,1,1.2,1.9,2025-Jan-30-22:18:41.342670
0.8747448491733278,4944,0,1,0,0,0,0.0,0.0,2025-Jan-30-22:18:41.373834
0.8747448491733278,4945,0,1,0,0,0,0.0,0.0,2025-Jan-30-22:18:41.403882
0.7696426655950808,4946,0,1,0,1,1,0.8,1.8,2025-Jan-30-22:18:41.453659
0.8747448491733278,4947,0,1,0,0,0,0.0,0.0,2025-Jan-30-22:18:41.485090
0.8747448491733278,4948,0,1,0,0,0,0.0,0.0,2025-Jan-30-22:18:41.515801
0.7887685538530624,4949,0,1,0,1,1,0.2,1.8,2025-Jan-30-22:18:41.557708
0.8747448491733278,4950,0,1,0,0,0,0.0,0.0,2025-Jan-30-22:18:41.589704
0.8583309364428877,4951,3,1,0,0,1,0.0,0.1,2025-Jan-30-22:18:41.620705
0.806388912974104,4952,0,1,0,1,1,1.4,0.1,2025-Jan-30-22:18:41.662445
0.8747448491733278,4953,0,1,0,0,0,0.0,0.0,2025-Jan-30-22:18:41.693004
0.8522123351704443,4954,0,1,0,1,-1,0.4,0.0,2025-Jan-30-22:18:41.750889
0.7696423393264371,4955,0,1,0,1,1,0.7,1.8,2025-Jan-30-22:18:41.853411
0.8747448491733278,4956,0,1,0,0,0,0.0,0.0,2025-Jan-30-22:18:41.920258
0.7696416860725436,4957,0,1,0,1,1,0.5,1.8,2025-Jan-30-22:18:41.971337
0.8747448491733278,4958,0,1,0,0,0,0.0,0.0,2025-Jan-30-22:18:42.000833
0.7735409271196878,4959,1,1,0,1,1,0.9,0.3,2025-Jan-30-22:18:42.043001
0.8522123351704443,4960,0,1,0,1,-1,0.4,0.0,2025-Jan-30-22:18:42.088498
0.8522121878885919,4961,0,1,0,1,-1,0.6,0.0,2025-Jan-30-22:18:42.135219
0.7696416860725436,4962,0,1,0,1,1,0.5,1.8,2025-Jan-30-22:18:42.183454
0.7696416860725436,4963,0,1,0,1,1,0.5,1.8,2025-Jan-30-22:18:42.235443
0.8747448491733278,4964,0,1,0,0,0,0.0,0.0,2025-Jan-30-22:18:42.267046
0.8747448491733278,4965,0,1,0,0,0,0.0,0.0,2025-Jan-30-22:18:42.295045
0.7696413614151126,4966,0,1,0,1,1,0.4,1.8,2025-Jan-30-22:18:42.356286
0.8747448491733278,4967,0,1,0,0,0,0.0,0.0,2025-Jan-30-22:18:42.387031
0.8747448491733278,4968,0,1,0,0,0,0.0,0.0,2025-Jan-30-22:18:42.422976
1.7847013123335898,4969,6,1,0,0,1,0.0,0.1,2025-Jan-30-22:18:42.456888
0.7696401633521235,4970,0,1,0,1,1,0.4,1.9,2025-Jan-30-22:18:42.503950
0.7696404886871971,4971,0,1,0,1,1,0.5,1.9,2025-Jan-30-22:18:42.557976
0.8227994271709741,4972,5,1,0,1,1,0.4,1.9,2025-Jan-30-22:18:42.601074
0.8215848872244257,4973,1,1,0,0,1,0.0,1.9,2025-Jan-30-22:18:42.643437
0.8215848872244257,4974,1,1,0,0,1,0.0,1.9,2025-Jan-30-22:18:42.684559
0.7696416860725436,4975,0,1,0,1,1,0.5,1.8,2025-Jan-30-22:18:42.734980
0.8215848872244257,4976,1,1,0,0,1,0.0,1.9,2025-Jan-30-22:18:42.819536
0.821584887530485,4977,0,1,0,0,1,0.0,1.9,2025-Jan-30-22:18:42.909040
0.8379922013517476,4978,1,1,0,1,-1,0.3,0.0,2025-Jan-30-22:18:42.949664
0.8215848872244257,4979,1,1,0,0,1,0.0,1.9,2025-Jan-30-22:18:42.992776
1.5328059641188467,4980,8,1,1,1,1,1.9,0.1,2025-Jan-30-22:18:43.036176
0.8051762184740605,4981,1,1,0,1,1,0.1,1.9,2025-Jan-30-22:18:43.079264
0.8215848872244257,4982,1,1,0,0,1,0.0,1.9,2025-Jan-30-22:18:43.128451
0.8215848872244257,4983,1,1,0,0,1,0.0,1.9,2025-Jan-30-22:18:43.177251
0.7696401630307209,4984,1,1,0,1,1,0.4,1.9,2025-Jan-30-22:18:43.231391
0.8747448491733278,4985,0,1,0,0,0,0.0,0.0,2025-Jan-30-22:18:43.260940
0.8215848872244257,4986,1,1,0,0,1,0.0,1.9,2025-Jan-30-22:18:43.302498
0.8215848872244257,4987,1,1,0,0,1,0.0,1.9,2025-Jan-30-22:18:43.344106
0.8215848878363071,4988,2,1,0,0,1,0.0,1.9,2025-Jan-30-22:18:43.383923
0.8881494605956468,4989,0,1,0,0,-1,0.0,0.0,2025-Jan-30-22:18:43.420831
0.7696404886871971,4990,0,1,0,1,1,0.5,1.9,2025-Jan-30-22:18:43.471742
0.7696480099822414,4991,0,1,0,1,1,0.6,1.3,2025-Jan-30-22:18:43.520980
0.7887769673975034,4992,0,1,0,1,1,0.2,1.1,2025-Jan-30-22:18:43.562893
0.8228000423106971,4993,5,1,0,1,1,0.8,1.9,2025-Jan-30-22:18:43.604482
0.8255177569756563,4994,1,1,0,1,0,0.3,0.0,2025-Jan-30-22:18:43.635492
0.8215848872244257,4995,1,1,0,0,1,0.0,1.9,2025-Jan-30-22:18:43.678458
0.8215848872244257,4996,1,1,0,0,1,0.0,1.9,2025-Jan-30-22:18:43.718980
0.8051762184740605,4997,1,1,0,1,1,0.1,1.9,2025-Jan-30-22:18:43.771092
0.8215848875302478,4998,3,1,0,0,1,0.0,1.9,2025-Jan-30-22:18:43.931904
0.8215848872244257,4999,1,1,0,0,1,0.0,1.9,2025-Jan-30-22:18:44.012344
0.7696401633521235,5000,0,1,0,1,1,0.4,1.9,2025-Jan-30-22:18:44.070603
0.7696408147459626,5001,0,1,0,1,1,0.6,1.9,2025-Jan-30-22:18:44.123339
0.821584887530485,5002,0,1,0,0,1,0.0,1.9,2025-Jan-30-22:18:44.164609
0.821584887530485,5003,0,1,0,0,1,0.0,1.9,2025-Jan-30-22:18:44.206976
0.8215848872244257,5004,1,1,0,0,1,0.0,1.9,2025-Jan-30-22:18:44.249474
0.8215848878363071,5005,2,1,0,0,1,0.0,1.9,2025-Jan-30-22:18:44.290558
0.8215848872244257,5006,1,1,0,0,1,0.0,1.9,2025-Jan-30-22:18:44.332698
0.8522121878885919,5007,0,1,0,1,-1,0.6,0.0,2025-Jan-30-22:18:44.389862
0.8215848872244257,5008,1,1,0,0,1,0.0,1.9,2025-Jan-30-22:18:44.438574
0.8051762184740605,5009,1,1,0,1,1,0.1,1.9,2025-Jan-30-22:18:44.478027
0.8881494605956468,5010,0,1,0,0,-1,0.0,0.0,2025-Jan-30-22:18:44.518494
0.8549308784196177,5011,0,1,0,1,-1,0.3,0.0,2025-Jan-30-22:18:44.556948
0.8227997491403438,5012,0,1,0,1,0,0.6,0.0,2025-Jan-30-22:18:44.596954
0.7696404886871971,5013,0,1,0,1,1,0.5,1.9,2025-Jan-30-22:18:44.651407
0.8215884859356728,5014,0,1,0,0,1,0.0,1.6,2025-Jan-30-22:18:44.694033
0.8583360106420266,5015,1,1,0,1,0,0.1,0.0,2025-Jan-30-22:18:44.724045
0.7696401630307209,5016,1,1,0,1,1,0.4,1.9,2025-Jan-30-22:18:44.783242
0.7696401633521235,5017,0,1,0,1,1,0.4,1.9,2025-Jan-30-22:18:44.889914
0.821584887530485,5018,0,1,0,0,1,0.0,1.9,2025-Jan-30-22:18:44.966182
0.8255177572805873,5019,0,1,0,1,0,0.3,0.0,2025-Jan-30-22:18:44.998712
0.7696404886871971,5020,0,1,0,1,1,0.5,1.9,2025-Jan-30-22:18:45.049011
0.7696401633521235,5021,0,1,0,1,1,0.4,1.9,2025-Jan-30-22:18:45.100588
0.8522059267878213,5022,0,1,0,-1,1,0.0,1.9,2025-Jan-30-22:18:45.152846
1.5847461296567011,5023,2,1,1,0,0,0.0,0.0,2025-Jan-30-22:18:45.187468
0.8747448491733278,5024,0,1,0,0,0,0.0,0.0,2025-Jan-30-22:18:45.219542
0.7696404886871971,5025,0,1,0,1,1,0.5,1.9,2025-Jan-30-22:18:45.268415
0.7696408144245557,5026,1,1,0,1,1,0.6,1.9,2025-Jan-30-22:18:45.320114
0.8747448491733278,5027,0,1,0,0,0,0.0,0.0,2025-Jan-30-22:18:45.349537
0.8747448491733278,5028,0,1,0,0,0,0.0,0.0,2025-Jan-30-22:18:45.379777
0.8051762187849656,5029,0,1,0,1,1,0.1,1.9,2025-Jan-30-22:18:45.420852
1.5163939575707568,5030,6,1,1,1,1,1.9,0.1,2025-Jan-30-22:18:45.463758
0.7696408147459626,5031,0,1,0,1,1,0.6,1.9,2025-Jan-30-22:18:45.514666
0.8747448491733278,5032,0,1,0,0,0,0.0,0.0,2025-Jan-30-22:18:45.546818
0.8215848872244257,5033,1,1,0,0,1,0.0,1.9,2025-Jan-30-22:18:45.590830
0.8215848878363071,5034,2,1,0,0,1,0.0,1.9,2025-Jan-30-22:18:45.632918
0.8747448491733278,5035,0,1,0,0,0,0.0,0.0,2025-Jan-30-22:18:45.662878
0.7696408147459626,5036,0,1,0,1,1,0.6,1.9,2025-Jan-30-22:18:45.713961
0.8063870404111411,5037,0,1,0,1,1,0.6,0.1,2025-Jan-30-22:18:45.764161
0.7696408147459626,5038,0,1,0,1,1,0.6,1.9,2025-Jan-30-22:18:45.872132
0.7696408147459626,5039,0,1,0,1,1,0.6,1.9,2025-Jan-30-22:18:45.960385
0.7696408147459626,5040,0,1,0,1,1,0.6,1.9,2025-Jan-30-22:18:46.006453
0.858330921029139,5041,3,1,0,1,1,1.4,0.1,2025-Jan-30-22:18:46.038919
0.8227999025777923,5042,0,1,0,1,0,0.7,0.0,2025-Jan-30-22:18:46.077463
0.8747448491733278,5043,0,1,0,0,0,0.0,0.0,2025-Jan-30-22:18:46.111377
0.7696421298155003,5044,0,1,0,1,1,1.0,1.9,2025-Jan-30-22:18:46.162879
0.9053633749819754,5045,0,1,0,-1,0,0.0,0.0,2025-Jan-30-22:18:46.198071
0.8747448491733278,5046,0,1,0,0,0,0.0,0.0,2025-Jan-30-22:18:46.228909
0.8215884856296031,5047,1,1,0,0,1,0.0,1.6,2025-Jan-30-22:18:46.271205
0.8747448491733278,5048,0,1,0,0,0,0.0,0.0,2025-Jan-30-22:18:46.300354
0.8747448491733278,5049,0,1,0,0,0,0.0,0.0,2025-Jan-30-22:18:46.329505
0.8215848872244257,5050,1,1,0,0,1,0.0,1.9,2025-Jan-30-22:18:46.370586
0.8747448491733278,5051,0,1,0,0,0,0.0,0.0,2025-Jan-30-22:18:46.400400
0.8747448491733278,5052,0,1,0,0,0,0.0,0.0,2025-Jan-30-22:18:46.430945
0.8747448491733278,5053,0,1,0,0,0,0.0,0.0,2025-Jan-30-22:18:46.537391
0.769642012136156,5054,0,1,0,1,1,0.6,1.8,2025-Jan-30-22:18:46.586138
0.8747448491733278,5055,0,1,0,0,0,0.0,0.0,2025-Jan-30-22:18:46.616556
0.8747448491733278,5056,0,1,0,0,0,0.0,0.0,2025-Jan-30-22:18:46.646457
0.8522121878885919,5057,0,1,0,1,-1,0.6,0.0,2025-Jan-30-22:18:46.694628
0.7696495392055607,5058,0,1,0,1,1,0.7,1.2,2025-Jan-30-22:18:46.747770
1.5683322169346716,5059,2,1,1,0,1,0.0,0.1,2025-Jan-30-22:18:46.824110
0.9053633749819754,5060,0,1,0,-1,0,0.0,0.0,2025-Jan-30-22:18:46.907046
0.7696401633521235,5061,0,1,0,1,1,0.4,1.9,2025-Jan-30-22:18:46.974945
0.8747448491733278,5062,0,1,0,0,0,0.0,0.0,2025-Jan-30-22:18:47.005294
0.7696401633521235,5063,0,1,0,1,1,0.4,1.9,2025-Jan-30-22:18:47.056678
0.8419269785380258,5064,0,1,0,1,0,0.2,0.0,2025-Jan-30-22:18:47.086965
0.7696408147459626,5065,0,1,0,1,1,0.6,1.9,2025-Jan-30-22:18:47.133959
0.8215848878363071,5066,2,1,0,0,1,0.0,1.9,2025-Jan-30-22:18:47.174303
0.8583309364430844,5067,0,1,0,0,1,0.0,0.1,2025-Jan-30-22:18:47.206557
0.8747448491733278,5068,0,1,0,0,0,0.0,0.0,2025-Jan-30-22:18:47.239365
0.9053633752635563,5069,4,1,0,-1,0,0.0,0.0,2025-Jan-30-22:18:47.278651
0.7696404886871971,5070,0,1,0,1,1,0.5,1.9,2025-Jan-30-22:18:47.325447
0.821584887530485,5071,0,1,0,0,1,0.0,1.9,2025-Jan-30-22:18:47.366030
0.8215848875302478,5072,3,1,0,0,1,0.0,1.9,2025-Jan-30-22:18:47.408302
0.7696411421066351,5073,0,1,0,1,1,0.7,1.9,2025-Jan-30-22:18:47.457748
0.8051846289039328,5074,0,1,0,1,1,0.1,1.2,2025-Jan-30-22:18:47.499863
0.8522059267878213,5075,0,1,0,-1,1,0.0,1.9,2025-Jan-30-22:18:47.545919
0.8747448491733278,5076,0,1,0,0,0,0.0,0.0,2025-Jan-30-22:18:47.574704
0.822799580609549,5077,4,1,0,1,1,0.5,1.9,2025-Jan-30-22:18:47.615748
0.8215848872244257,5078,1,1,0,0,1,0.0,1.9,2025-Jan-30-22:18:47.658411
0.8522121878885919,5079,0,1,0,1,-1,0.6,0.0,2025-Jan-30-22:18:47.706197
0.7943549321717716,5080,0,1,0,1,1,1.9,1.9,2025-Jan-30-22:18:47.746044
0.8522120401631679,5081,0,1,0,1,-1,0.8,0.0,2025-Jan-30-22:18:47.817875
0.8881494605956468,5082,0,1,0,0,-1,0.0,0.0,2025-Jan-30-22:18:47.902539
0.7696401630307209,5083,1,1,0,1,1,0.4,1.9,2025-Jan-30-22:18:47.977535
0.7696401630307209,5084,1,1,0,1,1,0.4,1.9,2025-Jan-30-22:18:48.028565
0.7696434605316012,5085,1,1,0,1,1,1.4,1.9,2025-Jan-30-22:18:48.081760
0.821584887530485,5086,0,1,0,0,1,0.0,1.9,2025-Jan-30-22:18:48.121976
0.8215848872244257,5087,1,1,0,0,1,0.0,1.9,2025-Jan-30-22:18:48.163053
0.8215848872244257,5088,1,1,0,0,1,0.0,1.9,2025-Jan-30-22:18:48.217091
0.8215848872244257,5089,1,1,0,0,1,0.0,1.9,2025-Jan-30-22:18:48.259379
0.8215848878363071,5090,2,1,0,0,1,0.0,1.9,2025-Jan-30-22:18:48.302266
0.8215848872244257,5091,1,1,0,0,1,0.0,1.9,2025-Jan-30-22:18:48.346302
0.8215848732251329,5092,2,1,0,1,1,0.3,1.9,2025-Jan-30-22:18:48.389006
0.8215848878363071,5093,2,1,0,0,1,0.0,1.9,2025-Jan-30-22:18:48.428261
0.7696401633521235,5094,0,1,0,1,1,0.4,1.9,2025-Jan-30-22:18:48.479969
0.7913430163482258,5095,1,1,0,1,1,1.7,1.7,2025-Jan-30-22:18:48.524712
0.7696417991278623,5096,0,1,0,1,1,0.9,1.9,2025-Jan-30-22:18:48.575072
0.7696589352828362,5097,1,1,0,1,1,0.8,0.5,2025-Jan-30-22:18:48.623746
1.7847012837492984,5098,8,1,0,0,1,0.0,1.9,2025-Jan-30-22:18:48.657879
0.7696401633521235,5099,0,1,0,1,1,0.4,1.9,2025-Jan-30-22:18:48.708032
0.7696401630307209,5100,1,1,0,1,1,0.4,1.9,2025-Jan-30-22:18:48.763048
0.7696401630307209,5101,1,1,0,1,1,0.4,1.9,2025-Jan-30-22:18:48.866884
0.7696492141574008,5102,0,1,0,1,1,0.6,1.2,2025-Jan-30-22:18:48.955281
0.8215848875302478,5103,3,1,0,0,1,0.0,1.9,2025-Jan-30-22:18:48.994958
0.8215848872244257,5104,1,1,0,0,1,0.0,1.9,2025-Jan-30-22:18:49.033649
0.8522120401631679,5105,0,1,0,1,-1,0.8,0.0,2025-Jan-30-22:18:49.081912
0.821584887530485,5106,0,1,0,0,1,0.0,1.9,2025-Jan-30-22:18:49.121565
0.8522122614503109,5107,0,1,0,1,-1,0.5,0.0,2025-Jan-30-22:18:49.170245
0.7696519460366589,5108,0,1,0,1,1,0.7,1.0,2025-Jan-30-22:18:49.218988
0.821584887530485,5109,0,1,0,0,1,0.0,1.9,2025-Jan-30-22:18:49.258709
0.8215848872244257,5110,1,1,0,0,1,0.0,1.9,2025-Jan-30-22:18:49.299225
0.821584887530485,5111,0,1,0,0,1,0.0,1.9,2025-Jan-30-22:18:49.341159
0.7696401630307209,5112,1,1,0,1,1,0.4,1.9,2025-Jan-30-22:18:49.394207
0.8747448491731491,5113,5,1,0,0,0,0.0,0.0,2025-Jan-30-22:18:49.422470
0.8215848878363071,5114,2,1,0,0,1,0.0,1.9,2025-Jan-30-22:18:49.462312
0.7696404886871971,5115,0,1,0,1,1,0.5,1.9,2025-Jan-30-22:18:49.510819
0.7696401630307209,5116,1,1,0,1,1,0.4,1.9,2025-Jan-30-22:18:49.565043
0.8215848875302478,5117,3,1,0,0,1,0.0,1.9,2025-Jan-30-22:18:49.605091
0.8522123351704443,5118,0,1,0,1,-1,0.4,0.0,2025-Jan-30-22:18:49.651337
0.8522122614503109,5119,0,1,0,1,-1,0.5,0.0,2025-Jan-30-22:18:49.702773
0.8215848872244257,5120,1,1,0,0,1,0.0,1.9,2025-Jan-30-22:18:49.742282
0.8747448491733278,5121,0,1,0,0,0,0.0,0.0,2025-Jan-30-22:18:49.783809
0.9053633749819754,5122,0,1,0,-1,0,0.0,0.0,2025-Jan-30-22:18:49.879522
0.7696404886871971,5123,0,1,0,1,1,0.5,1.9,2025-Jan-30-22:18:49.973686
0.7696556188504242,5124,1,1,0,1,1,0.7,0.7,2025-Jan-30-22:18:50.024179
0.9053633749819754,5125,0,1,0,-1,0,0.0,0.0,2025-Jan-30-22:18:50.137255
0.8522120398658258,5126,1,1,0,1,-1,0.8,0.0,2025-Jan-30-22:18:50.186461
0.8747448491733278,5127,0,1,0,0,0,0.0,0.0,2025-Jan-30-22:18:50.216832
0.8255177572805873,5128,0,1,0,1,0,0.3,0.0,2025-Jan-30-22:18:50.249022
0.8747448491733278,5129,0,1,0,0,0,0.0,0.0,2025-Jan-30-22:18:50.278997
0.821589687977737,5130,1,1,0,0,1,0.0,1.5,2025-Jan-30-22:18:50.320350
0.7696411421066351,5131,0,1,0,1,1,0.7,1.9,2025-Jan-30-22:18:50.370399
0.8747448491733278,5132,0,1,0,0,0,0.0,0.0,2025-Jan-30-22:18:50.400875
0.8747448491733278,5133,0,1,0,0,0,0.0,0.0,2025-Jan-30-22:18:50.430119
0.8747448491733278,5134,0,1,0,0,0,0.0,0.0,2025-Jan-30-22:18:50.460155
0.7696441316997428,5135,1,1,0,1,1,1.6,1.9,2025-Jan-30-22:18:50.511592
0.8747448488829315,5136,1,1,0,0,0,0.0,0.0,2025-Jan-30-22:18:50.542443
0.8747448491733278,5137,0,1,0,0,0,0.0,0.0,2025-Jan-30-22:18:50.573467
0.7696411421066351,5138,0,1,0,1,1,0.7,1.9,2025-Jan-30-22:18:50.624472
0.7696404886871971,5139,0,1,0,1,1,0.5,1.9,2025-Jan-30-22:18:50.682758
1.584746129656701,5140,4,1,1,0,0,0.0,0.0,2025-Jan-30-22:18:50.712997
0.8747448491733278,5141,0,1,0,0,0,0.0,0.0,2025-Jan-30-22:18:50.743870
0.8747448491733278,5142,0,1,0,0,0,0.0,0.0,2025-Jan-30-22:18:50.790988
0.8747448491733278,5143,0,1,0,0,0,0.0,0.0,2025-Jan-30-22:18:50.869859
0.8747448491733278,5144,0,1,0,0,0,0.0,0.0,2025-Jan-30-22:18:50.947066
0.8747448488829315,5145,1,1,0,0,0,0.0,0.0,2025-Jan-30-22:18:50.979662
0.7696401633521235,5146,0,1,0,1,1,0.4,1.9,2025-Jan-30-22:18:51.027242
0.7696445232800888,5147,0,1,0,1,1,1.0,1.7,2025-Jan-30-22:18:51.081983
0.7696404886871971,5148,0,1,0,1,1,0.5,1.9,2025-Jan-30-22:18:51.131106
0.8747448491733278,5149,0,1,0,0,0,0.0,0.0,2025-Jan-30-22:18:51.162734
0.8215848872244257,5150,1,1,0,0,1,0.0,1.9,2025-Jan-30-22:18:51.205828
0.8215848878363071,5151,2,1,0,0,1,0.0,1.9,2025-Jan-30-22:18:51.247139
0.7696534765973899,5152,1,1,0,1,1,0.8,0.9,2025-Jan-30-22:18:51.296442
0.7696408147459626,5153,0,1,0,1,1,0.6,1.9,2025-Jan-30-22:18:51.345692
0.8747448491733278,5154,0,1,0,0,0,0.0,0.0,2025-Jan-30-22:18:51.377251
0.8747448491733278,5155,0,1,0,0,0,0.0,0.0,2025-Jan-30-22:18:51.407212
0.8747448491733278,5156,0,1,0,0,0,0.0,0.0,2025-Jan-30-22:18:51.440530
0.8522122614503109,5157,0,1,0,1,-1,0.5,0.0,2025-Jan-30-22:18:51.492221
0.8747448491733278,5158,0,1,0,0,0,0.0,0.0,2025-Jan-30-22:18:51.523085
1.5683322169346716,5159,2,1,1,0,1,0.0,0.1,2025-Jan-30-22:18:51.552500
0.8352227743596958,5160,0,1,0,1,-1,0.7,0.0,2025-Jan-30-22:18:51.598844
1.5519282587379177,5161,0,1,1,1,0,0.2,0.0,2025-Jan-30-22:18:51.627888
0.8747448491733278,5162,0,1,0,0,0,0.0,0.0,2025-Jan-30-22:18:51.659328
0.7887673553272392,5163,0,1,0,1,1,0.2,1.9,2025-Jan-30-22:18:51.700865
0.7696537115916247,5164,0,1,0,1,1,0.5,0.8,2025-Jan-30-22:18:51.755153
1.584746133406935,5165,2,1,1,-1,0,0.0,0.0,2025-Jan-30-22:18:51.837742
0.8747448491733278,5166,0,1,0,0,0,0.0,0.0,2025-Jan-30-22:18:51.913650
0.7723583027757279,5167,0,1,0,1,1,0.3,1.9,2025-Jan-30-22:18:51.967211
0.9053633749819754,5168,0,1,0,-1,0,0.0,0.0,2025-Jan-30-22:18:52.005480
0.8227995955819274,5169,0,1,0,1,0,0.5,0.0,2025-Jan-30-22:18:52.047603
0.8215848872244257,5170,1,1,0,0,1,0.0,1.9,2025-Jan-30-22:18:52.085286
0.8215848732519627,5171,2,1,0,1,1,0.4,1.9,2025-Jan-30-22:18:52.127165
0.8215848872244257,5172,1,1,0,0,1,0.0,1.9,2025-Jan-30-22:18:52.179390
0.8215848875302478,5173,3,1,0,0,1,0.0,1.9,2025-Jan-30-22:18:52.220862
0.7696492138359696,5174,1,1,0,1,1,0.6,1.2,2025-Jan-30-22:18:52.270292
0.8215848878363071,5175,2,1,0,0,1,0.0,1.9,2025-Jan-30-22:18:52.310898
0.8215848872244257,5176,1,1,0,0,1,0.0,1.9,2025-Jan-30-22:18:52.350970
0.8215848878363071,5177,2,1,0,0,1,0.0,1.9,2025-Jan-30-22:18:52.393155
0.888149460778483,5178,2,1,0,0,-1,0.0,0.0,2025-Jan-30-22:18:52.429937
0.9041586457104427,5179,1,1,0,0,-1,0.0,0.0,2025-Jan-30-22:18:52.467194
0.8051762184740605,5180,1,1,0,1,1,0.1,1.9,2025-Jan-30-22:18:52.508221
0.8215848872244257,5181,1,1,0,0,1,0.0,1.9,2025-Jan-30-22:18:52.551058
1.7847012822924158,5182,8,1,0,0,0,0.0,0.0,2025-Jan-30-22:18:52.584951
0.7696401633521235,5183,0,1,0,1,1,0.4,1.9,2025-Jan-30-22:18:52.634988
0.7696401630307209,5184,1,1,0,1,1,0.4,1.9,2025-Jan-30-22:18:52.688956
0.8051762184740605,5185,1,1,0,1,1,0.1,1.9,2025-Jan-30-22:18:52.730103
0.8215848872244257,5186,1,1,0,0,1,0.0,1.9,2025-Jan-30-22:18:52.864739
0.821584887530485,5187,0,1,0,0,1,0.0,1.9,2025-Jan-30-22:18:52.953762
0.8877495822518107,5188,0,1,0,1,-1,0.1,0.0,2025-Jan-30-22:18:53.016731
0.7696401633521235,5189,0,1,0,1,1,0.4,1.9,2025-Jan-30-22:18:53.071371
0.8881494605956468,5190,0,1,0,0,-1,0.0,0.0,2025-Jan-30-22:18:53.109485
0.8215848872244257,5191,1,1,0,0,1,0.0,1.9,2025-Jan-30-22:18:53.162979
0.7696404883657924,5192,1,1,0,1,1,0.5,1.9,2025-Jan-30-22:18:53.217774
0.821584887530485,5193,0,1,0,0,1,0.0,1.9,2025-Jan-30-22:18:53.260508
0.8215848878363071,5194,2,1,0,0,1,0.0,1.9,2025-Jan-30-22:18:53.300772
0.8215848872244257,5195,1,1,0,0,1,0.0,1.9,2025-Jan-30-22:18:53.340313
0.8215848878363071,5196,2,1,0,0,1,0.0,1.9,2025-Jan-30-22:18:53.381306
0.8215848878363071,5197,2,1,0,0,1,0.0,1.9,2025-Jan-30-22:18:53.422191
0.8522059267878213,5198,0,1,0,-1,1,0.0,1.9,2025-Jan-30-22:18:53.478144
0.8215848872244257,5199,1,1,0,0,1,0.0,1.9,2025-Jan-30-22:18:53.521222
0.7696401630307209,5200,1,1,0,1,1,0.4,1.9,2025-Jan-30-22:18:53.574941
0.7696401630307209,5201,1,1,0,1,1,0.4,1.9,2025-Jan-30-22:18:53.626419
0.8051822212909672,5202,0,1,0,1,1,0.1,1.4,2025-Jan-30-22:18:53.668476
0.7696401630307209,5203,1,1,0,1,1,0.4,1.9,2025-Jan-30-22:18:53.719353
0.8215848872244257,5204,1,1,0,0,1,0.0,1.9,2025-Jan-30-22:18:53.760147
0.8352230929741524,5205,0,1,0,1,-1,1.0,0.0,2025-Jan-30-22:18:53.809242
0.8215848872244257,5206,1,1,0,0,1,0.0,1.9,2025-Jan-30-22:18:53.872096
0.7696401633521235,5207,0,1,0,1,1,0.4,1.9,2025-Jan-30-22:18:53.975348
0.8215848872244257,5208,1,1,0,0,1,0.0,1.9,2025-Jan-30-22:18:54.032741
0.7696401630307209,5209,1,1,0,1,1,0.4,1.9,2025-Jan-30-22:18:54.086135
0.7696401633521235,5210,0,1,0,1,1,0.4,1.9,2025-Jan-30-22:18:54.136203
0.7696401633521235,5211,0,1,0,1,1,0.4,1.9,2025-Jan-30-22:18:54.189329
0.7696401633521235,5212,0,1,0,1,1,0.4,1.9,2025-Jan-30-22:18:54.240330
0.8215848872244257,5213,1,1,0,0,1,0.0,1.9,2025-Jan-30-22:18:54.284490
0.8215848878363071,5214,2,1,0,0,1,0.0,1.9,2025-Jan-30-22:18:54.327495
0.7696401633521235,5215,0,1,0,1,1,0.4,1.9,2025-Jan-30-22:18:54.379017
0.7696401630307209,5216,1,1,0,1,1,0.4,1.9,2025-Jan-30-22:18:54.428773
0.7696401630307209,5217,1,1,0,1,1,0.4,1.9,2025-Jan-30-22:18:54.479551
0.8215848872244257,5218,1,1,0,0,1,0.0,1.9,2025-Jan-30-22:18:54.521108
