Cost,Sim,Switch_State_Indx,Gen1_on,Gen2_on,Batt1_mode,Batt2_mode,Batt1_power_kW,Batt2_power_kW,Timestamp
0.9053633752635563,2265,4,1,0,-1,0,0.0,0.0,2025-Jan-30-22:16:50.976822
1.784701313454272,2266,7,1,0,-1,0,0.0,0.0,2025-Jan-30-22:16:51.012479
1.5315471318860974,2267,3,1,1,-1,1,0.0,1.0,2025-Jan-30-22:16:51.050889
1.5847461296567011,2268,2,1,1,0,0,0.0,0.0,2025-Jan-30-22:16:51.079825
0.8747448491731491,2269,5,1,0,0,0,0.0,0.0,2025-Jan-30-22:16:51.112095
1.5519079605364838,2270,0,1,1,0,1,0.0,0.2,2025-Jan-30-22:16:51.140310
1.7847013134538594,2271,8,1,0,0,-1,0.0,0.0,2025-Jan-30-22:16:51.238772
1.5847019539472484,2272,1,1,1,0,0,0.0,0.0,2025-Jan-30-22:16:51.272280
0.8747448494635456,2273,4,1,0,0,0,0.0,0.0,2025-Jan-30-22:16:51.309628
1.6141220391618645,2274,3,1,1,0,-1,0.0,0.0,2025-Jan-30-22:16:51.345390
1.530986996195459,2275,7,1,0,0,-1,0.0,0.0,2025-Jan-30-22:16:51.386500
1.7847012822924566,2276,7,1,0,0,0,0.0,0.0,2025-Jan-30-22:16:51.418386
0.8747448494635457,2277,2,1,0,0,0,0.0,0.0,2025-Jan-30-22:16:51.448902
0.8747448494635456,2278,4,1,0,0,0,0.0,0.0,2025-Jan-30-22:16:51.486363
1.6293672338323564,2279,6,1,1,-1,-1,0.0,0.0,2025-Jan-30-22:16:51.532032
0.822800520254056,2280,5,1,0,1,0,1.1,0.0,2025-Jan-30-22:16:51.577279
1.5309869961954488,2281,6,1,0,0,-1,0.0,0.0,2025-Jan-30-22:16:51.672597
1.5328028795284905,2282,4,1,1,1,1,1.8,0.6,2025-Jan-30-22:16:51.760833
1.5683344506286605,2283,7,1,1,-1,1,0.0,0.1,2025-Jan-30-22:16:51.796902
0.8747448532137795,2284,2,1,0,-1,0,0.0,0.0,2025-Jan-30-22:16:51.829916
1.614159930101928,2285,2,1,1,-1,-1,0.0,0.0,2025-Jan-30-22:16:51.871705
1.810612611665836,2286,6,1,0,-1,1,0.0,1.8,2025-Jan-30-22:16:51.912046
1.6153667297259997,2287,6,1,1,-1,0,0.0,0.0,2025-Jan-30-22:16:51.949701
0.8747448529233829,2288,3,1,0,-1,0,0.0,0.0,2025-Jan-30-22:16:51.980806
1.5355190374838559,2289,0,1,1,1,0,0.3,0.0,2025-Jan-30-22:16:52.010950
0.8747448488829315,2290,1,1,0,0,0,0.0,0.0,2025-Jan-30-22:16:52.042943
1.5322869961950398,2291,8,1,0,-1,0,0.0,0.0,2025-Jan-30-22:16:52.079225
1.6766666666666665,2292,1,1,1,1,1,0.4,1.2,2025-Jan-30-22:16:52.137665
1.615364639988439,2293,4,1,1,-1,1,0.0,1.2,2025-Jan-30-22:16:52.179251
0.8747448488829315,2294,1,1,0,0,0,0.0,0.0,2025-Jan-30-22:16:52.210734
0.8216005477689453,2295,2,1,0,0,1,0.0,0.6,2025-Jan-30-22:16:52.279302
1.7847012786108891,2296,7,1,0,1,0,0.9,0.0,2025-Jan-30-22:16:52.315771
0.8747448341656374,2297,5,1,0,0,1,0.0,1.6,2025-Jan-30-22:16:52.351426
0.8215932998667367,2298,0,1,0,0,1,0.0,1.2,2025-Jan-30-22:16:52.391671
1.6141623215270673,2299,7,1,1,0,-1,0.0,0.0,2025-Jan-30-22:16:52.428426
1.6141220391618645,2300,3,1,1,0,-1,0.0,0.0,2025-Jan-30-22:16:52.474327
0.8215884862415055,2301,2,1,0,0,1,0.0,1.6,2025-Jan-30-22:16:52.520929
1.7847013134538594,2302,8,1,0,0,-1,0.0,0.0,2025-Jan-30-22:16:52.552137
1.5847019540923193,2303,3,1,1,0,0,0.0,0.0,2025-Jan-30-22:16:52.580559
0.8522086606808988,2304,0,1,0,-1,1,0.0,1.7,2025-Jan-30-22:16:52.685586
0.8583309213010181,2305,2,1,0,1,1,1.5,0.1,2025-Jan-30-22:16:52.766569
0.8215969191615606,2306,3,1,0,0,1,0.0,0.9,2025-Jan-30-22:16:52.813369
0.8747448494635457,2307,2,1,0,0,0,0.0,0.0,2025-Jan-30-22:16:52.846354
1.584701955935984,2308,5,1,1,0,-1,0.0,0.0,2025-Jan-30-22:16:52.878927
1.7847012822924566,2309,7,1,0,0,0,0.0,0.0,2025-Jan-30-22:16:52.910349
1.5315880953991445,2310,7,1,1,1,1,0.8,1.9,2025-Jan-30-22:16:52.959913
1.6153224768286112,2311,5,1,1,-1,1,0.0,0.4,2025-Jan-30-22:16:53.001249
1.7847012822924158,2312,8,1,0,0,0,0.0,0.0,2025-Jan-30-22:16:53.039828
1.5847019540919232,2313,5,1,1,0,0,0.0,0.0,2025-Jan-30-22:16:53.080391
0.8549308784196177,2314,0,1,0,1,-1,0.3,0.0,2025-Jan-30-22:16:53.119191
1.5847019540923193,2315,3,1,1,0,0,0.0,0.0,2025-Jan-30-22:16:53.151668
1.7847012837492984,2316,8,1,0,0,1,0.0,1.9,2025-Jan-30-22:16:53.183520
1.7847012837492984,2317,8,1,0,0,1,0.0,1.9,2025-Jan-30-22:16:53.217565
0.8747448491731491,2318,3,1,0,0,0,0.0,0.0,2025-Jan-30-22:16:53.248246
1.7847012837492984,2319,8,1,0,0,1,0.0,1.9,2025-Jan-30-22:16:53.279502
0.8215848875302478,2320,3,1,0,0,1,0.0,1.9,2025-Jan-30-22:16:53.318465
0.8215848878363071,2321,2,1,0,0,1,0.0,1.9,2025-Jan-30-22:16:53.357793
0.8747448494635457,2322,2,1,0,0,0,0.0,0.0,2025-Jan-30-22:16:53.447791
0.888149460778483,2323,2,1,0,0,-1,0.0,0.0,2025-Jan-30-22:16:53.483207
0.9041586459923068,2324,3,1,0,0,-1,0.0,0.0,2025-Jan-30-22:16:53.517732
0.8747448491731491,2325,3,1,0,0,0,0.0,0.0,2025-Jan-30-22:16:53.546931
1.7847012837492984,2326,8,1,0,0,1,0.0,1.9,2025-Jan-30-22:16:53.580230
0.8747448491733278,2327,0,1,0,0,0,0.0,0.0,2025-Jan-30-22:16:53.664302
1.7847012822924158,2328,8,1,0,0,0,0.0,0.0,2025-Jan-30-22:16:53.745577
1.7847013134538594,2329,8,1,0,0,-1,0.0,0.0,2025-Jan-30-22:16:53.804717
0.8747448494635457,2330,2,1,0,0,0,0.0,0.0,2025-Jan-30-22:16:53.833469
0.888149460778483,2331,2,1,0,0,-1,0.0,0.0,2025-Jan-30-22:16:53.868915
0.8747448491731491,2332,3,1,0,0,0,0.0,0.0,2025-Jan-30-22:16:53.897966
0.8215860867791815,2333,3,1,0,0,1,0.0,1.8,2025-Jan-30-22:16:53.939874
0.8215860867791815,2334,3,1,0,0,1,0.0,1.8,2025-Jan-30-22:16:53.984211
0.8747448494635457,2335,2,1,0,0,0,0.0,0.0,2025-Jan-30-22:16:54.018423
0.8881494605956468,2336,0,1,0,0,-1,0.0,0.0,2025-Jan-30-22:16:54.054703
0.8215848878363071,2337,2,1,0,0,1,0.0,1.9,2025-Jan-30-22:16:54.101628
0.8747448494635457,2338,2,1,0,0,0,0.0,0.0,2025-Jan-30-22:16:54.130197
0.8747448494635457,2339,2,1,0,0,0,0.0,0.0,2025-Jan-30-22:16:54.160544
0.888149460778483,2340,2,1,0,0,-1,0.0,0.0,2025-Jan-30-22:16:54.196759
1.7847012822924158,2341,8,1,0,0,0,0.0,0.0,2025-Jan-30-22:16:54.231709
1.7847013134538594,2342,8,1,0,0,-1,0.0,0.0,2025-Jan-30-22:16:54.263237
0.8747448494635457,2343,2,1,0,0,0,0.0,0.0,2025-Jan-30-22:16:54.290643
1.7847012822924158,2344,8,1,0,0,0,0.0,0.0,2025-Jan-30-22:16:54.324039
0.8747448491733278,2345,0,1,0,0,0,0.0,0.0,2025-Jan-30-22:16:54.362037
1.7847012822924158,2346,8,1,0,0,0,0.0,0.0,2025-Jan-30-22:16:54.399801
0.9041586459923068,2347,3,1,0,0,-1,0.0,0.0,2025-Jan-30-22:16:54.437659
1.7847012822924158,2348,8,1,0,0,0,0.0,0.0,2025-Jan-30-22:16:54.469065
1.7847012822924158,2349,8,1,0,0,0,0.0,0.0,2025-Jan-30-22:16:54.500660
1.7847013134538594,2350,8,1,0,0,-1,0.0,0.0,2025-Jan-30-22:16:54.531557
0.8215860870852443,2351,2,1,0,0,1,0.0,1.8,2025-Jan-30-22:16:54.574432
1.7847012822924158,2352,8,1,0,0,0,0.0,0.0,2025-Jan-30-22:16:54.642404
0.8747448491731491,2353,3,1,0,0,0,0.0,0.0,2025-Jan-30-22:16:54.726069
1.7847012822924158,2354,8,1,0,0,0,0.0,0.0,2025-Jan-30-22:16:54.782598
0.8747448491733278,2355,0,1,0,0,0,0.0,0.0,2025-Jan-30-22:16:54.811629
0.8215848878363071,2356,2,1,0,0,1,0.0,1.9,2025-Jan-30-22:16:54.853255
0.8747448494635457,2357,2,1,0,0,0,0.0,0.0,2025-Jan-30-22:16:54.882264
1.7847012822924158,2358,8,1,0,0,0,0.0,0.0,2025-Jan-30-22:16:54.914608
1.7847012837492984,2359,8,1,0,0,1,0.0,1.9,2025-Jan-30-22:16:54.946356
0.8747448494635457,2360,2,1,0,0,0,0.0,0.0,2025-Jan-30-22:16:54.979349
1.7847012822924158,2361,8,1,0,0,0,0.0,0.0,2025-Jan-30-22:16:55.009754
0.888149460778483,2362,2,1,0,0,-1,0.0,0.0,2025-Jan-30-22:16:55.046471
1.7847012822924158,2363,8,1,0,0,0,0.0,0.0,2025-Jan-30-22:16:55.079158
0.8747448491731491,2364,3,1,0,0,0,0.0,0.0,2025-Jan-30-22:16:55.108353
0.8747448494635457,2365,2,1,0,0,0,0.0,0.0,2025-Jan-30-22:16:55.138577
0.8215848878363071,2366,2,1,0,0,1,0.0,1.9,2025-Jan-30-22:16:55.185159
0.8215848878363071,2367,2,1,0,0,1,0.0,1.9,2025-Jan-30-22:16:55.225129
0.8215848875302478,2368,3,1,0,0,1,0.0,1.9,2025-Jan-30-22:16:55.264849
0.8747448494635457,2369,2,1,0,0,0,0.0,0.0,2025-Jan-30-22:16:55.294738
0.8747448494635457,2370,2,1,0,0,0,0.0,0.0,2025-Jan-30-22:16:55.321975
0.8747448491731491,2371,3,1,0,0,0,0.0,0.0,2025-Jan-30-22:16:55.352202
0.888149460778483,2372,2,1,0,0,-1,0.0,0.0,2025-Jan-30-22:16:55.392758
1.7847012822924158,2373,8,1,0,0,0,0.0,0.0,2025-Jan-30-22:16:55.424300
1.7847012837492984,2374,8,1,0,0,1,0.0,1.9,2025-Jan-30-22:16:55.457856
0.8747448491731491,2375,3,1,0,0,0,0.0,0.0,2025-Jan-30-22:16:55.485751
0.8747448494635457,2376,2,1,0,0,0,0.0,0.0,2025-Jan-30-22:16:55.514656
0.888149460778483,2377,2,1,0,0,-1,0.0,0.0,2025-Jan-30-22:16:55.549923
0.8747448491731491,2378,3,1,0,0,0,0.0,0.0,2025-Jan-30-22:16:55.578944
1.7847012837492984,2379,8,1,0,0,1,0.0,1.9,2025-Jan-30-22:16:55.668913
0.8747448491731491,2380,3,1,0,0,0,0.0,0.0,2025-Jan-30-22:16:55.781749
0.8747448494635457,2381,2,1,0,0,0,0.0,0.0,2025-Jan-30-22:16:55.887618
0.888149460778483,2382,2,1,0,0,-1,0.0,0.0,2025-Jan-30-22:16:55.923415
1.7847012822924158,2383,8,1,0,0,0,0.0,0.0,2025-Jan-30-22:16:55.956165
1.7847012822924158,2384,8,1,0,0,0,0.0,0.0,2025-Jan-30-22:16:55.989304
1.7847013134538594,2385,8,1,0,0,-1,0.0,0.0,2025-Jan-30-22:16:56.020611
0.8215848878363071,2386,2,1,0,0,1,0.0,1.9,2025-Jan-30-22:16:56.062332
0.888149460778483,2387,2,1,0,0,-1,0.0,0.0,2025-Jan-30-22:16:56.100705
0.888149460778483,2388,2,1,0,0,-1,0.0,0.0,2025-Jan-30-22:16:56.136735
0.888149460778483,2389,2,1,0,0,-1,0.0,0.0,2025-Jan-30-22:16:56.173457
0.8215848878363071,2390,2,1,0,0,1,0.0,1.9,2025-Jan-30-22:16:56.213063
1.7847012822924158,2391,8,1,0,0,0,0.0,0.0,2025-Jan-30-22:16:56.243710
0.8747448494635457,2392,2,1,0,0,0,0.0,0.0,2025-Jan-30-22:16:56.272709
0.888149460778483,2393,2,1,0,0,-1,0.0,0.0,2025-Jan-30-22:16:56.309335
0.8215848875302478,2394,3,1,0,0,1,0.0,1.9,2025-Jan-30-22:16:56.354629
1.7847013134538594,2395,8,1,0,0,-1,0.0,0.0,2025-Jan-30-22:16:56.387644
0.8747448494635457,2396,2,1,0,0,0,0.0,0.0,2025-Jan-30-22:16:56.421928
0.8747448491731491,2397,3,1,0,0,0,0.0,0.0,2025-Jan-30-22:16:56.452716
1.7847012837492984,2398,8,1,0,0,1,0.0,1.9,2025-Jan-30-22:16:56.486815
0.888149460778483,2399,2,1,0,0,-1,0.0,0.0,2025-Jan-30-22:16:56.524049
0.8747448491731491,2400,3,1,0,0,0,0.0,0.0,2025-Jan-30-22:16:56.555463
1.7847012926911678,2401,8,1,0,0,1,0.0,1.7,2025-Jan-30-22:16:56.587451
0.8215848878363071,2402,2,1,0,0,1,0.0,1.9,2025-Jan-30-22:16:56.677663
0.8215848875302478,2403,3,1,0,0,1,0.0,1.9,2025-Jan-30-22:16:56.762750
1.7847012837492984,2404,8,1,0,0,1,0.0,1.9,2025-Jan-30-22:16:56.802417
0.8215848878363071,2405,2,1,0,0,1,0.0,1.9,2025-Jan-30-22:16:56.844147
0.8215848878363071,2406,2,1,0,0,1,0.0,1.9,2025-Jan-30-22:16:56.884337
1.7847012837492984,2407,8,1,0,0,1,0.0,1.9,2025-Jan-30-22:16:56.916273
1.7847012837492984,2408,8,1,0,0,1,0.0,1.9,2025-Jan-30-22:16:56.948901
0.8215848878363071,2409,2,1,0,0,1,0.0,1.9,2025-Jan-30-22:16:56.987502
1.7847012837492984,2410,8,1,0,0,1,0.0,1.9,2025-Jan-30-22:16:57.018560
0.888149460778483,2411,2,1,0,0,-1,0.0,0.0,2025-Jan-30-22:16:57.055026
0.8215848878363071,2412,2,1,0,0,1,0.0,1.9,2025-Jan-30-22:16:57.092032
1.7847012926911678,2413,8,1,0,0,1,0.0,1.7,2025-Jan-30-22:16:57.128096
0.8215848878363071,2414,2,1,0,0,1,0.0,1.9,2025-Jan-30-22:16:57.168821
0.888149460778483,2415,2,1,0,0,-1,0.0,0.0,2025-Jan-30-22:16:57.207823
0.8215848875302478,2416,3,1,0,0,1,0.0,1.9,2025-Jan-30-22:16:57.312585
0.8215872859071498,2417,2,1,0,0,1,0.0,1.7,2025-Jan-30-22:16:57.351072
0.888149460778483,2418,2,1,0,0,-1,0.0,0.0,2025-Jan-30-22:16:57.387985
0.8215848875302478,2419,3,1,0,0,1,0.0,1.9,2025-Jan-30-22:16:57.426651
0.9041586459923068,2420,3,1,0,0,-1,0.0,0.0,2025-Jan-30-22:16:57.462442
1.7847012837492984,2421,8,1,0,0,1,0.0,1.9,2025-Jan-30-22:16:57.493145
1.7847012837492984,2422,8,1,0,0,1,0.0,1.9,2025-Jan-30-22:16:57.525050
0.8215848878363071,2423,2,1,0,0,1,0.0,1.9,2025-Jan-30-22:16:57.565851
1.7847012837492984,2424,8,1,0,0,1,0.0,1.9,2025-Jan-30-22:16:57.608933
1.7847012822924158,2425,8,1,0,0,0,0.0,0.0,2025-Jan-30-22:16:57.690565
1.7847012822924158,2426,8,1,0,0,0,0.0,0.0,2025-Jan-30-22:16:57.760290
1.7847012822924158,2427,8,1,0,0,0,0.0,0.0,2025-Jan-30-22:16:57.795190
0.888149460778483,2428,2,1,0,0,-1,0.0,0.0,2025-Jan-30-22:16:57.831812
0.8215848878363071,2429,2,1,0,0,1,0.0,1.9,2025-Jan-30-22:16:57.876404
0.8747448494635457,2430,2,1,0,0,0,0.0,0.0,2025-Jan-30-22:16:57.909685
1.7847012926911678,2431,8,1,0,0,1,0.0,1.7,2025-Jan-30-22:16:57.939280
0.9041586459923068,2432,3,1,0,0,-1,0.0,0.0,2025-Jan-30-22:16:57.976162
0.8747448494635457,2433,2,1,0,0,0,0.0,0.0,2025-Jan-30-22:16:58.005711
0.8215848875302478,2434,3,1,0,0,1,0.0,1.9,2025-Jan-30-22:16:58.048634
0.8747448494635457,2435,2,1,0,0,0,0.0,0.0,2025-Jan-30-22:16:58.077632
0.8215848878363071,2436,2,1,0,0,1,0.0,1.9,2025-Jan-30-22:16:58.115524
1.7847012837492984,2437,8,1,0,0,1,0.0,1.9,2025-Jan-30-22:16:58.148031
1.7847012822924158,2438,8,1,0,0,0,0.0,0.0,2025-Jan-30-22:16:58.179721
1.7847012837492984,2439,8,1,0,0,1,0.0,1.9,2025-Jan-30-22:16:58.211805
0.8215848878363071,2440,2,1,0,0,1,0.0,1.9,2025-Jan-30-22:16:58.257822
0.8215848878363071,2441,2,1,0,0,1,0.0,1.9,2025-Jan-30-22:16:58.294911
0.8215848875302478,2442,3,1,0,0,1,0.0,1.9,2025-Jan-30-22:16:58.332200
1.7847012926911678,2443,8,1,0,0,1,0.0,1.7,2025-Jan-30-22:16:58.368071
0.888149460778483,2444,2,1,0,0,-1,0.0,0.0,2025-Jan-30-22:16:58.407889
0.8215848878363071,2445,2,1,0,0,1,0.0,1.9,2025-Jan-30-22:16:58.448628
0.8215848878363071,2446,2,1,0,0,1,0.0,1.9,2025-Jan-30-22:16:58.486863
0.888149460778483,2447,2,1,0,0,-1,0.0,0.0,2025-Jan-30-22:16:58.528145
0.8215872859071498,2448,2,1,0,0,1,0.0,1.7,2025-Jan-30-22:16:58.569991
0.888149460778483,2449,2,1,0,0,-1,0.0,0.0,2025-Jan-30-22:16:58.624303
1.7847012822924158,2450,8,1,0,0,0,0.0,0.0,2025-Jan-30-22:16:58.708308
1.7847013134538594,2451,8,1,0,0,-1,0.0,0.0,2025-Jan-30-22:16:58.773739
0.8215848878363071,2452,2,1,0,0,1,0.0,1.9,2025-Jan-30-22:16:58.813739
0.8215848875302478,2453,3,1,0,0,1,0.0,1.9,2025-Jan-30-22:16:58.909414
0.8215848875302478,2454,3,1,0,0,1,0.0,1.9,2025-Jan-30-22:16:58.948577
0.8747448494635457,2455,2,1,0,0,0,0.0,0.0,2025-Jan-30-22:16:58.975640
0.888149460778483,2456,2,1,0,0,-1,0.0,0.0,2025-Jan-30-22:16:59.011653
1.7847012837492984,2457,8,1,0,0,1,0.0,1.9,2025-Jan-30-22:16:59.042996
1.7847012822924158,2458,8,1,0,0,0,0.0,0.0,2025-Jan-30-22:16:59.074007
0.888149460778483,2459,2,1,0,0,-1,0.0,0.0,2025-Jan-30-22:16:59.112480
0.8215848878363071,2460,2,1,0,0,1,0.0,1.9,2025-Jan-30-22:16:59.152629
1.7847012926911678,2461,8,1,0,0,1,0.0,1.7,2025-Jan-30-22:16:59.187376
1.7847013134538594,2462,8,1,0,0,-1,0.0,0.0,2025-Jan-30-22:16:59.220986
0.888149460778483,2463,2,1,0,0,-1,0.0,0.0,2025-Jan-30-22:16:59.256013
0.8215872859071498,2464,2,1,0,0,1,0.0,1.7,2025-Jan-30-22:16:59.295396
1.7847012822924158,2465,8,1,0,0,0,0.0,0.0,2025-Jan-30-22:16:59.327512
1.7847012837492984,2466,8,1,0,0,1,0.0,1.9,2025-Jan-30-22:16:59.362376
0.8747448494635457,2467,2,1,0,0,0,0.0,0.0,2025-Jan-30-22:16:59.391864
0.8215848875302478,2468,3,1,0,0,1,0.0,1.9,2025-Jan-30-22:16:59.432141
0.8215848875302478,2469,3,1,0,0,1,0.0,1.9,2025-Jan-30-22:16:59.471418
0.8747448488829315,2470,1,1,0,0,0,0.0,0.0,2025-Jan-30-22:16:59.501487
1.7847013134538594,2471,8,1,0,0,-1,0.0,0.0,2025-Jan-30-22:16:59.536525
0.8215848872244257,2472,1,1,0,0,1,0.0,1.9,2025-Jan-30-22:16:59.600059
0.8215848875302478,2473,3,1,0,0,1,0.0,1.9,2025-Jan-30-22:16:59.695483
1.7847012822924158,2474,8,1,0,0,0,0.0,0.0,2025-Jan-30-22:16:59.765396
0.8747448494635457,2475,2,1,0,0,0,0.0,0.0,2025-Jan-30-22:16:59.798201
1.7847012837492984,2476,8,1,0,0,1,0.0,1.9,2025-Jan-30-22:16:59.829751
1.7847012837492984,2477,8,1,0,0,1,0.0,1.9,2025-Jan-30-22:16:59.863805
1.7847012837492984,2478,8,1,0,0,1,0.0,1.9,2025-Jan-30-22:16:59.893793
0.9041586457104427,2479,1,1,0,0,-1,0.0,0.0,2025-Jan-30-22:16:59.931341
0.8215848875302478,2480,3,1,0,0,1,0.0,1.9,2025-Jan-30-22:16:59.980244
0.8747448494635457,2481,2,1,0,0,0,0.0,0.0,2025-Jan-30-22:17:00.012424
1.7847012837492984,2482,8,1,0,0,1,0.0,1.9,2025-Jan-30-22:17:00.043996
0.8215848878363071,2483,2,1,0,0,1,0.0,1.9,2025-Jan-30-22:17:00.096257
0.8747448491731491,2484,3,1,0,0,0,0.0,0.0,2025-Jan-30-22:17:00.123833
0.8747448488829315,2485,1,1,0,0,0,0.0,0.0,2025-Jan-30-22:17:00.157448
1.7847012837492984,2486,8,1,0,0,1,0.0,1.9,2025-Jan-30-22:17:00.188114
1.7847012837492984,2487,8,1,0,0,1,0.0,1.9,2025-Jan-30-22:17:00.221301
1.7847012837492984,2488,8,1,0,0,1,0.0,1.9,2025-Jan-30-22:17:00.253665
1.7847013134538594,2489,8,1,0,0,-1,0.0,0.0,2025-Jan-30-22:17:00.284676
1.7847012837492984,2490,8,1,0,0,1,0.0,1.9,2025-Jan-30-22:17:00.320083
1.7847012822924158,2491,8,1,0,0,0,0.0,0.0,2025-Jan-30-22:17:00.351789
0.9041586459923068,2492,3,1,0,0,-1,0.0,0.0,2025-Jan-30-22:17:00.386737
1.7847013134538594,2493,8,1,0,0,-1,0.0,0.0,2025-Jan-30-22:17:00.418852
0.8215860870852443,2494,2,1,0,0,1,0.0,1.8,2025-Jan-30-22:17:00.459371
1.7847012837492984,2495,8,1,0,0,1,0.0,1.9,2025-Jan-30-22:17:00.489216
0.8215848872244257,2496,1,1,0,0,1,0.0,1.9,2025-Jan-30-22:17:00.526929
0.8215848878363071,2497,2,1,0,0,1,0.0,1.9,2025-Jan-30-22:17:00.568077
0.8747448491731491,2498,3,1,0,0,0,0.0,0.0,2025-Jan-30-22:17:00.682521
0.888149460778483,2499,2,1,0,0,-1,0.0,0.0,2025-Jan-30-22:17:00.759570
0.888149460778483,2500,2,1,0,0,-1,0.0,0.0,2025-Jan-30-22:17:00.831627
0.9041586459923068,2501,3,1,0,0,-1,0.0,0.0,2025-Jan-30-22:17:00.874246
0.8215848875302478,2502,3,1,0,0,1,0.0,1.9,2025-Jan-30-22:17:00.913790
0.8215848875302478,2503,3,1,0,0,1,0.0,1.9,2025-Jan-30-22:17:00.952839
1.7847012822924158,2504,8,1,0,0,0,0.0,0.0,2025-Jan-30-22:17:00.984785
0.8215848872244257,2505,1,1,0,0,1,0.0,1.9,2025-Jan-30-22:17:01.025646
0.8215848872244257,2506,1,1,0,0,1,0.0,1.9,2025-Jan-30-22:17:01.068009
1.7847013134538594,2507,8,1,0,0,-1,0.0,0.0,2025-Jan-30-22:17:01.099939
0.8747448491731491,2508,3,1,0,0,0,0.0,0.0,2025-Jan-30-22:17:01.126062
0.9041586459923068,2509,3,1,0,0,-1,0.0,0.0,2025-Jan-30-22:17:01.169316
0.8747448494635457,2510,2,1,0,0,0,0.0,0.0,2025-Jan-30-22:17:01.200598
0.8215860867791815,2511,3,1,0,0,1,0.0,1.8,2025-Jan-30-22:17:01.242156
0.8215848878363071,2512,2,1,0,0,1,0.0,1.9,2025-Jan-30-22:17:01.279801
0.9041586457104427,2513,1,1,0,0,-1,0.0,0.0,2025-Jan-30-22:17:01.317839
0.8215848872244257,2514,1,1,0,0,1,0.0,1.9,2025-Jan-30-22:17:01.356141
0.9041586459923068,2515,3,1,0,0,-1,0.0,0.0,2025-Jan-30-22:17:01.392908
0.8215848872244257,2516,1,1,0,0,1,0.0,1.9,2025-Jan-30-22:17:01.434763
0.8215848872244257,2517,1,1,0,0,1,0.0,1.9,2025-Jan-30-22:17:01.476374
0.8215860864733557,2518,1,1,0,0,1,0.0,1.8,2025-Jan-30-22:17:01.514861
0.8215848872244257,2519,1,1,0,0,1,0.0,1.9,2025-Jan-30-22:17:01.553089
1.7847012837492984,2520,8,1,0,0,1,0.0,1.9,2025-Jan-30-22:17:01.584374
0.8215848872244257,2521,1,1,0,0,1,0.0,1.9,2025-Jan-30-22:17:01.622162
0.8215872856013205,2522,0,1,0,0,1,0.0,1.7,2025-Jan-30-22:17:01.679009
0.8215848872244257,2523,1,1,0,0,1,0.0,1.9,2025-Jan-30-22:17:01.774314
0.8215848872244257,2524,1,1,0,0,1,0.0,1.9,2025-Jan-30-22:17:01.854869
0.8215860867794186,2525,0,1,0,0,1,0.0,1.8,2025-Jan-30-22:17:01.900363
0.8747448488829315,2526,1,1,0,0,0,0.0,0.0,2025-Jan-30-22:17:01.930449
0.8747448488829315,2527,1,1,0,0,0,0.0,0.0,2025-Jan-30-22:17:01.960306
0.821584887530485,2528,0,1,0,0,1,0.0,1.9,2025-Jan-30-22:17:02.000909
0.8747448488829315,2529,1,1,0,0,0,0.0,0.0,2025-Jan-30-22:17:02.030587
1.7847013134538594,2530,8,1,0,0,-1,0.0,0.0,2025-Jan-30-22:17:02.063805
0.8215848872244257,2531,1,1,0,0,1,0.0,1.9,2025-Jan-30-22:17:02.111895
0.8215848872244257,2532,1,1,0,0,1,0.0,1.9,2025-Jan-30-22:17:02.153532
0.8215848872244257,2533,1,1,0,0,1,0.0,1.9,2025-Jan-30-22:17:02.192453
0.8215848872244257,2534,1,1,0,0,1,0.0,1.9,2025-Jan-30-22:17:02.230022
0.8747448491733278,2535,0,1,0,0,0,0.0,0.0,2025-Jan-30-22:17:02.259426
0.821584887530485,2536,0,1,0,0,1,0.0,1.9,2025-Jan-30-22:17:02.297876
0.821584887530485,2537,0,1,0,0,1,0.0,1.9,2025-Jan-30-22:17:02.344648
0.8881494605956468,2538,0,1,0,0,-1,0.0,0.0,2025-Jan-30-22:17:02.382826
0.8747448491733278,2539,0,1,0,0,0,0.0,0.0,2025-Jan-30-22:17:02.414114
0.8215860864733557,2540,1,1,0,0,1,0.0,1.8,2025-Jan-30-22:17:02.456150
1.7847012837492984,2541,8,1,0,0,1,0.0,1.9,2025-Jan-30-22:17:02.488223
0.8215848872244257,2542,1,1,0,0,1,0.0,1.9,2025-Jan-30-22:17:02.527180
0.8215872856013205,2543,0,1,0,0,1,0.0,1.7,2025-Jan-30-22:17:02.568916
0.8215860864733557,2544,1,1,0,0,1,0.0,1.8,2025-Jan-30-22:17:02.607843
0.8747448488829315,2545,1,1,0,0,0,0.0,0.0,2025-Jan-30-22:17:02.636443
1.7847012837492984,2546,8,1,0,0,1,0.0,1.9,2025-Jan-30-22:17:02.692730
0.8215860867794186,2547,0,1,0,0,1,0.0,1.8,2025-Jan-30-22:17:02.806611
1.7847012822924158,2548,8,1,0,0,0,0.0,0.0,2025-Jan-30-22:17:02.867445
0.8747448488829315,2549,1,1,0,0,0,0.0,0.0,2025-Jan-30-22:17:02.896662
0.8215872856013205,2550,0,1,0,0,1,0.0,1.7,2025-Jan-30-22:17:02.941857
1.7847012837492984,2551,8,1,0,0,1,0.0,1.9,2025-Jan-30-22:17:02.975687
1.7847012837492984,2552,8,1,0,0,1,0.0,1.9,2025-Jan-30-22:17:03.007583
1.784701284615097,2553,8,1,0,0,1,0.0,1.8,2025-Jan-30-22:17:03.046569
0.8747448488829315,2554,1,1,0,0,0,0.0,0.0,2025-Jan-30-22:17:03.080283
1.7847012822924158,2555,8,1,0,0,0,0.0,0.0,2025-Jan-30-22:17:03.118556
0.8215860864733557,2556,1,1,0,0,1,0.0,1.8,2025-Jan-30-22:17:03.158203
0.8215872856013205,2557,0,1,0,0,1,0.0,1.7,2025-Jan-30-22:17:03.197117
0.8215848872244257,2558,1,1,0,0,1,0.0,1.9,2025-Jan-30-22:17:03.239041
1.784701284615097,2559,8,1,0,0,1,0.0,1.8,2025-Jan-30-22:17:03.277667
0.8215860864733557,2560,1,1,0,0,1,0.0,1.8,2025-Jan-30-22:17:03.328629
0.8215848872244257,2561,1,1,0,0,1,0.0,1.9,2025-Jan-30-22:17:03.366108
0.8747448491733278,2562,0,1,0,0,0,0.0,0.0,2025-Jan-30-22:17:03.396098
0.8215848872244257,2563,1,1,0,0,1,0.0,1.9,2025-Jan-30-22:17:03.436357
0.8215848872244257,2564,1,1,0,0,1,0.0,1.9,2025-Jan-30-22:17:03.476637
0.8215848872244257,2565,1,1,0,0,1,0.0,1.9,2025-Jan-30-22:17:03.516799
0.8215848872244257,2566,1,1,0,0,1,0.0,1.9,2025-Jan-30-22:17:03.557546
1.7847012837492984,2567,8,1,0,0,1,0.0,1.9,2025-Jan-30-22:17:03.662073
0.821584887530485,2568,0,1,0,0,1,0.0,1.9,2025-Jan-30-22:17:03.743028
0.8215860864733557,2569,1,1,0,0,1,0.0,1.8,2025-Jan-30-22:17:03.824375
0.8215932995606529,2570,1,1,0,0,1,0.0,1.2,2025-Jan-30-22:17:03.863818
0.821584887530485,2571,0,1,0,0,1,0.0,1.9,2025-Jan-30-22:17:03.906573
0.8215848872244257,2572,1,1,0,0,1,0.0,1.9,2025-Jan-30-22:17:03.945672
0.821584887530485,2573,0,1,0,0,1,0.0,1.9,2025-Jan-30-22:17:03.990418
0.9041586457104427,2574,1,1,0,0,-1,0.0,0.0,2025-Jan-30-22:17:04.027353
0.8215860864733557,2575,1,1,0,0,1,0.0,1.8,2025-Jan-30-22:17:04.067908
0.821584887530485,2576,0,1,0,0,1,0.0,1.9,2025-Jan-30-22:17:04.108599
0.8747448488829315,2577,1,1,0,0,0,0.0,0.0,2025-Jan-30-22:17:04.142429
0.8747448488829315,2578,1,1,0,0,0,0.0,0.0,2025-Jan-30-22:17:04.174300
0.9041586457104427,2579,1,1,0,0,-1,0.0,0.0,2025-Jan-30-22:17:04.209661
0.8747448488829315,2580,1,1,0,0,0,0.0,0.0,2025-Jan-30-22:17:04.240833
0.8747448488829315,2581,1,1,0,0,0,0.0,0.0,2025-Jan-30-22:17:04.270636
0.821584887530485,2582,0,1,0,0,1,0.0,1.9,2025-Jan-30-22:17:04.310983
0.9041586457104427,2583,1,1,0,0,-1,0.0,0.0,2025-Jan-30-22:17:04.347140
1.7847012822924158,2584,8,1,0,0,0,0.0,0.0,2025-Jan-30-22:17:04.379104
0.8215932998667367,2585,0,1,0,0,1,0.0,1.2,2025-Jan-30-22:17:04.420641
1.7847012822924158,2586,8,1,0,0,0,0.0,0.0,2025-Jan-30-22:17:04.451311
0.8215848872244257,2587,1,1,0,0,1,0.0,1.9,2025-Jan-30-22:17:04.495692
0.8747448488829315,2588,1,1,0,0,0,0.0,0.0,2025-Jan-30-22:17:04.525580
0.8215860867794186,2589,0,1,0,0,1,0.0,1.8,2025-Jan-30-22:17:04.564208
0.9041586457104427,2590,1,1,0,0,-1,0.0,0.0,2025-Jan-30-22:17:04.602266
0.9041586457104427,2591,1,1,0,0,-1,0.0,0.0,2025-Jan-30-22:17:04.639223
1.784701284615097,2592,8,1,0,0,1,0.0,1.8,2025-Jan-30-22:17:04.716083
0.821584887530485,2593,0,1,0,0,1,0.0,1.9,2025-Jan-30-22:17:04.804540
0.9041586457104427,2594,1,1,0,0,-1,0.0,0.0,2025-Jan-30-22:17:04.856272
0.8215860864733557,2595,1,1,0,0,1,0.0,1.8,2025-Jan-30-22:17:04.897972
0.8215860864733557,2596,1,1,0,0,1,0.0,1.8,2025-Jan-30-22:17:04.939538
0.8747448488829315,2597,1,1,0,0,0,0.0,0.0,2025-Jan-30-22:17:04.979285
0.8747448488829315,2598,1,1,0,0,0,0.0,0.0,2025-Jan-30-22:17:05.010382
0.8215932995606529,2599,1,1,0,0,1,0.0,1.2,2025-Jan-30-22:17:05.050849
0.9041586457104427,2600,1,1,0,0,-1,0.0,0.0,2025-Jan-30-22:17:05.088579
1.7847012837492984,2601,8,1,0,0,1,0.0,1.9,2025-Jan-30-22:17:05.120469
0.8215848872244257,2602,1,1,0,0,1,0.0,1.9,2025-Jan-30-22:17:05.158262
0.8215848872244257,2603,1,1,0,0,1,0.0,1.9,2025-Jan-30-22:17:05.204516
0.8747448488829315,2604,1,1,0,0,0,0.0,0.0,2025-Jan-30-22:17:05.232278
1.7847012837492984,2605,8,1,0,0,1,0.0,1.9,2025-Jan-30-22:17:05.263299
0.8881494605956468,2606,0,1,0,0,-1,0.0,0.0,2025-Jan-30-22:17:05.297940
0.8215848872244257,2607,1,1,0,0,1,0.0,1.9,2025-Jan-30-22:17:05.336835
0.8215932998667367,2608,0,1,0,0,1,0.0,1.2,2025-Jan-30-22:17:05.376956
1.7847012822924158,2609,8,1,0,0,0,0.0,0.0,2025-Jan-30-22:17:05.411594
0.821584887530485,2610,0,1,0,0,1,0.0,1.9,2025-Jan-30-22:17:05.454415
1.7847012837492984,2611,8,1,0,0,1,0.0,1.9,2025-Jan-30-22:17:05.486292
0.8215848872244257,2612,1,1,0,0,1,0.0,1.9,2025-Jan-30-22:17:05.526578
0.8215932995606529,2613,1,1,0,0,1,0.0,1.2,2025-Jan-30-22:17:05.564801
1.7847012837492984,2614,8,1,0,0,1,0.0,1.9,2025-Jan-30-22:17:05.595028
1.7847012837492984,2615,8,1,0,0,1,0.0,1.9,2025-Jan-30-22:17:05.632483
0.8215848872244257,2616,1,1,0,0,1,0.0,1.9,2025-Jan-30-22:17:05.694969
0.8215848872244257,2617,1,1,0,0,1,0.0,1.9,2025-Jan-30-22:17:05.797307
0.8747448488829315,2618,1,1,0,0,0,0.0,0.0,2025-Jan-30-22:17:05.865096
0.8215848872244257,2619,1,1,0,0,1,0.0,1.9,2025-Jan-30-22:17:05.967041
0.8215848872244257,2620,1,1,0,0,1,0.0,1.9,2025-Jan-30-22:17:06.004954
0.821584887530485,2621,0,1,0,0,1,0.0,1.9,2025-Jan-30-22:17:06.043731
0.9041586457104427,2622,1,1,0,0,-1,0.0,0.0,2025-Jan-30-22:17:06.079463
1.7847012837492984,2623,8,1,0,0,1,0.0,1.9,2025-Jan-30-22:17:06.109576
0.8215848872244257,2624,1,1,0,0,1,0.0,1.9,2025-Jan-30-22:17:06.148220
0.8215981269817364,2625,1,1,0,0,1,0.0,0.8,2025-Jan-30-22:17:06.194110
0.821584887530485,2626,0,1,0,0,1,0.0,1.9,2025-Jan-30-22:17:06.242238
1.7847012837492984,2627,8,1,0,0,1,0.0,1.9,2025-Jan-30-22:17:06.275866
0.8215848872244257,2628,1,1,0,0,1,0.0,1.9,2025-Jan-30-22:17:06.316783
0.8215848872244257,2629,1,1,0,0,1,0.0,1.9,2025-Jan-30-22:17:06.356392
1.7847013134538594,2630,8,1,0,0,-1,0.0,0.0,2025-Jan-30-22:17:06.389939
0.8747448491733278,2631,0,1,0,0,0,0.0,0.0,2025-Jan-30-22:17:06.419225
1.7847012837492984,2632,8,1,0,0,1,0.0,1.9,2025-Jan-30-22:17:06.450090
0.8215848872244257,2633,1,1,0,0,1,0.0,1.9,2025-Jan-30-22:17:06.492405
1.7847012822924158,2634,8,1,0,0,0,0.0,0.0,2025-Jan-30-22:17:06.525644
1.7847012837492984,2635,8,1,0,0,1,0.0,1.9,2025-Jan-30-22:17:06.561496
0.8747448488829315,2636,1,1,0,0,0,0.0,0.0,2025-Jan-30-22:17:06.590509
0.8747448488829315,2637,1,1,0,0,0,0.0,0.0,2025-Jan-30-22:17:06.617024
0.8215848872244257,2638,1,1,0,0,1,0.0,1.9,2025-Jan-30-22:17:06.668167
0.8215848872244257,2639,1,1,0,0,1,0.0,1.9,2025-Jan-30-22:17:06.749434
0.8215848872244257,2640,1,1,0,0,1,0.0,1.9,2025-Jan-30-22:17:06.831312
1.7847012766077583,2641,8,1,0,0,1,0.0,0.8,2025-Jan-30-22:17:06.866498
1.7847012822924158,2642,8,1,0,0,0,0.0,0.0,2025-Jan-30-22:17:06.903720
0.8215848872244257,2643,1,1,0,0,1,0.0,1.9,2025-Jan-30-22:17:06.945617
0.8215848872244257,2644,1,1,0,0,1,0.0,1.9,2025-Jan-30-22:17:06.990494
0.8215848872244257,2645,1,1,0,0,1,0.0,1.9,2025-Jan-30-22:17:07.029380
0.8215848872244257,2646,1,1,0,0,1,0.0,1.9,2025-Jan-30-22:17:07.071225
0.8215848872244257,2647,1,1,0,0,1,0.0,1.9,2025-Jan-30-22:17:07.110257
0.8215848872244257,2648,1,1,0,0,1,0.0,1.9,2025-Jan-30-22:17:07.149630
0.8215981269817364,2649,1,1,0,0,1,0.0,0.8,2025-Jan-30-22:17:07.193128
0.8215848872244257,2650,1,1,0,0,1,0.0,1.9,2025-Jan-30-22:17:07.247650
0.9041586457104427,2651,1,1,0,0,-1,0.0,0.0,2025-Jan-30-22:17:07.282880
0.8215981269817364,2652,1,1,0,0,1,0.0,0.8,2025-Jan-30-22:17:07.322052
1.7847012837492984,2653,8,1,0,0,1,0.0,1.9,2025-Jan-30-22:17:07.353200
0.8215848872244257,2654,1,1,0,0,1,0.0,1.9,2025-Jan-30-22:17:07.394369
0.9041586457104427,2655,1,1,0,0,-1,0.0,0.0,2025-Jan-30-22:17:07.431697
0.8215848872244257,2656,1,1,0,0,1,0.0,1.9,2025-Jan-30-22:17:07.475483
0.821584887530485,2657,0,1,0,0,1,0.0,1.9,2025-Jan-30-22:17:07.518563
0.8215981269817364,2658,1,1,0,0,1,0.0,0.8,2025-Jan-30-22:17:07.558458
0.8215848872244257,2659,1,1,0,0,1,0.0,1.9,2025-Jan-30-22:17:07.598427
0.8215848872244257,2660,1,1,0,0,1,0.0,1.9,2025-Jan-30-22:17:07.637952
0.8215848872244257,2661,1,1,0,0,1,0.0,1.9,2025-Jan-30-22:17:07.694563
0.8215848872244257,2662,1,1,0,0,1,0.0,1.9,2025-Jan-30-22:17:07.789086
0.8215848872244257,2663,1,1,0,0,1,0.0,1.9,2025-Jan-30-22:17:07.865437
1.7847012837492984,2664,8,1,0,0,1,0.0,1.9,2025-Jan-30-22:17:07.897653
0.8215848872244257,2665,1,1,0,0,1,0.0,1.9,2025-Jan-30-22:17:07.936621
1.7847012837492984,2666,8,1,0,0,1,0.0,1.9,2025-Jan-30-22:17:07.969292
0.8747448488829315,2667,1,1,0,0,0,0.0,0.0,2025-Jan-30-22:17:07.998292
0.8215848872244257,2668,1,1,0,0,1,0.0,1.9,2025-Jan-30-22:17:08.036378
0.821584887530485,2669,0,1,0,0,1,0.0,1.9,2025-Jan-30-22:17:08.075810
0.8215848872244257,2670,1,1,0,0,1,0.0,1.9,2025-Jan-30-22:17:08.116841
0.8215848872244257,2671,1,1,0,0,1,0.0,1.9,2025-Jan-30-22:17:08.156794
0.8215848872244257,2672,1,1,0,0,1,0.0,1.9,2025-Jan-30-22:17:08.254961
0.8747448488829315,2673,1,1,0,0,0,0.0,0.0,2025-Jan-30-22:17:08.285103
0.8215848872244257,2674,1,1,0,0,1,0.0,1.9,2025-Jan-30-22:17:08.334772
0.8215848872244257,2675,1,1,0,0,1,0.0,1.9,2025-Jan-30-22:17:08.379023
0.8215848872244257,2676,1,1,0,0,1,0.0,1.9,2025-Jan-30-22:17:08.422322
0.9041586457104427,2677,1,1,0,0,-1,0.0,0.0,2025-Jan-30-22:17:08.458749
0.8747448488829315,2678,1,1,0,0,0,0.0,0.0,2025-Jan-30-22:17:08.488331
0.8215848872244257,2679,1,1,0,0,1,0.0,1.9,2025-Jan-30-22:17:08.531084
1.7847012837492984,2680,8,1,0,0,1,0.0,1.9,2025-Jan-30-22:17:08.563391
0.8747448488829315,2681,1,1,0,0,0,0.0,0.0,2025-Jan-30-22:17:08.595371
0.8747448488829315,2682,1,1,0,0,0,0.0,0.0,2025-Jan-30-22:17:08.624872
0.8215848872244257,2683,1,1,0,0,1,0.0,1.9,2025-Jan-30-22:17:08.663757
0.8215848872244257,2684,1,1,0,0,1,0.0,1.9,2025-Jan-30-22:17:08.761918
0.8215848872244257,2685,1,1,0,0,1,0.0,1.9,2025-Jan-30-22:17:08.846196
0.8216029711786883,2686,0,1,0,0,1,0.0,0.4,2025-Jan-30-22:17:08.886696
0.8747448491733278,2687,0,1,0,0,0,0.0,0.0,2025-Jan-30-22:17:08.921347
1.7847012837492984,2688,8,1,0,0,1,0.0,1.9,2025-Jan-30-22:17:08.957250
0.8215848872244257,2689,1,1,0,0,1,0.0,1.9,2025-Jan-30-22:17:09.001854
0.9041586457104427,2690,1,1,0,0,-1,0.0,0.0,2025-Jan-30-22:17:09.044798
0.8215848872244257,2691,1,1,0,0,1,0.0,1.9,2025-Jan-30-22:17:09.087648
0.8215848872244257,2692,1,1,0,0,1,0.0,1.9,2025-Jan-30-22:17:09.128433
0.8215848872244257,2693,1,1,0,0,1,0.0,1.9,2025-Jan-30-22:17:09.170314
0.8215848872244257,2694,1,1,0,0,1,0.0,1.9,2025-Jan-30-22:17:09.213739
0.8215848872244257,2695,1,1,0,0,1,0.0,1.9,2025-Jan-30-22:17:09.259093
0.8215848872244257,2696,1,1,0,0,1,0.0,1.9,2025-Jan-30-22:17:09.310689
0.9041586457104427,2697,1,1,0,0,-1,0.0,0.0,2025-Jan-30-22:17:09.348098
0.9041586457104427,2698,1,1,0,0,-1,0.0,0.0,2025-Jan-30-22:17:09.385271
1.7847012837492984,2699,8,1,0,0,1,0.0,1.9,2025-Jan-30-22:17:09.417019
0.8215848872244257,2700,1,1,0,0,1,0.0,1.9,2025-Jan-30-22:17:09.459794
0.8215848872244257,2701,1,1,0,0,1,0.0,1.9,2025-Jan-30-22:17:09.499844
0.8747448491733278,2702,0,1,0,0,0,0.0,0.0,2025-Jan-30-22:17:09.532136
0.9041586457104427,2703,1,1,0,0,-1,0.0,0.0,2025-Jan-30-22:17:09.571528
0.8215848872244257,2704,1,1,0,0,1,0.0,1.9,2025-Jan-30-22:17:09.612528
0.8215848872244257,2705,1,1,0,0,1,0.0,1.9,2025-Jan-30-22:17:09.653085
0.821584887530485,2706,0,1,0,0,1,0.0,1.9,2025-Jan-30-22:17:09.728829
1.7847012837492984,2707,8,1,0,0,1,0.0,1.9,2025-Jan-30-22:17:09.806231
1.7847012837492984,2708,8,1,0,0,1,0.0,1.9,2025-Jan-30-22:17:09.875117
1.7847012822924158,2709,8,1,0,0,0,0.0,0.0,2025-Jan-30-22:17:09.913865
0.8215848872244257,2710,1,1,0,0,1,0.0,1.9,2025-Jan-30-22:17:09.958937
0.9041586457104427,2711,1,1,0,0,-1,0.0,0.0,2025-Jan-30-22:17:10.006734
0.8215848872244257,2712,1,1,0,0,1,0.0,1.9,2025-Jan-30-22:17:10.045920
0.8215848872244257,2713,1,1,0,0,1,0.0,1.9,2025-Jan-30-22:17:10.088077
0.8216029708725762,2714,1,1,0,0,1,0.0,0.4,2025-Jan-30-22:17:10.133333
0.9041586457104427,2715,1,1,0,0,-1,0.0,0.0,2025-Jan-30-22:17:10.173520
0.8747448488829315,2716,1,1,0,0,0,0.0,0.0,2025-Jan-30-22:17:10.212738
0.8747448488829315,2717,1,1,0,0,0,0.0,0.0,2025-Jan-30-22:17:10.243526
0.8215848872244257,2718,1,1,0,0,1,0.0,1.9,2025-Jan-30-22:17:10.284616
0.821584887530485,2719,0,1,0,0,1,0.0,1.9,2025-Jan-30-22:17:10.325837
0.8215848872244257,2720,1,1,0,0,1,0.0,1.9,2025-Jan-30-22:17:10.367699
0.821584887530485,2721,0,1,0,0,1,0.0,1.9,2025-Jan-30-22:17:10.415999
0.8747448488829315,2722,1,1,0,0,0,0.0,0.0,2025-Jan-30-22:17:10.453318
0.8215848872244257,2723,1,1,0,0,1,0.0,1.9,2025-Jan-30-22:17:10.497885
0.8215848872244257,2724,1,1,0,0,1,0.0,1.9,2025-Jan-30-22:17:10.541087
0.8747448488829315,2725,1,1,0,0,0,0.0,0.0,2025-Jan-30-22:17:10.571106
0.8215848872244257,2726,1,1,0,0,1,0.0,1.9,2025-Jan-30-22:17:10.611372
0.8215848872244257,2727,1,1,0,0,1,0.0,1.9,2025-Jan-30-22:17:10.649789
0.8215848872244257,2728,1,1,0,0,1,0.0,1.9,2025-Jan-30-22:17:10.722048
0.8215848872244257,2729,1,1,0,0,1,0.0,1.9,2025-Jan-30-22:17:10.818784
0.8747448488829315,2730,1,1,0,0,0,0.0,0.0,2025-Jan-30-22:17:10.862561
0.821584887530485,2731,0,1,0,0,1,0.0,1.9,2025-Jan-30-22:17:10.901918
0.8583309361478302,2732,1,1,0,0,1,0.0,0.1,2025-Jan-30-22:17:10.945773
0.8583309361478302,2733,1,1,0,0,1,0.0,0.1,2025-Jan-30-22:17:10.975391
0.9041586457104427,2734,1,1,0,0,-1,0.0,0.0,2025-Jan-30-22:17:11.019253
0.8215848872244257,2735,1,1,0,0,1,0.0,1.9,2025-Jan-30-22:17:11.125314
0.8215848872244257,2736,1,1,0,0,1,0.0,1.9,2025-Jan-30-22:17:11.166908
0.8215848872244257,2737,1,1,0,0,1,0.0,1.9,2025-Jan-30-22:17:11.212040
0.8215848872244257,2738,1,1,0,0,1,0.0,1.9,2025-Jan-30-22:17:11.251649
1.7847012837492984,2739,8,1,0,0,1,0.0,1.9,2025-Jan-30-22:17:11.287579
0.9041586457104427,2740,1,1,0,0,-1,0.0,0.0,2025-Jan-30-22:17:11.321632
1.7847012837492984,2741,8,1,0,0,1,0.0,1.9,2025-Jan-30-22:17:11.354362
0.8215848872244257,2742,1,1,0,0,1,0.0,1.9,2025-Jan-30-22:17:11.395881
0.8215848872244257,2743,1,1,0,0,1,0.0,1.9,2025-Jan-30-22:17:11.436551
0.8215848872244257,2744,1,1,0,0,1,0.0,1.9,2025-Jan-30-22:17:11.479233
0.8215848872244257,2745,1,1,0,0,1,0.0,1.9,2025-Jan-30-22:17:11.520362
0.8215848872244257,2746,1,1,0,0,1,0.0,1.9,2025-Jan-30-22:17:11.564442
0.8747448488829315,2747,1,1,0,0,0,0.0,0.0,2025-Jan-30-22:17:11.596929
0.8215848872244257,2748,1,1,0,0,1,0.0,1.9,2025-Jan-30-22:17:11.636145
0.8215848872244257,2749,1,1,0,0,1,0.0,1.9,2025-Jan-30-22:17:11.699141
0.8747448488829315,2750,1,1,0,0,0,0.0,0.0,2025-Jan-30-22:17:11.778386
0.8747448488829315,2751,1,1,0,0,0,0.0,0.0,2025-Jan-30-22:17:11.847765
0.8215848872244257,2752,1,1,0,0,1,0.0,1.9,2025-Jan-30-22:17:11.888958
0.8215848872244257,2753,1,1,0,0,1,0.0,1.9,2025-Jan-30-22:17:11.931355
0.8747448488829315,2754,1,1,0,0,0,0.0,0.0,2025-Jan-30-22:17:11.959390
0.8215848872244257,2755,1,1,0,0,1,0.0,1.9,2025-Jan-30-22:17:12.001347
0.8215848872244257,2756,1,1,0,0,1,0.0,1.9,2025-Jan-30-22:17:12.042982
0.8215848872244257,2757,1,1,0,0,1,0.0,1.9,2025-Jan-30-22:17:12.082508
0.8215848872244257,2758,1,1,0,0,1,0.0,1.9,2025-Jan-30-22:17:12.123363
0.8215848872244257,2759,1,1,0,0,1,0.0,1.9,2025-Jan-30-22:17:12.161376
0.8215848872244257,2760,1,1,0,0,1,0.0,1.9,2025-Jan-30-22:17:12.201887
0.8747448488829315,2761,1,1,0,0,0,0.0,0.0,2025-Jan-30-22:17:12.230271
0.9041586457104427,2762,1,1,0,0,-1,0.0,0.0,2025-Jan-30-22:17:12.265468
0.8583309361478302,2763,1,1,0,0,1,0.0,0.1,2025-Jan-30-22:17:12.299075
0.8747448488829315,2764,1,1,0,0,0,0.0,0.0,2025-Jan-30-22:17:12.330782
0.8215848872244257,2765,1,1,0,0,1,0.0,1.9,2025-Jan-30-22:17:12.374528
0.8215848872244257,2766,1,1,0,0,1,0.0,1.9,2025-Jan-30-22:17:12.417739
0.8215848872244257,2767,1,1,0,0,1,0.0,1.9,2025-Jan-30-22:17:12.455449
0.8747448488829315,2768,1,1,0,0,0,0.0,0.0,2025-Jan-30-22:17:12.490536
0.9041586457104427,2769,1,1,0,0,-1,0.0,0.0,2025-Jan-30-22:17:12.531254
0.8215848872244257,2770,1,1,0,0,1,0.0,1.9,2025-Jan-30-22:17:12.569911
0.8215848872244257,2771,1,1,0,0,1,0.0,1.9,2025-Jan-30-22:17:12.612647
0.821584887530485,2772,0,1,0,0,1,0.0,1.9,2025-Jan-30-22:17:12.651397
0.8215848872244257,2773,1,1,0,0,1,0.0,1.9,2025-Jan-30-22:17:12.708074
0.8881494605956468,2774,0,1,0,0,-1,0.0,0.0,2025-Jan-30-22:17:12.791148
0.8747448488829315,2775,1,1,0,0,0,0.0,0.0,2025-Jan-30-22:17:12.858354
0.8215848872244257,2776,1,1,0,0,1,0.0,1.9,2025-Jan-30-22:17:12.898296
0.8215848872244257,2777,1,1,0,0,1,0.0,1.9,2025-Jan-30-22:17:12.939946
0.8215848872244257,2778,1,1,0,0,1,0.0,1.9,2025-Jan-30-22:17:13.053508
0.8747448488829315,2779,1,1,0,0,0,0.0,0.0,2025-Jan-30-22:17:13.090631
0.8215848872244257,2780,1,1,0,0,1,0.0,1.9,2025-Jan-30-22:17:13.142550
0.821584887530485,2781,0,1,0,0,1,0.0,1.9,2025-Jan-30-22:17:13.185211
0.8215848872244257,2782,1,1,0,0,1,0.0,1.9,2025-Jan-30-22:17:13.228057
0.8215848872244257,2783,1,1,0,0,1,0.0,1.9,2025-Jan-30-22:17:13.266018
0.8215848872244257,2784,1,1,0,0,1,0.0,1.9,2025-Jan-30-22:17:13.305327
0.8215848872244257,2785,1,1,0,0,1,0.0,1.9,2025-Jan-30-22:17:13.351189
0.8747448488829315,2786,1,1,0,0,0,0.0,0.0,2025-Jan-30-22:17:13.379919
0.8215848872244257,2787,1,1,0,0,1,0.0,1.9,2025-Jan-30-22:17:13.422636
0.821584887530485,2788,0,1,0,0,1,0.0,1.9,2025-Jan-30-22:17:13.462647
0.8215848872244257,2789,1,1,0,0,1,0.0,1.9,2025-Jan-30-22:17:13.502239
0.8215848872244257,2790,1,1,0,0,1,0.0,1.9,2025-Jan-30-22:17:13.543645
0.8215848872244257,2791,1,1,0,0,1,0.0,1.9,2025-Jan-30-22:17:13.582332
0.8215848872244257,2792,1,1,0,0,1,0.0,1.9,2025-Jan-30-22:17:13.624548
0.8215848872244257,2793,1,1,0,0,1,0.0,1.9,2025-Jan-30-22:17:13.672399
0.8215848872244257,2794,1,1,0,0,1,0.0,1.9,2025-Jan-30-22:17:13.769834
0.8215848872244257,2795,1,1,0,0,1,0.0,1.9,2025-Jan-30-22:17:13.850338
0.8215848872244257,2796,1,1,0,0,1,0.0,1.9,2025-Jan-30-22:17:13.887891
0.8583309361478302,2797,1,1,0,0,1,0.0,0.1,2025-Jan-30-22:17:13.916595
0.8215848872244257,2798,1,1,0,0,1,0.0,1.9,2025-Jan-30-22:17:13.955118
0.8215848872244257,2799,1,1,0,0,1,0.0,1.9,2025-Jan-30-22:17:13.996724
0.821584887530485,2800,0,1,0,0,1,0.0,1.9,2025-Jan-30-22:17:14.035070
0.8215848872244257,2801,1,1,0,0,1,0.0,1.9,2025-Jan-30-22:17:14.075248
0.821584887530485,2802,0,1,0,0,1,0.0,1.9,2025-Jan-30-22:17:14.119380
0.8747448488829315,2803,1,1,0,0,0,0.0,0.0,2025-Jan-30-22:17:14.149170
0.8215848872244257,2804,1,1,0,0,1,0.0,1.9,2025-Jan-30-22:17:14.196316
0.8747448488829315,2805,1,1,0,0,0,0.0,0.0,2025-Jan-30-22:17:14.223332
0.8215848872244257,2806,1,1,0,0,1,0.0,1.9,2025-Jan-30-22:17:14.262573
0.8215848872244257,2807,1,1,0,0,1,0.0,1.9,2025-Jan-30-22:17:14.301661
0.8215848872244257,2808,1,1,0,0,1,0.0,1.9,2025-Jan-30-22:17:14.343758
0.8215848872244257,2809,1,1,0,0,1,0.0,1.9,2025-Jan-30-22:17:14.385185
0.8747448488829315,2810,1,1,0,0,0,0.0,0.0,2025-Jan-30-22:17:14.415818
0.821584887530485,2811,0,1,0,0,1,0.0,1.9,2025-Jan-30-22:17:14.455345
0.8215848872244257,2812,1,1,0,0,1,0.0,1.9,2025-Jan-30-22:17:14.493845
0.8215848872244257,2813,1,1,0,0,1,0.0,1.9,2025-Jan-30-22:17:14.533670
0.8215848872244257,2814,1,1,0,0,1,0.0,1.9,2025-Jan-30-22:17:14.580178
0.8215848872244257,2815,1,1,0,0,1,0.0,1.9,2025-Jan-30-22:17:14.623012
