Cost,Sim,Switch_State_Indx,Gen1_on,Gen2_on,Batt1_mode,Batt2_mode,Batt1_power_kW,Batt2_power_kW,Timestamp
1.7847012925705743,1714,8,1,0,1,0,1.7,0.0,2025-Jan-30-22:16:24.105479
1.5847484359473927,1715,8,1,1,0,0,0.0,0.0,2025-Jan-30-22:16:24.132890
1.6153224933224726,1716,1,1,1,-1,0,0.0,0.0,2025-Jan-30-22:16:24.175909
1.5847019539472484,1717,1,1,1,0,0,0.0,0.0,2025-Jan-30-22:16:24.207931
0.8881494605956468,1718,0,1,0,0,-1,0.0,0.0,2025-Jan-30-22:16:24.244248
1.784701327388307,1719,7,1,0,1,1,1.0,1.0,2025-Jan-30-22:16:24.277028
0.8228014554226728,1720,1,1,0,1,0,1.7,0.0,2025-Jan-30-22:16:24.316603
1.5322869961950398,1721,8,1,0,-1,0,0.0,0.0,2025-Jan-30-22:16:24.352212
0.9053633749819754,1722,0,1,0,-1,0,0.0,0.0,2025-Jan-30-22:16:24.392207
1.5847484356574353,1723,6,1,1,0,0,0.0,0.0,2025-Jan-30-22:16:24.426314
1.5847019540919232,1724,5,1,1,0,0,0.0,0.0,2025-Jan-30-22:16:24.460231
0.8747448491731491,1725,3,1,0,0,0,0.0,0.0,2025-Jan-30-22:16:24.490521
0.874744853213778,1726,4,1,0,0,-1,0.0,0.0,2025-Jan-30-22:16:24.519553
1.5847019375501354,1727,3,1,1,1,0,1.5,0.0,2025-Jan-30-22:16:24.550987
1.5316042366797566,1728,2,1,1,1,1,0.2,0.4,2025-Jan-30-22:16:24.600184
1.5847461136608496,1729,2,1,1,1,0,1.8,0.0,2025-Jan-30-22:16:24.674497
1.5847019372174482,1730,3,1,1,1,0,1.6,0.0,2025-Jan-30-22:16:24.765326
1.7847012823668567,1731,6,1,0,0,0,0.0,0.0,2025-Jan-30-22:16:24.826156
1.7074358974358974,1732,1,1,1,1,1,0.4,0.8,2025-Jan-30-22:16:24.940664
1.7847012822924158,1733,8,1,0,0,0,0.0,0.0,2025-Jan-30-22:16:24.973639
0.8228012842726053,1734,5,1,0,1,1,1.6,1.3,2025-Jan-30-22:16:25.016959
1.5847019540919232,1735,5,1,1,0,0,0.0,0.0,2025-Jan-30-22:16:25.054801
0.856107380815385,1736,1,1,0,-1,1,0.0,0.3,2025-Jan-30-22:16:25.094051
1.5328053238878994,1737,8,1,1,1,0,1.5,0.0,2025-Jan-30-22:16:25.133609
1.584701955935984,1738,5,1,1,0,-1,0.0,0.0,2025-Jan-30-22:16:25.163527
1.637347864715753,1739,1,1,1,-1,-1,0.0,0.0,2025-Jan-30-22:16:25.209759
1.5847019540923193,1740,3,1,1,0,0,0.0,0.0,2025-Jan-30-22:16:25.236367
1.5315471318860974,1741,3,1,1,-1,1,0.0,1.0,2025-Jan-30-22:16:25.275880
1.7847012822924158,1742,8,1,0,0,0,0.0,0.0,2025-Jan-30-22:16:25.308500
1.584746129656701,1743,4,1,1,0,0,0.0,0.0,2025-Jan-30-22:16:25.340168
0.8747448532137795,1744,2,1,0,-1,0,0.0,0.0,2025-Jan-30-22:16:25.369645
0.8747448491731491,1745,5,1,0,0,0,0.0,0.0,2025-Jan-30-22:16:25.402352
1.5328051614124132,1746,6,1,1,1,0,1.4,0.0,2025-Jan-30-22:16:25.441364
0.9041586311647415,1747,2,1,0,1,-1,0.9,0.0,2025-Jan-30-22:16:25.483741
1.5847484206992586,1748,8,1,1,0,1,0.0,0.2,2025-Jan-30-22:16:25.514605
0.8215908752184986,1749,3,1,0,1,1,1.5,1.4,2025-Jan-30-22:16:25.560956
0.874744853213778,1750,4,1,0,0,-1,0.0,0.0,2025-Jan-30-22:16:25.600969
0.8228008303974108,1751,0,1,0,1,0,1.3,0.0,2025-Jan-30-22:16:25.698838
1.5315977791177073,1752,6,1,1,0,1,0.0,1.1,2025-Jan-30-22:16:25.788550
1.6153224952514107,1753,5,1,1,-1,-1,0.0,0.0,2025-Jan-30-22:16:25.826765
1.614159930101928,1754,2,1,1,-1,-1,0.0,0.0,2025-Jan-30-22:16:25.864966
1.5847484356574353,1755,6,1,1,0,0,0.0,0.0,2025-Jan-30-22:16:25.893740
1.5847019540923193,1756,3,1,1,0,0,0.0,0.0,2025-Jan-30-22:16:25.921564
1.6141623056363077,1757,7,1,1,1,-1,1.4,0.0,2025-Jan-30-22:16:25.965638
1.7847012822924566,1758,7,1,0,0,0,0.0,0.0,2025-Jan-30-22:16:26.000165
0.8216029751370872,1759,3,1,0,-1,1,0.0,0.4,2025-Jan-30-22:16:26.043321
0.8747448494635457,1760,2,1,0,0,0,0.0,0.0,2025-Jan-30-22:16:26.071197
0.8215848917957547,1761,2,1,0,-1,1,0.0,1.9,2025-Jan-30-22:16:26.112355
1.614162321244659,1762,6,1,1,0,-1,0.0,0.0,2025-Jan-30-22:16:26.150029
1.584746129656701,1763,4,1,1,0,0,0.0,0.0,2025-Jan-30-22:16:26.178239
0.9053633590700203,1764,5,1,0,-1,1,0.0,0.2,2025-Jan-30-22:16:26.218010
1.7847012822924566,1765,7,1,0,0,0,0.0,0.0,2025-Jan-30-22:16:26.254180
0.8747448491731491,1766,3,1,0,0,0,0.0,0.0,2025-Jan-30-22:16:26.280377
0.8747448491733278,1767,0,1,0,0,0,0.0,0.0,2025-Jan-30-22:16:26.362524
1.809188939933092,1768,6,1,0,1,-1,1.9,0.0,2025-Jan-30-22:16:26.398361
0.8228003498035438,1769,5,1,0,1,1,1.0,1.0,2025-Jan-30-22:16:26.437681
0.8228014554226728,1770,1,1,0,1,0,1.7,0.0,2025-Jan-30-22:16:26.483738
0.9053633749819754,1771,0,1,0,-1,0,0.0,0.0,2025-Jan-30-22:16:26.524855
0.8228012986721696,1772,0,1,0,1,0,1.6,0.0,2025-Jan-30-22:16:26.570571
0.8747448491731491,1773,5,1,0,0,0,0.0,0.0,2025-Jan-30-22:16:26.631066
1.7847012822924566,1774,7,1,0,0,0,0.0,0.0,2025-Jan-30-22:16:26.713721
0.8747448491731491,1775,3,1,0,0,0,0.0,0.0,2025-Jan-30-22:16:26.773956
0.874744853213778,1776,4,1,0,0,-1,0.0,0.0,2025-Jan-30-22:16:26.803393
0.8215896722541962,1777,3,1,0,1,1,1.0,1.5,2025-Jan-30-22:16:26.842952
0.8419269785380258,1778,0,1,0,1,0,0.2,0.0,2025-Jan-30-22:16:26.874727
1.5328028938301352,1779,0,1,1,1,0,1.8,0.0,2025-Jan-30-22:16:26.918301
0.8747448532137795,1780,2,1,0,-1,0,0.0,0.0,2025-Jan-30-22:16:26.945816
1.7847012823668567,1781,6,1,0,0,0,0.0,0.0,2025-Jan-30-22:16:26.977240
0.7696421298155003,1782,0,1,0,1,1,1.0,1.9,2025-Jan-30-22:16:27.027711
1.7847012822924158,1783,8,1,0,0,0,0.0,0.0,2025-Jan-30-22:16:27.061939
0.8228005054634413,1784,4,1,0,1,1,1.1,1.0,2025-Jan-30-22:16:27.104699
1.584746129656701,1785,4,1,1,0,0,0.0,0.0,2025-Jan-30-22:16:27.132007
0.8747448494635457,1786,2,1,0,0,0,0.0,0.0,2025-Jan-30-22:16:27.163773
1.7847012822924158,1787,8,1,0,0,0,0.0,0.0,2025-Jan-30-22:16:27.197867
1.584746129656701,1788,4,1,1,0,0,0.0,0.0,2025-Jan-30-22:16:27.225962
0.9053633747002237,1789,1,1,0,-1,0,0.0,0.0,2025-Jan-30-22:16:27.266925
0.8747448494635456,1790,4,1,0,0,0,0.0,0.0,2025-Jan-30-22:16:27.298183
0.9053633747002237,1791,1,1,0,-1,0,0.0,0.0,2025-Jan-30-22:16:27.333548
0.8747448491731491,1792,3,1,0,0,0,0.0,0.0,2025-Jan-30-22:16:27.366545
0.8215957126790283,1793,2,1,0,0,1,0.0,1.0,2025-Jan-30-22:16:27.405931
0.9053633749818047,1794,5,1,0,-1,0,0.0,0.0,2025-Jan-30-22:16:27.440656
0.8747448491733278,1795,0,1,0,0,0,0.0,0.0,2025-Jan-30-22:16:27.467101
1.5847019559413573,1796,3,1,1,-1,0,0.0,0.0,2025-Jan-30-22:16:27.498164
0.8877495822518107,1797,0,1,0,1,-1,0.1,0.0,2025-Jan-30-22:16:27.533762
1.5315989937219925,1798,7,1,1,0,1,0.0,1.0,2025-Jan-30-22:16:27.573360
0.8215860907385734,1799,3,1,0,-1,1,0.0,1.8,2025-Jan-30-22:16:27.637074
0.9041586459923068,1800,3,1,0,0,-1,0.0,0.0,2025-Jan-30-22:16:27.781724
0.9053633749819754,1801,0,1,0,-1,0,0.0,0.0,2025-Jan-30-22:16:27.840447
0.888951247603421,1802,0,1,0,-1,1,0.0,0.1,2025-Jan-30-22:16:27.874216
1.6153224934628456,1803,5,1,1,-1,0,0.0,0.0,2025-Jan-30-22:16:27.909987
1.6153224934628456,1804,5,1,1,-1,0,0.0,0.0,2025-Jan-30-22:16:27.943989
1.6153224933224726,1805,1,1,1,-1,0,0.0,0.0,2025-Jan-30-22:16:27.977890
0.8747448494635457,1806,2,1,0,0,0,0.0,0.0,2025-Jan-30-22:16:28.009379
1.5847019374876952,1807,3,1,1,1,0,0.9,0.0,2025-Jan-30-22:16:28.041435
0.8747448488829315,1808,1,1,0,0,0,0.0,0.0,2025-Jan-30-22:16:28.068287
0.9347793000872058,1809,0,1,0,-1,-1,0.0,0.0,2025-Jan-30-22:16:28.109893
0.874744834217335,1810,2,1,0,1,0,0.2,0.0,2025-Jan-30-22:16:28.141794
0.8522113750405047,1811,0,1,0,1,-1,1.7,0.0,2025-Jan-30-22:16:28.195058
1.584748420675777,1812,8,1,1,0,1,0.0,0.3,2025-Jan-30-22:16:28.228593
0.8747448494635456,1813,4,1,0,0,0,0.0,0.0,2025-Jan-30-22:16:28.254499
0.8522172654713456,1814,1,1,0,-1,1,0.0,1.0,2025-Jan-30-22:16:28.300015
0.8747448529233829,1815,3,1,0,-1,0,0.0,0.0,2025-Jan-30-22:16:28.329150
0.8747448491731491,1816,3,1,0,0,0,0.0,0.0,2025-Jan-30-22:16:28.358570
0.8747448491733278,1817,0,1,0,0,0,0.0,0.0,2025-Jan-30-22:16:28.386408
0.8877495822518107,1818,0,1,0,1,-1,0.1,0.0,2025-Jan-30-22:16:28.423827
0.8747448491733278,1819,0,1,0,0,0,0.0,0.0,2025-Jan-30-22:16:28.450309
0.8747448488829315,1820,1,1,0,0,0,0.0,0.0,2025-Jan-30-22:16:28.480818
0.9053633749819754,1821,0,1,0,-1,0,0.0,0.0,2025-Jan-30-22:16:28.518312
0.8228017704195789,1822,0,1,0,1,0,1.9,0.0,2025-Jan-30-22:16:28.558637
1.5847019540919232,1823,5,1,1,0,0,0.0,0.0,2025-Jan-30-22:16:28.609955
0.9053633749819754,1824,0,1,0,-1,0,0.0,0.0,2025-Jan-30-22:16:28.691449
0.8215920789711568,1825,3,1,0,1,1,1.0,1.3,2025-Jan-30-22:16:28.772549
0.8747448339688846,1826,4,1,0,0,1,0.0,1.9,2025-Jan-30-22:16:28.811685
0.8747448529233829,1827,3,1,0,-1,0,0.0,0.0,2025-Jan-30-22:16:28.849373
0.8228008303974108,1828,0,1,0,1,0,1.3,0.0,2025-Jan-30-22:16:28.892853
0.8228003666171384,1829,0,1,0,1,0,1.0,0.0,2025-Jan-30-22:16:28.936627
0.8747448491733278,1830,0,1,0,0,0,0.0,0.0,2025-Jan-30-22:16:28.964307
0.8747448494635457,1831,2,1,0,0,0,0.0,0.0,2025-Jan-30-22:16:28.994231
0.769650520531142,1832,0,1,0,1,1,1.0,1.2,2025-Jan-30-22:16:29.054509
1.7847012822924158,1833,8,1,0,0,0,0.0,0.0,2025-Jan-30-22:16:29.086599
0.9193881525555189,1834,1,1,0,-1,-1,0.0,0.0,2025-Jan-30-22:16:29.130129
0.8747448494635456,1835,4,1,0,0,0,0.0,0.0,2025-Jan-30-22:16:29.160262
0.9053633749819754,1836,0,1,0,-1,0,0.0,0.0,2025-Jan-30-22:16:29.195101
1.7847012822924158,1837,8,1,0,0,0,0.0,0.0,2025-Jan-30-22:16:29.226771
0.8747448494635456,1838,4,1,0,0,0,0.0,0.0,2025-Jan-30-22:16:29.262276
0.9053633749819754,1839,0,1,0,-1,0,0.0,0.0,2025-Jan-30-22:16:29.299000
0.7696584828555858,1840,0,1,0,1,1,0.7,0.5,2025-Jan-30-22:16:29.348215
0.8228005202542494,1841,0,1,0,1,0,1.1,0.0,2025-Jan-30-22:16:29.443943
1.7847012823668567,1842,6,1,0,0,0,0.0,0.0,2025-Jan-30-22:16:29.475219
0.8747448491733278,1843,0,1,0,0,0,0.0,0.0,2025-Jan-30-22:16:29.505774
0.7696440830882127,1844,0,1,0,1,1,0.5,1.6,2025-Jan-30-22:16:29.555088
0.8522112478975696,1845,0,1,0,-1,1,0.0,1.5,2025-Jan-30-22:16:29.621131
0.9041586499145164,1846,2,1,0,-1,-1,0.0,0.0,2025-Jan-30-22:16:29.711023
0.8747448491731491,1847,3,1,0,0,0,0.0,0.0,2025-Jan-30-22:16:29.774704
1.584746129656701,1848,4,1,1,0,0,0.0,0.0,2025-Jan-30-22:16:29.803537
0.8747448339034551,1849,3,1,0,1,0,0.3,0.0,2025-Jan-30-22:16:29.836062
1.5309869961954488,1850,6,1,0,0,-1,0.0,0.0,2025-Jan-30-22:16:29.872949
0.7735417460118729,1851,1,1,0,1,1,1.0,0.3,2025-Jan-30-22:16:29.913220
0.8522223163474579,1852,0,1,0,-1,1,0.0,0.5,2025-Jan-30-22:16:29.958054
0.8747448491731491,1853,5,1,0,0,0,0.0,0.0,2025-Jan-30-22:16:29.985562
1.5847019540923193,1854,3,1,1,0,0,0.0,0.0,2025-Jan-30-22:16:30.019036
1.5847461293664833,1855,0,1,1,0,0,0.0,0.0,2025-Jan-30-22:16:30.050776
0.9053633747002237,1856,1,1,0,-1,0,0.0,0.0,2025-Jan-30-22:16:30.086521
0.8228000566004263,1857,0,1,0,1,0,0.8,0.0,2025-Jan-30-22:16:30.127074
0.888149460778483,1858,2,1,0,0,-1,0.0,0.0,2025-Jan-30-22:16:30.161140
0.8216005474628404,1859,3,1,0,0,1,0.0,0.6,2025-Jan-30-22:16:30.202136
1.7847012823668567,1860,6,1,0,0,0,0.0,0.0,2025-Jan-30-22:16:30.230997
0.8881494605956468,1861,0,1,0,0,-1,0.0,0.0,2025-Jan-30-22:16:30.269424
1.5847484359473927,1862,8,1,1,0,0,0.0,0.0,2025-Jan-30-22:16:30.300555
0.8747448494635457,1863,2,1,0,0,0,0.0,0.0,2025-Jan-30-22:16:30.328520
0.8522172657688045,1864,0,1,0,-1,1,0.0,1.0,2025-Jan-30-22:16:30.374480
0.8747448491731491,1865,3,1,0,0,0,0.0,0.0,2025-Jan-30-22:16:30.407854
0.8747448491731491,1866,3,1,0,0,0,0.0,0.0,2025-Jan-30-22:16:30.437795
0.8747448491733278,1867,0,1,0,0,0,0.0,0.0,2025-Jan-30-22:16:30.469889
1.784701303334668,1868,6,1,0,0,1,0.0,0.9,2025-Jan-30-22:16:30.500995
0.8228017704195789,1869,0,1,0,1,0,1.9,0.0,2025-Jan-30-22:16:30.540996
1.5847019539472484,1870,1,1,1,0,0,0.0,0.0,2025-Jan-30-22:16:30.567521
0.9053633749819754,1871,0,1,0,-1,0,0.0,0.0,2025-Jan-30-22:16:30.624742
0.8522121878885919,1872,0,1,0,1,-1,0.6,0.0,2025-Jan-30-22:16:30.731433
0.822799580108345,1873,5,1,0,1,1,0.5,1.4,2025-Jan-30-22:16:30.813525
0.8522059267878213,1874,0,1,0,-1,1,0.0,1.9,2025-Jan-30-22:16:30.860880
0.7696421298155003,1875,0,1,0,1,1,1.0,1.9,2025-Jan-30-22:16:30.909448
0.9053633747002237,1876,1,1,0,-1,0,0.0,0.0,2025-Jan-30-22:16:30.943561
0.8215848875302478,1877,3,1,0,0,1,0.0,1.9,2025-Jan-30-22:16:30.981570
0.9053633749819754,1878,0,1,0,-1,0,0.0,0.0,2025-Jan-30-22:16:31.018184
0.8877495822518107,1879,0,1,0,1,-1,0.1,0.0,2025-Jan-30-22:16:31.062037
0.821601743815381,1880,2,1,0,1,1,1.3,0.5,2025-Jan-30-22:16:31.101353
1.5847019540919232,1881,5,1,1,0,0,0.0,0.0,2025-Jan-30-22:16:31.131004
0.8228017704195789,1882,0,1,0,1,0,1.9,0.0,2025-Jan-30-22:16:31.168948
0.8747448488829315,1883,1,1,0,0,0,0.0,0.0,2025-Jan-30-22:16:31.197453
1.5309869961954488,1884,6,1,0,0,-1,0.0,0.0,2025-Jan-30-22:16:31.237940
0.8747448491733278,1885,0,1,0,0,0,0.0,0.0,2025-Jan-30-22:16:31.266845
0.8522113019363877,1886,0,1,0,1,-1,1.8,0.0,2025-Jan-30-22:16:31.321348
0.8747448494635457,1887,2,1,0,0,0,0.0,0.0,2025-Jan-30-22:16:31.357654
0.8747448494635456,1888,4,1,0,0,0,0.0,0.0,2025-Jan-30-22:16:31.390830
0.7696542469209251,1889,1,1,0,1,1,1.2,1.0,2025-Jan-30-22:16:31.442165
0.8228001958612703,1890,4,1,0,1,1,0.9,1.5,2025-Jan-30-22:16:31.482822
0.9347793000872058,1891,0,1,0,-1,-1,0.0,0.0,2025-Jan-30-22:16:31.528546
0.8227999025777923,1892,0,1,0,1,0,0.7,0.0,2025-Jan-30-22:16:31.569957
1.7074358974358974,1893,0,1,1,1,1,0.5,1.5,2025-Jan-30-22:16:31.638750
0.8228000566004263,1894,0,1,0,1,0,0.8,0.0,2025-Jan-30-22:16:31.784688
1.5452253365273612,1895,0,1,1,1,-1,1.9,0.0,2025-Jan-30-22:16:31.857593
0.8747448491733278,1896,0,1,0,0,0,0.0,0.0,2025-Jan-30-22:16:31.894139
0.8747448342009724,1897,3,1,0,1,0,1.2,0.0,2025-Jan-30-22:16:31.927667
0.8747448336784889,1898,3,1,0,1,0,1.9,0.0,2025-Jan-30-22:16:31.959719
0.8215908956105877,1899,3,1,0,-1,1,0.0,1.4,2025-Jan-30-22:16:31.998031
0.8228008303974108,1900,0,1,0,1,0,1.3,0.0,2025-Jan-30-22:16:32.038522
0.8228011426552728,1901,1,1,0,1,0,1.5,0.0,2025-Jan-30-22:16:32.078353
1.6153646551691805,1902,0,1,1,-1,0,0.0,0.0,2025-Jan-30-22:16:32.113553
1.614162321244659,1903,6,1,1,0,-1,0.0,0.0,2025-Jan-30-22:16:32.147070
0.8747448491731491,1904,3,1,0,0,0,0.0,0.0,2025-Jan-30-22:16:32.175726
0.8747448488829315,1905,1,1,0,0,0,0.0,0.0,2025-Jan-30-22:16:32.207412
0.9053633749819754,1906,0,1,0,-1,0,0.0,0.0,2025-Jan-30-22:16:32.242854
0.8522116704077509,1907,0,1,0,1,-1,1.3,0.0,2025-Jan-30-22:16:32.292472
0.888149460778483,1908,2,1,0,0,-1,0.0,0.0,2025-Jan-30-22:16:32.327192
0.8215908913455763,1909,1,1,0,0,1,0.0,1.4,2025-Jan-30-22:16:32.367182
0.7696462608915413,1910,0,1,0,1,1,0.8,1.5,2025-Jan-30-22:16:32.416308
1.784701291356817,1911,7,1,0,0,1,0.0,1.9,2025-Jan-30-22:16:32.447058
1.7847012885221898,1912,8,1,0,0,1,0.0,0.4,2025-Jan-30-22:16:32.478694
0.8522059267878213,1913,0,1,0,-1,1,0.0,1.9,2025-Jan-30-22:16:32.537466
0.7696547337583772,1914,0,1,0,1,1,1.3,1.0,2025-Jan-30-22:16:32.583755
0.8228017704195789,1915,0,1,0,1,0,1.9,0.0,2025-Jan-30-22:16:32.675882
0.76964829017214,1916,0,1,0,1,1,1.9,1.7,2025-Jan-30-22:16:32.784711
0.8215848872244257,1917,1,1,0,0,1,0.0,1.9,2025-Jan-30-22:16:32.826239
0.8881494605956468,1918,0,1,0,0,-1,0.0,0.0,2025-Jan-30-22:16:32.862160
0.7899711814525461,1919,0,1,0,1,1,1.9,0.2,2025-Jan-30-22:16:32.901287
0.8228006763124884,1920,0,1,0,1,0,1.2,0.0,2025-Jan-30-22:16:32.939645
0.8228003666171384,1921,0,1,0,1,0,1.0,0.0,2025-Jan-30-22:16:32.979028
0.8583360150468824,1922,4,1,0,1,-1,0.1,0.0,2025-Jan-30-22:16:33.018819
0.8227994424947085,1923,5,1,0,1,0,0.4,0.0,2025-Jan-30-22:16:33.064598
0.9347793000872058,1924,0,1,0,-1,-1,0.0,0.0,2025-Jan-30-22:16:33.108940
0.8228008303974108,1925,0,1,0,1,0,1.3,0.0,2025-Jan-30-22:16:33.151338
0.8881494605956468,1926,0,1,0,0,-1,0.0,0.0,2025-Jan-30-22:16:33.189603
0.8747448488829315,1927,1,1,0,0,0,0.0,0.0,2025-Jan-30-22:16:33.218098
0.8228008303974108,1928,0,1,0,1,0,1.3,0.0,2025-Jan-30-22:16:33.264507
0.8881494605956468,1929,0,1,0,0,-1,0.0,0.0,2025-Jan-30-22:16:33.301216
0.8228009875961496,1930,0,1,0,1,0,1.4,0.0,2025-Jan-30-22:16:33.339593
0.8747448494635457,1931,2,1,0,0,0,0.0,0.0,2025-Jan-30-22:16:33.369478
0.8747448491733278,1932,0,1,0,0,0,0.0,0.0,2025-Jan-30-22:16:33.400959
0.8747448488829315,1933,1,1,0,0,0,0.0,0.0,2025-Jan-30-22:16:33.436027
0.8522112273935721,1934,0,1,0,1,-1,1.9,0.0,2025-Jan-30-22:16:33.491219
0.8747448488829315,1935,1,1,0,0,0,0.0,0.0,2025-Jan-30-22:16:33.525646
0.7696448086565623,1936,1,1,0,1,1,1.8,1.9,2025-Jan-30-22:16:33.578070
0.7696516904924596,1937,1,1,0,1,1,1.5,1.3,2025-Jan-30-22:16:33.685305
1.532803050623543,1938,0,1,1,1,0,1.9,0.0,2025-Jan-30-22:16:33.761528
0.822800660784401,1939,4,1,0,1,1,1.2,1.9,2025-Jan-30-22:16:33.803409
0.8090633986192749,1940,1,1,0,1,1,0.1,0.3,2025-Jan-30-22:16:33.831672
0.9347793000872058,1941,0,1,0,-1,-1,0.0,0.0,2025-Jan-30-22:16:33.873105
0.8228002112786911,1942,0,1,0,1,0,0.9,0.0,2025-Jan-30-22:16:33.914535
0.8522193752972962,1943,1,1,0,-1,1,0.0,0.8,2025-Jan-30-22:16:33.959631
0.8583360109372675,1944,0,1,0,1,0,0.1,0.0,2025-Jan-30-22:16:33.989070
0.8227994424949018,1945,0,1,0,1,0,0.4,0.0,2025-Jan-30-22:16:34.027910
0.8522086606808988,1946,0,1,0,-1,1,0.0,1.7,2025-Jan-30-22:16:34.075248
0.8215848917957547,1947,2,1,0,-1,1,0.0,1.9,2025-Jan-30-22:16:34.119346
0.904158630794389,1948,3,1,0,1,-1,1.9,0.0,2025-Jan-30-22:16:34.162243
0.7696572094454908,1949,0,1,0,1,1,1.9,1.0,2025-Jan-30-22:16:34.212660
0.8522116704077509,1950,0,1,0,1,-1,1.3,0.0,2025-Jan-30-22:16:34.260883
0.8352230929741524,1951,0,1,0,1,-1,1.0,0.0,2025-Jan-30-22:16:34.305483
0.8051774176758271,1952,0,1,0,1,1,0.1,1.8,2025-Jan-30-22:16:34.344990
0.8881494605956468,1953,0,1,0,0,-1,0.0,0.0,2025-Jan-30-22:16:34.439162
0.8583309209841503,1954,3,1,0,1,1,1.9,0.1,2025-Jan-30-22:16:34.470169
0.8747448491731491,1955,5,1,0,0,0,0.0,0.0,2025-Jan-30-22:16:34.500414
0.8881494605956468,1956,0,1,0,0,-1,0.0,0.0,2025-Jan-30-22:16:34.534079
0.8227997491403438,1957,0,1,0,1,0,0.6,0.0,2025-Jan-30-22:16:34.574889
0.8522073137589334,1958,0,1,0,-1,1,0.0,1.8,2025-Jan-30-22:16:34.649125
0.9053633747002237,1959,1,1,0,-1,0,0.0,0.0,2025-Jan-30-22:16:34.739458
0.8228012986721696,1960,0,1,0,1,0,1.6,0.0,2025-Jan-30-22:16:34.804594
0.9347793000872058,1961,0,1,0,-1,-1,0.0,0.0,2025-Jan-30-22:16:34.851083
1.7847013085823937,1962,6,1,0,0,1,0.0,0.5,2025-Jan-30-22:16:34.883252
0.9041586305050624,1963,3,1,0,1,-1,0.1,0.0,2025-Jan-30-22:16:34.925928
0.8522059267878213,1964,0,1,0,-1,1,0.0,1.9,2025-Jan-30-22:16:34.969743
0.8227999022720551,1965,1,1,0,1,0,0.7,0.0,2025-Jan-30-22:16:35.012582
0.8215872856010834,1966,3,1,0,0,1,0.0,1.7,2025-Jan-30-22:16:35.053560
0.8747448491733278,1967,0,1,0,0,0,0.0,0.0,2025-Jan-30-22:16:35.086792
0.7696536875008569,1968,0,1,0,1,1,1.9,1.3,2025-Jan-30-22:16:35.142095
0.7899711811370801,1969,1,1,0,1,1,1.9,0.2,2025-Jan-30-22:16:35.183035
0.8522059267878213,1970,0,1,0,-1,1,0.0,1.9,2025-Jan-30-22:16:35.236236
0.8747448529233829,1971,3,1,0,-1,0,0.0,0.0,2025-Jan-30-22:16:35.264494
0.9053633749819754,1972,0,1,0,-1,0,0.0,0.0,2025-Jan-30-22:16:35.300554
0.8215872898664861,1973,2,1,0,-1,1,0.0,1.7,2025-Jan-30-22:16:35.339611
0.7696444707819342,1974,0,1,0,1,1,1.7,1.9,2025-Jan-30-22:16:35.388397
0.7696421298155003,1975,0,1,0,1,1,1.0,1.9,2025-Jan-30-22:16:35.438280
0.8215848875302478,1976,3,1,0,0,1,0.0,1.9,2025-Jan-30-22:16:35.481898
0.7943549321717716,1977,0,1,0,1,1,1.9,1.9,2025-Jan-30-22:16:35.528259
1.5322869961950296,1978,6,1,0,-1,0,0.0,0.0,2025-Jan-30-22:16:35.573013
0.8522059264903825,1979,1,1,0,-1,1,0.0,1.9,2025-Jan-30-22:16:35.650311
0.8747448342562555,1980,4,1,0,0,1,0.0,0.6,2025-Jan-30-22:16:35.741818
0.7887673550114882,1981,1,1,0,1,1,0.2,1.9,2025-Jan-30-22:16:35.808324
0.821584887530485,1982,0,1,0,0,1,0.0,1.9,2025-Jan-30-22:16:35.848311
0.8228017704195789,1983,0,1,0,1,0,1.9,0.0,2025-Jan-30-22:16:35.888953
0.7696427939049215,1984,0,1,0,1,1,1.2,1.9,2025-Jan-30-22:16:35.937863
0.8881494605956468,1985,0,1,0,0,-1,0.0,0.0,2025-Jan-30-22:16:35.974842
0.9193881525555189,1986,1,1,0,-1,-1,0.0,0.0,2025-Jan-30-22:16:36.018886
0.8522073137589334,1987,0,1,0,-1,1,0.0,1.8,2025-Jan-30-22:16:36.062356
0.8747448494635456,1988,4,1,0,0,0,0.0,0.0,2025-Jan-30-22:16:36.098561
0.7696536875008569,1989,0,1,0,1,1,1.9,1.3,2025-Jan-30-22:16:36.147013
0.8063873539004431,1990,0,1,0,1,1,0.7,0.1,2025-Jan-30-22:16:36.186811
0.7696624739392786,1991,1,1,0,1,1,1.9,0.4,2025-Jan-30-22:16:36.237723
0.8215908919574928,1992,2,1,0,0,1,0.0,1.4,2025-Jan-30-22:16:36.277484
0.8215848878363071,1993,2,1,0,0,1,0.0,1.9,2025-Jan-30-22:16:36.321758
0.7696491367678059,1994,0,1,0,1,1,1.8,1.6,2025-Jan-30-22:16:36.374633
0.8522123351704443,1995,0,1,0,1,-1,0.4,0.0,2025-Jan-30-22:16:36.422925
0.9053633749819754,1996,0,1,0,-1,0,0.0,0.0,2025-Jan-30-22:16:36.458041
0.7696525046282503,1997,1,1,0,1,1,0.5,0.9,2025-Jan-30-22:16:36.507117
0.8215920795561125,1998,2,1,0,1,1,0.4,1.3,2025-Jan-30-22:16:36.547057
0.7696572094454908,1999,0,1,0,1,1,1.9,1.0,2025-Jan-30-22:16:36.609445
0.8522112273935721,2000,0,1,0,1,-1,1.9,0.0,2025-Jan-30-22:16:36.701955
0.8522059267878213,2001,0,1,0,-1,1,0.0,1.9,2025-Jan-30-22:16:36.782718
0.8522059267878213,2002,0,1,0,-1,1,0.0,1.9,2025-Jan-30-22:16:36.828206
0.8747448488829315,2003,1,1,0,0,0,0.0,0.0,2025-Jan-30-22:16:36.870267
0.7696417991278623,2004,0,1,0,1,1,0.9,1.9,2025-Jan-30-22:16:36.923617
0.8747448488829315,2005,1,1,0,0,0,0.0,0.0,2025-Jan-30-22:16:36.955889
0.8215896882838103,2006,0,1,0,0,1,0.0,1.5,2025-Jan-30-22:16:36.996644
0.8522112273935721,2007,0,1,0,1,-1,1.9,0.0,2025-Jan-30-22:16:37.049201
0.8522059267878213,2008,0,1,0,-1,1,0.0,1.9,2025-Jan-30-22:16:37.093793
0.8216017584431506,2009,1,1,0,0,1,0.0,0.5,2025-Jan-30-22:16:37.134013
0.7696486784152385,2010,0,1,0,1,1,1.5,1.5,2025-Jan-30-22:16:37.184242
0.9347793000872058,2011,0,1,0,-1,-1,0.0,0.0,2025-Jan-30-22:16:37.233112
1.6153667139864458,2012,8,1,1,-1,1,0.0,1.6,2025-Jan-30-22:16:37.272228
0.8051834232113976,2013,0,1,0,1,1,0.1,1.3,2025-Jan-30-22:16:37.309917
0.7696538705901512,2014,0,1,0,1,1,0.9,0.9,2025-Jan-30-22:16:37.358405
0.8215848728869033,2015,3,1,0,1,1,1.4,1.9,2025-Jan-30-22:16:37.400212
0.7696523647812192,2016,1,1,0,1,1,1.9,1.4,2025-Jan-30-22:16:37.447208
0.8051762187849656,2017,0,1,0,1,1,0.1,1.9,2025-Jan-30-22:16:37.484082
0.8583360109372675,2018,0,1,0,1,0,0.1,0.0,2025-Jan-30-22:16:37.571072
0.8747448491733278,2019,0,1,0,0,0,0.0,0.0,2025-Jan-30-22:16:37.626121
0.8522124986654672,2020,0,1,0,-1,1,0.0,1.4,2025-Jan-30-22:16:37.723116
0.8352233059192223,2021,0,1,0,1,-1,1.2,0.0,2025-Jan-30-22:16:37.798273
0.8228014557284186,2022,0,1,0,1,0,1.7,0.0,2025-Jan-30-22:16:37.836609
0.7696523651026721,2023,0,1,0,1,1,1.9,1.4,2025-Jan-30-22:16:37.884628
0.7696448086565623,2024,1,1,0,1,1,1.8,1.9,2025-Jan-30-22:16:37.931822
0.7696421298155003,2025,0,1,0,1,1,1.0,1.9,2025-Jan-30-22:16:37.979879
0.9041586459923068,2026,3,1,0,0,-1,0.0,0.0,2025-Jan-30-22:16:38.015650
1.7847013104230753,2027,7,1,0,0,1,0.0,0.9,2025-Jan-30-22:16:38.045654
0.8215969034847483,2028,2,1,0,1,1,1.3,0.9,2025-Jan-30-22:16:38.084818
0.7943549321717716,2029,0,1,0,1,1,1.9,1.9,2025-Jan-30-22:16:38.126033
0.8216017438933046,2030,2,1,0,1,1,1.5,0.5,2025-Jan-30-22:16:38.168024
0.8228008303974108,2031,0,1,0,1,0,1.3,0.0,2025-Jan-30-22:16:38.209191
0.7696427939049215,2032,0,1,0,1,1,1.2,1.9,2025-Jan-30-22:16:38.261820
0.7943549321717716,2033,0,1,0,1,1,1.9,1.9,2025-Jan-30-22:16:38.302909
0.7696621004618776,2034,0,1,0,1,1,1.7,0.4,2025-Jan-30-22:16:38.352144
0.8227995955819274,2035,0,1,0,1,0,0.5,0.0,2025-Jan-30-22:16:38.400842
0.7696568763281618,2036,1,1,0,1,1,1.8,1.0,2025-Jan-30-22:16:38.452730
0.7696613426090055,2037,1,1,0,1,1,1.7,0.5,2025-Jan-30-22:16:38.505951
0.9053633747002237,2038,1,1,0,-1,0,0.0,0.0,2025-Jan-30-22:16:38.541722
0.8227999025777923,2039,0,1,0,1,0,0.7,0.0,2025-Jan-30-22:16:38.601792
0.7696471351372718,2040,0,1,0,1,1,0.7,1.4,2025-Jan-30-22:16:38.706051
0.8063898252608297,2041,1,1,0,1,1,1.9,0.1,2025-Jan-30-22:16:38.788870
0.769647461844335,2042,0,1,0,1,1,0.8,1.4,2025-Jan-30-22:16:38.843140
0.8215848917957547,2043,2,1,0,-1,1,0.0,1.9,2025-Jan-30-22:16:38.887036
0.7723595009283017,2044,0,1,0,1,1,0.3,1.8,2025-Jan-30-22:16:38.926924
0.905363359801234,2045,4,1,0,-1,1,0.0,1.2,2025-Jan-30-22:16:38.970544
0.7696431255190277,2046,0,1,0,1,1,1.3,1.9,2025-Jan-30-22:16:39.023025
0.8063896478862551,2047,1,1,0,1,1,1.8,0.1,2025-Jan-30-22:16:39.073113
0.8215920801515038,2048,3,1,0,1,1,1.9,1.3,2025-Jan-30-22:16:39.123560
0.7696525442044657,2049,0,1,0,1,1,1.4,1.2,2025-Jan-30-22:16:39.178780
0.8747448491733278,2050,0,1,0,0,0,0.0,0.0,2025-Jan-30-22:16:39.207594
0.8215920797611616,2051,2,1,0,1,1,0.5,1.3,2025-Jan-30-22:16:39.252331
0.8063892850181805,2052,0,1,0,1,1,1.6,0.1,2025-Jan-30-22:16:39.297268
0.8747448494635457,2053,2,1,0,0,0,0.0,0.0,2025-Jan-30-22:16:39.328149
0.7696549530807064,2054,0,1,0,1,1,1.9,1.2,2025-Jan-30-22:16:39.379703
0.8216005471569722,2055,1,1,0,0,1,0.0,0.6,2025-Jan-30-22:16:39.421637
0.7696500933480523,2056,0,1,0,1,1,0.5,1.1,2025-Jan-30-22:16:39.477152
0.7696408147459626,2057,0,1,0,1,1,0.6,1.9,2025-Jan-30-22:16:39.537057
0.7943549321717716,2058,0,1,0,1,1,1.9,1.9,2025-Jan-30-22:16:39.575821
0.8215872712938261,2059,2,1,0,1,1,0.6,1.7,2025-Jan-30-22:16:39.645349
0.8051822212909672,2060,0,1,0,1,1,0.1,1.4,2025-Jan-30-22:16:39.754181
0.7696444707819342,2061,0,1,0,1,1,1.7,1.9,2025-Jan-30-22:16:39.827774
0.7735409274400051,2062,0,1,0,1,1,0.9,0.3,2025-Jan-30-22:16:39.866439
0.7899711811370801,2063,1,1,0,1,1,1.9,0.2,2025-Jan-30-22:16:39.908788
0.8522183390664685,2064,0,1,0,-1,1,0.0,0.9,2025-Jan-30-22:16:39.956400
0.7696431255190277,2065,0,1,0,1,1,1.3,1.9,2025-Jan-30-22:16:40.008368
0.8747448491733278,2066,0,1,0,0,0,0.0,0.0,2025-Jan-30-22:16:40.037189
0.7696553969685245,2067,0,1,0,1,1,0.9,0.8,2025-Jan-30-22:16:40.086440
0.7696424604943053,2068,0,1,0,1,1,1.1,1.9,2025-Jan-30-22:16:40.137817
0.7696587757783913,2069,0,1,0,1,1,1.4,0.7,2025-Jan-30-22:16:40.194237
0.8215932852695151,2070,3,1,0,1,1,1.2,1.2,2025-Jan-30-22:16:40.241998
0.8747448494635457,2071,2,1,0,0,0,0.0,0.0,2025-Jan-30-22:16:40.271525
0.7943549321717716,2072,0,1,0,1,1,1.9,1.9,2025-Jan-30-22:16:40.311983
0.769649721791171,2073,1,1,0,1,1,1.9,1.6,2025-Jan-30-22:16:40.360668
0.7696444707819342,2074,0,1,0,1,1,1.7,1.9,2025-Jan-30-22:16:40.465727
0.7696411421066351,2075,0,1,0,1,1,0.7,1.9,2025-Jan-30-22:16:40.522175
0.8215884715626846,2076,2,1,0,1,1,1.9,1.6,2025-Jan-30-22:16:40.562142
0.9053633749819754,2077,0,1,0,-1,0,0.0,0.0,2025-Jan-30-22:16:40.620876
0.7696424601728877,2078,1,1,0,1,1,1.1,1.9,2025-Jan-30-22:16:40.734945
0.7696437953832608,2079,0,1,0,1,1,1.5,1.9,2025-Jan-30-22:16:40.812803
0.7943549321717716,2080,0,1,0,1,1,1.9,1.9,2025-Jan-30-22:16:40.852544
0.8747448488829315,2081,1,1,0,0,0,0.0,0.0,2025-Jan-30-22:16:40.881547
0.7696469186460655,2082,0,1,0,1,1,1.0,1.5,2025-Jan-30-22:16:40.931381
0.7696434608530253,2083,0,1,0,1,1,1.4,1.9,2025-Jan-30-22:16:40.980002
0.7696431255190277,2084,0,1,0,1,1,1.3,1.9,2025-Jan-30-22:16:41.031364
0.8228016136261798,2085,0,1,0,1,0,1.8,0.0,2025-Jan-30-22:16:41.071207
0.7696448089779953,2086,0,1,0,1,1,1.8,1.9,2025-Jan-30-22:16:41.127704
0.7696451843951067,2087,0,1,0,1,1,1.2,1.7,2025-Jan-30-22:16:41.181214
0.8051822212909672,2088,0,1,0,1,1,0.1,1.4,2025-Jan-30-22:16:41.222428
0.7943549321717716,2089,0,1,0,1,1,1.9,1.9,2025-Jan-30-22:16:41.261829
0.7696536875008569,2090,0,1,0,1,1,1.9,1.3,2025-Jan-30-22:16:41.312811
0.7696550944813204,2091,0,1,0,1,1,1.1,0.9,2025-Jan-30-22:16:41.362133
0.769649539110085,2092,0,1,0,1,1,1.4,1.4,2025-Jan-30-22:16:41.411527
0.7696434608530253,2093,0,1,0,1,1,1.4,1.9,2025-Jan-30-22:16:41.462527
0.7943549321717716,2094,0,1,0,1,1,1.9,1.9,2025-Jan-30-22:16:41.507737
0.769657134412628,2095,0,1,0,1,1,0.7,0.6,2025-Jan-30-22:16:41.556739
0.9041586303900806,2096,2,1,0,1,-1,1.4,0.0,2025-Jan-30-22:16:41.609651
0.7696488900501983,2097,0,1,0,1,1,0.5,1.2,2025-Jan-30-22:16:41.721522
0.7696498648709345,2098,0,1,0,1,1,0.8,1.2,2025-Jan-30-22:16:41.804754
0.8352227743596958,2099,0,1,0,1,-1,0.7,0.0,2025-Jan-30-22:16:41.861261
0.8228017704195789,2100,0,1,0,1,0,1.9,0.0,2025-Jan-30-22:16:41.902354
0.8254720853350079,2101,1,1,0,0,1,0.0,0.3,2025-Jan-30-22:16:41.930980
0.8051774176758271,2102,0,1,0,1,1,0.1,1.8,2025-Jan-30-22:16:41.969119
0.8747448488829315,2103,1,1,0,0,0,0.0,0.0,2025-Jan-30-22:16:41.998332
0.8215848917957547,2104,2,1,0,-1,1,0.0,1.9,2025-Jan-30-22:16:42.040021
0.7696467986268573,2105,0,1,0,1,1,1.9,1.8,2025-Jan-30-22:16:42.089316
0.7696617096772711,2106,0,1,0,1,1,1.5,0.4,2025-Jan-30-22:16:42.140761
0.7696441320211713,2107,0,1,0,1,1,1.6,1.9,2025-Jan-30-22:16:42.191685
0.7943549321717716,2108,0,1,0,1,1,1.9,1.9,2025-Jan-30-22:16:42.236343
0.8215896739613281,2109,2,1,0,1,1,0.6,1.5,2025-Jan-30-22:16:42.282367
0.8051810179044416,2110,1,1,0,1,1,0.1,1.5,2025-Jan-30-22:16:42.322233
1.531535805507018,2111,3,1,1,1,1,0.5,1.9,2025-Jan-30-22:16:42.360238
0.7735460168048269,2112,0,1,0,1,1,1.9,0.3,2025-Jan-30-22:16:42.399592
0.821590891651416,2113,3,1,0,0,1,0.0,1.4,2025-Jan-30-22:16:42.439665
0.8051798161794117,2114,0,1,0,1,1,0.1,1.6,2025-Jan-30-22:16:42.478016
0.7696417991278623,2115,0,1,0,1,1,0.9,1.9,2025-Jan-30-22:16:42.529212
0.76964829017214,2116,0,1,0,1,1,1.9,1.7,2025-Jan-30-22:16:42.576216
0.7696525992809449,2117,0,1,0,1,1,0.9,1.0,2025-Jan-30-22:16:42.671475
0.7943549321717716,2118,0,1,0,1,1,1.9,1.9,2025-Jan-30-22:16:42.752577
0.7696556191718752,2119,0,1,0,1,1,0.7,0.7,2025-Jan-30-22:16:42.798657
0.8215920788702087,2120,3,1,0,1,1,1.4,1.3,2025-Jan-30-22:16:42.840116
0.8522118186516976,2121,0,1,0,1,-1,1.1,0.0,2025-Jan-30-22:16:42.888071
0.7696431255190277,2122,0,1,0,1,1,1.3,1.9,2025-Jan-30-22:16:42.936470
0.7696510590959893,2123,1,1,0,1,1,1.9,1.5,2025-Jan-30-22:16:42.988771
0.7696444707819342,2124,0,1,0,1,1,1.7,1.9,2025-Jan-30-22:16:43.054431
0.8522137301190927,2125,0,1,0,-1,1,0.0,1.3,2025-Jan-30-22:16:43.102174
0.8522124986654672,2126,0,1,0,-1,1,0.0,1.4,2025-Jan-30-22:16:43.151255
0.8051822212909672,2127,0,1,0,1,1,0.1,1.4,2025-Jan-30-22:16:43.196302
0.769642129494085,2128,1,1,0,1,1,1.0,1.9,2025-Jan-30-22:16:43.250709
0.7928291461841264,2129,0,1,0,1,1,1.8,1.8,2025-Jan-30-22:16:43.295674
0.7696414710221001,2130,0,1,0,1,1,0.8,1.9,2025-Jan-30-22:16:43.345652
0.7696404886871971,2131,0,1,0,1,1,0.5,1.9,2025-Jan-30-22:16:43.393402
0.7696414707006889,2132,1,1,0,1,1,0.8,1.9,2025-Jan-30-22:16:43.442207
0.769659913919059,2133,0,1,0,1,1,1.8,0.7,2025-Jan-30-22:16:43.489137
0.8352233059192223,2134,0,1,0,1,-1,1.2,0.0,2025-Jan-30-22:16:43.536629
0.769657267581382,2135,0,1,0,1,1,1.0,0.7,2025-Jan-30-22:16:43.594026
0.8051762187849656,2136,0,1,0,1,1,0.1,1.9,2025-Jan-30-22:16:43.684493
0.7735460168048269,2137,0,1,0,1,1,1.9,0.3,2025-Jan-30-22:16:43.785388
0.7887745578249796,2138,0,1,0,1,1,0.2,1.3,2025-Jan-30-22:16:43.887668
0.805188247341863,2139,0,1,0,1,1,0.1,0.9,2025-Jan-30-22:16:43.932040
0.8228014554226728,2140,1,1,0,1,0,1.7,0.0,2025-Jan-30-22:16:43.973949
0.769648289850696,2141,1,1,0,1,1,1.9,1.7,2025-Jan-30-22:16:44.022514
0.7696475786898327,2142,0,1,0,1,1,1.2,1.5,2025-Jan-30-22:16:44.074176
0.7943549321717716,2143,0,1,0,1,1,1.9,1.9,2025-Jan-30-22:16:44.115298
0.769659302817678,2144,0,1,0,1,1,0.9,0.5,2025-Jan-30-22:16:44.161189
0.7696441929503304,2145,0,1,0,1,1,0.9,1.7,2025-Jan-30-22:16:44.212974
0.7696427939049215,2146,0,1,0,1,1,1.2,1.9,2025-Jan-30-22:16:44.263727
0.7696446555004499,2147,0,1,0,1,1,1.4,1.8,2025-Jan-30-22:16:44.311004
0.7696408147459626,2148,0,1,0,1,1,0.6,1.9,2025-Jan-30-22:16:44.359980
0.7696512648337277,2149,0,1,0,1,1,1.2,1.2,2025-Jan-30-22:16:44.405903
0.7696421298155003,2150,0,1,0,1,1,1.0,1.9,2025-Jan-30-22:16:44.453134
0.7696536875008569,2151,0,1,0,1,1,1.9,1.3,2025-Jan-30-22:16:44.500361
0.8051810179044416,2152,1,1,0,1,1,0.1,1.5,2025-Jan-30-22:16:44.540120
0.8747448491733278,2153,0,1,0,0,0,0.0,0.0,2025-Jan-30-22:16:44.566680
0.7696417991278623,2154,0,1,0,1,1,0.9,1.9,2025-Jan-30-22:16:44.638368
0.7696510594174382,2155,0,1,0,1,1,1.9,1.5,2025-Jan-30-22:16:44.730126
0.7696573243223479,2156,0,1,0,1,1,1.3,0.8,2025-Jan-30-22:16:44.804546
0.7696448089779953,2157,0,1,0,1,1,1.8,1.9,2025-Jan-30-22:16:44.852691
0.8215872856013205,2158,0,1,0,0,1,0.0,1.7,2025-Jan-30-22:16:44.892291
0.7696455156933293,2159,0,1,0,1,1,1.3,1.7,2025-Jan-30-22:16:44.940053
0.8215848878363071,2160,2,1,0,0,1,0.0,1.9,2025-Jan-30-22:16:44.979405
0.7696499869575582,2161,0,1,0,1,1,1.7,1.5,2025-Jan-30-22:16:45.028845
0.8747448341938507,2162,4,1,0,0,1,0.0,0.3,2025-Jan-30-22:16:45.058843
0.7696444074943198,2163,0,1,0,1,1,0.6,1.6,2025-Jan-30-22:16:45.110863
0.7696464845314787,2164,1,1,0,1,1,0.5,1.4,2025-Jan-30-22:16:45.158095
0.76964824404904,2165,0,1,0,1,1,1.4,1.5,2025-Jan-30-22:16:45.211571
0.7696438628079477,2166,0,1,0,1,1,0.8,1.7,2025-Jan-30-22:16:45.266730
0.8051762187849656,2167,0,1,0,1,1,0.1,1.9,2025-Jan-30-22:16:45.310464
0.8747448488829315,2168,1,1,0,0,0,0.0,0.0,2025-Jan-30-22:16:45.343786
0.8051762187849656,2169,0,1,0,1,1,0.1,1.9,2025-Jan-30-22:16:45.384486
0.8215920938727846,2170,3,1,0,0,1,0.0,1.3,2025-Jan-30-22:16:45.427159
0.7696444707819342,2171,0,1,0,1,1,1.7,1.9,2025-Jan-30-22:16:45.477875
0.7696421298155003,2172,0,1,0,1,1,1.0,1.9,2025-Jan-30-22:16:45.529919
0.7943549321717716,2173,0,1,0,1,1,1.9,1.9,2025-Jan-30-22:16:45.570054
0.7696444707819342,2174,0,1,0,1,1,1.7,1.9,2025-Jan-30-22:16:45.649308
0.821584887530485,2175,0,1,0,0,1,0.0,1.9,2025-Jan-30-22:16:45.747956
0.821584887530485,2176,0,1,0,0,1,0.0,1.9,2025-Jan-30-22:16:45.808328
0.7696424604943053,2177,0,1,0,1,1,1.1,1.9,2025-Jan-30-22:16:45.863880
0.7696414707006889,2178,1,1,0,1,1,0.8,1.9,2025-Jan-30-22:16:45.915920
0.7696431255190277,2179,0,1,0,1,1,1.3,1.9,2025-Jan-30-22:16:45.966847
0.7696414710221001,2180,0,1,0,1,1,0.8,1.9,2025-Jan-30-22:16:46.026094
0.7696434608530253,2181,0,1,0,1,1,1.4,1.9,2025-Jan-30-22:16:46.072288
0.7696489894632244,2182,0,1,0,1,1,0.9,1.3,2025-Jan-30-22:16:46.119825
0.7696437953832608,2183,0,1,0,1,1,1.5,1.9,2025-Jan-30-22:16:46.167812
0.7696519460366589,2184,0,1,0,1,1,0.7,1.0,2025-Jan-30-22:16:46.224774
0.7696590853021252,2185,0,1,0,1,1,1.5,0.7,2025-Jan-30-22:16:46.272607
0.7696448086565623,2186,1,1,0,1,1,1.8,1.9,2025-Jan-30-22:16:46.321822
0.7696455156933293,2187,0,1,0,1,1,1.3,1.7,2025-Jan-30-22:16:46.432176
0.7696414710221001,2188,0,1,0,1,1,0.8,1.9,2025-Jan-30-22:16:46.481079
0.769646379722543,2189,1,1,0,1,1,1.2,1.6,2025-Jan-30-22:16:46.540488
0.7696461844922469,2190,0,1,0,1,1,1.5,1.7,2025-Jan-30-22:16:46.617554
0.7696437950618349,2191,1,1,0,1,1,1.5,1.9,2025-Jan-30-22:16:46.719712
0.7696527102959159,2192,0,1,0,1,1,1.7,1.3,2025-Jan-30-22:16:46.817582
0.7696437953832608,2193,0,1,0,1,1,1.5,1.9,2025-Jan-30-22:16:46.866147
0.8051798161794117,2194,0,1,0,1,1,0.1,1.6,2025-Jan-30-22:16:46.906417
0.7696404886871971,2195,0,1,0,1,1,0.5,1.9,2025-Jan-30-22:16:46.954566
0.7696417988064492,2196,1,1,0,1,1,0.9,1.9,2025-Jan-30-22:16:47.005335
0.7696457199705802,2197,0,1,0,1,1,1.0,1.6,2025-Jan-30-22:16:47.054192
0.7723583027757279,2198,0,1,0,1,1,0.3,1.9,2025-Jan-30-22:16:47.094399
0.7696427939049215,2199,0,1,0,1,1,1.2,1.9,2025-Jan-30-22:16:47.145162
0.7696448089779953,2200,0,1,0,1,1,1.8,1.9,2025-Jan-30-22:16:47.197930
0.7696536875008569,2201,0,1,0,1,1,1.9,1.3,2025-Jan-30-22:16:47.246868
0.7696424604943053,2202,0,1,0,1,1,1.1,1.9,2025-Jan-30-22:16:47.303086
0.7696489894632244,2203,0,1,0,1,1,0.9,1.3,2025-Jan-30-22:16:47.356044
0.7696404886871971,2204,0,1,0,1,1,0.5,1.9,2025-Jan-30-22:16:47.411788
0.7696431255190277,2205,0,1,0,1,1,1.3,1.9,2025-Jan-30-22:16:47.462559
0.7696448514834682,2206,1,1,0,1,1,1.1,1.7,2025-Jan-30-22:16:47.510972
0.7943549321717716,2207,0,1,0,1,1,1.9,1.9,2025-Jan-30-22:16:47.551682
0.7943549321717716,2208,0,1,0,1,1,1.9,1.9,2025-Jan-30-22:16:47.606695
0.7696437953832608,2209,0,1,0,1,1,1.5,1.9,2025-Jan-30-22:16:47.722800
0.7696587757783913,2210,0,1,0,1,1,1.4,0.7,2025-Jan-30-22:16:47.802560
0.7696424604943053,2211,0,1,0,1,1,1.1,1.9,2025-Jan-30-22:16:47.851267
0.7696417991278623,2212,0,1,0,1,1,0.9,1.9,2025-Jan-30-22:16:47.898814
0.8051762187849656,2213,0,1,0,1,1,0.1,1.9,2025-Jan-30-22:16:47.940645
0.7696481180861048,2214,0,1,0,1,1,1.0,1.4,2025-Jan-30-22:16:47.994481
0.7696427939049215,2215,0,1,0,1,1,1.2,1.9,2025-Jan-30-22:16:48.046193
0.7723583027757279,2216,0,1,0,1,1,0.3,1.9,2025-Jan-30-22:16:48.094596
0.7696408147459626,2217,0,1,0,1,1,0.6,1.9,2025-Jan-30-22:16:48.144545
0.7696424604943053,2218,0,1,0,1,1,1.1,1.9,2025-Jan-30-22:16:48.193998
0.7696467123704828,2219,0,1,0,1,1,1.3,1.6,2025-Jan-30-22:16:48.242706
0.7696427939049215,2220,0,1,0,1,1,1.2,1.9,2025-Jan-30-22:16:48.291273
0.8215884712566147,2221,3,1,0,1,1,1.9,1.6,2025-Jan-30-22:16:48.334729
0.7696401633521235,2222,0,1,0,1,1,0.4,1.9,2025-Jan-30-22:16:48.384727
0.7696444704605022,2223,1,1,0,1,1,1.7,1.9,2025-Jan-30-22:16:48.436194
0.821584887530485,2224,0,1,0,0,1,0.0,1.9,2025-Jan-30-22:16:48.479499
0.7696424604943053,2225,0,1,0,1,1,1.1,1.9,2025-Jan-30-22:16:48.531619
0.8051894548587988,2226,1,1,0,1,1,0.1,0.8,2025-Jan-30-22:16:48.571620
0.7696441316997428,2227,1,1,0,1,1,1.6,1.9,2025-Jan-30-22:16:48.711495
0.7696408147459626,2228,0,1,0,1,1,0.6,1.9,2025-Jan-30-22:16:48.804215
0.7696428833533786,2229,0,1,0,1,1,0.5,1.7,2025-Jan-30-22:16:48.864480
0.7696487780647236,2230,1,1,0,1,1,1.2,1.4,2025-Jan-30-22:16:48.921087
0.7887697516480896,2231,1,1,0,1,1,0.2,1.7,2025-Jan-30-22:16:48.960595
0.7696417991278623,2232,0,1,0,1,1,0.9,1.9,2025-Jan-30-22:16:49.072790
0.7696434608530253,2233,0,1,0,1,1,1.4,1.9,2025-Jan-30-22:16:49.128878
0.7696437953832608,2234,0,1,0,1,1,1.5,1.9,2025-Jan-30-22:16:49.180888
0.769643325674441,2235,0,1,0,1,1,1.0,1.8,2025-Jan-30-22:16:49.233895
0.7696417988064492,2236,1,1,0,1,1,0.9,1.9,2025-Jan-30-22:16:49.284619
0.7696432089808415,2237,0,1,0,1,1,0.6,1.7,2025-Jan-30-22:16:49.340168
0.8215848878363071,2238,2,1,0,0,1,0.0,1.9,2025-Jan-30-22:16:49.379677
0.7696414710221001,2239,0,1,0,1,1,0.8,1.9,2025-Jan-30-22:16:49.445814
0.7696449898662727,2240,0,1,0,1,1,1.5,1.8,2025-Jan-30-22:16:49.507638
0.7696502123805282,2241,0,1,0,1,1,1.5,1.4,2025-Jan-30-22:16:49.563844
0.7696416860725436,2242,0,1,0,1,1,0.5,1.8,2025-Jan-30-22:16:49.634573
0.7696408147459626,2243,0,1,0,1,1,0.6,1.9,2025-Jan-30-22:16:49.742670
0.7696413614151126,2244,0,1,0,1,1,0.4,1.8,2025-Jan-30-22:16:49.818182
0.7696437953832608,2245,0,1,0,1,1,1.5,1.9,2025-Jan-30-22:16:49.871166
0.7696434608530253,2246,0,1,0,1,1,1.4,1.9,2025-Jan-30-22:16:49.919812
0.7696458508283959,2247,0,1,0,1,1,1.4,1.7,2025-Jan-30-22:16:49.970578
0.7696411421066351,2248,0,1,0,1,1,0.7,1.9,2025-Jan-30-22:16:50.020661
0.7696408147459626,2249,0,1,0,1,1,0.6,1.9,2025-Jan-30-22:16:50.070509
0.7696404886871971,2250,0,1,0,1,1,0.5,1.9,2025-Jan-30-22:16:50.123549
0.7696457199705802,2251,0,1,0,1,1,1.0,1.6,2025-Jan-30-22:16:50.177812
0.7696437953832608,2252,0,1,0,1,1,1.5,1.9,2025-Jan-30-22:16:50.229592
0.7696434608530253,2253,0,1,0,1,1,1.4,1.9,2025-Jan-30-22:16:50.281690
0.7696421298155003,2254,0,1,0,1,1,1.0,1.9,2025-Jan-30-22:16:50.329881
0.7696424604943053,2255,0,1,0,1,1,1.1,1.9,2025-Jan-30-22:16:50.386376
0.8051774173649187,2256,1,1,0,1,1,0.1,1.8,2025-Jan-30-22:16:50.435555
0.7696424604943053,2257,0,1,0,1,1,1.1,1.9,2025-Jan-30-22:16:50.487268
0.7696434608530253,2258,0,1,0,1,1,1.4,1.9,2025-Jan-30-22:16:50.536886
0.8522059267878213,2259,0,1,0,-1,1,0.0,1.9,2025-Jan-30-22:16:50.583827
0.7696414710221001,2260,0,1,0,1,1,0.8,1.9,2025-Jan-30-22:16:50.706576
0.769658112085728,2261,0,1,0,1,1,1.2,0.7,2025-Jan-30-22:16:50.798470
0.7696408147459626,2262,0,1,0,1,1,0.6,1.9,2025-Jan-30-22:16:50.854010
0.8215908772985175,2263,2,1,0,1,1,0.1,1.4,2025-Jan-30-22:16:50.894546
0.8215908913455763,2264,1,1,0,0,1,0.0,1.4,2025-Jan-30-22:16:50.934365
