Cost,Sim,Switch_State_Indx,Gen1_on,Gen2_on,Batt1_mode,Batt2_mode,Batt1_power_kW,Batt2_power_kW,Timestamp
1.7847013134538594,1163,8,1,0,0,-1,0.0,0.0,2025-Jan-30-22:15:56.228107
1.7847012822924158,1164,8,1,0,0,0,0.0,0.0,2025-Jan-30-22:15:56.262217
0.874744853213778,1165,4,1,0,0,-1,0.0,0.0,2025-Jan-30-22:15:56.288087
0.8215932998664995,1166,3,1,0,0,1,0.0,1.2,2025-Jan-30-22:15:56.328860
0.8522120401631679,1167,0,1,0,1,-1,0.8,0.0,2025-Jan-30-22:15:56.377682
1.5316026415052506,1168,7,1,1,-1,1,0.0,0.7,2025-Jan-30-22:15:56.419388
0.8747448491731491,1169,3,1,0,0,0,0.0,0.0,2025-Jan-30-22:15:56.448398
1.5309870199483973,1170,7,1,0,-1,-1,0.0,0.0,2025-Jan-30-22:15:56.489153
1.614159930101928,1171,2,1,1,-1,-1,0.0,0.0,2025-Jan-30-22:15:56.526230
0.8490084992439094,1172,6,1,0,-1,-1,0.0,0.0,2025-Jan-30-22:15:56.560576
1.5981507407667987,1173,0,1,1,0,-1,0.0,0.0,2025-Jan-30-22:15:56.602586
1.6153224952514107,1174,5,1,1,-1,-1,0.0,0.0,2025-Jan-30-22:15:56.685487
0.8228006766180365,1175,4,1,0,1,0,1.2,0.0,2025-Jan-30-22:15:56.769260
1.584746133406935,1176,2,1,1,-1,0,0.0,0.0,2025-Jan-30-22:15:56.797220
1.5847484359481976,1177,7,1,1,0,0,0.0,0.0,2025-Jan-30-22:15:56.827075
1.531548389665783,1178,1,1,1,0,1,0.0,0.9,2025-Jan-30-22:15:56.864781
1.7847012823668567,1179,6,1,0,0,0,0.0,0.0,2025-Jan-30-22:15:56.894967
0.9041586457104427,1180,1,1,0,0,-1,0.0,0.0,2025-Jan-30-22:15:56.931140
0.8228008307029597,1181,4,1,0,1,0,1.3,0.0,2025-Jan-30-22:15:56.969825
1.637347864715753,1182,1,1,1,-1,-1,0.0,0.0,2025-Jan-30-22:15:57.012552
0.8747448494635457,1183,2,1,0,0,0,0.0,0.0,2025-Jan-30-22:15:57.040430
0.7735436932297575,1184,0,1,0,1,1,1.3,0.3,2025-Jan-30-22:15:57.077858
0.9053633749819754,1185,0,1,0,-1,0,0.0,0.0,2025-Jan-30-22:15:57.171646
0.8747448529233814,1186,5,1,0,0,-1,0.0,0.0,2025-Jan-30-22:15:57.199494
1.7847012822924566,1187,7,1,0,0,0,0.0,0.0,2025-Jan-30-22:15:57.234244
0.8747448337503292,1188,5,1,0,0,1,0.0,0.9,2025-Jan-30-22:15:57.269760
0.9053633749819754,1189,0,1,0,-1,0,0.0,0.0,2025-Jan-30-22:15:57.313071
1.584748420744917,1190,7,1,1,1,0,0.6,0.0,2025-Jan-30-22:15:57.343577
1.7074358974358974,1191,1,1,1,1,1,1.2,1.8,2025-Jan-30-22:15:57.396342
1.637347864715753,1192,1,1,1,-1,-1,0.0,0.0,2025-Jan-30-22:15:57.438152
1.5355218302267957,1193,6,1,1,1,0,0.3,0.0,2025-Jan-30-22:15:57.467954
0.8216005474630773,1194,0,1,0,0,1,0.0,0.6,2025-Jan-30-22:15:57.505533
0.8583360106420266,1195,1,1,0,1,0,0.1,0.0,2025-Jan-30-22:15:57.535456
1.5327524202036764,1196,5,1,1,1,0,1.1,0.0,2025-Jan-30-22:15:57.575844
1.6153646590868944,1197,4,1,1,-1,-1,0.0,0.0,2025-Jan-30-22:15:57.655254
1.532802408863889,1198,4,1,1,1,1,1.5,0.4,2025-Jan-30-22:15:57.756143
1.6153646554507612,1199,4,1,1,-1,0,0.0,0.0,2025-Jan-30-22:15:57.798872
1.6141623215270673,1200,7,1,1,0,-1,0.0,0.0,2025-Jan-30-22:15:57.834179
1.5847019372834963,1201,3,1,1,1,0,0.7,0.0,2025-Jan-30-22:15:57.866902
1.5322869961950398,1202,8,1,0,-1,0,0.0,0.0,2025-Jan-30-22:15:57.904511
0.7696426655950808,1203,0,1,0,1,1,0.8,1.8,2025-Jan-30-22:15:57.957016
0.8747448491731491,1204,3,1,0,0,0,0.0,0.0,2025-Jan-30-22:15:57.995177
1.5317621058662887,1205,6,1,0,-1,1,0.0,0.1,2025-Jan-30-22:15:58.033644
0.9053633749819754,1206,0,1,0,-1,0,0.0,0.0,2025-Jan-30-22:15:58.069847
1.598954526946917,1207,6,1,1,-1,1,0.0,0.1,2025-Jan-30-22:15:58.104384
1.5847461293664833,1208,0,1,1,0,0,0.0,0.0,2025-Jan-30-22:15:58.133518
1.530986996195459,1209,7,1,0,0,-1,0.0,0.0,2025-Jan-30-22:15:58.176333
1.752709066676548,1210,6,1,1,1,1,0.3,1.6,2025-Jan-30-22:15:58.230279
1.5847019540923193,1211,3,1,1,0,0,0.0,0.0,2025-Jan-30-22:15:58.256324
1.5847019374267688,1212,3,1,1,1,0,0.1,0.0,2025-Jan-30-22:15:58.287828
0.9053633752635563,1213,4,1,0,-1,0,0.0,0.0,2025-Jan-30-22:15:58.323891
0.8215848732143756,1214,2,1,0,1,1,1.0,1.9,2025-Jan-30-22:15:58.365064
0.8228015976451715,1215,4,1,0,1,1,1.8,1.9,2025-Jan-30-22:15:58.405178
1.7074358974358974,1216,0,1,1,1,1,1.5,1.9,2025-Jan-30-22:15:58.473612
1.5328013228203046,1217,4,1,1,1,1,0.8,1.9,2025-Jan-30-22:15:58.513014
1.532803036278529,1218,4,1,1,1,1,1.9,1.9,2025-Jan-30-22:15:58.555697
1.7847013128879143,1219,6,1,0,1,1,1.2,1.9,2025-Jan-30-22:15:58.594415
0.8228015973394249,1220,5,1,0,1,1,1.8,1.9,2025-Jan-30-22:15:58.695524
1.7074358974358974,1221,0,1,1,1,1,1.6,1.9,2025-Jan-30-22:15:58.782306
0.8215848732893944,1222,2,1,0,1,1,0.8,1.9,2025-Jan-30-22:15:58.822224
1.5315861520274807,1223,2,1,1,1,1,1.1,1.9,2025-Jan-30-22:15:58.861059
0.7696427939049215,1224,0,1,0,1,1,1.2,1.9,2025-Jan-30-22:15:58.910020
1.8109946137509758,1225,0,1,1,1,1,1.9,1.9,2025-Jan-30-22:15:58.953847
1.5315861534723691,1226,2,1,1,1,1,1.6,1.9,2025-Jan-30-22:15:58.992342
0.7943549317735908,1227,1,1,0,1,1,1.9,1.9,2025-Jan-30-22:15:59.033345
1.7847013130360583,1228,6,1,0,1,1,1.6,1.9,2025-Jan-30-22:15:59.065667
1.6766666666666665,1229,6,1,1,1,1,1.2,1.9,2025-Jan-30-22:15:59.121922
1.7074358974358974,1230,6,1,1,1,1,1.3,1.9,2025-Jan-30-22:15:59.173259
0.7943549317735908,1231,1,1,0,1,1,1.9,1.9,2025-Jan-30-22:15:59.211032
0.8215848732681883,1232,2,1,0,1,1,1.6,1.9,2025-Jan-30-22:15:59.252185
1.5315358040787688,1233,3,1,1,1,1,1.9,1.9,2025-Jan-30-22:15:59.292699
0.7696417991278623,1234,0,1,0,1,1,0.9,1.9,2025-Jan-30-22:15:59.398562
0.7943549321717716,1235,0,1,0,1,1,1.9,1.9,2025-Jan-30-22:15:59.442422
1.7847013128879143,1236,6,1,0,1,1,1.2,1.9,2025-Jan-30-22:15:59.475639
1.7074358974358974,1237,6,1,1,1,1,0.8,1.9,2025-Jan-30-22:15:59.530994
1.7074358974358974,1238,6,1,1,1,1,1.1,1.7,2025-Jan-30-22:15:59.581673
1.5328024087810237,1239,4,1,1,1,1,1.5,1.9,2025-Jan-30-22:15:59.684975
0.7943549321717716,1240,0,1,0,1,1,1.9,1.9,2025-Jan-30-22:15:59.765667
0.76964829017214,1241,0,1,0,1,1,1.9,1.7,2025-Jan-30-22:15:59.810390
0.8215848729686248,1242,3,1,0,1,1,1.2,1.9,2025-Jan-30-22:15:59.851478
0.7696444707819342,1243,0,1,0,1,1,1.7,1.9,2025-Jan-30-22:15:59.896596
1.7847013128879143,1244,6,1,0,1,1,1.2,1.9,2025-Jan-30-22:15:59.929406
1.532752834885965,1245,5,1,1,1,1,1.5,1.9,2025-Jan-30-22:15:59.976614
1.5315861533893733,1246,2,1,1,1,1,1.9,1.9,2025-Jan-30-22:16:00.016485
0.8228017557688174,1247,5,1,0,1,1,1.9,1.9,2025-Jan-30-22:16:00.062075
1.7074358974358974,1248,6,1,1,1,1,0.9,1.9,2025-Jan-30-22:16:00.117539
1.5315358054457227,1249,3,1,1,1,1,1.1,1.9,2025-Jan-30-22:16:00.163050
1.7074358974358974,1250,0,1,1,1,1,1.1,1.9,2025-Jan-30-22:16:00.214564
0.7696444704605022,1251,1,1,0,1,1,1.7,1.9,2025-Jan-30-22:16:00.265688
1.5315873515931238,1252,2,1,1,1,1,1.1,1.8,2025-Jan-30-22:16:00.309864
0.7696465199688951,1253,1,1,0,1,1,1.6,1.7,2025-Jan-30-22:16:00.358242
0.8215848731851925,1254,2,1,0,1,1,1.9,1.9,2025-Jan-30-22:16:00.400575
0.7696434608530253,1255,0,1,0,1,1,1.4,1.9,2025-Jan-30-22:16:00.449446
1.7074358974358974,1256,1,1,1,1,1,1.4,1.9,2025-Jan-30-22:16:00.501137
1.8109946137509758,1257,0,1,1,1,1,1.9,1.9,2025-Jan-30-22:16:00.546063
0.7696465199688951,1258,1,1,0,1,1,1.6,1.7,2025-Jan-30-22:16:00.603324
1.5315358040787688,1259,3,1,1,1,1,1.9,1.9,2025-Jan-30-22:16:00.691693
0.8228003496608024,1260,5,1,0,1,1,1.0,1.8,2025-Jan-30-22:16:00.773300
0.8215848728791331,1261,3,1,0,1,1,1.9,1.9,2025-Jan-30-22:16:00.813968
1.5315861543181064,1262,2,1,1,1,1,0.7,1.9,2025-Jan-30-22:16:00.856136
1.5327521883176478,1263,5,1,1,1,1,0.9,1.9,2025-Jan-30-22:16:00.893198
1.7074358974358974,1264,0,1,1,1,1,1.7,1.9,2025-Jan-30-22:16:00.947644
0.8215848730241312,1265,3,1,0,1,1,1.3,1.9,2025-Jan-30-22:16:00.990640
1.5315358055006105,1266,3,1,1,1,1,1.0,1.9,2025-Jan-30-22:16:01.032087
1.7074358974358974,1267,0,1,1,1,1,1.6,1.9,2025-Jan-30-22:16:01.084845
1.7074358974358974,1268,0,1,1,1,1,1.6,1.9,2025-Jan-30-22:16:01.136994
1.7074358974358974,1269,1,1,1,1,1,1.2,1.9,2025-Jan-30-22:16:01.187704
0.7696417988064492,1270,1,1,0,1,1,0.9,1.9,2025-Jan-30-22:16:01.235607
1.810994617427344,1271,1,1,1,1,1,1.9,1.9,2025-Jan-30-22:16:01.278235
0.8228008169897763,1272,4,1,0,1,1,1.3,1.9,2025-Jan-30-22:16:01.324544
0.7696448089779953,1273,0,1,0,1,1,1.8,1.9,2025-Jan-30-22:16:01.382823
1.7074358974358974,1274,1,1,1,1,1,1.7,1.9,2025-Jan-30-22:16:01.445991
1.532803036278529,1275,4,1,1,1,1,1.9,1.9,2025-Jan-30-22:16:01.492712
0.8215848731851925,1276,2,1,0,1,1,1.9,1.9,2025-Jan-30-22:16:01.540086
1.5315861533893733,1277,2,1,1,1,1,1.9,1.9,2025-Jan-30-22:16:01.602549
1.5328019409883047,1278,4,1,1,1,1,1.2,1.9,2025-Jan-30-22:16:01.691649
0.8215848729686248,1279,3,1,0,1,1,1.2,1.9,2025-Jan-30-22:16:01.780396
1.7074358974358974,1280,0,1,1,1,1,1.4,1.9,2025-Jan-30-22:16:01.837605
0.8215848728869033,1281,3,1,0,1,1,1.4,1.9,2025-Jan-30-22:16:01.877257
1.5328019409883047,1282,4,1,1,1,1,1.2,1.9,2025-Jan-30-22:16:01.917693
1.5315861535343713,1283,2,1,1,1,1,1.3,1.9,2025-Jan-30-22:16:01.962977
1.6766666666666665,1284,0,1,1,1,1,0.9,1.9,2025-Jan-30-22:16:02.015582
0.8215848728791331,1285,3,1,0,1,1,1.9,1.9,2025-Jan-30-22:16:02.056462
0.7696437950618349,1286,1,1,0,1,1,1.5,1.9,2025-Jan-30-22:16:02.105306
1.5315861533971433,1287,2,1,1,1,1,1.4,1.9,2025-Jan-30-22:16:02.155551
1.53280163048447,1288,4,1,1,1,1,1.0,1.9,2025-Jan-30-22:16:02.196066
0.8215848732681883,1289,2,1,0,1,1,1.6,1.9,2025-Jan-30-22:16:02.237244
0.8228003502805834,1290,4,1,0,1,1,1.0,1.9,2025-Jan-30-22:16:02.276635
1.7074358974358974,1291,1,1,1,1,1,1.3,1.9,2025-Jan-30-22:16:02.327410
0.7943549321717716,1292,0,1,0,1,1,1.9,1.9,2025-Jan-30-22:16:02.365620
0.7696424601728877,1293,1,1,0,1,1,1.1,1.9,2025-Jan-30-22:16:02.411754
1.5315358040787688,1294,3,1,1,1,1,1.9,1.9,2025-Jan-30-22:16:02.452780
0.8228017557688174,1295,5,1,0,1,1,1.9,1.9,2025-Jan-30-22:16:02.492108
0.8215848732746842,1296,2,1,0,1,1,1.2,1.9,2025-Jan-30-22:16:02.533053
0.821584872962129,1297,3,1,0,1,1,1.6,1.9,2025-Jan-30-22:16:02.571297
0.8215848731929627,1298,2,1,0,1,1,1.4,1.9,2025-Jan-30-22:16:02.624807
0.8228003502805834,1299,4,1,0,1,1,1.0,1.9,2025-Jan-30-22:16:02.761194
0.7696448086565623,1300,1,1,0,1,1,1.8,1.9,2025-Jan-30-22:16:02.837786
0.7696434608530253,1301,0,1,0,1,1,1.4,1.9,2025-Jan-30-22:16:02.884444
0.8215848729083162,1302,3,1,0,1,1,1.0,1.9,2025-Jan-30-22:16:02.924358
0.7696444704605022,1303,1,1,0,1,1,1.7,1.9,2025-Jan-30-22:16:02.999826
0.7696448089779953,1304,0,1,0,1,1,1.8,1.9,2025-Jan-30-22:16:03.054968
1.5315861533893733,1305,2,1,1,1,1,1.9,1.9,2025-Jan-30-22:16:03.101780
0.8215848732681883,1306,2,1,0,1,1,1.6,1.9,2025-Jan-30-22:16:03.142198
0.8228017557688174,1307,5,1,0,1,1,1.9,1.9,2025-Jan-30-22:16:03.183393
0.8228017560745648,1308,4,1,0,1,1,1.9,1.9,2025-Jan-30-22:16:03.222902
0.7696434608530253,1309,0,1,0,1,1,1.4,1.9,2025-Jan-30-22:16:03.269413
0.7943549321717716,1310,0,1,0,1,1,1.9,1.9,2025-Jan-30-22:16:03.311185
0.7696441320211713,1311,0,1,0,1,1,1.6,1.9,2025-Jan-30-22:16:03.359403
0.8215848732746842,1312,2,1,0,1,1,1.2,1.9,2025-Jan-30-22:16:03.397712
0.7696437953832608,1313,0,1,0,1,1,1.5,1.9,2025-Jan-30-22:16:03.446561
0.8215848732143756,1314,2,1,0,1,1,1.0,1.9,2025-Jan-30-22:16:03.487715
0.8215848723372561,1315,3,1,0,1,1,1.5,1.9,2025-Jan-30-22:16:03.536114
1.531586153478865,1316,2,1,1,1,1,1.2,1.9,2025-Jan-30-22:16:03.595406
1.5327529443108683,1317,5,1,1,1,1,1.6,1.9,2025-Jan-30-22:16:03.700604
0.8215848728869033,1318,3,1,0,1,1,1.4,1.9,2025-Jan-30-22:16:03.779836
1.5328027207897637,1319,4,1,1,1,1,1.7,1.9,2025-Jan-30-22:16:03.818441
1.5315358053876764,1320,3,1,1,1,1,1.8,1.9,2025-Jan-30-22:16:03.859988
1.7074358974358974,1321,0,1,1,1,1,1.3,1.9,2025-Jan-30-22:16:03.909572
0.8215848732103118,1322,2,1,0,1,1,0.9,1.9,2025-Jan-30-22:16:03.950893
1.5328024087810237,1323,4,1,1,1,1,1.5,1.9,2025-Jan-30-22:16:03.988981
0.8215848732103118,1324,2,1,0,1,1,0.9,1.9,2025-Jan-30-22:16:04.030344
1.5327525109881879,1325,5,1,1,1,1,1.2,1.9,2025-Jan-30-22:16:04.074241
0.7696448086565623,1326,1,1,0,1,1,1.8,1.9,2025-Jan-30-22:16:04.125460
1.531535805399036,1327,3,1,1,1,1,1.2,1.9,2025-Jan-30-22:16:04.170849
1.5327527274493302,1328,5,1,1,1,1,1.4,1.9,2025-Jan-30-22:16:04.214926
1.531586153304132,1329,2,1,1,1,1,1.8,1.9,2025-Jan-30-22:16:04.256201
1.532752295293622,1330,5,1,1,1,1,1.0,1.9,2025-Jan-30-22:16:04.297519
1.5327527274493302,1331,5,1,1,1,1,1.4,1.9,2025-Jan-30-22:16:04.338207
1.7074358974358974,1332,1,1,1,1,1,1.2,1.9,2025-Jan-30-22:16:04.387382
1.5315358054757429,1333,3,1,1,1,1,1.5,1.9,2025-Jan-30-22:16:04.426778
1.5315861535343713,1334,2,1,1,1,1,1.3,1.9,2025-Jan-30-22:16:04.470498
1.7074358974358974,1335,1,1,1,1,1,1.3,1.9,2025-Jan-30-22:16:04.523498
1.5328025645039145,1336,4,1,1,1,1,1.6,1.9,2025-Jan-30-22:16:04.563395
0.7696441316997428,1337,1,1,0,1,1,1.6,1.9,2025-Jan-30-22:16:04.630143
1.532803036278529,1338,4,1,1,1,1,1.9,1.9,2025-Jan-30-22:16:04.725830
0.8215848728869033,1339,3,1,0,1,1,1.4,1.9,2025-Jan-30-22:16:04.809010
0.8228015976451715,1340,4,1,0,1,1,1.8,1.9,2025-Jan-30-22:16:04.847643
1.5328014769752523,1341,4,1,1,1,1,0.9,1.9,2025-Jan-30-22:16:04.886327
0.8228008169897763,1342,4,1,0,1,1,1.3,1.9,2025-Jan-30-22:16:04.933995
0.8228009731988608,1343,4,1,0,1,1,1.4,1.9,2025-Jan-30-22:16:05.028591
0.8215848730999513,1344,2,1,0,1,1,1.8,1.9,2025-Jan-30-22:16:05.072585
0.8228014402800712,1345,5,1,0,1,1,1.7,1.9,2025-Jan-30-22:16:05.121597
0.8215848730999513,1346,2,1,0,1,1,1.8,1.9,2025-Jan-30-22:16:05.160845
1.532752834885965,1347,5,1,1,1,1,1.5,1.9,2025-Jan-30-22:16:05.200092
1.7074358974358974,1348,1,1,1,1,1,1.1,1.9,2025-Jan-30-22:16:05.254092
0.8215848728869033,1349,3,1,0,1,1,1.4,1.9,2025-Jan-30-22:16:05.294455
0.8215848729686248,1350,3,1,0,1,1,1.2,1.9,2025-Jan-30-22:16:05.333193
1.5315358054924886,1351,3,1,1,1,1,1.3,1.9,2025-Jan-30-22:16:05.374916
1.5315358054924886,1352,3,1,1,1,1,1.3,1.9,2025-Jan-30-22:16:05.412853
1.5328014769752523,1353,4,1,1,1,1,0.9,1.9,2025-Jan-30-22:16:05.454403
1.5315358053770274,1354,3,1,1,1,1,1.7,1.9,2025-Jan-30-22:16:05.492578
1.5328019409883047,1355,4,1,1,1,1,1.2,1.9,2025-Jan-30-22:16:05.535887
1.53280163048447,1356,4,1,1,1,1,1.0,1.9,2025-Jan-30-22:16:05.576423
1.5315358054797816,1357,3,1,1,1,1,1.4,1.9,2025-Jan-30-22:16:05.673816
1.7074358974358974,1358,1,1,1,1,1,1.7,1.9,2025-Jan-30-22:16:05.784934
1.531586153304132,1359,2,1,1,1,1,1.8,1.9,2025-Jan-30-22:16:05.826461
0.822801128577094,1360,4,1,0,1,1,1.5,1.9,2025-Jan-30-22:16:05.867965
0.7696424601728877,1361,1,1,0,1,1,1.1,1.9,2025-Jan-30-22:16:05.915759
0.8215848729686248,1362,3,1,0,1,1,1.2,1.9,2025-Jan-30-22:16:05.956588
1.7074358974358974,1363,1,1,1,1,1,1.4,1.9,2025-Jan-30-22:16:06.011138
1.5315861528474963,1364,2,1,1,1,1,1.5,1.9,2025-Jan-30-22:16:06.051935
0.8228009731988608,1365,4,1,0,1,1,1.4,1.9,2025-Jan-30-22:16:06.091257
1.5315358054757429,1366,3,1,1,1,1,1.5,1.9,2025-Jan-30-22:16:06.136509
1.5328027207897637,1367,4,1,1,1,1,1.7,1.9,2025-Jan-30-22:16:06.175523
1.5315861522892302,1368,2,1,1,1,1,1.7,1.9,2025-Jan-30-22:16:06.219721
1.7074358974358974,1369,1,1,1,1,1,1.6,1.9,2025-Jan-30-22:16:06.278004
0.8215848732681883,1370,2,1,0,1,1,1.6,1.9,2025-Jan-30-22:16:06.320395
1.5315358053770274,1371,3,1,1,1,1,1.7,1.9,2025-Jan-30-22:16:06.360424
1.5328025645039145,1372,4,1,1,1,1,1.6,1.9,2025-Jan-30-22:16:06.405101
1.5328022534027819,1373,4,1,1,1,1,1.4,1.9,2025-Jan-30-22:16:06.444894
1.7074358974358974,1374,1,1,1,1,1,1.3,1.9,2025-Jan-30-22:16:06.497985
1.5315861535343713,1375,2,1,1,1,1,1.3,1.9,2025-Jan-30-22:16:06.539204
1.531535805399036,1376,3,1,1,1,1,1.2,1.9,2025-Jan-30-22:16:06.578234
1.5315358054924886,1377,3,1,1,1,1,1.3,1.9,2025-Jan-30-22:16:06.672955
0.8215848732746842,1378,2,1,0,1,1,1.2,1.9,2025-Jan-30-22:16:06.760636
0.8228009731988608,1379,4,1,0,1,1,1.4,1.9,2025-Jan-30-22:16:06.801577
0.8228003502805834,1380,4,1,0,1,1,1.0,1.9,2025-Jan-30-22:16:06.841154
0.7696434605316012,1381,1,1,0,1,1,1.4,1.9,2025-Jan-30-22:16:06.893874
0.7696434605316012,1382,1,1,0,1,1,1.4,1.9,2025-Jan-30-22:16:06.940414
1.5328014769752523,1383,4,1,1,1,1,0.9,1.9,2025-Jan-30-22:16:06.980008
0.7696424601728877,1384,1,1,0,1,1,1.1,1.9,2025-Jan-30-22:16:07.027547
1.5328019409883047,1385,4,1,1,1,1,1.2,1.9,2025-Jan-30-22:16:07.068155
0.8228005050999818,1386,4,1,0,1,1,1.1,1.9,2025-Jan-30-22:16:07.107232
0.8215848732143756,1387,2,1,0,1,1,1.0,1.9,2025-Jan-30-22:16:07.146322
0.8215848732746842,1388,2,1,0,1,1,1.2,1.9,2025-Jan-30-22:16:07.186193
0.8228009731988608,1389,4,1,0,1,1,1.4,1.9,2025-Jan-30-22:16:07.225258
0.8215848720850494,1390,2,1,0,1,1,1.7,1.9,2025-Jan-30-22:16:07.270876
1.5315358055006105,1391,3,1,1,1,1,1.0,1.9,2025-Jan-30-22:16:07.316436
1.5315861520274807,1392,2,1,1,1,1,1.1,1.9,2025-Jan-30-22:16:07.360215
0.7696437950618349,1393,1,1,0,1,1,1.5,1.9,2025-Jan-30-22:16:07.408568
0.821584872962129,1394,3,1,0,1,1,1.6,1.9,2025-Jan-30-22:16:07.507244
0.8215848715172407,1395,3,1,0,1,1,1.1,1.9,2025-Jan-30-22:16:07.545575
1.5315358054757429,1396,3,1,1,1,1,1.5,1.9,2025-Jan-30-22:16:07.599442
1.7074358974358974,1397,1,1,1,1,1,1.3,1.9,2025-Jan-30-22:16:07.699782
0.8215848732103118,1398,2,1,0,1,1,0.9,1.9,2025-Jan-30-22:16:07.795554
1.7074358974358974,1399,1,1,1,1,1,1.7,1.9,2025-Jan-30-22:16:07.859222
1.7074358974358974,1400,1,1,1,1,1,1.3,1.9,2025-Jan-30-22:16:07.912660
1.5315861534185564,1401,2,1,1,1,1,1.0,1.9,2025-Jan-30-22:16:07.952171
1.5315861534144926,1402,2,1,1,1,1,0.9,1.9,2025-Jan-30-22:16:07.991692
1.5328019409883047,1403,4,1,1,1,1,1.2,1.9,2025-Jan-30-22:16:08.028966
1.5328019409883047,1404,4,1,1,1,1,1.2,1.9,2025-Jan-30-22:16:08.068875
1.5328022534027819,1405,4,1,1,1,1,1.4,1.9,2025-Jan-30-22:16:08.110186
0.769642129494085,1406,1,1,0,1,1,1.0,1.9,2025-Jan-30-22:16:08.159206
0.822801128577094,1407,4,1,0,1,1,1.5,1.9,2025-Jan-30-22:16:08.199390
1.53280163048447,1408,4,1,1,1,1,1.0,1.9,2025-Jan-30-22:16:08.240176
0.7696427935835017,1409,1,1,0,1,1,1.2,1.9,2025-Jan-30-22:16:08.290159
0.8215848728869033,1410,3,1,0,1,1,1.4,1.9,2025-Jan-30-22:16:08.331028
0.8228012842999766,1411,4,1,0,1,1,1.6,1.9,2025-Jan-30-22:16:08.375671
0.8215848720850494,1412,2,1,0,1,1,1.7,1.9,2025-Jan-30-22:16:08.419701
1.5315358054457227,1413,3,1,1,1,1,1.1,1.9,2025-Jan-30-22:16:08.460324
1.5315861528474963,1414,2,1,1,1,1,1.5,1.9,2025-Jan-30-22:16:08.499052
0.8228005050999818,1415,4,1,0,1,1,1.1,1.9,2025-Jan-30-22:16:08.536775
0.8215848729042524,1416,3,1,0,1,1,0.9,1.9,2025-Jan-30-22:16:08.576343
1.5315358054457227,1417,3,1,1,1,1,1.1,1.9,2025-Jan-30-22:16:08.667670
1.7074358974358974,1418,1,1,1,1,1,1.4,1.9,2025-Jan-30-22:16:08.764956
1.5315358054757429,1419,3,1,1,1,1,1.5,1.9,2025-Jan-30-22:16:08.804658
0.8215848728869033,1420,3,1,0,1,1,1.4,1.9,2025-Jan-30-22:16:08.844656
1.5328019409883047,1421,4,1,1,1,1,1.2,1.9,2025-Jan-30-22:16:08.887244
1.5315358054797816,1422,3,1,1,1,1,1.4,1.9,2025-Jan-30-22:16:08.925032
1.5315861535343713,1423,2,1,1,1,1,1.3,1.9,2025-Jan-30-22:16:08.965551
1.5315861534185564,1424,2,1,1,1,1,1.0,1.9,2025-Jan-30-22:16:09.008068
1.5315861534723691,1425,2,1,1,1,1,1.6,1.9,2025-Jan-30-22:16:09.049431
1.7074358974358974,1426,1,1,1,1,1,1.1,1.9,2025-Jan-30-22:16:09.099915
1.7074358974358974,1427,1,1,1,1,1,1.3,1.9,2025-Jan-30-22:16:09.151801
0.8215848732746842,1428,2,1,0,1,1,1.2,1.9,2025-Jan-30-22:16:09.193918
1.531586153478865,1429,2,1,1,1,1,1.2,1.9,2025-Jan-30-22:16:09.235591
1.531586153478865,1430,2,1,1,1,1,1.2,1.9,2025-Jan-30-22:16:09.275747
1.7074358974358974,1431,1,1,1,1,1,1.4,1.9,2025-Jan-30-22:16:09.329381
0.8215848732746842,1432,2,1,0,1,1,1.2,1.9,2025-Jan-30-22:16:09.370133
0.8215848726433154,1433,2,1,0,1,1,1.5,1.9,2025-Jan-30-22:16:09.407965
0.7696431251976058,1434,1,1,0,1,1,1.3,1.9,2025-Jan-30-22:16:09.455250
1.5315358054797816,1435,3,1,1,1,1,1.4,1.9,2025-Jan-30-22:16:09.494008
1.5315861534185564,1436,2,1,1,1,1,1.0,1.9,2025-Jan-30-22:16:09.531312
1.5315358054457227,1437,3,1,1,1,1,1.1,1.9,2025-Jan-30-22:16:09.572617
0.7696424601728877,1438,1,1,0,1,1,1.1,1.9,2025-Jan-30-22:16:09.651002
1.5315358054924886,1439,3,1,1,1,1,1.3,1.9,2025-Jan-30-22:16:09.739021
0.8215848729686248,1440,3,1,0,1,1,1.2,1.9,2025-Jan-30-22:16:09.808636
1.5315861534185564,1441,2,1,1,1,1,1.0,1.9,2025-Jan-30-22:16:09.851240
0.8215848732103118,1442,2,1,0,1,1,0.9,1.9,2025-Jan-30-22:16:09.895683
0.8215848730241312,1443,3,1,0,1,1,1.3,1.9,2025-Jan-30-22:16:09.937773
0.8215848728869033,1444,3,1,0,1,1,1.4,1.9,2025-Jan-30-22:16:09.978860
0.8215848728869033,1445,3,1,0,1,1,1.4,1.9,2025-Jan-30-22:16:10.017542
0.7696427935835017,1446,1,1,0,1,1,1.2,1.9,2025-Jan-30-22:16:10.064921
1.7074358974358974,1447,1,1,1,1,1,1.3,1.9,2025-Jan-30-22:16:10.117865
0.8215848723372561,1448,3,1,0,1,1,1.5,1.9,2025-Jan-30-22:16:10.159732
1.7074358974358974,1449,1,1,1,1,1,1.2,1.9,2025-Jan-30-22:16:10.211579
1.531535805399036,1450,3,1,1,1,1,1.2,1.9,2025-Jan-30-22:16:10.248671
1.5315861528474963,1451,2,1,1,1,1,1.5,1.9,2025-Jan-30-22:16:10.290953
0.8215848723372561,1452,3,1,0,1,1,1.5,1.9,2025-Jan-30-22:16:10.329251
0.8215848715172407,1453,3,1,0,1,1,1.1,1.9,2025-Jan-30-22:16:10.370282
0.8228008169897763,1454,4,1,0,1,1,1.3,1.9,2025-Jan-30-22:16:10.410662
1.5315358054457227,1455,3,1,1,1,1,1.1,1.9,2025-Jan-30-22:16:10.454514
0.8215848718233001,1456,2,1,0,1,1,1.1,1.9,2025-Jan-30-22:16:10.504644
0.8215848729686248,1457,3,1,0,1,1,1.2,1.9,2025-Jan-30-22:16:10.544290
1.7074358974358974,1458,1,1,1,1,1,1.6,1.9,2025-Jan-30-22:16:10.612321
1.531535805399036,1459,3,1,1,1,1,1.2,1.9,2025-Jan-30-22:16:10.755927
0.8215848715172407,1460,3,1,0,1,1,1.1,1.9,2025-Jan-30-22:16:10.831314
1.7074358974358974,1461,1,1,1,1,1,1.3,1.9,2025-Jan-30-22:16:10.883015
0.8215848732681883,1462,2,1,0,1,1,1.6,1.9,2025-Jan-30-22:16:10.922139
1.5315358054797816,1463,3,1,1,1,1,1.4,1.9,2025-Jan-30-22:16:10.969852
0.8215848729686248,1464,3,1,0,1,1,1.2,1.9,2025-Jan-30-22:16:11.011365
1.7074358974358974,1465,1,1,1,1,1,1.2,1.9,2025-Jan-30-22:16:11.063468
0.8215848726433154,1466,2,1,0,1,1,1.5,1.9,2025-Jan-30-22:16:11.102501
0.8215848732746842,1467,2,1,0,1,1,1.2,1.9,2025-Jan-30-22:16:11.141381
0.7696434605316012,1468,1,1,0,1,1,1.4,1.9,2025-Jan-30-22:16:11.190097
1.5315861520274807,1469,2,1,1,1,1,1.1,1.9,2025-Jan-30-22:16:11.236772
0.7696427935835017,1470,1,1,0,1,1,1.2,1.9,2025-Jan-30-22:16:11.285946
0.8215848729686248,1471,3,1,0,1,1,1.2,1.9,2025-Jan-30-22:16:11.326942
0.8215848723372561,1472,3,1,0,1,1,1.5,1.9,2025-Jan-30-22:16:11.365706
0.8215848731929627,1473,2,1,0,1,1,1.4,1.9,2025-Jan-30-22:16:11.405773
1.5315861533971433,1474,2,1,1,1,1,1.4,1.9,2025-Jan-30-22:16:11.446273
0.8215848718233001,1475,2,1,0,1,1,1.1,1.9,2025-Jan-30-22:16:11.486846
0.8215848732143756,1476,2,1,0,1,1,1.0,1.9,2025-Jan-30-22:16:11.531980
0.7696424601728877,1477,1,1,0,1,1,1.1,1.9,2025-Jan-30-22:16:11.602581
0.8215848732143756,1478,2,1,0,1,1,1.0,1.9,2025-Jan-30-22:16:11.707281
1.531535805399036,1479,3,1,1,1,1,1.2,1.9,2025-Jan-30-22:16:11.798436
0.8215848723372561,1480,3,1,0,1,1,1.5,1.9,2025-Jan-30-22:16:11.840143
0.8215848732746842,1481,2,1,0,1,1,1.2,1.9,2025-Jan-30-22:16:11.882525
0.769642129494085,1482,1,1,0,1,1,1.0,1.9,2025-Jan-30-22:16:11.936942
1.7074358974358974,1483,1,1,1,1,1,0.9,1.9,2025-Jan-30-22:16:11.991849
0.8215848729083162,1484,3,1,0,1,1,1.0,1.9,2025-Jan-30-22:16:12.030864
1.7074358974358974,1485,1,1,1,1,1,1.2,1.9,2025-Jan-30-22:16:12.086682
0.8215848733301905,1486,2,1,0,1,1,1.3,1.9,2025-Jan-30-22:16:12.128243
0.769642129494085,1487,1,1,0,1,1,1.0,1.9,2025-Jan-30-22:16:12.176539
0.8215848731929627,1488,2,1,0,1,1,1.4,1.9,2025-Jan-30-22:16:12.216892
1.5315358054457227,1489,3,1,1,1,1,1.1,1.9,2025-Jan-30-22:16:12.258597
0.8215848723372561,1490,3,1,0,1,1,1.5,1.9,2025-Jan-30-22:16:12.299876
0.8215848729042524,1491,3,1,0,1,1,0.9,1.9,2025-Jan-30-22:16:12.338883
0.7696417988064492,1492,1,1,0,1,1,0.9,1.9,2025-Jan-30-22:16:12.386909
0.8215848729083162,1493,3,1,0,1,1,1.0,1.9,2025-Jan-30-22:16:12.427470
1.7074358974358974,1494,1,1,1,1,1,1.5,1.9,2025-Jan-30-22:16:12.479171
1.5315358054797816,1495,3,1,1,1,1,1.4,1.9,2025-Jan-30-22:16:12.519819
0.8215848729686248,1496,3,1,0,1,1,1.2,1.9,2025-Jan-30-22:16:12.565415
0.769642129494085,1497,1,1,0,1,1,1.0,1.9,2025-Jan-30-22:16:12.642863
0.8215848729042524,1498,3,1,0,1,1,0.9,1.9,2025-Jan-30-22:16:12.736979
0.8215848728869033,1499,3,1,0,1,1,1.4,1.9,2025-Jan-30-22:16:12.806037
1.5315861520274807,1500,2,1,1,1,1,1.1,1.9,2025-Jan-30-22:16:12.845032
0.7696424601728877,1501,1,1,0,1,1,1.1,1.9,2025-Jan-30-22:16:12.893949
0.7696431251976058,1502,1,1,0,1,1,1.3,1.9,2025-Jan-30-22:16:12.946535
0.8215848731929627,1503,2,1,0,1,1,1.4,1.9,2025-Jan-30-22:16:13.001925
0.7696434605316012,1504,1,1,0,1,1,1.4,1.9,2025-Jan-30-22:16:13.056977
1.7074358974358974,1505,1,1,1,1,1,1.4,1.9,2025-Jan-30-22:16:13.113704
0.8215848733301905,1506,2,1,0,1,1,1.3,1.9,2025-Jan-30-22:16:13.209854
0.8215848731929627,1507,2,1,0,1,1,1.4,1.9,2025-Jan-30-22:16:13.249175
0.8215848732103118,1508,2,1,0,1,1,0.9,1.9,2025-Jan-30-22:16:13.288132
1.7074358974358974,1509,1,1,1,1,1,1.3,1.9,2025-Jan-30-22:16:13.341124
1.5315861533971433,1510,2,1,1,1,1,1.4,1.9,2025-Jan-30-22:16:13.383392
0.8215848732143756,1511,2,1,0,1,1,1.0,1.9,2025-Jan-30-22:16:13.421798
0.8215848729686248,1512,3,1,0,1,1,1.2,1.9,2025-Jan-30-22:16:13.461593
0.8215848726433154,1513,2,1,0,1,1,1.5,1.9,2025-Jan-30-22:16:13.503844
0.8215848732143756,1514,2,1,0,1,1,1.0,1.9,2025-Jan-30-22:16:13.543885
0.8215848732143756,1515,2,1,0,1,1,1.0,1.9,2025-Jan-30-22:16:13.584361
0.7696431251976058,1516,1,1,0,1,1,1.3,1.9,2025-Jan-30-22:16:13.701019
0.7696434605316012,1517,1,1,0,1,1,1.4,1.9,2025-Jan-30-22:16:13.788079
0.7696417988064492,1518,1,1,0,1,1,0.9,1.9,2025-Jan-30-22:16:13.837288
0.769642129494085,1519,1,1,0,1,1,1.0,1.9,2025-Jan-30-22:16:13.890117
0.769642129494085,1520,1,1,0,1,1,1.0,1.9,2025-Jan-30-22:16:13.944375
0.7696434605316012,1521,1,1,0,1,1,1.4,1.9,2025-Jan-30-22:16:13.995015
0.8215848718233001,1522,2,1,0,1,1,1.1,1.9,2025-Jan-30-22:16:14.036002
1.5315861535343713,1523,2,1,1,1,1,1.3,1.9,2025-Jan-30-22:16:14.078093
0.8215848732143756,1524,2,1,0,1,1,1.0,1.9,2025-Jan-30-22:16:14.117733
0.8215848733301905,1525,2,1,0,1,1,1.3,1.9,2025-Jan-30-22:16:14.158851
0.7696427935835017,1526,1,1,0,1,1,1.2,1.9,2025-Jan-30-22:16:14.213743
0.769642129494085,1527,1,1,0,1,1,1.0,1.9,2025-Jan-30-22:16:14.264583
0.7696424601728877,1528,1,1,0,1,1,1.1,1.9,2025-Jan-30-22:16:14.311239
0.8215848733301905,1529,2,1,0,1,1,1.3,1.9,2025-Jan-30-22:16:14.353404
0.7696434605316012,1530,1,1,0,1,1,1.4,1.9,2025-Jan-30-22:16:14.404817
0.7696431251976058,1531,1,1,0,1,1,1.3,1.9,2025-Jan-30-22:16:14.453409
0.7696424601728877,1532,1,1,0,1,1,1.1,1.9,2025-Jan-30-22:16:14.503023
1.7074358974358974,1533,1,1,1,1,1,1.0,1.9,2025-Jan-30-22:16:14.554923
1.5315861534144926,1534,2,1,1,1,1,0.9,1.9,2025-Jan-30-22:16:14.612688
1.7074358974358974,1535,1,1,1,1,1,1.0,1.9,2025-Jan-30-22:16:14.726026
0.7696431251976058,1536,1,1,0,1,1,1.3,1.9,2025-Jan-30-22:16:14.807788
1.5315861520274807,1537,2,1,1,1,1,1.1,1.9,2025-Jan-30-22:16:14.846554
0.769642129494085,1538,1,1,0,1,1,1.0,1.9,2025-Jan-30-22:16:14.895548
0.7696431251976058,1539,1,1,0,1,1,1.3,1.9,2025-Jan-30-22:16:14.949195
0.7696427935835017,1540,1,1,0,1,1,1.2,1.9,2025-Jan-30-22:16:14.997614
0.8215848732746842,1541,2,1,0,1,1,1.2,1.9,2025-Jan-30-22:16:15.043366
0.7696421298155003,1542,0,1,0,1,1,1.0,1.9,2025-Jan-30-22:16:15.095733
0.7696417988064492,1543,1,1,0,1,1,0.9,1.9,2025-Jan-30-22:16:15.145801
0.8215848718233001,1544,2,1,0,1,1,1.1,1.9,2025-Jan-30-22:16:15.189095
0.8215848732746842,1545,2,1,0,1,1,1.2,1.9,2025-Jan-30-22:16:15.231272
0.8215848718233001,1546,2,1,0,1,1,1.1,1.9,2025-Jan-30-22:16:15.275145
0.8215848731929627,1547,2,1,0,1,1,1.4,1.9,2025-Jan-30-22:16:15.314699
1.7074358974358974,1548,1,1,1,1,1,1.0,1.9,2025-Jan-30-22:16:15.367876
0.8215848733301905,1549,2,1,0,1,1,1.3,1.9,2025-Jan-30-22:16:15.408059
0.769642129494085,1550,1,1,0,1,1,1.0,1.9,2025-Jan-30-22:16:15.456556
0.8215848718233001,1551,2,1,0,1,1,1.1,1.9,2025-Jan-30-22:16:15.496251
0.8215848733301905,1552,2,1,0,1,1,1.3,1.9,2025-Jan-30-22:16:15.534682
1.7074358974358974,1553,1,1,1,1,1,0.9,1.9,2025-Jan-30-22:16:15.611881
0.7696424601728877,1554,1,1,0,1,1,1.1,1.9,2025-Jan-30-22:16:15.734803
0.8215848733301905,1555,2,1,0,1,1,1.3,1.9,2025-Jan-30-22:16:15.802713
0.7696431251976058,1556,1,1,0,1,1,1.3,1.9,2025-Jan-30-22:16:15.851062
0.7696427935835017,1557,1,1,0,1,1,1.2,1.9,2025-Jan-30-22:16:15.900442
0.8215848731929627,1558,2,1,0,1,1,1.4,1.9,2025-Jan-30-22:16:15.939512
0.7696427935835017,1559,1,1,0,1,1,1.2,1.9,2025-Jan-30-22:16:15.998962
1.5315861534144926,1560,2,1,1,1,1,0.9,1.9,2025-Jan-30-22:16:16.046587
0.8215848729686248,1561,3,1,0,1,1,1.2,1.9,2025-Jan-30-22:16:16.091675
1.7074358974358974,1562,1,1,1,1,1,1.1,1.9,2025-Jan-30-22:16:16.146046
0.7696427935835017,1563,1,1,0,1,1,1.2,1.9,2025-Jan-30-22:16:16.193344
0.8215848718233001,1564,2,1,0,1,1,1.1,1.9,2025-Jan-30-22:16:16.287979
0.8215848718233001,1565,2,1,0,1,1,1.1,1.9,2025-Jan-30-22:16:16.325428
0.769642129494085,1566,1,1,0,1,1,1.0,1.9,2025-Jan-30-22:16:16.374595
0.8215848732143756,1567,2,1,0,1,1,1.0,1.9,2025-Jan-30-22:16:16.415284
0.769642129494085,1568,1,1,0,1,1,1.0,1.9,2025-Jan-30-22:16:16.463304
0.8215848733301905,1569,2,1,0,1,1,1.3,1.9,2025-Jan-30-22:16:16.502390
0.8215848718233001,1570,2,1,0,1,1,1.1,1.9,2025-Jan-30-22:16:16.542076
0.8215848732746842,1571,2,1,0,1,1,1.2,1.9,2025-Jan-30-22:16:16.592506
0.7696427935835017,1572,1,1,0,1,1,1.2,1.9,2025-Jan-30-22:16:16.688162
0.7696417988064492,1573,1,1,0,1,1,0.9,1.9,2025-Jan-30-22:16:16.780008
0.769642129494085,1574,1,1,0,1,1,1.0,1.9,2025-Jan-30-22:16:16.827931
0.8215848732746842,1575,2,1,0,1,1,1.2,1.9,2025-Jan-30-22:16:16.871168
0.7696424601728877,1576,1,1,0,1,1,1.1,1.9,2025-Jan-30-22:16:16.925909
0.7696431251976058,1577,1,1,0,1,1,1.3,1.9,2025-Jan-30-22:16:16.973740
0.7696427935835017,1578,1,1,0,1,1,1.2,1.9,2025-Jan-30-22:16:17.026067
0.8215848718233001,1579,2,1,0,1,1,1.1,1.9,2025-Jan-30-22:16:17.066093
0.7696431251976058,1580,1,1,0,1,1,1.3,1.9,2025-Jan-30-22:16:17.112371
0.769642129494085,1581,1,1,0,1,1,1.0,1.9,2025-Jan-30-22:16:17.159417
0.8215848733301905,1582,2,1,0,1,1,1.3,1.9,2025-Jan-30-22:16:17.199833
0.7696427935835017,1583,1,1,0,1,1,1.2,1.9,2025-Jan-30-22:16:17.245564
0.7696427935835017,1584,1,1,0,1,1,1.2,1.9,2025-Jan-30-22:16:17.293757
0.8215848718233001,1585,2,1,0,1,1,1.1,1.9,2025-Jan-30-22:16:17.333958
0.8215848732143756,1586,2,1,0,1,1,1.0,1.9,2025-Jan-30-22:16:17.375208
0.769642129494085,1587,1,1,0,1,1,1.0,1.9,2025-Jan-30-22:16:17.428454
0.8215848718233001,1588,2,1,0,1,1,1.1,1.9,2025-Jan-30-22:16:17.474739
0.7696424601728877,1589,1,1,0,1,1,1.1,1.9,2025-Jan-30-22:16:17.524532
0.7696424601728877,1590,1,1,0,1,1,1.1,1.9,2025-Jan-30-22:16:17.570697
0.8215848732143756,1591,2,1,0,1,1,1.0,1.9,2025-Jan-30-22:16:17.636742
0.8215848732143756,1592,2,1,0,1,1,1.0,1.9,2025-Jan-30-22:16:17.723600
0.8215848733301905,1593,2,1,0,1,1,1.3,1.9,2025-Jan-30-22:16:17.790848
0.769642129494085,1594,1,1,0,1,1,1.0,1.9,2025-Jan-30-22:16:17.839192
0.769642129494085,1595,1,1,0,1,1,1.0,1.9,2025-Jan-30-22:16:17.886408
0.7696424601728877,1596,1,1,0,1,1,1.1,1.9,2025-Jan-30-22:16:17.933947
0.7696431251976058,1597,1,1,0,1,1,1.3,1.9,2025-Jan-30-22:16:17.982688
0.7696427935835017,1598,1,1,0,1,1,1.2,1.9,2025-Jan-30-22:16:18.031451
0.7696417988064492,1599,1,1,0,1,1,0.9,1.9,2025-Jan-30-22:16:18.082156
0.8215848733301905,1600,2,1,0,1,1,1.3,1.9,2025-Jan-30-22:16:18.119118
0.8215848733301905,1601,2,1,0,1,1,1.3,1.9,2025-Jan-30-22:16:18.165642
0.8215848718233001,1602,2,1,0,1,1,1.1,1.9,2025-Jan-30-22:16:18.213410
0.7696427935835017,1603,1,1,0,1,1,1.2,1.9,2025-Jan-30-22:16:18.265204
0.8215848718233001,1604,2,1,0,1,1,1.1,1.9,2025-Jan-30-22:16:18.304904
0.7696424601728877,1605,1,1,0,1,1,1.1,1.9,2025-Jan-30-22:16:18.353908
0.7696424601728877,1606,1,1,0,1,1,1.1,1.9,2025-Jan-30-22:16:18.403898
0.8215848732143756,1607,2,1,0,1,1,1.0,1.9,2025-Jan-30-22:16:18.440259
0.8215848718233001,1608,2,1,0,1,1,1.1,1.9,2025-Jan-30-22:16:18.481475
0.8215848732143756,1609,2,1,0,1,1,1.0,1.9,2025-Jan-30-22:16:18.527954
0.7696431251976058,1610,1,1,0,1,1,1.3,1.9,2025-Jan-30-22:16:18.581865
0.7696424601728877,1611,1,1,0,1,1,1.1,1.9,2025-Jan-30-22:16:18.692192
0.7696427935835017,1612,1,1,0,1,1,1.2,1.9,2025-Jan-30-22:16:18.783137
0.8215848732746842,1613,2,1,0,1,1,1.2,1.9,2025-Jan-30-22:16:18.828673
0.8215848732746842,1614,2,1,0,1,1,1.2,1.9,2025-Jan-30-22:16:18.871871
0.7696424601728877,1615,1,1,0,1,1,1.1,1.9,2025-Jan-30-22:16:18.921364
0.7696427935835017,1616,1,1,0,1,1,1.2,1.9,2025-Jan-30-22:16:18.971222
0.8215848732746842,1617,2,1,0,1,1,1.2,1.9,2025-Jan-30-22:16:19.014879
0.8215848732143756,1618,2,1,0,1,1,1.0,1.9,2025-Jan-30-22:16:19.059466
0.7696427935835017,1619,1,1,0,1,1,1.2,1.9,2025-Jan-30-22:16:19.160885
0.769642129494085,1620,1,1,0,1,1,1.0,1.9,2025-Jan-30-22:16:19.213502
0.8215848732143756,1621,2,1,0,1,1,1.0,1.9,2025-Jan-30-22:16:19.254375
0.8215848732746842,1622,2,1,0,1,1,1.2,1.9,2025-Jan-30-22:16:19.297742
0.8215848732143756,1623,2,1,0,1,1,1.0,1.9,2025-Jan-30-22:16:19.336793
0.8215848718233001,1624,2,1,0,1,1,1.1,1.9,2025-Jan-30-22:16:19.374054
0.8215848732746842,1625,2,1,0,1,1,1.2,1.9,2025-Jan-30-22:16:19.414813
0.8215848732746842,1626,2,1,0,1,1,1.2,1.9,2025-Jan-30-22:16:19.453532
0.7696424601728877,1627,1,1,0,1,1,1.1,1.9,2025-Jan-30-22:16:19.502210
0.8215848718233001,1628,2,1,0,1,1,1.1,1.9,2025-Jan-30-22:16:19.540217
0.8215848718233001,1629,2,1,0,1,1,1.1,1.9,2025-Jan-30-22:16:19.583148
0.8215848718233001,1630,2,1,0,1,1,1.1,1.9,2025-Jan-30-22:16:19.672125
0.7696427935835017,1631,1,1,0,1,1,1.2,1.9,2025-Jan-30-22:16:19.762715
0.8215848732143756,1632,2,1,0,1,1,1.0,1.9,2025-Jan-30-22:16:19.803635
0.769642129494085,1633,1,1,0,1,1,1.0,1.9,2025-Jan-30-22:16:19.855656
0.769642129494085,1634,1,1,0,1,1,1.0,1.9,2025-Jan-30-22:16:19.906394
0.7696427935835017,1635,1,1,0,1,1,1.2,1.9,2025-Jan-30-22:16:19.954332
0.7696427935835017,1636,1,1,0,1,1,1.2,1.9,2025-Jan-30-22:16:20.012363
0.8215848732746842,1637,2,1,0,1,1,1.2,1.9,2025-Jan-30-22:16:20.050433
0.7696427935835017,1638,1,1,0,1,1,1.2,1.9,2025-Jan-30-22:16:20.101524
0.8215848732143756,1639,2,1,0,1,1,1.0,1.9,2025-Jan-30-22:16:20.139960
0.7696424601728877,1640,1,1,0,1,1,1.1,1.9,2025-Jan-30-22:16:20.188613
0.7696424601728877,1641,1,1,0,1,1,1.1,1.9,2025-Jan-30-22:16:20.240488
0.7696427935835017,1642,1,1,0,1,1,1.2,1.9,2025-Jan-30-22:16:20.290607
0.769642129494085,1643,1,1,0,1,1,1.0,1.9,2025-Jan-30-22:16:20.341022
0.8215848732746842,1644,2,1,0,1,1,1.2,1.9,2025-Jan-30-22:16:20.397554
0.769642129494085,1645,1,1,0,1,1,1.0,1.9,2025-Jan-30-22:16:20.445830
0.769642129494085,1646,1,1,0,1,1,1.0,1.9,2025-Jan-30-22:16:20.494860
0.7696424601728877,1647,1,1,0,1,1,1.1,1.9,2025-Jan-30-22:16:20.540201
0.7696427935835017,1648,1,1,0,1,1,1.2,1.9,2025-Jan-30-22:16:20.601368
0.7696424601728877,1649,1,1,0,1,1,1.1,1.9,2025-Jan-30-22:16:20.702958
0.769642129494085,1650,1,1,0,1,1,1.0,1.9,2025-Jan-30-22:16:20.789794
0.8215848718233001,1651,2,1,0,1,1,1.1,1.9,2025-Jan-30-22:16:20.829249
0.769642129494085,1652,1,1,0,1,1,1.0,1.9,2025-Jan-30-22:16:20.882841
0.7696424601728877,1653,1,1,0,1,1,1.1,1.9,2025-Jan-30-22:16:20.939707
0.8215848718233001,1654,2,1,0,1,1,1.1,1.9,2025-Jan-30-22:16:20.981888
0.8215848732143756,1655,2,1,0,1,1,1.0,1.9,2025-Jan-30-22:16:21.021461
0.8215848732746842,1656,2,1,0,1,1,1.2,1.9,2025-Jan-30-22:16:21.062698
0.8215848732103118,1657,2,1,0,1,1,0.9,1.9,2025-Jan-30-22:16:21.104547
0.7696427935835017,1658,1,1,0,1,1,1.2,1.9,2025-Jan-30-22:16:21.150211
0.8215848732103118,1659,2,1,0,1,1,0.9,1.9,2025-Jan-30-22:16:21.190807
0.8215848732103118,1660,2,1,0,1,1,0.9,1.9,2025-Jan-30-22:16:21.232384
0.7696427935835017,1661,1,1,0,1,1,1.2,1.9,2025-Jan-30-22:16:21.278931
0.7696424601728877,1662,1,1,0,1,1,1.1,1.9,2025-Jan-30-22:16:21.328650
0.7696427935835017,1663,1,1,0,1,1,1.2,1.9,2025-Jan-30-22:16:21.378053
0.769642129494085,1664,1,1,0,1,1,1.0,1.9,2025-Jan-30-22:16:21.432497
0.769642129494085,1665,1,1,0,1,1,1.0,1.9,2025-Jan-30-22:16:21.480586
0.8215848732143756,1666,2,1,0,1,1,1.0,1.9,2025-Jan-30-22:16:21.521229
0.769642129494085,1667,1,1,0,1,1,1.0,1.9,2025-Jan-30-22:16:21.570214
0.7696417988064492,1668,1,1,0,1,1,0.9,1.9,2025-Jan-30-22:16:21.639688
0.769642129494085,1669,1,1,0,1,1,1.0,1.9,2025-Jan-30-22:16:21.738981
0.769642129494085,1670,1,1,0,1,1,1.0,1.9,2025-Jan-30-22:16:21.803660
0.8215848732143756,1671,2,1,0,1,1,1.0,1.9,2025-Jan-30-22:16:21.897270
0.769642129494085,1672,1,1,0,1,1,1.0,1.9,2025-Jan-30-22:16:21.945074
0.7696424601728877,1673,1,1,0,1,1,1.1,1.9,2025-Jan-30-22:16:21.992958
0.8215848732746842,1674,2,1,0,1,1,1.2,1.9,2025-Jan-30-22:16:22.029898
0.7696417988064492,1675,1,1,0,1,1,0.9,1.9,2025-Jan-30-22:16:22.079149
0.769642129494085,1676,1,1,0,1,1,1.0,1.9,2025-Jan-30-22:16:22.128659
0.7696427935835017,1677,1,1,0,1,1,1.2,1.9,2025-Jan-30-22:16:22.177631
0.7696427935835017,1678,1,1,0,1,1,1.2,1.9,2025-Jan-30-22:16:22.226000
0.8215848732143756,1679,2,1,0,1,1,1.0,1.9,2025-Jan-30-22:16:22.265071
0.7696424601728877,1680,1,1,0,1,1,1.1,1.9,2025-Jan-30-22:16:22.316581
0.8215848732746842,1681,2,1,0,1,1,1.2,1.9,2025-Jan-30-22:16:22.360654
0.7696427935835017,1682,1,1,0,1,1,1.2,1.9,2025-Jan-30-22:16:22.414377
0.7696424601728877,1683,1,1,0,1,1,1.1,1.9,2025-Jan-30-22:16:22.460594
0.7696424601728877,1684,1,1,0,1,1,1.1,1.9,2025-Jan-30-22:16:22.510006
0.769642129494085,1685,1,1,0,1,1,1.0,1.9,2025-Jan-30-22:16:22.557178
0.7696417988064492,1686,1,1,0,1,1,0.9,1.9,2025-Jan-30-22:16:22.618805
0.769642129494085,1687,1,1,0,1,1,1.0,1.9,2025-Jan-30-22:16:22.723046
0.769642129494085,1688,1,1,0,1,1,1.0,1.9,2025-Jan-30-22:16:22.796179
0.769642129494085,1689,1,1,0,1,1,1.0,1.9,2025-Jan-30-22:16:22.844982
0.8215848718233001,1690,2,1,0,1,1,1.1,1.9,2025-Jan-30-22:16:22.885470
0.8215848732143756,1691,2,1,0,1,1,1.0,1.9,2025-Jan-30-22:16:22.927245
0.8215848732143756,1692,2,1,0,1,1,1.0,1.9,2025-Jan-30-22:16:22.972688
0.769642129494085,1693,1,1,0,1,1,1.0,1.9,2025-Jan-30-22:16:23.043711
0.7696424601728877,1694,1,1,0,1,1,1.1,1.9,2025-Jan-30-22:16:23.095091
0.769642129494085,1695,1,1,0,1,1,1.0,1.9,2025-Jan-30-22:16:23.141791
0.8215848718233001,1696,2,1,0,1,1,1.1,1.9,2025-Jan-30-22:16:23.186737
0.7696424601728877,1697,1,1,0,1,1,1.1,1.9,2025-Jan-30-22:16:23.234232
0.8215848718233001,1698,2,1,0,1,1,1.1,1.9,2025-Jan-30-22:16:23.273738
0.7696417988064492,1699,1,1,0,1,1,0.9,1.9,2025-Jan-30-22:16:23.323253
0.769642129494085,1700,1,1,0,1,1,1.0,1.9,2025-Jan-30-22:16:23.369799
0.7696424601728877,1701,1,1,0,1,1,1.1,1.9,2025-Jan-30-22:16:23.418287
0.7696424601728877,1702,1,1,0,1,1,1.1,1.9,2025-Jan-30-22:16:23.465323
0.7696424601728877,1703,1,1,0,1,1,1.1,1.9,2025-Jan-30-22:16:23.513211
0.769642129494085,1704,1,1,0,1,1,1.0,1.9,2025-Jan-30-22:16:23.560690
0.769642129494085,1705,1,1,0,1,1,1.0,1.9,2025-Jan-30-22:16:23.621621
0.8215848732746842,1706,2,1,0,1,1,1.2,1.9,2025-Jan-30-22:16:23.708141
0.7696424601728877,1707,1,1,0,1,1,1.1,1.9,2025-Jan-30-22:16:23.793727
0.7696424601728877,1708,1,1,0,1,1,1.1,1.9,2025-Jan-30-22:16:23.838433
0.769642129494085,1709,1,1,0,1,1,1.0,1.9,2025-Jan-30-22:16:23.886178
0.769642129494085,1710,1,1,0,1,1,1.0,1.9,2025-Jan-30-22:16:23.934010
0.769642129494085,1711,1,1,0,1,1,1.0,1.9,2025-Jan-30-22:16:23.982609
0.7696427935835017,1712,1,1,0,1,1,1.2,1.9,2025-Jan-30-22:16:24.030928
0.8215848718233001,1713,2,1,0,1,1,1.1,1.9,2025-Jan-30-22:16:24.070524
