Cost,Sim,Switch_State_Indx,Gen1_on,Gen2_on,Batt1_mode,Batt2_mode,Batt1_power_kW,Batt2_power_kW,Timestamp
1.5847484359473927,0,8,1,1,0,0,0.0,0.0,2025-Jan-30-22:15:07.315682
1.6153667300073198,1,8,1,1,-1,0,0.0,0.0,2025-Jan-30-22:15:07.353146
1.5315969928831574,2,2,1,1,0,1,0.0,1.0,2025-Jan-30-22:15:07.391485
1.7847012822924566,3,7,1,0,0,0,0.0,0.0,2025-Jan-30-22:15:07.423065
1.5315977833899408,4,7,1,1,-1,1,0.0,1.1,2025-Jan-30-22:15:07.462345
0.822800349966542,5,4,1,0,1,1,1.0,1.8,2025-Jan-30-22:15:07.501277
1.784701335509548,6,6,1,0,1,1,0.2,1.0,2025-Jan-30-22:15:07.574792
0.8747448491731491,7,5,1,0,0,0,0.0,0.0,2025-Jan-30-22:15:07.653096
0.874744853213778,8,4,1,0,0,-1,0.0,0.0,2025-Jan-30-22:15:07.705071
0.8747448488829315,9,1,1,0,0,0,0.0,0.0,2025-Jan-30-22:15:07.732982
1.5322870199427683,10,8,1,0,-1,-1,0.0,0.0,2025-Jan-30-22:15:07.768350
1.6153667300073198,11,8,1,1,-1,0,0.0,0.0,2025-Jan-30-22:15:07.803319
1.5682916187397866,12,5,1,1,1,0,0.1,0.0,2025-Jan-30-22:15:07.831703
1.5354242919437517,13,3,1,1,0,1,0.0,0.3,2025-Jan-30-22:15:07.860205
1.5847019372174482,14,3,1,1,1,0,1.6,0.0,2025-Jan-30-22:15:07.889751
1.6153667300073198,15,8,1,1,-1,0,0.0,0.0,2025-Jan-30-22:15:07.926258
1.6141220409574697,16,3,1,1,-1,-1,0.0,0.0,2025-Jan-30-22:15:07.964461
0.8747448532137795,17,2,1,0,-1,0,0.0,0.0,2025-Jan-30-22:15:07.991973
0.8747448494635456,18,4,1,0,0,0,0.0,0.0,2025-Jan-30-22:15:08.019365
0.8215872898664861,19,2,1,0,-1,1,0.0,1.7,2025-Jan-30-22:15:08.058172
0.888149460778483,20,2,1,0,0,-1,0.0,0.0,2025-Jan-30-22:15:08.092886
1.6063594577513205,21,1,1,1,0,-1,0.0,0.0,2025-Jan-30-22:15:08.125604
1.5847484356574353,22,6,1,1,0,0,0.0,0.0,2025-Jan-30-22:15:08.200780
0.8228002109729522,23,1,1,0,1,0,0.9,0.0,2025-Jan-30-22:15:08.240701
1.5316038544047763,24,6,1,1,0,1,0.0,0.6,2025-Jan-30-22:15:08.278764
0.8747448341702606,25,4,1,0,0,1,0.0,0.5,2025-Jan-30-22:15:08.309372
0.8747448494635456,26,4,1,0,0,0,0.0,0.0,2025-Jan-30-22:15:08.338244
0.8747448532137795,27,2,1,0,-1,0,0.0,0.0,2025-Jan-30-22:15:08.366065
0.874744853213778,28,4,1,0,0,-1,0.0,0.0,2025-Jan-30-22:15:08.394176
1.5847019539472484,29,1,1,1,0,0,0.0,0.0,2025-Jan-30-22:15:08.421621
1.5847484397052638,30,7,1,1,-1,0,0.0,0.0,2025-Jan-30-22:15:08.451616
0.7723643016945907,31,1,1,0,1,1,0.3,1.4,2025-Jan-30-22:15:08.488598
1.5847484396943574,32,8,1,1,0,-1,0.0,0.0,2025-Jan-30-22:15:08.526163
1.5190140206846134,33,1,1,1,1,1,0.1,0.3,2025-Jan-30-22:15:08.593679
1.584746129656701,34,4,1,1,0,0,0.0,0.0,2025-Jan-30-22:15:08.667348
0.821584887530485,35,0,1,0,0,1,0.0,1.9,2025-Jan-30-22:15:08.726027
1.5847484356574353,36,6,1,1,0,0,0.0,0.0,2025-Jan-30-22:15:08.752971
1.584701955935984,37,5,1,1,0,-1,0.0,0.0,2025-Jan-30-22:15:08.780431
1.5847019370283209,38,5,1,1,0,1,0.0,1.8,2025-Jan-30-22:15:08.814803
1.6141220391618645,39,3,1,1,0,-1,0.0,0.0,2025-Jan-30-22:15:08.850508
0.874744853213778,40,4,1,0,0,-1,0.0,0.0,2025-Jan-30-22:15:08.878222
1.584746133406935,41,2,1,1,-1,0,0.0,0.0,2025-Jan-30-22:15:08.907080
1.5315458702182534,42,3,1,1,0,1,0.0,1.1,2025-Jan-30-22:15:08.945079
1.6153667297259997,43,6,1,1,-1,0,0.0,0.0,2025-Jan-30-22:15:08.980406
1.5847019540919232,44,5,1,1,0,0,0.0,0.0,2025-Jan-30-22:15:09.010563
1.5847484205297928,45,7,1,1,1,0,0.9,0.0,2025-Jan-30-22:15:09.041700
0.8215860910446362,46,2,1,0,-1,1,0.0,1.8,2025-Jan-30-22:15:09.079052
1.5847019540919232,47,5,1,1,0,0,0.0,0.0,2025-Jan-30-22:15:09.106256
0.8522113750405047,48,0,1,0,1,-1,1.7,0.0,2025-Jan-30-22:15:09.153434
1.6153667300073198,49,8,1,1,-1,0,0.0,0.0,2025-Jan-30-22:15:09.188735
1.5847484359473927,50,8,1,1,0,0,0.0,0.0,2025-Jan-30-22:15:09.218051
1.6153646554507612,51,4,1,1,-1,0,0.0,0.0,2025-Jan-30-22:15:09.254952
1.6141220391618645,52,3,1,1,0,-1,0.0,0.0,2025-Jan-30-22:15:09.288512
0.8747448529233814,53,5,1,0,0,-1,0.0,0.0,2025-Jan-30-22:15:09.315511
1.7847012909688789,54,7,1,0,1,0,1.7,0.0,2025-Jan-30-22:15:09.346502
0.9053633752635563,55,4,1,0,-1,0,0.0,0.0,2025-Jan-30-22:15:09.382587
0.9053633749819754,56,0,1,0,-1,0,0.0,0.0,2025-Jan-30-22:15:09.416645
1.5847019540919232,57,5,1,1,0,0,0.0,0.0,2025-Jan-30-22:15:09.445166
0.9347793000872058,58,0,1,0,-1,-1,0.0,0.0,2025-Jan-30-22:15:09.486738
1.5847461293664833,59,0,1,1,0,0,0.0,0.0,2025-Jan-30-22:15:09.514290
0.9041586499145164,60,2,1,0,-1,-1,0.0,0.0,2025-Jan-30-22:15:09.599103
1.5847484396943574,61,8,1,1,0,-1,0.0,0.0,2025-Jan-30-22:15:09.661390
0.8747448494635457,62,2,1,0,0,0,0.0,0.0,2025-Jan-30-22:15:09.711793
0.9053633747002237,63,1,1,0,-1,0,0.0,0.0,2025-Jan-30-22:15:09.746249
0.8228002109729522,64,1,1,0,1,0,0.9,0.0,2025-Jan-30-22:15:09.787554
1.7847012823668567,65,6,1,0,0,0,0.0,0.0,2025-Jan-30-22:15:09.863628
0.888149460778483,66,2,1,0,0,-1,0.0,0.0,2025-Jan-30-22:15:09.898674
0.8747448491731491,67,5,1,0,0,0,0.0,0.0,2025-Jan-30-22:15:09.926062
0.9041586457104427,68,1,1,0,0,-1,0.0,0.0,2025-Jan-30-22:15:09.960501
1.6153646551691805,69,0,1,1,-1,0,0.0,0.0,2025-Jan-30-22:15:09.993278
0.8881494605956468,70,0,1,0,0,-1,0.0,0.0,2025-Jan-30-22:15:10.026350
0.8379922013517476,71,1,1,0,1,-1,0.3,0.0,2025-Jan-30-22:15:10.062439
1.5847019540923193,72,3,1,1,0,0,0.0,0.0,2025-Jan-30-22:15:10.089459
0.888149460778483,73,2,1,0,0,-1,0.0,0.0,2025-Jan-30-22:15:10.122527
1.5316026372332159,74,6,1,1,0,1,0.0,0.7,2025-Jan-30-22:15:10.161587
0.8747448491731491,75,3,1,0,0,0,0.0,0.0,2025-Jan-30-22:15:10.189368
1.5847461334069333,76,4,1,1,0,-1,0.0,0.0,2025-Jan-30-22:15:10.216088
0.874744853213778,77,4,1,0,0,-1,0.0,0.0,2025-Jan-30-22:15:10.243317
0.9041586459923068,78,3,1,0,0,-1,0.0,0.0,2025-Jan-30-22:15:10.277388
1.5847461296567011,79,2,1,1,0,0,0.0,0.0,2025-Jan-30-22:15:10.305458
1.7847012823668567,80,6,1,0,0,0,0.0,0.0,2025-Jan-30-22:15:10.333737
0.8215993410104013,81,2,1,0,-1,1,0.0,0.7,2025-Jan-30-22:15:10.370992
0.8583360109370841,82,5,1,0,1,0,0.1,0.0,2025-Jan-30-22:15:10.396607
1.5315471132556584,83,3,1,1,1,1,1.0,1.0,2025-Jan-30-22:15:10.434613
0.8747448491731491,84,3,1,0,0,0,0.0,0.0,2025-Jan-30-22:15:10.464290
1.8145754041240414,85,6,1,1,1,1,0.7,0.3,2025-Jan-30-22:15:10.504074
1.6141623215270673,86,7,1,1,0,-1,0.0,0.0,2025-Jan-30-22:15:10.552832
0.9041586309432694,87,3,1,0,1,-1,0.6,0.0,2025-Jan-30-22:15:10.628693
1.5847484356574353,88,6,1,1,0,0,0.0,0.0,2025-Jan-30-22:15:10.702412
0.874744853213778,89,4,1,0,0,-1,0.0,0.0,2025-Jan-30-22:15:10.731313
0.888149460778483,90,2,1,0,0,-1,0.0,0.0,2025-Jan-30-22:15:10.765157
1.5847019540923193,91,3,1,1,0,0,0.0,0.0,2025-Jan-30-22:15:10.793853
1.6153224952514107,92,5,1,1,-1,-1,0.0,0.0,2025-Jan-30-22:15:10.826736
0.8747448529233829,93,3,1,0,-1,0,0.0,0.0,2025-Jan-30-22:15:10.857654
0.8215872856013205,94,0,1,0,0,1,0.0,1.7,2025-Jan-30-22:15:10.895172
0.8228005199485089,95,1,1,0,1,0,1.1,0.0,2025-Jan-30-22:15:10.931176
0.9193881525555189,96,1,1,0,-1,-1,0.0,0.0,2025-Jan-30-22:15:11.018002
1.6153646554507612,97,4,1,1,-1,0,0.0,0.0,2025-Jan-30-22:15:11.051291
0.8215969191617977,98,0,1,0,0,1,0.0,0.9,2025-Jan-30-22:15:11.088935
1.784701313454272,99,7,1,0,-1,0,0.0,0.0,2025-Jan-30-22:15:11.117583
0.8747448491731491,100,3,1,0,0,0,0.0,0.0,2025-Jan-30-22:15:11.145627
1.6153646551691805,101,0,1,1,-1,0,0.0,0.0,2025-Jan-30-22:15:11.180503
1.6141220391618645,102,3,1,1,0,-1,0.0,0.0,2025-Jan-30-22:15:11.213972
0.888149460778483,103,2,1,0,0,-1,0.0,0.0,2025-Jan-30-22:15:11.248144
0.9053633749818047,104,5,1,0,-1,0,0.0,0.0,2025-Jan-30-22:15:11.281726
0.8747448532137795,105,2,1,0,-1,0,0.0,0.0,2025-Jan-30-22:15:11.309746
0.8747448337000909,106,3,1,0,1,0,1.5,0.0,2025-Jan-30-22:15:11.340007
0.8747448491731491,107,3,1,0,0,0,0.0,0.0,2025-Jan-30-22:15:11.365622
0.8215945045793993,108,0,1,0,0,1,0.0,1.1,2025-Jan-30-22:15:11.402929
1.5847461293664833,109,0,1,1,0,0,0.0,0.0,2025-Jan-30-22:15:11.428930
0.904158630535172,110,3,1,0,1,-1,1.2,0.0,2025-Jan-30-22:15:11.466490
1.5847019540919232,111,5,1,1,0,0,0.0,0.0,2025-Jan-30-22:15:11.492067
0.8747448491733278,112,0,1,0,0,0,0.0,0.0,2025-Jan-30-22:15:11.520115
0.8747448491733278,113,0,1,0,0,0,0.0,0.0,2025-Jan-30-22:15:11.591260
0.7887757632157888,114,0,1,0,1,1,0.2,1.2,2025-Jan-30-22:15:11.676751
0.8747448494635456,115,4,1,0,0,0,0.0,0.0,2025-Jan-30-22:15:11.716918
0.8522059264903825,116,1,1,0,-1,1,0.0,1.9,2025-Jan-30-22:15:11.761444
0.8747448491733278,117,0,1,0,0,0,0.0,0.0,2025-Jan-30-22:15:11.794625
0.8747448488829315,118,1,1,0,0,0,0.0,0.0,2025-Jan-30-22:15:11.825179
0.9053633749819754,119,0,1,0,-1,0,0.0,0.0,2025-Jan-30-22:15:11.864447
0.8747448338469852,120,5,1,0,0,1,0.0,1.0,2025-Jan-30-22:15:11.894526
0.888149460778483,121,2,1,0,0,-1,0.0,0.0,2025-Jan-30-22:15:11.928615
0.8419066803365747,122,0,1,0,0,1,0.0,0.2,2025-Jan-30-22:15:11.955614
0.8747448488829315,123,1,1,0,0,0,0.0,0.0,2025-Jan-30-22:15:11.982613
0.8747448342662368,124,4,1,0,0,1,0.0,1.1,2025-Jan-30-22:15:12.012568
0.8747448488829315,125,1,1,0,0,0,0.0,0.0,2025-Jan-30-22:15:12.039353
1.5981507407667987,126,0,1,1,0,-1,0.0,0.0,2025-Jan-30-22:15:12.071853
0.8747448529233814,127,5,1,0,0,-1,0.0,0.0,2025-Jan-30-22:15:12.097850
0.9041586459923068,128,3,1,0,0,-1,0.0,0.0,2025-Jan-30-22:15:12.130945
1.531540838699788,129,1,1,1,0,1,0.0,1.5,2025-Jan-30-22:15:12.168813
0.8747448491731491,130,3,1,0,0,0,0.0,0.0,2025-Jan-30-22:15:12.197800
1.5315873712488113,131,2,1,1,-1,1,0.0,1.8,2025-Jan-30-22:15:12.234194
1.5847019539472484,132,1,1,1,0,0,0.0,0.0,2025-Jan-30-22:15:12.262631
0.8215896739414885,133,2,1,0,1,1,0.1,1.5,2025-Jan-30-22:15:12.298058
0.8747448532137795,134,2,1,0,-1,0,0.0,0.0,2025-Jan-30-22:15:12.325358
0.8747448338629475,135,5,1,0,0,1,0.0,0.1,2025-Jan-30-22:15:12.355797
1.5847019540919232,136,5,1,1,0,0,0.0,0.0,2025-Jan-30-22:15:12.383044
0.888149460778483,137,2,1,0,0,-1,0.0,0.0,2025-Jan-30-22:15:12.414916
0.8747448491731491,138,5,1,0,0,0,0.0,0.0,2025-Jan-30-22:15:12.441068
0.9053633788996899,139,4,1,0,-1,-1,0.0,0.0,2025-Jan-30-22:15:12.521304
0.9041586457104427,140,1,1,0,0,-1,0.0,0.0,2025-Jan-30-22:15:12.596406
1.5847019540923193,141,3,1,1,0,0,0.0,0.0,2025-Jan-30-22:15:12.668357
1.6153646590868944,142,4,1,1,-1,-1,0.0,0.0,2025-Jan-30-22:15:12.725941
1.5328008757857712,143,0,1,1,1,0,0.5,0.0,2025-Jan-30-22:15:12.763781
0.8747448491731491,144,5,1,0,0,0,0.0,0.0,2025-Jan-30-22:15:12.789533
0.7696608652532142,145,0,1,0,1,1,1.1,0.4,2025-Jan-30-22:15:12.834757
0.8877495819649559,146,1,1,0,1,-1,0.1,0.0,2025-Jan-30-22:15:12.869010
1.5847019559413573,147,3,1,1,-1,0,0.0,0.0,2025-Jan-30-22:15:12.895870
0.8419066800364621,148,1,1,0,0,1,0.0,0.2,2025-Jan-30-22:15:12.924360
1.5322869961950296,149,6,1,0,-1,0,0.0,0.0,2025-Jan-30-22:15:12.960889
0.9053633749819754,150,0,1,0,-1,0,0.0,0.0,2025-Jan-30-22:15:12.995029
1.5315969781802405,151,2,1,1,1,1,0.2,1.0,2025-Jan-30-22:15:13.033825
1.6141599264617297,152,2,1,1,0,-1,0.0,0.0,2025-Jan-30-22:15:13.069479
0.8881494605956468,153,0,1,0,0,-1,0.0,0.0,2025-Jan-30-22:15:13.103063
0.8255177569756563,154,1,1,0,1,0,0.3,0.0,2025-Jan-30-22:15:13.128639
0.8255177569756563,155,1,1,0,1,0,0.3,0.0,2025-Jan-30-22:15:13.158414
0.8352230929741524,156,0,1,0,1,-1,1.0,0.0,2025-Jan-30-22:15:13.204042
0.8747448491731491,157,3,1,0,0,0,0.0,0.0,2025-Jan-30-22:15:13.230034
0.8490084992439094,158,6,1,0,-1,-1,0.0,0.0,2025-Jan-30-22:15:13.264403
0.7735424831629891,159,0,1,0,1,1,1.1,0.3,2025-Jan-30-22:15:13.301120
0.8522183390664685,160,0,1,0,-1,1,0.0,0.9,2025-Jan-30-22:15:13.345259
0.9053633749819754,161,0,1,0,-1,0,0.0,0.0,2025-Jan-30-22:15:13.379802
1.7847012890693392,162,6,1,0,0,1,0.0,1.6,2025-Jan-30-22:15:13.411472
1.5847484356574353,163,6,1,1,0,0,0.0,0.0,2025-Jan-30-22:15:13.439391
1.515191944563247,164,0,1,1,1,1,0.1,0.7,2025-Jan-30-22:15:13.477106
1.7847012822924566,165,7,1,0,0,0,0.0,0.0,2025-Jan-30-22:15:13.506391
0.8522073137589334,166,0,1,0,-1,1,0.0,1.8,2025-Jan-30-22:15:13.573537
0.8747448494635456,167,4,1,0,0,0,0.0,0.0,2025-Jan-30-22:15:13.646385
0.9347793000872058,168,0,1,0,-1,-1,0.0,0.0,2025-Jan-30-22:15:13.717109
0.7696510674149781,169,0,1,0,1,1,0.8,1.1,2025-Jan-30-22:15:13.763299
0.9041586499145164,170,2,1,0,-1,-1,0.0,0.0,2025-Jan-30-22:15:13.795810
1.5847019539472484,171,1,1,1,0,0,0.0,0.0,2025-Jan-30-22:15:13.821375
1.784701306197953,172,7,1,0,1,1,0.9,0.9,2025-Jan-30-22:15:13.850942
0.8747448488829315,173,1,1,0,0,0,0.0,0.0,2025-Jan-30-22:15:13.877562
0.8215932995606529,174,1,1,0,0,1,0.0,1.2,2025-Jan-30-22:15:13.912994
0.8419269782379402,175,1,1,0,1,0,0.2,0.0,2025-Jan-30-22:15:13.939488
1.615364639566631,176,4,1,1,-1,1,0.0,1.4,2025-Jan-30-22:15:13.981253
1.5847019540923193,177,3,1,1,0,0,0.0,0.0,2025-Jan-30-22:15:14.008047
0.8877495819649559,178,1,1,0,1,-1,0.1,0.0,2025-Jan-30-22:15:14.039862
1.5315945803767241,179,2,1,1,0,1,0.0,1.2,2025-Jan-30-22:15:14.076765
0.9053633749819754,180,0,1,0,-1,0,0.0,0.0,2025-Jan-30-22:15:14.109446
0.8051786158323841,181,1,1,0,1,1,0.1,1.7,2025-Jan-30-22:15:14.146426
1.5328007226987372,182,0,1,1,1,0,0.4,0.0,2025-Jan-30-22:15:14.184064
0.8215896922427995,183,3,1,0,-1,1,0.0,1.5,2025-Jan-30-22:15:14.266846
0.8419269782379402,184,1,1,0,1,0,0.2,0.0,2025-Jan-30-22:15:14.294069
1.7847012890693392,185,6,1,0,0,1,0.0,1.6,2025-Jan-30-22:15:14.322584
0.8747448341373828,186,2,1,0,1,0,1.0,0.0,2025-Jan-30-22:15:14.353561
1.531592171855805,187,0,1,1,0,1,0.0,1.4,2025-Jan-30-22:15:14.389645
0.874744853213778,188,4,1,0,0,-1,0.0,0.0,2025-Jan-30-22:15:14.416386
0.9193881525555189,189,1,1,0,-1,-1,0.0,0.0,2025-Jan-30-22:15:14.456355
0.8215981269817364,190,1,1,0,0,1,0.0,0.8,2025-Jan-30-22:15:14.491941
0.8215969191615606,191,3,1,0,0,1,0.0,0.9,2025-Jan-30-22:15:14.535281
0.8216005329499037,192,2,1,0,1,1,0.6,0.6,2025-Jan-30-22:15:14.612233
0.8227997491403438,193,0,1,0,1,0,0.6,0.0,2025-Jan-30-22:15:14.693086
1.5322869961950296,194,6,1,0,-1,0,0.0,0.0,2025-Jan-30-22:15:14.728239
1.5317621058662887,195,6,1,0,-1,1,0.0,0.1,2025-Jan-30-22:15:14.763715
0.8522121875912485,196,1,1,0,1,-1,0.6,0.0,2025-Jan-30-22:15:14.806566
0.8747448488829315,197,1,1,0,0,0,0.0,0.0,2025-Jan-30-22:15:14.833730
0.8583309361478302,198,1,1,0,0,1,0.0,0.1,2025-Jan-30-22:15:14.861041
0.822800676006747,199,1,1,0,1,0,1.2,0.0,2025-Jan-30-22:15:14.897045
0.8228011429610167,200,0,1,0,1,0,1.5,0.0,2025-Jan-30-22:15:14.932959
0.8522161331945529,201,1,1,0,-1,1,0.0,1.1,2025-Jan-30-22:15:14.979998
0.9041586457104427,202,1,1,0,0,-1,0.0,0.0,2025-Jan-30-22:15:15.012536
0.8228000605548638,203,5,1,0,1,-1,0.8,0.0,2025-Jan-30-22:15:15.050441
0.8419269782379402,204,1,1,0,1,0,0.2,0.0,2025-Jan-30-22:15:15.077479
0.8227994424949018,205,0,1,0,1,0,0.4,0.0,2025-Jan-30-22:15:15.114257
1.5316026227710067,206,7,1,1,1,1,0.6,0.7,2025-Jan-30-22:15:15.151686
0.8747448491733278,207,0,1,0,0,0,0.0,0.0,2025-Jan-30-22:15:15.178665
0.9347793000872058,208,0,1,0,-1,-1,0.0,0.0,2025-Jan-30-22:15:15.219517
0.9053633752635563,209,4,1,0,-1,0,0.0,0.0,2025-Jan-30-22:15:15.252602
0.7696584828555858,210,0,1,0,1,1,0.7,0.5,2025-Jan-30-22:15:15.300407
1.7847013105558132,211,6,1,0,1,0,0.3,0.0,2025-Jan-30-22:15:15.332981
1.7847012930882342,212,6,1,0,0,1,0.0,1.5,2025-Jan-30-22:15:15.361990
0.8747448491733278,213,0,1,0,0,0,0.0,0.0,2025-Jan-30-22:15:15.389398
1.7847013333732622,214,6,1,0,1,1,0.3,0.8,2025-Jan-30-22:15:15.418462
0.7696540344932594,215,0,1,0,1,1,0.6,0.8,2025-Jan-30-22:15:15.463698
0.7723655033313004,216,0,1,0,1,1,0.3,1.3,2025-Jan-30-22:15:15.504621
0.9041586308108448,217,3,1,0,1,-1,0.5,0.0,2025-Jan-30-22:15:15.559145
0.9053633788996899,218,4,1,0,-1,-1,0.0,0.0,2025-Jan-30-22:15:15.632435
0.9053633602111445,219,4,1,0,-1,1,0.0,0.6,2025-Jan-30-22:15:15.705763
0.8522193755947596,220,0,1,0,-1,1,0.0,0.8,2025-Jan-30-22:15:15.748306
0.7696572672599244,221,1,1,0,1,1,1.0,0.7,2025-Jan-30-22:15:15.842369
0.7696486616431992,222,0,1,0,1,1,0.8,1.3,2025-Jan-30-22:15:15.888087
0.8747448491733278,223,0,1,0,0,0,0.0,0.0,2025-Jan-30-22:15:15.915603
0.8215932851809309,224,3,1,0,1,1,0.1,1.2,2025-Jan-30-22:15:15.956299
1.7847012766079593,225,7,1,0,1,0,0.8,0.0,2025-Jan-30-22:15:15.987877
1.7847013105558132,226,6,1,0,1,0,0.3,0.0,2025-Jan-30-22:15:16.017061
0.8747448491733278,227,0,1,0,0,0,0.0,0.0,2025-Jan-30-22:15:16.044765
0.8877495822518107,228,0,1,0,1,-1,0.1,0.0,2025-Jan-30-22:15:16.079783
0.7696501919080134,229,1,1,0,1,1,0.9,1.2,2025-Jan-30-22:15:16.124444
1.5322869961950398,230,8,1,0,-1,0,0.0,0.0,2025-Jan-30-22:15:16.158604
0.7887709517008321,231,0,1,0,1,1,0.2,1.6,2025-Jan-30-22:15:16.195750
0.8877495822518107,232,0,1,0,1,-1,0.1,0.0,2025-Jan-30-22:15:16.231288
0.821601743841788,233,3,1,0,1,1,0.2,0.5,2025-Jan-30-22:15:16.269295
0.8228008157094502,234,5,1,0,1,1,1.3,0.9,2025-Jan-30-22:15:16.306593
0.8747448339904865,235,4,1,0,0,1,0.0,1.5,2025-Jan-30-22:15:16.336889
0.9041586457104427,236,1,1,0,0,-1,0.0,0.0,2025-Jan-30-22:15:16.371805
0.8215908916516531,237,0,1,0,0,1,0.0,1.4,2025-Jan-30-22:15:16.409821
0.888149460778483,238,2,1,0,0,-1,0.0,0.0,2025-Jan-30-22:15:16.442820
1.6447805802687379,239,0,1,1,-1,-1,0.0,0.0,2025-Jan-30-22:15:16.483461
0.8215908770882048,240,3,1,0,1,1,0.8,1.4,2025-Jan-30-22:15:16.521259
0.8215969188557032,241,1,1,0,0,1,0.0,0.9,2025-Jan-30-22:15:16.605153
0.8216029714845636,242,2,1,0,0,1,0.0,0.4,2025-Jan-30-22:15:16.686495
0.8419269785378378,243,5,1,0,1,0,0.2,0.0,2025-Jan-30-22:15:16.717747
0.9053633752635563,244,4,1,0,-1,0,0.0,0.0,2025-Jan-30-22:15:16.751090
1.7847013020658844,245,7,1,0,1,1,1.0,0.5,2025-Jan-30-22:15:16.780179
0.8522119667728801,246,0,1,0,1,-1,0.9,0.0,2025-Jan-30-22:15:16.823066
1.784701305146259,247,7,1,0,0,1,0.0,0.6,2025-Jan-30-22:15:16.852049
0.7735409274400051,248,0,1,0,1,1,0.9,0.3,2025-Jan-30-22:15:16.890002
1.5327528509034356,249,1,1,1,1,0,1.5,0.0,2025-Jan-30-22:15:16.927978
1.5315941304753191,250,7,1,1,1,1,1.5,1.4,2025-Jan-30-22:15:16.966742
0.8227995803402108,251,5,1,0,1,1,0.5,1.3,2025-Jan-30-22:15:17.005223
0.8522121875912485,252,1,1,0,1,-1,0.6,0.0,2025-Jan-30-22:15:17.051366
0.9053633749818047,253,5,1,0,-1,0,0.0,0.0,2025-Jan-30-22:15:17.085072
1.784701326743943,254,7,1,0,1,1,0.1,0.8,2025-Jan-30-22:15:17.114694
0.8583359954999593,255,5,1,0,1,1,0.1,1.5,2025-Jan-30-22:15:17.143679
0.8215969048317173,256,2,1,0,1,1,0.6,0.9,2025-Jan-30-22:15:17.184185
1.7847013037388622,257,7,1,0,0,1,0.0,1.3,2025-Jan-30-22:15:17.211847
1.7847012930010737,258,7,1,0,1,1,0.7,1.4,2025-Jan-30-22:15:17.240915
0.9053633749818047,259,5,1,0,-1,0,0.0,0.0,2025-Jan-30-22:15:17.275687
0.8522223163474579,260,0,1,0,-1,1,0.0,0.5,2025-Jan-30-22:15:17.319713
0.8227997491403438,261,0,1,0,1,0,0.6,0.0,2025-Jan-30-22:15:17.357112
1.7847013033347165,262,6,1,0,1,0,0.9,0.0,2025-Jan-30-22:15:17.387741
0.8747448494635456,263,4,1,0,0,0,0.0,0.0,2025-Jan-30-22:15:17.415276
0.7696525046282503,264,1,1,0,1,1,0.5,0.9,2025-Jan-30-22:15:17.460079
0.8522183387690075,265,1,1,0,-1,1,0.0,0.9,2025-Jan-30-22:15:17.502230
0.8215981272878343,266,0,1,0,0,1,0.0,0.8,2025-Jan-30-22:15:17.554849
0.8215956976237444,267,3,1,0,1,1,0.9,1.0,2025-Jan-30-22:15:17.642684
0.8522122614503109,268,0,1,0,1,-1,0.5,0.0,2025-Jan-30-22:15:17.721548
0.8419269630693469,269,4,1,0,1,1,0.2,0.8,2025-Jan-30-22:15:17.750765
0.8352230929741524,270,0,1,0,1,-1,1.0,0.0,2025-Jan-30-22:15:17.794946
0.7696600630039181,271,0,1,0,1,1,1.5,0.6,2025-Jan-30-22:15:17.840237
0.8227997342625957,272,5,1,0,1,1,0.6,1.0,2025-Jan-30-22:15:17.879573
0.7696545296540809,273,0,1,0,1,1,1.0,0.9,2025-Jan-30-22:15:17.928185
0.7723655033313004,274,0,1,0,1,1,0.3,1.3,2025-Jan-30-22:15:17.966848
0.8747448491733278,275,0,1,0,0,0,0.0,0.0,2025-Jan-30-22:15:17.995233
0.7696476860534902,276,1,1,0,1,1,0.5,1.3,2025-Jan-30-22:15:18.087984
1.784701294905733,277,6,1,0,0,1,0.0,1.3,2025-Jan-30-22:15:18.118664
1.529027870491865,278,6,1,0,1,-1,0.4,0.0,2025-Jan-30-22:15:18.155858
0.7696516217442431,279,0,1,0,1,1,0.6,1.0,2025-Jan-30-22:15:18.204276
0.9053633596376579,280,5,1,0,-1,1,0.0,0.4,2025-Jan-30-22:15:18.240662
0.7696440830882127,281,0,1,0,1,1,0.5,1.6,2025-Jan-30-22:15:18.288236
0.8713403246814577,282,0,1,0,1,-1,0.2,0.0,2025-Jan-30-22:15:18.322335
0.8215860724729263,283,2,1,0,1,1,0.2,1.8,2025-Jan-30-22:15:18.361068
0.7696472477113286,284,0,1,0,1,1,1.1,1.5,2025-Jan-30-22:15:18.407595
1.7847013013373352,285,7,1,0,0,1,0.0,1.2,2025-Jan-30-22:15:18.438628
1.5309869926034603,286,7,1,0,1,-1,0.6,0.0,2025-Jan-30-22:15:18.478354
0.7696481180861048,287,0,1,0,1,1,1.0,1.4,2025-Jan-30-22:15:18.522753
0.8881494605956468,288,0,1,0,0,-1,0.0,0.0,2025-Jan-30-22:15:18.589415
0.9193881525555189,289,1,1,0,-1,-1,0.0,0.0,2025-Jan-30-22:15:18.684486
0.8215860864733557,290,1,1,0,0,1,0.0,1.8,2025-Jan-30-22:15:18.733936
0.8227999025777923,291,0,1,0,1,0,0.7,0.0,2025-Jan-30-22:15:18.770010
0.7696545983005345,292,0,1,0,1,1,0.4,0.7,2025-Jan-30-22:15:18.815743
0.9053633749819754,293,0,1,0,-1,0,0.0,0.0,2025-Jan-30-22:15:18.849640
0.9053633747002237,294,1,1,0,-1,0,0.0,0.0,2025-Jan-30-22:15:18.883911
0.8215993221906649,295,2,1,0,1,1,0.9,0.7,2025-Jan-30-22:15:18.922057
0.8522120401631679,296,0,1,0,1,-1,0.8,0.0,2025-Jan-30-22:15:18.964662
0.8747448342390307,297,4,1,0,0,1,0.0,0.7,2025-Jan-30-22:15:18.994351
0.9347793000872058,298,0,1,0,-1,-1,0.0,0.0,2025-Jan-30-22:15:19.033634
0.9053633749819754,299,0,1,0,-1,0,0.0,0.0,2025-Jan-30-22:15:19.067126
1.7847013172604096,300,6,1,0,1,1,1.5,1.4,2025-Jan-30-22:15:19.099135
1.8133141383789884,301,1,1,1,1,1,0.3,1.5,2025-Jan-30-22:15:19.153038
0.8051762187849656,302,0,1,0,1,1,0.1,1.9,2025-Jan-30-22:15:19.188696
0.8227999025777923,303,0,1,0,1,0,0.7,0.0,2025-Jan-30-22:15:19.226809
1.7847013053823435,304,8,1,0,1,1,0.2,0.9,2025-Jan-30-22:15:19.259203
0.8215896736483728,305,3,1,0,1,1,0.2,1.5,2025-Jan-30-22:15:19.299232
1.7527093753082392,306,0,1,1,1,1,0.3,1.2,2025-Jan-30-22:15:19.346161
0.8215945045793993,307,0,1,0,0,1,0.0,1.1,2025-Jan-30-22:15:19.384258
0.8227995804140804,308,4,1,0,1,1,0.5,1.4,2025-Jan-30-22:15:19.421873
0.8227995955819274,309,0,1,0,1,0,0.5,0.0,2025-Jan-30-22:15:19.458783
1.5289361034871027,310,6,1,0,-1,1,0.0,0.7,2025-Jan-30-22:15:19.491182
0.8747448337503302,311,3,1,0,1,0,0.9,0.0,2025-Jan-30-22:15:19.520394
0.8228002109729522,312,1,1,0,1,0,0.9,0.0,2025-Jan-30-22:15:19.599321
0.7696449588523541,313,0,1,0,1,1,0.4,1.5,2025-Jan-30-22:15:19.692592
0.8228000566004263,314,0,1,0,1,0,0.8,0.0,2025-Jan-30-22:15:19.737501
0.8522172657688045,315,0,1,0,-1,1,0.0,1.0,2025-Jan-30-22:15:19.781097
0.7696512983618907,316,0,1,0,1,1,0.5,1.0,2025-Jan-30-22:15:19.827636
0.8228006766180365,317,4,1,0,1,0,1.2,0.0,2025-Jan-30-22:15:19.863762
1.7074358974358974,318,1,1,1,1,1,0.6,1.0,2025-Jan-30-22:15:19.912135
0.9053633597145646,319,4,1,0,-1,1,0.0,1.1,2025-Jan-30-22:15:19.950945
0.8215920792772371,320,2,1,0,1,1,1.0,1.3,2025-Jan-30-22:15:19.990754
0.7696584541756247,321,0,1,0,1,1,1.3,0.7,2025-Jan-30-22:15:20.036922
0.9053633601492383,322,4,1,0,-1,1,0.0,1.5,2025-Jan-30-22:15:20.075347
1.532801646821025,323,0,1,1,1,0,1.0,0.0,2025-Jan-30-22:15:20.111429
0.8215920935669413,324,1,1,0,0,1,0.0,1.3,2025-Jan-30-22:15:20.150463
0.7723595009283017,325,0,1,0,1,1,0.3,1.8,2025-Jan-30-22:15:20.189486
1.7847013037388622,326,7,1,0,0,1,0.0,1.3,2025-Jan-30-22:15:20.218381
1.5534744020925226,327,1,1,1,-1,1,0.0,1.6,2025-Jan-30-22:15:20.256098
0.8522123351704443,328,0,1,0,1,-1,0.4,0.0,2025-Jan-30-22:15:20.300707
0.7696492141574008,329,0,1,0,1,1,0.6,1.2,2025-Jan-30-22:15:20.349351
0.8216017627077108,330,3,1,0,-1,1,0.0,0.5,2025-Jan-30-22:15:20.387844
0.7696435373334576,331,0,1,0,1,1,0.7,1.7,2025-Jan-30-22:15:20.433249
0.8352224568547941,332,1,1,0,1,-1,0.4,0.0,2025-Jan-30-22:15:20.476018
0.7696564975402233,333,1,1,0,1,1,0.6,0.6,2025-Jan-30-22:15:20.520815
1.7847013252379447,334,7,1,0,1,1,0.6,0.3,2025-Jan-30-22:15:20.595846
0.8215920938730216,335,0,1,0,0,1,0.0,1.3,2025-Jan-30-22:15:20.726759
0.8352227743596958,336,0,1,0,1,-1,0.7,0.0,2025-Jan-30-22:15:20.782699
0.8051822212909672,337,0,1,0,1,1,0.1,1.4,2025-Jan-30-22:15:20.818453
0.8881494605956468,338,0,1,0,0,-1,0.0,0.0,2025-Jan-30-22:15:20.850784
1.7847013254843016,339,6,1,0,1,1,0.8,1.2,2025-Jan-30-22:15:20.880905
0.8747448529233814,340,5,1,0,0,-1,0.0,0.0,2025-Jan-30-22:15:20.907965
0.8227997491403438,341,0,1,0,1,0,0.6,0.0,2025-Jan-30-22:15:20.944486
0.8215981269817364,342,1,1,0,0,1,0.0,0.8,2025-Jan-30-22:15:20.982299
0.9053633595339671,343,5,1,0,-1,1,0.0,1.7,2025-Jan-30-22:15:21.020185
0.9053633595220957,344,5,1,0,-1,1,0.0,1.0,2025-Jan-30-22:15:21.057303
0.7696562660351137,345,0,1,0,1,1,0.8,0.7,2025-Jan-30-22:15:21.104281
0.7696507426973167,346,0,1,0,1,1,0.7,1.1,2025-Jan-30-22:15:21.151029
0.8522223163474579,347,0,1,0,-1,1,0.0,0.5,2025-Jan-30-22:15:21.194509
0.7723763727931974,348,0,1,0,1,1,0.3,0.4,2025-Jan-30-22:15:21.230192
0.8747448341373828,349,2,1,0,1,0,1.0,0.0,2025-Jan-30-22:15:21.259132
0.7696495387886436,350,1,1,0,1,1,1.4,1.4,2025-Jan-30-22:15:21.306034
0.76964255862232,351,0,1,0,1,1,0.4,1.7,2025-Jan-30-22:15:21.351302
0.7696461610346954,352,0,1,0,1,1,0.4,1.4,2025-Jan-30-22:15:21.398020
0.8227999028833363,353,4,1,0,1,0,0.7,0.0,2025-Jan-30-22:15:21.434435
0.8255177423672366,354,4,1,0,1,1,0.3,1.0,2025-Jan-30-22:15:21.463406
0.8215908916516531,355,0,1,0,0,1,0.0,1.4,2025-Jan-30-22:15:21.499511
0.8227994273959873,356,5,1,0,1,1,0.4,1.6,2025-Jan-30-22:15:21.548333
1.5847019559413573,357,3,1,1,-1,0,0.0,0.0,2025-Jan-30-22:15:21.618792
0.82159087731999,358,2,1,0,1,1,0.6,1.4,2025-Jan-30-22:15:21.698029
0.7696432089808415,359,0,1,0,1,1,0.6,1.7,2025-Jan-30-22:15:21.742069
0.8522137298216405,360,1,1,0,-1,1,0.0,1.3,2025-Jan-30-22:15:21.789909
0.8215896739271706,361,2,1,0,1,1,0.9,1.5,2025-Jan-30-22:15:21.828178
0.8215920938730216,362,0,1,0,0,1,0.0,1.3,2025-Jan-30-22:15:21.864302
0.9053633595136872,363,5,1,0,-1,1,0.0,1.8,2025-Jan-30-22:15:21.903690
0.7696498648709345,364,0,1,0,1,1,0.8,1.2,2025-Jan-30-22:15:21.950611
1.5322869930597947,365,8,1,0,-1,1,0.0,1.0,2025-Jan-30-22:15:21.993697
0.7696519460366589,366,0,1,0,1,1,0.7,1.0,2025-Jan-30-22:15:22.040773
0.9053633747002237,367,1,1,0,-1,0,0.0,0.0,2025-Jan-30-22:15:22.073424
1.7847012823668567,368,6,1,0,0,0,0.0,0.0,2025-Jan-30-22:15:22.102522
0.7723630995261164,369,0,1,0,1,1,0.3,1.5,2025-Jan-30-22:15:22.137199
0.769659302817678,370,0,1,0,1,1,0.9,0.5,2025-Jan-30-22:15:22.183677
0.7696564179737392,371,0,1,0,1,1,1.1,0.8,2025-Jan-30-22:15:22.226469
0.7696564978616756,372,0,1,0,1,1,0.6,0.6,2025-Jan-30-22:15:22.273507
0.8522193755947596,373,0,1,0,-1,1,0.0,0.8,2025-Jan-30-22:15:22.320174
0.8215896885896463,374,2,1,0,0,1,0.0,1.5,2025-Jan-30-22:15:22.403433
0.8522193755947596,375,0,1,0,-1,1,0.0,0.8,2025-Jan-30-22:15:22.444928
1.530986996195459,376,7,1,0,0,-1,0.0,0.0,2025-Jan-30-22:15:22.481746
0.8215872713129752,377,2,1,0,1,1,0.4,1.7,2025-Jan-30-22:15:22.517790
1.5518605256212137,378,3,1,1,1,1,0.8,0.2,2025-Jan-30-22:15:22.585529
0.7696449588523541,379,0,1,0,1,1,0.4,1.5,2025-Jan-30-22:15:22.674885
0.8522172657688045,380,0,1,0,-1,1,0.0,1.0,2025-Jan-30-22:15:22.734901
0.8747448491733278,381,0,1,0,0,0,0.0,0.0,2025-Jan-30-22:15:22.761568
0.8215945048852495,382,2,1,0,0,1,0.0,1.1,2025-Jan-30-22:15:22.799005
0.7696513942625551,383,1,1,0,1,1,0.9,1.1,2025-Jan-30-22:15:22.845155
1.7847013383865784,384,6,1,0,1,1,0.6,0.4,2025-Jan-30-22:15:22.874278
0.769646809562925,385,0,1,0,1,1,0.6,1.4,2025-Jan-30-22:15:22.928184
0.8215884713354837,386,3,1,0,1,1,0.4,1.6,2025-Jan-30-22:15:22.969197
0.8713403246814577,387,0,1,0,1,-1,0.2,0.0,2025-Jan-30-22:15:23.004183
0.7696428833533786,388,0,1,0,1,1,0.5,1.7,2025-Jan-30-22:15:23.050260
0.8228000418557704,389,4,1,0,1,1,0.8,1.8,2025-Jan-30-22:15:23.087259
0.8877495822518107,390,0,1,0,1,-1,0.1,0.0,2025-Jan-30-22:15:23.120610
0.8227997491403438,391,0,1,0,1,0,0.6,0.0,2025-Jan-30-22:15:23.167196
0.8227994275144895,392,4,1,0,1,1,0.4,1.3,2025-Jan-30-22:15:23.204433
0.8215872710069088,393,3,1,0,1,1,0.4,1.7,2025-Jan-30-22:15:23.242748
0.8215932852064594,394,3,1,0,1,1,0.6,1.2,2025-Jan-30-22:15:23.283028
1.784701303837089,395,7,1,0,1,1,0.6,1.4,2025-Jan-30-22:15:23.311612
1.584746133406935,396,2,1,1,-1,0,0.0,0.0,2025-Jan-30-22:15:23.339010
0.8215957123731745,397,0,1,0,0,1,0.0,1.0,2025-Jan-30-22:15:23.378870
0.8215969191617977,398,0,1,0,0,1,0.0,0.9,2025-Jan-30-22:15:23.415689
0.8215920791836896,399,3,1,0,1,1,0.9,1.3,2025-Jan-30-22:15:23.453861
0.7696463800439731,400,0,1,0,1,1,1.2,1.6,2025-Jan-30-22:15:23.500360
0.8227994275197503,401,4,1,0,1,1,0.4,1.5,2025-Jan-30-22:15:23.554716
0.8215884859356728,402,0,1,0,0,1,0.0,1.6,2025-Jan-30-22:15:23.637416
0.8227995955819274,403,0,1,0,1,0,0.5,0.0,2025-Jan-30-22:15:23.708312
0.8227994424949018,404,0,1,0,1,0,0.4,0.0,2025-Jan-30-22:15:23.745282
0.8255177615287421,405,4,1,0,1,-1,0.3,0.0,2025-Jan-30-22:15:23.772902
0.8227994273959873,406,5,1,0,1,1,0.4,1.6,2025-Jan-30-22:15:23.811083
0.8227999068378573,407,4,1,0,1,-1,0.7,0.0,2025-Jan-30-22:15:23.848574
0.8583360109372675,408,0,1,0,1,0,0.1,0.0,2025-Jan-30-22:15:23.877411
1.5519282587379177,409,0,1,1,1,0,0.2,0.0,2025-Jan-30-22:15:23.904407
0.8215920787180956,410,3,1,0,1,1,0.6,1.3,2025-Jan-30-22:15:23.941937
0.8215884712838324,411,3,1,0,1,1,0.9,1.6,2025-Jan-30-22:15:23.981331
0.8522112478975696,412,0,1,0,-1,1,0.0,1.5,2025-Jan-30-22:15:24.025178
0.8522149490352914,413,1,1,0,-1,1,0.0,1.2,2025-Jan-30-22:15:24.114023
0.8352230929741524,414,0,1,0,1,-1,1.0,0.0,2025-Jan-30-22:15:24.156756
0.7696461607132754,415,1,1,0,1,1,0.4,1.4,2025-Jan-30-22:15:24.206273
0.7696471351372718,416,0,1,0,1,1,0.7,1.4,2025-Jan-30-22:15:24.251083
0.8227998879445638,417,4,1,0,1,1,0.7,1.6,2025-Jan-30-22:15:24.287161
0.8747448491733278,418,0,1,0,0,0,0.0,0.0,2025-Jan-30-22:15:24.314170
0.7887709517008321,419,0,1,0,1,1,0.2,1.6,2025-Jan-30-22:15:24.351594
0.8522121135940119,420,1,1,0,1,-1,0.7,0.0,2025-Jan-30-22:15:24.397151
0.8881494442393942,421,3,1,0,1,-1,0.9,0.0,2025-Jan-30-22:15:24.434912
1.7074358974358974,422,6,1,1,1,1,0.4,0.6,2025-Jan-30-22:15:24.486528
0.9347793000872058,423,0,1,0,-1,-1,0.0,0.0,2025-Jan-30-22:15:24.536650
0.7696456079918996,424,0,1,0,1,1,0.6,1.5,2025-Jan-30-22:15:24.633644
0.8254720856399793,425,0,1,0,0,1,0.0,0.3,2025-Jan-30-22:15:24.694806
0.8215884856296031,426,1,1,0,0,1,0.0,1.6,2025-Jan-30-22:15:24.736317
0.8747448491731491,427,5,1,0,0,0,0.0,0.0,2025-Jan-30-22:15:24.761317
0.7696471351372718,428,0,1,0,1,1,0.7,1.4,2025-Jan-30-22:15:24.808269
0.7887685538530624,429,0,1,0,1,1,0.2,1.8,2025-Jan-30-22:15:24.843914
0.8227994424949018,430,0,1,0,1,0,0.4,0.0,2025-Jan-30-22:15:24.883034
0.8227999025777923,431,0,1,0,1,0,0.7,0.0,2025-Jan-30-22:15:24.919743
1.7847013254435897,432,6,1,0,1,1,0.7,1.3,2025-Jan-30-22:15:24.948374
0.7696469186460655,433,0,1,0,1,1,1.0,1.5,2025-Jan-30-22:15:24.998750
0.8227997530945621,434,5,1,0,1,-1,0.6,0.0,2025-Jan-30-22:15:25.037405
0.8881494605956468,435,0,1,0,0,-1,0.0,0.0,2025-Jan-30-22:15:25.069442
0.8549308784196177,436,0,1,0,1,-1,0.3,0.0,2025-Jan-30-22:15:25.103457
0.7887697519638476,437,0,1,0,1,1,0.2,1.7,2025-Jan-30-22:15:25.139939
0.8881494442217887,438,2,1,0,1,-1,0.1,0.0,2025-Jan-30-22:15:25.177981
1.5315893157854161,439,7,1,1,0,1,0.0,1.8,2025-Jan-30-22:15:25.216182
0.8215956979761112,440,2,1,0,1,1,0.2,1.0,2025-Jan-30-22:15:25.254016
0.8215860864733557,441,1,1,0,0,1,0.0,1.8,2025-Jan-30-22:15:25.289191
1.7847013223629509,442,7,1,0,1,1,0.4,1.2,2025-Jan-30-22:15:25.320311
0.8255177569756563,443,1,1,0,1,0,0.3,0.0,2025-Jan-30-22:15:25.347855
0.8215920787180956,444,3,1,0,1,1,0.6,1.3,2025-Jan-30-22:15:25.388611
0.7696404883657924,445,1,1,0,1,1,0.5,1.9,2025-Jan-30-22:15:25.432930
1.584746133406935,446,2,1,1,-1,0,0.0,0.0,2025-Jan-30-22:15:25.460222
0.9053633752635563,447,4,1,0,-1,0,0.0,0.0,2025-Jan-30-22:15:25.495233
0.8215884859356728,448,0,1,0,0,1,0.0,1.6,2025-Jan-30-22:15:25.597866
0.8522223163474579,449,0,1,0,-1,1,0.0,0.5,2025-Jan-30-22:15:25.685148
0.8228001951584629,450,5,1,0,1,1,0.9,1.8,2025-Jan-30-22:15:25.754002
1.7847013254897375,451,6,1,0,1,1,0.4,1.6,2025-Jan-30-22:15:25.786313
0.7696413614151126,452,0,1,0,1,1,0.4,1.8,2025-Jan-30-22:15:25.830579
0.8255177572805873,453,0,1,0,1,0,0.3,0.0,2025-Jan-30-22:15:25.857578
0.8227995809079633,454,5,1,0,1,1,0.5,0.8,2025-Jan-30-22:15:25.896208
0.7696449588523541,455,0,1,0,1,1,0.4,1.5,2025-Jan-30-22:15:25.942986
0.8215896739832457,456,2,1,0,1,1,0.4,1.5,2025-Jan-30-22:15:25.984538
1.5302831280865536,457,6,1,0,-1,1,0.0,0.4,2025-Jan-30-22:15:26.019662
0.8881494605956468,458,0,1,0,0,-1,0.0,0.0,2025-Jan-30-22:15:26.052416
0.821584887530485,459,0,1,0,0,1,0.0,1.9,2025-Jan-30-22:15:26.090180
0.9053633601492383,460,4,1,0,-1,1,0.0,1.5,2025-Jan-30-22:15:26.128157
0.8215860867794186,461,0,1,0,0,1,0.0,1.8,2025-Jan-30-22:15:26.166216
0.769645062375923,462,0,1,0,1,1,0.8,1.6,2025-Jan-30-22:15:26.212839
0.8583360109372675,463,0,1,0,1,0,0.1,0.0,2025-Jan-30-22:15:26.238535
0.7696414710221001,464,0,1,0,1,1,0.8,1.9,2025-Jan-30-22:15:26.283737
0.8747448491733278,465,0,1,0,0,0,0.0,0.0,2025-Jan-30-22:15:26.312216
0.7696435373334576,466,0,1,0,1,1,0.7,1.7,2025-Jan-30-22:15:26.356935
0.852209970453291,467,1,1,0,-1,1,0.0,1.6,2025-Jan-30-22:15:26.401926
0.8227997491403438,468,0,1,0,1,0,0.6,0.0,2025-Jan-30-22:15:26.438898
0.7723595009283017,469,0,1,0,1,1,0.3,1.8,2025-Jan-30-22:15:26.476729
1.7847012982272998,470,7,1,0,1,1,0.5,1.6,2025-Jan-30-22:15:26.506915
0.769645062375923,471,0,1,0,1,1,0.8,1.6,2025-Jan-30-22:15:26.554212
0.8215896736367907,472,3,1,0,1,1,0.5,1.5,2025-Jan-30-22:15:26.642620
0.8522122614503109,473,0,1,0,1,-1,0.5,0.0,2025-Jan-30-22:15:26.725433
0.8228000415500324,474,5,1,0,1,1,0.8,1.8,2025-Jan-30-22:15:26.763500
0.8215981125480385,475,3,1,0,1,1,0.6,0.8,2025-Jan-30-22:15:26.803111
0.8747448491733278,476,0,1,0,0,0,0.0,0.0,2025-Jan-30-22:15:26.829771
0.8522223163474579,477,0,1,0,-1,1,0.0,0.5,2025-Jan-30-22:15:26.879394
0.8747448529233814,478,5,1,0,0,-1,0.0,0.0,2025-Jan-30-22:15:26.907306
0.821584887530485,479,0,1,0,0,1,0.0,1.9,2025-Jan-30-22:15:26.942986
0.822799442800443,480,4,1,0,1,0,0.4,0.0,2025-Jan-30-22:15:26.980549
0.7696408147459626,481,0,1,0,1,1,0.6,1.9,2025-Jan-30-22:15:27.025070
1.7847013202614541,482,8,1,0,1,1,0.7,1.4,2025-Jan-30-22:15:27.053484
0.7696481180861048,483,0,1,0,1,1,1.0,1.4,2025-Jan-30-22:15:27.100034
1.784701308721571,484,7,1,0,1,1,0.7,0.4,2025-Jan-30-22:15:27.130816
0.8522122614503109,485,0,1,0,1,-1,0.5,0.0,2025-Jan-30-22:15:27.176884
0.8255177572805873,486,0,1,0,1,0,0.3,0.0,2025-Jan-30-22:15:27.204156
0.7723595009283017,487,0,1,0,1,1,0.3,1.8,2025-Jan-30-22:15:27.241238
0.905363378617938,488,5,1,0,-1,-1,0.0,0.0,2025-Jan-30-22:15:27.274436
0.8881494605956468,489,0,1,0,0,-1,0.0,0.0,2025-Jan-30-22:15:27.308126
0.8227994275144895,490,4,1,0,1,1,0.4,1.3,2025-Jan-30-22:15:27.345075
0.8051930859308745,491,0,1,0,1,1,0.1,0.5,2025-Jan-30-22:15:27.382942
0.8215920938730216,492,0,1,0,0,1,0.0,1.3,2025-Jan-30-22:15:27.464048
0.8255177569756563,493,1,1,0,1,0,0.3,0.0,2025-Jan-30-22:15:27.492534
0.8215908916516531,494,0,1,0,0,1,0.0,1.4,2025-Jan-30-22:15:27.528900
0.8583309364430844,495,0,1,0,0,1,0.0,0.1,2025-Jan-30-22:15:27.557644
0.8522112476001232,496,1,1,0,-1,1,0.0,1.5,2025-Jan-30-22:15:27.652779
0.8227995955817342,497,5,1,0,1,0,0.5,0.0,2025-Jan-30-22:15:27.736309
0.8215872856013205,498,0,1,0,0,1,0.0,1.7,2025-Jan-30-22:15:27.776898
0.8255177572805873,499,0,1,0,1,0,0.3,0.0,2025-Jan-30-22:15:27.803898
0.8747448341373828,500,2,1,0,1,0,1.0,0.0,2025-Jan-30-22:15:27.833681
1.7847013011990918,501,7,1,0,1,1,0.4,1.4,2025-Jan-30-22:15:27.864467
0.772375161430958,502,0,1,0,1,1,0.3,0.5,2025-Jan-30-22:15:27.905472
0.9041586306509031,503,3,1,0,1,-1,0.4,0.0,2025-Jan-30-22:15:27.943015
0.822799580108345,504,5,1,0,1,1,0.5,1.4,2025-Jan-30-22:15:27.982924
0.8747448494635456,505,4,1,0,0,0,0.0,0.0,2025-Jan-30-22:15:28.011016
1.7847013342216846,506,6,1,0,1,1,0.3,1.2,2025-Jan-30-22:15:28.042681
0.8877495822518107,507,0,1,0,1,-1,0.1,0.0,2025-Jan-30-22:15:28.077151
0.8419269785380258,508,0,1,0,1,0,0.2,0.0,2025-Jan-30-22:15:28.107446
0.8747448491733278,509,0,1,0,0,0,0.0,0.0,2025-Jan-30-22:15:28.133973
0.76964255862232,510,0,1,0,1,1,0.4,1.7,2025-Jan-30-22:15:28.180426
0.8747448342009714,511,5,1,0,0,1,0.0,1.2,2025-Jan-30-22:15:28.210489
0.8747448491733278,512,0,1,0,0,0,0.0,0.0,2025-Jan-30-22:15:28.237586
0.8419269785380258,513,0,1,0,1,0,0.2,0.0,2025-Jan-30-22:15:28.265838
0.7899661117048584,514,0,1,0,1,1,0.6,0.2,2025-Jan-30-22:15:28.304172
0.8881494605956468,515,0,1,0,0,-1,0.0,0.0,2025-Jan-30-22:15:28.337941
0.8419066803365747,516,0,1,0,0,1,0.0,0.2,2025-Jan-30-22:15:28.363940
0.7696516214228047,517,1,1,0,1,1,0.6,1.0,2025-Jan-30-22:15:28.412128
0.7696456079918996,518,0,1,0,1,1,0.6,1.5,2025-Jan-30-22:15:28.456180
0.8747448491733278,519,0,1,0,0,0,0.0,0.0,2025-Jan-30-22:15:28.483806
0.8215884713152096,520,3,1,0,1,1,0.6,1.6,2025-Jan-30-22:15:28.521565
0.7696549196134026,521,0,1,0,1,1,0.5,0.7,2025-Jan-30-22:15:28.582894
1.7074358974358974,522,0,1,1,1,1,0.5,1.9,2025-Jan-30-22:15:28.676928
0.8227994424949018,523,0,1,0,1,0,0.4,0.0,2025-Jan-30-22:15:28.741160
0.7696423393264371,524,0,1,0,1,1,0.7,1.8,2025-Jan-30-22:15:28.788100
0.8583309215668331,525,2,1,0,1,1,0.6,0.1,2025-Jan-30-22:15:28.817104
1.5309869961954488,526,6,1,0,0,-1,0.0,0.0,2025-Jan-30-22:15:28.851156
0.8255177572805873,527,0,1,0,1,0,0.3,0.0,2025-Jan-30-22:15:28.879177
0.8227999025777923,528,0,1,0,1,0,0.7,0.0,2025-Jan-30-22:15:28.916254
0.7723655033313004,529,0,1,0,1,1,0.3,1.3,2025-Jan-30-22:15:28.952534
0.7696497707696063,530,0,1,0,1,1,0.4,1.1,2025-Jan-30-22:15:28.999212
0.8227994424949018,531,0,1,0,1,0,0.4,0.0,2025-Jan-30-22:15:29.037360
0.8227997347363426,532,4,1,0,1,1,0.6,1.6,2025-Jan-30-22:15:29.076426
0.7696417991278623,533,0,1,0,1,1,0.9,1.9,2025-Jan-30-22:15:29.123444
0.8227998880273588,534,4,1,0,1,1,0.7,0.9,2025-Jan-30-22:15:29.160328
0.8215896882838103,535,0,1,0,0,1,0.0,1.5,2025-Jan-30-22:15:29.200243
0.8255177572805873,536,0,1,0,1,0,0.3,0.0,2025-Jan-30-22:15:29.226948
0.8051774176758271,537,0,1,0,1,1,0.1,1.8,2025-Jan-30-22:15:29.311575
0.888951247603421,538,0,1,0,-1,1,0.0,0.1,2025-Jan-30-22:15:29.345094
0.8215957123731745,539,0,1,0,0,1,0.0,1.0,2025-Jan-30-22:15:29.383611
0.7696461610346954,540,0,1,0,1,1,0.4,1.4,2025-Jan-30-22:15:29.431101
1.5682916187397866,541,5,1,1,1,0,0.1,0.0,2025-Jan-30-22:15:29.457712
0.769643758189436,542,0,1,0,1,1,0.4,1.6,2025-Jan-30-22:15:29.503965
0.9053633749819754,543,0,1,0,-1,0,0.0,0.0,2025-Jan-30-22:15:29.536922
0.8215896882838103,544,0,1,0,0,1,0.0,1.5,2025-Jan-30-22:15:29.594133
0.7887854299074357,545,0,1,0,1,1,0.2,0.4,2025-Jan-30-22:15:29.673472
0.7696447343156227,546,0,1,0,1,1,0.7,1.6,2025-Jan-30-22:15:29.757951
1.7847013085825434,547,6,1,0,1,0,0.5,0.0,2025-Jan-30-22:15:29.787778
0.8215884859356728,548,0,1,0,0,1,0.0,1.6,2025-Jan-30-22:15:29.825055
0.7696533892507853,549,1,1,0,1,1,0.4,0.8,2025-Jan-30-22:15:29.880174
0.8227997491403438,550,0,1,0,1,0,0.6,0.0,2025-Jan-30-22:15:29.928722
