Cost,Sim,Switch_State_Indx,Gen1_on,Gen2_on,Batt1_mode,Batt2_mode,Batt1_power_kW,Batt2_power_kW,Timestamp
1.6153224952514107,1102,5,1,1,-1,-1,0.0,0.0,2025-Jan-30-22:15:53.560716
1.5847484397052638,1103,7,1,1,-1,0,0.0,0.0,2025-Jan-30-22:15:53.598849
0.9053633749818047,1104,5,1,0,-1,0,0.0,0.0,2025-Jan-30-22:15:53.692036
1.5622163906525597,1105,6,1,1,1,-1,0.6,0.0,2025-Jan-30-22:15:53.787126
0.8747448494635457,1106,2,1,0,0,0,0.0,0.0,2025-Jan-30-22:15:53.818990
0.8747448494635457,1107,2,1,0,0,0,0.0,0.0,2025-Jan-30-22:15:53.848192
0.8747448488829315,1108,1,1,0,0,0,0.0,0.0,2025-Jan-30-22:15:53.876524
0.8747448491731491,1109,3,1,0,0,0,0.0,0.0,2025-Jan-30-22:15:53.907623
1.6293672338323564,1110,6,1,1,-1,-1,0.0,0.0,2025-Jan-30-22:15:53.950906
0.8215969191617977,1111,0,1,0,0,1,0.0,0.9,2025-Jan-30-22:15:53.990580
1.784701289232376,1112,6,1,0,1,0,1.7,0.0,2025-Jan-30-22:15:54.027864
0.8228011469162286,1113,5,1,0,1,-1,1.5,0.0,2025-Jan-30-22:15:54.070925
1.6153667336401796,1114,8,1,1,-1,-1,0.0,0.0,2025-Jan-30-22:15:54.107570
1.5518605257202542,1115,3,1,1,1,1,0.7,0.2,2025-Jan-30-22:15:54.139770
1.5309869961954488,1116,6,1,0,0,-1,0.0,0.0,2025-Jan-30-22:15:54.178627
0.9053633747002237,1117,1,1,0,-1,0,0.0,0.0,2025-Jan-30-22:15:54.216330
1.5847484199563446,1118,7,1,1,1,0,1.8,0.0,2025-Jan-30-22:15:54.246717
1.5315408408024127,1119,3,1,1,-1,1,0.0,1.5,2025-Jan-30-22:15:54.284268
1.5847019540919232,1120,5,1,1,0,0,0.0,0.0,2025-Jan-30-22:15:54.314251
0.8522118183543572,1121,1,1,0,1,-1,1.1,0.0,2025-Jan-30-22:15:54.360890
0.8747448494635457,1122,2,1,0,0,0,0.0,0.0,2025-Jan-30-22:15:54.388748
0.84192696341259,1123,5,1,0,1,1,0.2,1.1,2025-Jan-30-22:15:54.421854
0.8583359956628941,1124,5,1,0,1,1,0.1,0.1,2025-Jan-30-22:15:54.454165
1.5847019540919232,1125,5,1,1,0,0,0.0,0.0,2025-Jan-30-22:15:54.485130
0.8228008303974108,1126,0,1,0,1,0,1.3,0.0,2025-Jan-30-22:15:54.524733
1.5847461293664833,1127,0,1,1,0,0,0.0,0.0,2025-Jan-30-22:15:54.551652
1.7074358974358974,1128,0,1,1,1,1,1.5,1.3,2025-Jan-30-22:15:54.624662
1.5847484359481976,1129,7,1,1,0,0,0.0,0.0,2025-Jan-30-22:15:54.696714
0.7696519320042514,1130,0,1,0,1,1,1.3,1.2,2025-Jan-30-22:15:54.786173
1.562158359000487,1131,1,1,1,-1,1,0.0,1.7,2025-Jan-30-22:15:54.837246
0.9053633749818047,1132,5,1,0,-1,0,0.0,0.0,2025-Jan-30-22:15:54.884079
1.5847484396943574,1133,8,1,1,0,-1,0.0,0.0,2025-Jan-30-22:15:54.912571
1.6153224933224726,1134,1,1,1,-1,0,0.0,0.0,2025-Jan-30-22:15:54.949611
1.8130337314085305,1135,6,1,0,-1,1,0.0,1.1,2025-Jan-30-22:15:55.042771
1.6153224933224726,1136,1,1,1,-1,0,0.0,0.0,2025-Jan-30-22:15:55.077421
1.784701313454272,1137,7,1,0,-1,0,0.0,0.0,2025-Jan-30-22:15:55.110464
1.6153646590868944,1138,4,1,1,-1,-1,0.0,0.0,2025-Jan-30-22:15:55.151142
0.8747448340896368,1139,4,1,0,0,1,0.0,1.3,2025-Jan-30-22:15:55.183763
0.8747448491733278,1140,0,1,0,0,0,0.0,0.0,2025-Jan-30-22:15:55.216456
0.8215944898946508,1141,3,1,0,1,1,0.2,1.1,2025-Jan-30-22:15:55.260502
1.5328030548849503,1142,4,1,1,1,-1,1.9,0.0,2025-Jan-30-22:15:55.301360
0.9041586300790647,1143,3,1,0,1,-1,0.2,0.0,2025-Jan-30-22:15:55.343116
0.8228003663113987,1144,1,1,0,1,0,1.0,0.0,2025-Jan-30-22:15:55.383629
0.9053633747002237,1145,1,1,0,-1,0,0.0,0.0,2025-Jan-30-22:15:55.419648
1.5309870199483973,1146,7,1,0,-1,-1,0.0,0.0,2025-Jan-30-22:15:55.456205
1.6153667297259997,1147,6,1,1,-1,0,0.0,0.0,2025-Jan-30-22:15:55.491265
1.531550912948557,1148,1,1,1,0,1,0.0,0.7,2025-Jan-30-22:15:55.537520
1.5518605424939036,1149,3,1,1,0,1,0.0,0.2,2025-Jan-30-22:15:55.571275
1.584748420111846,1150,7,1,1,1,0,0.8,0.0,2025-Jan-30-22:15:55.622277
1.5847484359481976,1151,7,1,1,0,0,0.0,0.0,2025-Jan-30-22:15:55.708101
0.9041586499145164,1152,2,1,0,-1,-1,0.0,0.0,2025-Jan-30-22:15:55.784813
0.9053633749819754,1153,0,1,0,-1,0,0.0,0.0,2025-Jan-30-22:15:55.821405
0.8228006763124884,1154,0,1,0,1,0,1.2,0.0,2025-Jan-30-22:15:55.871256
0.8228006763124884,1155,0,1,0,1,0,1.2,0.0,2025-Jan-30-22:15:55.909210
0.7696512648337277,1156,0,1,0,1,1,1.2,1.2,2025-Jan-30-22:15:55.956335
0.8215945045793993,1157,0,1,0,0,1,0.0,1.1,2025-Jan-30-22:15:55.998967
0.7696527974546192,1158,0,1,0,1,1,1.2,1.1,2025-Jan-30-22:15:56.051068
0.8522161334920103,1159,0,1,0,-1,1,0.0,1.1,2025-Jan-30-22:15:56.098295
0.8747448491733278,1160,0,1,0,0,0,0.0,0.0,2025-Jan-30-22:15:56.130008
0.8747448491733278,1161,0,1,0,0,0,0.0,0.0,2025-Jan-30-22:15:56.159597
0.8747448491733278,1162,0,1,0,0,0,0.0,0.0,2025-Jan-30-22:15:56.190164
