Cost,Sim,Switch_State_Indx,Gen1_on,Gen2_on,Batt1_mode,Batt2_mode,Batt1_power_kW,Batt2_power_kW,Timestamp
0.8747448529233829,551,3,1,0,-1,0,0.0,0.0,2025-Jan-30-22:15:29.959784
1.6153646400059871,552,4,1,1,-1,1,0.0,1.3,2025-Jan-30-22:15:30.003080
1.5847484356574353,553,6,1,1,0,0,0.0,0.0,2025-Jan-30-22:15:30.032196
0.8747448339486342,554,5,1,0,0,1,0.0,0.7,2025-Jan-30-22:15:30.063503
1.5847461296567011,555,2,1,1,0,0,0.0,0.0,2025-Jan-30-22:15:30.094853
0.8747448488829315,556,1,1,0,0,0,0.0,0.0,2025-Jan-30-22:15:30.123503
1.7847013065126345,557,7,1,0,0,1,0.0,0.8,2025-Jan-30-22:15:30.156197
0.8747448491731491,558,5,1,0,0,0,0.0,0.0,2025-Jan-30-22:15:30.188050
1.7847012822924158,559,8,1,0,0,0,0.0,0.0,2025-Jan-30-22:15:30.222338
0.8747448529233814,560,5,1,0,0,-1,0.0,0.0,2025-Jan-30-22:15:30.253929
0.9053633747002237,561,1,1,0,-1,0,0.0,0.0,2025-Jan-30-22:15:30.293904
1.6293672338323564,562,6,1,1,-1,-1,0.0,0.0,2025-Jan-30-22:15:30.347489
1.5847484359473927,563,8,1,1,0,0,0.0,0.0,2025-Jan-30-22:15:30.376534
1.5847019374876952,564,3,1,1,1,0,0.9,0.0,2025-Jan-30-22:15:30.407535
1.7847012980842407,565,7,1,0,1,1,1.1,1.0,2025-Jan-30-22:15:30.439193
1.5847484396943574,566,8,1,1,0,-1,0.0,0.0,2025-Jan-30-22:15:30.475103
1.584746133406935,567,2,1,1,-1,0,0.0,0.0,2025-Jan-30-22:15:30.508322
1.584748420450816,568,8,1,1,0,1,0.0,1.9,2025-Jan-30-22:15:30.537935
1.5847019539472484,569,1,1,1,0,0,0.0,0.0,2025-Jan-30-22:15:30.582663
0.8522115976275955,570,1,1,0,1,-1,1.4,0.0,2025-Jan-30-22:15:30.676665
1.6063594577513205,571,1,1,1,0,-1,0.0,0.0,2025-Jan-30-22:15:30.751019
1.784701276608104,572,7,1,0,1,0,1.0,0.0,2025-Jan-30-22:15:30.784738
1.5847019540919232,573,5,1,1,0,0,0.0,0.0,2025-Jan-30-22:15:30.811775
1.5328035340663388,574,8,1,1,1,1,0.4,1.9,2025-Jan-30-22:15:30.851399
0.8747448488829315,575,1,1,0,0,0,0.0,0.0,2025-Jan-30-22:15:30.879255
1.532804029181081,576,6,1,1,1,0,0.7,0.0,2025-Jan-30-22:15:30.917551
0.8747448491731491,577,3,1,0,0,0,0.0,0.0,2025-Jan-30-22:15:30.947123
0.8228006763124884,578,0,1,0,1,0,1.2,0.0,2025-Jan-30-22:15:30.984132
0.9041586457104427,579,1,1,0,0,-1,0.0,0.0,2025-Jan-30-22:15:31.018951
0.8747448491731491,580,5,1,0,0,0,0.0,0.0,2025-Jan-30-22:15:31.045660
1.5847019374876952,581,3,1,1,1,0,0.9,0.0,2025-Jan-30-22:15:31.124746
1.6141599264617297,582,2,1,1,0,-1,0.0,0.0,2025-Jan-30-22:15:31.157808
0.9041586457104427,583,1,1,0,0,-1,0.0,0.0,2025-Jan-30-22:15:31.195617
0.8215908919574928,584,2,1,0,0,1,0.0,1.4,2025-Jan-30-22:15:31.235077
1.5847484359481976,585,7,1,1,0,0,0.0,0.0,2025-Jan-30-22:15:31.267988
0.9193881525555189,586,1,1,0,-1,-1,0.0,0.0,2025-Jan-30-22:15:31.314983
1.6141623056363077,587,7,1,1,1,-1,1.4,0.0,2025-Jan-30-22:15:31.359163
0.8747448494635457,588,2,1,0,0,0,0.0,0.0,2025-Jan-30-22:15:31.389242
1.5847484396943574,589,8,1,1,0,-1,0.0,0.0,2025-Jan-30-22:15:31.420760
0.9041586457104427,590,1,1,0,0,-1,0.0,0.0,2025-Jan-30-22:15:31.459972
1.7847013107777088,591,8,1,0,1,0,0.4,0.0,2025-Jan-30-22:15:31.492045
1.5315521757044408,592,3,1,1,0,1,0.0,0.6,2025-Jan-30-22:15:31.530621
1.5847019540919232,593,5,1,1,0,0,0.0,0.0,2025-Jan-30-22:15:31.572205
1.584746129656701,594,4,1,1,0,0,0.0,0.0,2025-Jan-30-22:15:31.637838
1.7847013013373352,595,7,1,0,0,1,0.0,1.2,2025-Jan-30-22:15:31.710895
1.5847461293664833,596,0,1,1,0,0,0.0,0.0,2025-Jan-30-22:15:31.752406
0.7696510717141185,597,1,1,0,1,1,1.4,1.3,2025-Jan-30-22:15:31.800187
1.5847019540923193,598,3,1,1,0,0,0.0,0.0,2025-Jan-30-22:15:31.828055
0.8228000422619144,599,4,1,0,1,1,0.8,1.2,2025-Jan-30-22:15:31.864723
1.5315861680404879,600,2,1,1,0,1,0.0,1.9,2025-Jan-30-22:15:31.904550
0.8747448488829315,601,1,1,0,0,0,0.0,0.0,2025-Jan-30-22:15:31.942381
1.6153646554507612,602,4,1,1,-1,0,0.0,0.0,2025-Jan-30-22:15:31.977482
1.7847012823668567,603,6,1,0,0,0,0.0,0.0,2025-Jan-30-22:15:32.006988
0.8747448491731491,604,5,1,0,0,0,0.0,0.0,2025-Jan-30-22:15:32.034016
0.8747448491733278,605,0,1,0,0,0,0.0,0.0,2025-Jan-30-22:15:32.060231
0.8747448488829315,606,1,1,0,0,0,0.0,0.0,2025-Jan-30-22:15:32.087831
1.784701305146259,607,7,1,0,0,1,0.0,0.6,2025-Jan-30-22:15:32.117915
0.8747448494635457,608,2,1,0,0,0,0.0,0.0,2025-Jan-30-22:15:32.146900
0.8747448494635456,609,4,1,0,0,0,0.0,0.0,2025-Jan-30-22:15:32.176872
1.5309869961954488,610,6,1,0,0,-1,0.0,0.0,2025-Jan-30-22:15:32.213420
0.8215848872244257,611,1,1,0,0,1,0.0,1.9,2025-Jan-30-22:15:32.251772
0.8490084992439094,612,6,1,0,-1,-1,0.0,0.0,2025-Jan-30-22:15:32.287597
1.5847484359473927,613,8,1,1,0,0,0.0,0.0,2025-Jan-30-22:15:32.314743
1.5847019373015045,614,3,1,1,1,0,0.6,0.0,2025-Jan-30-22:15:32.345229
1.784701276607858,615,7,1,0,1,0,1.1,0.0,2025-Jan-30-22:15:32.377189
1.5847019540919232,616,5,1,1,0,0,0.0,0.0,2025-Jan-30-22:15:32.407146
0.9053633752635563,617,4,1,0,-1,0,0.0,0.0,2025-Jan-30-22:15:32.442406
1.5354242917914531,618,1,1,1,0,1,0.0,0.3,2025-Jan-30-22:15:32.469406
0.8747448491733278,619,0,1,0,0,0,0.0,0.0,2025-Jan-30-22:15:32.497762
0.9041586457104427,620,1,1,0,0,-1,0.0,0.0,2025-Jan-30-22:15:32.531276
1.584701955935984,621,5,1,1,0,-1,0.0,0.0,2025-Jan-30-22:15:32.571841
1.5847484359473927,622,8,1,1,0,0,0.0,0.0,2025-Jan-30-22:15:32.653016
1.5847461296567011,623,2,1,1,0,0,0.0,0.0,2025-Jan-30-22:15:32.719563
1.615366714539188,624,8,1,1,-1,1,0.0,1.8,2025-Jan-30-22:15:32.781702
0.8747448494635456,625,4,1,0,0,0,0.0,0.0,2025-Jan-30-22:15:32.812298
1.6153667297259997,626,6,1,1,-1,0,0.0,0.0,2025-Jan-30-22:15:32.849015
1.5847019539472484,627,1,1,1,0,0,0.0,0.0,2025-Jan-30-22:15:32.879038
0.8747448491733278,628,0,1,0,0,0,0.0,0.0,2025-Jan-30-22:15:32.908400
0.8747448494635456,629,4,1,0,0,0,0.0,0.0,2025-Jan-30-22:15:32.945204
0.8747448491731491,630,5,1,0,0,0,0.0,0.0,2025-Jan-30-22:15:32.976742
0.8747448488829315,631,1,1,0,0,0,0.0,0.0,2025-Jan-30-22:15:33.006808
1.5847461296567011,632,2,1,1,0,0,0.0,0.0,2025-Jan-30-22:15:33.036141
0.9041586457104427,633,1,1,0,0,-1,0.0,0.0,2025-Jan-30-22:15:33.071465
0.888149460778483,634,2,1,0,0,-1,0.0,0.0,2025-Jan-30-22:15:33.105598
1.7847012822924566,635,7,1,0,0,0,0.0,0.0,2025-Jan-30-22:15:33.139636
0.8522086603834567,636,1,1,0,-1,1,0.0,1.7,2025-Jan-30-22:15:33.185291
0.8215920978319016,637,3,1,0,-1,1,0.0,1.3,2025-Jan-30-22:15:33.224210
0.8747448494635457,638,2,1,0,0,0,0.0,0.0,2025-Jan-30-22:15:33.251068
0.8747448491733278,639,0,1,0,0,0,0.0,0.0,2025-Jan-30-22:15:33.279033
0.9041586457104427,640,1,1,0,0,-1,0.0,0.0,2025-Jan-30-22:15:33.316709
1.7847013023054745,641,8,1,0,1,0,1.0,0.0,2025-Jan-30-22:15:33.347771
0.8747448494635457,642,2,1,0,0,0,0.0,0.0,2025-Jan-30-22:15:33.428900
1.6063594577513205,643,1,1,1,0,-1,0.0,0.0,2025-Jan-30-22:15:33.465901
1.5847461296567011,644,2,1,1,0,0,0.0,0.0,2025-Jan-30-22:15:33.494922
1.7847013013373352,645,7,1,0,0,1,0.0,1.2,2025-Jan-30-22:15:33.527152
1.5847461293664833,646,0,1,1,0,0,0.0,0.0,2025-Jan-30-22:15:33.554216
0.8215969188557032,647,1,1,0,0,1,0.0,0.9,2025-Jan-30-22:15:33.634812
1.5847019540923193,648,3,1,1,0,0,0.0,0.0,2025-Jan-30-22:15:33.720697
0.8216029711786883,649,0,1,0,0,1,0.0,0.4,2025-Jan-30-22:15:33.778281
1.5847461296567011,650,2,1,1,0,0,0.0,0.0,2025-Jan-30-22:15:33.808906
0.8747448491733278,651,0,1,0,0,0,0.0,0.0,2025-Jan-30-22:15:33.837503
0.9053633598187821,652,4,1,0,-1,1,0.0,1.3,2025-Jan-30-22:15:33.878416
1.7847012823668567,653,6,1,0,0,0,0.0,0.0,2025-Jan-30-22:15:33.919057
0.8747448338629475,654,5,1,0,0,1,0.0,0.1,2025-Jan-30-22:15:33.951200
0.8747448491733278,655,0,1,0,0,0,0.0,0.0,2025-Jan-30-22:15:33.980116
0.8747448491733278,656,0,1,0,0,0,0.0,0.0,2025-Jan-30-22:15:34.011174
1.530986996195459,657,7,1,0,0,-1,0.0,0.0,2025-Jan-30-22:15:34.049730
0.9041586457104427,658,1,1,0,0,-1,0.0,0.0,2025-Jan-30-22:15:34.083276
0.8227999028833363,659,4,1,0,1,0,0.7,0.0,2025-Jan-30-22:15:34.122670
0.888149460778483,660,2,1,0,0,-1,0.0,0.0,2025-Jan-30-22:15:34.157042
0.8215848872244257,661,1,1,0,0,1,0.0,1.9,2025-Jan-30-22:15:34.197806
0.8228008303974108,662,0,1,0,1,0,1.3,0.0,2025-Jan-30-22:15:34.233768
0.8747448491731491,663,5,1,0,0,0,0.0,0.0,2025-Jan-30-22:15:34.261770
1.5328038690717631,664,6,1,1,1,0,0.6,0.0,2025-Jan-30-22:15:34.299774
0.8215860867791815,665,3,1,0,0,1,0.0,1.8,2025-Jan-30-22:15:34.338668
1.5847484356574353,666,6,1,1,0,0,0.0,0.0,2025-Jan-30-22:15:34.366804
0.9053633752635563,667,4,1,0,-1,0,0.0,0.0,2025-Jan-30-22:15:34.401654
1.6063594577513205,668,1,1,1,0,-1,0.0,0.0,2025-Jan-30-22:15:34.433581
0.8747448491733278,669,0,1,0,0,0,0.0,0.0,2025-Jan-30-22:15:34.460581
0.8522115976275955,670,1,1,0,1,-1,1.4,0.0,2025-Jan-30-22:15:34.505634
1.5847019540923193,671,3,1,1,0,0,0.0,0.0,2025-Jan-30-22:15:34.534554
1.6153667300073198,672,8,1,1,-1,0,0.0,0.0,2025-Jan-30-22:15:34.585078
0.8747448491731491,673,5,1,0,0,0,0.0,0.0,2025-Jan-30-22:15:34.653691
1.568339740310117,674,8,1,1,1,1,0.1,1.4,2025-Jan-30-22:15:34.732439
0.8747448491731491,675,3,1,0,0,0,0.0,0.0,2025-Jan-30-22:15:34.760571
1.5322869961950296,676,6,1,0,-1,0,0.0,0.0,2025-Jan-30-22:15:34.797458
0.8747448491731491,677,3,1,0,0,0,0.0,0.0,2025-Jan-30-22:15:34.824826
0.8227999025777923,678,0,1,0,1,0,0.7,0.0,2025-Jan-30-22:15:34.867036
0.8747448494635457,679,2,1,0,0,0,0.0,0.0,2025-Jan-30-22:15:34.896410
0.8747448491731491,680,3,1,0,0,0,0.0,0.0,2025-Jan-30-22:15:34.926065
0.8747448488829315,681,1,1,0,0,0,0.0,0.0,2025-Jan-30-22:15:34.953726
0.9041586499145164,682,2,1,0,-1,-1,0.0,0.0,2025-Jan-30-22:15:34.991020
0.8215969191617977,683,0,1,0,0,1,0.0,0.9,2025-Jan-30-22:15:35.032924
0.8216005477689453,684,2,1,0,0,1,0.0,0.6,2025-Jan-30-22:15:35.078215
0.8747448491733278,685,0,1,0,0,0,0.0,0.0,2025-Jan-30-22:15:35.107470
0.8215848872244257,686,1,1,0,0,1,0.0,1.9,2025-Jan-30-22:15:35.151383
0.888951247603421,687,0,1,0,-1,1,0.0,0.1,2025-Jan-30-22:15:35.185765
0.8747448491733278,688,0,1,0,0,0,0.0,0.0,2025-Jan-30-22:15:35.221153
0.8881494605956468,689,0,1,0,0,-1,0.0,0.0,2025-Jan-30-22:15:35.259765
0.9041586457104427,690,1,1,0,0,-1,0.0,0.0,2025-Jan-30-22:15:35.295249
1.784701303738818,691,8,1,0,1,0,1.3,0.0,2025-Jan-30-22:15:35.332188
0.8747448491733278,692,0,1,0,0,0,0.0,0.0,2025-Jan-30-22:15:35.360870
1.5847461334069333,693,4,1,1,0,-1,0.0,0.0,2025-Jan-30-22:15:35.388488
1.5847461142827932,694,2,1,1,1,0,1.3,0.0,2025-Jan-30-22:15:35.420659
0.8215920938730216,695,0,1,0,0,1,0.0,1.3,2025-Jan-30-22:15:35.456947
1.5847461293664833,696,0,1,1,0,0,0.0,0.0,2025-Jan-30-22:15:35.486769
0.8522137298216405,697,1,1,0,-1,1,0.0,1.3,2025-Jan-30-22:15:35.537695
0.8747448491733278,698,0,1,0,0,0,0.0,0.0,2025-Jan-30-22:15:35.582961
0.8215860867794186,699,0,1,0,0,1,0.0,1.8,2025-Jan-30-22:15:35.680411
0.8881494605956468,700,0,1,0,0,-1,0.0,0.0,2025-Jan-30-22:15:35.771261
0.8747448488829315,701,1,1,0,0,0,0.0,0.0,2025-Jan-30-22:15:35.799762
0.9053633598187821,702,4,1,0,-1,1,0.0,1.3,2025-Jan-30-22:15:35.891008
1.5847461293664833,703,0,1,1,0,0,0.0,0.0,2025-Jan-30-22:15:35.918540
0.8747448491731491,704,5,1,0,0,0,0.0,0.0,2025-Jan-30-22:15:35.947743
0.8747448491733278,705,0,1,0,0,0,0.0,0.0,2025-Jan-30-22:15:35.975231
0.8747448488829315,706,1,1,0,0,0,0.0,0.0,2025-Jan-30-22:15:36.006719
1.5309870199483973,707,7,1,0,-1,-1,0.0,0.0,2025-Jan-30-22:15:36.043641
0.8747448488829315,708,1,1,0,0,0,0.0,0.0,2025-Jan-30-22:15:36.071929
0.8747448491733278,709,0,1,0,0,0,0.0,0.0,2025-Jan-30-22:15:36.100516
0.8747448529233814,710,5,1,0,0,-1,0.0,0.0,2025-Jan-30-22:15:36.128508
0.8747448339688846,711,4,1,0,0,1,0.0,1.9,2025-Jan-30-22:15:36.159214
0.8228011429610167,712,0,1,0,1,0,1.5,0.0,2025-Jan-30-22:15:36.208218
0.8747448491733278,713,0,1,0,0,0,0.0,0.0,2025-Jan-30-22:15:36.240061
1.7074358974358974,714,6,1,1,1,1,0.6,1.1,2025-Jan-30-22:15:36.294051
0.8215860867794186,715,0,1,0,0,1,0.0,1.8,2025-Jan-30-22:15:36.332782
1.5847019540919232,716,5,1,1,0,0,0.0,0.0,2025-Jan-30-22:15:36.361260
0.9053633597749011,717,4,1,0,-1,1,0.0,0.1,2025-Jan-30-22:15:36.404823
1.5847019539472484,718,1,1,1,0,0,0.0,0.0,2025-Jan-30-22:15:36.440526
0.8747448491733278,719,0,1,0,0,0,0.0,0.0,2025-Jan-30-22:15:36.470597
0.8215848914896952,720,3,1,0,-1,1,0.0,1.9,2025-Jan-30-22:15:36.511461
1.5328007226987372,721,0,1,1,1,0,0.4,0.0,2025-Jan-30-22:15:36.569843
1.5847484359473927,722,8,1,1,0,0,0.0,0.0,2025-Jan-30-22:15:36.647108
0.8747448337234764,723,5,1,0,0,1,0.0,1.4,2025-Jan-30-22:15:36.720906
1.7847012837492984,724,8,1,0,0,1,0.0,1.9,2025-Jan-30-22:15:36.758681
0.8747448491733278,725,0,1,0,0,0,0.0,0.0,2025-Jan-30-22:15:36.789376
1.7847012823668567,726,6,1,0,0,0,0.0,0.0,2025-Jan-30-22:15:36.823143
0.8747448491731491,727,3,1,0,0,0,0.0,0.0,2025-Jan-30-22:15:36.851900
0.8228017704195789,728,0,1,0,1,0,1.9,0.0,2025-Jan-30-22:15:36.891375
0.8747448494635456,729,4,1,0,0,0,0.0,0.0,2025-Jan-30-22:15:36.918889
0.8747448491731491,730,5,1,0,0,0,0.0,0.0,2025-Jan-30-22:15:36.949588
0.8228011426552728,731,1,1,0,1,0,1.5,0.0,2025-Jan-30-22:15:36.992361
0.9041586308825541,732,3,1,0,1,-1,1.5,0.0,2025-Jan-30-22:15:37.037436
0.8216017587490224,733,3,1,0,0,1,0.0,0.5,2025-Jan-30-22:15:37.081685
0.8215860867794186,734,0,1,0,0,1,0.0,1.8,2025-Jan-30-22:15:37.121567
0.8881494605956468,735,0,1,0,0,-1,0.0,0.0,2025-Jan-30-22:15:37.155100
0.8747448491733278,736,0,1,0,0,0,0.0,0.0,2025-Jan-30-22:15:37.187970
0.8215920978319016,737,3,1,0,-1,1,0.0,1.3,2025-Jan-30-22:15:37.225073
0.8747448491733278,738,0,1,0,0,0,0.0,0.0,2025-Jan-30-22:15:37.252571
0.8747448491733278,739,0,1,0,0,0,0.0,0.0,2025-Jan-30-22:15:37.290056
0.9041586457104427,740,1,1,0,0,-1,0.0,0.0,2025-Jan-30-22:15:37.328208
1.7847013039329735,741,8,1,0,1,0,1.4,0.0,2025-Jan-30-22:15:37.363228
1.7847013134538594,742,8,1,0,0,-1,0.0,0.0,2025-Jan-30-22:15:37.396091
1.6153224764974545,743,5,1,1,-1,1,0.0,1.7,2025-Jan-30-22:15:37.435727
1.5847461142827932,744,2,1,1,1,0,1.3,0.0,2025-Jan-30-22:15:37.465006
0.8747448491733278,745,0,1,0,0,0,0.0,0.0,2025-Jan-30-22:15:37.492750
1.5847461296567011,746,2,1,1,0,0,0.0,0.0,2025-Jan-30-22:15:37.598150
0.8522137301190927,747,0,1,0,-1,1,0.0,1.3,2025-Jan-30-22:15:37.711708
0.8747448491733278,748,0,1,0,0,0,0.0,0.0,2025-Jan-30-22:15:37.767879
0.8747448341373818,749,4,1,0,0,1,0.0,1.0,2025-Jan-30-22:15:37.799655
0.8881494605956468,750,0,1,0,0,-1,0.0,0.0,2025-Jan-30-22:15:37.836872
0.874744853213778,751,4,1,0,0,-1,0.0,0.0,2025-Jan-30-22:15:37.864280
0.9053633749819754,752,0,1,0,-1,0,0.0,0.0,2025-Jan-30-22:15:37.902849
1.532803050623543,753,0,1,1,1,0,1.9,0.0,2025-Jan-30-22:15:37.942763
0.874744833678488,754,5,1,0,0,1,0.0,1.9,2025-Jan-30-22:15:37.974388
0.8747448491733278,755,0,1,0,0,0,0.0,0.0,2025-Jan-30-22:15:38.004758
0.8747448488829315,756,1,1,0,0,0,0.0,0.0,2025-Jan-30-22:15:38.034922
1.530986996195459,757,7,1,0,0,-1,0.0,0.0,2025-Jan-30-22:15:38.071349
0.8228017701138315,758,1,1,0,1,0,1.9,0.0,2025-Jan-30-22:15:38.110494
0.8228001969510481,759,4,1,0,1,1,0.9,0.6,2025-Jan-30-22:15:38.152894
0.8747448529233814,760,5,1,0,0,-1,0.0,0.0,2025-Jan-30-22:15:38.181344
0.8215860864733557,761,1,1,0,0,1,0.0,1.8,2025-Jan-30-22:15:38.233206
0.8747448491733278,762,0,1,0,0,0,0.0,0.0,2025-Jan-30-22:15:38.265713
0.8747448529233814,763,5,1,0,0,-1,0.0,0.0,2025-Jan-30-22:15:38.301530
1.5328022678000706,764,0,1,1,1,0,1.4,0.0,2025-Jan-30-22:15:38.351925
0.8215860907385734,765,3,1,0,-1,1,0.0,1.8,2025-Jan-30-22:15:38.404759
1.5847019540919232,766,5,1,1,0,0,0.0,0.0,2025-Jan-30-22:15:38.439346
0.888951247603421,767,0,1,0,-1,1,0.0,0.1,2025-Jan-30-22:15:38.477204
1.5847019539472484,768,1,1,1,0,0,0.0,0.0,2025-Jan-30-22:15:38.512598
0.8747448491733278,769,0,1,0,0,0,0.0,0.0,2025-Jan-30-22:15:38.551672
0.8215848914896952,770,3,1,0,-1,1,0.0,1.9,2025-Jan-30-22:15:38.626039
1.6153646554507612,771,4,1,1,-1,0,0.0,0.0,2025-Jan-30-22:15:38.732418
1.5847019540919232,772,5,1,1,0,0,0.0,0.0,2025-Jan-30-22:15:38.786885
0.8747448491733278,773,0,1,0,0,0,0.0,0.0,2025-Jan-30-22:15:38.824411
1.5315969928831574,774,2,1,1,0,1,0.0,1.0,2025-Jan-30-22:15:38.873970
0.8747448491731491,775,3,1,0,0,0,0.0,0.0,2025-Jan-30-22:15:38.905006
0.9053633598677544,776,5,1,0,-1,1,0.0,0.9,2025-Jan-30-22:15:38.950429
0.8747448491731491,777,3,1,0,0,0,0.0,0.0,2025-Jan-30-22:15:38.985137
0.9053633749819754,778,0,1,0,-1,0,0.0,0.0,2025-Jan-30-22:15:39.021056
0.8747448494635456,779,4,1,0,0,0,0.0,0.0,2025-Jan-30-22:15:39.050901
0.8215860867794186,780,0,1,0,0,1,0.0,1.8,2025-Jan-30-22:15:39.096641
0.8747448491733278,781,0,1,0,0,0,0.0,0.0,2025-Jan-30-22:15:39.135641
0.9041586496325047,782,3,1,0,-1,-1,0.0,0.0,2025-Jan-30-22:15:39.177768
0.8215932998667367,783,0,1,0,0,1,0.0,1.2,2025-Jan-30-22:15:39.279977
0.8215993367457423,784,0,1,0,0,1,0.0,0.7,2025-Jan-30-22:15:39.330024
0.8747448491733278,785,0,1,0,0,0,0.0,0.0,2025-Jan-30-22:15:39.359583
0.8747448491731491,786,5,1,0,0,0,0.0,0.0,2025-Jan-30-22:15:39.390018
0.905363378617938,787,5,1,0,-1,-1,0.0,0.0,2025-Jan-30-22:15:39.426307
0.8747448491733278,788,0,1,0,0,0,0.0,0.0,2025-Jan-30-22:15:39.455083
0.8747448491733278,789,0,1,0,0,0,0.0,0.0,2025-Jan-30-22:15:39.487076
0.8215848872244257,790,1,1,0,0,1,0.0,1.9,2025-Jan-30-22:15:39.526891
1.7847013093191502,791,8,1,0,1,1,0.1,1.4,2025-Jan-30-22:15:39.563790
0.8747448491733278,792,0,1,0,0,0,0.0,0.0,2025-Jan-30-22:15:39.636874
1.5847019540919232,793,5,1,1,0,0,0.0,0.0,2025-Jan-30-22:15:39.714465
1.5328022681056201,794,4,1,1,1,0,1.4,0.0,2025-Jan-30-22:15:39.777248
0.8747448494635457,795,2,1,0,0,0,0.0,0.0,2025-Jan-30-22:15:39.807692
0.8215908916516531,796,0,1,0,0,1,0.0,1.4,2025-Jan-30-22:15:39.849918
0.7696510717141185,797,1,1,0,1,1,1.4,1.3,2025-Jan-30-22:15:39.896569
1.5847461296567011,798,2,1,1,0,0,0.0,0.0,2025-Jan-30-22:15:39.926113
0.821584887530485,799,0,1,0,0,1,0.0,1.9,2025-Jan-30-22:15:39.968818
0.8747448494635457,800,2,1,0,0,0,0.0,0.0,2025-Jan-30-22:15:39.995818
0.8747448491733278,801,0,1,0,0,0,0.0,0.0,2025-Jan-30-22:15:40.024846
0.9053633598187821,802,4,1,0,-1,1,0.0,1.3,2025-Jan-30-22:15:40.069215
1.532803050623543,803,0,1,1,1,0,1.9,0.0,2025-Jan-30-22:15:40.109613
0.874744833678488,804,5,1,0,0,1,0.0,1.9,2025-Jan-30-22:15:40.146317
0.8747448491733278,805,0,1,0,0,0,0.0,0.0,2025-Jan-30-22:15:40.175851
0.8747448488829315,806,1,1,0,0,0,0.0,0.0,2025-Jan-30-22:15:40.207190
0.8747448529233814,807,5,1,0,0,-1,0.0,0.0,2025-Jan-30-22:15:40.238914
1.7847012880316473,808,6,1,0,1,0,1.8,0.0,2025-Jan-30-22:15:40.270223
0.822800056905971,809,4,1,0,1,0,0.8,0.0,2025-Jan-30-22:15:40.307925
0.874744853213778,810,4,1,0,0,-1,0.0,0.0,2025-Jan-30-22:15:40.337530
0.8215848872244257,811,1,1,0,0,1,0.0,1.9,2025-Jan-30-22:15:40.381495
0.9053633749819754,812,0,1,0,-1,0,0.0,0.0,2025-Jan-30-22:15:40.417228
0.8747448491731491,813,5,1,0,0,0,0.0,0.0,2025-Jan-30-22:15:40.445963
1.5327532849047962,814,1,1,1,1,0,1.9,0.0,2025-Jan-30-22:15:40.485827
0.8215860864733557,815,1,1,0,0,1,0.0,1.8,2025-Jan-30-22:15:40.527194
0.8747448491731491,816,3,1,0,0,0,0.0,0.0,2025-Jan-30-22:15:40.557044
0.8522112478975696,817,0,1,0,-1,1,0.0,1.5,2025-Jan-30-22:15:40.655813
0.8254720853350079,818,1,1,0,0,1,0.0,0.3,2025-Jan-30-22:15:40.732871
0.8747448491733278,819,0,1,0,0,0,0.0,0.0,2025-Jan-30-22:15:40.772792
0.821584887530485,820,0,1,0,0,1,0.0,1.9,2025-Jan-30-22:15:40.812862
1.532803050623543,821,0,1,1,1,0,1.9,0.0,2025-Jan-30-22:15:40.852565
1.5847019373689237,822,5,1,1,0,1,0.0,1.1,2025-Jan-30-22:15:40.883570
0.8747448338469852,823,5,1,0,0,1,0.0,1.0,2025-Jan-30-22:15:40.913866
1.5847461142070294,824,2,1,1,1,0,1.4,0.0,2025-Jan-30-22:15:40.942914
0.8747448488829315,825,1,1,0,0,0,0.0,0.0,2025-Jan-30-22:15:40.970009
0.8747448337503292,826,5,1,0,0,1,0.0,0.9,2025-Jan-30-22:15:41.003275
0.8747448488829315,827,1,1,0,0,0,0.0,0.0,2025-Jan-30-22:15:41.029285
0.8747448338629487,828,3,1,0,1,0,0.1,0.0,2025-Jan-30-22:15:41.115017
0.8747448494635456,829,4,1,0,0,0,0.0,0.0,2025-Jan-30-22:15:41.143031
0.8747448341656383,830,3,1,0,1,0,1.6,0.0,2025-Jan-30-22:15:41.176497
0.8522059264903825,831,1,1,0,-1,1,0.0,1.9,2025-Jan-30-22:15:41.234679
1.7847012890693392,832,6,1,0,0,1,0.0,1.6,2025-Jan-30-22:15:41.269861
0.8215932995606529,833,1,1,0,0,1,0.0,1.2,2025-Jan-30-22:15:41.310893
0.8215848872244257,834,1,1,0,0,1,0.0,1.9,2025-Jan-30-22:15:41.351761
0.8215848872244257,835,1,1,0,0,1,0.0,1.9,2025-Jan-30-22:15:41.396755
0.8215848872244257,836,1,1,0,0,1,0.0,1.9,2025-Jan-30-22:15:41.436139
0.8215872895604199,837,3,1,0,-1,1,0.0,1.7,2025-Jan-30-22:15:41.477315
0.8747448491733278,838,0,1,0,0,0,0.0,0.0,2025-Jan-30-22:15:41.507171
0.9041586459923068,839,3,1,0,0,-1,0.0,0.0,2025-Jan-30-22:15:41.542810
0.8215848872244257,840,1,1,0,0,1,0.0,1.9,2025-Jan-30-22:15:41.593112
0.8747448491733278,841,0,1,0,0,0,0.0,0.0,2025-Jan-30-22:15:41.679990
0.8747448491733278,842,0,1,0,0,0,0.0,0.0,2025-Jan-30-22:15:41.760377
1.584746129656701,843,4,1,1,0,0,0.0,0.0,2025-Jan-30-22:15:41.791052
0.9053633752635563,844,4,1,0,-1,0,0.0,0.0,2025-Jan-30-22:15:41.825170
0.8215896882838103,845,0,1,0,0,1,0.0,1.5,2025-Jan-30-22:15:41.878364
0.8215908916516531,846,0,1,0,0,1,0.0,1.4,2025-Jan-30-22:15:41.921161
0.7887793807942503,847,0,1,0,1,1,0.2,0.9,2025-Jan-30-22:15:41.960906
0.8215969188557032,848,1,1,0,0,1,0.0,0.9,2025-Jan-30-22:15:42.003883
0.874744833678488,849,5,1,0,0,1,0.0,1.9,2025-Jan-30-22:15:42.032658
0.8215872859071498,850,2,1,0,0,1,0.0,1.7,2025-Jan-30-22:15:42.070116
0.8747448488829315,851,1,1,0,0,0,0.0,0.0,2025-Jan-30-22:15:42.097078
0.9053633598187821,852,4,1,0,-1,1,0.0,1.3,2025-Jan-30-22:15:42.138520
0.8747448494635457,853,2,1,0,0,0,0.0,0.0,2025-Jan-30-22:15:42.165483
1.584701955935984,854,5,1,1,0,-1,0.0,0.0,2025-Jan-30-22:15:42.192585
0.8747448491733278,855,0,1,0,0,0,0.0,0.0,2025-Jan-30-22:15:42.220713
0.8747448494635457,856,2,1,0,0,0,0.0,0.0,2025-Jan-30-22:15:42.251094
0.8747448529233814,857,5,1,0,0,-1,0.0,0.0,2025-Jan-30-22:15:42.286438
0.8228017701138315,858,1,1,0,1,0,1.9,0.0,2025-Jan-30-22:15:42.327574
0.8747448342390317,859,2,1,0,1,0,0.7,0.0,2025-Jan-30-22:15:42.360668
0.8881494605956468,860,0,1,0,0,-1,0.0,0.0,2025-Jan-30-22:15:42.398774
0.8747448488829315,861,1,1,0,0,0,0.0,0.0,2025-Jan-30-22:15:42.446375
0.8747448491733278,862,0,1,0,0,0,0.0,0.0,2025-Jan-30-22:15:42.487896
1.5309869961954488,863,6,1,0,0,-1,0.0,0.0,2025-Jan-30-22:15:42.536024
0.8215848872244257,864,1,1,0,0,1,0.0,1.9,2025-Jan-30-22:15:42.591470
0.8747448491733278,865,0,1,0,0,0,0.0,0.0,2025-Jan-30-22:15:42.673305
0.8747448491731491,866,3,1,0,0,0,0.0,0.0,2025-Jan-30-22:15:42.757747
0.8522059267878213,867,0,1,0,-1,1,0.0,1.9,2025-Jan-30-22:15:42.816583
0.8747448488829315,868,1,1,0,0,0,0.0,0.0,2025-Jan-30-22:15:42.848158
0.8228008303974108,869,0,1,0,1,0,1.3,0.0,2025-Jan-30-22:15:42.886528
0.821584887530485,870,0,1,0,0,1,0.0,1.9,2025-Jan-30-22:15:42.931122
1.584701937570501,871,5,1,1,0,1,0.0,1.4,2025-Jan-30-22:15:42.974863
1.5315957850893844,872,2,1,1,0,1,0.0,1.1,2025-Jan-30-22:15:43.019758
1.584701955935984,873,5,1,1,0,-1,0.0,0.0,2025-Jan-30-22:15:43.057482
1.5315909687938043,874,2,1,1,0,1,0.0,1.5,2025-Jan-30-22:15:43.098109
0.8747448488829315,875,1,1,0,0,0,0.0,0.0,2025-Jan-30-22:15:43.133810
0.874744833678488,876,5,1,0,0,1,0.0,1.9,2025-Jan-30-22:15:43.164255
0.8747448488829315,877,1,1,0,0,0,0.0,0.0,2025-Jan-30-22:15:43.193566
0.8747448491733278,878,0,1,0,0,0,0.0,0.0,2025-Jan-30-22:15:43.222797
0.8215969188557032,879,1,1,0,0,1,0.0,0.9,2025-Jan-30-22:15:43.267203
0.821584887530485,880,0,1,0,0,1,0.0,1.9,2025-Jan-30-22:15:43.315159
0.8216017584431506,881,1,1,0,0,1,0.0,0.5,2025-Jan-30-22:15:43.406325
0.9041586311645657,882,2,1,0,1,-1,1.5,0.0,2025-Jan-30-22:15:43.444862
0.8215848872244257,883,1,1,0,0,1,0.0,1.9,2025-Jan-30-22:15:43.488876
0.8215848872244257,884,1,1,0,0,1,0.0,1.9,2025-Jan-30-22:15:43.527909
0.8747448491733278,885,0,1,0,0,0,0.0,0.0,2025-Jan-30-22:15:43.554420
0.821584887530485,886,0,1,0,0,1,0.0,1.9,2025-Jan-30-22:15:43.611069
0.8215872898664861,887,2,1,0,-1,1,0.0,1.7,2025-Jan-30-22:15:43.705508
0.8747448491733278,888,0,1,0,0,0,0.0,0.0,2025-Jan-30-22:15:43.761941
0.8747448491733278,889,0,1,0,0,0,0.0,0.0,2025-Jan-30-22:15:43.794953
0.8215848872244257,890,1,1,0,0,1,0.0,1.9,2025-Jan-30-22:15:43.843021
0.8747448491733278,891,0,1,0,0,0,0.0,0.0,2025-Jan-30-22:15:43.870985
0.8747448339688846,892,4,1,0,0,1,0.0,1.9,2025-Jan-30-22:15:43.903483
1.5981507407667987,893,0,1,1,0,-1,0.0,0.0,2025-Jan-30-22:15:43.938448
0.9053633752635563,894,4,1,0,-1,0,0.0,0.0,2025-Jan-30-22:15:43.978439
0.821584887530485,895,0,1,0,0,1,0.0,1.9,2025-Jan-30-22:15:44.027105
0.8215908916516531,896,0,1,0,0,1,0.0,1.4,2025-Jan-30-22:15:44.065182
0.822799442189167,897,1,1,0,1,0,0.4,0.0,2025-Jan-30-22:15:44.103416
0.8215969188557032,898,1,1,0,0,1,0.0,0.9,2025-Jan-30-22:15:44.142082
0.8881494605956468,899,0,1,0,0,-1,0.0,0.0,2025-Jan-30-22:15:44.177258
0.8215872859071498,900,2,1,0,0,1,0.0,1.7,2025-Jan-30-22:15:44.217925
0.8228003663113987,901,1,1,0,1,0,1.0,0.0,2025-Jan-30-22:15:44.254774
0.9053633593794262,902,4,1,0,-1,1,0.0,1.4,2025-Jan-30-22:15:44.296861
0.8747448494635457,903,2,1,0,0,0,0.0,0.0,2025-Jan-30-22:15:44.324656
0.874744853213778,904,4,1,0,0,-1,0.0,0.0,2025-Jan-30-22:15:44.351150
0.8215945045793993,905,0,1,0,0,1,0.0,1.1,2025-Jan-30-22:15:44.388152
0.8747448491733278,906,0,1,0,0,0,0.0,0.0,2025-Jan-30-22:15:44.415784
0.8747448340746221,907,5,1,0,0,1,0.0,1.7,2025-Jan-30-22:15:44.447711
0.8747448488829315,908,1,1,0,0,0,0.0,0.0,2025-Jan-30-22:15:44.475981
0.9053633749819754,909,0,1,0,-1,0,0.0,0.0,2025-Jan-30-22:15:44.512207
0.8747448529233814,910,5,1,0,0,-1,0.0,0.0,2025-Jan-30-22:15:44.543039
0.8215848872244257,911,1,1,0,0,1,0.0,1.9,2025-Jan-30-22:15:44.599669
0.9053633747002237,912,1,1,0,-1,0,0.0,0.0,2025-Jan-30-22:15:44.682261
0.8215848878363071,913,2,1,0,0,1,0.0,1.9,2025-Jan-30-22:15:44.755676
0.8522059264903825,914,1,1,0,-1,1,0.0,1.9,2025-Jan-30-22:15:44.813392
0.8215860864733557,915,1,1,0,0,1,0.0,1.8,2025-Jan-30-22:15:44.855225
0.8747448339658599,916,3,1,0,1,0,0.6,0.0,2025-Jan-30-22:15:44.883346
0.8522059267878213,917,0,1,0,-1,1,0.0,1.9,2025-Jan-30-22:15:44.931313
0.8747448488829315,918,1,1,0,0,0,0.0,0.0,2025-Jan-30-22:15:44.960175
0.8228009875961496,919,0,1,0,1,0,1.4,0.0,2025-Jan-30-22:15:45.051419
0.821584887530485,920,0,1,0,0,1,0.0,1.9,2025-Jan-30-22:15:45.089405
0.821584887530485,921,0,1,0,0,1,0.0,1.9,2025-Jan-30-22:15:45.130670
0.8215848878363071,922,2,1,0,0,1,0.0,1.9,2025-Jan-30-22:15:45.173839
0.874744833678488,923,5,1,0,0,1,0.0,1.9,2025-Jan-30-22:15:45.205100
0.8747448532137795,924,2,1,0,-1,0,0.0,0.0,2025-Jan-30-22:15:45.233462
0.8747448488829315,925,1,1,0,0,0,0.0,0.0,2025-Jan-30-22:15:45.265283
0.8747448529233814,926,5,1,0,0,-1,0.0,0.0,2025-Jan-30-22:15:45.295161
0.8215896882835731,927,3,1,0,0,1,0.0,1.5,2025-Jan-30-22:15:45.335846
1.5683372911337885,928,0,1,1,1,0,0.1,0.0,2025-Jan-30-22:15:45.370630
0.8215848872244257,929,1,1,0,0,1,0.0,1.9,2025-Jan-30-22:15:45.415974
0.7696411421066351,930,0,1,0,1,1,0.7,1.9,2025-Jan-30-22:15:45.469859
0.8216017584431506,931,1,1,0,0,1,0.0,0.5,2025-Jan-30-22:15:45.509261
0.8747448529233814,932,5,1,0,0,-1,0.0,0.0,2025-Jan-30-22:15:45.536604
0.874744833678488,933,5,1,0,0,1,0.0,1.9,2025-Jan-30-22:15:45.577942
0.7696431251976058,934,1,1,0,1,1,1.3,1.9,2025-Jan-30-22:15:45.692241
0.821584887530485,935,0,1,0,0,1,0.0,1.9,2025-Jan-30-22:15:45.777217
0.8215981269817364,936,1,1,0,0,1,0.0,0.8,2025-Jan-30-22:15:45.816576
0.852207313461493,937,1,1,0,-1,1,0.0,1.8,2025-Jan-30-22:15:45.863745
0.8747448491733278,938,0,1,0,0,0,0.0,0.0,2025-Jan-30-22:15:45.892716
0.8747448491733278,939,0,1,0,0,0,0.0,0.0,2025-Jan-30-22:15:45.925014
0.7696401630307209,940,1,1,0,1,1,0.4,1.9,2025-Jan-30-22:15:45.972512
0.8747448491733278,941,0,1,0,0,0,0.0,0.0,2025-Jan-30-22:15:46.001365
0.821584887530485,942,0,1,0,0,1,0.0,1.9,2025-Jan-30-22:15:46.040951
1.5847019540919232,943,5,1,1,0,0,0.0,0.0,2025-Jan-30-22:15:46.068104
0.8747448494635457,944,2,1,0,0,0,0.0,0.0,2025-Jan-30-22:15:46.098489
0.821584887530485,945,0,1,0,0,1,0.0,1.9,2025-Jan-30-22:15:46.138018
0.8747448491733278,946,0,1,0,0,0,0.0,0.0,2025-Jan-30-22:15:46.165802
0.8215920935669413,947,1,1,0,0,1,0.0,1.3,2025-Jan-30-22:15:46.207745
0.8215969188557032,948,1,1,0,0,1,0.0,0.9,2025-Jan-30-22:15:46.245990
0.8215848878363071,949,2,1,0,0,1,0.0,1.9,2025-Jan-30-22:15:46.284338
0.8747448491733278,950,0,1,0,0,0,0.0,0.0,2025-Jan-30-22:15:46.315723
0.8215957123731745,951,0,1,0,0,1,0.0,1.0,2025-Jan-30-22:15:46.499134
0.8228000411276498,952,4,1,0,1,1,0.8,1.4,2025-Jan-30-22:15:46.677392
0.8747448494635457,953,2,1,0,0,0,0.0,0.0,2025-Jan-30-22:15:46.744859
0.8215848732296496,954,2,1,0,1,1,0.2,1.9,2025-Jan-30-22:15:46.787225
0.8215945045793993,955,0,1,0,0,1,0.0,1.1,2025-Jan-30-22:15:46.828113
0.8216029711786883,956,0,1,0,0,1,0.0,0.4,2025-Jan-30-22:15:46.875560
0.8583359957735865,957,4,1,0,1,1,0.1,1.9,2025-Jan-30-22:15:46.906707
0.9041586457104427,958,1,1,0,0,-1,0.0,0.0,2025-Jan-30-22:15:46.949461
0.8747448494635456,959,4,1,0,0,0,0.0,0.0,2025-Jan-30-22:15:46.986347
0.8747448529233814,960,5,1,0,0,-1,0.0,0.0,2025-Jan-30-22:15:47.022358
0.874744853213778,961,4,1,0,0,-1,0.0,0.0,2025-Jan-30-22:15:47.057433
0.8522116704077509,962,0,1,0,1,-1,1.3,0.0,2025-Jan-30-22:15:47.110910
0.8215848917957547,963,2,1,0,-1,1,0.0,1.9,2025-Jan-30-22:15:47.148887
1.5309869961954488,964,6,1,0,0,-1,0.0,0.0,2025-Jan-30-22:15:47.187612
0.8215860867794186,965,0,1,0,0,1,0.0,1.8,2025-Jan-30-22:15:47.227605
0.9053633749819754,966,0,1,0,-1,0,0.0,0.0,2025-Jan-30-22:15:47.261172
0.8522059267878213,967,0,1,0,-1,1,0.0,1.9,2025-Jan-30-22:15:47.306654
0.8216017584431506,968,1,1,0,0,1,0.0,0.5,2025-Jan-30-22:15:47.344491
0.8228003663113987,969,1,1,0,1,0,1.0,0.0,2025-Jan-30-22:15:47.383181
0.821584887530485,970,0,1,0,0,1,0.0,1.9,2025-Jan-30-22:15:47.429013
0.821584887530485,971,0,1,0,0,1,0.0,1.9,2025-Jan-30-22:15:47.471571
0.888149460778483,972,2,1,0,0,-1,0.0,0.0,2025-Jan-30-22:15:47.564394
0.874744833678488,973,5,1,0,0,1,0.0,1.9,2025-Jan-30-22:15:47.638515
0.874744834217335,974,2,1,0,1,0,0.2,0.0,2025-Jan-30-22:15:47.718876
0.8747448488829315,975,1,1,0,0,0,0.0,0.0,2025-Jan-30-22:15:47.781109
0.8747448529233814,976,5,1,0,0,-1,0.0,0.0,2025-Jan-30-22:15:47.813520
0.7696462608915413,977,0,1,0,1,1,0.8,1.5,2025-Jan-30-22:15:47.858364
0.8227999025777923,978,0,1,0,1,0,0.7,0.0,2025-Jan-30-22:15:47.896398
0.8216029708725762,979,1,1,0,0,1,0.0,0.4,2025-Jan-30-22:15:47.934220
0.8881494605956468,980,0,1,0,0,-1,0.0,0.0,2025-Jan-30-22:15:47.968105
0.8522137298216405,981,1,1,0,-1,1,0.0,1.3,2025-Jan-30-22:15:48.013405
0.8747448529233814,982,5,1,0,0,-1,0.0,0.0,2025-Jan-30-22:15:48.042441
0.8522059264903825,983,1,1,0,-1,1,0.0,1.9,2025-Jan-30-22:15:48.086957
0.9053633600614603,984,4,1,0,-1,1,0.0,1.9,2025-Jan-30-22:15:48.128490
0.9041586459923068,985,3,1,0,0,-1,0.0,0.0,2025-Jan-30-22:15:48.163297
0.8747448488829315,986,1,1,0,0,0,0.0,0.0,2025-Jan-30-22:15:48.191211
0.8216005514215816,987,3,1,0,-1,1,0.0,0.6,2025-Jan-30-22:15:48.230113
0.8215993370516068,988,2,1,0,0,1,0.0,0.7,2025-Jan-30-22:15:48.268036
0.8747448491733278,989,0,1,0,0,0,0.0,0.0,2025-Jan-30-22:15:48.301114
0.8522121135940119,990,1,1,0,1,-1,0.7,0.0,2025-Jan-30-22:15:48.351824
0.8747448491733278,991,0,1,0,0,0,0.0,0.0,2025-Jan-30-22:15:48.379820
0.8215920938730216,992,0,1,0,0,1,0.0,1.3,2025-Jan-30-22:15:48.416648
1.5847019540919232,993,5,1,1,0,0,0.0,0.0,2025-Jan-30-22:15:48.445573
0.8747448488829315,994,1,1,0,0,0,0.0,0.0,2025-Jan-30-22:15:48.474881
0.8522059267878213,995,0,1,0,-1,1,0.0,1.9,2025-Jan-30-22:15:48.520967
0.8522124986654672,996,0,1,0,-1,1,0.0,1.4,2025-Jan-30-22:15:48.571358
0.7696496462747793,997,1,1,0,1,1,1.1,1.3,2025-Jan-30-22:15:48.677583
0.8215969188557032,998,1,1,0,0,1,0.0,0.9,2025-Jan-30-22:15:48.752574
0.821584887530485,999,0,1,0,0,1,0.0,1.9,2025-Jan-30-22:15:48.790076
0.888149460778483,1000,2,1,0,0,-1,0.0,0.0,2025-Jan-30-22:15:48.829499
0.8522112273935721,1001,0,1,0,1,-1,1.9,0.0,2025-Jan-30-22:15:48.877064
0.8228017560745648,1002,4,1,0,1,1,1.9,1.9,2025-Jan-30-22:15:48.927124
0.8747448494635457,1003,2,1,0,0,0,0.0,0.0,2025-Jan-30-22:15:48.957824
0.8215848732296496,1004,2,1,0,1,1,0.2,1.9,2025-Jan-30-22:15:48.996608
0.7696543785699239,1005,0,1,0,1,1,1.5,1.1,2025-Jan-30-22:15:49.047815
0.8216029711786883,1006,0,1,0,0,1,0.0,0.4,2025-Jan-30-22:15:49.091674
0.9053633593794262,1007,4,1,0,-1,1,0.0,1.4,2025-Jan-30-22:15:49.133225
0.7696536871794013,1008,1,1,0,1,1,1.9,1.3,2025-Jan-30-22:15:49.182822
0.7696483353506772,1009,0,1,0,1,1,0.7,1.3,2025-Jan-30-22:15:49.235059
0.8881494605956468,1010,0,1,0,0,-1,0.0,0.0,2025-Jan-30-22:15:49.268319
0.8215848872244257,1011,1,1,0,0,1,0.0,1.9,2025-Jan-30-22:15:49.311106
0.8228005202542494,1012,0,1,0,1,0,1.1,0.0,2025-Jan-30-22:15:49.348211
0.8215860870852443,1013,2,1,0,0,1,0.0,1.8,2025-Jan-30-22:15:49.387053
0.8522059267878213,1014,0,1,0,-1,1,0.0,1.9,2025-Jan-30-22:15:49.435419
0.9193881525555189,1015,1,1,0,-1,-1,0.0,0.0,2025-Jan-30-22:15:49.477987
0.8747448336784889,1016,3,1,0,1,0,1.9,0.0,2025-Jan-30-22:15:49.517831
0.7696427939049215,1017,0,1,0,1,1,1.2,1.9,2025-Jan-30-22:15:49.584230
0.8216017587492593,1018,0,1,0,0,1,0.0,0.5,2025-Jan-30-22:15:49.668234
0.8228003663113987,1019,1,1,0,1,0,1.0,0.0,2025-Jan-30-22:15:49.746612
0.9347793000872058,1020,0,1,0,-1,-1,0.0,0.0,2025-Jan-30-22:15:49.786248
0.8522059267878213,1021,0,1,0,-1,1,0.0,1.9,2025-Jan-30-22:15:49.882863
0.8216005471569722,1022,1,1,0,0,1,0.0,0.6,2025-Jan-30-22:15:49.929057
0.7696448089779953,1023,0,1,0,1,1,1.8,1.9,2025-Jan-30-22:15:49.977408
0.8216029564756611,1024,2,1,0,1,1,0.2,0.4,2025-Jan-30-22:15:50.018040
0.8747448491733278,1025,0,1,0,0,0,0.0,0.0,2025-Jan-30-22:15:50.046372
0.821584887530485,1026,0,1,0,0,1,0.0,1.9,2025-Jan-30-22:15:50.082296
0.7696510594174382,1027,0,1,0,1,1,1.9,1.5,2025-Jan-30-22:15:50.130067
0.9053633749819754,1028,0,1,0,-1,0,0.0,0.0,2025-Jan-30-22:15:50.163997
0.821584887530485,1029,0,1,0,0,1,0.0,1.9,2025-Jan-30-22:15:50.201907
0.7696507426973167,1030,0,1,0,1,1,0.7,1.1,2025-Jan-30-22:15:50.251555
0.8216017584431506,1031,1,1,0,0,1,0.0,0.5,2025-Jan-30-22:15:50.293687
0.8747448529233814,1032,5,1,0,0,-1,0.0,0.0,2025-Jan-30-22:15:50.321721
0.8215848872244257,1033,1,1,0,0,1,0.0,1.9,2025-Jan-30-22:15:50.362698
0.9041586305495757,1034,3,1,0,1,-1,1.3,0.0,2025-Jan-30-22:15:50.401292
0.8215860867794186,1035,0,1,0,0,1,0.0,1.8,2025-Jan-30-22:15:50.441238
0.7696531963619613,1036,1,1,0,1,1,1.8,1.3,2025-Jan-30-22:15:50.491159
0.8215848728791331,1037,3,1,0,1,1,1.9,1.9,2025-Jan-30-22:15:50.531695
0.8215993370516068,1038,2,1,0,0,1,0.0,0.7,2025-Jan-30-22:15:50.583398
0.8747448491733278,1039,0,1,0,0,0,0.0,0.0,2025-Jan-30-22:15:50.652505
0.8522121875912485,1040,1,1,0,1,-1,0.6,0.0,2025-Jan-30-22:15:50.749142
0.8215848878363071,1041,2,1,0,0,1,0.0,1.9,2025-Jan-30-22:15:50.788360
0.821584887530485,1042,0,1,0,0,1,0.0,1.9,2025-Jan-30-22:15:50.830839
1.5847019540919232,1043,5,1,1,0,0,0.0,0.0,2025-Jan-30-22:15:50.858684
0.8228011426552728,1044,1,1,0,1,0,1.5,0.0,2025-Jan-30-22:15:50.895015
0.821584887530485,1045,0,1,0,0,1,0.0,1.9,2025-Jan-30-22:15:50.935636
0.8215908916516531,1046,0,1,0,0,1,0.0,1.4,2025-Jan-30-22:15:50.974124
0.8215920935669413,1047,1,1,0,0,1,0.0,1.3,2025-Jan-30-22:15:51.022677
0.8215993364396408,1048,1,1,0,0,1,0.0,0.7,2025-Jan-30-22:15:51.063699
0.8215860867794186,1049,0,1,0,0,1,0.0,1.8,2025-Jan-30-22:15:51.102257
0.8522073137589334,1050,0,1,0,-1,1,0.0,1.8,2025-Jan-30-22:15:51.152992
0.8215957123731745,1051,0,1,0,0,1,0.0,1.0,2025-Jan-30-22:15:51.198777
0.9347793000872058,1052,0,1,0,-1,-1,0.0,0.0,2025-Jan-30-22:15:51.253773
0.8747448488829315,1053,1,1,0,0,0,0.0,0.0,2025-Jan-30-22:15:51.282896
0.7887745578249796,1054,0,1,0,1,1,0.2,1.3,2025-Jan-30-22:15:51.327250
0.8228006763124884,1055,0,1,0,1,0,1.2,0.0,2025-Jan-30-22:15:51.365067
0.8747448338629487,1056,3,1,0,1,0,0.1,0.0,2025-Jan-30-22:15:51.403535
0.821584872913661,1057,3,1,0,1,1,0.1,1.9,2025-Jan-30-22:15:51.443763
0.8215848872244257,1058,1,1,0,0,1,0.0,1.9,2025-Jan-30-22:15:51.486915
0.8227999025777923,1059,0,1,0,1,0,0.7,0.0,2025-Jan-30-22:15:51.529232
0.8747448529233814,1060,5,1,0,0,-1,0.0,0.0,2025-Jan-30-22:15:51.558360
0.8215848872244257,1061,1,1,0,0,1,0.0,1.9,2025-Jan-30-22:15:51.617475
0.9053633749819754,1062,0,1,0,-1,0,0.0,0.0,2025-Jan-30-22:15:51.718143
0.8522124983680179,1063,1,1,0,-1,1,0.0,1.4,2025-Jan-30-22:15:51.796227
0.9041586457104427,1064,1,1,0,0,-1,0.0,0.0,2025-Jan-30-22:15:51.831718
0.8215860864733557,1065,1,1,0,0,1,0.0,1.8,2025-Jan-30-22:15:51.871607
0.822799749445887,1066,4,1,0,1,0,0.6,0.0,2025-Jan-30-22:15:51.912779
0.8747448494635457,1067,2,1,0,0,0,0.0,0.0,2025-Jan-30-22:15:51.940958
0.8215860864733557,1068,1,1,0,0,1,0.0,1.8,2025-Jan-30-22:15:51.980560
0.769642129494085,1069,1,1,0,1,1,1.0,1.9,2025-Jan-30-22:15:52.028561
0.821584887530485,1070,0,1,0,0,1,0.0,1.9,2025-Jan-30-22:15:52.068812
0.8522059267878213,1071,0,1,0,-1,1,0.0,1.9,2025-Jan-30-22:15:52.119147
0.8215848878363071,1072,2,1,0,0,1,0.0,1.9,2025-Jan-30-22:15:52.156907
0.8215848917957547,1073,2,1,0,-1,1,0.0,1.9,2025-Jan-30-22:15:52.198378
0.8215872696742482,1074,2,1,0,1,1,1.0,1.7,2025-Jan-30-22:15:52.240551
0.9053633747002237,1075,1,1,0,-1,0,0.0,0.0,2025-Jan-30-22:15:52.275985
0.821584887530485,1076,0,1,0,0,1,0.0,1.9,2025-Jan-30-22:15:52.315154
0.7696414710221001,1077,0,1,0,1,1,0.8,1.9,2025-Jan-30-22:15:52.365765
0.8228017704195789,1078,0,1,0,1,0,1.9,0.0,2025-Jan-30-22:15:52.405006
0.8522073137589334,1079,0,1,0,-1,1,0.0,1.8,2025-Jan-30-22:15:52.450097
0.8051762187849656,1080,0,1,0,1,1,0.1,1.9,2025-Jan-30-22:15:52.486125
0.9053633747002237,1081,1,1,0,-1,0,0.0,0.0,2025-Jan-30-22:15:52.524867
0.7696437953832608,1082,0,1,0,1,1,1.5,1.9,2025-Jan-30-22:15:52.572618
0.8215848878363071,1083,2,1,0,0,1,0.0,1.9,2025-Jan-30-22:15:52.623846
0.7696431251976058,1084,1,1,0,1,1,1.3,1.9,2025-Jan-30-22:15:52.705665
0.8747448488829315,1085,1,1,0,0,0,0.0,0.0,2025-Jan-30-22:15:52.770366
0.7696531963619613,1086,1,1,0,1,1,1.8,1.3,2025-Jan-30-22:15:52.816828
0.8215933038255625,1087,3,1,0,-1,1,0.0,1.2,2025-Jan-30-22:15:52.912999
0.8215993370516068,1088,2,1,0,0,1,0.0,0.7,2025-Jan-30-22:15:52.962912
0.8747448491733278,1089,0,1,0,0,0,0.0,0.0,2025-Jan-30-22:15:53.000249
0.7696401630307209,1090,1,1,0,1,1,0.4,1.9,2025-Jan-30-22:15:53.053043
0.8215848731851925,1091,2,1,0,1,1,1.9,1.9,2025-Jan-30-22:15:53.095443
0.8215860867794186,1092,0,1,0,0,1,0.0,1.8,2025-Jan-30-22:15:53.141920
1.6153224934628456,1093,5,1,1,-1,0,0.0,0.0,2025-Jan-30-22:15:53.177335
0.8228011426552728,1094,1,1,0,1,0,1.5,0.0,2025-Jan-30-22:15:53.218597
0.821584887530485,1095,0,1,0,0,1,0.0,1.9,2025-Jan-30-22:15:53.256235
0.8215908916516531,1096,0,1,0,0,1,0.0,1.4,2025-Jan-30-22:15:53.297491
0.7696489891417904,1097,1,1,0,1,1,0.9,1.3,2025-Jan-30-22:15:53.346609
0.7696516904924596,1098,1,1,0,1,1,1.5,1.3,2025-Jan-30-22:15:53.394112
0.821584887530485,1099,0,1,0,0,1,0.0,1.9,2025-Jan-30-22:15:53.432800
0.8215872859071498,1100,2,1,0,0,1,0.0,1.7,2025-Jan-30-22:15:53.469893
0.7696606277721187,1101,0,1,0,1,1,1.0,0.4,2025-Jan-30-22:15:53.519493
